3000 8978
1 785
1 934
1 1394
1 1699
1 1776
1 1905
1 2867
1 2921
2 161
2 851
2 1823
2 1939
2 2004
2 2075
3 258
3 390
3 516
3 565
3 976
3 1217
4 481
4 499
4 853
4 1061
4 1275
4 1325
4 1649
4 2124
4 2967
5 488
5 1186
5 2741
5 2800
6 613
6 722
6 934
6 1406
6 1628
6 1685
6 2561
6 2616
6 2697
7 326
7 501
7 903
7 1143
7 1215
7 1452
8 282
8 304
8 816
8 1107
8 1530
8 1570
8 1823
8 1958
8 1977
9 385
9 402
9 2560
9 2691
9 2810
10 155
10 184
10 786
10 833
10 899
10 979
10 1903
11 225
11 420
11 480
11 607
11 1502
11 1925
11 2078
12 691
12 717
12 1035
12 1341
12 2269
12 2547
12 2770
12 2969
13 784
13 1029
13 1386
13 1907
13 2154
13 2731
14 249
14 722
14 963
14 2028
14 2548
14 2620
14 2860
15 1129
15 1153
15 1686
15 1734
15 2215
16 327
16 467
16 1055
16 1273
16 1896
16 2872
17 239
17 911
17 969
17 1740
17 1917
17 2978
18 2147
18 2306
18 2429
18 2430
19 127
19 151
19 285
19 302
19 633
19 738
19 823
19 1677
19 2133
19 2389
20 2884
21 1640
21 2619
21 2778
22 158
22 392
22 697
22 783
22 1613
22 2392
22 2466
22 2879
23 1404
23 1730
24 375
24 1407
24 2345
25 115
25 426
25 518
25 1998
25 2669
26 1247
26 1696
26 1853
26 2273
26 2332
26 2455
26 2958
27 59
27 223
27 546
27 801
27 1332
27 1338
27 1778
27 2537
27 2553
28 52
28 1059
28 1579
28 1672
28 1762
28 2038
28 2622
29 280
29 330
29 898
29 2457
29 2771
30 165
30 691
30 1395
30 1793
31 217
31 222
31 674
31 767
31 772
31 1309
31 1649
32 609
32 663
32 806
32 894
32 1647
32 1987
33 94
33 903
33 1448
33 2002
33 2647
33 2871
33 2990
34 423
34 1440
34 1723
35 356
35 477
35 1357
35 2422
35 2454
36 300
36 371
36 430
36 443
36 784
36 1009
36 1638
36 1731
36 2531
37 98
37 1751
37 2811
38 43
38 963
38 1059
38 1549
38 2614
38 2910
38 2999
39 155
39 348
39 2126
39 2201
39 2484
39 2532
39 2891
40 425
40 525
40 1241
40 2161
40 2382
41 608
41 728
41 1040
41 2486
41 2943
42 82
42 1005
42 1510
42 2508
42 2634
43 118
43 487
43 737
43 918
43 1145
43 1684
43 2564
44 848
44 1250
44 1392
44 1433
44 1589
44 2292
45 1582
45 2203
45 2671
46 948
46 1027
46 1552
46 1757
46 2809
46 2817
47 1015
47 1742
47 2168
47 2537
48 758
48 979
48 1075
48 2091
48 2512
49 189
49 1014
49 2326
49 2432
49 2695
50 533
50 1361
50 1647
50 1945
50 2594
51 82
51 314
51 785
51 856
51 956
51 980
51 1796
51 2067
51 2188
51 2503
51 2556
51 2814
52 447
52 675
52 1010
52 1098
52 1228
52 1454
52 2046
52 2085
52 2709
52 2783
53 469
53 650
53 871
53 1821
53 2135
53 2175
53 2800
53 2842
54 1633
54 1974
54 2831
54 2832
55 1156
55 1302
55 1320
56 362
56 389
56 523
56 564
56 1345
56 1680
56 2285
56 2860
57 1365
57 1914
57 1964
57 1971
57 2638
58 540
58 863
58 1352
58 1765
58 2256
58 2587
59 313
59 866
59 1446
59 1871
59 2436
59 2512
59 2538
59 2722
59 2798
60 110
60 187
60 1507
60 1781
60 2174
60 2250
60 2368
60 2371
60 2478
60 2799
61 234
62 79
62 246
62 266
62 381
62 1316
62 2384
63 302
63 1178
63 1604
63 1808
63 1905
63 1996
63 2032
63 2588
63 2835
63 2974
64 1079
64 2951
65 197
65 493
65 800
65 1188
65 1259
65 2241
65 2592
66 186
66 567
66 1114
66 1470
66 2338
66 2798
66 2981
67 201
67 243
67 302
67 798
67 1273
67 1573
67 1592
67 2136
67 2143
67 2186
67 2211
68 249
68 934
68 1506
68 2651
68 2823
69 654
69 1043
69 1931
69 2388
69 2880
70 259
70 911
70 2811
71 223
71 474
71 595
71 729
71 854
71 1386
71 1788
71 1799
71 2693
72 233
72 260
72 732
72 922
72 1130
72 1553
72 2753
73 1442
73 1447
73 1467
73 2549
73 2871
74 376
74 846
74 1159
74 1782
74 1928
74 1979
74 2397
74 2461
74 2466
74 2555
74 2639
74 2973
75 495
75 1166
75 1586
75 2135
75 2861
75 2913
76 550
76 836
76 868
76 1782
76 2796
76 2979
76 2987
77 879
77 1142
77 1736
77 2703
78 449
78 494
78 1137
78 2019
78 2038
79 1246
79 2388
79 2673
81 404
81 930
81 1256
81 2437
81 2520
82 134
82 1015
82 1749
82 2213
83 406
83 460
83 480
83 488
83 621
83 1558
83 1865
83 2047
83 2420
84 1769
84 2149
84 2451
85 273
85 867
85 954
85 2681
86 127
86 389
87 213
87 409
87 623
87 663
87 691
87 693
87 773
87 1769
87 1843
87 2310
87 2654
88 169
88 656
88 810
88 1408
88 1536
88 2440
88 2443
88 2728
89 1475
89 1591
89 1599
89 1911
89 2510
89 2684
90 170
90 831
90 844
90 2046
91 459
91 669
91 1241
91 1363
91 1965
91 2206
92 490
92 595
92 1257
92 1317
92 2011
92 2087
92 2576
93 432
93 444
93 541
93 960
93 1875
94 1013
94 1075
94 1450
94 2692
95 525
95 1805
95 2164
95 2467
96 868
96 1164
96 1422
96 1581
96 2439
96 2634
97 1417
97 2467
97 2738
98 382
98 984
98 2888
99 461
99 586
99 845
99 1558
100 1567
100 1921
100 2085
100 2202
100 2445
100 2474
100 2587
101 338
101 365
101 744
101 779
101 829
101 1163
101 1197
101 1949
101 2133
101 2683
101 2849
102 186
102 525
102 1476
102 2394
102 2884
103 431
103 1496
103 1943
103 2341
103 2831
104 595
104 2597
104 2802
104 2839
105 647
105 985
105 1030
105 1253
105 1524
105 1609
105 1760
105 2670
106 455
106 1112
106 2304
106 2459
106 2613
106 2995
107 169
107 495
107 660
107 772
107 980
107 1110
107 1890
107 2054
108 162
108 1151
108 2433
108 2551
109 202
109 660
109 1736
109 1757
109 1806
109 1809
109 2885
109 2984
110 319
110 660
110 860
110 953
110 1093
110 1242
110 1263
110 1441
110 1449
110 2610
110 2643
111 251
111 2260
111 2464
111 2570
111 2688
112 464
112 822
112 1210
112 1215
112 1994
113 597
113 820
113 1159
114 586
114 732
114 1621
114 1914
114 2665
114 2674
114 2738
115 415
115 433
115 522
115 955
115 1347
115 1842
115 1882
116 376
116 649
116 1135
116 2326
116 2699
117 382
117 435
117 1125
117 1477
117 1540
117 2259
117 2660
117 2683
118 751
118 790
118 1842
118 2038
119 604
119 804
119 2399
119 2823
120 744
120 1126
120 1549
121 767
121 1452
121 2118
121 2162
121 2497
121 2831
122 176
122 952
122 1011
122 1225
122 2171
123 526
123 818
123 907
123 1466
123 1516
123 2261
123 2287
123 2673
124 1596
124 2349
125 614
125 1493
125 1888
125 2339
125 2600
126 540
126 1506
126 1665
126 2771
127 181
127 290
127 669
127 1536
127 1758
127 2057
127 2164
128 160
128 1029
128 1780
128 2042
128 2285
129 892
129 983
129 1249
129 1630
129 1794
129 2392
130 926
130 1044
130 1646
130 2031
130 2211
130 2314
131 159
131 533
131 1497
131 1744
131 1806
131 1842
131 2382
131 2481
131 2605
132 389
132 449
132 586
132 908
132 1012
132 1040
132 1123
132 1692
132 2956
133 452
133 662
133 2653
133 2858
133 2951
134 1315
134 1436
134 1596
134 2126
134 2770
134 2809
135 676
135 944
135 1105
135 1758
135 2654
135 2655
135 2877
135 2924
136 270
136 1291
136 1588
136 1871
136 2119
136 2220
136 2380
136 2778
137 249
137 1012
137 1414
137 2068
137 2415
137 2477
138 977
138 1916
138 2040
139 218
139 800
139 973
139 1079
139 1990
139 2559
140 1078
140 1606
140 1643
140 2259
140 2283
140 2324
140 2327
140 2677
140 2725
141 738
142 944
142 1779
142 2801
142 2899
143 1289
143 2886
144 331
144 335
144 1059
144 1305
144 1680
144 2040
145 459
145 1931
145 2545
145 2731
146 315
146 372
146 422
146 625
146 994
146 1976
147 431
147 1590
147 1813
148 341
148 1725
148 1730
148 2932
149 498
149 589
149 1249
149 1287
149 1590
149 1860
149 2283
149 2306
149 2646
150 295
150 600
150 622
150 1534
150 1862
150 2315
150 2535
151 243
151 315
151 1112
151 1559
151 1659
151 2092
151 2436
151 2561
151 2698
151 2988
152 423
152 828
152 1065
152 1410
152 1528
152 1795
152 1947
152 2484
153 710
153 1353
153 1810
153 2386
154 1269
154 1867
154 1880
154 2053
154 2924
155 527
155 876
155 1545
155 1738
155 1793
155 2744
155 2830
156 319
156 1217
156 1356
156 1944
156 2369
156 2725
157 457
157 467
157 908
157 2028
157 2169
157 2886
157 2906
157 2973
157 2983
158 973
158 1252
158 1312
158 1992
158 2780
159 194
159 539
159 1328
159 1813
159 1935
159 2116
159 2300
160 458
160 542
160 628
160 972
160 1256
160 1488
160 2515
161 724
161 1282
161 1496
161 1760
161 2471
161 2751
161 2757
162 545
162 1101
162 1285
162 2314
163 266
163 335
163 717
163 910
163 1324
163 1523
163 1698
163 1730
163 1797
163 1881
163 2309
163 2397
163 2977
164 693
164 1489
164 2121
164 2436
165 1440
165 1537
165 1934
165 2931
166 735
166 976
166 1149
166 2575
166 2725
167 415
167 962
167 1142
167 2446
167 2467
168 648
168 748
168 853
168 1025
168 1031
168 1222
168 2424
169 238
169 554
169 1344
169 1396
169 1672
169 2499
169 2865
170 407
170 560
170 933
170 1037
170 1517
170 1534
170 2110
170 2801
171 505
171 869
171 885
171 2394
171 2442
171 2746
172 478
172 493
172 1374
172 2582
173 653
173 944
173 1294
173 1411
173 1508
173 2206
173 2422
173 2840
173 2943
174 366
174 477
174 519
174 872
174 876
174 1715
174 1813
174 2650
174 2879
175 503
175 1255
175 1434
175 2051
175 2486
175 2616
175 2663
175 2667
176 1262
176 1280
176 1770
176 1856
176 2315
176 2458
176 2563
177 415
177 906
177 952
177 965
177 1152
177 1432
177 2219
178 1294
178 2092
179 1018
179 1114
179 1162
179 2286
179 2479
179 2979
180 224
180 333
180 1116
180 2213
180 2291
180 2303
180 2478
181 979
181 1283
181 1635
181 1772
181 2679
181 2836
181 2945
182 536
182 996
182 2650
182 2770
183 465
183 646
183 672
183 1955
183 2396
183 2397
183 2703
184 1545
185 406
185 956
185 1661
185 1730
185 2359
185 2938
186 975
187 966
187 2642
188 247
188 1280
188 1745
188 2337
188 2457
189 635
189 749
189 996
189 1754
189 2034
189 2121
190 233
190 699
190 925
190 1124
190 1295
190 1433
190 2097
190 2183
190 2229
190 2292
190 2412
190 2629
191 698
191 1648
191 2518
192 238
192 1622
192 2808
193 652
193 2383
194 201
194 263
194 484
194 1107
194 2530
195 231
195 318
195 392
195 439
195 628
195 1232
195 2040
196 401
196 837
196 1822
197 1967
197 2045
197 2136
197 2341
198 587
198 816
198 1272
198 1710
198 1841
198 2668
198 2944
199 536
199 912
199 1261
199 1378
200 1308
200 1310
200 1499
200 2752
201 471
201 690
201 811
201 919
201 2122
201 2326
202 217
202 744
202 834
202 1818
202 2151
202 2735
203 547
203 582
203 707
203 911
203 941
203 957
203 2389
204 609
204 1119
204 1315
204 2114
204 2841
205 780
205 1705
205 1891
205 2850
206 907
206 1968
206 2127
206 2725
207 265
207 282
207 428
207 1247
207 1559
207 1741
207 1843
207 2453
208 400
208 1107
208 2872
209 515
209 519
209 998
209 2538
209 2678
209 2801
210 398
210 646
210 1153
210 1370
210 2135
210 2192
210 2922
211 481
211 579
211 947
211 1022
211 1062
211 1753
211 2102
211 2307
211 2694
211 2901
212 599
212 778
212 987
212 1669
212 2242
213 303
213 308
213 677
213 918
213 1095
213 1168
213 2571
214 338
214 643
214 2576
214 2758
214 2832
215 578
215 1534
215 2535
216 1413
216 1721
216 1789
216 2452
216 2883
217 1579
217 1736
217 2164
217 2317
217 2516
218 2607
219 818
219 1071
219 1643
219 1756
219 2045
219 2153
219 2697
219 2901
220 942
220 1321
220 1741
220 2076
220 2415
220 2747
220 2775
221 422
221 623
221 1988
221 2630
222 1098
222 1267
222 1630
222 1707
222 2585
222 2877
223 513
223 540
223 1075
223 1572
223 1971
223 2603
223 2768
224 497
224 804
224 1184
224 1407
224 1778
224 1998
224 2121
224 2230
224 2347
224 2623
225 276
225 444
225 660
225 2904
226 610
226 845
226 1462
226 1787
226 1968
226 2001
226 2155
226 2277
226 2876
227 400
227 621
227 1078
228 652
228 659
228 1542
228 2449
228 2574
229 665
229 1039
229 1113
229 1986
229 2162
229 2948
230 416
230 1043
230 1377
230 2057
231 1430
231 1496
231 2100
231 2889
232 314
232 1009
232 1156
232 1624
232 2820
232 2918
233 309
233 1003
233 1361
233 1545
233 1658
234 395
234 509
234 2056
234 2198
234 2731
235 531
235 713
235 1161
235 1365
235 2112
235 2338
235 2451
235 2686
235 2996
236 304
236 474
236 1476
236 1655
236 1744
236 1804
236 2688
237 1043
237 1087
237 2115
237 2529
237 2546
237 2966
238 243
238 399
238 554
238 1837
238 2565
239 426
239 438
239 849
239 1014
239 1060
239 2571
239 2865
240 328
240 424
240 2214
240 2317
240 2692
240 2862
241 1099
241 1736
241 2608
241 2779
242 938
242 1044
242 1717
242 2119
242 2417
242 2435
243 472
243 735
243 1064
243 1247
243 1523
243 2242
244 347
244 392
244 424
244 681
244 726
244 1060
244 1187
244 1394
244 1398
244 1985
244 2150
244 2703
244 2959
245 594
245 750
245 1248
245 2846
245 2940
246 1664
246 2150
246 2756
246 2781
246 2969
247 1420
247 1638
247 1935
247 2243
248 450
248 813
248 1751
248 2258
248 2347
249 354
249 748
249 908
249 1319
249 1612
249 2768
249 2843
249 2973
250 407
250 878
250 2742
251 799
251 1476
251 1793
251 1849
252 319
252 648
252 707
252 1541
252 1733
252 2810
253 410
253 1341
253 1604
253 1612
253 1962
253 2024
253 2296
253 2592
254 1545
255 754
255 981
255 1348
255 2523
255 2817
256 1269
256 1489
256 2111
257 798
257 1984
257 2116
257 2407
257 2554
257 2826
257 2956
257 2993
258 675
258 942
258 1744
258 1949
258 2127
258 2365
258 2459
259 698
259 1543
259 1635
259 1889
259 2166
259 2788
260 673
260 2378
260 2732
261 1360
261 1362
261 2318
261 2948
262 1232
262 2205
262 2308
262 2633
263 2283
264 764
264 2274
264 2383
264 2724
265 1190
265 1212
265 1940
265 2433
265 2528
266 822
266 1215
266 1761
266 2322
266 2873
266 2912
267 1572
267 1946
267 2137
267 2149
268 672
268 2088
268 2092
268 2347
269 429
269 584
269 1464
269 1588
269 2414
269 2494
269 2508
269 2926
270 1267
270 1873
270 1943
270 1993
271 744
271 863
271 905
271 1159
271 1171
271 1303
271 2435
271 2500
272 455
272 562
272 819
272 1277
272 1542
272 2358
272 2456
272 2742
272 2790
273 801
273 1525
273 1859
273 2012
274 672
274 1052
274 1258
274 1308
274 2497
274 2609
274 2739
275 458
275 1052
275 1094
275 1121
275 1702
275 1880
275 2124
275 2799
276 342
276 631
276 841
276 1644
276 2865
276 2937
277 1698
277 2501
277 2602
277 2623
277 2653
278 816
278 992
278 1127
278 1657
278 2940
279 590
280 2393
280 2505
281 400
281 783
281 1120
281 1450
282 881
282 947
282 2001
282 2342
282 2496
283 373
283 1770
283 1852
283 1922
283 2502
283 2567
283 2837
284 763
284 1405
284 1853
285 395
285 658
285 1582
285 2977
286 851
286 1413
286 2599
286 2620
286 2666
286 2830
287 599
287 948
287 2803
288 713
288 860
288 1172
288 1478
288 1629
288 1702
288 1996
288 2028
288 2217
288 2685
288 2765
289 476
289 493
289 795
289 1010
289 1103
289 1586
289 1984
289 2032
289 2179
289 2892
290 734
290 1161
290 1251
290 1624
290 2334
290 2661
291 407
291 1150
291 1619
291 2912
292 382
292 671
292 689
292 2250
292 2564
292 2572
292 2722
293 517
293 906
293 1094
293 1250
293 1370
293 2212
293 2606
294 923
294 1634
294 1941
294 2063
295 765
295 1056
295 2096
295 2371
296 456
296 494
296 719
296 1276
297 318
297 465
298 582
298 735
298 1009
298 1023
298 1636
298 1726
298 1917
298 2668
298 2699
298 2815
299 303
299 331
299 953
299 2394
300 562
300 972
300 1153
300 1715
300 1783
301 744
301 927
301 1413
301 1445
301 1588
302 510
302 562
302 566
302 1045
302 1237
302 2187
302 2290
302 2347
303 431
303 538
303 638
303 1609
303 1691
303 1848
303 2080
303 2497
303 2756
303 2869
304 985
304 1520
304 1732
304 1825
304 1883
305 1247
305 1687
305 2015
305 2833
306 1754
306 2185
306 2287
307 333
307 1475
307 1549
307 1737
307 2290
307 2521
307 2526
307 2538
307 2767
307 2905
307 2944
308 331
308 400
308 724
308 1016
308 1167
308 1217
308 1462
308 1623
308 2208
309 1124
309 1929
309 2184
309 2649
310 893
310 1217
310 1446
310 2320
310 2444
310 2855
310 2947
311 1198
311 2353
311 2453
311 2482
312 1192
312 1892
312 2542
312 2737
313 901
313 1221
313 1248
313 1338
313 2058
313 2129
313 2315
313 2383
313 2658
314 331
314 828
314 876
314 1231
314 1528
314 1988
314 2936
315 451
315 609
315 850
315 1180
315 1199
316 727
316 818
316 1097
316 1858
316 2385
317 627
317 972
317 1519
317 1590
317 2008
317 2349
317 2452
317 2782
318 320
318 456
318 1344
318 1454
319 1058
319 1252
319 1597
319 1699
319 1979
320 402
320 949
320 991
320 1130
320 1937
320 2077
320 2824
320 2842
321 334
321 570
321 863
321 1015
321 1277
321 1376
321 2181
322 874
322 1156
322 1372
322 2353
323 633
323 833
323 1108
323 1252
323 1423
323 1426
323 1987
323 2571
323 2896
324 353
324 1644
324 2536
324 2913
325 1630
325 2591
325 2696
326 384
326 578
326 754
326 846
326 2716
326 2894
327 1080
327 2331
328 410
328 526
328 537
328 982
328 1219
328 1631
328 2343
328 2493
329 838
329 848
329 1256
329 1286
329 1321
330 516
330 579
330 853
331 777
331 881
331 2011
331 2330
331 2491
332 394
332 1303
332 1673
332 2676
333 1380
333 1524
333 2009
333 2103
333 2199
333 2919
334 1676
334 1875
334 2924
335 1151
335 2647
335 2683
336 611
336 1298
336 1866
336 2867
337 884
337 2798
338 1602
338 1846
338 2226
338 2470
339 607
339 661
339 1437
339 1751
339 2271
339 2290
340 1902
340 2094
340 2709
340 2816
341 423
341 751
341 798
341 1762
341 2866
342 527
342 1095
342 1387
342 2365
342 2812
343 935
343 1565
343 2019
343 2074
344 395
345 746
345 1264
345 2238
345 2297
346 1175
346 1535
346 1637
346 1798
346 2104
346 2159
346 2747
347 962
347 1076
347 2053
347 2743
347 2842
348 547
348 635
348 1058
348 1195
348 1217
348 1304
348 1814
349 601
349 608
349 812
349 875
349 1205
349 1912
349 2008
349 2126
349 2153
349 2154
350 1693
350 2699
350 2806
351 955
351 1320
351 1558
351 2278
352 1634
352 2337
352 2443
352 2551
352 2698
352 2843
352 2849
353 843
353 895
353 1105
353 1187
353 1318
353 1320
353 2290
353 2305
353 2440
353 2621
353 2869
354 392
354 684
354 1332
354 2067
355 444
355 1047
355 1145
355 1353
355 2676
355 2860
356 472
356 1368
356 1474
356 1932
356 2193
356 2462
356 2475
356 2674
356 2777
356 2906
357 946
357 1528
357 2579
358 1293
358 1497
358 1547
358 1880
358 2204
358 2597
359 2185
360 885
360 925
360 1046
360 1172
360 1686
360 2551
360 2866
361 453
361 900
361 1205
361 1905
361 2404
362 1296
362 1922
362 2101
363 416
363 1187
363 1228
363 1673
363 1774
364 1379
364 2304
365 870
365 1010
365 1023
365 1521
365 1631
365 2048
365 2114
366 696
366 2043
366 2163
366 2898
367 917
367 940
367 1471
367 1526
367 2943
368 1185
368 2061
368 2877
368 2962
369 392
369 414
369 602
369 675
369 1177
369 1457
369 1925
369 2312
370 859
370 1234
370 2340
371 1025
371 1322
371 1570
371 1694
371 1716
371 2647
371 2741
371 2871
372 630
372 1907
372 2177
373 915
373 1342
373 1378
373 2058
373 2419
373 2744
374 637
374 730
374 1129
374 1275
374 1859
374 2819
374 2830
374 2834
375 376
375 471
375 530
375 1122
375 1703
376 813
376 985
376 1182
376 1841
376 2102
376 2210
376 2624
376 2748
376 2861
376 2986
377 691
377 1031
377 1787
377 1932
377 2542
378 512
378 668
378 866
378 868
378 1009
378 1179
378 1618
379 485
379 1555
379 1757
379 1772
379 1782
379 1948
379 2098
379 2282
379 2335
380 864
380 981
380 1941
380 1957
381 407
381 870
381 1149
381 1783
381 2088
381 2127
381 2503
381 2953
382 480
382 614
382 1271
382 2116
382 2563
383 750
383 925
383 1403
383 1813
383 1829
383 1990
383 2130
384 411
384 515
384 1407
384 1486
384 1653
384 1681
385 1091
385 1687
385 2082
385 2277
386 770
386 968
386 1097
386 1173
386 1659
386 1947
386 2074
386 2300
386 2416
386 2638
386 2683
387 1984
388 622
388 946
388 1222
388 1414
388 1474
389 938
389 1455
389 1572
389 1743
389 1772
389 1945
389 2505
390 1442
390 1700
390 1961
390 2310
390 2347
390 2373
390 2816
391 604
391 1138
391 1610
391 2104
391 2785
392 444
392 2152
393 967
393 1489
393 1942
393 2030
393 2237
394 544
394 583
394 1373
394 1610
395 1600
395 1694
395 2003
395 2040
396 1452
396 1455
396 1647
396 2292
396 2307
396 2940
397 542
397 673
397 1208
397 2400
397 2815
398 1345
398 1540
398 2026
398 2771
398 2867
399 1025
399 1875
399 1947
399 2482
399 2925
400 933
400 1142
400 1629
400 2171
400 2189
400 2890
401 1576
401 2692
402 454
402 1224
402 1738
402 1749
402 1987
402 2174
402 2218
403 825
403 1155
403 1277
403 1616
403 1975
403 2072
403 2512
403 2536
404 1532
404 2459
405 614
405 1033
405 1090
405 1469
405 1955
406 627
406 1275
406 1994
406 2074
406 2318
406 2723
407 1244
407 1259
408 438
408 2619
408 2947
409 527
409 740
409 1490
409 1628
409 2877
410 842
410 1030
410 1117
410 1176
410 1514
410 1894
410 2093
410 2463
411 460
411 669
411 1018
411 1514
411 2287
412 709
412 2366
413 632
413 1339
413 2422
413 2643
413 2832
414 701
414 954
414 1153
414 1169
414 1665
414 1942
415 441
415 498
415 519
415 1135
415 1275
415 1533
415 2635
415 2757
416 518
416 1809
416 2695
417 1001
417 2091
418 580
419 708
419 1051
419 1070
419 2013
419 2121
420 733
420 1505
420 2461
420 2697
421 713
421 1116
421 1291
421 1632
421 1792
421 2769
422 489
422 1622
422 1696
422 1893
423 814
424 1033
424 2480
425 704
425 928
425 1393
425 1430
425 2409
426 822
426 925
426 1130
426 2064
426 2419
427 487
427 879
427 1787
427 1887
427 2002
427 2219
427 2846
428 472
428 655
428 1039
428 1766
428 1987
428 2425
429 968
429 975
429 2034
429 2675
430 1225
430 1357
430 2061
430 2119
430 2952
431 469
431 751
431 1055
431 2837
432 457
432 570
432 636
432 669
432 1269
432 1382
432 1606
432 1707
432 1832
433 892
433 1216
434 581
434 839
434 1579
434 1614
435 692
435 1106
435 2832
436 452
436 2017
436 2296
437 1425
437 1986
437 2616
438 1615
439 1222
439 1401
439 1685
439 2434
440 1248
441 1340
441 2381
441 2602
441 2953
442 838
442 949
442 1236
442 2346
442 2356
442 2370
443 1198
443 1306
443 1694
443 2288
444 469
444 814
444 906
444 1198
444 1418
444 1742
444 2285
444 2541
445 1091
445 2884
446 2282
446 2719
447 503
447 2437
447 2936
449 498
449 570
449 2186
449 2518
449 2565
450 573
450 584
450 861
450 1055
450 1984
450 2762
451 869
451 1565
451 1740
451 2441
451 2877
452 708
452 1034
452 1175
452 1221
452 1415
452 1487
452 1648
452 1771
452 2066
452 2189
453 531
454 579
454 719
454 918
454 950
454 1196
454 1540
455 894
455 1731
455 2383
455 2644
455 2765
455 2822
456 486
456 1011
456 1590
456 2055
456 2072
456 2749
457 549
457 604
457 891
457 1907
457 2014
457 2084
457 2330
457 2447
457 2813
458 848
458 2054
458 2077
458 2361
459 463
459 864
459 1619
459 1836
459 2029
459 2378
459 2780
459 2895
460 827
460 1022
460 1312
460 2055
460 2701
460 2930
460 2957
461 583
461 1087
461 2096
461 2117
462 1016
462 2042
462 2358
462 2814
463 1409
463 1600
463 1639
463 1827
463 2041
463 2589
463 2940
464 570
464 688
464 720
464 1078
464 1343
464 1634
464 1657
464 1974
464 2096
464 2910
465 508
465 2632
465 2976
466 660
466 2342
467 1441
467 1504
467 1695
467 2282
467 2715
468 848
468 1356
468 1401
468 2675
469 603
469 690
469 791
469 1104
469 1412
469 1917
469 2186
469 2363
469 2499
470 616
470 1452
470 2581
471 651
471 1285
471 1456
471 1553
471 1698
471 1832
471 2041
471 2947
472 925
472 1036
472 1206
472 1844
472 2323
472 2685
472 2726
473 880
473 932
473 1062
473 1347
473 1507
473 1663
473 1855
473 2128
473 2298
473 2352
473 2380
473 2465
474 560
474 1306
474 2280
475 619
475 876
475 2289
475 2381
475 2762
476 1061
476 1296
476 1426
476 2071
476 2422
476 2831
477 938
477 1138
477 1926
477 1944
477 2987
478 1578
478 1641
478 2264
479 590
479 1118
479 2127
479 2149
479 2183
479 2248
479 2503
479 2917
480 692
480 1087
480 1326
480 1473
480 1539
480 1619
480 1692
481 1304
481 2069
481 2796
481 2831
481 2876
482 1085
482 1675
482 2754
483 636
483 780
483 812
483 1620
483 2080
483 2180
483 2230
483 2307
483 2797
483 2975
484 764
484 1016
484 1271
484 2458
484 2976
485 487
485 844
485 1132
485 1452
485 1667
485 1950
485 2061
485 2415
485 2451
486 1537
486 1883
486 1997
486 2920
487 1403
487 1560
487 2053
487 2799
488 878
488 1903
488 2022
489 561
489 706
489 1643
489 1665
489 1934
489 2334
489 2336
489 2851
491 657
491 913
491 933
491 965
491 969
491 2108
491 2172
492 594
492 901
492 903
492 1328
493 805
493 836
493 1128
493 1203
493 1511
493 1749
493 2250
493 2827
494 528
494 1994
494 2751
494 2770
494 2886
495 529
495 666
495 1312
495 1731
495 1786
495 1932
495 2165
496 597
496 916
496 1965
496 2338
496 2371
496 2672
497 502
497 1440
498 613
498 923
498 963
498 1095
498 1432
498 2403
498 2476
498 2611
498 2883
499 1866
499 1882
499 2000
499 2232
499 2625
500 728
500 754
500 1174
500 1271
500 1458
500 2075
500 2184
500 2255
501 658
501 1743
501 2165
501 2221
502 1684
502 2109
502 2135
502 2519
502 2916
503 827
503 1256
503 1633
503 1684
503 1924
504 1097
504 1381
504 1388
504 1459
504 1612
504 2118
504 2714
505 606
505 612
505 1020
505 1079
505 1565
505 2675
506 587
506 1244
506 2250
506 2766
507 853
507 1062
507 1641
507 1851
507 1972
508 1118
508 1311
508 1538
508 2654
509 636
509 1041
509 1209
509 1330
509 1544
509 2563
510 1778
510 1901
511 675
511 1334
511 2140
511 2456
511 2828
512 1380
513 754
513 973
513 983
513 2117
513 2269
513 2825
514 1794
514 2623
515 893
515 927
515 1057
515 1701
515 1858
516 1156
517 1614
517 2265
518 836
518 1002
518 1507
518 1539
518 1628
518 1811
519 1141
519 1199
519 1474
519 1620
519 2741
520 623
520 674
520 1289
520 1648
520 1927
520 2265
520 2339
520 2907
521 1749
521 2239
522 587
522 897
522 1187
522 1394
522 1691
522 2483
523 1604
523 1908
523 2163
523 2289
523 2800
524 731
524 833
524 951
524 2216
524 2340
524 2411
524 2817
525 1123
525 1391
525 1660
525 2196
525 2277
525 2408
526 1745
526 1922
526 1947
526 2159
526 2996
527 731
527 748
527 1439
527 2112
527 2437
527 2741
527 2868
528 1814
528 2777
529 755
529 810
529 1368
529 1549
529 2907
530 952
530 1918
530 1928
530 2428
531 628
531 633
531 1476
532 611
532 864
532 1138
532 2006
533 1498
533 2733
534 858
534 863
534 1583
534 1738
535 1134
535 1515
535 1773
535 1951
535 2414
535 2733
536 1129
536 2063
536 2182
536 2212
536 2900
537 1412
537 1471
537 1979
537 2084
537 2487
538 683
538 1229
538 1796
538 1842
538 1973
538 2681
539 1564
539 2042
539 2290
539 2523
540 853
540 1436
540 1832
541 940
541 1133
541 2743
542 1041
542 1979
542 2845
543 747
543 1004
543 1377
543 1398
543 1610
543 1995
543 2211
543 2607
543 2782
544 1200
544 2494
545 1369
545 1540
545 2262
545 2679
545 2745
545 2806
546 834
546 1593
546 2558
546 2641
546 2736
547 1466
547 1496
547 2133
547 2158
547 2419
547 2507
548 1305
548 2489
548 2608
549 1228
549 1342
549 1364
549 1629
549 1954
550 1159
550 1165
550 1739
550 2847
551 1265
551 1351
551 1519
551 2323
552 1062
552 1121
552 1304
552 2878
553 781
553 1027
553 1848
553 2608
553 2646
554 863
554 1180
554 1641
554 2395
554 2885
555 1333
555 1653
555 1665
555 1868
555 1952
555 2038
555 2331
555 2944
556 559
556 639
556 1318
556 1815
556 2035
556 2093
556 2273
556 2288
556 2664
557 846
557 855
557 2056
557 2722
558 659
558 1436
558 1906
558 2693
558 2821
559 705
559 1325
559 1607
559 1619
559 1914
559 2002
560 1032
560 1242
560 2045
560 2167
560 2326
560 2767
562 1022
562 1038
562 1149
562 1540
562 2530
562 2707
562 2924
563 600
563 763
563 1024
563 1324
563 2737
564 662
564 1602
564 1808
564 2504
565 578
565 970
565 1192
565 1445
565 2163
565 2262
565 2762
566 590
566 637
566 718
566 1198
566 1521
566 1946
566 1949
566 2877
567 1301
567 1501
567 1749
567 1875
567 2181
567 2457
568 1475
568 1554
568 1817
568 1899
568 1916
568 2045
568 2216
568 2348
568 2909
569 1330
569 1723
569 1825
569 1834
569 2608
570 2265
570 2311
571 689
571 1383
571 2632
571 2995
572 990
572 1423
572 1484
572 2106
572 2210
572 2431
572 2878
573 899
573 1426
573 2023
574 1488
574 1893
574 1894
574 2340
574 2889
575 856
575 1654
575 2454
575 2785
576 743
576 2580
577 1455
577 1528
577 1703
577 1797
577 2019
578 1769
578 2629
578 2958
579 1076
579 1985
580 954
580 1465
580 2218
580 2613
580 2654
581 935
581 1086
581 1266
581 1429
582 634
582 744
582 1492
582 1561
582 2259
582 2539
582 2723
582 2766
583 1003
583 1173
583 2836
583 2942
584 983
584 1047
584 1145
584 1266
584 2749
584 2758
585 1140
585 1356
585 1650
585 1815
585 2202
585 2885
586 1195
586 1330
586 1434
586 1595
586 2178
586 2231
586 2432
587 1209
587 1497
587 1872
587 2184
587 2222
587 2449
587 2583
587 2590
587 2691
587 2987
588 1275
588 1871
588 2691
588 2907
589 913
589 2913
590 816
590 2208
590 2209
590 2307
591 750
591 954
591 1074
591 2100
591 2177
591 2905
592 916
592 1364
592 2204
593 1337
593 2126
593 2149
593 2507
593 2946
594 652
594 1404
594 1771
594 2174
594 2843
595 1283
595 1307
595 1506
595 2337
596 1054
596 1237
596 2655
598 1336
598 1447
598 1988
598 2870
600 660
600 1062
600 1262
600 1499
600 1583
600 2181
600 2370
601 1307
601 2114
601 2195
601 2377
602 1339
602 1890
603 907
603 1584
603 1945
603 2518
603 2569
603 2684
604 703
604 1321
604 1830
604 1852
604 1930
604 2206
604 2351
604 2933
604 2992
605 1677
605 1803
605 1820
605 2092
605 2944
606 1471
606 2007
606 2281
606 2441
606 2845
607 2353
608 998
608 1102
608 1164
608 1417
608 1471
608 1667
608 2331
609 646
609 1478
610 948
610 1696
610 2401
610 2711
610 2868
611 872
611 951
611 973
611 1246
611 2006
611 2396
611 2573
612 1668
612 2038
612 2149
612 2423
612 2901
612 2945
613 697
613 1145
613 1341
613 2537
613 2615
613 2964
614 653
614 857
614 1637
614 2407
614 2946
615 1803
615 2747
616 842
616 1396
616 1739
616 1854
616 2057
616 2371
616 2643
617 740
617 1501
617 1818
617 2399
617 2495
618 622
618 1123
618 1844
618 1971
619 1568
619 1738
619 2038
619 2282
619 2385
620 2182
620 2338
620 2754
621 690
621 1663
621 1752
622 716
622 1432
622 2910
623 1108
623 2031
623 2228
623 2825
623 2937
624 913
624 1077
624 2022
624 2606
624 2806
624 2979
625 946
625 1336
625 1341
625 2061
625 2935
626 767
626 779
626 968
626 1437
626 2881
627 1524
627 2424
628 692
628 1195
628 1892
628 1929
628 1989
628 1995
629 770
629 1513
629 2203
629 2539
629 2796
630 1099
630 1156
630 1498
630 1640
630 1733
630 1745
630 2740
630 2902
631 1639
631 1867
631 2720
632 640
632 2032
632 2783
633 703
633 1037
633 1373
633 2271
633 2900
634 1019
634 1729
635 1209
635 1384
635 1499
635 1873
635 2072
635 2346
635 2916
635 2978
636 668
636 731
636 777
636 1810
637 1100
637 2533
637 2715
638 1456
638 1510
639 1000
639 1385
639 1778
639 1816
639 1975
640 2171
640 2199
640 2411
640 2724
641 2272
641 2502
641 2658
642 815
642 2158
642 2583
642 2879
643 2058
643 2213
643 2293
644 812
644 903
644 1216
644 1384
644 1611
645 1561
645 2016
645 2076
645 2436
646 1157
646 2726
647 842
647 1202
647 1966
647 2050
648 1170
648 1557
648 1742
649 776
649 919
649 1097
649 1186
649 2119
649 2123
649 2185
649 2573
649 2624
649 2643
649 2891
650 748
650 1176
650 1219
650 1648
650 1980
650 2076
650 2492
651 1207
651 1354
651 1807
651 2389
651 2517
651 2617
652 724
652 1079
652 1412
652 2305
652 2999
653 1428
653 1534
653 2409
654 732
654 892
654 2173
654 2938
654 2981
655 1261
655 1446
655 1683
655 2196
655 2854
656 913
656 1233
656 1815
656 1854
656 1874
656 1916
656 2253
657 1178
657 1268
657 1814
657 1867
657 2383
657 2533
658 2013
658 2277
658 2945
659 1384
659 2018
659 2243
659 2563
659 2852
659 2966
660 1126
660 1446
660 1590
660 1970
660 2228
660 2762
661 1371
661 2496
661 2729
662 706
662 1135
662 1502
663 2028
663 2097
663 2321
663 2825
664 971
664 1524
664 2175
664 2716
666 1014
666 1478
666 1877
666 2200
666 2300
666 2666
667 830
667 1329
667 1623
667 1837
667 2989
668 832
668 1465
668 1870
668 2171
668 2298
668 2349
668 2445
668 2544
668 2708
668 2720
668 2752
669 685
669 1518
669 1748
669 2190
669 2832
670 2051
670 2174
670 2657
670 2746
671 1094
671 1190
671 1678
671 1878
671 2007
672 1800
673 727
673 884
673 2062
673 2455
674 968
674 1467
674 1483
674 1811
674 1897
674 2561
674 2583
675 1106
675 1377
675 1484
675 1510
675 1776
675 1784
675 1989
675 2057
676 1304
676 1853
676 2070
676 2200
677 707
677 1204
677 1512
677 2971
678 945
678 1120
678 1975
678 2255
678 2519
678 2855
679 1102
679 1614
680 1005
680 1110
680 1344
680 2273
681 1312
681 2218
682 867
682 1189
682 1346
682 1735
682 1757
682 2384
683 1984
683 2258
683 2370
683 2794
684 1147
684 1736
684 2773
684 2833
685 997
685 1419
685 1678
685 1733
685 2859
686 854
686 1597
686 2327
687 781
687 1132
687 1362
687 1421
687 1474
687 1735
687 2382
688 1479
688 1530
688 1643
689 1036
689 1723
689 2796
689 2867
690 959
690 1851
691 695
691 1308
691 1494
691 1763
691 2318
691 2447
691 2925
691 2955
692 1758
692 2319
692 2841
692 2906
693 753
693 1030
693 1310
693 1643
693 1932
693 2280
694 885
694 1411
694 1613
694 1783
694 1896
694 1998
694 2211
694 2263
694 2379
694 2796
694 2945
695 1624
695 1842
695 2581
695 2848
696 1082
696 1878
696 1961
696 2648
697 751
697 1279
697 1289
697 1361
697 2104
697 2418
698 716
698 2744
699 940
699 1063
699 2253
699 2517
699 2611
700 1596
700 2278
701 2315
702 829
702 1009
702 1378
702 1515
702 1681
702 1785
702 1892
702 2398
703 709
703 1006
703 1181
703 1419
703 2670
703 2752
704 1127
704 1899
704 2222
704 2310
704 2606
705 982
705 1179
705 1193
705 1342
705 1374
705 1451
705 2722
706 913
706 1756
706 1950
706 2061
706 2337
707 1157
707 1230
707 1330
707 1485
707 1840
707 1917
707 2245
707 2552
707 2653
707 2828
708 972
708 1307
708 1788
708 2542
708 2552
709 1091
709 1950
709 2549
709 2712
709 2751
710 1106
710 1219
710 1716
710 1917
710 2061
710 2267
711 1428
711 1480
711 1813
711 2033
711 2038
711 2095
711 2934
712 796
712 1036
712 1179
712 1241
712 1558
712 1993
712 2223
712 2885
713 849
713 1165
713 1174
713 1824
713 1842
713 2574
714 977
714 978
714 1264
714 1498
714 1507
715 1138
715 1723
715 2260
715 2737
715 2944
716 861
716 1320
716 1520
716 1913
717 2899
718 1368
719 1273
719 2287
719 2371
719 2698
720 925
720 1222
720 1413
720 2051
721 1568
721 1674
721 2220
721 2255
721 2561
722 947
722 1605
722 2003
722 2093
722 2238
722 2239
722 2473
722 2497
722 2829
723 789
723 1393
723 1458
723 1916
723 1938
723 2027
723 2305
723 2387
724 2058
724 2867
725 795
725 815
725 991
725 1457
725 2505
725 2992
726 808
726 884
726 972
727 905
727 1591
727 1922
727 1927
727 2019
727 2074
727 2862
728 1566
728 1901
728 2102
728 2167
728 2739
728 2776
729 1093
729 1880
730 1971
730 2006
730 2653
731 1241
731 1359
731 2410
732 2453
733 1201
733 1293
733 2000
733 2619
733 2664
734 1012
734 1213
734 1263
734 1368
734 1462
734 1599
735 911
735 2569
736 775
736 1141
736 1146
736 1173
736 1528
737 1360
737 1450
737 1510
737 1606
737 2007
737 2597
738 1158
738 1958
738 2616
739 1152
739 1656
739 2262
739 2403
739 2680
740 753
740 916
740 939
740 1559
740 1655
740 1711
740 2456
740 2461
740 2640
740 2981
741 1242
741 1290
741 2324
741 2638
742 866
742 1399
742 1573
742 1916
742 2026
742 2750
742 2821
742 2971
743 1061
743 1275
743 1304
743 1674
743 2032
744 1033
744 1323
744 1876
744 2219
744 2359
745 1632
746 1507
746 1846
746 2337
746 2776
747 1475
747 1546
747 1674
747 1944
747 2152
748 825
748 1276
748 1615
748 1806
748 2476
749 1084
749 1196
749 1258
749 1307
749 2031
749 2988
750 779
750 1306
750 1749
750 2255
750 2458
750 2493
750 2868
751 1321
751 2477
751 2663
752 2004
752 2227
752 2399
753 1586
753 2345
753 2501
754 1288
754 1444
754 2441
754 2574
754 2793
755 1776
755 1803
755 2689
756 1029
756 1136
756 1219
756 1324
756 2658
757 1542
757 1565
757 1857
758 1449
758 1872
758 2680
759 792
759 2181
759 2406
759 2605
760 919
760 923
760 945
760 1493
760 1528
760 2969
761 1552
761 1563
761 1815
761 2070
761 2163
761 2683
762 788
762 1048
762 1112
762 1492
762 2323
762 2785
763 768
763 2580
763 2941
764 913
764 1489
764 2050
764 2185
764 2337
764 2669
764 2824
765 1290
765 1334
765 1613
765 1690
765 2047
765 2066
765 2254
766 848
766 1857
766 2493
767 2029
767 2255
767 2469
768 1010
768 1050
768 1793
768 2122
768 2243
768 2605
768 2781
769 921
769 1223
769 1608
769 1898
769 2113
769 2903
769 2947
770 1119
770 1611
770 1968
771 1796
772 881
772 1495
772 1876
772 2397
773 916
773 1827
773 2456
773 2733
773 2904
774 1752
775 968
775 1968
775 2195
775 2457
775 2718
776 1336
776 1436
776 1658
776 2226
776 2458
776 2726
776 2977
777 1079
777 1082
777 1215
777 2960
778 1052
778 1606
778 2165
779 1343
779 2033
779 2574
779 2576
779 2686
779 2835
780 1969
780 2622
781 2397
782 958
782 1003
782 1120
782 2607
783 1018
784 793
784 1019
784 1096
784 1598
784 2386
784 2617
785 828
785 1460
785 1915
785 2189
785 2290
785 2868
786 856
786 1185
786 1306
786 1774
786 2273
786 2531
786 2934
787 865
787 1042
787 2024
788 950
788 1609
788 1887
788 2103
788 2463
788 2863
789 1184
789 1304
789 2724
790 847
790 1277
790 1370
790 2682
791 851
791 1944
791 1961
791 2250
791 2415
792 1257
792 1848
792 2257
792 2355
793 861
793 1939
793 2357
793 2470
793 2684
793 2811
794 800
794 1474
794 1972
794 2031
794 2392
794 2459
795 940
795 958
795 1128
795 1300
795 2128
796 2221
796 2306
797 907
797 1909
797 2012
797 2678
798 829
798 1559
798 2355
798 2495
798 2542
798 2753
798 2874
800 1632
800 2354
801 1417
801 1456
801 1556
801 2482
802 913
802 1250
802 1643
803 1042
803 1508
803 1604
803 1662
803 1817
803 2791
803 2888
804 1541
804 2218
804 2399
804 2934
804 2942
805 1187
805 1250
805 1416
805 1535
805 1589
805 1932
805 2080
806 1350
806 2731
807 1543
807 2143
807 2831
807 2903
808 1267
808 1629
808 2118
808 2346
808 2439
808 2520
809 1576
809 2291
809 2298
809 2562
810 1052
810 1081
810 1156
810 1332
810 1364
810 2182
810 2324
811 1485
811 2309
811 2477
812 1349
812 2950
813 1091
814 1021
814 2115
814 2653
814 2793
815 1279
815 2601
815 2804
816 1265
816 1809
816 2348
816 2584
816 2722
816 2793
817 841
817 1946
817 2168
817 2596
817 2904
818 1157
818 1742
818 2010
818 2226
818 2407
818 2571
819 2240
820 1786
820 1836
820 2024
820 2595
820 2704
820 2856
820 2925
821 929
821 1144
821 1458
821 2452
822 907
822 929
822 950
822 1488
822 1551
822 2276
822 2891
822 2895
823 1651
823 2171
823 2424
823 2566
823 2894
824 860
824 1010
824 1091
824 1092
824 1099
824 1287
824 1852
824 1978
824 2816
825 1980
825 2570
825 2589
825 2704
826 990
826 2297
827 840
827 1259
827 1827
827 2087
827 2468
827 2744
827 2860
828 1735
828 2247
829 1026
829 1510
829 1706
829 2572
830 1353
830 1375
830 1625
830 1823
830 2098
830 2448
830 2551
830 2704
830 2755
831 1319
831 1798
831 1799
831 2133
831 2162
831 2377
832 1122
832 1578
832 2423
833 878
833 966
833 1151
833 2004
833 2414
834 964
834 1566
834 2561
835 1399
835 1467
835 1790
835 2371
835 2979
836 1017
836 1170
836 1594
836 2202
836 2407
836 2774
836 2935
837 1421
837 1607
837 2454
838 1175
838 2923
839 1092
839 1970
839 2038
839 2287
839 2480
840 1353
840 1598
840 2576
840 2954
841 1471
841 2001
841 2639
842 1241
842 1729
842 1888
843 1608
843 2359
843 2532
844 1175
844 1252
844 1303
844 1513
844 2020
844 2592
845 858
845 1163
845 2097
845 2123
845 2217
845 2261
845 2726
845 2888
846 1513
846 1832
846 2169
847 2657
847 2916
848 1176
848 1185
848 1227
848 1514
848 2336
848 2369
849 1146
849 1363
849 1901
849 1957
849 2048
849 2102
849 2955
849 2994
850 1338
850 2733
852 1458
852 1825
852 2540
852 2630
853 939
853 1115
853 1246
853 1670
853 2814
853 2826
854 1548
854 2631
854 2693
855 2508
856 1758
856 1983
856 2316
856 2633
857 1056
857 1559
857 1910
857 2672
857 2719
857 2886
858 965
858 1077
858 1287
858 1394
858 2177
858 2224
858 2393
858 2763
858 2835
859 1443
860 1060
860 1252
860 1533
860 2539
861 1641
861 1730
861 2459
862 1077
862 1213
862 1451
862 1683
862 1717
862 2572
862 2657
863 1394
863 1525
863 1890
863 2634
863 2886
863 2993
864 1038
864 1371
864 2330
864 2495
864 2551
864 2825
865 1444
865 1493
865 1502
865 1564
865 2007
865 2957
866 1117
866 1961
866 2121
866 2172
866 2489
867 1505
867 1512
867 1669
867 2144
867 2208
867 2314
868 1402
868 2497
868 2786
868 2858
869 907
869 2310
869 2370
869 2430
869 2848
870 1006
870 2866
871 1900
871 2599
872 1111
872 2423
872 2666
873 1001
873 1583
873 1613
873 2037
873 2613
873 2647
873 2777
874 947
874 985
874 1283
874 1804
874 1835
874 2455
874 2807
874 2835
875 1880
875 2067
875 2593
875 2944
876 2860
876 2982
877 1045
877 1061
877 1239
877 1641
877 2441
877 2477
878 1726
878 1894
878 2302
878 2683
878 2735
878 2936
879 1091
879 1693
879 2093
879 2443
880 2024
880 2517
881 1164
881 1799
881 1812
881 1944
881 2454
881 2830
882 1537
882 2246
882 2537
883 908
883 1699
883 2142
883 2312
883 2816
884 893
884 954
884 1001
884 1134
884 1664
884 1808
884 2476
885 1060
885 1310
885 1438
885 1442
885 1714
885 1770
885 2150
885 2583
886 952
886 1047
886 1321
886 1582
886 1994
886 2186
887 1519
887 1694
887 2448
888 922
888 944
888 1592
888 1852
888 2453
888 2703
888 2914
889 1050
889 2196
889 2625
889 2795
890 1524
890 2105
890 2620
890 2910
891 1535
891 1736
891 2025
891 2692
892 1230
892 1678
892 2237
892 2764
893 1458
893 2455
894 947
894 2338
894 2530
894 2702
894 2789
895 1287
895 1505
895 2306
895 2358
896 2111
896 2539
896 2962
896 2978
897 1296
897 2833
898 923
898 974
898 1518
898 1693
898 2436
899 980
899 1819
899 2294
899 2679
900 2004
900 2471
900 2975
901 1027
901 1388
901 1486
902 1752
902 1983
902 2731
903 1655
903 2634
903 2663
904 1116
904 1224
904 1407
904 2070
904 2374
905 1492
905 1974
905 2135
905 2254
905 2741
905 2989
906 1214
906 1666
906 1703
906 1846
906 2463
906 2518
906 2924
907 2133
907 2516
907 2557
907 2876
908 1480
908 1490
908 2206
909 1774
909 2594
909 2843
909 2932
910 913
911 1176
911 2082
911 2160
911 2203
912 1876
912 2153
912 2806
912 2980
913 1866
913 2192
913 2676
913 2760
913 2764
914 1470
914 1647
914 1694
914 1875
914 1906
914 2777
914 2994
915 981
915 1680
915 1884
915 1979
915 2091
915 2351
916 2279
916 2501
916 2771
916 2926
917 1297
917 1735
917 2038
917 2980
918 1846
918 2027
918 2912
918 2994
919 1316
919 1478
919 1887
919 2542
919 2985
920 968
920 1134
920 2318
920 2453
920 2552
920 2847
921 1191
921 1860
921 2923
922 1948
922 2252
922 2866
923 1054
923 1760
923 1795
923 2023
923 2164
923 2935
923 2993
924 2395
924 2447
924 2550
925 1319
925 1700
925 1989
925 2015
925 2267
925 2689
926 1102
926 1400
926 1630
926 2292
927 938
927 1484
927 1685
927 1730
927 2140
928 973
928 1590
928 1890
928 2434
928 2523
929 1106
929 2306
930 1097
930 1586
930 2221
931 1197
931 1291
931 1332
931 2343
931 2525
932 1101
932 1547
932 1686
932 1802
932 2331
932 2459
932 2765
933 1156
933 1363
933 2204
933 2258
934 1712
934 1879
934 2736
934 2843
935 1627
935 1917
935 1945
935 2847
936 1467
936 1759
936 2275
936 2422
936 2539
936 2573
936 2827
937 1143
937 2601
937 2652
938 1656
938 1775
938 2148
938 2402
938 2941
939 1061
939 1478
939 2617
940 944
940 1456
940 1466
940 1615
940 1747
940 2562
940 2754
940 3000
941 1197
942 1109
943 1985
943 2113
943 2417
943 2503
943 2685
944 1102
944 1431
944 1557
944 1589
944 1612
945 1168
945 1274
945 1495
946 1398
946 2390
946 2661
946 2917
947 1019
947 1027
947 1053
947 2580
948 1065
948 1359
948 1904
948 2256
948 2533
949 1273
949 1624
949 1956
949 1993
949 2590
950 1736
950 2086
950 2191
950 2334
951 1124
951 1838
951 1971
951 2559
951 2699
952 999
952 1458
952 1915
952 2271
952 2616
953 1231
953 1393
954 1654
954 2135
954 2776
955 1379
955 1580
955 1863
956 1604
956 2909
956 2999
957 965
957 1976
957 2107
958 1204
958 1698
958 2144
958 2283
958 2591
958 2649
959 1113
959 1140
959 1173
959 1573
959 1639
959 1688
959 1840
959 1902
959 2696
959 2982
960 1485
960 2194
960 2198
960 2686
960 2788
961 1105
961 1315
961 1562
961 2080
961 2093
961 2928
962 1555
962 2031
962 2476
962 2644
962 2697
963 1112
963 1518
963 2714
964 1444
964 1506
964 1562
964 2189
964 2570
964 2892
965 1513
965 2188
965 2198
965 2266
965 2761
965 2913
965 2965
966 981
966 1575
966 2144
966 2637
966 2862
966 2949
967 1165
967 1267
967 1353
967 1663
967 2561
967 2930
968 1146
968 1755
968 2227
969 1469
969 1585
970 1848
970 2141
970 2289
971 1191
971 2380
972 1186
972 1500
972 1587
972 2365
972 2505
973 2239
973 2521
973 2844
974 1599
974 1897
974 2096
974 2682
975 1026
975 1103
975 1160
975 1397
975 1618
975 2032
975 2608
975 2873
976 1756
977 2235
977 2815
978 983
978 1506
978 1682
978 1742
978 2296
978 2389
978 2506
979 1202
979 2334
980 1064
980 1237
980 2259
980 2500
981 1091
981 1372
981 1707
981 2111
981 2375
982 1082
982 1635
982 1745
982 2246
983 1801
983 2453
983 2513
984 1283
984 1540
984 2135
984 2199
984 2664
984 2806
985 1130
985 1436
985 1491
985 2776
986 1208
986 2019
986 2433
986 2560
986 2793
987 1037
987 1212
987 1652
987 2451
988 1099
988 1229
988 1994
989 1601
989 2185
989 2234
989 2651
989 2892
990 1397
990 1658
990 2887
991 1340
991 1487
992 2788
992 2793
993 1062
993 1468
993 2609
994 1349
994 1401
994 1450
994 1492
994 1767
994 2399
994 2407
994 2853
995 1068
995 1376
996 2292
996 2593
996 2705
996 2825
997 1134
997 1611
997 1819
997 2177
998 1476
998 2092
998 2317
998 2383
998 2943
999 1489
999 1901
999 2052
999 2498
1000 2558
1001 1382
1001 2423
1001 2875
1002 1392
1002 1432
1002 1851
1002 1950
1002 2017
1002 2672
1003 2319
1003 2583
1004 1737
1004 1885
1004 2263
1005 1337
1005 1384
1005 1564
1005 1666
1005 2446
1005 2526
1005 2725
1006 1062
1006 1082
1006 2204
1006 2523
1007 1465
1007 1537
1007 2377
1007 2551
1007 2863
1008 1366
1008 1479
1008 1872
1008 2120
1008 2944
1008 2963
1009 1575
1009 1632
1009 2135
1009 2162
1009 2163
1009 2450
1009 2484
1009 2630
1009 2899
1009 2901
1010 1910
1010 2230
1010 2868
1011 1338
1011 2122
1011 2747
1012 1507
1012 1924
1013 1132
1013 1811
1013 2004
1014 2938
1015 1623
1015 2207
1015 2536
1016 1151
1016 2336
1016 2893
1017 1196
1017 1261
1017 1600
1018 1034
1018 1802
1018 2741
1018 2937
1019 1201
1019 1601
1020 1029
1020 1227
1020 1575
1020 1753
1020 1956
1020 2434
1021 1586
1021 1642
1021 1975
1021 1995
1021 2126
1021 2310
1021 2814
1021 2937
1021 2977
1022 1275
1022 1646
1022 1811
1022 2557
1023 1378
1023 1687
1023 2214
1023 2868
1024 1145
1025 1193
1025 1436
1025 1723
1025 1937
1025 1960
1025 2339
1026 1045
1026 1409
1026 2679
1027 1209
1027 1507
1027 2876
1028 1191
1028 1210
1028 1215
1028 1493
1028 1616
1028 2312
1029 1546
1029 1667
1029 1942
1029 1996
1029 2667
1030 1129
1030 1359
1030 1365
1030 1590
1030 1642
1030 2197
1030 2351
1030 2788
1030 2938
1031 2515
1032 1197
1032 1262
1032 1406
1032 1483
1032 2792
1032 2920
1033 1965
1033 2429
1033 2749
1033 2994
1034 1581
1034 1944
1034 2534
1035 1414
1035 2917
1036 1489
1036 1673
1036 1827
1036 2312
1036 2825
1037 1460
1037 1616
1037 2079
1037 2183
1037 2952
1038 1820
1038 2076
1038 2338
1039 1233
1039 2284
1039 2887
1040 1218
1040 1562
1040 2009
1040 2334
1041 2915
1042 1332
1042 1748
1042 1951
1042 2577
1042 2865
1042 2976
1043 1487
1043 1514
1043 1555
1043 1758
1043 1768
1043 1971
1043 2545
1043 2991
1044 1064
1044 1564
1044 1973
1045 1113
1045 2752
1046 1767
1046 2220
1046 2615
1046 2755
1047 1546
1047 1592
1047 1946
1048 1176
1048 1337
1048 2514
1048 2541
1048 2651
1050 2374
1050 2441
1051 1342
1051 2539
1051 2850
1052 2347
1052 2361
1053 1478
1053 2030
1053 2367
1053 2840
1054 1660
1054 2433
1054 2792
1055 1303
1055 1532
1056 1236
1056 1369
1056 1995
1056 2397
1056 2735
1057 1100
1057 1364
1057 1434
1057 1751
1057 2373
1057 2393
1058 1347
1058 2480
1058 2546
1059 1805
1059 2065
1059 2348
1059 2483
1059 2771
1060 1114
1060 1296
1060 2629
1061 1668
1061 1924
1062 1091
1062 1410
1062 1469
1062 1507
1062 1753
1062 1997
1062 2836
1062 2924
1063 1366
1063 1651
1063 2593
1064 1328
1064 1601
1064 1771
1064 2125
1065 1204
1065 1323
1065 1338
1065 1972
1065 2270
1066 1360
1066 1525
1066 1775
1066 2305
1066 2322
1066 2869
1067 2102
1067 2931
1068 1686
1068 2654
1069 1105
1069 1553
1069 2755
1069 2869
1071 1089
1071 1309
1071 1333
1071 2197
1071 2564
1071 2886
1072 1393
1072 1522
1072 1876
1072 1931
1072 2386
1073 1184
1073 1404
1073 1475
1073 1587
1073 2501
1073 2888
1073 2932
1074 1078
1074 2079
1074 2238
1074 2981
1075 2177
1076 2450
1077 1259
1077 1775
1077 2200
1077 2863
1077 2959
1078 1397
1078 2801
1078 2812
1079 1173
1079 1679
1079 1881
1079 2263
1079 2563
1079 2773
1080 2475
1081 1335
1081 1476
1081 2241
1081 2305
1082 1108
1082 1239
1082 1682
1082 2160
1082 2931
1083 1319
1083 1445
1083 2606
1084 1283
1084 1286
1084 1603
1084 1750
1084 1973
1084 2318
1084 2459
1084 2705
1084 2909
1085 1927
1085 2879
1085 2902
1086 1678
1086 1817
1086 2142
1087 1166
1087 1343
1088 1907
1088 2821
1089 1635
1090 1128
1090 1322
1090 2456
1090 2724
1091 2114
1091 2115
1091 2120
1092 1270
1092 2514
1092 2770
1093 1120
1093 2342
1093 2495
1093 2506
1093 2620
1093 2749
1094 1229
1094 1726
1094 1813
1094 1879
1094 2193
1094 2752
1094 2798
1094 2823
1095 1120
1095 2869
1095 2875
1096 1526
1096 2334
1097 1503
1097 1895
1097 2590
1097 2816
1098 1173
1098 2434
1098 2901
1099 1524
1099 2154
1099 2400
1099 2673
1099 2679
1100 1607
1100 1883
1100 2011
1100 2556
1101 2064
1101 2855
1102 1250
1102 2008
1102 2257
1102 2401
1102 2832
1103 1453
1103 2043
1103 2880
1104 1174
1104 1465
1104 1595
1104 1693
1104 2048
1104 2565
1104 2915
1105 1464
1105 1801
1105 2142
1105 2235
1105 2708
1106 1492
1107 2877
1108 1653
1108 2829
1109 1676
1109 2375
1109 2910
1110 2640
1111 1569
1111 1968
1111 2195
1111 2361
1111 2982
1112 1773
1112 1777
1112 2747
1113 1132
1113 1325
1113 2329
1114 1695
1114 1868
1114 2198
1115 1471
1115 1662
1116 1792
1116 1939
1116 2444
1117 2145
1117 2568
1117 2676
1118 1488
1118 1609
1118 2162
1119 1179
1119 1901
1119 2043
1119 2434
1120 1548
1120 2247
1120 2521
1120 2975
1121 1499
1121 1532
1121 1955
1122 1821
1122 2021
1122 2775
1123 1348
1123 1428
1123 1560
1123 2292
1123 2387
1124 1131
1124 1157
1125 1362
1125 2725
1126 2454
1126 2476
1127 1463
1127 1528
1127 1548
1127 1567
1127 2021
1127 2667
1128 1327
1128 1548
1128 1958
1128 2285
1128 2536
1129 1263
1129 1398
1129 1623
1129 2513
1129 2535
1129 2549
1130 1168
1130 1480
1130 1894
1131 1337
1131 1548
1131 2830
1131 2856
1131 2876
1131 2991
1132 1455
1132 1958
1132 2422
1133 1184
1133 2426
1133 2434
1133 2591
1134 1171
1134 1313
1134 1343
1135 1288
1135 2005
1135 2556
1136 1492
1136 1682
1136 1720
1136 2158
1137 1264
1137 1468
1137 2050
1138 2685
1138 2910
1139 1148
1139 1679
1139 1755
1139 2036
1139 2458
1139 2576
1139 2620
1139 2959
1140 1428
1140 1733
1140 2645
1141 1362
1141 2708
1141 2860
1142 1213
1142 1253
1142 1919
1144 1543
1144 2125
1144 2280
1144 2577
1145 1353
1145 1405
1145 2148
1145 2491
1145 2798
1146 2398
1146 2603
1146 2682
1147 1523
1147 1802
1147 1804
1147 1944
1147 2335
1147 2534
1148 1988
1149 1475
1149 1683
1149 1726
1149 2744
1149 2836
1150 1289
1150 1593
1151 1170
1151 1263
1151 1710
1151 2161
1151 2190
1151 2243
1151 2365
1151 2675
1151 2893
1151 2971
1152 1154
1152 1706
1152 2183
1153 1302
1153 1990
1153 2002
1153 2422
1153 2585
1153 2931
1153 2958
1154 1726
1154 1903
1154 2043
1155 1741
1155 2232
1155 2395
1156 2061
1156 2761
1157 2541
1157 2754
1157 2927
1158 1415
1158 1796
1158 2231
1158 2308
1158 2764
1158 2832
1159 1549
1159 2621
1159 2918
1160 1877
1160 2215
1160 2514
1160 2602
1161 1815
1161 2112
1161 2299
1161 2372
1161 2453
1161 2599
1162 1570
1162 1604
1162 1669
1162 1734
1162 2353
1162 2510
1162 2694
1162 2886
1162 2938
1163 1514
1163 1529
1163 1531
1163 2244
1164 2272
1164 2462
1164 2791
1165 1464
1165 1705
1165 1816
1165 2406
1165 2680
1165 2702
1166 1382
1166 1392
1166 1461
1167 2061
1168 2080
1168 2160
1168 2615
1168 2774
1168 2849
1169 2195
1169 2413
1170 1506
1170 1867
1170 2187
1171 1408
1171 1599
1171 2041
1171 2256
1172 2701
1173 1319
1173 2400
1173 2554
1174 2024
1174 2288
1174 2925
1175 1627
1175 2085
1175 2568
1175 2611
1175 2985
1176 1216
1176 3000
1177 1729
1177 2539
1177 2614
1177 2728
1178 1264
1178 2723
1179 1849
1179 1977
1179 2450
1180 1342
1180 2556
1181 2660
1182 1717
1183 1331
1183 1809
1183 1889
1183 2351
1183 2438
1184 1247
1184 1283
1184 1567
1184 1933
1184 2739
1184 2895
1185 1574
1185 1864
1185 2708
1185 2863
1186 1469
1186 1720
1187 1606
1187 2129
1187 2555
1187 2785
1187 2861
1188 1987
1188 2576
1188 2846
1189 1197
1189 1269
1189 2532
1189 2650
1190 1506
1190 2553
1191 1277
1191 1502
1191 1621
1191 1623
1191 2462
1192 1521
1193 1490
1193 2237
1193 2461
1193 2555
1193 2592
1194 1268
1194 2274
1194 2344
1195 1900
1196 1442
1196 1722
1196 2781
1197 1514
1197 1561
1197 1831
1197 1966
1197 2493
1197 2627
1197 2910
1198 1483
1198 1880
1198 2390
1198 2633
1198 3000
1199 2168
1200 2871
1201 1828
1201 2527
1202 1448
1202 1556
1202 2782
1202 2827
1202 2930
1203 1213
1203 2167
1204 1314
1204 2088
1204 2981
1205 1652
1205 2026
1205 2387
1205 2809
1206 2518
1206 2612
1207 1421
1207 2487
1207 2747
1208 1396
1208 1672
1208 1745
1208 2745
1209 1412
1210 1368
1210 1576
1210 1768
1210 2063
1210 2451
1211 1245
1211 1810
1211 2563
1211 2958
1212 1584
1212 2595
1213 1439
1213 2177
1213 2185
1213 2773
1213 2935
1214 1514
1214 1902
1215 2699
1216 2167
1216 2636
1217 2089
1217 2532
1217 2594
1219 1512
1219 2584
1220 1286
1220 1551
1220 2093
1220 2457
1221 1676
1221 1801
1221 1807
1221 2703
1222 1337
1223 1681
1223 1690
1223 1770
1223 1834
1223 2124
1223 2820
1224 1899
1224 1993
1224 2112
1224 2218
1224 2994
1225 1953
1225 2340
1225 2398
1226 1611
1226 1700
1226 1869
1226 2162
1226 2265
1226 2342
1227 1984
1227 2021
1227 2171
1228 1311
1228 1360
1228 2348
1228 2906
1229 1937
1229 2193
1229 2976
1230 1241
1230 1514
1230 1775
1230 2922
1230 2923
1231 2538
1231 2782
1231 2921
1232 1277
1232 2549
1233 2587
1234 1636
1234 2864
1235 1612
1235 2385
1235 2578
1235 2841
1236 1514
1236 1515
1236 1614
1236 2844
1237 1258
1238 1327
1238 1927
1238 2286
1239 1274
1239 1348
1239 1450
1239 1772
1239 2568
1240 1558
1240 1756
1241 1800
1241 1878
1241 2939
1242 1447
1242 2020
1242 2207
1242 2905
1243 1550
1243 2004
1243 2021
1243 2024
1243 2294
1243 2533
1243 2601
1243 2774
1243 2900
1244 1731
1244 1854
1244 2045
1245 1675
1245 1962
1245 2074
1246 1586
1246 2122
1246 2375
1246 2600
1247 1316
1247 1470
1247 1656
1248 1833
1248 2016
1248 2900
1248 2942
1249 1511
1249 1871
1249 2077
1250 1855
1250 2138
1250 2463
1250 2730
1251 2033
1251 2342
1251 2916
1252 2310
1252 2779
1253 1538
1253 1855
1253 2180
1253 2339
1253 2691
1253 2767
1253 2849
1253 2950
1254 1463
1254 1587
1254 2201
1254 2911
1255 1619
1255 1956
1255 2044
1255 2908
1256 1752
1256 2266
1256 2317
1256 2675
1257 1567
1257 1590
1257 2404
1257 2898
1258 2863
1259 1377
1259 2051
1260 1409
1260 1578
1260 1668
1260 1880
1260 1971
1260 2175
1260 2345
1260 2587
1260 2948
1261 1336
1261 1376
1261 1480
1261 2544
1261 2818
1261 2919
1262 1582
1263 1272
1263 1276
1264 1471
1264 1742
1264 1825
1264 2698
1265 2047
1265 2071
1265 2147
1265 2292
1265 2403
1265 2597
1266 1353
1266 1447
1267 1433
1267 1801
1267 1842
1267 1922
1267 2554
1267 2685
1267 2887
1268 1402
1268 1988
1268 2487
1268 2534
1268 2777
1269 1836
1270 2218
1270 2698
1271 1325
1271 2004
1271 2302
1271 2337
1272 1414
1272 1553
1272 1622
1272 2068
1272 2524
1272 2872
1273 1764
1273 2403
1273 2428
1273 2444
1273 2812
1274 1404
1274 1740
1274 1762
1275 1295
1275 1584
1276 1322
1276 2478
1276 2997
1277 1597
1277 1628
1277 1898
1277 1992
1277 2131
1278 2223
1278 2681
1278 2763
1279 1735
1279 2124
1279 2300
1279 2313
1279 2391
1279 2606
1280 1428
1280 1900
1280 2090
1280 2623
1281 1776
1281 2431
1281 2591
1282 1308
1282 2754
1282 2865
1282 2970
1283 2279
1283 2379
1283 2991
1284 1978
1285 1805
1285 1825
1285 1868
1285 2108
1285 2488
1285 2561
1286 1658
1286 2091
1286 2912
1287 1370
1287 2148
1287 2566
1288 2300
1288 2577
1288 2725
1288 2741
1289 1341
1289 1834
1289 2093
1289 2561
1289 2585
1290 1865
1290 2301
1291 1369
1291 1773
1291 2452
1292 2871
1293 1497
1293 1618
1293 1940
1293 2599
1294 1659
1294 1940
1294 2362
1294 2604
1294 2668
1294 2783
1294 2984
1295 1957
1295 2091
1295 2092
1295 2219
1296 2226
1296 2246
1296 2784
1296 2858
1296 2983
1297 1467
1297 1896
1297 2108
1297 2177
1297 2607
1297 2953
1298 1581
1298 1760
1298 2778
1298 2826
1299 1931
1299 2580
1299 2777
1300 1644
1300 1695
1300 2196
1301 1321
1302 2653
1303 1647
1303 1798
1303 2885
1304 1333
1304 1629
1304 2624
1305 1308
1305 1652
1305 2522
1306 1342
1306 1455
1307 1414
1307 1743
1307 2601
1308 1370
1308 1530
1308 2610
1308 2655
1309 1411
1309 1671
1309 1767
1309 2688
1309 2702
1309 2705
1310 2037
1311 1851
1311 2028
1311 2087
1312 1359
1312 1624
1312 1720
1312 2213
1312 2483
1313 1566
1313 1871
1313 1913
1313 2133
1314 1829
1314 1909
1314 2528
1314 2541
1315 2674
1315 2954
1316 1668
1316 1720
1316 2247
1316 2471
1316 2840
1316 2852
1317 1404
1317 1713
1317 2121
1317 2224
1317 2881
1318 1760
1318 1834
1318 2465
1318 2995
1319 2861
1320 1333
1320 1690
1320 2026
1320 2046
1320 2712
1320 2766
1320 2885
1321 1490
1321 2053
1321 2203
1321 2859
1323 1914
1323 2274
1323 2493
1323 2671
1324 1701
1324 1857
1324 2180
1324 2831
1325 2534
1325 2595
1326 2097
1326 2264
1326 2408
1327 1695
1327 1846
1328 2571
1328 2573
1328 2582
1329 2527
1330 2319
1331 2262
1332 1719
1332 2790
1333 1427
1333 1509
1333 1591
1333 2326
1333 2730
1333 2869
1333 2938
1334 1738
1335 1407
1335 1848
1335 2182
1335 2205
1337 1367
1337 1414
1337 1645
1337 1823
1337 2643
1337 2677
1338 1789
1339 2157
1339 2309
1339 2872
1339 2927
1340 2059
1340 2251
1340 2459
1340 2990
1341 1342
1341 1937
1341 2668
1342 1384
1342 2055
1343 1840
1343 2674
1343 2749
1344 1464
1344 1739
1345 1374
1345 1429
1345 2359
1345 2717
1346 1443
1346 2190
1346 2883
1347 2698
1348 1418
1348 1736
1348 2059
1348 2238
1348 2396
1349 1757
1349 1947
1349 1990
1349 2214
1349 2659
1349 2820
1350 1851
1350 2061
1350 2090
1350 2971
1350 2995
1351 1931
1351 2564
1352 2399
1353 1905
1353 2182
1353 2729
1355 1366
1355 1540
1355 1867
1355 2404
1355 2676
1356 1723
1356 2204
1356 2808
1357 1597
1357 2654
1359 2021
1359 2187
1359 2764
1359 2858
1360 1553
1360 2235
1360 2500
1360 2685
1360 2891
1360 2924
1361 1638
1361 2449
1361 2628
1361 2853
1362 1556
1362 1730
1362 1849
1362 2056
1362 2703
1363 1756
1363 1857
1363 2647
1363 2929
1364 1735
1364 2667
1365 2970
1366 1825
1367 2260
1367 2399
1368 1594
1368 1702
1369 1911
1369 2863
1370 1786
1370 2848
1371 1720
1371 2031
1371 2549
1372 1674
1372 1929
1372 2843
1372 2902
1373 1672
1374 1918
1374 2204
1374 2923
1375 1960
1375 1984
1375 2054
1375 2227
1375 2314
1375 2658
1375 2678
1376 1532
1376 1617
1376 1771
1376 2815
1377 1504
1377 1632
1377 1909
1377 2765
1378 1973
1379 1856
1379 2228
1379 2983
1380 1437
1380 1699
1380 1770
1380 1841
1380 2508
1380 2899
1381 1477
1381 2074
1381 2365
1381 2438
1382 1561
1382 1716
1382 1878
1382 1890
1382 2141
1382 2948
1383 2918
1384 2219
1384 2586
1385 1529
1385 1719
1385 2342
1385 2969
1386 2002
1386 2113
1386 2388
1387 2036
1387 2901
1388 1493
1388 1743
1388 2150
1388 2244
1388 2406
1388 2558
1388 2564
1389 1547
1389 1854
1389 1896
1389 2375
1390 1705
1390 2519
1390 2957
1391 2175
1391 2313
1391 2929
1392 1589
1392 1758
1392 1973
1392 2149
1392 2543
1393 2661
1393 2875
1394 1492
1395 2081
1396 2009
1396 2523
1397 1404
1397 1507
1397 2084
1397 2992
1398 1751
1398 2756
1398 2768
1399 1835
1399 1889
1399 2707
1399 2845
1400 1445
1401 1766
1401 2764
1402 2153
1403 2080
1403 2129
1403 2251
1403 2532
1403 2741
1403 2763
1403 2971
1403 2992
1404 2667
1405 2452
1406 1881
1406 2746
1406 2834
1406 2957
1407 1423
1407 1802
1407 1946
1407 2455
1407 2917
1408 1762
1408 2574
1408 2658
1408 2782
1409 1707
1409 2057
1409 2567
1409 2920
1410 1549
1410 1766
1410 1885
1410 2588
1410 2728
1410 2763
1410 2894
1412 1613
1412 2421
1412 2816
1413 1444
1413 1907
1413 1942
1413 2040
1414 1519
1414 1684
1414 1920
1414 2087
1414 2178
1414 2984
1415 1548
1415 1849
1416 2487
1416 2621
1417 1802
1417 1832
1417 2826
1418 2162
1418 2316
1419 1481
1419 1609
1419 1768
1419 1830
1419 2020
1420 1772
1420 2026
1420 2086
1420 2707
1421 2388
1422 1484
1422 2407
1422 2666
1422 2729
1423 2548
1424 1801
1424 2815
1425 1448
1425 1464
1425 2289
1426 2284
1426 2327
1427 2078
1427 2689
1428 1601
1428 1785
1429 1981
1429 2385
1430 1471
1430 1746
1430 1777
1430 2031
1430 2083
1430 2525
1431 1475
1431 2237
1431 2815
1431 2824
1432 2076
1433 1734
1433 1764
1433 1865
1433 2816
1434 1509
1434 2548
1435 1925
1435 2823
1436 2826
1437 1631
1437 1684
1437 1749
1437 2417
1437 2420
1438 1743
1438 2096
1438 2442
1438 2639
1439 1544
1439 2602
1439 2739
1440 1481
1440 1937
1441 2341
1441 2597
1441 2643
1442 2207
1442 2837
1442 2890
1443 1955
1443 2076
1443 2251
1444 1675
1444 2045
1444 2275
1445 2737
1446 1731
1446 2794
1447 1636
1447 1959
1447 2124
1447 2354
1447 2380
1447 2963
1448 1637
1448 1907
1448 2183
1448 2289
1448 2624
1448 2693
1448 2753
1448 2954
1449 2435
1449 2991
1450 1517
1450 1831
1450 2768
1451 2300
1451 2971
1452 1453
1452 1736
1452 1948
1452 2317
1452 2579
1452 2592
1452 2652
1452 2747
1452 2960
1453 1461
1453 2721
1453 2867
1453 2919
1453 2921
1454 1518
1454 2103
1455 2017
1455 2064
1455 2902
1457 1505
1458 1654
1458 1865
1458 2089
1459 1578
1459 2502
1460 2059
1460 2106
1461 1796
1461 1862
1461 1938
1461 2705
1461 2950
1462 2072
1462 2373
1463 1553
1463 1828
1463 2470
1463 2912
1465 1546
1465 1697
1465 2326
1465 2943
1466 1668
1466 1778
1466 2166
1466 2477
1466 2702
1467 1504
1467 2367
1467 2440
1467 2451
1468 1798
1468 2066
1468 2090
1468 2407
1468 2645
1468 2785
1468 2988
1469 1587
1469 1725
1469 2085
1469 2553
1469 2630
1470 2253
1470 2830
1471 1651
1471 2145
1471 2160
1471 2919
1472 1806
1472 2859
1472 2942
1472 2992
1473 1538
1473 1560
1473 2953
1474 1566
1475 2765
1475 2988
1476 2767
1477 2205
1477 2994
1478 1889
1478 2473
1478 2866
1479 2339
1479 2825
1480 1755
1480 2018
1480 2577
1480 2802
1481 1667
1481 1820
1481 2600
1482 2667
1483 1574
1483 2203
1484 1533
1484 1850
1484 2350
1484 2373
1485 1696
1485 2291
1485 2991
1487 1821
1487 2485
1488 1587
1488 2395
1488 2591
1489 1849
1489 2241
1489 2321
1489 2907
1490 1905
1490 2053
1490 2460
1490 2722
1491 2891
1492 2190
1492 2511
1492 2619
1492 2661
1493 1499
1493 1912
1493 2406
1493 2468
1493 2632
1494 2187
1494 2266
1494 2555
1495 2006
1496 1883
1496 2023
1496 2061
1496 2181
1496 2544
1496 2608
1497 1626
1497 2050
1497 2275
1497 2316
1498 1544
1498 1936
1498 1955
1498 2185
1498 2467
1498 2996
1499 1618
1499 1787
1499 1789
1499 2581
1500 1989
1501 1721
1501 2085
1501 2163
1501 2270
1502 2289
1502 2507
1502 2678
1502 2762
1503 2245
1503 2727
1503 2793
1504 1903
1504 2403
1504 2995
1505 1641
1505 1814
1505 2588
1506 1697
1506 2737
1507 2558
1508 1681
1508 2183
1508 2410
1508 2502
1509 2287
1509 2425
1509 2439
1510 2164
1510 2269
1510 2304
1510 2339
1510 2518
1510 2651
1511 1655
1511 1708
1511 2092
1511 2497
1512 1796
1512 1947
1512 2008
1513 1674
1513 1686
1513 1833
1513 2348
1514 2512
1514 2723
1515 2408
1515 2571
1515 2657
1516 1852
1517 2043
1517 2047
1517 2720
1517 2813
1518 1537
1518 1884
1518 2478
1519 1549
1519 1840
1519 2150
1519 2249
1519 2857
1520 2280
1520 2406
1520 2923
1521 1864
1521 2021
1521 2108
1521 2342
1521 2432
1522 2245
1523 1901
1523 2239
1523 2532
1523 2585
1523 2951
1524 1661
1524 1852
1525 2024
1525 2720
1526 2474
1527 1599
1527 1954
1527 2020
1527 2329
1527 2339
1527 2366
1528 1553
1528 1616
1528 2234
1529 2015
1529 2727
1529 2807
1529 2820
1529 2927
1529 3000
1530 2392
1530 2807
1531 2220
1531 2388
1532 1648
1533 1814
1533 2237
1533 2246
1533 2913
1534 1971
1534 2099
1534 2580
1534 2636
1534 2945
1535 1607
1535 2495
1536 1899
1536 2082
1536 2381
1536 2436
1536 2695
1536 2772
1536 2990
1537 1677
1537 1776
1537 1832
1537 1872
1537 2345
1537 2881
1538 1814
1538 2092
1538 2388
1538 2608
1539 1982
1539 2311
1539 2375
1540 1803
1540 2075
1540 2533
1540 2854
1541 2383
1542 1631
1542 2070
1543 2656
1544 1999
1544 2137
1546 2819
1547 2446
1548 2489
1548 2599
1548 2754
1550 1837
1550 2231
1550 2336
1551 1778
1552 2483
1553 2265
1554 2079
1554 2131
1554 2186
1554 2399
1554 2409
1555 1852
1555 1920
1555 2124
1555 2683
1556 1882
1556 2264
1556 2916
1557 1721
1557 1850
1557 2160
1557 2398
1557 2530
1557 2568
1558 2048
1559 1577
1559 2133
1560 1654
1560 1946
1560 2124
1560 2333
1561 1576
1561 1852
1561 1943
1561 1973
1561 2116
1561 2646
1562 2643
1563 1675
1563 1923
1563 2598
1563 2897
1564 1692
1564 1826
1564 2770
1564 2935
1565 1910
1565 2083
1565 2729
1565 2740
1565 2892
1566 2791
1567 1962
1567 2728
1568 1604
1568 1614
1568 2684
1569 2305
1569 2462
1569 2697
1570 1620
1570 2958
1571 2102
1572 1589
1572 2733
1572 2896
1573 1694
1573 2222
1573 2286
1574 1660
1574 1681
1574 2539
1575 2283
1575 2383
1575 2868
1576 2929
1577 2220
1577 2435
1577 2496
1577 2820
1577 2824
1578 1646
1578 2904
1579 2349
1579 2720
1579 2817
1580 1693
1580 2911
1581 1797
1582 1633
1582 1925
1582 1953
1582 1990
1582 1995
1583 2588
1583 2780
1584 1913
1584 2165
1584 2906
1585 2591
1585 2630
1585 2680
1586 2242
1586 2599
1586 2634
1587 2100
1587 2312
1587 2827
1588 1729
1588 2671
1589 1919
1589 2333
1589 2454
1590 1828
1590 1888
1591 1936
1592 2270
1592 2955
1593 2071
1593 2711
1594 2207
1595 1695
1595 2531
1595 2657
1595 2806
1595 2965
1596 1731
1596 1946
1597 1632
1597 1655
1597 1951
1597 1967
1598 2517
1599 1896
1599 2623
1600 2001
1600 2392
1600 2470
1601 2310
1601 2847
1602 1756
1602 1801
1602 2354
1602 2424
1603 1761
1603 2120
1603 2582
1603 2719
1604 2145
1604 2350
1604 2419
1604 2439
1604 2484
1604 2989
1605 1847
1605 2727
1605 2946
1606 1734
1606 1807
1606 2565
1606 2721
1607 2392
1607 2524
1607 2994
1608 1726
1608 2605
1608 2861
1609 2604
1609 2764
1609 2766
1609 2864
1610 2433
1611 2271
1611 2293
1611 2617
1612 2553
1612 2599
1614 1647
1614 2075
1614 2605
1615 2642
1615 2702
1615 2869
1616 2487
1616 2840
1617 2146
1618 1712
1618 1824
1618 2340
1618 2425
1618 2611
1619 1686
1619 2127
1619 2213
1620 2599
1621 2136
1621 2386
1621 2669
1621 2902
1622 1669
1622 2000
1622 2754
1622 2963
1623 1747
1624 2350
1625 1898
1625 2423
1625 2500
1627 1775
1627 1834
1627 1876
1627 1949
1627 2123
1627 2557
1628 1702
1628 2014
1628 2019
1629 1740
1630 2486
1630 2818
1631 2452
1631 2484
1631 2803
1632 2177
1632 2911
1633 1654
1633 2593
1634 2829
1635 2240
1635 2571
1635 2739
1635 2972
1636 1958
1636 2442
1637 1715
1637 2307
1637 2514
1639 1775
1639 1801
1639 2406
1639 2878
1640 2047
1640 2476
1640 2516
1640 2639
1641 1790
1641 1813
1641 1833
1641 2680
1641 2733
1641 2967
1642 2822
1643 1890
1643 2380
1643 2419
1643 2508
1643 2774
1644 1805
1644 2337
1645 2040
1645 2067
1645 2070
1646 2434
1646 2579
1646 2782
1648 2509
1648 2660
1648 2767
1648 2821
1648 2864
1649 1779
1650 1737
1650 1987
1650 2770
1651 1952
1651 2768
1652 1851
1652 1897
1652 2334
1653 1866
1653 1992
1653 2671
1654 2003
1654 2482
1654 2866
1655 2387
1655 2999
1656 1999
1656 2100
1656 2217
1656 2538
1657 1866
1657 2047
1657 2603
1657 2810
1658 1758
1658 1972
1658 2168
1658 2698
1659 1838
1659 2582
1659 2748
1660 2540
1660 2880
1661 1780
1661 1831
1661 2235
1661 2848
1662 1951
1662 1996
1662 2419
1663 1997
1663 2079
1665 1901
1665 2025
1665 2068
1665 2566
1666 2361
1666 2810
1667 1697
1668 2266
1668 2506
1669 1705
1669 2275
1670 1885
1670 2228
1670 2803
1671 2031
1671 2659
1671 2979
1672 2091
1672 2795
1673 1764
1673 1985
1673 2102
1673 2197
1673 2399
1674 2220
1674 2367
1675 2307
1675 2509
1675 2755
1675 2824
1676 1977
1676 2323
1676 2972
1677 2227
1677 2304
1677 2624
1678 1689
1678 1814
1679 1823
1679 2213
1680 1687
1680 2476
1681 1974
1682 1707
1682 1915
1682 2103
1682 2343
1683 1809
1683 2235
1683 2276
1683 2582
1684 2254
1684 2515
1685 1720
1685 1816
1686 1769
1686 1825
1686 2413
1687 1957
1687 2316
1687 2802
1687 2814
1688 1711
1688 2045
1688 2186
1688 2488
1688 2502
1689 2541
1689 2599
1689 2633
1689 2749
1689 2889
1690 1815
1690 1984
1690 2081
1690 2453
1690 2682
1690 2760
1690 2909
1691 1749
1691 1778
1691 2075
1691 2091
1693 2496
1693 2931
1694 2369
1695 2298
1695 2604
1695 2892
1696 1891
1696 2043
1696 2435
1696 2595
1696 2984
1697 2046
1697 2300
1697 2490
1697 2971
1698 1797
1698 1986
1698 2456
1699 1870
1699 2645
1699 2675
1701 1850
1701 2276
1701 2448
1701 2766
1702 1973
1702 2530
1703 1905
1703 2229
1703 2602
1704 2115
1704 2344
1704 2584
1705 2726
1705 2772
1706 2403
1706 2464
1706 2697
1707 2361
1707 2752
1707 2977
1708 2932
1709 2236
1709 2922
1711 1891
1711 2131
1711 2442
1711 2779
1711 2997
1712 1864
1712 1971
1712 2020
1712 2701
1712 2813
1712 2815
1713 2371
1713 2848
1714 2331
1715 1784
1715 2493
1715 2498
1715 2945
1716 2117
1716 2327
1716 2640
1717 2910
1719 1736
1719 2161
1719 2400
1719 2637
1720 2124
1720 2154
1722 2102
1722 2160
1722 2548
1722 2677
1722 2963
1723 2084
1723 2160
1723 2457
1723 2883
1724 1934
1724 2414
1724 2675
1726 1881
1726 1906
1726 1957
1726 2076
1726 2098
1727 2504
1727 2895
1728 2025
1729 2414
1729 2859
1730 1879
1730 1968
1730 2177
1730 2893
1732 1836
1732 2470
1733 2049
1733 2958
1734 2128
1734 2585
1734 2590
1734 2593
1734 2857
1735 2580
1736 2534
1736 2876
1737 1973
1737 2537
1737 2637
1738 1934
1738 2034
1738 2120
1738 2629
1738 2759
1738 2762
1741 2489
1741 2634
1741 2963
1742 1852
1742 2148
1742 2321
1743 2213
1743 2387
1744 1980
1744 2042
1744 2845
1745 2490
1745 2831
1745 2868
1746 2009
1746 2133
1746 2579
1746 2806
1747 1789
1747 2052
1747 2055
1747 2298
1747 2432
1747 2521
1748 1763
1748 1781
1748 2152
1748 2301
1749 1821
1749 2953
1750 1770
1750 1826
1750 2460
1751 2617
1751 2719
1752 2164
1752 2366
1752 2813
1753 1776
1753 2550
1753 2743
1754 2441
1755 1762
1755 2244
1755 2316
1755 2828
1756 2568
1757 2667
1757 2709
1758 1963
1759 1818
1759 1828
1759 2076
1759 2280
1759 2693
1760 2260
1761 1848
1761 2209
1761 2930
1762 1877
1762 2771
1762 2935
1763 1849
1763 2509
1764 1836
1764 2241
1764 2352
1764 2781
1765 2550
1767 1787
1767 2160
1767 2984
1768 2745
1768 2943
1769 2602
1770 2221
1771 2363
1771 2564
1771 2753
1771 2785
1772 2101
1772 2524
1772 2873
1772 2934
1773 2596
1774 2017
1774 2928
1774 2951
1774 2957
1775 2812
1775 2853
1776 1887
1776 2092
1776 2420
1776 2938
1777 1862
1777 2491
1777 2743
1777 2903
1778 1855
1779 2064
1779 2335
1779 2377
1780 2697
1780 2949
1781 2583
1782 2038
1782 2116
1782 2298
1783 2229
1784 2289
1784 2303
1784 2849
1784 2950
1785 2265
1785 2845
1786 2966
1787 2175
1788 2881
1789 1898
1789 1932
1789 2239
1789 2482
1789 2693
1790 2718
1791 1812
1791 2864
1791 2888
1792 1812
1792 2243
1793 2206
1793 2679
1793 2794
1794 2523
1794 2539
1795 2019
1796 2800
1796 2856
1797 1944
1797 2372
1797 2539
1798 2600
1798 2612
1799 2125
1799 2296
1799 2534
1799 3000
1800 1816
1800 2045
1801 2490
1801 2714
1802 2497
1802 2708
1802 2840
1802 2933
1803 1967
1803 2945
1804 2196
1805 2582
1806 2558
1807 2843
1808 1886
1808 2192
1808 2500
1808 2815
1808 2860
1808 2893
1809 2194
1810 2657
1811 2389
1811 2445
1811 2468
1811 2526
1812 2492
1813 2284
1813 2620
1814 2912
1815 1969
1815 2942
1816 2279
1816 2382
1816 2525
1816 2921
1816 2962
1818 2202
1819 2563
1820 2009
1820 2355
1821 2015
1821 2359
1821 2377
1821 2672
1821 2721
1822 2437
1822 2494
1823 2229
1823 2721
1823 2761
1823 2781
1823 2924
1823 2975
1824 2254
1824 2370
1824 2632
1824 2660
1824 2962
1825 1967
1825 1986
1825 2040
1825 2560
1825 2907
1826 2216
1826 2261
1827 2009
1827 2346
1828 2057
1828 2096
1828 2801
1829 1904
1829 2439
1829 2694
1831 1837
1831 2628
1832 1873
1832 2317
1832 2808
1833 2300
1833 2646
1833 2652
1834 2340
1834 2906
1835 2072
1835 2294
1836 1922
1837 2381
1837 2597
1838 2166
1839 2262
1839 2418
1839 2928
1839 2947
1840 2238
1840 2324
1840 2645
1841 1882
1841 2950
1842 1905
1842 2210
1842 2560
1842 2678
1843 2253
1843 2254
1844 2704
1845 2015
1845 2395
1848 2426
1849 2523
1850 2655
1851 2276
1852 2816
1853 2145
1853 2671
1853 2947
1854 2207
1854 2934
1855 1925
1855 2515
1855 2734
1855 2928
1855 2956
1855 2964
1856 1928
1856 2824
1857 2549
1858 2777
1858 2912
1858 2942
1858 2951
1859 1959
1859 2234
1859 2513
1859 2561
1859 2819
1859 2876
1860 2030
1861 2691
1863 2175
1863 2579
1865 2136
1865 2658
1866 1959
1866 2581
1867 1924
1867 2072
1867 2380
1867 2723
1868 1937
1868 2188
1868 2435
1868 2985
1869 1974
1869 2766
1869 2953
1870 2234
1870 2466
1870 2994
1871 2019
1871 2135
1871 2649
1871 2685
1872 2172
1872 2643
1872 2775
1872 2911
1873 2695
1874 2100
1874 2557
1874 2727
1875 1959
1875 2028
1875 2213
1875 2231
1875 2869
1877 2073
1878 2041
1878 2076
1878 2808
1879 1935
1879 2115
1879 2618
1879 2688
1880 2229
1880 2902
1881 1985
1881 2808
1882 2023
1882 2115
1883 2527
1884 1971
1884 2458
1885 1965
1886 2197
1886 2342
1886 2407
1886 2783
1887 2189
1888 1996
1888 2660
1889 2085
1889 2817
1890 2866
1890 2923
1891 2704
1892 2394
1893 1944
1893 2277
1893 2370
1894 1904
1894 1990
1894 2509
1894 2696
1894 2927
1895 2242
1895 2900
1895 2922
1895 2945
1896 2340
1896 2387
1897 2349
1897 2411
1897 2848
1899 2096
1899 2449
1900 2446
1901 2319
1901 2485
1901 2576
1902 2073
1902 2185
1902 2998
1903 2514
1904 2167
1904 2183
1904 2259
1904 2394
1904 2405
1904 2817
1905 2396
1905 2473
1905 2506
1907 2087
1907 2172
1907 2376
1907 2776
1908 2959
1909 2119
1909 2409
1909 2652
1909 2739
1909 2833
1909 2953
1910 2881
1911 2059
1912 2198
1912 2453
1913 1945
1913 2162
1913 2633
1914 1973
1914 2282
1914 2497
1915 2474
1915 2850
1916 2082
1916 2196
1917 2003
1919 1926
1919 2843
1919 2920
1920 2891
1921 2335
1922 2558
1922 2883
1924 2522
1925 2413
1925 2435
1925 2959
1926 1954
1926 2206
1926 2785
1927 2806
1927 2841
1928 2102
1928 2480
1928 2559
1929 2254
1929 2969
1930 2722
1930 2833
1931 2265
1931 2535
1932 2113
1932 2512
1933 2612
1934 2226
1934 2925
1934 2964
1934 2974
1935 2578
1935 2651
1935 2771
1936 2816
1936 2927
1938 2106
1938 2719
1939 2106
1939 2504
1940 2189
1940 2442
1941 2004
1941 2073
1941 2468
1942 2455
1942 2802
1943 2749
1943 2807
1944 2294
1944 2427
1944 2606
1944 2781
1944 2840
1944 2849
1945 2920
1946 2543
1946 2633
1946 2671
1947 1994
1947 2558
1947 2634
1947 2647
1947 2860
1948 2402
1949 2465
1950 2603
1950 2681
1951 2133
1951 2683
1951 2891
1952 2045
1952 2270
1952 2282
1952 2653
1953 2684
1953 2716
1954 1978
1954 2054
1955 2691
1956 2882
1957 2056
1957 2271
1957 2336
1957 2357
1957 2470
1957 2729
1958 2240
1959 2858
1960 2679
1961 1999
1961 2213
1961 2383
1961 2413
1961 2779
1962 2068
1962 2184
1962 2248
1962 2554
1963 2403
1964 2265
1964 2533
1964 2627
1965 2620
1965 2903
1966 2634
1967 2330
1967 2505
1967 2689
1967 2861
1968 2307
1968 2474
1968 2604
1969 2321
1969 2875
1971 2428
1973 2551
1973 2697
1973 2701
1974 2573
1975 2108
1975 2279
1975 2367
1978 2095
1978 2363
1978 2556
1978 2993
1980 2610
1980 2731
1981 2164
1982 2308
1983 2370
1983 2385
1983 2665
1983 2681
1984 2273
1984 2349
1984 2619
1984 2811
1985 2672
1985 2755
1985 2995
1986 2302
1986 2671
1987 2777
1988 2253
1989 2624
1990 2223
1991 2786
1992 2029
1994 2005
1995 2442
1995 2763
1996 2064
1998 2267
1998 2626
2000 2827
2001 2597
2001 2680
2002 2990
2003 2370
2004 2055
2004 2395
2004 2893
2005 2342
2005 2741
2005 2887
2005 2923
2006 2175
2006 2202
2006 2467
2006 2684
2007 2724
2007 2775
2008 2623
2008 2706
2008 2814
2010 2120
2010 2989
2011 2486
2011 2495
2011 2529
2012 2890
2012 2902
2013 2058
2014 2202
2014 2351
2015 2257
2015 2654
2015 2757
2015 2977
2016 2366
2016 2590
2018 2172
2018 2233
2018 2441
2018 2483
2019 2399
2019 2738
2019 2924
2020 2181
2020 2344
2020 2567
2021 2275
2021 2568
2022 2324
2022 2600
2023 2059
2023 2123
2023 2161
2023 2450
2024 2494
2024 2591
2024 2828
2024 2860
2024 2917
2025 2446
2025 2532
2025 2806
2025 2849
2026 2133
2026 2252
2028 2201
2028 2475
2029 2765
2030 2340
2031 2820
2031 2895
2032 2977
2033 2914
2034 2241
2034 2462
2034 2960
2035 2057
2036 2580
2036 2885
2037 2143
2037 2874
2037 2949
2038 2266
2038 2304
2038 2551
2038 2702
2039 2743
2040 2341
2041 2276
2041 2743
2041 2788
2042 2547
2043 2048
2043 2149
2043 2503
2044 2173
2044 2293
2044 2489
2045 2477
2045 2489
2046 2172
2046 2224
2046 2502
2047 2086
2047 2104
2047 2331
2048 2179
2048 2310
2048 2413
2048 2708
2048 2867
2050 2086
2050 2103
2050 2477
2053 2490
2053 2809
2053 2886
2055 2349
2055 2483
2055 2944
2057 2353
2057 2916
2057 2953
2058 2210
2058 2445
2058 2746
2059 2778
2060 2073
2061 2099
2061 2248
2061 2282
2061 2415
2062 2456
2062 2842
2063 2732
2063 2873
2064 2134
2064 2266
2064 2514
2064 2604
2065 2602
2065 2875
2066 2104
2066 2275
2066 2357
2066 2403
2067 2747
2067 2846
2067 2974
2068 2356
2068 2568
2068 2584
2068 2894
2069 2702
2071 2931
2073 2672
2074 2348
2074 2601
2074 2770
2074 2801
2075 2216
2075 2786
2075 2857
2076 2247
2077 2354
2077 2551
2077 2766
2078 2280
2078 2828
2078 2906
2079 2099
2079 2625
2080 2810
2081 2448
2081 2453
2082 2314
2083 2162
2083 2771
2083 2842
2084 2409
2084 2796
2085 2346
2085 2500
2085 2907
2086 2595
2087 2415
2088 2284
2089 2250
2089 2398
2090 2690
2091 2523
2091 2779
2092 2786
2092 2822
2092 2866
2093 2894
2094 2135
2095 2215
2095 2612
2096 2444
2096 2914
2097 2325
2097 2646
2098 2228
2098 2836
2098 2838
2099 2263
2099 2724
2100 2163
2100 2188
2100 2382
2102 2236
2103 2766
2103 2967
2104 2515
2104 2653
2104 2709
2104 2819
2105 2534
2106 2147
2106 2192
2106 2443
2106 2568
2107 2109
2107 2645
2107 2801
2107 2812
2107 2879
2108 2916
2109 2296
2109 2615
2111 2486
2112 2125
2112 2709
2112 2811
2113 2616
2113 2690
2113 2858
2114 2208
2114 2296
2114 2707
2115 2444
2115 2478
2116 2197
2116 2214
2116 2238
2116 2242
2116 2378
2116 2436
2116 2576
2117 2374
2119 2451
2120 2307
2120 2396
2121 2419
2121 2744
2122 2639
2122 2844
2122 2879
2123 2818
2123 2909
2125 2761
2126 2199
2127 2143
2127 2254
2127 2514
2127 2974
2130 2327
2131 2170
2131 2254
2132 2187
2132 3000
2133 2231
2135 2746
2136 2299
2137 2673
2139 2616
2139 2628
2141 2189
2141 2420
2141 2812
2142 2497
2142 2547
2143 2529
2144 2719
2145 2208
2145 2210
2145 2542
2145 2973
2146 2585
2146 2913
2147 2276
2147 2748
2148 2217
2148 2514
2148 2875
2151 2153
2151 2640
2152 2562
2152 2673
2152 2784
2154 2845
2155 2420
2155 2975
2156 2262
2156 2931
2156 2954
2157 2720
2158 2411
2158 2600
2160 2400
2160 2941
2161 2476
2161 2687
2161 2928
2162 2475
2162 2717
2162 2904
2163 2715
2164 2465
2165 2780
2166 2285
2166 2550
2166 2602
2167 2776
2168 2527
2169 2594
2171 2396
2171 2694
2172 2255
2172 2536
2172 2966
2173 2499
2174 2201
2174 2584
2174 2746
2175 2906
2176 2979
2177 2412
2178 2588
2179 2302
2179 2310
2179 2976
2180 2523
2180 2620
2180 2700
2181 2492
2181 2867
2182 2272
2182 2607
2184 2684
2186 2242
2187 2466
2187 2711
2187 2855
2188 2370
2188 2545
2189 2851
2190 2327
2190 2918
2191 2319
2191 2931
2191 2955
2192 2267
2193 2738
2194 2221
2194 2264
2196 2280
2196 2865
2197 2462
2197 2773
2198 2520
2198 2730
2199 2231
2199 2268
2200 2651
2201 2872
2202 2562
2202 2970
2203 2373
2204 2910
2205 2739
2205 2839
2207 2292
2208 2220
2208 2445
2208 2796
2209 2452
2209 2793
2209 2798
2210 2644
2210 2763
2210 2940
2211 2642
2212 2624
2212 2844
2212 2908
2212 2995
2213 2716
2214 2600
2218 2779
2219 2708
2220 2505
2221 2381
2222 2670
2223 2335
2223 2394
2223 2405
2223 2449
2224 2758
2225 2688
2227 2442
2227 2743
2228 2655
2229 2436
2229 2440
2230 2445
2230 2853
2231 2611
2231 2841
2231 2899
2233 2895
2234 2308
2234 2622
2235 2517
2235 2537
2236 2304
2236 2526
2239 2729
2241 2392
2242 2493
2242 2951
2243 2329
2243 2844
2244 2788
2245 2672
2246 2682
2246 2835
2246 2918
2247 2253
2247 2282
2248 2538
2249 2414
2250 2813
2251 2425
2251 2436
2251 2531
2251 2839
2252 2293
2253 2886
2254 2666
2255 2305
2256 2536
2256 2642
2257 2486
2258 2825
2259 2625
2261 2506
2261 2801
2263 2419
2263 2454
2263 2650
2263 2655
2263 2679
2266 2494
2266 2605
2266 2663
2267 2952
2268 2536
2269 2514
2269 2529
2270 2560
2271 2876
2272 2601
2273 2459
2273 2464
2274 2469
2274 2711
2274 2873
2275 2911
2277 2696
2278 2412
2278 2485
2278 2513
2278 2536
2278 2834
2279 2812
2280 2326
2281 2858
2284 2779
2285 2697
2287 2327
2287 2527
2291 2633
2292 2399
2292 2806
2293 2579
2293 2925
2294 2683
2295 2334
2295 2431
2295 2567
2295 2603
2298 2354
2298 2422
2298 2844
2298 2980
2299 2345
2299 2843
2300 2588
2301 2478
2303 2886
2304 2603
2304 2729
2305 2482
2306 2732
2307 2555
2307 2809
2308 2585
2308 2872
2310 2508
2310 2748
2311 2609
2312 2533
2312 2593
2312 2893
2313 2520
2314 2606
2314 2890
2314 2949
2316 2496
2316 2525
2316 2601
2316 2807
2317 2617
2318 2447
2318 2959
2319 2430
2319 2920
2321 2617
2322 2332
2322 2457
2322 2561
2323 2342
2323 2533
2324 2334
2325 2401
2327 2380
2327 2655
2327 2743
2327 2983
2328 2763
2330 2690
2331 2806
2331 2936
2334 2555
2335 2838
2336 2828
2336 2911
2337 2694
2338 2608
2338 2909
2339 2449
2339 2870
2341 2410
2341 2578
2341 2691
2341 2995
2342 2367
2342 2616
2342 2688
2344 2457
2344 2495
2344 2655
2345 2617
2345 2619
2346 2551
2346 2914
2346 2937
2347 2357
2347 2495
2347 2990
2350 2810
2351 2514
2353 2522
2354 2636
2354 2711
2355 2504
2355 2862
2355 2899
2356 2734
2356 2918
2358 2425
2358 2541
2358 2721
2360 2745
2361 2449
2362 2696
2362 2884
2363 2489
2364 2538
2364 2684
2364 2717
2364 2797
2365 2445
2366 2617
2367 2455
2367 2712
2369 2689
2370 2406
2370 2480
2372 2516
2372 2588
2373 2820
2374 2465
2376 2392
2376 2483
2376 2753
2376 2809
2377 2602
2377 2787
2378 2442
2378 2784
2380 2500
2380 2555
2380 2855
2380 2897
2381 2567
2381 2682
2382 2641
2382 2643
2383 2914
2384 2602
2385 2448
2386 2712
2386 2861
2387 2616
2388 2448
2388 2517
2388 2701
2389 2459
2389 2901
2390 2642
2390 2983
2392 2622
2392 2631
2393 2619
2393 2876
2393 2932
2395 2398
2396 2420
2396 2729
2396 2914
2398 2512
2398 2793
2398 2874
2399 2578
2400 2649
2401 2556
2401 2665
2401 2696
2401 2797
2401 2869
2401 2982
2403 2899
2403 2978
2404 2719
2407 2988
2409 2918
2410 2638
2410 2777
2411 2630
2411 2781
2413 2419
2413 2999
2415 2835
2415 2969
2416 2675
2416 2991
2418 2766
2418 2850
2419 2881
2419 2905
2420 2441
2421 2611
2422 2762
2423 2499
2423 2805
2424 2932
2426 2995
2427 2451
2427 2813
2427 2939
2428 2584
2430 2996
2433 2517
2433 2974
2433 2996
2436 2451
2436 2518
2437 2609
2439 2613
2439 2794
2439 2982
2440 2791
2442 2681
2443 2589
2443 2681
2445 2529
2445 2825
2447 2988
2448 2875
2448 2916
2451 2679
2453 2537
2454 2723
2454 2744
2454 2945
2455 2655
2457 2816
2458 2706
2459 2748
2461 2931
2462 2543
2462 2568
2462 2908
2464 2553
2465 2691
2466 2850
2466 2978
2468 2715
2468 2748
2469 2778
2469 2802
2470 2562
2470 2600
2470 2669
2471 2557
2471 2762
2471 2923
2472 2815
2473 2585
2474 2490
2474 2736
2476 2548
2477 2744
2478 2642
2478 2701
2480 2557
2481 2682
2483 2749
2484 2683
2487 2569
2488 2493
2494 2769
2496 2688
2497 2913
2501 2877
2503 2552
2503 2996
2508 2648
2508 2911
2510 2579
2510 2637
2510 2763
2510 2955
2510 2986
2511 2744
2512 2832
2512 2854
2513 2909
2513 2983
2516 2674
2517 2697
2519 2831
2519 2839
2520 2930
2521 2998
2522 2809
2523 2592
2523 2802
2524 2785
2526 2830
2526 2921
2527 2789
2530 2571
2530 2601
2531 2824
2532 2652
2534 2571
2534 2650
2534 2680
2535 2938
2536 2587
2536 2724
2536 2739
2536 2873
2537 2865
2537 2955
2539 2987
2540 2648
2541 2881
2542 2810
2544 2546
2546 2708
2546 2880
2546 2996
2550 2730
2551 2839
2552 2879
2553 2577
2553 2592
2554 2592
2555 2958
2556 2773
2558 2654
2561 2782
2562 2666
2562 2734
2562 2851
2563 2830
2564 2958
2565 2818
2567 2914
2568 2686
2569 2803
2569 2910
2570 2836
2572 2699
2575 2591
2576 2811
2577 2844
2578 2587
2578 2591
2579 2840
2583 2765
2583 2854
2583 2929
2586 2671
2586 2724
2587 2796
2588 2808
2591 2666
2591 2667
2593 2671
2593 2937
2594 2917
2595 2860
2597 2865
2597 2873
2598 2908
2598 2961
2600 2713
2604 2624
2604 2856
2605 2870
2606 2819
2609 2892
2613 2812
2614 2958
2616 2892
2617 2810
2619 2836
2621 2899
2623 2791
2626 2715
2626 2939
2627 2771
2629 2738
2632 2805
2632 2885
2632 2896
2633 2688
2636 2807
2637 2700
2637 2805
2638 2641
2640 2744
2641 2984
2641 2991
2642 2669
2643 2882
2645 2695
2649 2722
2649 2766
2650 2669
2651 2851
2652 2655
2652 2789
2653 3000
2654 2954
2655 2721
2655 2809
2656 2844
2656 2845
2656 2856
2659 2683
2660 2734
2660 2904
2661 2994
2662 2893
2663 2786
2666 2959
2667 2935
2671 2715
2673 2763
2675 2842
2677 2835
2677 2879
2679 2928
2680 2783
2680 2786
2680 2846
2682 2687
2688 2772
2689 2946
2690 2740
2690 2994
2691 2910
2695 2698
2696 2725
2698 2893
2701 2968
2703 2871
2704 2961
2705 2988
2706 2887
2709 2972
2711 2757
2711 2856
2712 2857
2712 2916
2713 2952
2713 2954
2713 2995
2714 2767
2715 2863
2715 2960
2719 2756
2722 2855
2723 2937
2725 2792
2725 2937
2726 2741
2727 2926
2728 2833
2729 2873
2736 2893
2742 2831
2743 2805
2743 2833
2743 2852
2745 2897
2748 2814
2750 2892
2753 2900
2756 2836
2756 2918
2762 2801
2767 2863
2771 3000
2772 2777
2773 2966
2777 2870
2778 2878
2778 2959
2783 2792
2785 2950
2786 2845
2787 2801
2790 2932
2795 2945
2796 2821
2799 2943
2800 2867
2804 2878
2804 2994
2805 2896
2808 2911
2813 2861
2818 2990
2819 2877
2826 2860
2832 2991
2834 2923
2840 2872
2841 2892
2843 2961
2844 2899
2845 2967
2851 2901
2861 2949
2861 2977
2867 2917
2869 2915
2872 2968
2887 2994
2888 3000
2898 2960
2902 2987
2916 2968
2917 2998
2918 2975
2924 2960
2932 2997
2933 2962
2940 2959
2956 2979
2957 2964
2969 2981
2969 2992
2971 2973
2984 2985
