4500 6750
587 1671
587 1965
587 1852
1671 980
1671 4406
43 1315
43 1046
43 254
1315 3900
1315 192
3496 3814
3496 561
3496 3068
3814 1941
3814 4405
326 849
326 4105
326 1374
849 1751
849 3545
811 2355
811 3131
811 1943
2355 4260
2355 666
3511 3533
3511 2358
3511 1556
3533 3007
3533 1997
2266 3507
2266 210
2266 756
3507 4154
3507 597
2295 4208
2295 3486
2295 1949
4208 1792
4208 3319
1878 2873
1878 1215
1878 1312
2873 2766
2873 477
813 1317
813 2536
813 668
1317 3401
1317 2500
4108 4462
4108 3210
4108 2789
4462 121
4462 3835
1052 1370
1052 547
1052 3846
1370 439
1370 957
368 4121
368 1320
368 2008
4121 1431
4121 3788
2704 3625
2704 4230
2704 2709
3625 4460
3625 4145
814 3124
814 3497
814 657
3124 1744
3124 3817
1048 3062
1048 3697
1048 3619
3062 2205
3062 816
1500 4391
1500 3764
1500 2209
4391 508
4391 1829
3431 4075
3431 2421
3431 61
4075 3897
4075 2914
3219 4192
3219 2937
3219 2945
4192 2738
4192 2188
1185 2249
1185 1966
1185 2573
2249 2540
2249 3327
2839 3382
2839 1492
2839 254
3382 1627
3382 3893
272 747
272 1944
272 1618
747 3558
747 3385
1863 2349
1863 4005
1863 1259
2349 420
2349 64
1765 1777
1765 720
1765 367
1777 3920
1777 4217
359 3375
359 2221
359 2336
3375 522
3375 1121
954 2501
954 262
954 1850
2501 2285
2501 2420
783 2619
783 4345
783 1733
2619 4432
2619 3791
609 1271
609 3048
609 2353
1271 3366
1271 1196
1235 1962
1235 3044
1235 1103
1962 67
1962 1382
1193 3951
1193 1537
1193 2093
3951 112
3951 3469
526 2670
526 575
526 2008
2670 3804
2670 1858
584 1628
584 1207
584 3544
1628 1931
1628 388
2182 4172
2182 3316
2182 230
4172 2402
4172 1431
468 3668
468 3564
468 248
3668 4073
3668 2144
1612 2070
1612 1812
1612 2585
2070 1412
2070 757
108 881
108 3690
108 2868
881 2132
881 935
2126 2291
2126 103
2126 95
2291 3768
2291 1326
495 4259
495 517
495 2318
4259 862
4259 2192
4159 4238
4159 1057
4159 6
4238 2287
4238 1309
854 2391
854 3237
854 765
2391 2201
2391 2371
2722 2810
2722 2865
2722 3582
2810 917
2810 686
2209 3228
2209 222
3228 850
3228 4295
2226 2643
2226 1228
2226 3459
2643 3916
2643 4441
3081 3157
3081 861
3081 1948
3157 1406
3157 2848
383 4203
383 3033
383 3114
4203 4289
4203 2583
1393 2147
1393 70
1393 2553
2147 4368
2147 4342
3464 3568
3464 2293
3464 1585
3568 3673
3568 2523
1011 3664
1011 369
1011 3051
3664 3462
3664 3999
599 4393
599 4142
599 2244
4393 3485
4393 3483
344 2154
344 2210
344 1739
2154 845
2154 2547
1784 3587
1784 3468
1784 667
3587 523
3587 1858
2293 2478
2293 1936
4230 2077
4230 1718
899 4133
899 2384
899 998
4133 3132
4133 3186
454 2928
454 2261
454 1717
2928 3104
2928 183
1397 3326
1397 3919
1397 501
3326 1236
3326 710
748 931
748 2651
748 44
931 3457
931 3659
27 3120
27 2102
27 523
3120 1194
3120 483
3768 2491
3768 143
3031 3578
3031 3798
3031 503
3578 3645
3578 3467
2229 3829
2229 1352
2229 3473
3829 2436
3829 2153
2440 4278
2440 121
2440 1901
4278 2587
4278 292
1301 1524
1301 1757
1301 3095
1524 2068
1524 432
917 2198
917 750
5 1533
5 4327
5 4123
1533 512
1533 1092
2458 4066
2458 99
2458 3896
4066 4324
4066 265
611 2740
611 2308
611 902
2740 151
2740 409
1786 4427
1786 2974
1786 1970
4427 1542
4427 554
1981 4114
1981 3290
1981 3327
4114 4250
4114 1642
1470 3144
1470 2694
1470 4041
3144 787
3144 1892
3662 4212
3662 2217
3662 3092
4212 4387
4212 2765
1663 2263
1663 2806
1663 1349
2263 1606
2263 3178
808 2880
808 3102
808 153
2880 446
2880 3798
338 1948
338 213
338 3849
1948 1740
1191 3850
1191 753
1191 4252
3850 390
3850 4073
558 3937
558 51
558 450
3937 1523
3937 4341
1793 3891
1793 2776
1793 2502
3891 1270
3891 287
1323 2693
1323 3236
1323 2833
2693 1690
2693 4343
784 2644
784 1158
784 2300
2644 3930
2644 3420
1331 2059
1331 309
1331 3607
2059 725
2059 2346
1076 1769
1076 3422
1076 3526
1769 2906
1769 2776
1275 2918
1275 788
1275 3413
2918 4158
2918 2717
638 3758
638 4413
638 1125
3758 268
3758 1422
686 2523
686 3299
2523 3879
532 4271
532 3312
532 100
4271 21
4271 1755
654 3473
654 1167
654 3834
3473 541
357 4418
357 3942
357 2522
4418 3246
4418 2564
409 4056
409 637
4056 2563
4056 1554
3532 4465
3532 1543
3532 3426
4465 2621
4465 670
164 3996
164 46
164 309
3996 1205
3996 1348
183 1794
183 3462
1794 901
1794 1693
241 3196
241 1983
241 3810
3196 3213
3196 531
306 2359
306 991
306 3947
2359 1753
2359 303
2178 3449
2178 3060
2178 2302
3449 1620
3449 1224
3224 3302
3224 2191
3224 3118
3302 1700
3302 591
1828 3336
1828 463
1828 2004
3336 819
3336 1025
1618 4280
1618 1053
4280 2191
4280 2088
2681 2794
2681 2191
2681 1356
2794 977
2794 2122
487 1387
487 1528
487 4373
1387 3957
1387 2716
3122 4422
3122 1822
3122 1831
4422 4395
4422 817
90 3902
90 3206
90 804
3902 948
3902 1851
212 2616
212 222
212 831
2616 284
2616 2842
2375 2579
2375 2594
2375 868
2579 2941
2579 3912
2455 4265
2455 392
2455 200
4265 2724
4265 1494
335 858
335 761
335 1606
858 1958
858 3300
3251 3381
3251 226
3251 452
3381 690
3381 3274
2186 3057
2186 2179
2186 4006
3057 3881
3057 304
794 1143
794 874
794 236
1143 1082
1143 3818
719 969
719 2980
719 2221
969 2627
969 4349
994 2894
994 919
994 82
2894 1678
2894 4174
464 1911
464 2302
464 3707
1911 2587
1911 1427
283 1341
283 1572
283 1043
1341 3658
1341 1808
721 749
721 988
721 1453
749 373
749 3330
1238 2207
1238 3231
1238 1297
2207 3617
2207 4237
195 2396
195 4352
195 4020
2396 1176
2396 2641
169 1175
169 3881
169 4334
1175 2397
1175 2941
167 2563
167 2592
167 3077
2563 893
22 1916
22 2852
22 3192
1916 2820
1916 2188
1006 2315
1006 3285
1006 1405
2315 441
2315 2236
836 3072
836 2990
836 876
3072 2340
3072 3322
1263 2910
1263 97
1263 39
2910 684
2910 3815
151 1058
151 1161
135 2732
135 130
135 4370
2732 4109
2732 2159
2953 3966
2953 641
2953 4128
3966 3154
3966 3348
3495 4020
3495 1253
3495 2623
4020 1371
1979 3760
1979 2502
1979 1225
3760 1675
3760 4356
107 2404
107 1037
107 3953
2404 4383
2404 2590
1476 3139
1476 2465
1476 3443
3139 3790
3139 2938
3172 4269
3172 2386
3172 935
4269 1075
4269 2828
1040 1791
1040 539
1040 4210
1791 1808
1791 1971
1112 3128
1112 2089
1112 2148
3128 3748
3128 3885
1286 3429
1286 2096
1286 2211
3429 1401
3429 2528
2203 3589
2203 4333
2203 201
3589 1080
3589 2607
544 2792
544 4322
544 3993
2792 3779
2792 873
2354 3004
2354 2510
2354 1954
3004 4031
3004 982
1607 4009
1607 3922
1607 1984
4009 938
4009 262
270 1994
270 2909
270 370
1994 1651
1994 3258
1624 3424
1624 1343
1624 2964
3424 1375
3424 2999
459 3916
459 4050
459 1202
3916 1030
2864 4274
2864 4363
2864 699
4274 1582
4274 4380
732 4011
732 14
732 1926
4011 3819
4011 2584
44 3408
44 1247
3408 3218
3408 677
1199 1676
1199 4317
1199 1299
1676 1106
1676 3549
228 950
228 1320
228 2481
950 2657
950 1774
138 2225
138 3399
138 3294
2225 1657
2225 148
771 1643
771 3046
771 3697
1643 76
1643 3227
3047 3577
3047 3084
3047 565
3577 2017
3577 2694
2412 2837
2412 91
2412 238
2837 700
2837 3877
1075 1770
1075 947
1899 3255
1899 141
1899 672
3255 1010
3255 621
2389 3119
2389 4022
2389 258
3119 1445
3119 690
561 181
561 1566
143 1522
143 3303
1522 3545
1522 3403
3104 1652
3104 1530
1474 3722
1474 3265
1474 3611
3722 2761
3722 2869
1775 2667
1775 2242
1775 460
2667 3025
2667 3137
2199 4126
2199 2312
2199 2561
4126 3765
4126 3808
1201 3563
1201 2689
1201 1610
3563 2504
3563 3953
2994 3579
2994 3501
2994 3214
3579 346
3579 35
235 2171
235 3080
235 4494
2171 3729
2171 770
2556 3353
2556 2164
2556 1357
3353 792
3353 949
895 3907
895 2127
895 1922
3907 2230
3907 3042
1065 4318
1065 1181
1065 4204
4318 2197
4318 3679
516 2827
516 3986
516 2917
2827 4072
2827 1626
1632 4136
1632 2282
1632 1881
4136 3800
4136 3621
754 1423
754 4256
754 1023
1423 2049
1423 2628
506 1358
506 2065
506 3289
1358 543
1358 2029
1306 4151
1306 2164
1306 673
4151 2075
4151 449
724 2978
724 2975
724 3862
2978 556
2978 642
502 4097
502 3257
502 2327
4097 4345
4097 2463
1279 3725
1279 1327
1279 1349
3725 1435
3725 2340
2332 3729
2332 4110
2332 1195
3729 1525
2369 2830
2369 2294
2369 1265
2830 3684
2830 1248
65 3012
65 1584
65 1926
3012 666
3012 4120
3155 3244
3155 4270
3155 1919
3244 1359
3244 4010
3739 3975
3739 3539
3739 1403
3975 2362
3975 2673
4387 2764
4387 4118
855 2121
855 3825
855 3173
2121 2589
2121 4233
2079 3670
2079 3475
2079 498
3670 828
3670 1712
2676 3660
2676 634
2676 1664
3660 1316
3660 2144
2652 3074
2652 699
2652 2112
3074 2861
3074 2980
207 2314
207 3541
207 650
2314 4123
2314 2769
221 263
221 2988
221 1575
263 34
263 958
3837 4217
3837 4223
3837 1579
4217 3090
268 977
268 4419
32 2727
32 199
32 1564
2727 328
2727 2208
1453 3918
1453 1190
3918 2220
3918 1420
3220 3531
3220 2636
3220 1414
3531 1536
3531 2695
3133 4286
3133 3065
3133 3112
4286 2972
4286 3599
1020 1821
1020 633
1020 1960
1821 797
1821 404
2356 2379
2356 715
2356 4209
2379 1677
2379 2385
651 1429
651 4000
651 3414
1429 2155
1429 355
3439 4477
3439 2220
3439 2979
4477 1664
4477 3345
2344 4476
2344 3745
2344 1856
4476 329
4476 613
792 4293
792 2350
4293 3743
4293 4138
1373 1535
1373 2033
1373 2840
1535 1514
1535 396
2044 2228
2044 2931
2044 3597
2228 4440
2228 2581
2799 2841
2799 2086
2799 4332
2841 3042
2841 4438
839 1372
839 1554
839 2856
1372 1788
1372 2212
775 4060
775 2061
775 4204
4060 3832
4060 3614
389 4290
389 1950
389 3857
4290 3624
4290 725
2651 217
2651 239
170 2674
170 1854
170 3868
2674 2482
2674 1977
734 2258
734 914
734 2829
2258 823
2258 461
2137 2577
2137 3806
2137 2842
2577 1364
2577 4492
886 1834
886 417
886 3810
1834 1302
1834 932
2336 3955
2336 3459
3955 1093
3955 1216
2850 3910
2850 1835
2850 3202
3910 4371
3910 4216
1649 2759
1649 2036
1649 4361
2759 1014
2759 3423
2268 2508
2268 2103
2268 1652
2508 3266
2508 647
3947 3994
3947 337
3994 1148
3994 3543
2846 3158
2846 725
2846 378
3158 54
3158 2028
787 4040
787 1057
910 1494
910 2125
910 1328
1494 2015
565 1496
565 4489
1496 299
1496 3871
171 4080
171 1041
171 2915
4080 2343
4080 3376
835 1091
835 109
835 3277
1091 2738
1091 3480
1886 3237
1886 1822
1886 416
3237 4107
824 2659
824 1345
824 4051
2659 4007
2659 3699
972 1325
972 3863
972 3071
1325 1444
1325 967
3246 3214
3246 1122
3368 3849
3368 607
3368 2730
3849 1619
1272 3014
1272 1509
1272 1026
3014 1305
3014 3611
491 4435
491 1060
491 1174
4435 1933
4435 3555
208 1114
208 2489
208 1544
1114 1499
1114 1188
4256 1333
4256 1917
1664 2825
788 2857
788 3291
2857 261
2857 3016
2214 2406
2214 4105
2214 2437
2406 629
2406 3913
961 2785
961 256
961 3970
2785 3141
2785 3908
978 4415
978 1445
978 2938
4415 3176
4415 4392
2506 4500
2506 1101
2506 1908
4500 1551
4500 1182
656 4135
656 2737
656 2244
4135 1149
4135 4273
820 3011
820 1575
820 882
3011 3156
3011 243
1670 3181
1670 3198
1670 941
3181 2821
3181 1732
371 2690
371 411
371 3569
2690 497
2690 412
1206 1505
1206 2581
1206 1157
1505 3107
1505 1914
3468 2248
3468 4007
702 2911
702 3115
702 4338
2911 2920
2911 2630
1557 3425
1557 1558
1557 1113
3425 536
3425 4041
2649 3394
2649 328
2649 1501
3394 3515
3394 2562
28 3640
28 3713
28 1034
3640 3558
3640 2500
3883 3904
3883 3309
3883 285
3904 458
3904 533
1541 3602
1541 1703
1541 229
3602 574
3602 3869
123 1662
123 1583
123 2200
1662 3629
1662 2813
2988 4119
2988 4187
1745 2843
1745 1057
1745 4460
2843 1295
2843 1709
556 3856
556 1348
289 3617
289 845
289 4332
3617 1142
709 3974
709 2346
709 1304
3974 435
3974 1951
560 3851
560 3506
560 2250
3851 330
3851 3613
789 1459
789 2521
789 2525
1459 1512
1459 269
1611 3782
1611 274
1611 841
3782 4128
3782 3379
1653 4193
1653 882
1653 250
4193 870
4193 1165
762 1770
762 1975
762 4115
1770 518
1403 4247
1403 2193
4247 1342
4247 1958
959 4499
959 1902
959 3724
4499 1517
4499 3432
1623 2035
1623 967
1623 3289
2035 3241
2035 2979
260 2054
260 1843
260 3865
2054 2972
2054 2734
807 1634
807 3932
807 3641
1634 1523
1634 1925
1340 1868
1340 155
1340 233
1868 4328
1868 2408
2511 3113
2511 4220
2511 520
3113 2053
3113 2592
3164 3183
3164 76
3164 4063
3183 1092
3183 2516
2181 3652
2181 1737
2181 1367
3652 4147
3652 3827
2110 2954
2110 1795
2110 3632
2954 2016
2954 3528
2714 3886
2714 695
2714 1720
3886 2020
3886 377
1647 1732
1647 2789
1647 2553
1732 1753
1779 3608
1779 150
1779 1467
3608 685
3608 4484
474 1545
474 2329
474 1134
1545 2134
1545 3350
926 4335
926 2115
926 1202
4335 1956
4335 1073
172 4398
172 2371
172 635
4398 655
4398 242
2828 4109
2828 4138
4109 1730
34 4143
34 2107
1534 3962
1534 3999
1534 2907
3962 2944
3962 1866
2780 4361
2780 2029
2780 4326
4361 390
1758 2623
1758 1256
1758 2525
2623 277
2434 2906
2434 4249
2434 379
2906 2407
3214 3738
996 3239
996 619
996 2195
3239 583
3239 3083
1591 2631
1591 3090
1591 2135
2631 1687
2631 2338
159 1547
159 1716
159 1254
1547 730
1547 3889
196 1843
196 2947
196 4246
1843 25
2738 1259
3077 3658
3077 2775
3658 4467
229 973
229 1532
973 3820
973 319
1772 1861
1772 1173
1772 295
1861 1019
1861 4357
2125 2302
2125 1156
693 3588
693 4308
693 2180
3588 2250
3588 3173
2230 4030
2230 3963
224 3783
224 2899
224 1413
3783 889
3783 522
1578 1766
1578 779
1578 520
1766 1135
1766 3420
2849 3656
2849 161
2849 1333
3656 3355
3656 3655
1138 2891
1138 3631
1138 3967
2891 3130
2891 4178
2713 3731
2713 1142
2713 2715
3731 2595
3731 2989
466 2498
466 3619
466 4309
2498 3822
2498 1434
3427 4306
3427 3718
3427 3475
4306 2378
4306 4463
1696 2926
1696 1421
1696 62
2926 3803
2926 513
1257 3522
1257 2338
1257 111
3522 2620
3522 2261
2859 3556
2859 1282
2859 3822
3556 303
3556 1411
37 106
37 4154
37 2990
106 578
106 1873
374 694
374 3570
374 1577
694 3107
694 1729
3397 4134
3397 2640
3397 3126
4134 1447
4134 1477
742 3830
742 4426
742 3106
3830 2770
3830 194
1105 1667
1105 907
1105 3150
1667 1184
1667 1127
420 1564
420 149
1564 2933
4116 4235
4116 2088
4116 1129
4235 4429
4235 2282
2245 3518
2245 3548
2245 3734
3518 860
3518 557
438 2786
438 4130
438 1776
2786 166
2786 2492
3562 4063
3562 2606
3562 399
4063 1636
2284 3217
2284 1721
2284 4222
3217 685
3217 524
2187 3513
2187 2590
2187 2480
3513 83
3513 2466
1385 1842
1385 1689
1385 2720
1842 2964
1842 2405
1111 3296
1111 2965
1111 3560
3296 1957
3296 286
3401 1805
3401 4341
2860 3498
2860 1039
2860 4095
3498 177
3498 997
733 3084
733 3180
733 86
3084 492
1118 3420
1118 2899
1118 1223
648 2488
648 1617
648 3772
2488 2321
2488 3207
2040 2712
2040 4202
2040 3441
2712 471
2712 434
1583 1241
1583 2424
1572 718
1572 738
1980 3341
1980 3315
1980 296
3341 1865
3341 2174
2825 3167
2825 4058
3167 2345
3167 2641
2467 3459
2467 3872
2467 4079
2587 3535
3043 3740
3043 202
3043 1218
3740 1183
3740 880
2890 3269
2890 3303
2890 2312
3269 3236
3269 2055
918 2204
918 2323
918 740
2204 3741
2204 1023
2518 3626
2518 1355
2518 2554
3626 3870
3626 1119
2868 4153
2868 210
4153 320
4153 1888
4143 4214
4143 269
1283 4059
1283 2569
1283 1280
4059 4162
4059 2853
3968 4471
3968 744
3968 3260
4471 2066
4471 2422
3875 4014
3875 4025
3875 3616
4014 1208
4014 625
590 3543
590 2425
590 2578
3543 2763
3764 3470
3764 433
2299 4117
2299 937
2299 343
4117 3064
4117 4493
53 305
53 640
53 2551
305 1930
305 801
965 2558
965 3095
965 10
2558 2749
2558 4183
3332 3856
3332 1197
3332 74
3856 4036
598 3030
598 3648
598 1077
3030 2333
3030 49
2399 3422
2399 2062
2399 325
3422 188
1330 4376
1330 2517
1330 3691
4376 4078
4376 1169
372 2165
372 2085
372 2819
2165 297
2165 1033
1316 3901
1316 4305
3486 845
3486 4086
739 2861
739 3976
739 36
2861 1669
1551 1985
1551 100
1985 1130
1985 2128
1492 2626
1492 4480
1669 3963
1669 1510
3963 1304
588 3860
588 2073
588 2916
3860 2564
3860 234
593 1989
593 3751
593 4035
1989 3941
1989 3241
1539 4082
1539 3876
1539 1897
4082 4369
4082 68
1847 2020
1847 2062
1847 139
2020 1645
2960 3058
2960 2413
2960 2026
3058 2895
3058 1816
40 1022
40 3727
40 3355
1022 400
1022 2844
3484 3738
3484 1874
3484 186
3738 2361
1932 3784
1932 935
1932 3555
3784 158
3784 1702
202 1734
202 2575
1344 2567
1344 3389
1344 3686
2567 1491
2567 1617
2815 3350
2815 173
2815 4303
3350 3327
1388 2610
1388 942
1388 535
2610 332
2610 3337
2248 3339
2248 47
3210 4385
3210 1707
689 3804
689 2297
689 853
3804 1992
1561 4487
1561 2551
1561 2051
4487 2190
4487 75
2509 3243
2509 58
2509 704
3243 2709
3243 4167
451 485
451 3712
451 3446
485 122
485 1946
3863 3287
3863 4182
1507 2975
1507 539
1507 4346
2975 2370
2470 4483
2470 776
2470 2486
4483 1197
4483 3932
1689 2457
1689 2745
2457 1295
2457 1587
353 1081
353 847
353 3506
1081 3017
1081 4478
110 1360
110 156
110 2474
1360 4350
1360 2183
1333 12
683 727
683 2075
683 2173
727 1480
727 3334
2450 2555
2450 1268
2450 3796
2555 287
2555 2290
577 1240
577 4373
577 2374
1240 4455
1240 3010
4026 4263
4026 669
4026 647
4263 1715
4263 2595
273 1997
273 3407
273 4148
1997 1635
214 370
214 1848
214 1633
370 103
508 2308
508 4195
2308 4348
1550 2914
1550 718
1550 3866
2914 1961
206 4158
206 4470
206 3405
4158 2916
1808 2881
2085 4012
2085 118
4012 4424
4012 3416
3007 4324
3007 271
2234 3546
2234 3328
2234 340
3546 3335
3546 1413
3015 3357
3015 2669
3015 533
3357 3591
3357 1243
3333 4457
3333 840
3333 1070
4457 2380
4457 2426
798 4218
798 1903
798 2750
4218 3064
4218 4088
2333 3927
2333 189
285 3175
285 1621
3175 1244
3175 312
1642 2624
1642 785
2624 550
2624 4360
2899 3757
2933 1704
2933 1763
1593 3634
1593 2696
1593 2870
3634 2629
3634 939
1147 3813
1147 3730
1147 2566
3813 4396
3813 3457
328 3723
1620 2047
1620 3705
2047 3645
2047 1489
863 1839
863 3059
863 1128
1839 361
1839 2285
1212 3979
1212 2600
1212 3466
3979 1431
3979 2538
250 3073
250 4205
3073 1577
3073 1390
198 402
198 1742
198 1415
402 1854
402 675
1464 2702
1464 321
1464 3153
2702 205
2702 633
1173 1929
1173 3493
930 4229
930 1190
930 585
4229 2532
4229 1912
1744 2756
1744 3275
2756 3667
2756 2717
1921 2160
1921 1468
1921 2703
2160 2462
2160 3502
233 625
233 1688
625 3086
1844 2879
1844 1273
1844 3866
2879 2046
2879 2707
166 2363
166 303
3648 1762
3648 2784
1933 3567
1933 1613
3567 258
3567 1845
2387 2754
2387 4320
2387 2886
2754 3114
2754 1109
509 1095
509 3048
509 4006
1095 89
1095 2006
1460 4057
1460 3396
1460 3066
4057 1056
4057 3312
1194 325
1194 364
3372 3499
3372 89
3372 1458
3499 1546
3499 74
966 4165
966 1703
966 840
4165 1722
4165 1066
2000 2695
2000 3117
2000 2925
2695 3018
1186 1724
1186 2080
1186 2672
1724 797
1724 623
4142 3941
4142 1254
105 1621
105 1255
105 1008
1621 3680
452 682
452 1902
682 1319
682 2475
2656 3265
2656 1699
2656 3200
3265 296
503 3616
503 4246
3616 1210
2120 2238
2120 3143
2120 1914
2238 2260
2238 1342
1865 3409
1865 3721
3409 2011
3409 1747
684 1231
684 3349
3132 56
3132 4073
614 3605
614 1483
614 3112
3605 1588
3605 915
417 2273
417 4336
2273 2429
2273 1517
3340 3789
3340 4445
3340 2166
3789 890
3789 3838
1364 3019
1364 1171
3019 790
3019 3934
1617 660
911 2256
911 3049
911 3282
2256 463
2256 1585
173 2443
173 2141
1974 3702
1974 4119
1974 4325
3702 1472
3702 3123
2516 3756
2516 1435
3756 2932
3756 2969
1454 3178
1454 1184
1454 199
3178 136
1043 2146
1043 2012
2146 3735
2146 457
786 2261
786 387
786 4392
489 3960
489 867
489 3494
3960 1231
3960 4328
255 3793
255 2814
255 1262
3793 49
3793 2883
67 295
67 168
295 3088
2092 2418
2092 2145
2092 1447
2418 1788
2418 1616
137 2983
137 3096
137 1756
2983 2618
2983 1512
288 2923
288 122
288 2817
2923 3724
2923 3869
2469 3802
2469 6
2469 737
3802 559
3802 2892
1216 4181
1216 3105
4181 2949
4181 1025
806 4017
806 3390
806 4453
4017 2441
4017 4463
2043 2647
2043 4434
2043 3708
2647 4197
2647 3017
1468 4279
1468 2802
1920 3479
1920 2726
1920 3671
3479 1991
3479 1123
308 1296
308 1204
308 4219
1296 1027
1296 1568
564 1222
564 3794
564 3508
1222 4099
1222 3008
1782 3774
1782 4033
1782 2675
3774 3644
3774 3016
3558 2677
3369 3685
3369 2117
3369 1233
3685 3888
3685 1906
960 2390
960 2565
960 2905
2390 537
2390 627
553 3692
553 10
553 3359
3692 1754
3692 1975
2621 2952
2621 1342
1874 4449
1874 3256
186 3935
186 3992
3935 103
3935 572
659 2398
659 4423
659 1646
2398 3025
2398 481
1396 4125
1396 1327
1396 2885
4125 736
4125 4389
3218 3698
3218 1814
4005 3778
4005 569
2805 2946
2805 4190
2805 1559
2946 859
2946 1189
2208 1208
2208 253
403 607
403 695
403 1871
607 1144
1757 617
1757 662
3976 140
3976 3919
2783 4355
2783 145
2783 3707
4355 612
4355 3752
2378 1351
2378 3346
812 3929
812 1629
812 3905
3929 3555
3929 1307
31 3889
31 3202
31 1836
3889 2109
2521 2725
2521 140
477 2929
477 1964
2929 271
2929 1408
1762 4488
1762 1597
4488 4113
4488 4428
444 537
444 1381
444 4086
537 701
3048 2947
192 1484
192 4163
1484 1695
1484 2334
3834 4148
3834 2633
4148 3646
579 1893
579 1950
579 753
1893 4412
1893 1816
2798 3064
2798 962
2798 2565
2531 2949
2531 962
2531 3536
2949 1146
3696 4214
3696 796
3696 884
4214 410
2522 3129
2522 3471
3129 1542
3129 92
1223 1406
1223 1157
1406 2608
2483 2908
2483 2444
2483 603
2908 216
2908 2970
846 2358
846 3452
846 2574
2358 1909
2028 3267
2028 492
3267 3356
3267 706
2430 4479
2430 1097
2430 3021
4479 3344
4479 1314
384 3990
384 446
384 4127
3990 3900
3990 2370
2758 4015
2758 2328
2758 2519
4015 3297
4015 3474
122 499
499 676
499 1819
2708 3147
2708 3564
2708 2212
3147 3688
3147 3551
722 4170
722 1422
722 4096
4170 3790
4170 3693
2725 3730
2725 3174
3730 1236
533 3187
3187 3502
3187 520
2475 2801
2475 2549
2801 1688
2801 711
2733 3325
2733 3423
2733 2479
3325 50
3325 880
3680 2930
3680 1269
3123 3776
3123 244
3776 2476
3776 3695
1707 1882
1707 3876
1882 3314
1882 3406
1710 1887
1710 3590
1710 3152
1887 322
1887 1451
4197 425
4197 1698
1604 2400
1604 1755
1604 2487
2400 3013
2400 1475
2027 2503
2027 3893
2027 1747
2503 750
2503 2622
1084 1610
1084 4432
1084 1450
1610 72
1045 1655
1045 2917
1045 2213
1655 401
1655 139
828 903
828 1753
903 3523
903 1274
635 3706
635 901
3706 2609
3706 2583
4030 2551
4030 2952
2119 3933
2119 2136
2119 345
3933 3611
3933 1448
2575 4149
2575 4408
4149 2237
4149 3240
1848 3307
1848 1164
418 860
418 4284
418 1600
860 696
543 2023
543 1855
2023 681
2023 605
4345 547
2566 3053
2566 2665
3053 555
3053 3925
1288 3079
1288 3744
1288 1862
3079 142
3079 549
2930 864
2930 3461
8 817
8 1760
8 1694
817 1031
2046 1002
2046 71
351 2095
351 3116
351 3283
2095 4160
2095 1802
905 1449
905 3360
905 1968
1449 3862
1449 1433
2094 3300
2094 1280
2094 4448
3300 3705
1217 1226
1217 3365
1217 2055
1226 2768
1226 3474
1903 2951
1903 1927
2951 4016
2951 2662
473 1977
473 4110
473 2439
1977 1436
2420 4409
2420 113
4409 3242
4409 2368
964 2968
964 1703
964 3297
2968 3143
2968 1332
3221 3906
3221 1795
3221 781
3906 2789
3906 1694
2082 4350
2082 3003
2082 1435
4350 1162
1700 1790
1700 443
1721 3590
1721 4040
3590 2101
1050 3385
1050 3747
1050 4036
3385 2746
3847 4304
3847 3777
3847 3136
4304 3410
4304 2761
445 3985
445 4074
445 1906
3985 4061
3985 1239
527 2334
527 3253
527 1717
2334 4480
3180 3989
3180 1034
3989 519
3989 773
410 1520
410 1666
1520 1990
1520 2041
1900 2545
1900 3188
1900 3623
2545 3689
2545 571
80 2288
80 3366
80 937
2288 3268
2288 2443
1659 2604
1659 3259
1659 2888
2604 2180
2604 1018
141 3695
141 715
3695 69
3090 1872
457 3406
457 1714
3406 252
1665 1860
1665 3894
1665 4270
1860 3060
1860 3240
2640 2705
2640 4215
2705 462
2705 465
2029 3051
3986 1594
3986 84
2591 3715
2591 4337
2591 1630
3715 3654
3715 4261
1838 2956
1838 1214
1838 3415
2956 1907
2956 2232
3241 3052
3305 3997
3305 714
3305 668
3997 3666
3997 4326
1715 3788
1715 3306
3788 3580
2494 3755
2494 4359
2494 3471
3755 947
3755 3445
1845 2326
1845 4034
2326 3215
2326 3197
4324 94
776 3280
776 2276
3280 2451
3280 4348
2916 2352
314 2468
314 1069
314 2588
2468 4444
2468 731
4007 3691
1282 23
1282 1035
955 4450
955 87
955 562
4450 875
4450 1446
1221 2620
1221 883
1221 91
2620 4431
82 2310
82 3693
2310 4090
2310 3644
54 262
54 1741
3450 3984
3450 1166
3450 3223
3984 1650
3984 388
336 914
336 3724
336 1673
914 297
1371 2793
1371 4171
2793 4185
2793 3903
1314 1764
1314 3022
1764 333
1764 4098
2444 2504
2444 703
1530 4250
1530 1909
4250 216
2947 3203
3238 4451
3238 242
3238 1377
4451 3575
4451 3272
1181 2407
1181 1335
1691 4087
1691 1161
1691 3204
4087 4330
4087 1894
435 3000
435 3665
3000 1024
3000 1017
1990 4317
1990 3675
3056 3885
3056 2012
3056 2106
3885 500
2851 4190
2851 66
2851 1931
4190 2795
4185 1993
4185 2472
126 2366
126 1410
126 948
2366 2201
2366 2281
1072 2473
1072 1242
1072 2065
2473 2642
2473 1857
1392 1697
1392 1859
1392 1178
1697 2913
1697 4140
578 1443
578 4497
1443 1368
1443 1713
1184 1163
2507 3949
2507 3151
2507 1579
3949 859
3949 1737
2806 290
2806 4463
3820 1440
3820 987
3330 4430
3330 1146
4430 2596
4430 1889
957 3812
957 3416
3812 4040
3812 98
88 3134
88 4454
88 1971
3134 453
3134 2087
2818 4255
2818 117
2818 3282
4255 405
4255 2076
2198 3549
2198 456
2362 780
2362 168
801 2252
801 2596
2252 4085
2252 4494
1176 3361
1176 1822
3361 1404
3361 360
1656 2766
1656 1927
1656 1558
2766 2524
394 3591
394 936
394 1225
3591 333
19 2216
19 2614
19 2114
2216 3535
2216 3010
2447 2743
2447 3477
2447 2931
2743 2104
2743 3323
1122 3263
1122 4380
3236 1746
567 2206
567 3686
567 2491
2206 4242
2206 1792
4432 1804
773 2311
773 1734
2311 3572
2311 3512
375 3433
375 594
375 2840
3433 4019
3433 916
731 4300
731 2313
4300 3039
4300 1817
1018 1324
1018 3749
1324 3703
1324 716
276 687
276 691
276 2625
687 3027
687 3111
2184 4211
2184 165
2184 4186
4211 4032
4211 2935
1365 3125
1365 3342
1365 1412
3125 3732
3125 636
768 920
768 4049
768 1150
920 4089
920 356
2090 3529
2090 238
2090 617
3529 1773
3529 2723
2441 3463
2441 3825
3463 2304
3463 1327
144 2638
144 3728
144 237
2638 300
2638 4079
3703 1219
3703 3923
1155 1450
1155 1384
1155 3349
1450 71
1215 4470
1215 3983
4470 2540
3405 4186
3405 2877
4186 2729
2136 3142
2136 2920
837 4029
837 3066
837 2317
4029 4302
4029 2803
1093 2957
1093 1518
1086 2784
1086 3607
1086 1243
2784 4434
96 2045
96 39
96 746
2045 2104
2045 741
1641 2777
1641 2578
1641 4423
2777 3387
2777 2479
569 2265
569 3569
2265 2539
2265 2661
2600 4264
2600 479
685 2611
4147 1085
4147 3769
2174 4179
2174 897
4179 796
4179 3169
3699 2875
3699 311
1401 3145
1401 1210
3145 4374
3145 3310
1321 2664
1321 2091
1321 3855
2664 1908
2664 4288
3941 3633
3515 1087
3515 1805
4078 2456
4078 3152
2639 4107
2639 2224
2639 358
4107 2067
586 4137
586 1486
586 4166
4137 1416
4137 1472
298 2687
298 4144
298 3548
2687 1067
2687 1866
179 2995
179 422
179 4319
2995 2393
2995 4346
1801 4176
1801 3281
1801 4323
4176 3250
4176 3365
1130 893
1130 3570
1424 4189
1424 1526
1424 3045
4189 3606
4189 109
2981 4221
2981 3085
2981 3310
4221 941
4221 1337
2562 4237
2562 1967
4237 4374
55 421
55 2235
55 701
421 3476
421 3458
2653 4392
2653 4242
2653 1497
2253 2435
2253 2060
2253 301
2435 1654
2435 4423
12 2710
12 4417
2710 13
2710 3290
73 3592
73 2589
73 3199
3592 3460
3592 3650
1819 2853
1819 1260
2853 319
2987 3864
2987 2417
2987 767
3864 2615
3864 3166
463 595
387 3291
387 3538
3248 3639
3248 1343
3248 3603
3639 830
3639 1254
1719 4083
1719 3574
1719 176
4083 1054
4083 3455
2328 2915
2328 1088
2915 2149
4330 3366
4330 2742
1771 3492
1771 3845
1771 4204
3492 1033
3492 2081
902 2814
902 470
2814 266
924 3098
924 1038
924 2048
3098 1554
3098 2365
674 4347
674 804
674 393
4347 2771
4347 215
2108 3787
2108 830
2108 2381
3787 933
3787 4273
4124 4333
4124 2
4124 2155
4333 184
471 3510
471 2992
1044 2116
1044 1345
1044 216
2116 2419
2116 2353
1978 3677
1978 1552
1978 982
3677 2576
3677 1991
407 741
407 2219
407 1381
741 3389
591 821
591 2073
2220 3872
3166 3354
3166 1082
3354 962
3354 2812
1241 149
1241 3418
3541 1879
3541 3078
1902 3803
3803 66
2461 2491
2461 406
2461 220
2395 4086
2395 1096
2395 1802
1228 3980
1228 1581
3980 3700
3980 1417
3723 3600
3723 1798
1928 3159
1928 1800
1928 1016
3159 478
3159 3024
1205 3742
1205 2416
310 2134
310 2032
310 2026
2134 3186
716 4343
716 4332
3750 3876
3750 4236
3750 2671
365 1511
365 488
365 2750
1511 1461
1511 193
1448 4104
1448 3462
4104 4410
4104 550
209 446
209 2902
209 2097
744 1773
744 1515
1773 2246
551 1378
551 1806
551 2466
1378 1941
1378 1559
3297 1635
592 1150
592 3190
592 2239
1150 382
1096 2898
1096 4028
2898 4353
2898 2542
3523 2662
3523 3344
2127 2371
2127 2343
1230 2834
1230 4364
1230 2360
2834 4113
2834 2122
3342 3650
3342 3817
3650 2996
121 908
1260 2484
1260 2847
2484 1311
2484 2824
3061 3371
3061 1117
3061 923
3371 494
3371 1357
1087 3465
1087 4467
3465 1626
3465 316
2964 3438
3438 1293
3438 501
934 2728
934 1955
934 2874
2728 2615
2728 554
3810 4169
4169 1418
4169 1898
2580 4266
2580 4052
2580 152
4266 1833
4266 791
976 4122
976 246
976 1558
4122 1726
4122 697
1384 774
1384 765
2115 3412
2115 657
3412 517
3412 4352
530 3547
530 436
530 2642
3547 2338
3547 1983
2527 3622
2527 397
2527 3537
3622 2421
3622 1935
3757 4013
3757 4368
4013 2550
4013 94
16 64
16 1478
16 3763
64 984
1418 3191
1418 56
3191 81
3191 2251
750 1246
932 2251
932 1698
2251 979
2021 2932
2021 755
2021 998
2932 4081
2200 2409
2200 1918
2409 3852
2409 570
507 3270
507 304
507 3469
3270 1812
3270 1438
3777 1347
3777 1896
210 691
4424 3497
4424 3388
3 475
3 2942
3 1853
475 1675
475 3346
237 534
237 4454
534 1294
534 4243
2847 1250
2847 1382
356 3609
356 478
3609 2634
3609 1967
1447 604
1569 1616
1569 2781
1569 774
1616 484
1760 2904
1760 1023
2904 2796
2904 830
1293 1170
1293 423
4065 4492
4065 4102
4065 1420
4492 1064
2948 3749
2948 852
2948 3343
3749 399
267 1995
267 2474
267 3100
1995 2223
1995 2546
2384 3118
2384 1008
3118 3732
1477 1581
1477 658
512 2377
512 3811
59 245
59 2009
59 77
245 1287
245 2886
3992 3991
3992 3681
4031 2317
4031 1683
3721 226
3721 1211
2478 218
2478 3418
2755 4458
2755 4404
2755 3669
4458 1595
4458 2790
1239 4198
1239 299
4198 3140
4198 2177
184 2893
184 2124
392 3279
392 124
3279 129
3279 3379
3399 3374
3399 1746
3581 4456
3581 3404
3581 3080
4456 1565
4456 4110
3046 24
3046 1285
1003 2386
1003 2445
1003 1124
2386 1411
239 3222
239 367
3222 2403
3222 3912
264 2986
264 4254
264 3037
2986 923
2986 602
1523 3257
2060 3040
2060 4262
2791 3226
2791 1432
2791 1922
3226 1895
3226 1519
1416 2456
1416 4298
3390 4036
3390 4141
1950 4089
92 1603
92 2231
1603 2746
1603 1597
3564 4115
4115 4118
1736 2277
1736 1694
1736 1409
2277 736
2277 2544
2432 4461
2432 2673
2432 1227
4461 292
4461 1570
1080 3400
1080 1759
3400 763
3400 4035
2862 4045
2862 3111
2862 1007
4045 1219
4045 1988
1637 2271
1637 4232
1637 3737
2271 3909
2271 1972
339 1187
339 439
339 185
1187 1890
1187 348
1856 4035
1856 2980
2436 1024
2436 2998
1491 1790
1491 1168
1897 3026
1897 3821
3026 3186
3026 2874
3041 3643
3041 4386
3041 1943
3643 3410
3643 2298
400 2515
400 589
951 4050
951 2854
951 2222
4050 4375
2936 3068
2936 1560
2936 4010
3068 2327
1889 3781
1889 3710
3781 2255
3781 3347
4223 3887
4223 3065
772 2772
772 2500
772 2486
2772 2942
2772 3618
2443 518
1783 1813
1783 3983
1783 2751
1813 3831
1813 1963
2237 3969
2237 3060
3969 3536
3969 1891
1872 2452
1872 3607
2424 3795
2424 1942
3795 3482
3795 3437
4313 4337
4313 4268
4313 2255
4337 2016
1179 1820
1179 4043
1179 3917
1820 1890
1820 1261
3672 4277
3672 620
3672 83
4277 2603
4277 912
2058 2691
2058 3651
2058 2351
2691 2605
2691 3878
4417 3448
4417 1439
2433 2568
2433 2194
2433 294
2568 3571
2568 3190
416 1797
416 1126
1797 397
1797 4316
97 1071
97 642
3497 25
1518 2417
1518 3001
2417 311
3141 2001
3141 997
315 4310
315 4
315 756
4310 1347
4310 2353
3435 3667
3435 2189
3435 2010
3667 2682
2576 1375
2576 1952
1262 4046
1262 765
4046 3711
4046 4395
2246 2984
2246 1555
2984 1369
2984 89
3790 45
704 1274
704 857
1274 3233
956 3710
956 4085
956 1202
3710 2602
397 1035
2219 2852
2219 60
673 3358
673 2808
3358 2902
3358 1613
3027 984
3027 428
2360 4439
2360 2031
4439 1015
4439 3487
102 3276
102 3999
102 4468
3276 2093
3276 4234
3107 3728
1737 743
2950 4389
2950 1627
2950 652
4389 3087
1599 2476
1599 1699
1599 2871
2476 2812
3550 3896
3550 4311
3550 219
3896 1270
743 3773
743 4428
825 4021
825 3328
825 3737
4021 1969
4021 1012
2213 2820
2213 1102
2820 1746
478 426
821 2519
821 904
2617 3583
2617 3627
2617 3573
3583 2997
3583 2635
3203 3909
3203 4157
3909 3601
519 2675
519 1088
2675 2512
1343 2481
1606 2264
718 1292
2290 2636
2290 2967
2636 3065
844 1159
844 3343
844 2298
1159 4425
1159 913
2153 3807
2153 3887
707 2093
707 1497
707 3278
3165 3509
3165 2002
3165 1751
3509 465
3509 493
2286 2372
2286 1701
2286 1329
2372 1297
2372 2655
472 2684
472 2734
472 1846
2684 1673
2684 580
1198 2559
1198 4369
1198 1714
2559 528
2559 469
618 1984
618 4130
618 2388
1984 4025
1210 3771
3417 3501
3417 1536
3417 904
3501 2269
3023 4099
3023 3914
3023 3958
4099 1166
1835 3396
1835 213
869 4491
869 4442
869 2528
4491 1032
4491 2764
1204 3249
1204 4320
3249 2819
3249 3786
3212 3971
3212 4008
3212 4362
3971 3034
3971 912
1407 1622
1407 4019
1407 2959
1622 3036
1622 2459
3055 3233
3055 1917
3055 2697
3233 676
3185 4282
3185 1061
3185 4301
4282 2173
4282 70
3748 4407
3748 2963
936 4459
936 1367
3403 3687
3403 1991
3687 1281
3687 2410
3645 4496
1615 2739
1615 2415
1615 3292
2739 79
2739 1787
698 2744
698 1311
698 120
2744 4468
2744 1527
1851 2723
1851 4408
2723 3536
1208 1013
800 3694
800 453
800 4098
3694 4191
3694 3063
2158 2321
2158 2223
2158 4119
2321 2889
100 3993
3993 4195
46 2939
46 1038
2939 665
2939 3021
2745 2760
2745 4248
56 1781
796 4113
1826 2262
1826 1925
1826 1094
2262 619
2262 386
257 2893
257 1788
257 2586
2893 1097
2808 4103
2808 2549
2550 2760
2550 4167
2068 2778
2068 343
2778 1513
2778 3524
242 3524
3524 320
2351 4069
2351 3842
4069 3655
4069 3921
2429 3437
2429 156
213 1251
1251 2030
1251 1580
1796 3029
1796 981
1796 664
3029 1592
3029 1008
84 1137
84 4380
1137 1654
1137 4155
3946 4329
3946 1789
3946 3552
4329 1310
4329 2405
174 3245
174 838
174 3274
3245 4352
3245 1529
4123 259
1328 1877
1328 4245
1877 2719
1877 1570
576 2767
576 4341
576 2471
2767 352
2767 152
946 1546
946 4343
946 805
1546 1227
541 1726
541 4145
1726 3455
2872 3367
2872 1567
2872 1100
3367 3177
3367 2896
2650 4486
2650 1890
2650 204
4486 822
4486 11
1946 2155
1946 1128
3171 3700
3171 1366
3171 2560
3700 1381
2075 4051
2768 1339
2768 1901
2534 3264
2534 1910
2534 1152
3264 3890
3264 3526
2529 4317
2529 318
2529 1740
644 3931
644 275
644 1919
3931 2307
3931 2112
188 1310
188 535
1461 3924
1461 3103
3924 29
3924 1730
728 892
728 3329
728 2959
892 2993
892 78
3434 3642
3434 1827
3434 2477
3642 4455
3642 3828
3451 3811
3451 4410
3451 2152
3811 1926
1078 1944
1078 4272
1078 1952
1944 568
317 4475
317 2867
317 4093
4475 1681
4475 3913
991 2699
991 3199
2699 2337
2699 764
1253 3867
1253 3824
3867 3455
3867 3388
1029 1907
1029 4042
1029 2735
1907 3510
340 4314
340 153
4314 4072
4314 620
42 2442
42 2242
42 1527
2442 1488
2442 133
1855 3154
1855 4130
3154 291
1576 3510
1576 4412
1576 4267
3806 781
3806 86
1302 1958
1302 3981
1895 236
1895 581
2240 3675
2240 4283
2240 3500
3675 4315
1567 1004
1567 1190
643 4244
643 2661
643 3709
4244 3844
4244 1420
1348 2193
1061 4150
1061 816
2463 3572
2463 2143
345 3503
345 2279
3503 3807
3503 3037
1734 2900
329 2741
329 4164
2741 1996
2741 989
3149 3378
3149 829
3149 176
3378 1812
3378 50
2896 3161
2896 1146
3161 2465
3161 2309
1588 3870
1588 1394
3870 1785
1367 552
2858 4074
2858 3690
2858 851
4074 2797
2703 2260
2703 2982
3131 2031
3131 874
411 945
411 1482
945 2749
945 2593
1312 3827
1312 624
3827 2172
3745 2278
3745 2683
1969 4356
1969 114
4356 2913
1626 1134
395 3337
395 2280
395 3242
3337 690
3117 3247
3117 191
1203 1790
1203 1479
1203 1124
2003 4354
2003 2223
2003 4022
4354 1469
4354 1625
774 3038
2771 4200
2771 3315
1019 3517
1019 4368
4408 1094
3686 2254
1064 1399
1064 2235
1294 161
1294 2152
2519 2770
2176 3356
2176 4339
2176 2884
3356 4447
672 2167
672 2087
2167 4160
2167 552
2019 3143
2019 391
2019 3096
4164 4173
4164 1503
2517 1037
2517 447
916 928
916 1041
928 1169
928 985
2224 2730
2224 2324
2730 3717
582 3792
582 3050
582 1780
3792 764
3792 1763
1720 4365
1720 1498
4365 3317
4365 1051
109 4112
3903 4041
3903 2865
2242 1058
2646 3254
2646 1548
2646 3878
3254 864
3254 2989
3454 3922
3454 355
3454 2257
3922 1705
2364 3770
2364 3629
2364 1741
3770 2709
3770 1799
1923 3273
1923 2451
1923 2571
3273 3069
3273 482
1716 2298
1716 26
2407 1318
3460 2546
3460 494
2796 4366
2796 2183
4366 3833
4366 621
3476 3573
3476 2197
3573 358
795 3805
795 660
795 2329
3805 843
3805 2578
3195 3294
3195 1498
3195 1021
3294 4489
1996 4245
1996 3242
2194 1135
2194 2280
1151 1602
1151 2084
1151 74
1602 4003
1602 2824
1674 3629
1674 1508
1674 77
191 1560
191 3235
1560 51
3266 3259
3266 3284
2002 2294
2002 3516
1809 3036
1809 3135
1809 3884
3036 2089
601 2892
601 3364
601 1725
2892 4023
745 4297
745 399
745 900
4297 4241
4297 2824
1422 3271
3727 3542
3727 4367
1347 1369
1369 661
1594 2
1594 2279
291 2033
291 3288
2033 1127
4023 2678
4023 1976
3335 1668
3335 36
3303 653
3360 528
3360 494
1256 4112
1256 3603
4112 4311
1574 2701
1574 1103
1574 490
2701 330
2701 559
2809 3207
2809 194
2809 3691
3207 2658
219 3032
219 4092
3032 3261
3032 3936
1284 3127
1284 1668
1284 2279
3127 1708
3127 4287
888 4359
888 2305
888 3881
4359 714
692 3252
692 6
692 2724
3252 2598
3252 68
2477 3148
2477 3530
3148 986
3148 313
605 3778
605 4231
3778 865
758 2788
758 2782
758 1267
2788 3136
2788 39
1510 4182
1510 2022
2666 3572
2666 3213
2666 1549
1160 4000
1160 2753
1160 505
4000 2748
1227 4490
1754 2490
1754 3033
2865 2875
1497 2080
2080 4168
1751 4038
691 4311
2411 2686
2411 4336
2411 3815
2686 1168
2686 2787
4195 467
2927 3734
2927 1952
2927 2276
3734 1032
3872 3304
4092 30
4092 3006
1805 1892
425 458
425 1695
2881 2018
2881 465
896 1338
896 1709
896 1469
1338 1475
1338 810
3743 2303
3743 414
1490 3474
1490 412
1490 4047
296 1704
155 113
155 1517
390 1568
1469 2485
1056 3956
1056 431
3956 2502
3956 1427
3539 2130
3539 3470
1802 3480
3480 427
790 136
790 3282
1836 2835
1836 3091
2835 2493
2835 2811
2673 2217
3705 2069
2401 3516
2401 2774
2401 511
3516 3209
98 661
98 1237
661 386
505 756
505 2992
3436 3853
3436 2731
3436 1767
3853 616
3853 2309
624 1121
624 1439
1121 231
873 2091
873 1104
2091 1183
2597 3054
2597 2599
2597 3146
3054 2144
3054 3092
1405 1457
1405 231
1457 2397
1457 2959
2211 3247
2211 2654
3247 1441
2393 3494
2393 2069
127 3698
127 1731
127 2571
3698 1033
3542 3445
3542 1232
2088 57
4348 479
199 645
3900 2958
1030 3711
1030 3261
355 18
3314 4403
3314 3901
1377 4081
1377 1421
4081 3168
1141 3316
1141 3987
1141 850
3316 3263
2012 2377
2377 1063
2001 3945
2001 1811
3945 3596
3945 363
41 490
41 2897
41 1891
490 1706
1066 1452
1066 93
1452 573
1452 2751
763 3338
763 2552
2346 366
1380 2056
1380 3708
1380 2051
2056 4449
2056 4262
1197 2010
297 1126
1126 2014
185 2871
185 2642
2871 2408
2363 842
2363 720
367 2630
1951 4245
1951 1400
252 2817
252 1589
2817 3874
1136 4261
1136 4452
1136 671
4261 447
2294 2419
2397 2283
426 3347
426 2678
3347 2588
1544 2514
1544 45
2514 259
2514 3194
1542 1831
197 3231
197 3831
197 1531
3231 3230
1580 1915
1580 133
1915 2560
1915 993
664 2882
664 818
2882 3661
2882 1803
3920 2439
3920 4240
2692 4485
2692 415
2692 2773
4485 2410
4485 3606
3039 1157
3039 1110
280 906
280 3882
280 2335
906 2870
906 3491
1688 2757
4455 3554
254 3661
3170 3413
3170 649
3170 3453
3413 2625
3232 4062
3232 4414
3232 4426
4062 2422
4062 851
1055 4285
1055 3363
1055 3840
4285 2257
4285 4371
1965 4382
1965 1913
439 884
1695 1880
515 3819
515 3852
515 4446
3819 3528
921 2255
921 115
921 3258
1339 4410
1339 688
3741 2437
3741 249
3348 4129
3348 2339
4129 4254
4129 1939
629 2083
629 1117
2083 2303
2083 2173
3708 1308
461 1489
461 604
1489 2663
1660 1776
1660 570
1660 238
1776 1220
20 3961
20 658
20 3927
3961 1735
3961 2367
802 3179
802 1346
802 822
3179 1571
3179 3879
4260 3211
4260 2573
2151 3972
2151 2130
2151 3307
3972 2935
3972 852
626 3892
626 3444
626 3049
3892 4028
3892 2763
1999 2117
1999 1723
1999 2006
2117 2017
1708 3402
1708 162
3402 3517
3402 872
2554 4325
2554 281
4325 3490
942 1166
942 4364
1009 1149
1009 3713
1009 4381
1149 1462
114 1502
114 2348
1502 1463
1502 1276
3627 655
3627 2423
1015 2132
1015 2774
2132 4079
2979 4207
1097 1133
2542 3978
2542 3628
3978 891
3978 2833
4367 3919
4367 4449
2852 2049
3772 4327
3772 2343
58 4268
58 3137
3253 688
3253 1639
1532 1725
1532 2067
1725 3939
3189 3681
3189 1705
3189 3801
3681 412
1699 1351
293 4254
293 1731
293 1917
984 116
988 1268
988 1428
3914 2887
3914 781
1303 3595
1303 2163
1303 2747
3595 85
3595 3376
867 3828
867 1740
3283 4484
3283 1954
4484 3880
1046 1031
1046 2513
2166 3704
2166 479
3704 1039
3704 2707
2942 3925
3925 3898
2885 3391
2885 3621
3391 1278
3391 4024
2515 4032
2515 3574
1909 3419
1853 2426
1853 2156
2426 1480
1445 4372
604 3678
3678 3489
3678 865
1681 4305
1681 1686
4305 3845
2753 3393
2753 3826
3393 2919
3393 1548
897 1456
897 1749
1456 406
1456 1100
1666 2721
1666 1651
2721 1014
2721 244
2867 1646
2867 3923
1478 3478
1478 4385
1679 2660
1679 3216
1679 782
2660 26
2660 4101
3108 4200
3108 125
3108 128
4200 2985
2112 3481
3481 2900
3481 3868
1024 3762
327 818
327 1174
327 360
818 4216
497 4443
497 2100
333 2329
2036 3836
2036 4377
3836 3893
3836 705
1430 1811
1430 2050
1430 393
1811 1908
2838 4460
2838 2057
2838 642
890 3225
890 57
4032 1727
2877 2966
2877 437
657 3967
1992 2719
1992 75
2719 3879
1289 2747
1289 3160
1289 1870
2747 1914
1103 4334
1455 3682
1455 3659
1455 3304
3682 2895
3682 4227
2394 2884
2394 3355
2394 3852
2884 4353
1817 1728
1817 3477
380 2118
380 2352
380 2069
2118 606
2118 4377
361 3321
361 663
1169 2970
2402 1067
2402 1938
1937 3089
1937 4351
1937 1678
3089 1163
3089 3923
1486 3153
1486 4452
3153 622
2895 700
1281 415
1281 4388
1110 1590
1110 299
1590 244
1590 4401
826 1831
826 1701
826 759
2145 3636
2145 1399
1255 1419
1255 2162
1419 4061
1419 3880
4042 4094
4042 2289
4094 2097
4094 124
318 2221
318 388
142 3535
142 1062
1028 4382
1028 1595
1028 1735
4382 3491
517 979
641 154
641 2612
460 2878
460 62
2878 670
2878 48
2231 2381
2231 3020
2381 118
1682 1873
1682 1852
1682 3343
1873 1638
2164 2474
3676 3865
3676 1361
3676 2607
3865 3551
4194 4205
4194 3895
4194 4441
4205 822
730 1054
730 232
258 3952
3952 4381
3952 3022
979 4401
2278 1248
2278 3173
2634 2489
2634 1483
70 1581
2446 4497
2446 423
2446 1
4497 1391
4467 1837
2421 2152
1562 3632
1562 3733
1562 1894
3632 4275
705 2025
705 574
2025 2312
2025 630
803 3351
803 1987
803 52
3351 3339
3351 129
3807 589
3285 4370
3285 746
4370 667
3654 1521
3654 2658
977 331
2802 3206
2802 2797
3206 1849
2106 2685
2106 4067
2685 2829
2685 871
2425 1390
2425 275
1368 646
1368 963
290 2057
290 2855
1509 2816
1509 2472
2816 2269
2816 2274
2101 4448
2101 2965
4448 21
575 1074
575 3843
1351 458
1134 3746
1521 2826
1521 2050
2826 1657
2826 3707
2844 2920
2844 2037
163 937
163 78
163 1941
777 3311
777 4453
777 2416
3311 2459
3311 4064
843 4308
843 1973
4308 3988
75 4039
1756 2319
1756 3519
2319 3339
2319 2961
3306 3395
3306 1473
3395 4047
3395 4106
498 634
498 2746
634 408
1678 2185
1337 2601
1337 4495
2601 3855
2601 3102
423 227
4339 841
4339 1672
396 1525
396 1815
1525 3115
1815 2081
1815 2427
2081 1939
1237 2141
1237 2833
2141 1140
2637 4404
2637 1870
2637 4493
4404 154
1713 1841
1713 1519
1841 2742
1841 2665
3517 3965
3965 301
3965 2526
2615 3712
782 3897
782 1563
3897 563
162 3938
162 557
3202 3809
3809 3364
3809 2599
1631 3613
1631 2357
1631 894
3613 4236
1357 3121
853 3319
853 1299
3319 4173
4386 3679
4386 3003
2067 4180
4180 3160
4180 2618
2972 13
1499 2905
1499 3557
2905 2626
1049 3379
1049 2683
1049 953
3213 2543
799 1218
799 3877
799 1485
1218 1025
874 350
706 2976
706 1528
2976 3821
2976 3392
2445 3044
2445 117
2689 968
2689 282
3013 4276
3013 933
639 2168
639 1233
639 95
2168 3377
2168 2074
1673 2547
3565 3689
3565 322
3565 766
3689 1102
1292 3487
1292 1014
3487 3636
2479 4474
4474 4168
4474 1807
1106 4034
1106 3520
4034 1957
30 4275
30 253
4275 4140
99 3880
99 4469
1236 3964
2130 2779
2856 3414
2856 1940
3414 2041
1161 3211
1589 3858
1589 3846
3858 3070
3858 1402
518 3736
2496 4010
2496 3733
2496 87
2532 2917
2532 3895
1379 1806
1379 2700
1379 3440
1806 4328
616 4227
616 3447
4227 3441
528 4091
3779 3211
3779 1004
2077 3016
2077 3970
2902 2628
3457 4173
63 3647
63 2696
63 3182
3647 87
3647 1085
3754 3759
3754 2014
3754 3842
3759 3878
3759 4027
1013 1954
1013 628
3888 2679
3888 125
583 680
583 992
680 827
680 4070
1276 2593
1276 1818
2593 943
1219 3762
3310 3718
3718 3114
780 1442
780 3184
1299 4027
3494 3286
1804 3099
1804 3445
3099 4067
3099 1949
2189 3059
2189 2961
1880 650
1880 4184
4414 2586
4414 550
2452 1495
2452 332
3825 2831
3069 3898
3069 1073
3898 3576
132 2218
132 3309
132 645
2218 1795
2218 4178
261 3653
261 1526
753 2013
2013 1116
2013 2541
1350 2757
1350 1888
1350 1231
2757 856
1305 545
1305 2697
4383 1987
4383 1326
1437 2645
1437 1657
1437 848
2645 1414
2645 2931
14 398
14 4426
398 3714
398 1220
982 3841
3466 929
3466 1947
699 404
810 1207
810 1174
1207 3471
1973 4052
1973 3957
4052 1685
3312 4127
4127 1983
1390 2018
77 538
538 1336
538 1818
2678 681
864 941
2564 3138
536 3308
536 2543
1570 3416
3262 3380
3262 2276
3262 2192
3380 3635
3380 4055
2102 4216
2102 3899
4201 4302
4201 2345
4201 259
4302 3022
2289 983
2289 4394
900 1113
900 2009
1113 1180
323 2270
323 3871
323 2921
2270 2114
2270 2829
2072 2472
2072 1132
2072 3926
1067 3746
17 1934
17 2823
17 2836
1934 2382
1934 3679
1332 1386
1332 131
1386 2037
1386 504
1781 2292
1781 57
2287 4402
2287 1411
4375 1711
4375 3398
385 4437
385 201
385 2680
4437 2367
4437 3716
3948 4364
3948 1462
3948 2622
1799 4420
1799 4043
4420 1001
4420 572
4 1471
4 2076
649 2188
649 1614
2541 3192
2541 2139
3192 875
1329 4363
1329 1101
4363 540
4322 2707
4322 2414
1738 2316
1738 1904
1738 2150
2316 1290
2316 3049
608 1597
608 2819
608 3726
919 4199
919 2938
4199 3557
4199 1883
736 566
217 1285
217 1885
3291 160
2078 4077
2078 2840
2078 2924
4077 1000
4077 60
3135 510
3135 1807
1830 3194
1830 3052
1830 190
3194 2105
615 1879
615 4258
615 594
1879 9
2886 3469
2602 3432
2602 2803
150 2812
150 1495
929 2680
929 2750
3785 3797
3785 2322
3785 4358
3797 1884
3797 2034
1278 4039
1278 1090
1592 1479
1592 887
889 4454
889 2795
1021 2129
1021 3791
2129 2934
2129 3109
3448 2855
3448 1245
597 3006
597 486
3006 4478
2613 3552
2613 1927
2613 2603
3552 319
3421 3991
3421 3548
3421 1668
3991 3964
4452 2388
1910 3028
1910 3456
3028 1743
3028 1619
797 1354
2586 3082
3082 3063
3082 898
1038 3874
2296 3737
2296 714
2296 2064
2525 3331
3331 545
3331 4118
2731 595
2731 915
3174 3188
3174 3693
3188 640
1967 3683
3683 809
3683 496
2574 4132
2574 4473
4132 3873
4132 101
3958 2227
3958 1107
1596 2464
1596 3576
1596 4096
2464 4312
2464 1987
3877 440
523 1498
540 3882
540 3370
3882 1409
1359 1733
1359 4251
1733 4441
3121 4103
3121 3440
49 735
1268 4053
2605 3566
2605 3508
3566 2657
3566 4362
2782 2970
2782 1481
3873 4249
3873 2305
4249 3890
3828 3240
3684 2510
3684 2800
901 1516
1073 2679
2855 868
3646 4472
3646 2096
4472 2769
4472 2374
1220 3193
3003 2048
2324 2765
2324 401
2765 1144
2618 856
1955 2410
1955 429
2439 1277
4425 1938
4425 710
3600 546
3600 2971
373 737
373 2940
104 1527
104 566
104 440
1010 15
1010 521
1487 3594
1487 3651
1487 2999
3594 1543
3594 1918
277 2557
277 4379
3307 1774
382 424
382 2937
424 746
424 1421
1563 770
1563 2571
907 1743
907 1063
1743 2654
3156 4407
3156 2729
970 4243
970 3794
970 4152
4243 331
2823 4044
2823 4397
4044 1005
4044 646
266 2822
266 3478
211 663
211 350
211 568
663 3752
271 912
38 4384
38 2912
38 751
4384 3446
4384 877
1352 4429
1352 1832
4429 548
751 1058
751 667
76 2065
391 486
391 711
486 2337
3364 1961
189 2752
189 1982
2752 1858
2752 2606
2854 4232
2854 1261
4232 3184
4157 2762
4157 148
2098 2943
2098 2250
2098 4146
2943 4288
2943 4331
1248 393
2156 3823
2156 738
3823 222
3823 3808
922 4444
922 436
922 909
4444 10
1711 181
1711 1869
3477 3338
785 3163
785 332
3163 696
3163 1353
3938 3066
3938 2715
697 3050
697 3193
3050 3977
349 2717
349 522
349 4445
4327 4234
1167 1363
1167 2889
1363 4283
1363 2560
2031 4095
646 69
2163 3377
2163 1857
3259 3988
1537 2376
1537 25
676 2764
3059 4301
223 4419
223 3404
223 2668
4419 1752
1728 1675
1728 2581
1039 4224
4224 1252
4224 510
2073 3561
1412 3274
1690 1245
1690 3115
974 3277
974 852
974 1335
3277 2267
91 220
220 2172
2318 3201
2318 2991
3201 279
3201 3528
953 3110
953 3386
3110 2585
3110 3467
2030 2505
2030 61
2505 4421
2505 600
456 3472
456 2361
3472 2024
3472 757
358 2900
3928 3998
3928 4070
3928 3502
3998 2196
3998 1888
1214 2742
1214 1633
980 2973
980 1503
2227 3407
2227 1798
1125 2520
1125 2863
2520 3631
2520 2990
1870 3373
2018 4494
376 3075
376 4258
376 1142
3075 1538
3075 3747
1864 4027
1864 1249
1864 2456
3363 1556
3363 1104
4215 4334
4215 3193
1127 1119
3636 2100
617 292
3040 967
3040 1759
343 2790
2790 703
448 857
448 524
448 1133
857 871
3352 4309
3352 3225
3352 3373
4309 2538
933 2655
1440 2017
1440 1172
1082 3404
2944 3571
2944 3142
650 1876
1598 3130
1598 2848
1598 3816
3130 3665
4090 1735
4090 3954
4489 1336
596 3320
596 3482
596 1566
3320 4379
3320 3987
2611 1090
2611 1047
4003 2107
4003 1543
2557 2330
2557 4242
695 2804
2804 985
2804 563
3688 3525
3688 1115
3317 441
3317 2957
2553 2341
1919 3831
2210 3894
2210 2100
3833 3017
3833 4464
1259 791
2179 1508
2179 2352
2919 2143
2919 3263
1031 1034
1692 4175
1692 3538
1692 2105
4175 819
4175 573
1054 3475
4315 4139
4315 2903
2512 3419
2512 347
3419 4331
300 279
300 2415
1528 4188
4188 2380
4188 3554
1701 2297
2726 2161
2726 3959
165 4495
165 2940
1636 2967
1636 360
2967 3284
809 93
809 4336
1693 2454
1693 2465
2454 1361
2454 2050
3446 118
3815 514
1922 4231
4279 4321
4279 580
4321 1465
4321 2677
3901 2985
3410 3615
4019 971
1466 3845
1466 1389
1466 4049
1336 4088
539 3162
3162 1972
3162 134
1345 1001
1462 4076
4076 2480
4076 3052
819 2169
2169 4299
2169 4344
2569 2711
2569 847
696 3001
3001 1814
2453 3094
2453 1727
2453 1825
3094 2063
3094 3943
628 3742
628 4349
3742 4411
4301 1158
3309 4478
1037 850
804 4253
4396 2925
4396 3973
129 3950
3950 1929
3950 2724
3470 3328
2071 2103
2071 2269
2071 4399
2103 1079
4072 4469
2180 4490
4490 1192
337 4064
337 1961
4064 3428
113 2438
3177 2104
3177 2582
1354 1644
1354 3289
1644 2325
1644 4028
4043 3078
3612 4234
3612 1252
3612 2493
52 3033
52 3085
4246 1123
1320 1629
3630 4288
3630 2955
3630 4402
2367 247
249 3843
249 2323
3843 225
1595 2807
3182 3603
3182 4161
3044 1012
484 2530
484 1685
2275 3801
2275 2099
2275 2992
3801 1516
243 278
243 2996
278 3848
278 1552
2682 3106
2682 779
4241 3559
4241 554
660 2114
968 2897
968 3934
2897 3508
316 4139
316 1552
4139 2762
3093 3386
3093 1646
3093 2537
3386 1027
4160 3610
1012 2832
2832 2038
2832 3633
1349 3615
1395 2304
1395 531
1395 1129
2304 879
884 1334
1334 2034
1334 571
3456 4084
3456 3716
4084 1768
4084 3103
1285 2718
701 4202
430 2561
430 1825
430 612
2561 4481
4061 2609
1425 3765
1425 182
1425 2331
3765 3292
547 2022
1935 2066
1935 891
2066 2008
876 3442
876 226
3442 4412
3442 1398
1170 2428
1170 1761
2428 2495
2428 3301
301 4098
865 1389
1968 3411
1968 204
3411 2590
3411 4442
3800 1824
3800 4220
83 1267
1892 2157
2162 3521
2162 449
1399 1209
4131 4357
4131 3799
4131 1482
4357 3318
182 3614
182 3926
2143 2301
2301 2247
2301 2205
313 1881
313 2492
1881 23
1749 3838
1749 2330
3838 1755
2197 3944
3530 4395
3530 488
1233 1085
145 203
145 2696
203 1849
203 2124
60 2051
545 2663
2459 3826
3826 286
1619 2997
470 562
470 1059
3934 993
999 3912
999 3383
999 11
1731 1099
1071 4416
1071 3169
2350 3959
2350 1398
637 2247
637 1825
2247 2924
325 3519
3653 1575
3653 1759
1465 1135
1465 990
4103 2668
555 4049
555 2966
1310 4236
1780 3551
1780 1774
778 3512
778 3504
778 2985
3512 2038
4381 1404
3871 2011
1480 2297
2510 3839
1924 2633
1924 2607
1924 1565
2633 3944
1970 2749
1970 4473
1605 2099
1605 2940
1605 429
2099 2495
218 500
218 2217
1375 3638
3216 548
3216 1258
700 2481
708 2490
708 632
708 136
2490 2997
3042 3323
767 3070
767 4287
3070 433
4022 952
2357 2086
2357 3534
939 3298
939 1383
3298 4446
3298 35
3321 1446
3321 1426
3428 190
3428 2669
2875 3097
3097 4388
3097 1803
2438 215
2438 3430
51 4068
1508 2836
2015 3349
2015 2140
3773 2963
3773 3732
3088 320
3088 2006
1319 467
1319 3842
2011 723
2038 1885
154 347
274 2921
274 1741
2921 3746
1577 2325
862 4058
862 1247
1273 2084
1273 1109
1158 2034
3308 1748
3308 1060
2720 3209
2720 3674
3209 3714
1133 4466
4466 3002
4466 3954
4258 1109
861 1792
861 842
2734 975
2540 2239
2781 2123
2781 769
1586 2196
1586 838
1586 1192
2196 2177
3651 434
2380 4283
1389 1837
925 3618
925 2232
925 3521
3618 1402
868 833
3018 4155
3018 187
4155 1438
1513 3816
1513 2912
2565 496
275 476
476 1763
476 47
1472 2264
838 2177
2195 3485
2195 1648
3485 4048
755 2052
755 2282
2052 1993
2052 427
1482 3549
720 511
1346 3747
1346 2688
1247 3911
3911 66
3911 492
2413 4058
2413 4233
111 2889
111 1000
130 678
130 1152
4048 2037
4048 3649
3631 879
2627 443
2627 2383
4353 1178
3709 4436
3709 992
4436 4406
4436 1960
3752 3763
3087 3775
3087 1108
3374 1400
3374 341
1939 302
1698 4161
2267 3832
2267 823
3832 735
1355 549
1355 4268
983 2912
983 1506
2697 157
990 1639
990 2063
1639 2499
1313 2292
1313 4105
1313 4152
2292 2962
3002 2866
3002 3067
1361 2869
2665 2831
2831 1434
760 3927
760 4101
760 3396
3981 467
3981 712
904 2937
3227 128
3227 2074
1266 1291
1266 3483
1266 1132
1291 1154
1291 4120
158 3714
158 2039
715 3234
2614 4303
2614 116
4303 2431
3890 3295
1232 2582
1232 2866
2582 3229
1139 3586
1139 281
1139 3666
3586 1069
3586 665
2361 2626
3899 1249
3899 3780
3063 3443
2595 2748
2748 256
943 1661
943 2074
1661 330
1661 1918
1408 4320
1408 4323
1519 3514
834 3596
834 2648
834 3799
3596 2775
1884 2661
1884 1538
833 1156
833 3234
1156 2787
2925 713
2313 1787
2313 1761
2105 3392
3392 1706
563 4440
3964 4296
4085 1869
1963 3982
1963 1630
3982 652
3982 364
436 408
1971 2466
247 3260
247 1068
3260 2157
2629 4340
2629 71
3447 4495
3447 4421
1912 2007
1912 521
2007 1601
2007 2973
50 1600
362 1116
362 3152
362 2945
1116 140
1506 3719
1506 469
3719 2462
3719 2135
1601 3857
1601 2592
827 3138
827 3151
3138 793
3570 2718
279 1153
1211 3020
1211 3008
3020 2548
2883 3071
2883 1471
3736 4163
3736 986
3621 2215
1035 1976
1976 3905
2111 2903
2111 1353
2111 2775
2903 3767
1001 1687
2260 2996
3103 3917
3917 2222
3106 453
669 352
669 4360
125 3894
3151 3817
1261 2322
1229 3545
1229 1309
1229 3637
3334 4202
3334 419
406 117
3519 4272
2762 3866
3184 3915
627 2285
627 726
2977 3939
2977 4401
2977 3045
3939 1942
1859 2671
1859 3553
379 493
379 3362
493 636
606 2382
606 2513
156 2821
2821 4298
2965 3665
1849 33
1512 3215
120 4295
120 4411
4295 2170
671 61
671 2536
4468 1761
3763 2761
94 2403
72 1258
72 2339
1258 4196
190 4150
2694 1032
1852 4067
1252 2471
2471 2449
2201 3953
3200 645
3200 600
4434 2499
26 2641
1287 3862
1287 4037
3711 2546
2415 3076
443 504
504 3284
2022 735
514 2599
514 1473
4481 3580
4481 1145
1442 4407
1442 4206
623 1059
623 2142
1531 3067
1531 963
3067 3190
752 2548
752 927
752 2335
2548 1947
24 4024
24 3389
4024 880
1585 2281
3728 915
2097 433
177 1041
177 1444
2955 3601
2955 1171
1957 1441
2922 3453
2922 2715
2922 3733
3453 681
3571 2598
1940 2016
1940 3663
3884 4480
3884 3452
4270 4239
2795 3540
856 2392
703 711
3767 4016
3767 1335
4016 1960
1814 958
447 2648
469 1153
1947 4178
1432 2172
1432 1785
322 1004
1625 251
1625 1264
3271 1007
3271 2874
2774 1115
2609 2594
2419 1540
3844 4397
3844 180
4397 4253
1514 4378
1514 1901
4378 3841
4378 4262
230 1243
230 3635
1007 2547
3493 3766
3493 4388
3766 3383
3766 3671
652 3035
4150 2331
1896 2736
1896 2632
2736 989
2736 415
3575 1053
3575 3987
1376 3932
1376 1225
1376 348
947 840
434 3818
2957 4294
4294 1645
4294 1493
1404 1739
180 1785
180 2583
2913 3230
2480 893
981 1245
981 1108
175 2084
175 405
175 2222
1529 2053
1529 1002
2053 7
4071 4106
4071 2241
4071 3150
4106 2086
215 2385
2385 571
882 1898
1092 3771
1709 4091
4091 4264
1479 2807
3005 3035
3005 1752
3005 307
3035 1481
678 2533
678 2842
2533 1587
2533 1823
1069 3559
1683 2991
1683 4093
2991 1629
3534 3995
3534 3859
3995 529
3995 15
2317 1318
4070 3345
1002 2485
2485 2866
1060 3887
79 381
79 178
2622 2779
1298 2254
1298 1613
1298 3761
2254 2901
883 766
883 1742
2935 2711
658 2042
2042 1131
2042 665
513 3610
513 3458
3610 4152
93 2342
1318 997
2718 4093
1090 2347
1413 1832
1163 3561
2331 4100
4100 1265
4100 4141
15 4257
2630 1213
2325 2202
2887 1810
2887 1945
2205 29
2157 4068
4068 193
1177 1573
1177 2524
1177 1120
1573 872
1573 3383
2161 1540
2161 1417
3290 2737
1444 3257
2549 4299
256 4225
2190 2089
2190 440
2760 3373
3423 404
3624 4385
3624 3761
205 3432
205 887
3822 341
1680 4358
1680 4226
1680 952
4358 1017
3204 2628
3204 1117
4351 4377
4351 3751
3712 4390
4390 2993
4390 4344
3160 909
1304 3324
877 2061
877 1144
2870 1501
870 998
870 2150
1652 3585
346 2654
346 240
2061 363
1391 1244
1391 4191
95 4240
4240 2487
2138 4431
2138 2449
2138 1062
4431 1017
496 3537
3537 187
1800 1712
1800 2309
1353 4464
816 1677
1677 3116
1145 1300
1145 3769
1300 2280
1300 3921
1242 2135
1242 378
2272 3441
2272 2683
2272 987
546 2974
546 3525
1750 4039
1750 3824
1750 4296
3775 688
3775 2004
2924 3488
3488 3323
3488 2340
4349 4399
3791 3146
1966 4394
1966 3223
4394 1047
1972 2264
2489 1931
3816 4493
1587 3520
3559 3430
1988 2751
1988 455
3840 2175
3840 1433
4251 3384
4251 713
321 354
321 455
354 160
354 4184
993 3874
2305 2235
9 1930
9 4340
1930 940
4095 3458
4447 4289
4447 4312
4373 3859
3657 4146
3657 1635
3657 2330
4146 2024
927 572
927 3208
2123 2526
2123 4220
2526 1473
3944 432
944 989
944 2339
944 2374
119 2303
119 3467
119 3821
1712 653
1627 2149
847 4210
4210 3384
146 3116
146 913
146 2584
1481 2274
2679 4252
236 4177
2348 4054
2348 580
4054 1234
4054 4413
589 1249
4177 187
4177 3370
3527 4399
3527 1107
3527 1152
377 891
377 234
2974 1866
432 831
1394 1485
1394 1053
2539 3598
2539 1503
3598 1070
3598 4496
2648 1854
655 4403
4403 1089
3388 3580
4248 4438
4248 3620
4438 1189
585 3112
585 2672
3169 481
851 1016
1016 2383
2322 3313
2813 4284
2813 4222
4402 1885
4299 757
3365 1818
181 1098
4264 2536
1244 3846
45 2039
148 3126
1651 4196
2337 3024
1650 1382
1650 462
1132 759
2677 2244
2087 4291
1083 1658
1083 595
1083 4120
1658 1322
1658 1718
2140 2306
2140 1807
2306 1463
2306 2635
2769 3268
3268 949
1876 2233
1876 4231
2233 2192
2233 4213
3096 1311
131 1224
131 3671
2448 3977
2448 1115
2448 3957
3977 4191
1101 334
2239 3574
1224 4272
1277 2113
1277 1739
149 3576
1463 81
4154 848
4226 1180
4226 2492
4473 2971
1798 3080
1982 3544
1982 1068
3544 1140
1295 898
2376 3540
2376 2427
2822 4319
2822 1648
1026 2281
1026 1723
2342 1188
2342 1099
986 1162
1162 2039
3287 1536
3287 640
1458 1945
1458 3908
3346 348
231 302
282 4055
282 4038
4055 4331
350 3701
3701 1945
3701 287
4174 2373
4174 68
603 3100
603 2335
3100 1309
759 3761
4406 2133
3318 995
3318 740
2024 3561
4089 1308
3735 2431
3735 1124
1089 2005
1089 3582
3505 3644
3505 859
3505 3092
2 240
240 4004
3085 3500
1823 1556
1823 2159
620 710
841 4287
1153 4464
2032 4096
2032 4225
1640 3593
1640 1178
1640 3258
3593 2414
3593 1717
4374 4273
3597 3717
3597 1195
3717 134
1070 3478
2982 1098
2982 347
2735 2934
2735 3599
2934 3967
405 3854
3854 3604
3854 4233
4440 2243
1787 3482
3452 3461
1633 431
3604 2543
3604 449
2770 1129
115 1553
115 2998
1553 442
1553 1428
908 1189
908 1027
2049 4209
1246 3649
1246 2487
13 2185
1867 3086
1867 4001
1867 1898
3086 160
4253 3744
3136 11
78 2142
2142 1837
3076 1571
3076 2148
2347 3376
2347 2876
3225 832
1180 3021
2062 4168
4316 3344
4316 3649
462 805
805 3461
1654 3197
1704 542
4128 23
139 3720
3720 147
3720 2797
168 152
3345 3140
938 3868
938 723
1705 3109
823 729
1986 2888
1986 2998
1986 4222
2888 3295
86 3418
1956 29
1956 1871
2672 647
2737 4166
2668 3176
770 4433
128 1850
408 3281
3281 2259
3794 653
2383 1042
985 3038
3744 200
2341 2971
2341 2005
381 2811
381 2969
2811 1488
949 3293
878 2570
878 2185
878 3835
2570 284
2570 2431
1929 1894
875 1436
2671 769
85 4102
85 2460
4102 4038
286 2706
1600 1062
2845 3641
2845 1000
2845 1426
3641 3988
613 1188
613 3943
793 1829
793 2403
1829 1504
548 1998
1998 116
1998 2729
909 4340
3818 2109
3288 3514
3288 1501
3514 2941
2598 1079
2449 124
2063 2800
2800 1433
4140 2807
4312 1638
500 737
246 3324
246 3799
2064 3560
2064 2414
3560 3615
2573 3666
740 2423
2423 2901
1488 726
1752 4307
670 1051
1051 3338
2243 4033
2243 3936
4033 3659
4182 1964
913 378
1840 3010
1840 3628
1840 1362
738 4442
1827 4239
1827 4008
4239 4281
3557 3808
284 2907
3895 153
594 3384
3037 2005
1209 204
1209 1810
4307 529
4307 4207
4446 2625
414 4319
414 2283
3315 3861
3861 4111
3861 1953
4144 2107
4144 2608
713 2408
4001 2148
4001 2283
3095 1182
879 1074
311 4342
4342 4228
3142 1686
2776 4167
1108 717
1308 3377
3024 3140
3954 2680
1059 3620
3111 3009
1936 3848
1936 62
3848 3105
948 3973
3973 675
2202 4004
2202 2572
4004 581
631 4037
631 369
631 3272
4037 2504
2128 4018
2128 1079
4018 1767
4018 3921
437 4171
437 1265
4171 4145
2026 1409
1638 3256
3959 4362
3628 3585
269 3661
4228 666
4228 2327
1100 1374
1374 178
3205 3426
3205 1
3205 2662
3426 2901
33 2537
33 1200
1183 2698
2698 2392
2698 47
2596 542
1451 3415
1451 1471
3415 1504
1953 2700
1953 1047
2700 1904
3673 4187
3673 1648
4187 4008
581 1438
1904 1730
1036 2368
1036 1540
1036 2096
2368 1250
2212 413
2513 2528
573 3329
2657 1789
3322 3690
3322 764
2530 4400
2530 2365
4400 1964
4400 4445
633 1415
1415 2241
1706 3091
3091 1579
419 227
419 4219
2183 3780
3780 3620
2422 3491
1727 2437
366 3299
366 1913
3299 3762
1042 3582
1042 1684
898 1645
1846 4252
1846 2763
4411 3101
134 2131
2131 952
2131 2966
1526 281
1742 1905
1614 610
1614 1128
483 1322
483 3855
1322 1582
1467 4498
1467 1356
4498 1213
4498 2150
1516 147
3633 69
3250 1959
3250 1789
1417 3437
1196 369
1196 2945
3771 1250
521 1684
1684 4225
2323 2113
1290 232
1290 101
2193 428
4296 4213
2057 1875
3286 4088
3286 2952
1123 3942
1195 4326
677 1685
677 3913
342 1816
342 3839
342 2373
3407 2608
1410 3504
1410 622
525 3105
525 4219
525 48
1891 2495
958 4047
1269 2300
1269 1063
1883 3839
1883 1326
3234 729
1182 2962
2544 3637
2544 4433
2076 3229
265 1949
265 248
481 1609
1483 334
1582 2388
2499 3256
1943 4482
4482 3726
4482 3045
4025 2482
3940 4291
3940 1356
3940 2493
4291 4183
574 1568
193 1875
4183 887
1366 2497
1366 1722
3520 4184
542 1862
1862 3835
309 161
7 1871
7 1672
2588 1164
3009 4372
3009 4051
552 1102
1722 2122
2836 3930
2427 4166
3841 2300
717 4161
717 2716
2041 2663
791 3292
1475 1172
4298 2863
428 2307
568 3102
3554 3584
3601 610
2669 2876
2909 1200
2909 2787
304 2907
18 3489
18 3569
3489 3857
668 1213
2451 4323
2572 1975
2572 1005
2589 3506
1088 2175
4138 3359
2993 1504
1104 2236
21 1584
524 1767
3430 3301
3526 619
1200 995
2537 2973
2779 2139
253 1164
307 401
307 1307
3525 2482
1098 4413
2962 2320
842 2009
1434 4257
4257 1993
3584 1778
3584 3126
3751 3869
4289 2688
1154 1493
1154 4002
3370 712
441 2958
529 4369
2585 3038
3798 3930
178 2462
662 1686
662 1172
1099 147
1748 1702
1748 1074
600 3215
531 630
1630 2535
2535 2460
2535 2113
3490 3387
3490 630
431 1280
1426 4209
312 3619
312 3824
729 871
2373 3713
1436 2552
1824 3008
1824 3301
549 2848
3025 570
1192 1493
1850 1729
324 3669
324 3521
324 3637
3669 4111
1778 2004
1778 3199
3585 1140
3223 1077
510 4405
2392 3786
3229 3168
3444 1495
3444 176
2486 971
2706 3440
2706 4162
1270 761
1905 2055
1905 726
2711 4405
2460 2584
227 2876
2603 4267
2370 2497
2497 3483
2175 3101
1165 4206
1165 923
4206 3443
2149 3278
1414 3198
2538 832
3538 294
1398 3504
566 1718
352 2014
3278 1833
3942 602
2257 815
3905 2963
3398 2606
3398 1362
194 632
1 2632
1609 2236
1609 1925
1264 4416
1264 2139
4416 535
1549 4292
1549 4459
4292 3638
4292 2612
501 3859
3168 3034
251 2524
251 2010
35 3362
4196 1857
2159 1768
1833 3915
3915 2989
1810 3638
3387 3304
3769 2241
894 1383
894 4281
1383 1942
975 2274
975 1148
2969 4443
2382 4469
963 3324
3176 3926
3146 829
1702 157
612 3753
3753 2320
3753 232
511 1119
3101 1427
81 769
2215 429
2215 2863
2958 995
112 2716
112 1402
1832 386
3623 1515
3623 3786
1548 3606
1077 3663
723 422
2232 4338
4338 3943
413 779
413 1515
334 363
636 1768
2552 832
4496 1672
422 201
1267 2635
2658 3936
1171 2109
1913 1439
761 3150
2320 1441
427 766
3635 1094
2307 2594
302 3674
1687 1307
3295 101
1131 1608
1131 4006
1608 4111
1608 1107
1584 679
480 4428
480 4207
480 940
4141 4346
1446 866
1714 4267
2655 4372
885 3230
885 1875
885 4276
488 3235
632 2124
557 1428
2259 3275
2259 1571
3275 1723
225 559
225 675
1938 3078
331 1400
3697 4002
4002 1959
1803 4284
872 1005
1555 610
1555 364
1906 2961
4379 2405
482 1485
482 1234
4163 1559
3261 4053
4053 2048
3235 4459
562 2999
48 3313
3313 679
1565 3983
4421 2773
712 3655
3674 1729
4276 1120
2345 3359
3293 4101
3293 4281
866 4213
866 3970
1168 36
4453 4156
3540 3083
1234 4371
831 2688
1538 815
1068 1297
815 3796
4156 4344
4156 3208
2365 1869
1959 2773
3197 2133
3362 4360
2133 2632
1148 1747
602 3796
3034 3908
621 3137
3071 2170
234 829
3329 622
341 157
2416 1120
3726 4162
3716 3500
450 971
450 248
2869 133
3614 455
4433 3198
3109 2612
1566 4443
3272 940
3208 1362
3599 3083
442 987
442 679
294 992
3663 3553
200 3553
2803 3051
848 2170
