800 800
200 597
200 780
597 787
15 295
15 304
295 346
56 723
56 419
723 35
113 211
113 361
211 567
252 406
252 332
406 688
304 229
389 631
389 261
631 480
274 793
274 129
793 8
662 789
662 38
789 11
169 380
169 445
380 257
487 528
487 753
528 212
167 685
167 690
685 356
188 479
188 665
479 681
35 157
157 400
466 752
466 5
752 259
698 757
698 373
757 260
43 506
43 344
506 44
342 564
342 194
564 548
573 744
573 459
744 369
58 378
58 653
378 646
144 292
144 17
292 77
191 413
191 213
413 294
61 285
61 590
285 108
186 545
186 371
545 125
408 518
408 755
518 98
189 489
189 4
489 39
546 708
546 661
708 105
683 695
683 590
695 19
371 627
627 670
95 305
95 584
305 514
297 678
297 372
678 209
225 253
225 665
253 618
153 386
153 85
386 39
372 699
699 756
333 362
333 38
362 477
422 538
422 303
538 599
16 655
16 103
655 10
185 711
185 31
711 607
464 702
464 246
702 159
8 660
660 617
688 680
776 788
776 770
788 300
45 151
45 282
151 55
681 23
467 536
467 97
536 239
686 751
686 307
751 569
18 728
18 283
728 672
111 263
111 88
263 256
321 509
321 576
509 463
180 470
180 583
470 455
112 326
112 675
326 490
339 643
339 617
643 396
315 694
315 761
694 471
560 620
560 765
620 330
343 524
343 196
524 691
9 508
9 368
508 664
81 765
81 507
168 254
168 786
254 676
122 147
122 415
147 614
114 799
114 664
799 520
334 555
334 457
555 762
396 786
19 134
134 423
196 639
310 365
310 430
365 337
520 574
574 390
125 301
301 595
83 146
83 345
146 613
561 621
561 275
621 132
82 101
82 405
101 515
207 361
207 453
307 644
187 541
187 473
541 567
459 296
582 680
582 552
53 150
53 598
150 684
237 725
237 316
725 724
364 448
364 171
448 700
562 692
562 516
692 580
202 624
202 159
624 201
91 271
91 494
271 511
156 437
156 231
437 613
257 303
217 267
217 220
267 355
84 241
84 347
241 442
619 674
619 64
674 454
109 414
109 468
414 773
57 376
57 514
376 329
239 291
291 797
659 737
659 492
737 512
13 226
13 177
226 118
104 484
104 160
484 577
110 653
110 68
350 387
350 594
387 247
302 585
302 668
585 248
755 71
79 427
79 323
427 549
410 792
410 227
792 214
377 615
377 335
615 381
527 721
527 354
721 735
368 687
98 269
269 586
472 614
472 164
7 416
7 412
416 795
498 523
498 4
523 260
344 474
474 60
549 717
717 779
71 544
544 761
197 540
197 1
540 288
27 766
27 25
766 566
158 441
158 409
441 2
537 608
537 677
608 86
687 768
99 791
99 603
791 435
210 488
210 42
488 494
526 706
526 421
706 517
357 421
357 629
208 716
208 275
716 355
418 773
418 308
392 644
392 128
332 117
154 425
154 401
425 393
97 325
107 740
107 240
740 673
12 341
12 76
341 473
348 714
348 431
714 754
243 521
243 198
521 374
753 781
781 223
192 308
192 771
160 532
532 298
141 491
141 212
491 539
166 435
166 623
26 123
26 476
123 696
480 759
351 746
351 519
746 242
318 798
318 758
798 69
477 330
42 634
634 247
10 44
502 646
502 630
90 543
90 227
543 238
323 513
513 747
170 572
170 137
572 534
404 748
404 443
748 181
516 775
126 493
126 734
493 666
105 145
198 547
137 651
651 428
221 483
221 373
483 258
445 496
213 163
299 402
299 284
402 288
258 550
550 37
148 251
148 731
251 677
593 647
593 327
647 206
129 171
287 293
287 143
293 571
96 353
96 206
353 602
88 604
70 453
70 375
203 726
203 558
726 730
48 294
48 735
356 605
14 576
14 709
259 428
37 783
403 607
403 679
55 693
693 452
322 530
322 510
530 249
349 645
349 424
645 41
451 531
451 23
531 117
216 637
216 450
637 379
121 238
121 444
419 732
478 557
478 268
557 542
143 424
347 578
265 669
265 745
669 391
505 767
505 276
767 65
430 641
72 629
72 176
220 712
230 666
230 175
11 309
74 409
74 790
324 602
324 460
400 579
579 161
173 787
173 383
379 663
663 800
783 68
552 719
442 149
232 384
232 447
384 383
248 412
279 563
279 352
563 742
401 17
578 710
710 290
732 316
311 366
311 676
366 369
463 630
25 135
145 429
268 270
270 223
730 551
568 720
568 673
720 512
671 794
671 529
794 314
195 456
195 182
456 610
668 214
41 652
577 337
691 790
115 176
115 6
244 595
244 598
604 331
496 135
87 370
87 434
370 40
249 499
500 777
500 762
777 559
201 639
190 224
190 194
224 36
734 533
234 407
234 499
407 127
92 314
92 306
345 756
490 398
476 24
142 162
142 245
162 276
569 317
797 684
584 481
108 51
385 432
385 394
432 650
438 587
438 205
587 193
250 625
250 28
625 46
457 374
52 780
52 727
556 588
556 179
588 382
440 633
440 175
633 436
462 642
462 317
642 284
394 535
535 622
73 174
73 469
174 360
246 529
32 658
32 667
658 696
558 449
93 296
93 120
667 282
779 591
24 672
360 486
136 733
136 139
733 375
255 452
255 390
20 320
20 262
320 338
747 363
306 772
772 534
482 741
482 178
741 352
5 286
286 381
724 778
778 338
50 446
50 273
446 759
64 78
635 709
635 566
327 66
405 503
503 704
77 522
31 458
85 575
547 763
763 542
515 596
231 236
775 40
266 591
266 800
510 626
6 700
290 539
120 616
116 750
116 461
750 581
690 784
784 340
650 718
497 618
497 340
242 228
256 411
331 431
336 682
336 486
682 94
280 638
280 670
638 553
454 367
80 204
80 172
204 636
235 325
235 67
575 605
770 165
272 648
272 30
648 420
622 599
411 707
94 641
178 701
468 433
594 359
62 554
62 69
554 63
229 485
603 119
281 580
281 782
172 519
130 429
130 743
149 729
795 215
501 592
501 118
592 183
86 511
450 133
707 785
289 300
289 586
553 218
119 782
313 495
313 417
495 75
398 522
359 391
420 601
28 273
465 656
465 738
656 395
583 611
611 596
439 774
439 47
774 705
34 51
34 367
449 222
233 525
233 704
525 565
771 612
758 78
245 181
102 697
102 426
697 471
21 382
21 701
67 358
358 155
363 264
461 481
548 640
640 533
47 785
29 749
29 689
749 138
492 209
354 764
309 632
632 54
616 328
712 458
222 264
415 328
571 742
106 165
106 675
193 205
507 609
54 163
329 298
626 743
434 36
182 49
679 570
131 504
131 703
504 75
76 388
388 22
139 346
312 426
312 319
132 715
715 727
124 738
124 127
240 606
764 600
2 623
138 199
278 652
278 65
100 475
100 218
475 731
49 796
689 447
228 155
161 1
601 183
612 277
30 739
46 628
417 559
215 335
3 443
3 657
654 745
654 219
103 319
485 739
606 719
152 628
152 399
649 769
649 140
769 33
399 610
59 177
59 236
436 661
33 722
722 22
589 760
589 261
760 718
128 517
395 581
140 713
796 262
164 713
600 609
219 736
283 199
768 570
657 60
754 565
469 703
66 551
179 460
393 184
729 444
397 705
397 184
63 736
455 433
636 89
133 423
277 89
