800 800
504 761
504 491
761 107
174 697
174 382
697 609
274 555
274 111
555 299
65 799
65 395
799 204
196 474
196 716
474 331
342 537
342 666
537 319
595 717
595 606
717 6
89 128
89 332
128 374
160 417
160 74
417 377
630 693
630 475
693 785
387 459
387 69
459 15
182 337
182 280
337 722
659 738
659 552
738 556
90 590
90 430
590 740
39 792
39 422
792 696
531 598
531 359
598 487
69 662
63 75
63 769
75 404
453 669
453 593
669 287
310 370
310 283
370 55
45 713
45 208
713 633
301 639
301 385
639 716
265 618
265 553
618 400
62 366
62 229
366 472
322 582
322 162
582 346
700 784
700 671
784 682
82 106
82 32
106 489
411 681
411 304
681 448
57 687
57 225
687 402
549 633
549 173
704 754
704 767
754 368
61 568
61 236
568 487
436 445
436 427
445 793
176 235
176 546
235 779
380 550
380 677
550 524
328 750
328 556
750 676
418 662
418 71
350 518
350 206
518 398
304 245
212 575
212 103
575 441
373 529
373 79
529 273
6 743
156 671
156 396
238 484
238 564
484 251
103 668
668 12
455 589
455 570
589 261
157 230
157 122
230 425
259 534
259 412
534 165
490 714
490 246
714 666
253 612
253 140
612 720
679 711
679 135
711 773
121 173
121 391
454 611
454 768
611 638
53 267
53 800
267 256
107 247
247 449
488 622
488 209
622 362
358 494
358 742
494 532
33 218
33 78
218 9
1 522
1 435
522 136
660 734
660 102
734 330
184 625
184 798
625 558
539 673
539 730
673 123
32 723
120 204
120 37
248 637
248 705
637 731
362 80
285 546
285 18
398 414
414 526
12 787
787 379
115 781
115 192
781 361
505 558
505 786
528 663
528 483
663 133
767 109
399 796
399 421
796 752
757 788
757 64
788 284
620 764
620 374
764 395
139 586
139 765
586 525
162 770
177 460
177 269
460 142
407 638
407 153
512 691
512 730
691 793
124 466
124 390
466 293
647 745
647 403
745 369
118 410
118 42
410 136
292 535
292 257
535 607
313 756
313 48
756 68
564 199
76 264
76 758
264 125
97 207
97 736
207 440
401 469
401 168
469 694
465 472
465 73
509 798
509 353
473 723
473 502
224 656
224 760
656 329
42 383
154 448
154 236
133 325
442 744
442 486
744 297
109 315
315 367
557 591
557 123
591 698
87 278
87 127
278 652
282 624
282 252
624 675
396 272
78 543
144 403
144 226
383 416
70 225
70 601
29 35
29 349
35 364
180 195
180 424
195 286
570 621
266 783
266 357
783 423
297 371
371 560
93 721
93 300
721 191
58 763
58 86
763 356
48 689
178 688
178 605
688 34
361 782
782 670
405 587
405 415
587 513
563 746
563 214
746 279
125 765
309 610
309 271
610 592
223 677
223 577
146 741
146 186
741 597
283 489
731 353
71 5
511 592
511 277
320 475
320 762
291 588
291 102
588 685
786 686
477 715
477 305
715 604
768 778
778 616
8 245
8 213
129 791
129 497
791 695
66 326
66 302
326 72
227 280
227 485
476 597
476 650
10 44
10 712
44 377
345 424
345 728
299 480
131 599
131 216
599 110
553 88
203 340
203 726
340 152
408 709
408 600
709 732
147 525
147 695
368 682
81 85
81 499
85 751
181 676
181 409
685 302
375 559
375 96
559 365
327 519
327 363
519 493
689 755
755 447
294 305
294 242
740 439
159 544
159 585
544 158
22 795
22 384
795 250
155 165
155 654
171 747
171 54
747 438
64 392
392 277
213 513
46 514
46 672
514 114
98 515
98 295
515 312
137 772
137 451
772 130
736 4
654 742
142 701
3 552
3 779
440 710
19 240
19 318
240 432
726 201
104 613
104 520
613 520
77 321
77 269
321 562
175 237
175 232
237 777
187 629
187 724
629 329
332 316
431 450
431 372
450 560
206 596
114 205
112 306
112 317
306 508
352 800
352 60
36 167
36 400
167 702
79 376
376 307
108 183
108 571
183 664
391 319
91 777
91 743
493 23
281 776
281 481
776 523
210 496
210 574
496 581
415 420
495 708
495 303
708 21
127 699
699 346
601 491
34 526
369 464
26 769
26 517
578 580
578 718
580 547
7 648
7 92
648 341
239 653
239 367
653 94
232 661
9 254
18 774
257 480
190 211
190 636
211 427
349 393
393 644
347 698
347 617
273 99
105 536
105 696
536 188
244 456
244 752
456 30
50 609
50 658
262 739
262 602
739 672
117 510
117 92
510 690
658 748
748 148
163 635
163 323
635 233
517 722
23 566
164 478
164 458
478 300
385 446
446 725
4 202
28 437
28 430
437 425
471 616
471 645
323 498
498 608
577 643
643 461
457 461
457 228
293 412
596 343
38 603
38 680
603 617
774 492
276 651
276 189
651 185
40 703
40 138
703 275
189 503
503 325
429 762
429 49
287 217
21 572
621 678
413 665
413 628
665 593
516 650
516 422
122 202
250 360
360 737
197 214
197 243
497 303
148 706
54 314
314 84
330 735
56 256
56 255
316 289
20 419
20 705
419 338
644 701
228 623
2 541
2 678
541 289
728 780
780 482
186 215
523 649
649 447
548 584
548 565
584 341
409 234
331 753
753 394
451 381
619 729
619 151
729 201
602 667
667 132
193 221
193 583
221 389
84 574
80 794
423 674
674 690
614 641
614 268
641 533
219 758
219 634
718 126
652 771
771 579
554 775
554 229
775 258
384 233
500 502
500 402
68 604
17 116
17 101
116 631
444 607
444 449
268 372
152 406
52 640
52 470
640 566
60 220
113 507
113 463
507 759
421 632
632 354
72 343
151 561
628 583
31 59
31 226
59 605
468 573
468 296
573 572
275 770
390 386
359 789
785 260
88 388
426 441
426 138
565 760
720 95
254 356
657 719
657 205
719 642
192 381
241 404
241 482
702 452
295 631
318 749
99 576
576 94
348 661
348 288
83 339
83 16
339 439
41 95
41 797
664 24
464 435
706 179
43 150
43 527
150 378
25 263
25 355
263 86
547 735
272 543
594 694
594 569
499 434
686 434
110 134
220 452
527 74
406 438
158 486
365 684
47 646
47 169
646 724
355 533
737 458
11 67
11 485
67 530
145 394
145 569
153 606
14 249
14 420
249 732
749 286
73 545
545 290
585 364
389 627
670 51
675 733
579 492
51 234
416 655
655 680
15 311
311 521
101 433
168 540
55 222
222 333
143 344
143 135
344 169
542 727
542 30
727 251
317 627
27 797
27 312
260 49
132 608
540 335
308 532
308 215
759 483
684 567
96 636
378 561
271 524
623 683
683 794
443 725
443 191
258 334
334 298
5 252
141 270
141 140
270 166
37 298
307 567
111 538
773 161
296 692
692 462
242 506
357 433
216 600
335 581
198 790
198 506
790 634
386 432
336 351
336 463
351 243
134 100
712 467
462 290
710 642
354 615
615 170
126 217
231 428
231 255
428 324
130 338
501 562
501 626
751 288
279 551
261 530
382 333
199 100
379 508
188 200
200 166
209 479
479 766
766 645
388 733
363 246
284 521
481 467
571 24
13 172
13 538
172 707
208 397
397 789
324 149
16 185
170 626
551 119
149 179
119 161
194 470
194 707
