2000 2000
400 533
400 643
533 1266
64 1338
64 215
1338 1316
77 1420
77 29
1420 343
416 886
416 1793
886 852
332 1826
332 905
1826 1115
399 833
399 874
833 1874
959 1170
959 188
1170 1599
1129 1847
1129 1866
1847 1501
281 1866
281 1700
323 1225
323 633
1225 856
508 1499
508 1086
1499 689
1492 1935
1492 300
1935 1604
880 1407
880 1904
1407 411
813 1088
813 571
1088 690
1458 1649
1458 1430
1649 1340
517 537
517 1123
537 1047
602 761
602 1738
761 106
274 779
274 1102
779 186
1049 1221
1049 1721
1221 1270
1560 1925
1560 126
1925 1589
1243 1989
1243 1995
1989 1988
749 1454
749 1927
1454 1355
205 536
205 1770
536 1486
35 799
35 758
799 176
1353 1977
1353 1467
1977 541
777 1781
777 1561
1781 1139
375 1621
375 973
1621 1545
12 1569
12 513
1569 578
458 752
458 143
752 1120
916 1716
916 1582
1716 253
1479 1564
1479 68
1564 1045
906 1931
906 1373
1931 1801
1395 1830
1395 1302
1830 1242
1605 1789
1605 1366
1789 643
309 629
309 700
629 294
809 1998
809 1131
1998 1394
428 1223
428 1039
1223 1060
130 1566
130 802
1566 97
141 672
141 1727
672 247
162 466
162 174
466 1858
188 604
604 131
1449 1806
1449 88
1806 1545
113 201
113 1430
201 1116
1490 1694
1490 1081
1694 1512
1489 1878
1489 19
1878 34
1139 1765
1765 804
78 1640
78 726
1640 648
1215 1840
1215 114
1840 1174
1518 1532
1518 1184
1532 1248
1280 1331
1280 505
1331 1645
846 1893
846 37
1893 717
593 630
593 840
630 842
325 1224
325 126
1224 1418
218 1772
218 97
1772 1147
564 868
564 1229
868 646
808 1228
808 1298
1228 1724
426 903
426 1572
903 1743
1007 1968
1007 686
1968 1180
199 217
199 485
217 705
146 1788
146 960
1788 1721
362 509
362 260
509 518
268 1256
268 133
1256 925
766 1087
766 1822
1087 1776
1352 1742
1352 1481
1742 550
56 1714
56 609
1714 1832
973 1880
943 1659
943 1349
1659 1173
491 1004
491 748
1004 521
481 1485
481 923
1485 1964
228 1039
228 1262
1036 1478
1036 865
1478 101
1266 80
327 789
327 582
789 502
1145 1650
1145 1527
1650 1195
1604 731
221 1939
221 1362
1939 670
804 705
438 1299
438 1207
1299 587
956 1899
956 636
1899 1194
607 1602
607 1363
1602 1337
100 1011
100 1470
1011 1008
631 1959
631 1046
1959 307
364 1615
364 308
1615 1082
521 14
1857 1971
1857 372
1971 682
1227 1804
1227 377
1804 1357
525 894
525 931
894 1705
486 1577
486 807
1577 293
622 1321
622 1711
1321 993
1202 1667
1202 1777
1667 1377
422 1412
422 1551
1412 1768
112 432
112 1290
432 975
917 1354
917 82
1354 13
743 1238
743 635
1238 1197
945 1044
945 1441
1044 164
919 1809
919 553
1809 845
415 735
415 1323
735 1399
1302 1610
1610 1090
776 1006
776 1374
1006 570
1094 1846
1094 478
1846 725
837 1775
837 406
1775 1953
879 1363
879 1549
518 471
701 2000
701 1708
2000 520
784 982
784 48
982 791
839 1592
839 798
1592 1236
960 1092
1093 1328
1093 10
1328 1975
1142 1858
1142 662
1119 1237
1119 1315
1237 511
603 1092
603 810
1472 1769
1472 988
1769 1960
762 1493
762 1329
1493 642
477 1855
477 1690
1855 961
1294 1848
1294 721
1848 1232
1001 1366
1001 1017
1527 1970
1970 1010
1475 1780
1475 1778
1780 1778
369 372
369 719
715 1912
715 559
1912 534
313 1603
313 1909
1603 69
307 1443
1443 908
104 855
104 558
855 1521
717 1198
1198 206
144 927
144 644
927 549
1162 1850
1162 354
1850 1304
730 844
730 1643
844 583
216 1297
216 660
1297 1817
98 896
98 370
896 427
493 788
493 27
788 1064
513 995
995 418
1083 1642
1083 1936
1642 836
1824 1905
1824 1322
1905 1292
1438 1461
1438 795
1461 1525
826 1491
826 574
1491 1823
1528 1763
1528 1192
1763 1975
377 1107
1107 1319
554 1706
554 1427
1706 453
1103 1885
1103 1965
1885 1652
539 760
539 1295
760 1066
70 1364
70 1739
1364 270
901 1521
901 511
156 470
156 611
470 1135
731 817
8 1883
8 21
1883 978
178 1391
178 22
1391 1255
832 869
832 283
869 924
129 1535
129 1411
1535 627
123 1375
123 91
1375 90
1105 1930
1105 497
1930 893
166 1682
166 1761
1682 366
1474 1913
1474 457
1913 1425
1137 1361
1137 1980
1361 1283
83 1275
83 1533
1275 225
824 1050
824 1374
1050 1400
968 1323
968 1034
1425 54
689 1285
1217 1618
1217 608
1618 1807
215 1717
1671 1825
1671 238
1825 1091
864 942
864 724
942 1288
39 1619
39 1967
1619 794
425 751
425 262
751 1735
591 783
591 1246
783 1972
1117 1387
1117 733
1387 315
1179 1219
1179 179
1219 1061
617 692
617 1872
692 137
393 1213
393 763
1213 796
266 843
266 1685
843 229
1250 1279
1250 1386
1279 668
314 1823
314 848
380 865
380 718
191 849
191 1413
849 1932
1360 1639
1360 1385
1639 1498
605 1212
605 17
1212 1211
1127 1208
1127 1813
1208 1014
912 991
912 151
991 440
219 767
219 324
767 528
23 1795
23 1503
1795 1428
1513 1774
1513 172
1774 1517
40 1210
40 688
1210 1538
390 1445
390 1261
1445 696
496 523
496 1985
523 1348
1141 1758
1141 1617
1758 1864
955 1073
955 1015
1073 1810
1456 1504
1456 1704
1504 1940
1132 1938
1132 782
1938 192
1561 1800
1108 1172
1108 347
1172 1629
936 1590
936 1693
1590 547
875 1085
875 145
1085 702
1051 1576
1051 1310
1576 1096
291 1937
291 1082
1937 1988
1351 1688
1351 687
1688 1401
2 1834
2 1203
1834 557
11 1245
11 158
1245 1896
853 1677
853 934
1677 1409
1115 33
685 1455
685 273
1455 182
744 1541
744 907
1541 1820
447 1812
447 600
1812 727
642 1439
453 1529
18 503
18 1928
503 768
1332 1531
1332 551
1531 168
1879 1929
1879 1982
1929 1158
1081 1311
1311 1681
641 1942
641 1744
1942 494
241 1334
241 249
1334 1362
1102 620
1156 1570
1156 34
1570 454
338 449
338 1626
449 585
1074 1537
1074 1558
1537 815
1173 53
440 1101
862 863
862 861
863 1585
668 1523
1523 285
479 1327
479 474
1327 1664
1811 1915
1811 262
1915 1372
243 333
243 1065
333 1414
168 1471
1471 409
1192 1378
21 842
1293 1580
1293 402
1580 920
1150 1797
1150 1344
1797 1948
1315 1341
1077 1547
1077 85
1547 367
1813 1408
757 819
757 462
819 1185
782 1895
1895 1644
79 1249
79 1926
1249 1596
202 682
202 271
150 1309
150 775
1309 50
714 1122
714 267
1122 561
341 1514
341 1851
1514 404
854 1016
854 874
1016 693
182 1261
836 269
580 633
580 655
1644 1611
462 543
691 1897
691 392
1897 473
419 1066
419 807
174 1378
765 1819
765 812
1819 897
210 663
210 1451
663 1764
115 1557
115 1668
1557 1635
94 451
94 3
451 1790
721 729
729 1917
59 121
59 1099
121 1979
33 1672
795 105
282 538
282 873
538 614
1123 1154
1154 925
1193 1856
1193 58
1856 1041
392 675
675 1451
95 568
95 4
568 407
1182 1325
1182 505
1325 122
740 1358
740 977
1358 1303
504 1410
504 1853
1410 1799
259 1579
259 1591
1579 895
599 1647
599 1205
1647 42
139 1025
139 1466
1025 167
1636 1909
1636 214
474 829
829 1222
871 1697
871 1343
1697 1324
1713 1900
1713 192
1900 1646
293 759
169 867
169 1785
867 695
522 1171
522 1018
1171 1554
159 939
159 1950
939 1546
1005 1633
1005 1176
1633 963
408 1414
408 1059
1048 1860
1048 1630
1860 937
296 306
296 1450
306 224
1195 1756
52 732
52 1614
732 437
502 1018
1585 1019
366 1167
46 1183
46 283
1183 1969
485 736
736 753
637 1916
637 472
1916 92
1079 1740
1079 1906
1740 1211
1743 1214
726 358
1187 1947
1187 1695
1947 847
367 1274
1274 1002
531 1233
531 741
1233 992
1047 1517
526 1383
526 1509
1383 388
1053 1723
1053 1807
1723 1356
231 1206
231 507
1206 44
37 1069
242 577
242 1418
577 1863
1668 1972
1423 1670
1423 257
1670 1941
195 1548
195 1246
1548 1594
368 573
368 1555
573 1911
551 1447
1312 1839
1312 420
1839 1556
983 1371
983 1696
1371 354
376 1974
376 830
1974 1957
1341 1982
920 1035
532 1175
532 632
1175 999
154 994
154 382
994 1614
272 461
272 929
461 1674
164 1368
775 1835
1835 1405
1465 1873
1465 1661
1873 1148
997 1539
997 565
1539 1098
1322 756
256 754
256 321
754 229
269 1655
1505 1573
1505 1153
1573 1260
1476 1738
1476 814
22 986
911 1737
911 311
1737 1158
232 774
232 703
774 1262
135 1632
135 1581
1632 1278
670 26
724 214
755 1754
755 254
1754 1556
276 1756
276 279
1159 1923
1159 1641
1923 1994
63 71
63 391
71 1951
186 1896
489 1720
489 25
1720 520
1091 1563
318 935
318 674
935 555
1405 1379
1298 1480
1480 834
791 1267
1267 184
1549 1736
1736 1099
254 770
770 1565
171 772
171 890
772 211
197 910
197 1606
910 1194
473 1594
410 1054
410 1821
1054 190
1777 1413
153 723
153 1735
723 560
548 615
548 1510
615 1239
20 1133
20 713
1133 1404
1664 1922
435 594
435 1862
594 552
264 712
264 180
712 1748
958 1946
958 544
1946 181
1295 1717
1575 1622
1575 904
1622 1230
1035 1757
1757 378
597 857
597 1973
857 1239
1124 1197
1124 706
76 1271
76 803
1271 506
382 1606
148 356
148 480
356 41
211 821
821 1562
301 1389
301 1524
1389 1920
990 1462
990 583
1462 1794
250 669
250 1679
669 373
915 1288
915 1506
378 1244
152 1265
152 993
1265 1373
1431 1698
1431 1259
1698 1369
1864 1401
91 1290
1951 616
1010 1287
1046 1627
1627 620
590 1384
590 570
1384 1303
1382 1433
1382 650
1433 625
1104 1196
1104 42
1196 87
560 1161
771 1135
771 1596
758 1589
1098 1301
1301 1125
10 1833
1833 1843
198 226
198 1130
226 344
329 1469
329 881
1469 1235
803 1096
611 746
746 680
1872 1272
1310 1055
482 1827
482 75
1827 441
396 1495
396 1699
1495 1880
1701 1837
1701 421
1837 988
1739 1854
72 1291
72 1731
1291 1853
657 1392
657 209
1392 1106
1665 1999
1665 626
1999 1029
1466 1687
638 884
638 1345
884 319
460 1143
460 1805
1143 303
253 671
175 1653
175 1368
1653 929
337 1157
337 1372
1157 1426
374 550
374 336
1399 1741
1741 7
655 866
468 859
468 510
859 634
246 1978
246 114
1978 981
681 1906
681 1948
1270 1892
1892 1140
1687 45
1712 1828
1712 980
1828 814
1776 1910
193 1679
193 459
1552 1955
1552 1684
1955 1000
753 1113
1113 257
420 1344
6 769
6 80
769 658
455 632
455 401
575 697
575 679
697 1987
793 1185
793 1616
74 1169
74 1506
1169 1894
480 806
1072 1359
1072 1734
1359 787
363 1838
363 459
1838 801
510 545
545 1733
702 1798
1798 348
65 194
65 394
194 1705
303 1792
1792 1314
185 1544
185 645
1544 1888
1300 1380
1300 351
1380 835
346 1232
346 137
1134 1985
1134 278
1843 220
841 1440
841 177
1440 5
133 450
450 781
391 1020
1260 1508
1508 1273
1061 414
9 914
9 412
914 492
1652 1803
1803 649
587 1397
542 739
542 1220
739 1121
490 1403
490 1831
1403 235
258 1654
258 1161
1654 679
107 698
107 187
698 454
1630 1468
512 1241
512 658
1241 324
598 1201
598 1534
1201 1674
1057 1306
1057 1486
1306 86
161 1428
161 16
1591 1097
75 1919
1919 585
1411 1574
1574 1468
50 1188
1188 812
361 1867
361 1244
1867 1416
1817 1390
155 1884
155 861
1884 1637
810 1586
1586 445
319 860
860 1181
120 385
120 1519
385 1546
69 1731
600 404
546 722
546 32
722 1599
845 1958
1958 1318
1235 1598
975 1658
1658 816
330 1628
330 923
1628 892
1337 1339
411 1436
1436 297
933 1432
933 1749
1432 581
273 1746
654 785
654 947
785 878
828 1990
828 613
1990 345
794 1199
344 1928
247 1715
1715 519
684 1487
684 1204
1487 181
1965 1163
1317 1516
1317 1045
1516 1726
446 1286
446 206
1286 1683
1415 1822
1415 321
16 471
326 961
326 19
501 584
501 270
584 1680
918 1281
918 565
1281 320
1400 1519
954 1612
954 653
1612 298
1538 1464
478 36
109 1902
109 248
1902 84
239 1752
239 315
1752 747
1793 659
567 1059
567 1203
125 1995
125 1030
66 1680
66 1276
763 786
1168 1284
1168 773
1284 1673
693 1814
1814 713
725 1015
47 1559
47 1131
1559 924
1452 1802
1452 442
1802 1512
1439 1986
398 1753
398 1236
1753 733
727 430
1637 322
196 1767
196 1520
1767 1416
608 1385
1957 1887
659 1254
5 1943
1943 165
386 1634
386 1012
1634 1870
17 1613
488 1273
488 932
648 883
1744 483
1785 439
838 1126
838 1109
1126 1676
1167 1502
941 1484
941 1075
1484 1033
764 768
764 1608
1075 1891
1794 1808
1808 151
1147 1997
1997 147
145 222
359 984
359 351
984 1722
1601 1944
1601 251
1944 1818
1230 1052
353 940
353 1009
940 596
131 716
1749 1550
1675 1865
1675 116
1865 985
1248 118
1255 1365
662 305
1305 1773
1305 734
1773 1116
244 745
244 117
745 1722
230 847
230 1013
245 710
245 1040
710 1816
93 204
93 1406
204 965
177 495
30 1725
30 1200
1725 288
1289 1914
1289 1042
1914 41
7 1381
487 1146
487 790
1146 720
1394 1707
1707 970
143 964
964 747
1481 1992
347 67
1831 850
407 1796
1796 1367
101 823
823 1076
401 706
667 825
667 1852
825 1950
660 1553
1008 1702
261 1076
261 1199
581 1820
209 1023
748 1429
1429 902
48 294
1685 176
589 618
589 797
618 1097
934 1555
1616 342
224 1953
506 885
885 949
1176 1762
1762 381
1750 1854
1750 703
279 1463
140 1437
140 1155
1437 921
1226 1704
1226 579
251 1799
1748 316
402 805
805 335
423 1502
423 483
1711 650
728 1729
728 1726
1729 937
158 673
673 1583
870 1404
870 1691
484 694
484 1319
694 1052
397 811
397 1921
811 28
1222 1333
974 1497
974 957
1497 822
43 170
43 1272
170 331
1253 1815
1253 907
1815 128
1676 1918
1918 1205
497 1572
14 571
499 858
499 371
858 1607
308 1901
1901 1067
1214 275
1862 970
437 1148
1510 1533
370 1043
1887 647
1106 284
1611 467
103 979
103 252
979 275
563 1229
563 1340
106 1316
515 780
515 1446
780 1908
32 716
62 1063
62 527
1063 1190
1330 1666
1330 541
1666 553
267 388
1292 317
463 1034
463 1727
1643 1419
1800 552
1040 443
1852 1620
1940 514
157 289
157 1836
289 1434
1140 355
787 953
695 394
671 117
640 1871
640 947
1871 403
1024 1308
1024 1554
1308 1734
905 1881
1881 1326
610 801
610 51
742 1859
742 1733
1859 527
1980 921
160 457
160 111
1033 1779
1779 1114
624 1494
624 1207
1494 1869
286 1584
286 1346
1584 1536
26 987
987 271
932 1247
558 996
996 355
358 413
413 322
24 653
24 405
278 569
569 1992
1178 1500
1178 938
1500 227
1874 223
1503 1934
1934 786
1002 895
13 680
676 1747
676 625
1747 888
1209 1981
1209 882
1981 1448
116 1660
348 1164
1164 61
1761 1730
1084 1986
1084 1350
212 336
212 601
339 1954
339 969
1954 649
601 1136
360 1110
360 664
1110 1347
89 387
89 1657
387 1787
1608 1669
889 1868
889 441
1868 931
88 687
851 938
851 1745
304 311
304 1582
953 1597
656 1522
656 876
1522 3
1904 1152
830 827
1442 1973
1442 444
452 596
452 1581
835 1816
948 1257
948 119
1257 444
236 297
236 773
305 1787
431 738
431 87
738 651
1583 986
1068 1587
1068 1130
1587 1600
1460 1962
1460 434
1962 128
900 1216
900 524
1216 1529
1013 1593
1218 1791
1218 357
1791 688
138 1424
138 469
1424 1571
1891 1149
623 944
623 1231
944 292
616 134
514 127
1339 1520
636 883
1003 1759
1003 555
1759 820
371 1631
1631 677
949 54
1536 1200
1672 543
300 704
704 200
820 287
277 1251
277 1692
1251 1023
1526 1655
1526 417
379 1607
379 1801
172 1543
1543 1177
136 1620
136 124
213 677
213 102
1350 1960
384 1578
384 1770
1578 4
562 1993
562 1755
1993 1254
1060 335
252 1393
234 592
234 529
592 1396
1832 904
696 802
132 1483
132 1453
1483 1149
888 1875
1875 445
1398 1568
1398 443
1568 1028
1080 1258
1080 331
1258 1467
1768 1771
718 1845
1845 1342
383 1595
383 208
1595 1689
797 1699
574 1571
734 1709
1709 952
708 1427
708 756
1691 1269
1760 1933
1760 1153
1933 134
299 1609
299 908
1609 1009
507 1903
1903 1421
1186 1932
1186 189
345 1421
834 1870
73 255
73 334
255 1109
1012 1114
1086 661
373 898
898 1329
421 529
1771 950
260 1515
1515 240
606 840
606 1
848 90
1031 1886
1031 882
1886 1365
1805 1071
163 535
163 707
535 1296
683 1324
683 524
1276 1534
674 412
448 1952
448 1160
1952 1447
1069 183
1524 1022
105 1645
1247 60
709 1089
709 288
1089 1673
1283 1949
1318 1956
1956 1459
409 1043
1357 1128
1269 263
897 1898
516 1453
516 872
1908 430
1287 1553
248 1037
165 966
966 1042
1278 976
472 1648
1648 614
852 619
44 1032
711 1786
711 149
1786 167
1689 1710
1242 1829
287 999
1190 1949
556 1624
556 1459
1624 352
1525 1751
1751 1663
149 1027
700 92
60 899
899 1174
119 652
952 647
334 464
464 1268
1160 203
913 1488
913 1348
1488 1841
85 651
978 436
972 1165
972 417
1165 1120
500 1435
500 68
1435 1708
1692 1728
429 737
429 1678
737 1890
1841 1732
1617 967
582 699
1038 1231
1038 1101
1922 1660
280 1144
280 1963
1144 815
1326 1783
1783 1220
946 1907
946 1264
1907 118
1028 1540
110 1263
110 1191
1263 58
1029 1941
99 579
99 1509
173 1282
173 891
1282 1702
1641 1651
1651 1268
49 349
49 759
349 190
381 1181
634 1625
1370 1718
1370 628
1718 1996
233 1863
233 992
850 395
619 957
1890 365
1390 57
1376 1882
1376 1966
1882 1782
576 1829
576 1014
1926 1402
240 302
302 1381
666 1313
666 800
1313 498
389 1450
389 1782
365 827
1446 1626
588 1021
588 1252
1021 436
1695 108
1745 1657
227 1020
926 1924
926 29
1924 1656
967 1138
1138 877
237 1558
237 238
1128 1821
1746 1927
467 678
1684 1686
1259 928
342 1969
586 930
586 86
930 1732
1406 1264
45 1100
1100 1496
285 1347
1064 1095
1917 612
122 998
962 1976
962 1530
1976 1921
25 1078
790 1869
1163 1991
661 1755
1125 1911
51 519
320 985
27 1473
1473 1000
1121 750
1285 1703
1703 1623
111 340
892 1032
476 1686
476 1613
36 102
1067 1336
1336 922
686 1177
798 887
1496 1635
1118 1683
1118 578
200 909
208 1876
1876 1983
818 1656
818 856
951 1920
951 778
1464 405
876 1444
1136 1184
263 652
292 1629
547 1728
1563 998
184 719
534 971
971 1017
1166 1593
1166 424
424 690
1542 1700
1542 1784
566 1304
566 989
249 465
465 976
627 1320
1320 981
1501 1530
1065 1979
15 792
15 720
792 1062
235 1964
796 1026
831 1994
831 1
635 1790
965 1945
328 1638
328 406
1638 1996
340 1877
1877 664
1764 1766
1766 1027
1189 1422
1189 1345
1422 609
1355 312
1151 1724
1151 1240
284 1730
1551 626
1681 1889
1889 1277
877 1457
1457 922
893 1810
96 1386
96 187
887 1470
699 1307
1307 750
124 1507
290 433
290 403
433 1567
644 1078
414 1408
67 1071
612 1058
530 572
530 1026
572 1111
559 1388
220 665
81 1090
81 872
646 1710
1030 963
180 1945
418 873
1987 84
817 1567
495 540
540 816
183 357
1346 1861
1180 621
222 544
950 1252
1693 1396
741 352
902 1062
38 1482
38 317
1482 781
1550 1397
1894 1967
977 1402
1444 1623
498 1966
1477 1898
1477 1152
1240 1842
1842 878
1377 1669
225 53
665 1058
561 475
1022 1861
1056 1342
1056 1662
628 1511
1511 1419
28 203
1367 1441
147 1588
1588 1646
265 969
265 639
822 1600
1910 31
1388 909
312 1696
678 707
595 1984
595 1565
1984 989
528 613
469 189
778 61
1111 1849
1379 350
980 1844
1844 1784
621 1991
1963 1204
475 1155
142 866
142 557
57 1661
295 1983
295 127
1498 1349
31 1356
1463 1095
1055 1540
350 223
1191 1851
82 108
1070 1417
1070 1719
1417 1112
1662 1562
549 1434
800 1448
1836 207
1409 207
442 1277
1369 1690
1019 1597
806 1598
1112 343
310 1961
310 179
1961 492
1625 1314
1037 1234
881 456
494 1335
1335 395
1393 298
1936 456
439 639
316 1426
55 1507
55 1849
1663 1719
1888 645
890 1333
891 928
434 1041
1296 1343
1818 1234
1678 427
