800 2000
427 487
427 401
427 688
427 414
427 359
487 123
487 130
487 182
487 163
352 722
352 793
352 434
352 746
352 480
722 332
722 215
722 205
722 164
193 320
193 302
193 177
193 238
193 296
320 227
320 50
320 292
320 538
382 744
382 187
382 384
382 94
382 699
744 248
744 558
744 455
744 600
336 368
336 266
336 515
336 671
336 91
368 225
368 58
368 623
368 372
358 652
358 344
358 643
358 356
358 207
652 211
652 672
652 135
652 576
65 399
65 446
65 4
65 704
65 276
399 129
399 90
399 583
399 719
39 118
39 785
39 663
39 38
39 755
118 600
118 392
118 762
118 143
68 590
68 583
68 718
68 420
68 227
590 518
590 646
590 521
590 23
161 223
161 31
161 3
161 450
161 376
223 522
223 87
223 147
223 285
321 361
321 181
321 746
321 523
321 780
361 520
361 477
361 270
361 451
463 710
463 329
463 310
463 613
463 384
710 195
710 92
710 388
710 433
296 304
296 249
296 793
296 752
304 605
304 697
304 608
304 154
192 741
192 412
192 404
192 551
192 219
741 298
741 117
741 466
741 529
441 542
441 53
441 626
441 145
441 638
542 563
542 448
542 137
542 312
182 202
182 488
182 268
182 750
202 624
202 77
202 107
202 461
184 742
184 325
184 168
184 460
184 110
742 327
742 166
742 303
742 715
217 690
217 535
217 461
217 559
217 307
690 250
690 609
690 616
690 3
203 755
203 558
203 15
203 411
203 19
755 397
755 426
755 158
225 365
225 599
225 126
225 687
365 645
365 551
365 719
365 600
210 651
210 8
210 200
210 31
210 460
651 509
651 588
651 2
651 283
93 102
93 124
93 415
93 794
93 385
102 771
102 5
102 654
102 752
4 173
4 343
4 797
4 170
173 345
173 433
173 655
173 392
344 141
344 67
344 642
344 389
497 600
497 30
497 106
497 793
497 261
600 706
395 552
395 761
395 724
395 409
395 729
552 598
552 37
552 410
552 671
326 718
326 308
326 592
326 682
326 216
718 143
718 249
718 443
400 667
400 714
400 431
400 486
400 662
667 460
667 16
667 716
667 151
74 88
74 627
74 751
74 367
74 27
88 25
88 474
88 735
88 780
244 499
244 179
244 731
244 43
244 294
499 546
499 265
499 603
499 504
612 666
612 764
612 318
612 135
612 404
666 725
666 376
666 75
666 250
168 775
168 220
168 224
168 773
775 97
775 705
775 518
775 701
144 152
144 551
144 289
144 163
144 493
152 383
152 20
152 619
152 621
40 589
40 230
40 599
40 381
40 613
589 297
589 455
589 62
589 204
329 285
329 147
329 577
329 447
645 510
645 121
645 94
645 318
374 385
374 462
374 661
374 468
374 491
385 19
385 633
385 524
143 391
143 518
143 761
298 733
298 602
298 377
298 160
25 720
25 432
25 235
25 615
624 561
624 472
624 110
624 268
315 415
315 568
315 533
315 500
315 172
415 104
415 523
415 255
715 800
715 280
715 716
715 46
800 679
800 623
800 42
800 133
407 647
407 204
407 747
407 577
407 80
647 725
647 664
647 654
647 633
567 636
567 85
567 561
567 57
567 291
636 483
636 134
636 425
636 492
565 712
565 273
565 142
565 351
565 493
712 626
712 66
712 405
712 241
779 784
779 611
779 394
779 18
779 760
784 55
784 617
784 205
784 287
482 677
482 549
482 526
482 660
482 564
677 392
677 450
677 438
677 363
354 757
354 584
354 533
354 746
354 748
757 648
757 777
757 356
757 686
301 373
301 453
301 387
301 325
301 798
373 92
373 633
373 799
373 470
708 760
708 511
708 739
708 324
708 572
760 739
760 579
760 308
397 750
397 406
397 740
397 533
70 360
70 538
70 672
70 577
70 701
360 704
360 196
360 366
360 663
52 720
52 627
52 11
52 641
52 14
720 325
720 176
720 694
208 330
208 53
208 530
208 609
208 303
330 790
330 585
330 275
330 412
120 446
120 557
120 453
120 587
120 356
446 574
446 521
446 201
310 788
310 490
310 769
310 529
140 540
140 396
140 739
140 289
140 655
540 679
540 287
540 26
540 423
227 694
227 137
227 309
694 682
694 753
694 483
460 347
460 546
634 703
634 675
634 11
634 252
634 517
703 346
703 439
703 154
703 620
764 644
764 716
764 785
764 431
456 782
456 129
456 512
456 335
456 783
782 490
782 263
782 80
782 277
282 480
282 383
282 541
282 639
282 57
480 558
480 442
480 268
328 596
328 765
328 323
328 749
328 617
596 797
596 339
596 777
596 30
448 549
448 253
448 620
448 156
549 134
549 714
549 2
396 370
396 781
396 500
396 699
46 389
46 721
46 160
46 215
389 305
389 494
389 151
179 181
179 190
179 241
179 288
22 526
22 66
22 265
22 283
22 461
526 464
526 563
526 306
137 247
137 229
137 160
247 63
247 90
247 125
247 333
214 467
214 79
214 684
214 630
214 687
467 473
467 273
467 773
467 602
148 256
148 793
148 517
148 106
148 36
256 751
256 226
256 377
256 91
551 465
551 796
170 689
170 316
170 610
170 413
689 77
689 700
689 475
689 101
141 662
141 388
141 181
141 680
662 113
662 284
662 660
797 212
797 175
797 138
128 134
128 668
128 240
128 41
128 794
134 697
134 169
10 444
10 234
10 379
10 251
10 79
444 11
444 606
444 51
444 85
98 291
98 149
98 537
98 66
98 312
291 262
291 316
291 613
116 196
116 571
116 387
116 610
116 646
196 153
196 516
196 278
316 416
316 605
316 115
464 534
464 239
464 505
464 233
534 605
534 29
534 306
534 387
250 13
250 79
250 222
111 495
111 353
111 313
111 693
111 306
495 166
495 508
495 220
495 762
518 421
518 279
543 763
543 254
543 791
543 649
543 167
763 621
763 8
763 23
763 37
343 509
343 204
343 348
343 525
509 445
509 386
509 234
325 259
325 538
273 530
273 669
273 178
530 615
530 628
530 13
383 213
383 587
383 465
119 206
119 514
119 56
119 686
119 159
206 753
206 380
206 756
206 20
81 588
81 758
81 440
81 394
81 165
588 522
588 653
588 692
79 664
79 435
664 704
664 257
664 100
731 408
731 759
731 28
731 726
197 656
197 658
197 353
197 501
197 422
656 410
656 198
656 260
656 465
130 486
130 200
130 684
130 24
486 125
486 723
486 308
442 752
442 685
442 510
442 550
752 654
752 439
113 323
113 162
113 20
113 648
187 54
187 795
187 366
187 234
339 300
339 96
339 474
339 155
725 622
725 597
725 319
410 711
410 465
410 145
511 362
511 490
511 547
511 167
239 249
239 180
239 679
239 348
249 562
249 478
248 743
248 84
248 724
248 372
743 412
743 572
743 503
743 717
49 268
49 633
49 548
49 338
49 340
268 768
557 71
557 334
557 514
557 471
42 229
42 608
42 271
42 626
229 514
229 274
229 138
454 582
454 536
454 238
454 620
454 491
582 771
582 261
582 630
582 156
401 525
401 288
401 219
401 264
209 751
209 435
209 436
209 771
209 201
751 439
751 424
204 648
204 337
48 568
48 436
48 678
48 745
48 63
568 430
568 489
568 94
190 243
190 453
190 269
190 188
243 277
243 235
243 21
243 124
408 786
408 139
408 658
408 303
761 548
761 35
761 200
601 637
601 363
601 377
601 726
601 279
637 595
637 693
637 696
637 96
253 147
253 452
253 97
253 668
85 312
85 527
85 398
312 91
312 648
469 683
469 496
469 47
469 621
469 224
683 258
683 471
683 465
683 15
254 758
254 519
254 357
254 759
758 164
758 236
758 127
112 674
112 676
112 37
112 262
112 640
674 525
674 335
674 488
674 278
226 696
226 794
226 80
226 473
696 295
696 108
696 67
13 323
13 623
13 108
323 24
323 539
514 508
514 75
59 439
59 786
59 445
59 468
59 614
439 473
370 560
370 572
370 445
370 635
560 453
560 585
560 257
560 774
212 522
212 213
212 91
212 614
105 671
105 32
105 457
105 402
105 405
671 220
671 303
211 787
211 717
211 60
211 729
30 546
30 348
30 16
537 593
537 488
537 221
537 778
593 327
593 695
593 240
593 470
72 759
72 585
72 440
72 195
72 185
759 6
759 279
376 496
376 508
376 478
496 734
496 713
496 553
219 692
219 749
219 364
692 733
692 458
692 685
367 676
367 489
367 191
367 341
676 246
676 553
676 333
673 719
673 699
673 452
673 216
673 99
719 8
719 286
474 732
474 573
474 428
322 561
322 43
322 350
322 189
322 359
561 314
561 242
525 707
525 28
571 707
571 280
571 591
571 440
707 503
707 183
707 114
317 711
317 136
317 115
317 597
317 697
711 276
711 171
711 371
155 649
155 698
155 103
155 660
649 420
649 267
649 149
56 261
56 632
56 411
56 270
261 723
261 777
213 739
213 185
213 792
739 351
536 342
536 538
536 574
536 233
266 38
266 650
266 485
266 86
366 423
366 630
366 477
423 174
423 387
423 548
297 768
297 575
297 443
297 270
110 125
110 216
110 728
125 133
125 688
228 489
228 380
228 392
228 502
228 9
489 364
489 781
794 533
794 260
246 772
246 610
246 780
246 791
772 7
772 563
772 547
772 428
135 154
135 473
135 327
154 479
154 302
245 434
245 82
245 414
245 283
245 475
434 109
434 607
434 107
5 44
5 685
5 606
5 498
44 8
44 12
44 616
44 99
777 740
777 787
528 642
528 218
528 230
528 378
528 259
642 405
642 729
642 295
522 503
522 371
605 501
605 89
150 547
150 386
150 232
150 303
150 293
547 131
547 309
27 705
27 346
27 181
27 799
705 749
705 732
705 43
278 732
278 505
278 625
732 569
732 73
103 700
103 569
103 419
103 57
700 505
700 175
700 584
558 606
558 153
462 669
462 346
462 629
462 1
669 1
669 86
669 47
606 573
606 550
33 641
33 457
33 337
33 492
33 174
641 47
641 391
641 139
71 375
71 58
71 6
71 680
375 108
375 156
375 236
375 513
53 61
53 429
53 498
61 122
61 89
61 493
61 483
269 768
269 417
269 586
269 234
768 422
768 157
437 581
437 87
437 622
437 235
437 481
581 615
581 145
581 391
581 345
555 609
555 630
555 539
555 176
555 201
609 632
609 324
131 788
131 405
131 359
131 146
83 470
83 737
83 727
83 398
83 476
470 294
470 638
364 17
364 286
364 311
274 595
274 419
274 665
274 157
595 139
595 167
595 654
82 335
82 271
82 177
82 628
420 384
420 218
420 655
157 684
157 51
157 153
684 533
684 7
136 481
136 186
136 390
136 338
481 308
481 293
481 195
510 579
510 284
510 688
579 372
579 41
579 598
133 592
133 1
133 475
592 796
592 3
592 478
127 252
127 386
127 658
127 680
252 23
252 215
252 457
405 38
64 349
64 129
64 163
64 672
64 675
349 350
349 493
349 194
349 545
569 578
569 623
569 221
421 735
421 626
421 270
421 51
735 493
735 663
735 502
233 535
233 701
233 762
535 736
535 300
535 205
272 792
272 749
272 748
272 345
272 381
792 220
792 311
792 622
473 545
164 701
164 628
164 521
701 476
251 440
251 507
251 613
251 678
440 532
234 147
627 635
627 201
627 695
770 776
770 36
770 267
770 485
770 639
776 580
776 737
776 492
776 476
8 452
218 406
218 35
218 635
575 685
575 6
575 714
575 391
685 767
699 773
699 369
124 166
124 347
124 615
546 483
546 238
178 347
178 672
178 616
178 598
347 2
347 640
285 559
285 466
285 149
559 101
559 129
559 353
430 691
430 36
430 762
430 554
17 106
17 449
17 89
17 610
106 16
106 393
43 280
43 255
350 602
350 200
350 660
306 654
306 267
386 653
386 556
280 545
280 771
429 724
429 331
429 57
429 425
724 544
724 599
443 479
443 35
443 728
479 295
479 91
479 599
60 189
60 355
60 753
60 230
189 172
189 607
189 769
117 314
117 550
117 621
117 290
314 778
314 516
314 520
786 544
786 403
786 665
501 698
501 299
501 747
20 151
20 158
69 682
69 340
69 398
69 695
69 276
682 319
682 432
55 566
55 356
55 54
55 416
31 369
31 459
31 508
84 402
84 657
84 670
84 35
402 419
402 188
402 86
749 599
632 175
632 603
632 263
428 620
428 781
428 432
620 687
36 177
36 313
181 58
1 698
1 655
257 594
257 695
257 616
594 604
594 109
594 796
594 727
47 390
47 484
585 237
585 799
353 418
353 132
418 693
418 165
418 520
418 76
21 94
21 340
21 675
21 422
94 532
504 736
504 299
504 96
504 97
736 795
736 413
736 512
242 587
242 327
242 99
242 165
587 32
587 723
436 452
436 276
436 524
452 37
621 45
531 726
531 738
531 271
531 785
531 432
726 650
726 756
28 663
28 378
28 714
663 704
3 101
3 657
237 773
237 661
237 259
237 67
773 646
180 75
180 138
180 275
180 67
290 748
290 753
290 7
290 166
748 447
748 406
286 369
286 160
286 580
369 176
369 433
80 795
80 745
795 305
795 466
215 345
215 562
345 477
544 14
544 224
544 37
484 506
484 550
484 327
484 126
506 307
506 709
506 665
506 176
241 519
241 95
241 472
519 334
519 698
519 650
54 778
54 377
54 740
778 281
778 171
507 754
507 403
507 681
507 738
754 598
754 449
754 498
754 333
483 45
520 541
520 12
332 604
332 340
332 100
332 14
657 26
657 62
657 635
129 90
100 372
100 379
100 159
372 608
199 494
199 89
199 2
199 289
199 163
494 122
494 115
494 459
171 661
171 77
171 438
661 424
661 713
295 767
295 706
723 765
723 92
765 472
765 681
765 45
277 492
277 572
277 670
188 341
188 500
188 151
341 604
341 626
341 570
92 87
92 426
32 183
32 416
32 564
23 538
23 394
458 466
458 270
458 412
458 186
466 584
186 737
186 709
186 578
545 426
545 6
670 379
670 231
670 686
391 729
394 618
394 539
109 512
109 721
109 337
89 146
424 445
424 745
424 299
445 566
236 623
236 9
236 50
107 738
107 371
107 681
738 628
738 704
498 573
498 34
255 264
255 608
255 505
264 527
264 294
264 572
513 788
513 284
513 769
513 11
788 417
788 305
38 300
38 502
403 393
403 734
403 790
122 796
122 19
122 126
753 603
126 644
126 146
644 158
644 631
644 783
258 730
258 653
258 766
258 548
577 665
577 745
665 488
362 643
362 78
362 539
362 529
471 230
471 348
471 260
490 553
490 279
553 287
553 767
457 75
457 681
747 195
747 455
747 224
604 29
604 337
563 648
563 381
449 734
449 570
449 517
611 628
611 750
611 618
611 24
166 591
351 377
351 409
351 789
302 573
302 721
302 380
695 702
733 29
733 750
733 679
66 346
66 11
346 307
149 756
149 638
672 618
75 660
86 76
86 114
508 562
50 194
50 342
50 688
194 787
194 380
194 505
576 798
576 41
576 177
576 331
798 523
798 517
798 334
380 500
335 363
335 602
363 793
363 201
658 472
658 63
678 411
678 521
678 319
417 638
417 183
417 730
24 586
24 554
586 643
586 766
586 281
176 432
334 756
334 691
379 617
379 73
598 728
602 426
734 145
734 121
281 550
281 191
281 709
200 123
426 607
607 174
607 435
132 160
132 500
132 580
132 791
638 406
29 413
29 789
413 541
413 422
477 659
477 450
35 293
307 556
307 737
45 357
45 791
357 9
357 183
357 18
688 459
195 717
388 616
388 338
388 73
412 287
608 398
101 614
101 527
796 114
406 99
292 355
292 289
292 515
292 706
355 9
355 578
355 284
491 564
491 523
491 409
564 238
564 300
476 142
476 95
153 659
153 169
679 19
183 713
713 294
713 390
633 73
488 78
438 450
438 90
438 390
450 331
455 619
455 740
619 318
619 231
619 275
615 221
629 691
629 271
629 338
629 461
691 746
691 293
15 260
15 90
15 485
235 359
235 167
687 34
687 515
532 293
532 392
532 231
512 259
512 419
108 156
108 359
284 240
721 468
721 313
453 231
740 275
265 263
265 706
265 529
6 275
580 162
580 730
34 230
34 175
34 232
789 745
789 774
789 313
472 541
541 7
151 99
653 591
653 333
104 783
104 727
104 451
104 643
613 717
156 95
737 578
680 727
680 288
727 73
259 96
146 414
146 618
573 631
570 231
570 207
570 614
267 562
267 114
63 646
63 384
478 311
478 216
300 414
709 58
709 459
419 790
790 159
790 716
97 523
97 655
87 584
87 147
610 717
337 728
728 693
435 771
435 324
643 123
139 422
139 625
271 76
123 516
123 165
516 115
516 411
614 62
706 279
414 198
289 67
207 222
207 702
207 529
222 492
222 338
222 527
2 121
387 574
348 468
468 142
41 780
41 262
14 191
14 309
191 591
191 305
781 159
781 76
19 78
175 409
409 515
630 371
425 556
425 62
425 583
556 185
556 625
185 431
185 521
431 288
431 524
62 16
177 693
169 342
169 583
169 702
342 384
342 562
539 95
340 475
433 240
433 167
698 299
603 162
603 172
276 12
548 686
287 390
232 524
232 416
232 597
524 702
459 174
668 799
668 142
668 714
26 769
26 145
26 730
220 774
787 393
787 639
791 262
18 618
18 114
18 333
503 485
503 216
294 475
650 172
650 411
584 640
578 331
262 766
766 447
766 591
299 309
635 769
311 121
311 451
308 95
566 138
566 174
566 288
305 597
597 554
447 639
447 319
172 16
750 686
485 283
461 746
404 163
404 142
404 318
622 631
622 416
631 9
631 554
324 785
324 767
7 554
640 51
640 381
165 774
238 205
527 309
515 221
659 198
659 783
659 625
318 730
198 702
198 283
371 378
356 121
762 780
574 583
574 381
331 162
221 398
646 716
697 502
697 51
96 58
319 159
617 675
617 12
785 451
78 799
78 263
162 378
76 57
260 224
783 774
502 729
205 138
12 240
756 625
115 378
77 393
77 263
158 675
158 313
393 517
639 681
767 451
