3000 2468
1 266
2 1137
2 1227
2 2427
2 151
3 2546
3 1408
4 2564
4 1855
4 2658
4 60
5 750
7 1520
7 705
8 329
9 71
11 1712
13 2209
13 325
14 1495
14 2120
15 2168
15 1902
16 160
17 2409
17 772
17 1819
17 733
17 866
18 1450
19 1673
19 1719
21 357
21 1756
21 829
21 1102
22 1024
22 1263
23 2279
23 1152
24 2456
24 1334
24 1041
24 2629
24 1542
25 352
25 1739
25 1167
26 2593
26 2265
26 2203
26 1948
28 768
29 451
29 615
30 2431
30 1623
31 1540
31 1036
34 1570
34 1526
34 1352
35 620
35 1502
35 2168
35 943
35 2350
36 2881
39 1318
39 1130
39 2827
39 2589
39 118
40 1891
40 72
44 1422
44 2912
45 1446
45 2610
47 1409
48 2697
48 243
48 2547
49 2995
49 2592
51 221
51 1544
54 1039
54 1870
55 1574
55 455
56 1277
56 2022
56 2029
57 1685
57 248
58 2332
58 2591
58 839
59 2072
60 695
60 1513
62 2012
62 2110
63 398
63 1091
63 1575
63 1554
63 2971
63 997
64 942
66 1605
66 643
66 1569
67 2847
68 2479
70 1917
71 1459
72 1151
73 345
73 2728
74 1113
75 1008
75 2038
75 509
76 2357
77 2015
77 1025
78 621
78 1226
79 1470
79 1958
80 352
82 942
82 1011
82 2024
82 878
83 2021
83 619
83 2867
83 799
83 1999
83 2545
83 1476
83 856
83 402
85 2013
86 942
86 1227
86 520
88 1239
89 2180
89 2132
90 174
91 302
91 2538
92 493
92 2977
94 2697
96 106
96 363
97 890
98 2342
98 2478
98 2984
99 2400
101 1904
101 678
102 155
102 752
102 542
104 2674
104 2141
105 1898
105 1393
105 861
106 642
106 696
106 443
106 1117
106 1812
108 2986
108 2968
108 1493
110 2305
111 702
111 2653
111 1550
112 715
112 2282
115 1185
115 1868
115 2394
116 2495
117 2985
118 715
118 1054
120 254
121 431
121 544
122 671
122 1097
123 2236
123 2983
123 1566
124 243
124 1776
126 1110
126 1077
127 1056
127 2903
130 652
130 1657
131 2496
132 2821
135 557
135 2697
135 1761
136 336
137 2147
140 2650
141 970
145 1983
145 1626
146 2691
148 1217
149 993
149 1810
149 2199
152 2345
152 2308
152 2332
152 1909
152 2898
152 1687
152 1724
152 1766
154 1506
154 2443
155 2072
155 1165
155 1932
156 2097
156 667
157 942
157 2164
157 673
157 752
158 2508
158 2950
158 556
159 422
161 2087
163 2072
163 654
166 2390
167 587
168 1110
168 2837
170 211
171 920
173 2240
173 1748
173 2042
174 2559
175 2387
175 2907
175 2336
175 1050
175 2401
175 2380
176 2521
176 1631
177 2372
179 2342
180 2331
180 1539
181 1410
184 419
184 1544
185 340
185 2503
185 2585
186 2302
188 285
189 2086
189 554
189 2206
189 2004
190 635
191 2357
192 2022
192 1052
193 2489
193 2949
193 2482
194 2643
195 306
196 2870
197 1588
199 1295
199 738
200 772
200 249
202 2767
204 1141
205 2331
206 1579
206 2226
207 1877
208 1776
209 1024
210 2387
210 880
210 1079
211 2742
211 458
213 667
213 2448
216 1781
217 962
217 1374
217 750
218 2126
218 2088
219 1137
219 2526
219 1218
219 2386
219 1103
220 2164
220 1564
220 1877
221 877
223 1494
224 1894
224 2548
224 1306
225 1846
225 1433
225 1240
227 2926
229 2608
229 2450
230 2807
231 629
231 1668
231 456
231 238
232 771
233 958
233 1628
234 2549
234 1408
237 1495
237 705
237 1022
237 2614
238 1507
239 2435
239 2254
240 2456
240 1580
241 942
241 2091
241 445
243 1755
243 267
243 1260
243 512
243 2388
246 2524
246 1574
247 2164
247 2692
248 960
248 2175
249 1325
250 811
250 2089
251 1517
251 2845
253 661
253 309
254 627
256 2806
257 1203
257 1932
258 2635
258 1129
258 267
258 667
258 2628
258 750
260 2093
260 1727
260 2701
260 2379
261 1799
261 2248
261 2997
262 1003
262 946
262 2426
263 1987
263 2392
264 359
264 677
264 2191
264 2857
266 876
266 1572
266 845
267 470
267 1281
267 2285
267 2842
267 1313
267 1268
268 1567
270 2867
273 1677
275 1705
275 868
275 2414
277 1335
278 2934
279 2573
279 2168
279 600
280 702
280 2635
280 1241
280 857
281 1546
283 2342
283 337
284 1110
284 1251
284 344
285 1396
285 2593
288 560
288 2801
288 1886
289 702
289 2292
289 322
289 869
291 1237
291 1326
292 592
292 1680
293 618
294 2339
294 2612
295 1843
296 2517
298 2065
298 1434
299 1060
300 2819
301 1527
302 2795
303 652
305 834
306 352
306 867
309 1771
309 1649
311 2213
313 1250
314 2403
315 740
316 545
317 1234
321 439
322 1539
323 909
323 1266
324 2064
326 2932
327 2720
328 498
328 1603
330 1655
330 701
331 2093
331 2635
331 2724
331 445
331 1049
332 2132
332 437
334 741
334 2332
336 574
340 695
340 1387
340 658
341 810
342 1339
342 2544
342 441
343 2401
344 2590
345 2108
346 1110
346 2172
346 1861
346 2626
347 2967
349 2359
349 2595
350 960
350 2669
351 897
352 2979
352 394
352 2391
354 962
354 2207
355 2093
356 2493
358 2946
358 1112
359 702
359 1846
359 2441
359 2623
359 676
360 2555
362 2624
362 2000
362 1321
363 1273
364 1076
364 1989
364 1682
364 1130
364 2218
364 548
364 2417
366 619
366 514
367 2939
368 970
368 1446
370 2243
370 2829
371 1806
372 1804
373 2927
373 402
373 2626
375 923
375 565
376 554
376 1844
377 1512
377 405
377 1414
377 2422
379 2796
380 1433
381 2055
381 453
382 1271
382 977
383 463
383 1707
384 1480
384 858
384 2639
385 1792
386 1768
386 1660
386 1617
387 1916
387 2126
387 2763
387 1373
387 1050
387 2475
387 2971
388 576
389 397
389 2312
390 784
390 1329
390 1389
391 2565
392 525
393 2844
393 697
394 1993
394 1294
395 1234
395 2754
396 2240
396 1243
398 2311
399 474
400 2698
400 2959
400 2513
401 2238
401 1420
403 1688
404 2021
404 478
405 517
405 904
406 1502
406 610
407 1498
407 1118
408 994
408 1981
408 1843
409 2086
410 2624
410 1682
411 702
411 962
411 1763
411 2046
411 2995
412 1698
414 521
414 2763
415 2055
416 647
418 914
418 1931
421 1392
423 1140
426 1716
427 2048
427 1642
428 2946
429 1267
429 629
429 705
431 2642
431 1186
432 2093
432 2656
433 1918
435 2320
436 2444
436 705
437 702
438 1823
438 1796
440 619
440 1900
443 811
447 1479
447 1786
448 1920
448 1293
449 518
456 1357
457 578
458 590
459 1434
461 2053
461 674
462 1387
464 1740
464 1989
464 2432
466 962
466 1974
466 2162
466 886
467 1902
468 702
468 2609
468 1838
468 2671
468 2888
468 2437
469 1679
469 2821
469 2879
470 620
470 1141
470 518
470 1127
470 1883
470 855
470 1105
470 2643
470 1240
470 1378
472 2445
472 1260
472 1950
473 2366
473 2274
475 1380
476 2983
477 2094
477 1104
478 1710
479 2983
479 2890
480 1130
480 1976
482 1036
482 698
482 2174
482 2224
487 1610
489 1540
489 2897
489 2876
490 891
492 1084
492 1003
492 563
492 640
492 1737
493 702
493 2964
493 1319
493 542
495 2720
497 1571
499 2644
499 2571
502 1698
504 2993
506 1136
506 911
507 2531
507 2599
508 702
509 2563
510 1530
511 2849
512 2774
512 1998
513 1440
513 1541
516 827
516 992
517 1898
517 2159
518 2072
518 680
519 801
520 1462
520 1604
520 2292
521 2127
521 826
521 2471
522 2781
523 2485
524 2437
525 2961
525 1072
525 2323
525 932
526 1597
526 1228
526 1863
528 1874
529 2564
529 1576
529 2937
529 672
530 2444
530 2748
530 2916
531 1881
532 2733
532 1935
532 1799
535 2674
535 827
535 621
535 1720
535 1968
535 2761
535 1348
535 2654
536 592
536 1061
537 1099
537 987
538 1770
538 1522
538 691
541 2046
541 1188
542 1137
542 1153
542 1903
542 1801
542 2283
543 1470
544 602
545 942
548 2583
548 1557
549 1591
549 1921
549 2711
549 1469
551 2816
551 2743
552 2819
552 1592
552 956
552 1610
554 2949
554 1606
557 1396
557 1246
558 1378
559 641
563 1099
564 1381
569 2097
570 2755
572 2874
572 1267
572 1615
572 2249
573 1890
573 2861
573 2415
574 1148
575 2021
575 2774
575 794
575 2266
575 1231
576 1971
576 2374
578 2352
578 1521
579 969
579 2226
579 855
579 1623
579 1171
579 2066
579 1493
580 1394
581 1817
582 1946
584 1893
584 2548
586 674
587 1248
587 1949
587 684
588 2826
588 2440
589 2826
590 2566
590 2017
591 2828
592 993
593 2251
594 948
595 2849
596 2268
596 1414
597 1552
598 2542
601 2258
601 1415
601 2958
601 1180
601 1258
603 702
603 2115
605 1008
605 1511
606 2844
608 1940
608 1383
608 1962
609 2339
610 2569
612 2093
612 2058
613 2345
613 2719
614 1574
614 707
614 1150
615 1053
615 1448
616 1144
617 2471
618 1010
618 1621
619 2033
619 939
619 1264
619 1217
619 2522
619 2805
619 2971
620 2953
620 797
620 2363
620 1333
621 1204
621 2024
621 1268
622 702
622 2151
623 1643
623 2206
623 1373
623 2523
623 2760
624 2054
624 2535
626 2373
629 1495
629 2050
629 1066
630 1355
630 2170
633 2403
633 2272
635 2052
636 1907
636 2725
637 1972
637 2723
638 1801
638 1391
639 1659
640 1570
641 932
642 2304
642 1324
642 1073
642 1845
642 1458
643 2489
645 1843
646 1096
646 2591
647 2527
647 883
649 2670
649 2222
651 1118
651 1326
652 2583
653 1473
656 1568
656 1082
658 2876
659 2604
659 2639
661 1743
662 1503
663 2966
663 1906
663 2018
664 702
664 2629
665 1790
666 2611
666 2076
667 1280
667 2682
669 1387
670 1193
672 2388
672 903
673 1702
674 2733
674 1475
676 2178
677 943
680 1967
680 2912
681 1226
683 2094
685 2849
686 1791
687 1433
687 2340
691 1003
692 2579
693 2304
693 2298
694 1907
694 1765
696 2402
697 1838
697 703
699 2437
700 1109
702 2053
702 2349
702 2555
702 2331
702 1415
702 1000
702 2025
702 842
702 2247
702 772
702 759
702 1180
702 786
702 2587
702 938
702 1037
704 867
705 2890
705 1725
706 1691
708 1026
710 1074
711 1042
712 1884
713 1905
714 1539
715 1964
715 1800
717 2060
719 2083
719 775
719 756
719 911
721 1938
721 1570
722 1964
722 1865
723 2224
724 1238
724 2655
725 2342
725 1530
726 1872
728 2983
728 953
728 1636
730 1321
733 2680
735 1775
735 2693
737 991
737 1716
738 2581
738 954
740 1616
740 2062
741 897
741 2362
741 1178
742 2826
742 1965
742 2836
744 1184
746 1336
746 1419
747 2520
748 887
749 2103
750 2289
752 2052
754 2844
754 1089
756 1349
756 2954
757 1655
758 2911
760 2434
760 1663
761 962
764 1008
764 2869
765 1598
767 2383
767 814
767 1015
768 2985
769 1823
770 2126
770 1711
770 911
771 2093
771 2503
771 2969
771 1897
774 1207
776 2409
778 1110
779 1833
779 2581
781 2775
783 1395
784 2898
785 1041
786 2279
788 2680
788 1065
788 1118
790 2021
791 1129
791 960
791 2717
792 1279
794 2483
795 1391
795 1781
795 1414
797 2140
798 1953
799 1655
799 1214
799 2130
799 2348
799 2957
800 906
800 2303
801 2305
802 2921
803 2723
807 2184
808 1288
808 2267
808 2930
810 2449
810 1228
811 2456
811 930
811 2352
811 1064
811 2312
812 1218
814 2146
815 2236
815 2065
816 1096
818 1415
818 1854
819 1495
819 2551
821 1110
823 2222
824 2021
824 1739
825 2508
825 1709
827 2911
827 1121
833 936
834 1898
834 2269
837 2872
839 1197
839 2176
840 2489
841 1583
842 1610
842 2283
842 1308
844 877
845 2161
846 2682
847 2725
848 2112
848 2578
850 2273
851 1882
853 2491
853 2606
853 1613
853 1781
854 1169
854 2433
856 1846
857 2879
858 1070
859 2397
859 2954
862 1846
862 1994
863 2866
864 2383
867 1866
867 1607
874 1787
874 960
874 2139
876 2012
876 2995
877 2918
877 2686
877 2853
877 904
877 2621
877 1118
878 1408
878 1367
880 2682
884 2038
885 2853
885 1325
886 1439
886 1501
888 2733
889 2584
890 2008
891 1238
892 1829
892 2059
893 1967
894 1728
895 1892
896 2111
896 1341
897 1059
897 1167
897 2792
899 2072
899 1248
899 1546
899 1035
900 1855
901 1110
901 2578
901 2671
901 1038
902 1531
902 1550
902 1450
905 1609
907 2870
909 2086
909 2370
909 1868
909 1708
910 1237
910 945
912 2046
913 1582
914 1972
916 1141
916 1931
917 2673
918 1811
918 1669
921 2416
922 2364
923 2862
927 1540
928 1280
930 1623
930 2231
931 2327
931 1914
931 1917
931 2470
934 1008
934 1907
934 1623
935 1874
935 1571
936 2028
937 2073
939 1735
942 2097
942 1019
942 2594
942 1477
942 1245
942 959
942 1413
942 1994
942 2821
942 2948
943 2021
943 2851
945 999
945 1982
947 1537
951 2453
952 1875
952 2690
954 2867
954 2566
955 1718
957 2967
959 2635
960 1862
962 2021
962 1212
962 2531
962 1098
962 2422
964 990
964 2904
964 1054
965 1967
965 1060
968 2383
968 1623
969 2870
969 2852
969 1676
970 2064
972 2726
973 1115
973 2128
974 1616
975 2707
975 2807
975 1782
975 1598
977 1757
979 2072
979 1871
980 2431
980 2890
982 2262
984 2052
986 2582
987 2072
987 1287
989 2706
990 2650
991 2072
992 1604
992 1310
993 1008
993 1536
993 1166
993 2261
994 1964
994 1818
994 2074
996 1611
998 1413
998 2122
999 1234
999 2447
999 2469
1000 2742
1000 1784
1000 1631
1002 2869
1002 1369
1003 1921
1004 2430
1005 2151
1005 1121
1006 2946
1006 1158
1006 1760
1008 1026
1008 1224
1008 2252
1008 1623
1008 1131
1011 1503
1011 1329
1011 2068
1012 2093
1014 2268
1014 2133
1017 2445
1019 2911
1019 1549
1019 1481
1019 2121
1019 2148
1019 2699
1020 2072
1020 2880
1020 1938
1025 1112
1026 1707
1027 1707
1027 1708
1027 2587
1029 2054
1029 2170
1031 2550
1034 1036
1036 1900
1036 2140
1038 1265
1038 1730
1041 2219
1042 1750
1042 1578
1046 1916
1047 2304
1047 2259
1048 2027
1049 2978
1050 1579
1050 2764
1050 2045
1053 1459
1053 1817
1053 2799
1054 2216
1056 2657
1058 2031
1058 2453
1059 2033
1059 2856
1061 1537
1066 1597
1066 1449
1067 1241
1068 1425
1071 1110
1071 1302
1074 2661
1075 2262
1076 1484
1078 1655
1079 1224
1079 2918
1080 1939
1082 2320
1083 1292
1083 2030
1084 1604
1084 1327
1084 2434
1084 2150
1087 2563
1087 1776
1088 1204
1088 2246
1092 2316
1093 1234
1093 2295
1093 1872
1094 1447
1096 1616
1098 2644
1099 2583
1099 1293
1099 1958
1100 1144
1100 1551
1105 2485
1107 2054
1107 2868
1108 1755
1108 2826
1108 1990
1108 1225
1109 1972
1111 2903
1112 2954
1113 2578
1115 2845
1116 2177
1117 2933
1117 1574
1118 2041
1120 1129
1121 1706
1121 2264
1122 2172
1122 1448
1123 2103
1125 2393
1125 2319
1126 2072
1126 2281
1127 1207
1128 1761
1128 2470
1129 1607
1131 2441
1132 2422
1133 2168
1134 1647
1135 1470
1136 2313
1137 2052
1137 1204
1137 2057
1138 1239
1139 1835
1140 2591
1141 1576
1142 2627
1144 1828
1146 1246
1146 2149
1147 2530
1148 1598
1149 2745
1150 1726
1151 1907
1153 1366
1153 1180
1156 1254
1156 2681
1157 2338
1158 1633
1160 1616
1160 2774
1160 2976
1160 2887
1161 2766
1161 1866
1162 1949
1162 1613
1164 1899
1164 2094
1165 1169
1165 1206
1167 1846
1167 2159
1168 2976
1169 2774
1169 2387
1169 1550
1169 2807
1172 1625
1174 2209
1174 2143
1177 1750
1179 1923
1180 1387
1181 2553
1183 2431
1184 2097
1184 2342
1185 2105
1185 2430
1186 1238
1186 2572
1187 1998
1187 1658
1189 1335
1190 1554
1195 2766
1195 1244
1197 2021
1197 2897
1197 2700
1197 2846
1198 2480
1201 2072
1203 1672
1204 2836
1206 1536
1207 1957
1208 2579
1212 1503
1212 1648
1212 1230
1212 2683
1214 2136
1214 2354
1214 1888
1216 2357
1216 1880
1219 2243
1220 1260
1220 1858
1220 2633
1221 2305
1221 2433
1224 2086
1224 1424
1226 2579
1226 1435
1227 2456
1227 2484
1227 1737
1228 2114
1228 1250
1229 1655
1230 1539
1233 1683
1233 2026
1234 2456
1234 1846
1235 2523
1236 2236
1238 2031
1238 2321
1238 2027
1238 2598
1238 1457
1239 2965
1239 1903
1239 2808
1239 1478
1240 2630
1243 2362
1245 1714
1246 2389
1249 1648
1249 1389
1249 2623
1252 1589
1256 1984
1257 1945
1257 2417
1260 1495
1260 2583
1263 1462
1265 2336
1266 2012
1266 2612
1266 2217
1267 2021
1267 2551
1267 1695
1268 1544
1269 1339
1270 1770
1270 2437
1273 1838
1275 2045
1276 1548
1277 2097
1277 2609
1277 2196
1277 1773
1278 2304
1278 2640
1279 1318
1280 2483
1280 1687
1281 2742
1281 1777
1281 2486
1286 2931
1288 1864
1288 2962
1288 2273
1290 2742
1290 2499
1290 2668
1292 2778
1294 1507
1296 2093
1296 2527
1298 2935
1298 1326
1299 2756
1300 2409
1300 1840
1301 2592
1302 2603
1302 2360
1302 2268
1305 2876
1306 1920
1307 2203
1308 2021
1310 2146
1310 2680
1313 2447
1313 2928
1314 1767
1315 1786
1315 1798
1315 2299
1315 1975
1318 1495
1320 2551
1320 2669
1321 2072
1321 2109
1322 1491
1323 2387
1323 2074
1323 2040
1325 2476
1325 1944
1327 1740
1327 1572
1328 2829
1329 1564
1329 1480
1329 1800
1329 2109
1329 1485
1330 2901
1332 2489
1332 1658
1334 2695
1334 2686
1334 2315
1335 1864
1336 2093
1336 1665
1336 1863
1338 2411
1342 2970
1343 2164
1344 2778
1344 2226
1344 1730
1344 1473
1346 2564
1346 1533
1346 2957
1347 1452
1348 2840
1352 2694
1352 1608
1352 2070
1354 2801
1355 2695
1355 1776
1355 1901
1356 2785
1358 1928
1359 2202
1360 1927
1361 1536
1361 2735
1363 1944
1363 2524
1363 2919
1368 2533
1369 2131
1372 2097
1372 2213
1373 2481
1376 2233
1378 2114
1381 2093
1384 2762
1387 2097
1389 1425
1390 1536
1393 2123
1394 1750
1394 2638
1394 1739
1395 1476
1396 1809
1396 2018
1398 2840
1398 2589
1399 2863
1400 1779
1400 1622
1402 1877
1402 1474
1403 1907
1405 1895
1406 2387
1407 2609
1408 1506
1410 2819
1410 2777
1411 2148
1412 2252
1412 2275
1414 1842
1414 2879
1415 1938
1417 2464
1418 2697
1418 2015
1418 2016
1420 2624
1421 2029
1421 2084
1423 2908
1423 2377
1424 1844
1426 2460
1428 1895
1429 2565
1431 1957
1433 2382
1433 1677
1433 2414
1433 1854
1438 1739
1439 1495
1441 1915
1446 2216
1446 2232
1446 1496
1448 2686
1449 2167
1451 2087
1451 1470
1453 2996
1456 2635
1456 2037
1457 1465
1459 2849
1459 2629
1459 1914
1460 2437
1462 2062
1463 2864
1464 2141
1466 1871
1469 2456
1470 1933
1471 2021
1471 2383
1472 2527
1472 2422
1475 1793
1476 1706
1479 1519
1479 1818
1480 2053
1481 2236
1481 2209
1481 1694
1482 2858
1482 1906
1483 1722
1483 1570
1484 2778
1484 1964
1484 2071
1488 2848
1489 2236
1492 2029
1495 2858
1495 2175
1495 2924
1495 1798
1495 2683
1495 1660
1495 2877
1495 1532
1495 2999
1495 1631
1496 2072
1496 1514
1497 2448
1497 1640
1500 2055
1500 2655
1501 2449
1502 2292
1502 2674
1504 1561
1505 2543
1510 2292
1512 2697
1512 2054
1512 2528
1516 1698
1517 2074
1520 2130
1520 2347
1521 2969
1522 2004
1532 2298
1533 1740
1537 2685
1538 1878
1538 1759
1538 2264
1540 1619
1541 2172
1542 2967
1545 2463
1552 2659
1552 2228
1554 2202
1559 2021
1559 2071
1559 2135
1563 2767
1563 2150
1564 2083
1566 1630
1567 2602
1568 2123
1569 2383
1569 2892
1569 2493
1570 2019
1570 2682
1571 2644
1572 2911
1573 1841
1574 2170
1574 2610
1575 1754
1576 2742
1576 2317
1577 2908
1578 1775
1578 2756
1578 1676
1579 1935
1580 2053
1580 1607
1583 2739
1586 2931
1588 2052
1589 2549
1589 2386
1590 1845
1591 1828
1592 2086
1592 2609
1593 2638
1593 2707
1593 2501
1596 2621
1597 2416
1597 2539
1598 2959
1602 2590
1603 2450
1604 2342
1604 2979
1607 1705
1608 2527
1610 2236
1610 2747
1611 2045
1612 2526
1615 1651
1616 2097
1616 1838
1616 2136
1616 2326
1616 2315
1616 2580
1616 2917
1617 2658
1618 2571
1619 2284
1621 2603
1623 1971
1623 1836
1623 2831
1623 2018
1624 2458
1625 2037
1627 2231
1628 2734
1632 1883
1633 2305
1633 2024
1633 2690
1634 2952
1636 1788
1644 2403
1645 2671
1646 1802
1647 2863
1647 2728
1648 2043
1648 2599
1654 2581
1654 2243
1655 1726
1655 1866
1655 2469
1655 1669
1655 1842
1656 2003
1656 1930
1657 2786
1658 2027
1662 2624
1662 1982
1666 2564
1668 1695
1669 2754
1670 1918
1675 1850
1678 2727
1678 2766
1679 2608
1681 2918
1681 2513
1682 2445
1682 2989
1683 1797
1684 1954
1686 2674
1689 2124
1691 2286
1692 2674
1693 2054
1693 2603
1695 2000
1695 2243
1697 2021
1698 2086
1698 2996
1699 2093
1699 2508
1699 2606
1699 2557
1700 2021
1700 1898
1701 2816
1704 1750
1705 1780
1705 2928
1705 1828
1706 2081
1707 2736
1710 2621
1714 2171
1715 2919
1718 1763
1718 2161
1719 2021
1719 1804
1720 2389
1722 2640
1727 2097
1728 2090
1729 2102
1730 2209
1730 2625
1731 2774
1731 2393
1732 2842
1732 1779
1732 1957
1733 1877
1736 2177
1740 2973
1741 2223
1741 1863
1744 2822
1745 2536
1748 2639
1748 2893
1749 2021
1749 2048
1749 2020
1750 2072
1750 2978
1750 1769
1754 2262
1759 2022
1761 2012
1763 2514
1763 1870
1763 2977
1763 2954
1764 1813
1764 2982
1764 2568
1765 2687
1769 2205
1770 2679
1776 2874
1778 2517
1778 2156
1779 2297
1782 2185
1786 1989
1786 2641
1792 1839
1794 2021
1794 1878
1795 2684
1799 2055
1802 2440
1804 2012
1808 2367
1809 2887
1811 2202
1813 2987
1813 2113
1814 1850
1815 2094
1815 1929
1817 2933
1817 2896
1821 2086
1821 2103
1822 2842
1826 2115
1827 2926
1828 2716
1831 2279
1832 1841
1833 2332
1833 2437
1836 1974
1837 2581
1839 2727
1842 2097
1842 2669
1842 2186
1843 2093
1843 2759
1845 2754
1846 2943
1846 2570
1848 2306
1853 1918
1853 2105
1854 2809
1857 1877
1859 1989
1859 2890
1859 2137
1860 2704
1863 2097
1868 2241
1869 2677
1873 1887
1875 2242
1875 2500
1880 2802
1881 2640
1881 2447
1886 2408
1889 2697
1889 2328
1890 2026
1890 2619
1891 2168
1892 1950
1894 2163
1896 2086
1897 2190
1898 1995
1898 2760
1899 2555
1902 2164
1902 2014
1903 2127
1904 2565
1904 2624
1904 2048
1905 2191
1906 2338
1907 2603
1907 2174
1907 2119
1914 2937
1914 2104
1916 2292
1917 2894
1918 2093
1919 2128
1920 2855
1921 2692
1922 2421
1922 2210
1922 2960
1922 2522
1923 2062
1925 2452
1927 2360
1929 1946
1929 2350
1930 2404
1933 2372
1934 2070
1940 2870
1943 2706
1947 2830
1952 2522
1953 2626
1954 2236
1954 2322
1956 2647
1958 2519
1959 2214
1960 2383
1963 2537
1964 2946
1964 2168
1964 2628
1964 2228
1967 2477
1969 2894
1969 2444
1969 2116
1970 2279
1972 2178
1974 2926
1974 2317
1974 2834
1978 2413
1982 2221
1984 2917
1986 2246
1989 2387
1989 2279
1989 2882
1991 2387
1993 2230
1995 2718
1996 2416
1997 2816
2000 2624
2001 2534
2003 2979
2004 2917
2007 2650
2011 2695
2012 2858
2012 2210
2013 2082
2013 2061
2015 2097
2019 2564
2021 2959
2021 2153
2021 2240
2021 2605
2021 2505
2031 2416
2033 2083
2037 2114
2037 2669
2039 2863
2041 2949
2044 2492
2050 2785
2052 2072
2052 2371
2053 2281
2054 2848
2055 2146
2055 2961
2059 2266
2060 2605
2060 2904
2062 2674
2064 2172
2068 2142
2069 2143
2072 2911
2072 2099
2072 2440
2079 2992
2081 2408
2083 2485
2086 2581
2086 2608
2086 2593
2086 2755
2086 2267
2086 2891
2086 2922
2087 2349
2087 2782
2093 2554
2093 2099
2093 2296
2093 2509
2093 2812
2097 2680
2097 2418
2097 2852
2097 2878
2101 2362
2102 2817
2103 2287
2103 2475
2105 2394
2108 2976
2108 2484
2110 2219
2113 2680
2113 2984
2114 2565
2116 2681
2116 2142
2118 2530
2118 2610
2120 2176
2120 2462
2120 2163
2121 2556
2123 2756
2126 2952
2128 2440
2129 2635
2130 2417
2135 2160
2138 2447
2139 2697
2139 2573
2141 2333
2141 2851
2142 2564
2146 2747
2146 2674
2147 2613
2151 2415
2152 2996
2154 2282
2164 2828
2164 2791
2165 2581
2167 2730
2169 2226
2170 2741
2175 2573
2176 2603
2177 2514
2178 2952
2187 2856
2189 2745
2191 2774
2191 2858
2191 2911
2196 2603
2196 2630
2202 2835
2211 2685
2212 2298
2213 2383
2215 2594
2221 2334
2223 2602
2224 2441
2236 2902
2236 2993
2236 2494
2237 2642
2238 2445
2239 2931
2240 2387
2243 2990
2246 2578
2249 2609
2251 2788
2255 2754
2270 2653
2270 2715
2275 2387
2277 2711
2285 2509
2288 2843
2292 2771
2298 2441
2299 2951
2301 2880
2302 2383
2304 2878
2305 2383
2311 2942
2319 2661
2321 2881
2321 2780
2322 2549
2322 2784
2322 2572
2326 2359
2329 2761
2330 2581
2334 2983
2334 2929
2337 2397
2338 2653
2338 2715
2341 2692
2345 2943
2348 2551
2351 2547
2360 2594
2361 2724
2365 2582
2374 2544
2377 2912
2381 2605
2383 2406
2383 2534
2384 2391
2395 2914
2398 2802
2398 2734
2401 2549
2407 2467
2413 2844
2416 2880
2418 2972
2427 2482
2431 2840
2436 2748
2438 2685
2444 2634
2446 2540
2450 2588
2456 2866
2462 2664
2463 2986
2465 2891
2468 2943
2468 2672
2469 2867
2472 2635
2479 2987
2480 2983
2486 2676
2487 2747
2490 2926
2496 2645
2503 2990
2512 2959
2514 2636
2515 2605
2517 2697
2521 2802
2526 2751
2540 2588
2540 2553
2542 2692
2549 2724
2551 2651
2551 2633
2571 2638
2582 2891
2597 2790
2602 2668
2613 2861
2624 2785
2627 2765
2632 2758
2650 2707
2654 2965
2656 2751
2661 2704
2669 2835
2674 2800
2678 2774
2679 2802
2683 2742
2689 2849
2695 2697
2704 2840
2724 2767
2724 2903
2725 2835
2726 2972
2727 2806
2730 2816
2759 2831
2768 2871
2776 2907
2785 2942
2789 2971
2832 2844
2857 2874
2868 2870
2880 2957
