3000 6316
1 2075
2 1326
3 1845
4 2612
6 1439
6 2841
6 2974
6 2523
6 1828
7 2915
7 52
8 1076
9 1714
9 881
10 572
11 572
12 2915
12 898
12 1915
12 1038
12 2430
13 2915
14 2794
14 506
14 1332
15 2049
15 2175
15 361
16 572
16 2915
16 2352
16 1877
16 2005
17 2611
17 641
18 2573
18 1080
19 86
20 2915
21 1239
21 418
22 572
22 1845
22 462
22 1990
23 1956
24 2959
25 2841
26 572
26 1845
26 2335
27 98
27 2280
27 374
28 2279
28 412
30 572
30 591
30 2468
32 2915
32 2376
32 886
32 1045
33 2699
34 2049
34 2557
34 1997
34 1538
34 2750
36 2915
36 2818
37 572
37 1845
37 2915
37 649
37 2079
37 2600
37 85
37 86
38 2915
38 619
38 1979
40 2915
41 1845
41 2833
43 572
43 1845
43 2915
43 2049
43 1239
43 1714
43 1956
43 2376
43 1439
43 1442
43 2321
43 1824
43 1265
43 2691
43 1287
43 1328
43 710
44 1845
44 2279
45 572
45 1845
45 2125
45 1869
45 146
45 204
46 1058
47 462
47 239
48 2915
48 564
48 2674
49 2683
49 2121
51 1845
51 2050
52 572
52 2336
52 1075
54 2927
54 2760
55 1104
55 2812
56 1825
58 146
60 2915
60 2049
60 689
60 2841
60 2484
60 2771
62 1845
64 1872
64 2401
64 1600
65 572
65 2365
67 2049
67 2279
67 2039
67 1580
69 572
69 2191
71 1956
71 2663
72 2352
73 2617
73 2841
75 2279
77 2049
77 307
77 1065
77 284
77 890
78 1439
78 2573
78 2987
78 1655
78 2416
79 572
79 2915
79 1476
80 572
80 799
81 572
81 1845
81 2915
81 1239
81 1714
81 1956
81 619
81 1455
81 2728
81 2159
81 2041
81 1974
81 312
83 572
83 2279
83 619
83 1455
83 732
84 572
84 1845
84 2049
84 2365
84 2039
84 1463
84 1810
84 1058
84 664
84 2723
84 2601
85 2049
85 1239
85 2754
85 1810
86 1845
86 799
86 2709
86 2346
86 1781
88 1830
89 572
89 2915
89 2534
89 1289
92 2915
92 1003
93 2202
94 2352
94 2709
95 1845
96 572
96 1845
96 2915
96 2049
96 1239
96 2376
96 1618
96 2204
96 1442
96 818
96 2628
96 2728
96 651
96 630
96 456
98 550
100 2049
100 1239
100 649
102 2175
102 2674
102 1445
104 1119
105 856
106 1816
107 184
107 146
108 1444
109 572
109 2216
109 1505
109 395
109 1698
110 1845
110 1239
110 2713
112 572
112 1845
112 2352
112 2279
112 2357
112 676
112 2039
112 343
112 1625
112 1285
112 1849
112 2745
113 572
113 1845
113 1739
113 1416
113 1700
114 1845
115 1060
115 2249
116 572
116 1845
116 1979
118 2099
118 687
119 2049
121 2711
122 1845
123 834
124 1845
124 2915
124 512
124 1154
125 1179
126 572
126 1845
126 2915
126 2049
126 1239
126 2279
126 888
126 1943
126 2175
126 2927
126 1634
126 2128
126 1330
126 898
126 2841
126 2291
126 1014
126 1358
126 1942
126 127
126 1923
126 1231
126 2526
126 404
126 1854
126 609
126 2427
126 172
126 2571
126 1112
126 2724
126 1879
126 1296
126 2710
126 956
126 1303
126 2240
126 847
126 2997
127 572
127 462
127 1634
127 1350
127 2074
127 2295
127 2417
127 1283
129 1845
129 1844
129 2723
129 1656
129 2532
130 1845
130 403
130 1840
130 2584
132 2049
132 2279
132 2040
133 2432
136 1239
136 610
139 1987
141 2915
142 2276
142 1086
143 572
143 2049
143 2352
143 1618
143 2843
143 2533
143 1392
143 1003
143 1300
144 572
144 1845
144 2049
144 733
144 277
144 721
144 1629
145 2376
145 2433
146 1845
147 689
147 489
149 572
149 423
151 733
151 1177
153 1239
153 2365
153 2818
153 2278
153 467
153 2698
154 1447
155 572
155 1845
155 1714
155 210
155 1058
155 708
155 1258
156 2279
156 1739
156 1426
157 382
158 1640
161 572
161 1845
161 2279
161 2700
161 2934
161 1261
164 572
164 1845
164 2269
164 2266
164 2297
164 779
164 1516
165 2915
165 558
166 1442
166 2683
166 1327
167 2352
167 286
167 2493
169 572
169 1845
170 572
170 2915
170 1640
170 818
170 2163
170 2984
170 825
170 1517
170 1349
170 2140
170 917
170 2271
170 1369
170 555
172 1956
172 1829
172 359
174 786
175 572
175 1845
175 2049
175 2133
176 572
176 1845
176 2049
176 2768
176 1386
177 1845
177 2866
177 2046
177 931
177 1291
177 1610
177 1936
178 1845
178 2524
179 1845
180 2616
180 1334
181 2801
182 2915
182 2352
183 685
183 469
183 1828
184 2654
185 733
185 2546
185 1833
185 1558
185 1705
185 2109
187 2915
187 2376
188 2161
188 1394
188 2694
188 1137
188 1310
189 572
189 649
189 2995
189 662
189 479
190 572
190 1239
190 2144
190 1224
190 2163
191 572
191 2066
192 572
192 2915
192 2573
192 440
192 2184
193 1845
194 799
194 2365
195 572
195 2178
196 572
196 2204
196 1277
196 1476
198 2914
198 2324
199 2270
200 723
202 1714
203 2049
203 1399
204 1810
205 1243
205 2066
208 572
208 1845
208 1277
209 2351
209 2046
210 1673
210 1237
212 1845
212 1501
213 1093
213 1954
213 509
214 825
214 1938
215 2915
215 2175
216 572
216 1277
218 2982
219 572
219 1442
219 2079
219 1895
219 452
219 492
219 1960
220 2660
220 1898
223 572
223 799
223 2738
223 1934
224 572
224 1239
224 1312
224 2491
224 2977
225 572
225 1982
225 2589
226 1845
226 2709
226 315
226 1132
227 1093
227 2760
228 572
229 2548
229 2435
230 2049
230 905
231 572
232 572
232 1845
232 2915
233 572
233 1845
233 2352
233 2793
233 1052
233 1686
234 572
234 1532
235 689
236 1845
236 1714
236 2336
236 1958
236 1444
236 961
237 649
237 670
238 2204
238 888
238 765
238 1425
239 572
239 2920
240 572
240 2915
240 2049
240 2321
240 2593
240 2202
240 1872
240 2667
241 1845
241 2049
241 962
241 1318
242 1104
243 572
243 2915
243 2829
243 958
244 2049
244 2175
244 343
244 307
244 1841
244 2992
245 1855
247 649
247 2365
247 1998
247 2687
248 1635
249 2601
250 572
250 1624
250 2898
250 334
251 572
251 2915
251 1131
251 812
251 2557
251 2438
251 2054
251 2198
252 1439
253 2680
254 572
254 1845
255 1845
255 1239
255 2585
257 468
258 1845
259 572
259 1845
259 1565
260 1845
260 649
260 1714
260 2216
262 572
262 2352
262 512
262 601
262 403
262 919
262 1983
262 816
262 2632
264 1845
264 619
264 653
265 1550
266 572
266 2760
266 2929
266 1910
267 2915
267 649
267 619
267 591
267 2283
268 1845
268 2330
269 1358
269 2937
271 572
271 1845
271 2915
271 1239
271 1618
271 462
271 2351
271 815
271 2660
271 1726
271 1487
271 492
271 1308
271 2632
271 2250
271 2151
272 572
272 2927
273 2915
273 2049
273 2352
275 2357
276 572
276 2144
276 2902
277 2459
277 2590
280 572
280 1239
280 2055
280 2932
281 2161
281 1364
281 560
282 2915
282 2526
282 351
283 572
283 1714
283 2377
284 572
284 2915
284 462
284 2573
284 2418
284 1910
285 587
286 572
286 1845
286 2915
286 2049
286 1239
286 2352
286 2161
286 2301
286 2896
286 1614
286 2706
286 723
286 638
286 2668
287 1845
288 572
288 2915
288 1239
288 2286
288 1393
290 2604
291 572
291 1385
292 1239
293 1845
293 1847
293 1148
293 1616
293 2906
294 2204
294 1941
295 671
296 1956
296 2161
296 2321
296 783
296 1219
296 592
296 488
297 2804
298 1847
299 1845
299 689
299 624
300 1239
301 1714
301 1847
301 479
302 2049
303 572
303 2049
303 2334
303 1892
305 1845
305 2915
305 2376
305 1423
307 572
307 1845
307 2915
307 2376
307 1635
307 685
307 2084
307 807
308 572
309 1845
309 1291
310 572
310 1396
312 1131
312 1538
313 572
314 1333
314 1740
315 572
315 1845
315 2915
315 1714
315 1093
315 1364
315 2927
315 2589
316 1845
316 2915
316 1066
316 1633
317 1845
319 2915
319 1767
320 1474
321 1845
321 619
321 2336
321 2046
323 572
323 1845
323 2049
323 2279
323 1618
323 1165
323 2079
323 1277
323 2754
323 984
323 2601
323 1331
323 442
323 2250
323 2874
323 1519
325 2915
325 568
326 2794
326 1609
327 2049
328 1350
328 1508
328 2733
329 572
329 1845
330 572
330 2915
330 2049
330 512
330 1624
330 1166
331 1847
331 852
332 572
332 2915
332 1239
332 462
332 1104
332 1640
332 384
332 2692
333 572
333 1239
333 1640
333 1731
336 1845
336 348
337 572
337 2049
337 2128
337 2694
337 1095
338 1495
339 2915
339 2829
340 1453
341 888
342 572
342 1442
342 2395
342 1083
343 572
343 1845
343 2915
343 2049
343 1714
343 1956
343 783
343 2809
343 1910
343 1699
343 1413
343 1469
343 1551
344 572
344 1294
344 2451
345 572
345 1845
345 2049
345 2279
345 1714
345 1439
345 1926
345 1455
345 973
345 1397
345 1367
345 2031
346 572
346 888
347 1714
347 390
347 558
347 412
347 379
349 1581
350 1845
350 2915
350 962
350 746
350 2984
350 665
350 1667
351 1845
352 1714
353 572
353 2915
353 2987
353 2610
353 1015
353 2112
354 572
354 1845
354 2915
354 941
354 2616
354 1910
354 1247
355 1845
355 888
355 2118
355 1293
356 1714
358 1442
359 2398
359 1181
360 1714
360 645
361 572
361 1845
361 2915
361 2049
361 1439
361 2573
361 733
361 1635
361 941
362 2049
362 1019
362 1617
363 1845
363 1874
365 1845
365 2915
366 1845
367 1298
367 796
367 786
368 1404
369 1714
370 2340
371 625
371 2534
372 2838
373 1104
374 1926
375 1845
375 2049
375 1347
376 1455
377 2049
377 2767
378 2915
378 2049
378 1942
378 2441
379 2617
379 2753
380 892
381 649
381 2459
381 2029
382 2915
382 2026
382 2785
382 2750
383 1845
383 2760
383 2215
384 572
384 1845
384 2915
384 1714
384 1618
384 897
384 1442
384 2829
384 676
384 2841
384 625
384 2612
384 2960
384 2577
384 2835
384 2402
384 2323
384 1708
385 2915
385 1239
386 1319
386 1797
387 2567
387 661
388 2809
388 2775
389 572
389 1845
389 649
389 2204
389 689
389 2747
389 1748
390 572
390 1845
390 2915
390 2049
390 1239
390 649
390 2279
390 1714
390 1956
390 2376
390 462
390 1093
390 689
390 888
390 1653
390 2914
390 2987
390 1001
390 1608
390 2694
390 2550
390 2085
390 627
390 857
390 1096
390 2780
390 776
390 2465
390 985
390 1156
390 1292
390 1817
390 1436
390 1113
390 1856
390 1072
390 496
390 1638
390 2615
390 478
390 1361
390 2478
391 572
391 2376
391 1618
391 2204
391 1268
394 1845
394 1239
394 2550
394 2738
395 1714
395 591
395 1381
395 1221
395 2637
395 2904
396 1845
396 2161
396 1364
396 1632
397 412
399 572
400 1845
400 2049
402 572
402 1845
402 462
402 2246
402 2027
403 1165
403 2301
403 598
403 2296
403 1912
404 2161
404 879
404 1786
404 510
404 1306
405 572
405 1845
405 2279
406 1626
407 572
407 1635
408 2049
408 649
408 1124
409 2357
410 2911
411 1845
411 2915
411 1239
411 1821
411 2475
412 572
412 1845
412 2915
412 2049
412 1239
412 1714
412 1618
412 1439
412 1104
412 733
412 2128
412 2683
412 2172
412 1365
412 2702
412 1447
412 2785
412 2682
412 610
412 1482
412 1402
412 2759
412 1083
412 954
412 988
413 591
413 1562
414 572
414 1673
414 2157
414 1086
415 2915
415 1494
416 2049
418 1181
418 2743
419 1845
419 1714
419 1000
420 572
420 2915
420 1618
420 1104
420 689
420 565
420 882
420 1826
421 1845
421 2079
421 1488
422 1870
426 471
427 1845
427 888
427 2573
427 2617
427 2064
427 1614
428 572
428 1845
428 2915
428 1104
428 733
428 2612
428 1728
428 1592
428 586
429 1845
429 1581
431 2352
431 1956
431 1439
431 1396
431 945
432 572
432 649
432 1104
433 1845
433 2915
433 649
433 1439
433 2793
433 617
434 2915
434 2279
434 2691
434 1876
435 1052
436 2286
436 1263
437 2987
438 572
438 897
438 1257
438 1210
439 572
439 1514
440 572
440 2915
440 2821
440 1790
440 1477
440 2187
441 572
441 2915
441 1134
442 1439
442 652
443 2204
443 2659
444 2683
444 909
444 1993
444 1517
444 2226
445 572
447 2204
447 1254
448 572
448 2669
449 2572
449 770
451 572
452 2459
453 2161
454 689
454 2617
454 1941
455 870
455 2460
455 2595
455 1593
456 834
458 2589
459 733
459 550
459 992
459 1453
459 2730
459 2561
460 1873
461 1405
462 572
462 1845
462 2915
462 2049
462 1239
462 649
462 2352
462 2279
462 1956
462 1618
462 1439
462 1104
462 1093
462 1640
462 619
462 888
462 591
462 2357
462 1165
462 1060
462 1634
462 1277
462 2760
462 1868
462 962
462 898
462 550
462 2793
462 1294
462 834
462 1148
462 617
462 1392
462 2728
462 2137
462 1870
462 1710
462 2012
462 1470
462 1816
462 2344
462 1609
462 1139
462 1434
462 2849
462 1256
462 2916
462 1192
462 2572
462 736
462 1669
462 1571
462 1205
462 1336
462 1940
462 2501
462 2846
463 2573
463 2050
463 2341
463 1090
463 2151
464 572
464 2915
464 2753
465 2270
465 2276
465 1023
466 572
466 1060
466 2593
466 1605
466 1706
467 1845
467 2915
467 1549
468 572
468 1845
468 2915
468 2049
468 1467
469 1845
469 2352
469 1442
469 733
471 1845
471 2557
473 2444
474 572
474 2915
474 1330
475 1845
476 572
476 2049
476 1239
477 1845
477 1239
477 1439
478 2049
478 484
478 2589
479 572
479 2915
479 1776
479 2604
481 572
481 1239
481 2914
482 572
482 1640
483 2049
483 1714
484 572
484 2049
484 1618
484 2709
484 670
485 2594
485 2977
486 1118
487 2283
488 2927
489 572
489 1845
489 2161
489 558
489 1564
489 2198
490 572
490 2003
491 2370
493 603
493 2329
494 1304
495 1239
495 1439
495 1033
496 1324
497 2915
497 2352
497 963
497 1502
497 1665
499 2915
499 2376
499 591
502 1845
502 2049
502 823
502 1000
502 2480
503 1618
504 572
505 1107
505 746
505 921
505 2779
506 572
506 2915
506 2049
506 1239
506 1587
506 1665
506 866
507 2600
507 2494
508 572
508 2338
509 2617
509 2683
509 1216
510 572
510 1845
510 2161
510 1847
510 1071
511 1885
512 572
512 1845
512 2915
512 2049
512 1239
512 2352
512 888
512 2573
512 558
512 1653
512 2683
512 1739
512 1014
512 2456
512 627
512 1973
512 2806
512 609
512 1087
512 2877
512 2558
512 2619
512 1748
513 572
513 1060
513 793
513 747
513 2956
514 558
514 1752
515 1239
515 2368
517 1845
517 2915
518 1845
518 790
518 2589
519 840
519 2695
519 1504
520 874
521 572
521 799
521 2590
523 2049
523 2336
524 1367
524 943
525 1103
525 2655
527 572
527 2352
527 658
528 1239
528 2843
531 2915
531 1350
532 690
534 691
535 941
536 2357
536 2183
537 572
537 2915
537 1239
537 897
537 1291
537 2481
538 572
538 1956
538 1075
538 820
539 2567
539 1722
539 835
540 1640
540 1418
541 572
541 2980
543 2279
543 2079
543 2128
544 1845
544 2039
546 2456
547 2049
547 1069
547 2265
547 1532
548 1842
549 2202
549 2540
549 802
550 572
550 1845
550 2915
550 2049
550 1239
550 1714
550 1439
550 2204
550 1364
550 927
550 1184
553 1845
553 2049
553 1239
553 1847
553 573
554 1239
554 1660
555 2915
555 2780
556 572
556 2204
556 1943
556 1127
557 2410
558 572
558 1845
558 2915
558 2049
558 1239
558 649
558 2352
558 2279
558 1714
558 2376
558 1104
558 619
558 888
558 2357
558 1060
558 2683
558 2301
558 2600
558 790
558 1096
558 2751
558 1979
558 1162
558 1644
558 968
558 2540
558 605
558 816
558 700
558 1214
558 1115
560 572
560 1845
560 2915
560 1233
560 685
560 2973
560 943
560 1935
562 572
562 773
562 2193
562 2117
563 572
563 2829
563 1766
563 1739
563 2026
563 2828
564 572
564 1845
564 2915
564 1239
564 1956
564 888
564 591
564 897
564 2927
564 1277
564 2709
564 1294
564 2107
564 2589
564 2441
566 572
566 1239
566 2279
567 1845
568 2279
568 2284
569 1239
570 1722
571 572
571 1027
572 1845
572 2915
572 2049
572 1239
572 649
572 2352
572 2279
572 1714
572 1956
572 2376
572 1618
572 1439
572 1104
572 1093
572 2204
572 689
572 1640
572 619
572 888
572 2573
572 591
572 897
572 2357
572 2161
572 1943
572 1442
572 2338
572 1165
572 2175
572 1364
572 2829
572 733
572 1060
572 2079
572 1635
572 1653
572 799
572 2927
572 2365
572 1731
572 1847
572 1634
572 1277
572 2760
572 2617
572 2794
572 1624
572 2567
572 1868
572 2321
572 1514
572 1895
572 676
572 2128
572 2216
572 1330
572 1233
572 2039
572 1264
572 2818
572 2883
572 1766
572 1673
572 2709
572 2283
572 1251
572 1982
572 1541
572 2593
572 2351
572 2611
572 656
572 1350
572 2683
572 2286
572 962
572 1333
572 2914
572 818
572 1739
572 870
572 1626
572 2270
572 1301
572 2336
572 685
572 898
572 1824
572 1070
572 2841
572 2091
572 2862
572 2699
572 625
572 1131
572 1922
572 2269
572 2291
572 1188
572 658
572 601
572 2172
572 1926
572 879
572 812
572 1075
572 2659
572 2612
572 1204
572 2692
572 2793
572 1455
572 1014
572 2411
572 1394
572 2074
572 2301
572 1915
572 1294
572 2600
572 790
572 2754
572 1185
572 1770
572 973
572 834
572 765
572 1250
572 2040
572 1071
572 2144
572 598
572 2062
572 815
572 2536
572 2987
572 2316
572 2995
572 2275
572 2670
572 2546
572 1358
572 1243
572 913
572 1312
572 2896
572 2843
572 1001
572 2533
572 2955
572 1941
572 1022
572 2203
572 1164
572 2036
572 1265
572 1148
572 2456
572 2973
572 2557
572 1608
572 1013
572 2610
572 2628
572 1252
572 1998
572 844
572 2447
572 1707
572 2837
572 2444
572 1463
572 2438
572 2202
572 1997
572 1992
572 617
572 1224
572 2866
572 782
572 1942
572 2622
572 2694
572 2373
572 2550
572 905
572 2085
572 1505
572 2163
572 627
572 1370
572 1182
572 1672
572 1476
572 603
572 1052
572 881
572 1871
572 1872
572 1625
572 2848
572 1408
572 1263
572 2046
572 2940
572 2929
572 1973
572 1038
572 2806
572 2451
572 931
572 2334
572 2178
572 600
572 857
572 2342
572 1119
572 2488
572 574
572 2738
572 2054
572 1107
572 2964
572 2457
572 1396
572 1769
572 1788
572 1371
572 2069
572 1231
572 941
572 1099
572 1870
572 2106
572 1710
572 2959
572 1965
572 1447
572 684
572 2233
572 1892
572 796
572 2526
572 2559
572 2278
572 1782
572 2238
572 2751
572 1533
572 2221
572 1616
572 939
572 1859
572 2753
572 2585
572 1135
572 773
572 1223
572 2968
572 2370
572 1854
572 1212
572 2197
572 2244
572 1728
572 1792
572 2245
572 1954
572 2397
572 2387
572 1924
572 1777
572 2726
572 1823
572 2966
572 1802
572 919
572 2804
572 2104
572 861
572 2652
572 1821
572 2472
572 886
572 1191
572 2119
572 1219
572 945
572 2101
572 2808
572 2113
572 2719
572 2688
572 1540
572 1176
572 2105
572 2697
572 1065
572 2787
572 2157
572 2687
572 2833
572 1304
572 1614
572 1291
572 1873
572 1547
572 2682
572 629
572 1034
572 2502
572 1842
572 665
572 1345
572 2087
572 1091
572 2982
572 2556
572 634
572 1153
572 2180
572 2898
572 2125
572 1493
572 2562
572 1948
572 1713
572 1753
572 2548
572 1197
572 1484
572 2483
572 2346
572 2063
572 1461
572 2506
572 2435
572 2448
572 1993
572 577
572 1063
572 1160
572 2616
572 966
572 2664
572 1817
572 2868
572 1578
572 1094
572 2582
572 1031
572 1869
572 1491
572 2247
572 786
572 2706
572 2551
572 2331
572 2417
572 664
572 1830
572 1567
572 1851
572 1162
572 2259
572 652
572 1436
572 705
572 2077
572 1564
572 726
572 2038
572 2654
572 1142
572 1382
572 2836
572 644
572 702
572 963
572 1082
572 1925
572 611
572 2998
572 1213
572 1565
572 2415
572 1534
572 1999
572 860
572 1837
572 2287
572 754
572 2290
572 1730
572 647
572 1068
572 1010
572 2121
572 1283
572 696
572 2313
572 2496
572 1796
572 990
572 958
572 2379
572 1600
572 937
572 2133
572 1478
572 2923
572 1137
572 1636
572 2381
572 2727
572 1412
572 2083
572 2394
572 2746
572 2508
572 2298
572 1202
572 1711
572 2282
572 622
572 1324
572 2209
572 1236
572 925
572 2712
572 686
572 1169
572 2524
572 1402
572 1050
572 779
572 1693
572 2741
572 1453
572 1132
572 1056
572 2519
572 2957
572 998
572 1054
572 1658
572 2095
572 1607
572 2867
572 2265
572 1355
572 2834
572 2162
572 1741
572 1667
572 965
572 2493
572 1296
572 1021
572 2549
572 2747
572 1379
572 615
572 1467
572 723
572 1024
572 1026
572 1352
572 1592
572 1279
572 740
572 2489
572 1874
572 2274
572 1048
572 1074
572 2858
572 2001
572 2586
572 1918
572 1805
572 1308
572 899
572 1414
572 845
572 1049
572 1274
572 2309
572 1935
572 1127
572 727
572 801
572 1342
572 2759
572 2774
572 1819
572 2544
572 2783
572 2744
572 2152
572 2386
572 2911
572 813
572 983
572 1515
572 698
572 1687
572 2590
572 1064
572 1975
572 1768
572 2931
572 2098
572 1974
572 2498
572 1914
572 1253
572 724
572 2992
572 2181
572 884
572 2017
572 1076
572 725
572 2879
572 2002
572 2714
572 1682
572 1262
572 1045
572 1383
572 1261
572 2369
572 1336
572 624
572 1157
572 1083
572 1621
572 1685
572 2067
572 2100
572 1684
572 850
572 2745
572 1694
572 1643
572 639
572 2887
572 916
572 2501
572 2943
572 1206
572 2605
572 1422
572 1536
572 2820
572 1420
572 1004
572 2176
572 1307
572 2464
572 1660
572 1749
572 2051
572 769
572 1977
572 1062
572 1339
572 1900
572 2200
572 2115
572 1400
572 2155
572 2070
572 853
572 2304
572 975
572 1825
572 833
572 949
572 1732
572 2445
572 1584
572 2399
572 2405
572 2164
572 2627
572 1599
572 2893
572 1404
572 1406
572 1583
572 863
572 1284
572 1969
572 2258
572 2596
572 1457
572 2989
572 2242
572 2839
572 1237
572 2673
572 2640
572 2539
572 1327
572 1828
572 1057
572 2758
572 2478
572 2901
572 1551
573 2049
573 2321
573 2054
573 2032
574 1165
574 601
574 1149
574 668
575 2821
576 2049
577 1714
577 1350
577 1896
577 2809
577 2636
578 1634
580 1010
581 2049
582 1239
582 2780
583 1131
584 2934
584 1566
584 1344
585 1845
585 1508
585 2169
587 2279
587 1294
588 1239
589 2794
589 1177
590 1845
591 1845
591 2915
591 2049
591 1239
591 1714
591 1956
591 2376
591 888
591 2760
591 1264
591 656
591 2699
591 1922
591 1998
591 2202
591 782
591 1257
591 2441
591 1620
591 2649
591 1641
591 1722
591 768
591 2429
591 1114
591 1534
591 1600
591 1989
591 1274
591 1669
591 851
591 2861
592 1239
593 2823
593 2103
594 2649
596 1845
596 2414
597 2915
598 1845
598 2915
598 2049
598 1239
598 2279
598 1714
598 2321
598 676
600 1845
600 619
600 733
600 1330
600 765
600 2792
601 1845
601 2049
601 1618
601 1943
601 733
601 1514
601 1251
601 818
601 2301
601 2266
602 2279
602 1060
602 1924
602 2726
603 1239
603 1093
603 897
603 1941
603 1013
605 1845
607 1845
607 2915
607 870
607 1468
609 1165
609 1624
610 689
610 1142
610 2695
611 1239
611 2508
611 727
611 930
612 1845
613 2049
613 2200
614 2915
615 2049
615 1227
616 1845
616 689
616 2838
616 817
617 1845
617 2915
617 2079
617 2373
618 1845
619 1845
619 2915
619 2049
619 1239
619 649
619 2279
619 1714
619 1439
619 1104
619 2204
619 689
619 2573
619 2161
619 1060
619 1635
619 2128
619 1233
619 2283
619 1541
619 2351
619 1926
619 1915
619 1250
619 913
619 2610
619 844
619 2010
619 1625
619 1581
619 2278
619 906
619 629
619 1007
619 2680
619 2341
619 1451
619 1114
619 1210
619 2684
619 2992
619 762
619 2337
621 2883
621 2219
622 2054
622 2936
623 1845
623 1672
625 1845
625 2915
625 649
625 2352
625 2617
625 2203
625 2837
625 2225
625 1449
627 2915
627 649
627 689
627 2829
627 1394
627 2418
627 1948
627 1325
629 1265
631 1618
634 2352
634 2843
634 1696
637 1060
640 733
641 2049
641 897
641 2338
641 1619
641 2572
641 2643
641 711
642 2039
642 1951
643 2866
643 2205
643 2337
644 1845
644 2049
644 1653
644 1188
644 1001
645 1845
645 2915
646 1653
647 2915
648 2365
649 1845
649 2915
649 2049
649 1239
649 2352
649 2279
649 1714
649 1956
649 2376
649 1618
649 1439
649 1093
649 2204
649 689
649 1640
649 888
649 2357
649 2161
649 1442
649 2338
649 1060
649 2079
649 799
649 1624
649 2567
649 1895
649 2818
649 1766
649 1673
649 2283
649 1982
649 1541
649 2914
649 2336
649 2091
649 658
649 1075
649 2987
649 2275
649 1224
649 2459
649 1052
649 1474
649 1872
649 2832
649 857
649 1393
649 2738
649 2312
649 684
649 2296
649 1892
649 1558
649 2012
649 1924
649 2847
649 1574
649 1984
649 861
649 2157
649 2833
649 2096
649 2443
649 1156
649 1494
649 1058
649 2210
649 1931
649 2664
649 2868
649 1578
649 869
649 664
649 1548
649 694
649 1012
649 702
649 1534
649 696
649 820
649 2810
649 1693
649 1952
649 2979
649 1349
649 1967
649 845
649 1086
649 801
649 2024
649 1440
649 2770
649 1694
649 2249
649 840
649 1088
649 1708
649 853
649 1754
649 2886
650 879
652 2270
653 2049
654 2915
656 1845
656 2915
656 689
656 888
656 1364
656 1634
656 2039
656 2091
656 2272
656 1678
657 862
658 1845
658 2049
658 1239
658 2352
658 1770
658 2715
658 1672
658 2522
659 2915
659 1239
661 1845
661 775
661 2830
661 2359
662 897
662 1840
662 1050
662 1610
662 2609
663 1104
663 2980
664 2680
665 1845
670 1845
670 1895
670 2091
670 1075
671 1845
671 2519
672 2915
672 852
673 2915
673 2279
673 1179
675 2279
675 1117
676 1845
676 2915
676 1239
676 2352
676 2376
676 1439
676 1093
676 1640
676 2794
676 1301
676 2862
676 2301
676 2275
676 2447
676 2342
676 776
676 2052
676 1402
677 2352
677 1060
677 1131
677 2768
677 930
678 2206
679 1845
681 1824
682 1845
684 2832
684 1260
684 1482
684 2002
685 1845
685 2915
685 2049
685 1239
685 1943
685 2617
685 1301
685 2291
685 1926
685 2643
685 2385
686 2049
686 2612
688 2107
689 1845
689 2915
689 2049
689 1239
689 2352
689 1714
689 1956
689 2376
689 1618
689 1439
689 1104
689 1640
689 1624
689 1333
689 815
689 1710
689 746
689 1750
689 2012
689 2268
689 2413
689 1007
689 1160
689 1927
689 2905
689 2226
689 1717
689 2970
689 951
689 1128
689 1937
689 2348
689 2145
689 1004
689 1968
689 1656
689 2345
690 1439
690 1986
694 1653
694 1777
694 1484
695 1733
695 1595
696 2915
696 1653
696 1521
697 2915
699 1845
699 2915
699 2376
699 1892
701 2915
701 2567
701 2091
701 2636
701 2769
702 1845
702 2915
702 2279
703 1845
704 1239
705 1060
705 2866
705 2827
706 1371
707 2793
707 2601
708 2351
709 1602
711 1107
712 1845
712 2496
714 1678
715 2915
715 2283
715 2848
716 1093
716 1070
716 795
718 2841
719 2827
720 1239
721 2782
723 1845
723 765
723 1871
724 2365
725 1845
725 1239
725 1093
725 897
726 2964
726 2917
728 790
732 2760
732 2914
733 1845
733 2915
733 2049
733 1239
733 2279
733 1618
733 2204
733 1868
733 2593
733 1824
733 2091
733 1075
733 1997
733 1107
733 1329
733 1051
733 970
733 835
733 1927
733 2454
733 2153
733 2756
733 1161
733 1504
733 1861
736 1845
736 2352
737 2760
738 1226
739 1845
739 1394
739 2062
741 2915
741 1250
741 2248
742 1565
743 2144
743 2500
744 1845
745 1962
746 2915
746 2459
746 2867
747 2968
749 1241
751 2352
751 1941
751 2441
752 1109
752 1303
753 1845
753 2079
754 2291
755 2927
756 2915
761 964
763 2880
765 1845
765 1439
765 1364
765 1060
765 2914
765 2862
765 2107
765 2005
766 2039
767 1845
767 2702
767 2406
768 1845
768 2049
768 2458
769 1251
770 2049
773 1956
773 1392
773 1381
775 2915
775 2699
775 1079
776 2915
776 1239
776 1318
776 1891
776 2825
777 1494
780 1845
782 1845
782 2915
782 1239
782 1104
782 1060
782 1807
782 882
783 2279
783 2269
783 1472
783 2443
783 2124
785 1408
785 2506
785 1163
786 1845
786 1329
786 1565
787 2915
787 844
787 1578
788 1942
789 2844
790 1845
790 2352
790 1618
790 2692
790 2808
790 1145
791 1104
791 2984
792 1311
793 2435
795 799
796 1439
796 2696
796 1544
797 1921
799 1845
799 2915
799 2049
799 1239
799 1714
799 1956
799 2376
799 1618
799 2617
799 2902
799 2728
799 1810
799 1528
799 2443
799 2868
799 2520
801 1951
802 1845
803 2049
803 2018
803 2853
804 2700
806 1439
806 1470
807 1845
808 1635
808 2085
808 909
809 1714
809 1868
809 2144
810 2338
812 1845
812 2352
812 1104
812 2617
812 2738
812 1903
812 1352
814 1956
814 1164
815 1845
815 2352
815 1104
815 1941
815 1136
815 2379
815 1884
815 1288
816 2049
816 905
816 1192
818 1845
818 2915
818 1714
818 897
818 2079
818 2617
818 2291
818 2659
818 2987
818 2036
818 2107
818 2278
818 2898
818 2419
818 1548
818 2620
818 2304
818 843
819 1239
819 881
819 2989
821 2411
821 2080
823 1845
823 2049
823 1847
823 1381
823 2436
823 880
823 2544
825 1239
826 1845
826 1408
827 1618
829 1653
830 2049
830 2279
832 1474
832 1713
834 1845
834 2915
834 1439
834 2128
834 2692
834 1109
834 2432
834 1502
834 1756
834 2318
835 2365
836 1845
839 1182
839 1769
839 1267
840 2479
843 2134
844 1845
844 2915
844 2352
844 1618
844 1330
844 1824
844 2628
844 1136
847 2915
848 1714
849 1845
849 1897
850 1505
850 1471
851 1093
851 913
851 1594
852 1618
852 1264
852 1075
852 1265
852 1246
852 2374
852 2999
852 2720
853 2376
855 1845
855 2049
855 1106
856 2161
856 2904
857 1845
857 2352
857 1868
857 2833
857 995
859 1845
860 1845
860 1060
860 1624
860 2210
861 2915
861 2049
861 2204
863 2355
864 1845
864 2384
865 1846
866 1496
867 2279
867 2862
867 2299
869 2049
869 2279
869 2411
869 1728
870 1845
870 2915
870 1239
870 2351
870 1075
870 2420
870 894
870 2525
871 1845
871 2818
872 1239
873 2834
874 898
874 2841
876 1845
876 2049
876 1943
876 997
877 2352
877 1956
877 2334
879 1845
879 2049
879 1239
879 1982
879 2838
879 2500
880 2351
880 2692
880 1358
880 1763
880 2176
881 2915
881 2049
881 2279
881 1243
881 2715
883 2915
884 2692
886 1845
886 1239
888 1845
888 2915
888 2049
888 1239
888 2352
888 2279
888 1714
888 2376
888 1439
888 2204
888 1640
888 2829
888 1653
888 1731
888 1624
888 1673
888 1251
888 1301
888 898
888 2896
888 1022
888 1265
888 2373
888 905
888 1872
888 2559
888 1604
888 2448
888 1875
888 1382
888 1699
888 2939
888 1522
888 1661
888 1890
888 1044
889 1333
889 927
889 1089
889 2729
890 1845
891 2079
893 1845
896 2049
896 1239
896 1089
897 1845
897 2915
897 2049
897 1239
897 2376
897 1439
897 1104
897 1093
897 2927
897 2760
897 2351
897 1926
897 2600
897 2096
897 2443
897 1816
897 1564
897 1907
897 1209
897 1866
897 1890
897 1244
898 1845
898 2915
898 2049
898 1239
898 2376
898 2161
898 1997
898 2483
898 1508
898 1928
898 2494
898 2732
899 2852
900 1239
900 2376
900 1301
900 2654
900 2449
903 1280
904 2915
904 1294
904 1001
904 923
905 1845
905 2915
905 1634
905 2912
906 2573
906 2074
906 2557
906 2697
908 2049
908 1393
908 1197
909 1164
911 1845
911 2760
912 2617
912 1100
913 1845
913 1714
913 1104
913 1943
913 2829
913 2096
913 1958
913 2196
913 1339
914 1714
914 1640
915 2919
916 1956
916 2084
917 1845
917 1714
917 2397
918 1845
918 2883
918 2536
918 1252
919 1845
919 2049
919 1653
920 2352
920 2593
920 1626
920 1058
920 1771
924 1531
926 2352
926 1895
927 1587
928 1845
928 2338
930 2049
931 1845
931 1104
931 1060
931 2238
931 2207
932 2204
932 1283
939 2915
939 1359
940 2352
941 2903
941 1076
941 1430
943 1673
944 2915
945 1845
945 1007
946 1845
947 2140
948 1069
949 1594
950 2175
950 2174
951 2915
951 1196
952 1952
953 1659
953 1446
954 2252
956 1550
956 1953
957 1845
958 1845
959 1257
961 2760
962 1845
962 2915
962 2049
962 2279
962 1541
962 2336
962 2172
962 2203
962 2222
962 1371
962 2468
962 1914
962 1356
964 1845
964 1165
965 2049
965 2373
965 1878
966 2126
967 2629
970 2049
970 2074
970 2397
970 1836
970 2484
971 2352
971 2573
973 1845
973 2915
973 2049
973 2204
973 2760
973 2883
973 2914
973 2447
973 2494
973 2978
974 1104
974 1060
975 1004
976 2915
976 2049
976 2484
977 1873
979 1239
979 2249
980 2282
983 2352
984 1188
985 2915
985 1442
987 2915
988 2915
989 1845
990 1239
990 2760
991 1620
991 1327
992 2488
993 2049
994 2023
994 2993
995 2283
995 2131
996 1745
997 2883
997 1263
1000 1982
1000 2363
1001 1845
1001 2573
1001 1442
1001 1119
1001 2355
1001 2586
1002 2216
1002 2678
1004 1481
1006 1845
1006 2161
1006 1444
1007 2915
1007 2353
1007 1475
1008 2411
1009 2270
1009 2545
1010 2915
1011 2352
1011 1131
1012 2049
1012 1239
1013 2915
1013 2049
1013 1956
1013 2376
1013 2365
1013 2793
1013 2536
1013 2973
1013 1417
1013 2022
1013 1214
1014 1845
1014 2915
1014 2049
1014 2279
1014 1618
1014 2862
1014 1870
1014 2327
1014 1897
1014 2414
1014 1166
1015 2818
1016 1766
1019 2660
1019 2150
1021 2376
1021 2751
1022 1845
1022 2915
1022 2279
1022 1895
1022 2172
1022 1965
1022 1639
1023 1672
1024 1329
1025 1239
1025 1439
1025 2705
1027 2079
1030 2049
1031 2279
1031 1148
1031 1997
1032 2709
1033 2915
1033 2279
1033 2818
1033 1534
1034 1239
1035 2376
1038 2915
1038 2049
1038 1624
1038 2040
1038 2050
1038 2712
1038 1679
1038 2305
1039 1845
1039 2915
1039 1104
1039 2976
1039 1048
1041 1845
1041 1635
1042 2352
1042 1997
1043 1845
1043 2573
1044 1845
1044 2049
1047 2270
1047 2793
1049 2139
1050 1845
1050 1634
1051 2321
1052 1845
1052 2927
1052 1394
1052 1329
1052 1362
1052 2951
1053 1301
1054 2279
1055 2915
1055 1640
1055 2321
1056 1845
1056 1956
1058 1442
1059 1439
1060 1845
1060 2915
1060 2049
1060 1239
1060 2279
1060 2376
1060 1104
1060 1640
1060 2357
1060 1922
1060 2269
1060 1381
1060 2702
1060 1838
1060 1212
1060 1821
1060 2020
1060 2562
1060 1139
1060 1586
1060 1890
1060 1946
1060 2030
1060 1914
1060 2019
1060 1206
1061 1355
1062 1847
1063 1845
1063 2049
1063 2829
1063 2818
1063 2342
1063 1376
1063 1620
1063 1995
1065 1845
1065 1514
1065 2683
1065 1941
1065 1505
1066 2869
1067 2915
1069 1845
1069 1131
1069 2577
1070 1845
1070 2915
1070 1239
1070 2279
1070 2161
1070 2546
1070 2624
1071 1845
1071 2915
1071 2376
1071 1943
1071 2444
1071 1254
1071 2400
1071 1229
1072 1845
1072 2654
1075 1845
1075 2915
1075 2049
1075 2352
1075 1330
1075 1954
1075 1910
1075 2196
1078 1093
1079 2401
1080 2929
1080 2349
1082 2457
1082 1828
1084 2049
1085 2955
1086 1653
1087 1405
1089 1910
1090 2628
1091 1845
1091 2279
1092 1371
1092 1592
1093 1845
1093 2915
1093 2049
1093 1239
1093 2352
1093 1956
1093 1439
1093 1640
1093 2161
1093 1943
1093 1514
1093 2216
1093 1233
1093 2593
1093 2914
1093 2841
1093 2269
1093 2291
1093 2172
1093 2987
1093 2316
1093 1941
1093 1265
1093 1472
1093 2866
1093 2660
1093 2418
1093 2387
1093 2020
1093 2984
1093 1722
1093 1791
1093 1928
1093 1416
1093 2746
1093 1718
1093 2798
1093 2992
1093 1244
1093 2176
1093 2797
1094 2435
1095 1845
1095 2279
1095 1956
1095 1624
1095 2055
1095 2290
1096 1845
1096 1618
1096 2204
1096 2760
1096 2309
1099 1845
1099 1104
1100 2049
1100 2464
1101 1714
1102 2915
1104 1845
1104 2915
1104 2049
1104 1239
1104 2352
1104 2279
1104 1714
1104 1956
1104 1618
1104 2161
1104 1868
1104 2039
1104 1766
1104 1251
1104 2611
1104 1626
1104 1243
1104 2777
1104 1998
1104 2660
1104 1872
1104 1376
1104 1854
1104 1984
1104 1114
1104 1600
1104 2053
1104 1527
1104 1308
1104 2504
1104 2653
1104 1380
1104 2385
1104 2739
1104 2592
1105 1673
1107 1922
1108 1845
1108 1922
1109 2312
1109 2245
1109 2276
1111 1845
1113 2049
1114 2278
1114 2691
1114 2838
1116 1239
1117 2351
1117 2266
1118 2204
1118 1312
1118 2002
1119 1845
1119 2352
1119 1954
1119 1984
1120 1618
1121 2802
1124 1845
1124 2659
1124 2312
1124 2762
1125 1277
1125 2321
1130 1833
1130 2457
1130 2066
1131 1845
1131 2915
1131 1439
1131 2204
1131 1251
1131 2777
1131 1992
1131 1476
1131 2398
1131 2810
1131 1247
1132 2659
1134 2357
1134 2261
1134 2713
1135 1845
1135 2049
1135 2196
1135 1259
1136 2357
1136 2079
1136 2841
1136 1243
1136 1882
1136 1228
1138 1845
1138 2915
1138 1239
1139 1154
1142 2091
1142 2629
1143 2915
1143 2896
1143 1811
1145 2091
1146 1201
1148 1845
1148 2915
1148 1824
1148 2041
1148 1524
1148 2797
1149 1633
1150 2915
1150 1239
1151 1264
1153 1845
1153 2365
1153 1251
1153 2593
1155 1239
1156 1239
1156 2270
1156 2589
1158 2609
1160 1845
1160 2070
1163 2466
1164 1845
1164 2915
1164 1239
1164 1204
1164 2934
1164 2782
1164 1650
1165 1845
1165 2915
1165 2049
1165 1239
1165 2204
1165 1653
1165 1847
1165 2567
1165 2039
1165 1766
1165 1941
1165 2694
1165 1505
1165 1872
1165 2940
1165 2751
1165 2120
1165 1862
1166 1439
1167 2049
1167 1980
1168 2927
1169 2915
1169 2049
1169 1439
1171 1224
1172 2038
1173 2049
1174 2049
1174 2658
1175 1845
1175 2915
1175 2279
1176 2456
1176 2083
1178 2414
1179 1239
1180 1847
1182 2883
1182 2014
1184 1956
1185 1845
1185 2915
1185 1301
1185 2411
1186 2351
1187 1845
1187 1439
1187 1301
1188 1845
1188 2049
1188 1640
1188 2837
1188 1954
1188 1611
1189 1845
1189 2569
1190 1845
1190 1442
1190 2447
1190 2806
1191 1824
1191 1509
1192 2049
1193 1845
1193 1439
1194 2915
1194 2049
1194 1364
1194 2624
1194 1385
1196 2488
1196 1414
1197 2660
1197 1886
1198 1561
1200 1845
1201 1845
1201 1439
1201 2213
1202 2915
1204 1845
1204 2915
1204 2049
1204 1239
1204 2352
1204 1714
1204 1640
1204 2794
1204 2883
1204 1673
1204 1251
1204 2291
1204 2630
1204 1646
1204 2840
1205 2352
1205 2612
1206 1514
1206 2144
1206 1438
1209 2049
1209 1224
1209 1397
1211 1618
1211 1635
1211 1739
1211 2387
1211 1665
1212 1845
1212 2915
1213 1845
1213 2292
1214 2915
1214 2049
1217 1845
1217 1956
1217 1635
1218 2756
1219 1845
1222 1845
1222 1714
1223 1845
1223 2279
1223 2204
1223 1766
1223 1985
1224 1845
1224 2915
1224 1239
1224 2279
1224 2204
1224 2039
1224 1926
1224 2674
1224 1632
1224 1806
1226 2279
1227 1243
1229 2843
1230 2049
1230 2664
1231 1845
1231 2915
1232 1845
1232 1239
1233 1845
1233 2915
1233 2049
1233 2352
1233 1251
1233 2074
1236 1845
1236 2411
1238 2628
1239 1845
1239 2915
1239 2049
1239 2352
1239 2279
1239 1714
1239 1956
1239 2376
1239 1618
1239 1439
1239 2204
1239 1640
1239 2573
1239 2357
1239 2161
1239 1943
1239 1442
1239 2338
1239 2175
1239 1364
1239 2829
1239 2079
1239 2927
1239 2365
1239 1731
1239 1277
1239 2760
1239 2617
1239 2794
1239 2567
1239 1514
1239 2128
1239 1330
1239 2883
1239 1766
1239 1673
1239 2709
1239 2283
1239 1251
1239 1982
1239 2593
1239 2286
1239 1333
1239 2914
1239 1922
1239 2269
1239 2172
1239 2659
1239 2301
1239 2316
1239 2275
1239 2670
1239 1358
1239 2896
1239 2955
1239 1941
1239 2973
1239 2610
1239 2777
1239 2700
1239 2837
1239 2202
1239 1392
1239 2660
1239 2622
1239 1672
1239 1381
1239 1871
1239 1833
1239 2451
1239 2436
1239 2890
1239 2334
1239 1581
1239 1396
1239 2702
1239 1923
1239 2069
1239 1405
1239 1257
1239 1710
1239 2233
1239 2526
1239 1271
1239 2589
1239 2245
1239 2012
1239 2257
1239 2599
1239 1823
1239 2020
1239 1614
1239 2982
1239 1844
1239 2448
1239 2616
1239 1817
1239 2868
1239 2231
1239 1617
1239 2327
1239 2624
1239 2571
1239 2960
1239 1925
1239 1260
1239 1593
1239 2765
1239 2923
1239 1840
1239 2920
1239 2978
1239 1659
1239 2813
1239 1368
1239 2867
1239 2954
1239 2452
1239 2856
1239 1734
1239 1531
1239 1889
1239 1724
1239 2196
1239 2437
1239 2455
1239 1970
1239 2277
1239 2470
1239 2184
1239 2590
1239 2433
1239 1768
1239 2330
1239 2678
1239 2994
1239 1499
1239 2369
1239 1877
1239 1921
1239 2100
1239 2887
1239 2501
1239 2888
1239 2627
1239 1615
1239 2892
1241 1845
1242 1277
1242 1837
1243 1845
1243 2049
1243 2352
1243 2204
1243 1506
1244 2818
1244 2134
1246 2915
1246 2049
1246 1795
1247 2915
1250 1845
1250 2915
1250 1618
1250 1614
1250 2496
1250 2768
1251 1845
1251 2915
1251 2709
1251 1614
1251 1258
1251 1519
1252 1845
1252 2915
1252 2794
1252 2402
1253 2915
1254 1740
1256 2915
1257 1470
1259 2245
1260 1845
1260 1943
1262 1847
1263 1845
1263 2630
1263 1417
1264 1845
1264 2915
1264 2279
1264 2175
1264 2351
1264 1394
1264 2074
1264 1608
1264 2438
1264 2674
1264 2278
1264 1790
1264 2248
1265 1845
1265 2321
1267 1845
1267 2915
1268 2049
1268 2144
1269 2204
1271 1845
1275 2338
1275 2777
1277 1845
1277 2915
1277 2049
1277 1618
1277 2079
1277 1847
1277 1868
1277 1895
1277 1294
1277 2987
1277 2113
1277 1492
1277 2741
1277 1440
1278 1845
1279 2279
1279 1982
1279 2806
1279 1599
1281 1439
1284 1784
1285 1636
1285 2916
1287 1845
1287 2125
1288 1688
1289 2877
1289 2043
1293 2914
1294 1845
1294 2915
1294 2049
1294 2357
1294 2493
1295 2357
1295 2748
1296 2880
1297 2196
1298 2351
1298 2995
1298 1726
1298 2563
1301 1845
1301 2049
1301 2376
1301 2777
1301 2934
1301 1558
1301 1534
1302 1654
1302 2723
1303 2049
1304 1714
1304 1618
1304 2338
1304 2617
1306 1845
1307 2915
1309 2915
1309 1714
1310 1635
1310 2818
1310 1915
1312 2915
1312 2352
1312 2357
1312 2365
1313 1845
1313 1653
1315 2915
1315 2049
1315 2175
1317 2066
1319 1618
1319 2600
1319 2647
1319 1619
1319 2993
1320 2802
1321 2573
1322 1439
1324 1640
1325 1845
1326 1662
1327 2049
1329 1900
1330 1845
1330 2915
1330 2049
1330 1714
1330 1618
1330 1442
1330 2491
1330 2448
1330 1477
1330 2520
1330 2243
1330 1544
1330 1960
1331 2692
1333 1845
1333 2049
1333 1608
1333 1405
1333 1866
1333 1658
1333 1667
1333 2740
1333 2873
1333 2886
1338 1845
1338 2049
1339 2915
1340 1381
1341 2275
1341 1942
1342 2915
1342 2128
1342 1382
1342 2486
1343 1439
1343 1917
1344 2998
1345 2683
1345 2206
1346 1818
1350 1845
1350 2915
1350 2049
1350 1956
1350 2357
1350 2829
1350 2079
1350 2612
1350 2268
1350 2691
1350 2135
1351 1922
1351 2461
1353 1714
1354 1845
1358 1845
1358 2279
1358 1956
1358 1948
1360 1845
1361 1895
1364 1845
1364 2915
1364 2049
1364 2352
1364 2279
1364 1714
1364 1618
1364 1640
1364 2175
1364 2818
1364 2074
1364 2754
1364 2628
1364 2130
1364 2582
1364 2924
1364 2311
1365 2049
1365 2352
1365 2880
1366 1973
1368 1731
1370 1845
1370 2161
1370 2902
1370 1924
1371 1845
1371 2370
1371 1481
1372 1845
1372 2915
1372 1565
1374 2376
1376 2175
1376 2567
1379 2279
1379 2353
1381 2049
1381 2172
1381 1408
1382 2352
1382 2155
1383 2049
1383 1980
1385 2915
1386 1845
1390 1845
1390 1821
1392 1845
1392 2203
1392 2036
1392 2197
1392 2384
1393 1845
1393 2049
1393 2279
1393 1714
1393 2793
1393 2515
1394 1845
1394 2049
1394 2352
1394 2279
1394 1928
1394 1761
1395 2915
1395 2161
1396 1845
1396 1956
1396 2612
1396 1408
1396 1788
1396 2399
1396 1585
1397 1845
1398 1956
1402 2204
1403 1739
1403 1751
1405 1845
1405 2049
1405 1442
1405 2175
1408 1626
1408 2674
1409 1845
1409 2598
1410 2049
1410 2612
1411 2049
1412 2915
1414 2915
1414 2573
1417 2589
1417 1750
1418 2987
1419 2915
1420 1845
1421 2049
1421 2239
1423 1816
1423 1830
1424 1845
1424 2352
1424 2195
1427 1956
1427 2376
1427 2958
1429 2915
1432 1845
1432 2374
1434 1956
1434 2760
1435 2526
1437 2241
1438 2915
1439 1845
1439 2915
1439 2049
1439 2352
1439 2279
1439 1714
1439 1956
1439 2376
1439 1618
1439 1640
1439 1653
1439 2927
1439 2760
1439 2039
1439 1739
1439 2841
1439 2091
1439 1770
1439 2995
1439 1871
1439 1625
1439 2934
1439 2441
1439 2159
1439 1470
1439 2377
1439 2880
1439 2952
1439 1774
1439 2999
1439 2121
1439 2907
1439 2720
1439 2400
1439 1496
1439 2547
1439 2378
1439 2663
1439 2530
1439 2718
1439 2822
1439 1537
1440 2915
1442 1845
1442 2915
1442 2049
1442 2279
1442 1618
1442 1731
1442 2567
1442 2557
1442 2347
1442 2832
1442 2968
1442 1471
1442 2327
1442 2897
1442 2500
1442 2810
1442 2721
1442 1935
1442 2609
1442 1862
1442 2655
1443 2862
1443 1875
1443 1500
1443 1695
1443 2071
1444 1845
1444 1956
1444 2557
1446 1845
1447 2915
1447 1640
1449 2026
1450 2915
1450 2147
1452 2585
1453 2612
1453 1728
1455 1845
1455 2915
1455 2049
1455 1956
1455 2376
1455 1618
1455 1635
1455 2268
1455 2478
1456 1845
1456 2010
1457 2357
1459 2861
1460 1769
1460 2652
1461 1635
1463 1845
1463 2915
1463 2049
1463 2352
1463 1618
1463 1847
1463 2699
1465 2829
1466 2283
1466 1872
1469 2204
1470 1845
1470 2927
1470 1673
1471 1998
1471 2906
1471 2480
1472 1845
1472 2915
1472 2049
1472 2430
1472 1903
1472 2384
1474 2573
1474 1514
1474 1713
1475 2049
1476 1714
1476 2175
1476 1847
1476 1608
1476 2417
1477 1845
1479 2915
1480 1845
1480 1956
1480 2818
1480 2050
1483 1956
1483 2205
1485 1827
1486 1982
1486 1505
1488 1915
1488 2331
1489 1845
1491 1845
1491 2761
1492 1845
1493 1845
1493 1626
1494 2706
1494 2807
1496 2279
1497 1845
1497 2392
1498 2279
1499 2043
1500 2491
1501 2915
1502 2706
1502 2909
1503 1710
1505 1618
1505 2173
1505 2377
1505 2500
1505 2879
1506 1705
1506 1745
1507 1980
1507 1549
1508 1577
1511 2758
1512 2038
1514 1845
1514 2915
1514 2049
1514 1618
1514 1915
1514 2754
1514 1931
1514 1989
1514 1808
1514 2033
1514 2200
1516 1845
1516 1638
1516 2783
1517 2204
1520 2296
1521 1845
1521 2049
1521 1813
1522 1845
1522 2915
1525 2352
1526 1956
1526 2609
1527 2829
1528 2280
1529 2578
1532 1751
1533 2915
1533 1641
1534 1845
1534 2242
1537 1631
1538 1578
1538 1861
1539 1845
1540 2365
1540 2728
1540 2924
1540 1644
1541 1845
1541 2915
1541 2049
1541 2279
1541 1640
1541 2927
1541 2738
1541 2388
1541 1964
1542 1845
1542 2883
1542 1995
1542 2727
1543 1971
1544 2376
1545 2915
1546 2049
1547 2915
1547 2821
1549 2502
1550 1845
1550 2352
1550 2221
1552 2175
1553 1672
1554 1634
1555 2971
1556 1941
1557 1845
1557 2279
1557 2683
1558 1845
1558 2049
1558 2567
1560 1845
1563 2139
1564 1845
1564 2549
1565 1640
1566 2753
1567 2699
1570 1845
1570 2352
1575 2073
1577 1845
1578 2128
1578 2367
1579 2101
1579 2665
1581 1845
1581 2351
1581 2591
1581 2675
1582 2915
1583 2049
1585 1845
1585 2915
1586 1845
1586 2915
1587 2049
1587 2357
1589 2049
1589 1714
1589 2203
1591 2915
1592 2383
1593 1845
1596 1766
1596 2843
1597 1845
1600 1845
1602 2049
1602 2934
1603 2321
1604 1618
1604 2026
1606 2357
1607 1845
1608 1845
1608 2279
1609 2049
1609 2706
1610 1710
1611 2279
1612 2491
1614 2291
1614 2678
1616 1845
1616 2915
1617 2709
1617 2576
1618 1845
1618 2915
1618 2049
1618 2352
1618 2279
1618 1714
1618 1956
1618 2376
1618 2357
1618 2883
1618 1766
1618 2683
1618 2659
1618 2848
1618 1833
1618 2929
1618 1973
1618 2491
1618 1944
1618 2966
1618 2785
1618 1722
1618 2180
1618 1910
1618 2392
1618 1849
1618 1957
1618 2029
1618 2909
1618 2716
1618 1959
1618 2667
1618 1913
1618 2476
1620 1845
1620 2915
1620 2430
1621 2573
1623 2306
1624 1845
1624 2915
1624 2049
1624 2352
1624 2279
1624 2447
1624 2737
1624 2126
1624 2509
1625 1845
1625 2352
1625 1956
1625 2692
1625 2978
1626 1845
1626 2915
1626 2279
1626 2927
1626 2940
1626 2327
1626 2540
1626 2409
1628 2915
1628 2479
1629 2084
1631 2175
1632 2049
1632 2373
1634 1845
1634 2915
1634 2049
1634 2357
1634 1895
1634 2091
1634 1873
1634 2830
1634 2434
1634 2320
1635 1845
1635 2915
1635 2049
1635 2352
1635 1956
1635 2376
1635 1640
1635 1943
1635 1731
1635 1739
1635 2144
1635 2224
1635 2259
1635 2999
1635 2410
1635 2620
1635 2693
1638 1868
1639 1845
1640 1845
1640 2915
1640 2049
1640 2279
1640 1956
1640 2573
1640 2683
1640 1824
1640 2269
1640 2987
1640 2670
1640 2973
1640 2785
1640 2313
1640 2019
1641 2915
1647 2939
1649 2915
1649 1926
1650 1845
1651 2837
1653 1845
1653 2915
1653 2049
1653 2279
1653 1956
1653 2829
1653 1868
1653 2349
1653 2278
1653 1740
1653 1980
1653 1836
1653 2571
1653 1749
1653 2304
1654 1956
1654 2724
1656 2617
1658 2352
1658 2857
1662 1854
1665 2650
1667 2915
1667 1727
1672 2915
1672 2049
1672 2352
1672 2927
1672 2158
1672 2671
1673 1845
1673 2915
1673 2049
1673 2204
1673 2573
1673 2567
1673 1788
1673 2339
1673 2594
1673 2653
1673 2348
1675 1845
1675 2573
1675 2832
1675 2246
1675 2757
1677 2641
1678 2915
1679 1714
1681 2376
1681 1854
1682 2279
1683 1695
1684 1956
1687 2915
1688 2915
1689 2240
1689 1880
1690 2456
1691 1893
1693 2352
1693 2283
1693 2536
1693 2387
1694 2915
1694 1956
1695 1845
1697 1845
1699 1845
1702 2705
1704 2460
1705 2091
1706 1806
1707 1845
1707 1714
1707 2338
1707 2128
1707 1988
1707 1779
1709 1845
1710 2035
1711 1758
1712 2915
1712 1984
1713 2567
1714 1845
1714 2915
1714 2049
1714 2352
1714 2279
1714 1956
1714 2376
1714 2204
1714 2573
1714 2161
1714 1943
1714 2338
1714 2079
1714 2927
1714 1731
1714 1847
1714 2216
1714 2270
1714 2269
1714 2612
1714 2692
1714 2144
1714 2275
1714 2955
1714 1941
1714 2465
1714 1953
1714 2210
1714 2339
1714 2435
1714 1931
1714 2130
1714 2417
1714 2225
1714 2601
1714 1796
1714 2606
1714 2003
1714 2764
1714 2767
1714 1767
1714 2598
1714 1831
1714 2482
1714 2518
1714 2109
1719 2915
1720 2983
1721 2049
1722 2049
1722 2681
1724 1845
1725 2262
1726 2915
1726 2039
1726 2055
1728 1845
1728 2321
1731 1845
1731 2915
1731 2049
1731 2352
1731 2357
1731 1943
1731 1868
1731 2883
1731 1824
1731 2628
1731 2438
1731 2866
1731 1778
1732 2357
1732 2944
1735 2043
1737 1895
1738 1845
1739 1845
1739 2915
1739 2049
1739 2352
1739 2204
1739 2435
1739 2925
1739 2364
1740 2915
1740 2847
1742 1845
1742 2906
1747 1845
1748 1845
1748 2163
1750 2216
1752 2829
1752 2492
1753 2464
1754 2034
1755 2301
1757 2915
1760 1845
1763 1845
1763 2915
1766 1845
1766 2915
1766 2049
1766 2376
1766 2760
1766 1895
1766 1982
1766 2351
1766 2401
1766 1870
1766 2580
1766 2393
1767 2161
1768 1845
1769 1845
1769 2915
1769 2573
1769 2567
1769 1973
1769 2341
1769 2193
1770 1845
1770 2915
1773 1956
1774 2528
1774 1891
1775 1845
1776 2352
1776 2883
1776 2737
1777 2175
1777 2927
1777 2227
1778 2915
1779 2204
1780 2049
1781 2709
1782 2352
1782 2715
1782 2436
1782 2934
1782 2624
1782 2564
1783 2376
1784 2571
1785 1845
1787 2915
1788 2205
1790 2536
1790 2488
1791 2438
1791 2427
1792 1845
1792 2352
1792 2893
1793 2049
1795 1845
1795 2643
1798 1982
1800 1845
1800 2279
1800 1983
1801 2049
1801 2338
1802 2041
1803 2239
1803 2657
1804 2049
1804 1956
1805 1845
1805 2049
1805 2342
1806 2310
1807 2915
1807 1922
1808 1845
1809 2161
1809 2699
1809 2131
1809 1976
1811 1845
1813 1845
1813 2184
1814 2964
1814 2017
1816 1845
1819 2204
1819 2927
1822 1845
1822 2049
1823 2915
1823 2236
1824 1845
1824 2611
1824 2533
1826 1845
1827 2883
1827 2222
1827 2712
1828 2091
1829 2049
1829 2352
1829 2270
1831 2573
1833 1845
1834 1845
1834 2338
1836 1845
1837 2567
1838 2376
1838 2204
1838 2699
1839 2049
1839 2829
1840 1845
1841 2896
1843 2079
1843 2567
1843 2692
1844 2890
1845 2915
1845 2049
1845 2352
1845 2279
1845 1956
1845 2376
1845 2204
1845 2573
1845 2357
1845 2161
1845 1943
1845 2338
1845 2175
1845 2829
1845 2079
1845 2927
1845 2365
1845 1847
1845 2760
1845 2617
1845 2794
1845 2567
1845 1868
1845 2321
1845 1895
1845 2128
1845 2216
1845 2039
1845 2818
1845 2883
1845 2709
1845 2283
1845 1982
1845 2593
1845 2351
1845 2611
1845 2683
1845 2286
1845 2914
1845 2270
1845 2336
1845 2841
1845 2091
1845 2862
1845 2699
1845 1922
1845 2269
1845 2291
1845 2172
1845 1926
1845 2659
1845 2612
1845 2692
1845 2793
1845 2411
1845 2074
1845 2301
1845 1915
1845 2600
1845 2754
1845 2040
1845 2144
1845 2062
1845 2536
1845 2987
1845 2316
1845 2995
1845 2670
1845 2546
1845 2533
1845 2955
1845 1941
1845 2203
1845 2036
1845 2456
1845 2973
1845 2557
1845 2610
1845 1998
1845 2447
1845 2700
1845 2837
1845 2444
1845 2438
1845 2202
1845 1997
1845 2866
1845 1942
1845 2694
1845 2550
1845 2010
1845 2163
1845 2459
1845 2479
1845 2064
1845 2902
1845 1871
1845 2848
1845 2630
1845 1973
1845 2832
1845 2451
1845 2334
1845 2342
1845 2491
1845 2054
1845 2137
1845 2576
1845 2158
1845 2312
1845 2106
1845 1892
1845 2526
1845 2559
1845 2751
1845 2078
1845 2968
1845 1854
1845 2197
1845 2050
1845 1954
1845 2012
1845 1924
1845 2599
1845 1984
1845 2691
1845 2148
1845 2101
1845 2113
1845 2719
1845 1896
1845 2468
1845 2105
1845 2687
1845 2239
1845 2295
1845 2650
1845 2008
1845 2492
1845 2048
1845 2958
1845 2556
1845 2377
1845 2066
1845 2346
1845 2063
1845 2339
1845 1993
1845 2685
1845 2776
1845 2616
1845 2528
1845 1983
1845 2868
1845 2331
1845 2417
1845 2034
1845 1979
1845 2891
1845 2517
1845 2215
1845 2654
1845 2824
1845 1927
1845 2807
1845 2998
1845 2637
1845 2939
1845 2398
1845 2999
1845 2826
1845 2121
1845 2353
1845 2724
1845 2921
1845 2494
1845 2568
1845 1995
1845 2329
1845 2299
1845 2394
1845 2870
1845 2909
1845 1852
1845 2916
1845 2294
1845 2223
1845 2919
1845 2453
1845 2389
1845 2531
1845 2813
1845 2111
1845 1901
1845 2937
1845 2371
1845 2507
1845 2543
1845 2308
1845 2645
1845 1967
1845 2068
1845 2815
1845 2213
1845 2274
1845 2675
1845 2084
1845 2509
1845 1905
1845 2522
1845 2455
1845 2759
1845 2744
1845 2322
1845 2139
1845 2665
1845 2206
1845 2662
1845 2944
1845 1864
1845 2875
1845 2991
1845 2017
1845 2450
1845 2434
1845 2045
1845 2988
1845 2946
1845 2713
1845 2366
1845 2661
1845 2264
1845 2009
1845 2784
1845 2887
1845 2212
1845 2320
1845 2820
1845 2512
1845 2262
1845 2319
1845 2273
1845 1900
1845 2515
1845 2011
1845 1898
1845 2511
1845 2881
1845 2388
1845 2822
1845 2842
1845 1861
1845 2359
1845 1962
1845 2640
1845 2788
1845 2563
1845 2901
1845 2752
1845 2569
1847 2915
1847 1956
1847 2376
1847 2715
1847 2738
1847 2078
1847 1999
1847 2241
1848 2915
1848 1922
1849 2597
1850 2927
1851 2915
1851 2351
1851 2777
1855 2175
1855 2039
1857 2915
1865 2215
1866 2920
1867 2600
1868 2915
1868 1943
1868 2479
1868 2397
1868 2469
1868 2383
1869 2843
1870 2376
1870 2699
1871 2606
1871 2904
1871 2678
1872 2915
1872 2049
1873 2567
1873 2896
1873 2864
1874 2049
1875 2002
1880 2049
1883 2915
1883 2566
1885 2688
1887 2915
1887 2883
1887 2172
1887 2722
1891 2352
1892 2344
1893 2731
1895 2915
1895 2049
1895 2161
1895 2175
1895 2567
1895 2650
1895 2937
1895 2395
1897 2376
1898 2049
1905 2049
1905 2119
1906 2010
1907 2794
1908 2934
1908 2891
1910 2376
1912 1953
1914 1956
1915 2915
1915 2927
1915 2074
1915 2944
1915 1968
1917 2915
1917 1956
1919 2915
1919 2049
1919 2723
1920 2357
1921 2455
1922 2049
1922 2279
1922 1956
1922 1995
1922 2400
1923 2843
1926 2049
1926 2352
1926 2079
1926 2760
1926 2868
1926 2327
1927 2777
1930 2215
1932 2105
1934 1978
1935 2349
1936 2915
1938 1969
1940 1956
1941 2352
1941 2692
1941 2980
1942 2754
1942 2622
1943 2915
1943 2049
1943 2376
1943 2283
1943 1982
1943 2270
1943 2107
1943 2599
1943 2466
1943 1945
1944 2202
1948 2049
1948 2816
1948 2923
1953 2915
1954 2915
1954 2110
1956 2915
1956 2049
1956 2352
1956 2279
1956 2376
1956 2204
1956 2161
1956 2760
1956 2818
1956 2301
1956 2600
1956 2316
1956 2628
1956 2401
1956 2046
1956 2959
1956 2984
1956 2958
1956 2680
1956 2737
1956 2038
1956 2939
1956 2276
1956 2313
1956 2496
1956 2508
1956 2282
1956 2422
1956 2969
1956 2662
1956 2326
1956 2253
1956 2306
1956 2363
1956 2405
1956 2996
1956 2621
1956 2797
1956 2814
1958 2389
1963 2027
1964 2915
1964 2175
1966 2484
1967 2617
1969 2266
1972 2915
1973 2320
1974 2049
1975 2915
1975 2808
1976 2161
1976 2278
1978 2046
1979 2204
1979 2460
1980 2479
1981 2049
1982 2915
1982 2049
1982 2279
1982 2283
1982 2301
1982 2866
1982 2222
1982 2650
1982 2115
1983 2049
1983 2738
1984 2352
1984 2883
1984 2870
1986 2921
1989 2841
1990 2915
1992 2709
1993 2830
1995 2649
1996 2760
1997 2915
1997 2376
1998 2092
1998 2211
1998 2514
2000 2864
2002 2049
2002 2276
2003 2321
2004 2829
2006 2279
2008 2915
2008 2269
2009 2161
2010 2049
2010 2376
2010 2401
2014 2674
2014 2884
2014 2879
2016 2182
2017 2370
2018 2915
2021 2049
2022 2679
2025 2743
2026 2915
2026 2454
2028 2338
2030 2617
2031 2119
2034 2373
2034 2902
2036 2376
2036 2582
2036 2396
2036 2690
2036 2673
2038 2049
2038 2264
2039 2915
2039 2049
2039 2279
2039 2338
2039 2336
2039 2962
2039 2744
2040 2915
2040 2202
2041 2049
2045 2896
2046 2049
2048 2915
2049 2915
2049 2352
2049 2279
2049 2376
2049 2204
2049 2573
2049 2357
2049 2161
2049 2338
2049 2175
2049 2829
2049 2079
2049 2927
2049 2365
2049 2760
2049 2794
2049 2567
2049 2321
2049 2593
2049 2351
2049 2611
2049 2683
2049 2286
2049 2270
2049 2841
2049 2091
2049 2862
2049 2291
2049 2659
2049 2612
2049 2793
2049 2301
2049 2754
2049 2316
2049 2670
2049 2843
2049 2203
2049 2447
2049 2202
2049 2373
2049 2550
2049 2085
2049 2163
2049 2902
2049 2347
2049 2832
2049 2806
2049 2451
2049 2436
2049 2430
2049 2488
2049 2964
2049 2233
2049 2278
2049 2782
2049 2906
2049 2104
2049 2652
2049 2719
2049 2833
2049 2239
2049 2427
2049 2502
2049 2982
2049 2180
2049 2898
2049 2125
2049 2377
2049 2066
2049 2435
2049 2616
2049 2664
2049 2723
2049 2624
2049 2960
2049 2185
2049 2398
2049 2976
2049 2923
2049 2907
2049 2909
2049 2884
2049 2495
2049 2741
2049 2720
2049 2254
2049 2361
2049 2097
2049 2400
2049 2086
2049 2153
2049 2965
2049 2410
2049 2845
2049 2667
2049 2520
2049 2184
2049 2322
2049 2665
2049 2166
2049 2534
2049 2631
2049 2227
2049 2136
2049 2755
2049 2241
2049 2482
2049 2464
2049 2888
2049 2388
2049 2941
2049 2758
2049 2861
2050 2915
2050 2754
2050 2929
2053 2915
2053 2161
2054 2370
2054 2130
2055 2347
2055 2971
2057 2915
2057 2867
2059 2417
2060 2934
2062 2175
2062 2436
2062 2780
2062 2921
2064 2883
2066 2456
2069 2352
2069 2928
2074 2915
2074 2352
2074 2270
2074 2848
2074 2266
2074 2410
2075 2961
2079 2915
2079 2352
2079 2279
2079 2376
2079 2794
2079 2270
2079 2144
2079 2163
2079 2137
2079 2432
2079 2096
2079 2483
2079 2716
2079 2735
2083 2709
2084 2091
2084 2197
2084 2464
2085 2915
2085 2352
2087 2726
2088 2144
2091 2915
2091 2204
2091 2818
2091 2144
2091 2268
2092 2204
2092 2573
2093 2352
2093 2204
2093 2644
2095 2915
2096 2818
2096 2699
2097 2988
2101 2275
2102 2646
2104 2352
2104 2338
2106 2279
2106 2301
2107 2993
2108 2365
2113 2818
2113 2953
2125 2964
2126 2216
2126 2285
2128 2915
2128 2279
2128 2357
2132 2354
2137 2925
2142 2617
2143 2279
2144 2915
2147 2915
2148 2915
2148 2436
2149 2955
2150 2557
2154 2352
2156 2419
2157 2161
2159 2659
2161 2915
2161 2352
2161 2279
2161 2927
2161 2216
2161 2557
2161 2674
2161 2278
2161 2776
2161 2749
2162 2915
2162 2771
2163 2915
2163 2204
2165 2204
2165 2683
2166 2915
2166 2610
2166 2749
2169 2475
2170 2610
2170 2292
2172 2915
2172 2352
2172 2357
2172 2275
2172 2670
2174 2915
2175 2915
2175 2352
2175 2279
2175 2376
2175 2204
2175 2430
2175 2763
2175 2494
2175 2969
2175 2750
2175 2718
2177 2376
2179 2188
2180 2352
2180 2204
2182 2915
2182 2352
2183 2915
2183 2573
2185 2915
2186 2915
2189 2751
2190 2958
2195 2376
2195 2216
2195 2818
2197 2352
2202 2915
2202 2357
2202 2840
2203 2352
2203 2244
2203 2693
2203 2963
2204 2915
2204 2279
2204 2573
2204 2357
2204 2338
2204 2829
2204 2927
2204 2914
2204 2628
2204 2833
2204 2685
2204 2374
2204 2276
2204 2810
2204 2520
2207 2411
2207 2373
2208 2915
2212 2915
2212 2685
2213 2279
2213 2430
2214 2915
2216 2915
2216 2573
2216 2687
2216 2239
2216 2389
2216 2967
2224 2438
2224 2674
2225 2841
2225 2528
2227 2915
2228 2714
2229 2915
2232 2915
2233 2357
2234 2279
2236 2617
2238 2533
2239 2787
2240 2915
2243 2468
2243 2494
2243 2783
2245 2357
2246 2712
2250 2700
2252 2632
2255 2352
2256 2695
2257 2935
2266 2418
2266 2969
2268 2326
2269 2915
2269 2557
2269 2664
2269 2361
2270 2915
2273 2915
2275 2837
2275 2540
2276 2867
2279 2915
2279 2352
2279 2376
2279 2573
2279 2357
2279 2760
2279 2617
2279 2567
2279 2883
2279 2709
2279 2862
2279 2754
2279 2536
2279 2444
2279 2418
2279 2652
2279 2776
2279 2930
2279 2869
2279 2423
2279 2290
2279 2371
2279 2858
2279 2310
2279 2681
2279 2840
2279 2487
2279 2642
2280 2567
2283 2915
2286 2915
2286 2352
2286 2376
2286 2617
2286 2883
2286 2955
2286 2585
2286 2577
2286 2661
2287 2818
2291 2915
2293 2915
2297 2321
2299 2734
2301 2915
2307 2915
2307 2352
2310 2336
2316 2365
2316 2462
2321 2915
2321 2460
2321 2443
2321 2778
2329 2915
2329 2858
2329 2421
2332 2915
2332 2472
2332 2713
2333 2915
2333 2352
2334 2915
2334 2832
2336 2915
2336 2617
2336 2914
2338 2915
2338 2352
2338 2818
2338 2611
2338 2793
2338 2973
2338 2370
2338 2780
2338 2506
2338 2918
2344 2417
2346 2915
2346 2761
2349 2352
2349 2670
2350 2488
2351 2915
2351 2815
2352 2915
2352 2376
2352 2573
2352 2927
2352 2794
2352 2883
2352 2914
2352 2841
2352 2659
2352 2600
2352 2754
2352 2447
2352 2929
2352 2726
2352 2500
2352 2415
2352 2603
2352 2867
2352 2742
2352 2629
2352 2366
2352 2356
2352 2803
2355 2915
2355 2777
2357 2915
2357 2376
2357 2573
2357 2829
2357 2617
2357 2533
2357 2929
2357 2591
2360 2557
2361 2376
2361 2787
2364 2573
2365 2915
2365 2829
2365 2760
2365 2567
2365 2611
2365 2432
2365 2564
2368 2915
2376 2915
2376 2573
2376 2914
2376 2841
2376 2536
2376 2843
2376 2777
2376 2902
2376 2832
2376 2491
2376 2591
2376 2826
2376 2453
2376 2583
2376 2470
2376 2681
2377 2906
2379 2572
2381 2987
2382 2915
2383 2737
2386 2915
2392 2915
2395 2611
2400 2751
2411 2915
2411 2841
2411 2969
2412 2915
2419 2760
2420 2527
2427 2567
2427 2683
2427 2432
2428 2831
2430 2915
2430 2573
2430 2714
2433 2857
2437 2573
2438 2806
2440 2818
2441 2915
2443 2987
2446 2915
2447 2871
2450 2749
2451 2915
2452 2746
2455 2842
2456 2927
2456 2683
2456 2753
2457 2915
2459 2915
2461 2472
2464 2708
2466 2915
2466 2818
2468 2915
2469 2634
2472 2915
2472 2641
2473 2611
2478 2883
2479 2777
2480 2915
2480 2713
2483 2915
2487 2567
2488 2868
2492 2946
2499 2959
2500 2921
2502 2920
2506 2915
2516 2599
2517 2567
2518 2915
2526 2628
2533 2927
2534 2915
2541 2829
2546 2915
2546 2896
2550 2915
2551 2824
2556 2964
2557 2915
2557 2969
2562 2964
2562 2707
2563 2915
2564 2656
2567 2915
2567 2927
2567 2699
2567 2610
2570 2573
2571 2915
2573 2915
2573 2841
2573 2628
2573 2691
2573 2727
2573 2596
2574 2915
2574 2834
2576 2915
2589 2927
2593 2915
2593 2883
2593 2709
2593 2914
2593 2868
2594 2915
2595 2719
2600 2915
2600 2699
2600 2909
2606 2915
2610 2915
2610 2862
2610 2804
2611 2915
2612 2915
2616 2915
2617 2915
2617 2834
2617 2815
2622 2915
2628 2915
2632 2915
2632 2715
2634 2915
2637 2927
2645 2915
2652 2674
2656 2785
2659 2780
2660 2753
2664 2915
2666 2830
2669 2915
2670 2915
2670 2973
2671 2915
2682 2699
2682 2918
2683 2824
2683 2884
2683 2745
2687 2915
2688 2915
2692 2753
2693 2915
2694 2915
2699 2915
2699 2966
2700 2915
2700 2709
2709 2915
2709 2968
2709 2759
2716 2915
2724 2915
2730 2983
2736 2792
2737 2752
2738 2934
2743 2862
2751 2915
2754 2777
2760 2915
2760 2957
2760 2912
2777 2915
2780 2915
2780 2845
2783 2853
2785 2915
2793 2927
2793 2916
2794 2915
2794 2809
2799 2915
2799 2818
2801 2915
2803 2927
2809 2915
2813 2893
2818 2915
2829 2915
2829 2930
2829 2983
2829 2979
2829 2913
2831 2915
2837 2995
2837 2880
2839 2915
2841 2915
2842 2848
2843 2915
2848 2915
2853 2915
2856 2973
2862 2915
2872 2915
2875 2968
2879 2915
2880 2915
2883 2915
2883 2940
2883 2971
2884 2958
2890 2915
2890 2951
2902 2915
2902 2976
2908 2915
2914 2915
2915 2927
2915 2987
2915 2940
2915 2982
2915 2952
2915 2948
2915 2921
2915 2954
2915 2962
2915 2949
2915 2946
2915 2950
2927 2991
