3000 2251
1 528
1 682
1 216
3 1009
3 2294
3 1462
3 2011
4 2596
4 2494
5 2486
5 2980
6 1799
7 1241
7 2462
8 180
10 2915
10 2917
10 2147
10 2744
10 2512
11 313
13 733
13 1934
15 583
15 1277
15 1202
16 2081
17 2062
18 2927
18 531
19 783
19 2170
21 1197
23 2691
23 1574
23 2663
23 318
24 1533
24 1124
27 327
27 978
28 2981
29 2433
29 401
29 2774
29 2651
29 1693
29 1614
29 1227
29 1878
29 2207
30 2904
31 1650
31 1814
31 1682
31 2044
31 410
31 1108
31 766
31 2323
32 804
32 1012
33 2433
33 538
34 401
35 1533
35 2159
37 1922
40 2607
40 647
41 799
43 106
45 2758
45 549
45 2194
46 808
47 2169
48 159
49 529
49 754
50 1185
50 626
50 193
53 2169
53 726
53 1953
54 616
55 929
56 358
56 2017
57 1412
57 2271
58 2204
58 104
58 1236
58 841
60 120
60 483
60 185
60 729
61 1232
62 2020
62 1536
62 2462
62 2281
62 501
63 1370
64 2835
65 2806
65 1727
65 2825
67 2316
67 301
67 2617
67 246
68 385
69 557
73 805
73 2094
74 2208
76 183
77 451
77 940
77 2994
78 1784
79 1088
79 2903
80 943
81 2450
81 2327
81 1586
81 82
83 2287
83 2302
83 2794
85 400
85 1691
85 2566
86 1130
87 584
87 294
88 1812
89 2065
89 2712
90 2587
91 1799
91 1768
91 2261
92 2997
92 852
93 2525
93 514
94 708
94 1002
95 2244
95 1994
95 1414
95 2627
98 2705
99 756
99 2387
99 2671
99 1943
99 484
100 2169
100 883
100 2381
103 350
103 2748
104 1364
104 1720
105 1633
106 1472
107 304
108 350
109 242
109 2709
109 1508
109 2652
109 592
110 842
110 1038
111 1882
112 2908
113 2213
113 2397
113 2494
114 520
114 1881
115 1699
115 2204
116 792
119 2783
120 1186
120 356
120 1221
121 2816
123 881
123 2550
124 517
124 1015
125 892
127 2347
127 1075
128 215
129 1573
130 263
132 1643
133 2244
133 2714
134 2061
134 2799
135 706
135 1928
136 2169
137 2885
140 2169
140 1484
140 881
140 1677
140 2510
141 1696
141 2389
141 2032
141 2567
142 2182
143 2891
144 2273
145 1141
145 910
145 2072
145 1491
146 901
146 2410
147 2655
149 1820
150 2875
151 752
152 482
153 2090
154 369
154 620
154 771
154 2364
155 1241
155 472
156 318
157 1070
158 2692
158 2261
158 1029
159 466
159 755
159 688
160 761
160 389
162 400
163 2600
163 1146
165 1674
165 1790
165 2548
165 2727
167 1016
167 2960
168 2818
170 2158
174 666
174 593
174 1729
175 2776
175 2649
175 1499
175 815
175 1106
175 473
176 1454
176 201
176 2522
177 2488
177 244
177 1679
178 1182
180 332
181 1185
184 1434
184 965
184 2509
185 1488
186 671
188 1072
190 1088
190 1892
191 2793
191 923
191 1617
192 696
192 1885
192 1095
193 2552
193 1407
194 1343
194 683
194 2541
194 1759
194 1131
195 1005
196 481
197 1363
197 540
199 992
200 1083
201 1024
202 766
204 503
206 450
206 465
207 889
207 2944
207 864
208 1592
208 1269
209 2208
209 2359
210 1171
210 521
210 2197
211 910
211 1168
211 1477
211 1517
213 2597
215 1488
215 662
215 2516
216 2330
217 2781
217 2274
218 725
220 1583
220 1261
226 2392
226 2696
226 827
226 942
226 2575
227 1851
227 1112
227 268
228 1116
228 1569
229 916
230 1348
231 2981
231 2362
233 587
233 376
234 2990
234 568
236 2169
236 2137
236 1939
237 2229
238 1020
238 1686
239 2853
241 888
242 2688
242 626
243 1392
244 1633
244 963
244 368
245 1096
246 1945
247 559
249 2020
249 313
249 1573
249 2884
251 2953
251 2068
251 2289
251 312
252 1454
252 1855
254 891
254 2112
255 2881
255 1162
258 490
258 397
259 2866
259 2643
259 2737
259 2031
259 978
260 2671
260 2356
260 1024
260 1873
262 2537
267 524
267 2624
268 2584
268 397
270 1573
271 2953
273 1812
273 1101
273 1341
274 2759
274 438
275 847
277 2974
277 2843
277 324
278 1113
279 2433
279 2609
280 2863
283 2507
283 1168
283 975
284 419
284 307
284 780
285 1528
287 2997
287 1544
288 2978
288 2002
290 2992
290 425
291 1020
291 1167
292 1771
293 1373
293 2047
294 2934
294 792
295 2093
297 462
300 1422
301 1931
302 2565
302 1849
303 543
305 2477
306 2401
307 676
307 1500
308 1022
308 1526
308 650
309 1949
311 2622
311 477
312 2031
313 2042
313 1813
313 827
313 1454
313 822
313 2373
313 1166
313 2027
314 1488
315 2392
317 1499
317 1113
317 2675
317 2434
321 2978
321 2343
322 1636
327 2050
328 1070
329 506
330 2842
331 1588
331 2670
332 2048
333 2599
334 2945
334 636
334 402
334 1948
335 421
335 684
337 1868
339 2397
340 1730
340 2436
341 1516
341 1681
341 1025
341 2772
342 2275
342 1126
343 1965
344 1099
345 2312
345 1919
345 2544
346 631
346 1435
347 2613
347 2596
348 1799
348 1068
348 788
349 963
350 2974
350 1040
351 846
353 481
353 735
353 1480
354 2343
357 441
357 2009
357 1221
358 1755
358 2418
359 1628
360 1008
361 2815
362 843
362 2885
363 1185
363 1066
365 2482
367 2326
368 1538
370 1055
373 2623
373 1097
373 775
374 1381
375 2917
376 760
377 912
377 2173
377 726
377 2557
378 2091
379 400
379 1920
380 2853
382 1640
382 612
386 657
387 1227
388 2927
390 2477
391 481
391 1623
392 1335
393 2897
394 1159
396 784
399 2939
399 614
399 2404
399 753
399 1842
399 1849
400 481
400 1241
400 2741
400 1699
400 1144
400 455
400 2065
400 2543
400 629
400 2435
400 1104
400 1124
400 949
400 582
400 717
400 1324
400 989
400 908
400 1555
400 1064
401 2735
402 1479
404 1818
404 893
404 2255
405 1580
408 1241
410 2579
412 567
412 2057
413 1549
414 1516
414 1100
414 1321
414 2554
414 2196
415 1020
415 2480
415 1275
416 1814
416 2973
416 1405
417 2084
418 2559
418 1764
418 2418
419 2805
419 2388
419 954
419 2690
419 2972
419 1542
419 1571
421 958
421 551
421 2327
421 2426
422 1699
422 1386
425 2802
425 508
425 2147
425 840
426 2441
427 2367
427 2736
428 1375
429 1302
430 2084
430 2204
430 1682
430 504
431 736
431 581
431 802
432 1286
432 2148
433 481
433 1041
433 1541
433 2755
433 2148
433 2794
433 880
434 1925
434 2129
435 1999
435 1959
435 1785
436 1321
437 555
437 2962
438 2692
438 2116
438 786
440 1009
440 2760
441 2688
441 752
443 875
445 1547
446 2815
446 916
447 2018
448 1762
450 1690
450 937
451 2240
451 2728
452 2356
452 1983
452 2222
452 1765
453 1657
454 696
454 1667
455 1962
455 2453
457 1004
458 525
460 2231
461 2925
462 1020
462 1877
464 2409
465 2068
467 2513
469 1286
469 2162
470 1615
471 2335
472 2742
472 951
473 953
474 567
474 2717
474 1160
475 670
476 1420
477 2924
479 2786
481 1070
481 1053
481 905
481 752
481 1036
481 2521
481 1026
481 1025
481 1351
481 1806
481 2334
483 2796
484 569
484 783
489 1067
489 1760
489 1032
489 2106
490 2370
492 1730
494 2033
496 1080
497 2939
497 1628
498 1343
498 1657
499 2421
499 1572
500 2433
500 1526
500 2368
501 1318
506 532
506 2648
507 2503
508 1197
508 540
509 649
509 1024
510 1616
511 2248
511 1517
513 2590
513 974
516 620
516 2308
518 956
518 1496
520 2157
520 2855
521 1297
522 1048
523 2285
523 2794
524 1812
524 2553
526 1917
526 651
527 1142
528 2542
529 1586
530 1761
531 1992
531 2333
533 2696
533 2686
536 612
536 2860
537 1897
537 1540
538 1088
538 637
542 2485
543 2378
545 1437
545 1876
547 1362
548 1321
548 1709
548 1084
550 1813
550 2473
551 2915
551 1189
552 2759
552 2745
553 1669
553 2014
556 625
556 2325
557 2242
557 1232
559 2476
559 2713
559 2111
560 1172
564 860
565 2742
565 1813
565 1214
569 2576
569 2466
572 659
574 1667
576 744
577 2577
578 2166
578 887
579 2946
581 1527
583 860
583 1763
584 1397
586 951
586 2998
587 1331
589 2887
591 2529
592 910
592 2253
593 2374
596 1812
596 1414
596 2604
596 1981
596 2437
596 1131
597 2176
598 2216
600 2937
601 2241
602 842
602 2222
603 1439
604 2290
605 2393
606 2235
608 2435
608 1591
609 1322
610 2171
611 746
613 1984
613 1095
614 2619
614 2940
615 2547
616 2912
617 2770
619 2906
620 663
623 1241
624 2233
625 2351
625 2619
625 2437
625 1991
625 1910
626 2878
627 1668
627 2358
629 2347
629 2181
630 1807
631 1837
631 772
631 2224
632 2014
632 2449
632 1634
633 2789
635 1691
635 698
635 1315
636 2606
637 1408
638 910
638 2579
638 673
639 1588
640 842
641 1944
642 2291
642 2590
643 1211
643 2484
644 1168
645 2094
646 1096
646 1588
646 890
647 2368
648 2524
648 1624
648 2003
649 836
649 1739
651 2329
651 2981
654 865
657 2485
657 2968
659 1563
660 1718
660 695
662 1917
664 2662
665 2927
665 2659
665 1398
666 1689
666 828
666 2024
668 2084
668 1987
669 2070
669 737
670 1934
670 2441
671 1077
671 1557
672 2636
674 2944
675 2051
676 1248
678 894
678 864
680 1100
680 1003
680 2908
680 1897
680 1703
680 899
680 2432
681 2064
682 2719
682 1789
682 2982
683 2017
684 756
685 1567
688 2615
688 2921
689 1183
690 2006
690 1145
691 1338
691 1194
694 2720
695 1070
695 2502
696 862
696 2298
697 2467
697 2413
697 2929
698 1797
698 2113
700 940
700 1910
700 2132
701 931
701 2113
702 1810
703 1488
703 761
703 2579
704 1401
704 2681
706 2269
708 1884
708 1560
709 2535
710 2519
710 1030
711 951
711 2614
712 1717
713 2951
713 740
719 2480
719 2453
719 918
720 2079
720 2704
723 2610
724 2222
724 2557
725 2695
726 2367
727 1780
728 810
729 2754
729 872
729 790
731 1475
731 2363
732 1747
732 2823
732 2874
733 2357
733 1703
733 2770
734 2688
734 747
735 2532
739 2141
739 2464
739 1785
740 2688
740 1189
741 941
741 2199
741 1425
741 2216
741 2308
741 2700
742 874
742 1553
744 996
750 2065
751 958
751 2391
752 1348
752 2932
752 2258
752 2075
753 997
753 2095
756 1558
756 1760
756 1553
756 1545
757 2992
758 1721
758 1664
759 1241
759 1360
761 2809
761 951
761 2243
761 2323
761 942
761 1716
763 2938
763 1526
764 2583
764 933
765 2602
766 1898
766 1235
768 2054
769 1121
770 1792
772 849
773 1899
773 2852
774 874
777 2389
778 2978
779 1177
780 1307
780 1158
782 2823
785 2549
787 1067
787 2182
787 2068
789 2422
789 2564
789 1972
792 1884
794 1338
794 2450
794 2115
795 2208
795 1274
795 1077
795 952
796 1602
798 2288
799 1506
801 1241
801 2735
802 2507
803 1960
803 2114
804 1206
805 2020
805 1486
807 2862
810 1748
811 2482
812 1236
812 1823
813 2400
814 2071
814 2343
814 1590
814 2631
818 1725
820 1590
820 1090
822 2131
822 2867
825 1248
825 1993
827 1725
827 2033
827 914
827 1127
830 2292
830 1397
830 2158
832 1001
832 2603
834 1158
835 2647
836 2501
838 2462
838 1179
838 2857
839 1908
842 1821
843 2988
844 955
844 1024
844 1728
845 2201
846 1584
847 944
848 1401
848 1784
848 1227
848 918
849 2547
849 1075
850 2045
851 2249
856 1851
856 2166
860 2084
860 2024
862 2498
865 2220
866 1195
866 1527
866 1517
866 2550
866 1896
867 1925
867 2298
868 1722
871 2781
872 2208
872 1136
872 2526
873 2026
877 1381
877 2136
879 1401
881 1909
882 1857
882 2333
883 1295
883 1348
883 1193
884 2587
885 2208
885 1076
888 1963
889 2569
893 1463
893 2009
894 1710
896 1774
897 1697
900 2491
900 2333
901 1507
902 2219
903 1289
903 2076
904 951
905 1119
906 2085
906 2980
910 1724
911 2644
912 2636
913 1214
914 2594
914 2326
915 1230
917 1913
917 1477
920 1563
922 2917
922 953
923 1731
923 1960
924 1142
927 1821
927 2740
927 1887
928 2294
929 2358
929 2338
930 1323
930 1379
931 1107
933 1441
933 2202
935 2169
935 2339
938 1859
941 1504
941 2138
942 1201
942 1381
942 2127
943 1329
944 2020
945 2419
947 1454
949 2595
952 1318
953 1712
953 1988
954 1067
955 2576
955 2777
955 1811
956 2008
956 2310
957 1944
957 2697
959 1028
961 1572
964 1125
966 1322
968 2902
971 1860
974 2297
974 2472
974 2157
974 1129
975 1760
976 2822
977 1090
977 1660
981 1677
981 1148
981 1231
983 1748
986 2822
986 1150
992 3000
994 1534
994 2235
997 1121
1001 2327
1001 2983
1004 2297
1010 1079
1011 2433
1012 2707
1012 1407
1013 1309
1013 2056
1015 2895
1019 1177
1019 2790
1020 1370
1020 2997
1020 2781
1020 1815
1020 1027
1021 2134
1021 2894
1021 1687
1022 2778
1026 2548
1027 1185
1027 2780
1027 2786
1027 2438
1028 1184
1031 1475
1031 2213
1031 1416
1035 1588
1035 1081
1036 1869
1036 1708
1036 1545
1038 1345
1038 2289
1038 1687
1039 2143
1040 2808
1041 2754
1041 2545
1041 2180
1042 2363
1043 2036
1044 2576
1048 2803
1048 1287
1048 2302
1049 1748
1049 1096
1049 1655
1050 2032
1050 2851
1053 2590
1055 1730
1061 1356
1063 2165
1064 2154
1065 2331
1067 2094
1067 2104
1068 2169
1070 1700
1070 2404
1071 1837
1074 2621
1076 2637
1078 2728
1080 2580
1080 2852
1081 2336
1082 1869
1082 1749
1084 2768
1085 1684
1086 1681
1091 1605
1095 1524
1095 2119
1096 2978
1096 2897
1096 1355
1097 1335
1098 2204
1099 1494
1100 2637
1100 2262
1101 2233
1101 2504
1104 1589
1105 2742
1105 1819
1106 2146
1107 1593
1109 2735
1110 1841
1115 2285
1116 2406
1117 2753
1118 2653
1118 1166
1119 1423
1120 1733
1120 2672
1120 2083
1124 1628
1125 1848
1126 1592
1127 2439
1127 2266
1128 1650
1128 2238
1128 2031
1131 1606
1132 2563
1132 1607
1134 1590
1135 1691
1135 1397
1136 2285
1136 2897
1136 2837
1138 1552
1138 1830
1138 2237
1139 2429
1140 2996
1141 2482
1141 2692
1144 2251
1144 2464
1146 1554
1148 2115
1150 2341
1151 1521
1154 1185
1154 1427
1159 2177
1161 1511
1161 2594
1161 1325
1161 2464
1162 2433
1162 1933
1163 1695
1163 2417
1165 1683
1167 2328
1168 1699
1169 2809
1171 2910
1173 2945
1173 2347
1173 1191
1173 2844
1174 2162
1174 2014
1175 1288
1175 2713
1177 2597
1178 2080
1178 2459
1179 1292
1180 2634
1180 1745
1180 2342
1181 2204
1183 2148
1184 1383
1185 2594
1187 2713
1189 2362
1190 1743
1191 2596
1192 2175
1192 2686
1192 1854
1194 1803
1194 2133
1195 2743
1195 2913
1195 2058
1196 1684
1197 2126
1197 2994
1197 2954
1198 2103
1199 2490
1200 2782
1201 1488
1201 2422
1201 1471
1201 2653
1201 2771
1202 2348
1203 1689
1203 1322
1203 1894
1203 2419
1205 2408
1207 2398
1208 1286
1208 1701
1209 1725
1210 2208
1210 1481
1211 1748
1211 2422
1211 1815
1214 2482
1214 2961
1215 2669
1218 2725
1219 2435
1221 1598
1222 1490
1223 2213
1224 2886
1225 2320
1225 2265
1231 2706
1235 2188
1235 2987
1237 1748
1239 2847
1241 1511
1241 2326
1241 1446
1241 1367
1241 2052
1242 2125
1243 1600
1244 2454
1247 1838
1248 1981
1248 1775
1250 1260
1253 1305
1254 2766
1257 1518
1257 2960
1258 2175
1259 2881
1262 2230
1263 2803
1265 1311
1265 2400
1266 1866
1266 1652
1267 1518
1267 1595
1268 2765
1269 2226
1269 1922
1269 2237
1271 2471
1271 1860
1273 2343
1274 2213
1274 1524
1274 2544
1275 2398
1281 1800
1283 1725
1283 1889
1284 1363
1286 2094
1286 1409
1286 2690
1286 2085
1287 2869
1290 2256
1291 1381
1291 2370
1292 2095
1293 1484
1294 2696
1295 1947
1295 2245
1295 1910
1298 1665
1299 1339
1301 2455
1301 2491
1302 2140
1302 2968
1303 2375
1304 2183
1304 2552
1304 1720
1304 2451
1305 1695
1305 2564
1305 1893
1309 2746
1316 1935
1321 1599
1321 1996
1322 1588
1322 2658
1323 2674
1324 2243
1326 1494
1327 2045
1328 1787
1328 2818
1330 2321
1330 2123
1330 1357
1331 2473
1333 2600
1333 2178
1337 2851
1340 2419
1341 2378
1342 1862
1343 2999
1343 1388
1346 2668
1347 2768
1348 2299
1348 2490
1356 2641
1357 2400
1359 2389
1360 2657
1361 2910
1364 2864
1365 1707
1365 1560
1368 1373
1369 2533
1370 1622
1370 1899
1372 2779
1372 1562
1373 1572
1374 1976
1377 1436
1379 2624
1381 2430
1385 2878
1385 1600
1390 1534
1390 1981
1390 1407
1391 1762
1392 2883
1393 2946
1393 2533
1394 1640
1397 2596
1397 1538
1399 1906
1402 2741
1402 1787
1402 2781
1405 1800
1406 2303
1407 1649
1409 1549
1410 2531
1413 2026
1416 1426
1416 2659
1418 2809
1419 2705
1419 2643
1419 2862
1420 1981
1422 1729
1423 1650
1423 2353
1428 2107
1429 2020
1429 2894
1431 2908
1433 1875
1434 2963
1437 1913
1438 2815
1438 2695
1441 2635
1443 2238
1444 1722
1445 2084
1445 2752
1445 2539
1446 2022
1446 2484
1446 2216
1447 1748
1447 2541
1450 2444
1452 2703
1453 1821
1454 1717
1455 2664
1456 2412
1460 2692
1461 1479
1461 2075
1463 1848
1465 2959
1466 2566
1467 2597
1468 1679
1472 2312
1472 2451
1474 1978
1477 1802
1479 1725
1479 2673
1479 2075
1483 1536
1484 2617
1485 1869
1486 2666
1488 1884
1488 2471
1488 1821
1488 2624
1488 2459
1488 2500
1489 1699
1491 2169
1491 2490
1493 2153
1496 2941
1499 2915
1499 2660
1500 2840
1500 2244
1500 2223
1501 2876
1503 2376
1507 1758
1507 2320
1510 2751
1514 1700
1514 2128
1514 1777
1515 2540
1516 1962
1516 2831
1517 2534
1518 2020
1522 2445
1523 1787
1527 1671
1529 1835
1531 2934
1534 2780
1537 2169
1540 2020
1541 1849
1542 2993
1542 2947
1544 1573
1546 2979
1547 1615
1550 2328
1550 2496
1553 2802
1556 2480
1557 2149
1559 2520
1559 2516
1559 1602
1561 2301
1562 2917
1563 2936
1564 2416
1565 2306
1567 2653
1567 2764
1567 1838
1569 2032
1570 1829
1572 1692
1574 1863
1574 2840
1574 2911
1574 2250
1576 2921
1577 2575
1583 2452
1584 1783
1585 2615
1590 2759
1590 2430
1601 2463
1601 2976
1604 2040
1606 2226
1610 2508
1612 1881
1613 2456
1613 1867
1614 2726
1615 2709
1616 2456
1619 2229
1620 1689
1620 2997
1622 2708
1622 2647
1626 2189
1626 2244
1627 2487
1628 2517
1630 1807
1631 2608
1633 1660
1641 1857
1642 2792
1643 2955
1643 1756
1647 2981
1649 2619
1650 2979
1650 2363
1652 2100
1652 1912
1653 1803
1653 1729
1654 2714
1654 2365
1654 2601
1658 1925
1658 1861
1659 1983
1659 2398
1660 2432
1662 2077
1665 2065
1666 2337
1667 2036
1668 2169
1669 2722
1671 1787
1672 2606
1674 2615
1674 1945
1674 2635
1674 2363
1676 2786
1676 2775
1677 2679
1680 2433
1681 2079
1682 2696
1682 2152
1683 2176
1685 2856
1685 2026
1686 2593
1687 2773
1687 2411
1689 1752
1690 2969
1696 1884
1696 2210
1698 1792
1699 1993
1702 2554
1702 2338
1704 2084
1704 2455
1704 2681
1705 2645
1705 1883
1709 2829
1709 2197
1714 2325
1716 1971
1717 2736
1717 2079
1719 2956
1719 2509
1720 2067
1722 2384
1722 2176
1722 2183
1724 2744
1725 2742
1725 1758
1725 1963
1725 1844
1725 2962
1725 2296
1725 2902
1726 2443
1729 2749
1729 1842
1729 2436
1729 2898
1730 2422
1730 2381
1734 2133
1734 1746
1736 2294
1741 2349
1745 2140
1746 2209
1748 2389
1748 2631
1749 2940
1750 2811
1756 2949
1760 2195
1761 2592
1766 2563
1767 2177
1769 2703
1771 2149
1777 2525
1777 2422
1779 2436
1780 2724
1780 2192
1787 2528
1787 2254
1789 2542
1789 2444
1790 1930
1791 2944
1793 2742
1793 2137
1796 1998
1797 2782
1799 2071
1799 2588
1803 2312
1805 2618
1807 2470
1808 2710
1808 2201
1810 2379
1811 2169
1815 2829
1818 2134
1818 2806
1822 2487
1823 2070
1829 2540
1829 2111
1831 2224
1832 2474
1832 2199
1838 2206
1838 2998
1839 2277
1843 2450
1850 2970
1851 2745
1852 2853
1854 2874
1855 2876
1855 2514
1856 2154
1858 2261
1859 1922
1860 2832
1862 1952
1862 1934
1863 2695
1863 2882
1864 2466
1866 1933
1866 2079
1868 1884
1870 2064
1876 2104
1880 2329
1881 2875
1884 1971
1886 2898
1888 2979
1890 2330
1891 2417
1892 1934
1900 2268
1903 1958
1905 2743
1905 2104
1906 2909
1907 2059
1913 2651
1914 2814
1915 2759
1917 1934
1918 2751
1924 2921
1924 2047
1925 2873
1929 2084
1929 2127
1930 2281
1932 2786
1935 2833
1938 1980
1939 2408
1947 2609
1947 2017
1947 2982
1949 2319
1949 2222
1959 2679
1960 2370
1962 2127
1963 2378
1968 2592
1970 2784
1971 2084
1971 2485
1971 2675
1973 2607
1974 2472
1978 2230
1978 2603
1984 2843
1993 2598
1995 2950
1997 2586
1998 2395
2000 2403
2000 2233
2004 2259
2005 2396
2012 2517
2017 2670
2020 2759
2020 2416
2020 2405
2020 2286
2024 2895
2025 2789
2032 2168
2033 2809
2038 2741
2041 2500
2042 2330
2042 2718
2042 2961
2043 2877
2043 2902
2045 2637
2045 2139
2048 2169
2057 2127
2058 2200
2058 2816
2066 2819
2066 2263
2070 2127
2075 2651
2078 2350
2078 2681
2085 2860
2086 2814
2086 2459
2095 2312
2098 2904
2102 2831
2102 2749
2103 2664
2104 2260
2104 2889
2108 2595
2109 2221
2118 2613
2118 2790
2119 2758
2123 2829
2125 2622
2126 2238
2127 2563
2127 2884
2127 2368
2129 2169
2129 2384
2135 2311
2135 2997
2136 2476
2136 2388
2137 2775
2139 2849
2139 2766
2141 2302
2144 2992
2144 2266
2146 2212
2149 2687
2151 2429
2152 2894
2153 2570
2155 2778
2155 2389
2166 2904
2168 2595
2168 2360
2169 2315
2169 2602
2175 2768
2184 2196
2185 2768
2188 2668
2190 2354
2191 2577
2197 2990
2199 2453
2203 2545
2206 2705
2206 2432
2208 2911
2209 2708
2216 2417
2217 2705
2217 2237
2225 2781
2231 2389
2236 2874
2238 2627
2240 2473
2244 2594
2244 2867
2246 2249
2247 2877
2250 2569
2250 2344
2257 2499
2258 2411
2259 2754
2259 2999
2265 2429
2275 2805
2276 2356
2277 2846
2277 2762
2281 2844
2281 2686
2285 2705
2285 2991
2286 2490
2287 2787
2288 2945
2288 2981
2288 2598
2292 2535
2300 2547
2306 2350
2308 2544
2311 2532
2314 2460
2324 2683
2325 2381
2326 2369
2327 2551
2332 2393
2342 2498
2346 2515
2354 2881
2356 2669
2356 2665
2358 2544
2360 2996
2362 2733
2368 2644
2370 2526
2373 2673
2373 2918
2375 2847
2378 2629
2381 2385
2383 2460
2386 2607
2388 2805
2389 2499
2392 2698
2393 2937
2397 2759
2399 2536
2402 2433
2403 2702
2404 2976
2407 2729
2411 2497
2411 2670
2419 2829
2422 2482
2436 2442
2436 2748
2441 2517
2442 2619
2442 2821
2444 2977
2446 2974
2450 2985
2452 2945
2463 2938
2465 2566
2466 2494
2469 2759
2470 2902
2474 2639
2478 2983
2479 2580
2482 2726
2482 2687
2484 2957
2485 2867
2505 2520
2516 2932
2518 2751
2523 2708
2526 2904
2528 3000
2528 2972
2534 2958
2538 2741
2540 2920
2547 2975
2548 2956
2548 2951
2551 2619
2554 2805
2556 2773
2563 2999
2576 2741
2577 2841
2579 2691
2580 2689
2586 2933
2594 2827
2601 2809
2604 2805
2608 2740
2611 2848
2615 2742
2619 2825
2624 2695
2628 2685
2632 2991
2634 2992
2649 2861
2650 2756
2651 2944
2660 2705
2663 2877
2676 2890
2680 2824
2680 2985
2691 2897
2692 2694
2728 2963
2731 2759
2734 2806
2741 2968
2766 2778
2774 2827
2780 2955
2782 2803
2784 2875
2786 2864
2792 2805
2793 2986
2806 2977
2815 2941
2829 2912
2830 2852
2833 2946
2838 2848
2844 2994
2862 2978
2862 2879
2883 2969
2900 2998
2907 2976
2914 3000
