3000 1500
935 1860
764 1075
2060 2909
738 2514
417 967
613 762
682 898
1017 2279
150 250
1310 2123
347 535
1797 2656
174 2678
255 2752
2335 2596
574 1565
1179 1187
1752 2769
1735 2271
1416 2820
1236 1312
44 847
713 2025
379 688
969 1722
1326 1614
580 2584
1278 1924
702 2402
85 1271
123 1526
48 300
1274 2713
905 1269
573 2931
680 2993
2355 2788
801 2236
1113 1748
913 1394
1241 1525
1688 2739
654 2482
2669 2840
267 501
831 1217
536 891
423 605
91 2081
1773 2818
868 2797
1002 1336
923 1192
1784 2540
1492 2023
1359 2396
296 886
2432 2617
1918 1987
488 827
1078 1861
2796 2893
1122 2196
568 2662
160 918
1174 1834
398 2367
896 1969
342 1532
516 930
415 1000
1093 2784
844 2574
1025 1566
562 2101
1461 2133
391 2219
581 2874
1582 2688
2252 2519
1074 2254
1642 2675
591 2020
299 2486
1549 1989
109 376
862 2074
1160 2671
1571 2916
1099 2957
1900 2188
418 1252
1625 1696
595 1064
697 2100
615 1164
1607 2995
128 1799
2304 2663
303 668
675 885
1255 1380
949 2622
1628 2007
502 2576
1235 2161
1949 2965
350 2936
262 2594
1248 2365
1910 2372
165 1349
803 2131
1898 2626
1718 2287
1140 2310
2062 2325
236 2397
1498 1874
1682 2220
943 2375
1216 2570
183 1375
1468 1622
1475 1518
1440 2543
2628 2629
498 569
1563 2799
1169 1411
2334 2496
2135 2961
1390 2956
1431 2579
1850 1925
180 1427
903 2725
352 2851
777 1188
811 2233
312 1237
708 2369
1593 1859
661 2410
1937 2343
955 1050
210 1756
5 1732
784 1433
1623 2268
25 892
1288 2692
401 1817
1146 2608
1455 1902
1620 2500
130 1853
669 1344
142 286
644 1436
924 1570
1659 1939
1788 1824
619 2920
576 2055
473 2987
2374 2414
152 271
1703 1837
435 2731
106 606
19 43
1117 2679
1304 2771
1743 1915
592 993
2 2848
1015 2753
1495 1929
100 1550
1060 1363
1528 2600
1372 2761
750 2189
76 2132
129 566
2113 2508
1309 2862
1134 1927
73 899
2854 2856
856 1281
520 1066
1398 2009
1460 1804
1578 1796
798 2773
2184 2774
1039 1258
953 2912
884 1500
2869 2998
1616 2474
1985 2048
493 833
763 2643
157 1292
2509 2727
1444 2223
1808 2765
1868 2407
741 2251
2332 2770
196 1899
449 2079
2485 2491
2036 2399
537 1554
284 965
638 1951
538 2538
1147 1828
450 1522
2567 2794
981 1423
593 1548
2059 2890
2198 2941
876 2924
2577 2937
108 2823
268 2812
316 1540
239 1851
2492 2749
1047 1875
728 1341
62 1480
383 2618
596 2762
2328 2646
2339 2921
207 2392
111 1521
1724 2653
1986 2244
2049 2529
1196 1450
631 2203
1438 2906
1161 2103
629 1339
1465 1611
1027 2926
815 2140
399 1816
1231 2841
1886 2772
588 2097
1527 1936
1713 2063
754 817
1145 2545
934 1049
904 1664
1224 1791
559 1517
1476 1597
1552 2230
102 1012
387 2084
988 2453
895 1328
1470 2462
1037 1677
340 1334
1156 2531
146 2143
690 1978
8 2029
2554 2655
179 1502
1273 1395
474 1270
1903 2959
446 799
556 1345
14 1062
2086 2177
900 1643
2058 2115
103 2302
319 1783
1600 2814
70 2390
1725 2436
24 2768
627 852
671 1038
828 2828
2071 2435
724 2362
484 1477
72 1798
414 2321
1876 2726
134 317
2693 2948
999 2193
1088 2759
110 755
224 740
677 1360
1057 2929
211 248
1063 2563
470 2723
154 1291
658 2285
1313 1542
1061 2904
1323 2266
1806 2234
1340 1681
396 1318
557 2849
232 2298
1657 1882
940 2879
907 2702
925 2750
1510 2357
441 2408
1581 2417
1481 2150
679 1382
1728 2027
214 416
1305 1695
99 578
2214 2595
929 2347
1494 2125
1221 2870
992 1878
1574 1596
618 2082
10 213
1262 2907
734 2522
1428 2710
2899 2935
2845 2964
624 1832
908 1362
2295 2789
1472 2981
1385 1930
519 2426
53 704
1710 2660
494 2024
1120 1632
879 1011
841 2333
821 2238
684 1366
1295 2014
242 612
95 413
275 380
1923 1991
983 1635
1138 2475
246 1405
451 1774
287 2160
189 1136
874 2896
161 888
611 716
20 1443
1247 2503
310 2185
1211 2437
651 1840
7 2821
857 2174
2232 2983
1056 2383
838 1666
2301 2674
185 729
805 1489
1069 2209
74 1126
1538 1641
2124 2488
2099 2431
1697 2308
608 1181
776 2077
665 1572
1249 2297
528 2649
1266 1303
384 506
64 1090
1421 2000
1651 2313
1523 2127
1537 2031
1091 1307
701 1530
1515 1863
917 1679
1841 2967
469 1260
1401 2515
46 1306
388 1335
1350 1912
291 2943
117 283
813 1972
808 1893
1598 2018
261 2892
144 1324
733 1081
325 2684
1954 2592
1202 1645
1118 1911
279 2982
308 2222
859 1162
373 1534
1669 2464
37 2667
4 504
195 889
1272 2499
1044 2003
1178 2986
659 1109
826 1106
518 2976
1676 2481
752 2096
2098 2619
2712 2741
138 2282
1005 2950
2089 2470
1139 1193
486 2242
88 1149
1813 2571
839 1462
1268 1459
1068 1928
31 1108
1633 2231
1406 2597
1 2699
382 1487
1246 2581
1960 2747
463 2729
1265 1956
662 2938
381 1793
1707 1892
462 1043
2564 2861
1199 1867
455 1678
2842 2908
660 2641
514 717
864 1473
419 485
124 2108
975 2917
963 1631
333 1055
1831 2429
1446 1721
1567 1602
2516 2568
2051 2883
364 1838
2553 2721
1412 1435
788 1491
1123 1332
530 1870
1226 1982
249 2345
1059 2479
1541 1585
171 2691
544 2973
937 1327
1354 2927
1908 2281
83 2169
778 1419
558 1415
354 2030
2517 2775
1084 2284
643 2807
1029 1036
1006 2221
524 720
6 794
2224 2229
1592 2318
853 2473
1083 2706
952 1432
1233 2650
1142 1708
1556 2894
199 2887
1529 2877
1564 2340
806 1121
699 995
307 2569
78 2746
962 1225
1561 2716
1302 1967
448 2172
290 1469
1673 1959
563 1749
430 2388
597 695
939 1627
467 1897
2480 2963
1329 2307
141 2141
304 1610
1439 2178
82 2320
920 2144
948 1568
1338 1493
529 1849
533 916
753 2008
1768 2511
377 525
187 2005
2094 2495
2970 2989
582 1717
2072 2742
2087 2901
696 2147
93 1934
497 626
647 1553
800 1795
140 553
1023 1086
1177 2047
69 2744
1316 1833
1471 2875
589 2535
257 585
835 2813
623 944
1014 2406
405 2707
1172 2583
2179 2853
2225 2969
158 1150
1176 2445
97 237
18 1750
880 991
55 2427
149 1042
17 365
986 2033
389 731
247 274
1287 2411
655 2463
1761 2559
254 2384
1684 2312
89 2991
564 2052
698 2546
125 2913
825 1418
36 849
1032 1259
1283 2827
809 1330
707 2631
926 1506
1034 2351
748 1994
829 1653
197 2645
439 1504
1387 2246
567 2327
472 2175
1352 2782
344 714
1171 2212
1347 2932
928 2985
998 1094
1071 2210
2037 2183
2006 2116
1402 1821
2168 2294
1931 2201
32 2289
1770 2104
2034 2708
1577 2612
40 2558
1709 2130
1010 2092
436 2494
1400 1869
2353 2689
622 1229
481 552
1512 1557
491 1648
860 2305
1445 2815
332 1511
1264 2623
2017 2897
1311 1917
1223 2478
188 456
466 958
336 1257
119 2162
233 692
802 2835
169 972
186 2602
678 2247
523 2373
1640 2249
34 375
98 1671
1319 2837
1569 2454
1536 2277
1263 1624
2651 2867
1210 1618
361 2984
2550 2555
641 1726
1365 1757
1296 1514
1373 2026
2154 2591
1343 2263
38 2452
1114 2934
1463 2859
1999 2424
234 2512
464 759
445 2695
1601 2420
71 2076
421 1026
355 1984
956 1041
725 2191
337 1966
2152 2379
2376 2532
201 2865
116 2083
685 2011
243 732
263 2547
541 834
818 1228
2016 2490
706 1661
164 295
2613 2974
1546 2955
302 1842
1184 1290
1183 1856
433 1507
875 2377
964 2980
122 2176
980 1267
1907 2560
191 2275
1397 1555
288 487
1745 2418
1022 2697
1826 1854
1072 1880
532 1378
694 1785
1314 2316
1782 2421
1275 2999
617 927
1019 1990
1045 1490
718 1095
1533 1573
1587 2447
2157 2483
2035 2988
427 1562
1894 2603
1594 1933
877 2701
145 1583
1357 1617
190 1096
155 321
786 2439
1331 1973
258 742
984 1371
2779 2852
978 1971
219 2736
785 2330
2109 2914
244 285
570 1358
84 2633
2204 2513
890 1076
432 1509
353 2119
1369 2587
245 636
1702 2158
632 1576
428 757
58 2881
1148 2395
26 979
1466 2561
1389 2457
1279 2442
459 1769
1218 2166
327 683
1847 2145
881 1089
594 767
1204 2798
830 1388
1195 2978
1158 2422
2360 2751
664 1212
2428 2885
1891 2946
1715 2720
1699 1958
68 176
1559 1920
703 1361
3 1852
1961 2902
223 314
2385 2412
2134 2272
960 2270
705 2309
915 2793
479 1588
101 739
1531 2616
403 2846
326 2928
861 2040
127 1370
59 369
1130 1261
586 2186
1391 1976
1812 2872
39 2053
371 985
2801 2977
1256 2690
1802 2863
1839 1964
1243 2756
897 2348
420 2539
1655 2557
168 2095
722 1449
1404 2566
346 2855
2195 2241
231 1742
599 1872
976 1301
1636 2808
1825 2415
112 2809
547 2886
1738 2303
1604 1665
305 2306
81 1100
193 2510
1315 2056
572 2686
614 1456
135 2541
121 2606
522 1638
1151 1580
240 2068
1085 1980
96 1386
2945 2953
159 359
394 2248
2605 2804
202 2572
372 2080
959 1760
1073 2536
2292 2838
791 2441
772 887
2528 2822
1054 1067
746 870
11 92
289 482
52 947
1426 1877
409 812
209 458
132 912
542 2882
505 1539
335 1393
1031 2637
1883 1950
521 1519
575 1639
1115 1998
2061 2630
869 1942
65 341
2250 2831
994 2876
1128 1644
1186 1914
2075 2915
329 392
320 2638
1013 2336
842 1551
1033 2696
184 1996
511 1308
499 1333
1667 2344
689 2253
306 1814
526 2900
509 2322
863 2405
87 872
1182 1484
1634 2288
700 1215
873 2455
273 590
561 648
15 1786
1997 2456
1590 1952
693 2524
1586 2476
1488 2844
153 444
471 2151
1818 2755
1048 1116
911 2459
2038 2349
954 1746
489 600
736 1560
120 882
1584 1626
1024 2228
23 311
676 727
1711 2111
2110 2760
1758 2717
2423 2433
1737 2105
1535 1741
1670 2460
551 2394
133 2262
408 2466
807 1983
1244 2738
1516 1885
977 1082
63 747
162 2446
172 2905
1962 2730
787 1451
987 1662
1946 2642
735 1935
2067 2523
1441 2735
1238 1881
670 2363
942 1739
1155 2786
252 1414
531 1503
607 824
1755 2265
113 846
667 1777
1132 1239
1857 2806
1938 2880
2354 2858
276 1254
653 832
27 2764
2019 2724
2409 2501
1772 2066
512 2778
2398 2757
640 1652
751 845
330 672
170 454
715 1157
1787 2194
620 919
1675 2627
2107 2549
1077 2857
819 1250
2588 2593
1704 2317
793 1871
230 2548
616 2992
515 2043
625 1649
2002 2239
709 2811
1087 1945
1901 2458
1820 1975
94 148
1686 1895
2001 2810
730 1823
710 1356
315 1809
1003 1200
1119 2952
218 1913
1407 2681
1165 2659
775 2324
453 2044
2286 2505
1282 2951
1479 2562
51 200
294 2401
1454 2654
348 2149
206 1916
1102 2202
723 2700
1080 1131
621 2652
1207 1321
539 1716
457 2958
378 1353
1968 2502
2337 2448
814 2329
691 2078
1240 2028
410 2590
182 251
1844 2551
555 2190
1410 2704
1294 2758
550 1437
1383 2607
1280 1691
1926 2477
2425 2947
1775 2573
212 2381
1864 2093
2216 2544
634 2604
80 1300
1298 2211
1654 1995
780 973
666 951
789 1467
220 1953
86 412
565 941
921 1771
1317 2611
277 2609
503 1603
1992 2520
465 2022
28 1904
167 1016
2364 2657
393 425
2518 2715
1605 2525
1855 2142
1253 2711
2041 2826
602 2112
957 1028
1008 1079
2740 2949
366 443
1392 2682
56 2352
343 990
253 1325
2039 2120
1299 2575
406 2443
610 781
126 1342
349 2582
217 2283
1141 2259
1674 1819
1230 2187
1112 2497
2264 2709
543 848
711 2647
517 2781
1944 2065
367 2878
1053 1485
1836 2648
909 946
1822 2341
1097 2165
2467 2636
226 2237
1764 2664
1731 2487
282 1988
1660 1789
1175 1977
426 2676
1609 2763
1348 2542
400 1720
221 931
719 2785
496 1544
1765 2866
395 823
368 2792
331 1104
192 1663
278 2898
1205 1222
478 2434
1873 2404
968 2972
323 2942
411 1706
30 2954
604 2137
198 1189
114 674
175 2639
41 1098
1413 1759
1035 1807
143 737
1133 2644
527 2834
783 1591
256 650
12 2733
686 1286
1144 1835
1547 1694
437 2122
549 871
2050 2171
1781 2046
971 2586
205 280
1191 2217
1052 2776
961 1346
534 2850
57 1693
843 1619
1368 2258
351 2585
584 721
1909 2698
768 2235
1543 2640
1621 1922
293 1862
1729 2358
29 440
2004 2971
1780 2180
630 2386
2632 2805
318 1482
1943 2323
601 1425
914 1656
16 1180
765 1384
1763 2621
2181 2380
131 2824
9 1815
345 452
177 1399
438 500
47 2830
2200 2658
397 1896
933 1790
90 1101
1367 2922
385 646
35 2748
173 1220
2015 2962
461 906
1007 2471
1453 2966
483 2614
2387 2461
431 1637
2871 2919
893 1173
2465 2911
1887 2296
1434 1762
883 2705
13 1245
49 673
370 2565
429 1159
33 2391
362 989
2578 2680
477 1730
1379 1947
269 1206
901 2057
766 2012
583 1747
922 1213
2148 2314
1979 2356
1545 1606
1683 2888
270 1143
2273 2839
1698 2342
1277 2694
181 1974
743 1103
1429 2599
997 2825
338 1957
1424 1846
579 1754
266 2197
67 2891
2368 2703
45 508
235 260
334 1285
2451 2737
540 2293
476 2537
1700 2280
1448 2589
642 1293
652 1981
358 2666
756 1135
313 974
1612 1650
1794 2444
309 1125
215 1575
1680 1906
1734 2780
208 2884
609 2670
656 1848
771 1420
1152 1377
357 468
1890 2803
820 2975
749 1374
2010 2167
587 966
758 1422
744 1524
1376 2438
495 1457
1009 1040
1168 1442
1963 2091
301 1219
1513 2156
54 2430
298 1070
1153 1355
2261 2278
2155 2791
363 2218
1289 1889
2021 2683
1166 1940
854 1408
2722 2910
1190 1214
360 1776
390 2213
1194 1858
577 1810
2069 2350
386 2996
1712 2378
1447 1778
1170 2440
2290 2620
513 2139
1615 2939
2507 2819
836 2685
2403 2990
1803 2208
2070 2472
79 1919
203 1051
796 2090
1464 2598
2042 2346
442 1827
2400 2728
792 2205
137 1865
424 726
281 1092
1948 2338
554 1021
407 822
1520 2800
2064 2635
1111 1320
238 492
855 1888
797 1767
1058 1579
480 2734
1163 1595
2665 2860
635 1970
104 1845
1589 2526
1065 1474
745 938
1753 2714
1197 1364
1478 2366
216 2925
2117 2767
1430 2245
1668 2382
115 663
507 2170
1137 2868
773 3000
42 2930
2419 2552
598 1018
1185 2126
628 1800
510 761
2073 2673
633 2817
1879 1941
147 2960
339 2227
2257 2795
603 2013
545 2331
866 2243
1396 1685
2163 2315
2138 2816
936 2832
769 1672
1232 2601
546 1779
475 2393
1030 2615
324 2718
2754 2940
136 2783
1198 1417
402 2121
2128 2370
1497 2732
60 1719
1733 2371
1629 1905
1505 1955
1830 2389
760 2624
2413 2889
151 1613
810 1020
816 2146
1107 1801
1690 2530
447 2923
1483 2847
970 2182
1046 1646
850 2903
649 1452
272 1242
560 2054
1337 2240
1714 2864
878 2449
770 2129
1496 2498
687 2359
292 374
356 804
2745 2944
264 2527
2504 2997
790 2493
1811 2136
774 2634
1251 1884
1284 2326
2207 2895
1227 1792
225 2836
2164 2790
228 1004
1499 2256
1965 2580
1705 2361
548 2299
982 1508
1608 2199
66 2933
297 322
194 229
422 2159
490 1805
1486 2968
712 950
2291 2843
227 2226
404 2267
265 1843
77 1234
107 1751
105 2766
61 328
1692 2677
75 2743
2777 2979
639 2556
865 2719
902 1209
2521 2873
156 1276
1723 2255
1129 2276
637 910
22 2300
1687 2045
1105 1689
1599 1932
2114 2118
204 241
460 2153
2687 2918
21 1558
645 2319
434 1727
166 1647
1866 2173
1203 1829
657 1921
1124 1127
1322 2274
2311 2416
2260 2450
1993 2106
1001 2489
1744 2533
996 1736
2468 2829
118 2672
163 837
867 2610
139 1154
1630 1766
858 1658
1403 1458
178 2802
1409 1501
840 1201
222 779
2102 2484
894 1208
50 932
2506 2833
945 1110
795 1351
851 1740
1167 2534
259 782
1381 2085
571 2625
1701 2032
681 2088
2668 2787
1297 2994
2192 2269
2215 2661
2206 2469
