3000 10281
1 342
1 2710
1 696
1 955
1 1021
1 2802
1 1396
1 714
1 826
1 1709
2 342
2 2741
2 2310
2 2792
2 2987
2 541
3 342
4 342
4 2710
4 1098
4 1573
5 2710
6 342
6 2321
6 2710
6 696
6 2178
6 1161
6 955
6 2741
6 1626
6 1184
6 2310
6 2571
6 2529
6 2484
6 1460
6 718
6 199
6 472
6 1988
6 950
6 1271
6 1024
6 1564
6 408
6 2961
6 322
6 2670
6 636
6 2704
6 400
6 774
6 128
6 913
6 411
6 1419
6 23
6 2675
6 1370
6 2127
6 254
6 2248
6 1700
6 2317
6 296
6 1297
6 1310
6 2835
6 1074
6 2104
6 2956
6 1225
6 518
6 1748
7 342
7 955
7 1855
7 1882
8 2710
8 199
9 955
9 2529
10 342
10 1161
10 1550
11 1021
11 2319
12 618
13 342
13 2321
13 2710
13 2178
13 955
13 2741
13 2310
13 2484
13 1550
13 729
13 2833
13 1645
13 1548
13 1053
13 1211
14 342
14 2321
14 696
14 2571
14 472
14 260
14 866
16 342
16 2321
16 1841
17 342
17 2321
17 2178
17 2792
17 2231
17 1577
17 245
18 342
18 955
18 2181
19 1005
20 342
20 2356
21 342
21 2321
21 1460
23 342
23 2321
23 2710
23 2529
23 1988
23 2246
23 1915
24 2321
25 696
26 342
26 2321
26 1615
26 142
26 2552
26 2398
28 342
28 2321
28 2710
28 2741
28 718
28 168
28 2325
28 2974
28 645
28 2940
29 342
29 2178
30 342
30 696
30 2178
30 1161
30 2506
30 918
30 942
30 1133
31 342
31 2321
31 2741
31 2325
33 2178
34 342
34 2321
34 2178
34 1985
34 968
35 342
35 2710
35 696
35 1161
35 955
35 1988
35 2938
35 2146
36 342
36 2321
36 2710
36 2178
36 2529
36 755
36 460
36 2455
36 937
36 1783
36 2800
37 199
37 2751
38 2310
39 342
39 2321
39 1184
39 1293
39 1957
39 301
39 124
39 2969
40 342
40 2321
40 2710
40 696
40 2178
40 955
40 1184
40 246
40 400
40 1501
40 2825
40 1393
40 662
40 2033
40 80
40 1591
40 1900
41 342
41 2321
41 2710
41 696
41 2178
41 1161
41 955
41 2741
41 2529
41 718
41 169
41 1271
41 2407
41 2352
41 2225
41 1871
41 1372
41 1390
41 965
41 1806
41 1939
41 1986
41 2412
43 246
44 342
44 2321
44 696
44 1021
44 1524
44 987
46 654
47 342
47 2178
47 2364
48 1183
49 696
49 2720
49 2828
50 342
50 2741
50 2310
50 949
50 1133
52 1901
53 1892
54 2529
54 2874
55 342
55 1918
56 342
56 2321
56 1550
57 2601
58 342
58 696
58 955
59 342
59 2741
60 342
60 955
60 1626
60 2484
61 1161
62 1158
63 955
63 922
64 2710
65 2178
65 978
67 342
67 696
67 1161
67 955
67 1196
67 191
67 183
68 342
69 342
69 1184
69 1087
70 342
70 2786
71 2736
73 342
74 718
74 508
75 636
76 342
76 696
76 2178
76 1980
77 342
77 2710
77 696
77 400
77 225
78 342
78 2618
78 418
79 342
79 1161
80 342
80 696
80 1161
80 472
80 950
80 2455
81 1187
82 342
82 955
82 2741
82 2484
82 1293
82 602
82 2828
82 2506
82 587
82 1342
82 1306
83 2710
84 652
84 749
84 1875
84 343
86 342
86 1923
86 1987
87 1161
87 2741
87 322
87 621
88 342
88 2321
88 2710
88 696
88 2178
88 2529
88 718
88 322
88 2932
88 1884
88 546
89 342
89 1184
91 342
91 2321
91 2710
91 955
91 2741
91 2310
91 2529
91 1460
91 269
91 2912
92 342
92 696
92 955
92 269
93 342
93 784
94 342
94 2321
94 514
96 342
96 2321
96 2710
96 696
96 2178
96 1161
96 955
96 2741
96 1626
96 2571
96 1271
96 408
96 2407
96 1187
96 652
96 2759
96 193
96 2454
96 2482
97 2348
98 2178
99 342
99 1884
100 342
100 2321
100 696
100 2178
100 1161
100 1626
100 2310
100 246
100 2346
100 589
100 2645
100 2347
101 248
103 342
103 177
104 2106
105 342
105 2321
105 2178
105 2484
105 1673
105 648
106 342
107 2321
107 2450
108 342
108 955
108 1957
108 2972
108 1173
109 342
109 2529
109 706
109 946
110 342
110 2310
110 2108
110 483
110 196
111 2178
111 1673
111 411
112 342
113 2178
113 2405
114 342
114 2321
114 2710
114 2741
114 2484
114 2407
114 2594
114 1060
114 1350
116 2321
117 342
117 2321
117 2178
117 2310
117 1210
118 2741
118 964
119 342
121 342
121 2321
122 2111
123 342
123 2321
123 2710
123 2178
123 1161
123 1864
124 342
124 2321
124 2710
124 696
124 955
124 1293
124 2360
124 785
125 342
125 1184
126 2741
126 1187
126 2496
126 1576
127 342
127 2321
127 602
127 2359
128 342
128 2321
128 2710
128 696
128 2178
128 1161
128 955
128 2741
128 1626
128 1184
128 2529
128 755
128 2352
128 636
128 2720
128 2199
128 2587
128 1396
128 227
128 621
128 1835
128 639
128 2956
128 1146
128 2875
129 342
129 2321
129 2710
129 696
129 2178
129 2529
129 1204
129 385
129 947
129 964
129 490
130 1161
130 2253
131 342
131 2710
131 242
131 543
132 342
132 2809
133 342
133 2321
133 2710
133 696
133 2178
133 1161
133 955
133 2741
133 1184
133 2529
133 199
133 1988
133 1293
133 2876
133 1957
133 1067
133 1210
133 1098
133 972
133 207
133 2457
133 1630
133 545
133 2296
133 2762
133 1548
133 998
133 578
133 490
133 2200
133 1308
133 2685
133 1081
134 342
134 2178
134 1626
134 2310
134 343
135 342
135 2321
136 342
136 2178
136 1161
136 2529
136 2985
137 342
137 955
139 955
139 2310
140 2178
140 1460
140 729
140 254
141 342
141 696
141 1161
141 1293
141 878
142 342
142 2321
142 2710
142 696
142 2178
142 1161
142 2741
142 2310
142 718
142 1293
142 1841
142 949
142 602
142 533
142 2368
142 2317
142 2714
142 283
142 887
143 1841
144 342
144 2090
145 342
145 169
146 342
146 2321
146 2710
146 696
146 955
146 472
146 1271
147 342
147 2710
147 696
147 1161
147 512
147 2360
147 980
147 2739
147 2982
147 609
147 2418
148 342
148 2321
148 2710
148 696
148 2178
148 955
148 472
148 914
148 626
148 2500
149 342
149 2710
149 2178
150 342
150 1271
151 1020
152 342
152 2321
152 1161
152 1626
153 342
154 1161
155 342
155 2321
155 949
155 2405
155 2376
156 2989
157 342
157 2321
157 2710
157 696
157 2178
157 1161
157 955
157 2741
157 2529
157 2484
157 718
157 2108
157 2680
157 1944
157 833
157 941
158 955
159 342
159 1293
159 301
160 342
160 1184
160 246
160 636
160 2474
162 2321
162 1841
163 342
163 2321
163 2710
163 696
163 2178
163 2484
163 755
163 408
163 1623
163 1021
163 475
163 1535
163 2026
163 2875
164 955
164 2979
165 696
165 1864
166 1460
166 718
166 1024
168 342
168 2321
168 2710
168 696
168 2178
168 1161
168 955
168 2741
168 1626
168 1184
168 2571
168 2484
168 718
168 472
168 2407
168 2202
168 2199
168 913
168 2750
168 476
168 2632
168 2969
168 1234
168 2628
168 2109
169 342
169 2321
169 2710
169 696
169 2178
169 1161
169 955
169 2741
169 1626
169 1184
169 2310
169 2571
169 2529
169 2484
169 1460
169 718
169 199
169 472
169 1988
169 950
169 1271
169 1293
169 1024
169 1564
169 755
169 408
169 1841
169 246
169 728
169 2407
169 1187
169 729
169 1957
169 322
169 618
169 1623
169 636
169 248
169 1279
169 2430
169 1121
169 250
169 2833
169 1260
169 2360
169 354
169 2334
169 2932
169 1524
169 2699
169 1910
169 1506
169 1087
169 2938
169 2469
169 290
169 2231
169 2554
169 2298
169 1376
169 242
169 1796
169 478
169 1410
169 786
169 366
169 2326
169 2257
169 1158
169 1981
169 1115
169 954
169 1962
169 336
169 2497
169 2874
169 2548
169 1412
169 2701
169 1828
169 2726
169 1680
169 722
169 360
169 2487
169 521
169 1331
169 977
169 1019
169 1320
169 277
169 866
169 772
169 1462
169 1332
169 777
169 2284
169 320
169 1692
169 2461
169 1552
169 2347
169 624
169 1322
169 1038
169 600
169 2278
170 1550
171 342
171 2321
171 696
171 1161
171 2741
171 2310
171 1988
171 1271
171 2274
171 2720
171 1341
171 317
172 342
172 2571
173 342
173 1626
173 1564
173 2117
175 1161
176 2710
176 2876
176 1330
178 342
178 1161
178 2324
179 342
179 2178
180 2321
180 2741
180 2310
180 2207
181 342
181 696
181 1184
181 1815
181 1485
182 342
183 342
185 2321
185 2710
185 696
185 2529
185 643
186 342
186 696
186 2274
186 301
186 639
186 1687
187 2202
187 660
187 823
188 2953
189 342
189 1271
190 342
190 2321
190 1271
190 2352
190 573
191 342
191 2321
191 2710
191 1841
191 1229
191 2062
192 2321
192 945
193 2710
193 1187
193 1659
193 1076
194 342
194 2321
194 2710
195 342
196 342
196 2321
196 322
197 2321
197 2710
197 1076
198 342
199 342
199 2321
199 2710
199 696
199 2178
199 1161
199 955
199 2741
199 1626
199 1184
199 2310
199 2571
199 2529
199 2484
199 1460
199 718
199 472
199 1988
199 950
199 1271
199 1293
199 1024
199 1564
199 755
199 408
199 1841
199 949
199 246
199 728
199 1550
199 2407
199 2876
199 1957
199 2422
199 2246
199 602
199 2352
199 2670
199 2704
199 1659
199 2132
199 2202
199 2997
199 508
199 248
199 269
199 1615
199 533
199 2828
199 1121
199 2601
199 2833
199 1367
199 774
199 301
199 1723
199 2624
199 378
199 1871
199 914
199 2809
199 2580
199 674
199 2433
199 1341
199 727
199 2007
199 617
199 2930
199 1199
199 1751
199 203
199 2368
199 1993
199 643
199 735
199 2004
199 2038
199 915
199 1864
199 1595
199 788
199 678
199 424
199 1451
199 1507
199 226
199 2339
199 998
199 1817
199 672
199 2510
199 353
199 1191
199 2142
199 1938
199 825
199 1742
199 1004
199 516
199 1383
199 1959
199 2755
199 1006
199 2637
199 243
199 1165
199 2576
199 1704
199 459
199 2537
200 342
200 378
201 342
201 2321
201 955
201 2484
201 728
201 1578
202 1161
202 1550
203 342
203 2321
203 2178
203 1184
203 2310
203 408
203 322
203 2808
204 342
204 287
205 1024
205 1923
205 1109
205 1335
206 342
206 2321
206 2741
207 342
207 2321
207 2710
207 696
207 2178
207 472
207 1988
207 1841
207 1948
208 2376
209 1923
210 696
211 2321
211 2571
212 342
212 2321
212 2178
212 728
212 643
212 574
213 342
213 2178
213 618
213 2777
214 342
214 696
214 2324
215 2710
216 342
217 2321
217 2178
217 955
217 2407
217 1175
218 342
219 342
219 2321
219 696
219 2704
219 2825
220 2571
220 1923
220 1476
221 342
221 1564
222 2311
223 2321
223 955
224 342
224 696
224 2741
224 1727
224 2969
225 2539
226 342
227 342
227 2321
227 2710
227 696
227 2178
227 1161
227 955
227 2741
227 1626
227 718
227 618
227 2506
227 2736
227 2682
227 464
227 556
227 1285
227 1485
227 517
227 2838
227 1277
227 815
228 2710
228 2741
228 2529
229 2178
230 342
230 696
231 342
231 696
231 1161
233 2849
234 342
234 2321
234 2710
234 1460
234 2402
235 826
236 2321
236 2375
237 2178
238 2710
238 696
238 955
238 1184
238 978
239 696
239 2178
240 342
240 2321
240 2710
240 1161
240 955
240 2571
240 2587
241 2741
241 246
242 342
242 2321
242 2710
242 696
242 1161
242 955
242 1024
242 755
242 2802
242 1578
242 2379
242 2672
242 2759
242 1709
244 342
244 2710
244 2178
244 1161
244 949
244 995
244 975
245 342
245 1626
245 408
245 2454
246 342
246 2321
246 2710
246 696
246 2178
246 1161
246 955
246 2741
246 1626
246 1184
246 2310
246 2571
246 2529
246 2484
246 1460
246 718
246 472
246 1988
246 950
246 1271
246 1293
246 1564
246 755
246 408
246 1841
246 949
246 2961
246 602
246 1210
246 1673
246 1501
246 1396
246 2699
246 2071
246 1551
246 2682
246 450
246 1268
246 1348
246 1168
246 666
246 1470
246 758
246 2823
246 2723
246 1495
246 1745
246 1950
246 505
246 2254
246 441
246 1065
246 1403
246 1177
246 2846
246 2409
246 2421
246 563
246 1368
246 1883
246 891
246 775
247 342
247 2710
247 696
247 1067
247 1175
247 862
247 441
248 342
248 2321
248 2710
248 696
248 2178
248 1161
248 955
248 2741
248 1184
248 2484
248 1460
248 718
248 1988
248 1293
248 1024
248 755
248 1841
248 1067
248 1180
248 2072
248 2587
248 1760
248 2774
248 485
248 631
248 1835
248 1803
248 722
248 1380
248 1604
249 342
249 696
249 2007
250 342
250 2321
250 2710
250 696
250 2178
250 1161
250 955
250 2741
250 1626
250 1184
250 2529
250 2961
250 2108
250 774
250 1506
250 406
250 2873
250 2002
250 1140
251 342
251 2321
251 1923
252 342
252 1796
252 2974
252 2534
252 1614
253 2876
253 2225
253 385
254 342
254 2321
254 2710
254 696
254 1161
254 2876
254 1137
254 868
254 2233
255 1694
256 696
258 549
259 2243
260 342
260 2321
260 2710
260 696
260 1161
260 955
260 2484
260 1923
260 2246
260 322
260 1697
260 2469
260 1551
260 784
260 1890
260 1782
260 468
260 1523
260 993
260 561
260 2740
260 1346
261 888
262 915
263 342
263 2710
263 2178
263 955
263 1024
263 1564
263 269
263 2034
263 669
263 2378
264 2710
264 472
265 342
265 2321
265 1626
265 950
265 1218
265 1553
265 2584
266 2321
266 756
267 602
268 342
268 696
268 472
268 1393
268 2040
269 342
269 2321
269 2710
269 696
269 2178
269 1161
269 955
269 2741
269 1626
269 1184
269 2529
269 2484
269 718
269 472
269 950
269 1293
269 1024
269 755
269 1841
269 2422
269 1968
269 1367
269 2933
269 2156
269 2930
269 1186
269 2167
269 818
269 1899
269 1773
269 1318
269 888
269 312
269 2713
269 2101
269 2495
271 342
271 696
271 1161
271 2723
272 342
272 2710
272 696
272 2422
272 918
272 2480
273 342
273 696
273 955
273 1279
273 632
273 479
274 729
276 342
276 2571
277 1615
279 342
279 696
279 2178
279 955
279 1626
279 1579
279 1533
279 2247
280 342
280 1161
280 728
280 1501
280 1059
280 2438
281 342
281 2178
282 342
282 696
282 955
282 636
283 2710
283 2178
284 949
284 344
285 2710
285 955
285 2529
289 1161
289 955
290 342
290 2321
290 2710
290 696
290 1161
290 955
290 949
290 1506
290 1890
290 1851
290 1806
290 330
291 342
291 949
291 2289
292 696
292 1712
292 2723
293 696
294 342
294 2710
294 2178
294 1673
295 755
296 2321
296 696
296 955
296 1292
297 342
297 602
298 1161
298 955
298 1626
298 918
298 673
299 342
299 2321
299 696
299 1626
300 342
300 2571
301 342
301 2321
301 2710
301 696
301 2178
301 1161
301 955
301 2741
301 1626
301 2571
301 2072
301 1892
301 2805
301 2678
301 2891
302 342
302 1161
302 718
302 1024
302 1957
302 2156
303 342
303 2321
303 696
303 1161
303 1024
303 2407
303 1535
303 2317
303 2727
303 325
303 1737
304 2178
304 1450
305 342
305 1626
305 2571
305 1608
306 342
307 322
307 2170
308 342
308 2321
308 955
308 1671
308 1704
309 342
310 2741
311 342
311 696
312 494
315 342
315 1841
316 342
317 2741
317 1243
318 342
318 696
318 955
319 342
319 2321
319 2710
319 2178
319 2691
319 1673
319 1501
319 1109
319 791
320 342
320 696
320 2741
321 1184
321 1841
322 342
322 2321
322 2710
322 696
322 2178
322 1161
322 955
322 2741
322 1626
322 1184
322 2310
322 2571
322 2484
322 1460
322 718
322 472
322 1271
322 1293
322 408
322 1841
322 2407
322 636
322 2430
322 2556
322 1367
322 2090
322 2437
322 1390
322 816
322 2197
322 773
322 2403
322 2279
322 1785
322 1675
322 1788
322 2128
322 845
322 2593
324 342
324 2178
324 2310
324 2422
324 2117
324 2975
326 2741
326 2529
326 718
327 1184
328 342
328 2529
328 1841
329 2710
330 696
330 2071
331 2274
331 2514
332 342
332 1370
333 342
333 696
333 1161
333 2529
333 1968
333 975
333 2667
335 342
335 2321
335 2710
335 696
335 1161
335 955
335 2938
336 342
336 1293
336 354
336 2632
336 2923
336 1185
337 342
337 2127
338 342
338 955
338 2571
340 342
340 2321
340 2710
340 696
340 2178
340 1161
340 955
340 2741
340 1184
340 2529
340 718
340 728
340 692
340 1321
340 2156
340 714
340 1095
340 1213
342 2321
342 2710
342 696
342 2178
342 1161
342 955
342 2741
342 1626
342 1184
342 2310
342 2571
342 2529
342 2484
342 1460
342 718
342 472
342 1988
342 950
342 1271
342 1293
342 1024
342 1564
342 755
342 408
342 1841
342 949
342 728
342 1550
342 2407
342 2876
342 1187
342 729
342 1957
342 2422
342 1923
342 2246
342 2961
342 1968
342 602
342 2352
342 618
342 1623
342 2670
342 636
342 2704
342 1659
342 2132
342 2108
342 2202
342 2997
342 508
342 1279
342 1697
342 1067
342 2430
342 1684
342 978
342 2808
342 1615
342 2691
342 400
342 2274
342 2720
342 533
342 1021
342 1076
342 1180
342 2828
342 2405
342 855
342 2506
342 1204
342 2556
342 2027
342 2199
342 1121
342 918
342 2601
342 1210
342 2833
342 1629
342 1367
342 774
342 2072
342 512
342 2175
342 1260
342 2360
342 2346
342 2587
342 1673
342 1501
342 2802
342 726
342 354
342 1508
342 2225
342 1109
342 1723
342 2624
342 378
342 2827
342 1871
342 2913
342 2402
342 2334
342 2736
342 2932
342 1983
342 2034
342 1727
342 1449
342 1396
342 1524
342 2544
342 2699
342 914
342 1910
342 1506
342 913
342 2907
342 1098
342 1087
342 1570
342 1563
342 1712
342 995
342 2362
342 2844
342 2071
342 2809
342 1472
342 2325
342 1884
342 1413
342 2849
342 2289
342 1763
342 2938
342 2469
342 1397
342 972
342 2328
342 2182
342 1551
342 1549
342 2682
342 411
342 2090
342 2792
342 587
342 2231
342 2953
342 1642
342 2554
342 460
342 2298
342 2563
342 2400
342 2580
342 652
342 856
342 1376
342 692
342 1781
342 784
342 1196
342 674
342 2433
342 2825
342 1892
342 2777
342 1577
342 2319
342 2437
342 450
342 1760
342 2455
342 760
342 1573
342 537
342 1175
342 1372
342 660
342 1798
342 2397
342 2933
342 1068
342 1917
342 1314
342 1390
342 385
342 549
342 1268
342 1341
342 1796
342 890
342 1321
342 1419
342 483
342 1348
342 1639
342 987
342 2485
342 1392
342 1168
342 1345
342 666
342 750
342 478
342 1275
342 2680
342 2382
342 2675
342 1470
342 396
342 1866
342 1370
342 2863
342 794
342 2156
342 727
342 2358
342 570
342 2496
342 841
342 2774
342 2007
342 345
342 2545
342 1137
342 2499
342 1360
342 2941
342 2954
342 2393
342 621
342 1547
342 1410
342 2750
342 1163
342 758
342 2643
342 792
342 714
342 712
342 546
342 747
342 1264
342 1286
342 1131
342 2796
342 2773
342 2770
342 2974
342 1218
342 583
342 2146
342 632
342 1740
342 1603
342 2474
342 2677
342 1948
342 648
342 2797
342 965
342 2789
342 975
342 1224
342 2194
342 406
342 577
342 494
342 2823
342 786
342 1147
342 1963
342 1336
342 2185
342 793
342 1250
342 1058
342 1312
342 617
342 947
342 1583
342 2127
342 2626
342 2930
342 1199
342 2886
342 791
342 2840
342 1013
342 2036
342 344
342 1071
342 713
342 366
342 1751
342 1890
342 1059
342 2815
342 1851
342 1512
342 2723
342 2534
342 2494
342 2326
342 477
342 2473
342 942
342 1807
342 2125
342 1079
342 2915
342 1990
342 1393
342 2283
342 2717
342 2618
342 1089
342 732
342 1186
342 2167
342 1978
342 2040
342 864
342 485
342 1578
342 1985
342 1664
342 1154
342 1885
342 428
342 1122
342 1873
342 1944
342 2248
342 2117
342 2257
342 2457
342 2115
342 1118
342 883
342 1956
342 1700
342 1476
342 1782
342 2552
342 1495
342 476
342 2632
342 481
342 2470
342 818
342 475
342 1822
342 937
342 1739
342 1656
342 963
342 1572
342 2368
342 1630
342 2918
342 2379
342 1112
342 780
342 1195
342 1281
342 514
342 1011
342 2145
342 1993
342 433
342 2594
342 2285
342 1158
342 2642
342 2852
342 663
342 2229
342 1034
342 819
342 1733
342 2582
342 668
342 1981
342 2711
342 2573
342 645
342 389
342 1115
342 346
342 2426
342 445
342 1725
342 2972
342 1600
342 2190
342 1592
342 1559
342 2377
342 833
342 1896
342 2152
342 2511
342 1015
342 2522
342 1535
342 980
342 1499
342 964
342 662
342 2306
342 2987
342 1683
342 749
342 2969
342 2698
342 2361
342 439
342 2033
342 2739
342 1617
342 643
342 2357
342 1108
342 871
342 2801
342 954
342 1940
342 1243
342 1289
342 2744
342 1133
342 2947
342 2532
342 1794
342 1758
342 367
342 457
342 951
342 1009
342 357
342 1865
342 1962
342 2923
342 1183
342 631
342 2170
342 2207
342 1329
342 468
342 2986
342 1233
342 1057
342 688
342 2003
342 2019
342 626
342 2708
342 1361
342 1571
342 1144
342 1745
342 816
342 559
342 1678
342 735
342 1078
342 2904
342 1875
342 2842
342 1717
342 1596
342 545
342 398
342 2232
342 1918
342 1726
342 1775
342 1429
342 757
342 997
342 2070
342 506
342 1398
342 1899
342 1096
342 1806
342 2551
342 2547
342 2895
342 409
342 2203
342 1835
342 1915
342 823
342 1207
342 2157
342 569
342 1783
342 1091
342 1414
342 2324
342 2647
342 2309
342 2939
342 2975
342 1258
342 1803
342 1773
342 1789
342 1056
342 2999
342 2730
342 2004
342 2316
342 1060
342 2038
342 437
342 2317
342 2415
342 2834
342 2103
342 2197
342 1416
342 882
342 1319
342 2830
342 1123
342 1234
342 1864
342 1595
342 2149
342 1190
342 788
342 464
342 881
342 2892
342 1579
342 3000
342 2805
342 862
342 664
342 1188
342 1852
342 2447
342 2960
342 1330
342 1556
342 1544
342 2218
342 798
342 2026
342 556
342 773
342 2678
342 2588
342 1318
342 1976
342 2472
342 2543
342 1755
342 709
342 1895
342 622
342 1298
342 2672
342 2768
342 785
342 2431
342 2804
342 2403
342 736
342 1619
342 374
342 1477
342 1447
342 2296
342 1430
342 2273
342 782
342 446
342 414
342 2714
342 2442
342 952
342 1576
342 837
342 2883
342 2092
342 1950
342 456
342 2836
342 1229
342 2786
342 2338
342 375
342 1126
342 2982
342 2790
342 2631
342 654
342 603
342 2762
342 2955
342 1541
342 1907
342 1504
342 505
342 1412
342 1364
342 1461
342 2701
342 2396
342 2372
342 1317
342 2188
342 2280
342 1152
342 2898
342 616
342 1941
342 2570
342 1828
342 2049
342 1500
342 838
342 2459
342 2122
342 1095
342 608
342 1036
342 644
342 1007
342 1001
342 435
342 1705
342 764
342 2333
342 1406
342 2991
342 430
342 1459
342 562
342 2492
342 2652
342 826
342 1044
342 1516
342 2162
342 2153
342 1863
342 2093
342 2855
342 1610
342 349
342 1513
342 2030
342 2056
342 1843
342 1764
342 1810
342 2088
342 701
342 875
342 1404
342 2099
342 1443
342 1064
342 2406
342 1384
342 2116
342 2279
342 2315
342 2335
342 1048
342 2800
342 945
342 1507
342 858
342 2016
342 832
342 1232
342 2726
342 2363
342 404
342 2000
342 2047
342 2096
342 390
342 1613
342 2140
342 1719
342 2376
342 1766
342 898
342 682
342 2489
342 1671
342 2339
342 1548
342 2729
342 998
342 2163
342 2077
342 2724
342 343
342 1415
342 548
342 1921
342 1444
342 1817
342 2605
342 417
342 1285
342 2323
342 1478
342 369
342 2119
342 1311
342 1475
342 580
342 1464
342 2759
342 2514
342 2732
342 1173
342 2510
342 410
342 360
342 2123
342 1047
342 2553
342 2364
342 2853
342 1484
342 1718
342 2692
342 994
342 567
342 1400
342 799
342 2450
342 361
342 2018
342 416
342 639
342 1030
342 2568
342 2236
342 2023
342 2042
342 1905
342 916
342 2130
342 2142
342 2111
342 1648
342 1658
342 912
342 2022
342 1498
342 1374
342 2066
342 2228
342 2445
342 1357
342 1931
342 1033
342 2940
342 2837
342 2880
342 474
342 1130
342 1694
342 1300
342 1913
342 2525
342 2862
342 1313
342 1670
342 2387
342 1457
342 1785
342 582
342 1621
342 1786
342 479
342 1395
342 1996
342 1409
342 1638
342 1075
342 2663
342 2627
342 1035
342 551
342 2575
342 2438
342 1143
342 1022
342 2811
342 1736
342 1966
342 2155
342 2693
342 2226
342 809
342 1295
342 1450
342 1245
342 2757
342 671
342 1925
342 2493
342 1938
342 1463
342 2169
342 2788
342 1073
342 1259
342 1403
342 1120
342 2754
342 1894
342 1804
342 1486
342 1741
342 979
342 2503
342 802
342 1485
342 825
342 492
342 2858
342 2351
342 993
342 521
342 876
342 517
342 2602
342 1520
342 1185
342 1325
342 458
342 1982
342 1711
342 2174
342 783
342 806
342 2604
342 1665
342 2064
342 974
342 656
342 2327
342 946
342 1862
342 495
342 2752
342 763
342 2902
342 1445
342 813
342 836
342 1826
342 1347
342 1008
342 779
342 2052
342 2818
342 363
342 589
342 1431
342 2356
342 2630
342 1458
342 781
342 2060
342 522
342 2121
342 2462
342 2465
342 2491
342 1742
342 1986
342 1102
342 2198
342 2054
342 2906
342 1525
342 2104
342 1575
342 1331
342 2531
342 561
342 403
342 903
342 2645
342 1385
342 1169
342 1350
342 1936
342 1709
342 1553
342 2722
342 1037
342 2533
342 2749
342 746
342 1693
342 1032
342 469
342 1323
342 2917
342 977
342 1446
342 1945
342 872
342 2838
342 1424
342 1784
342 1749
342 2085
342 1159
342 425
342 2114
342 1819
342 2829
342 2603
342 1437
342 2857
342 1607
342 1753
342 938
342 1166
342 2138
342 1932
342 2813
342 2819
342 2303
342 541
342 1101
342 1085
342 1558
342 2783
342 2956
342 1943
342 1926
342 2865
342 1771
342 2931
342 2475
342 2662
342 647
342 886
342 1707
342 1618
342 502
342 1832
342 1651
342 2620
342 2967
342 1291
342 2413
342 1532
342 2634
342 1761
342 1529
342 801
342 1177
342 2661
342 625
342 2515
342 2354
342 614
342 2223
342 2345
342 2195
342 1299
342 2148
342 1801
342 2945
342 2089
342 488
342 1844
342 846
342 2846
342 2476
342 1106
342 1539
342 2964
342 766
342 1241
342 1655
342 2761
342 866
342 1879
342 2302
342 2043
342 2224
342 501
342 2217
342 2205
342 2943
342 1474
342 899
342 1930
342 1213
342 772
342 1560
342 789
342 2763
342 962
342 451
342 1972
342 887
342 2458
342 2420
342 2577
342 620
342 2878
342 2404
342 1612
342 827
342 982
342 1897
342 2271
342 466
342 2600
342 1369
342 1687
342 2990
342 393
342 1332
342 2186
342 2738
342 1587
342 535
342 770
342 1202
342 1708
342 2075
342 1491
342 969
342 655
342 2957
342 592
342 1554
342 383
342 852
342 565
342 1952
342 676
342 612
342 2421
342 1061
342 697
342 1438
342 563
342 1342
342 2265
342 1586
342 1063
342 2365
342 665
342 1135
342 1555
342 1720
342 917
342 1141
342 2530
342 2284
342 489
342 765
342 560
342 2245
342 1906
342 2826
342 1799
342 2258
342 1086
342 776
342 830
342 2781
342 2436
342 2614
342 1770
342 2970
342 2355
342 1164
342 1842
342 2668
342 1530
342 2247
342 2029
342 1418
342 958
342 2240
342 870
342 1937
342 2329
342 1933
342 731
342 653
342 957
342 719
342 2282
342 1703
342 2055
342 2671
342 1362
342 1735
342 1049
342 1542
342 2851
342 1589
342 1113
342 1020
342 1888
342 948
342 2905
342 2332
342 1692
342 1124
342 1979
342 2766
342 2655
342 931
342 2501
342 932
342 738
342 1969
342 1961
342 1069
342 2716
342 2700
342 1434
342 2262
342 2227
342 1588
342 2550
342 2482
342 2179
342 1848
342 2214
342 2619
342 879
342 1706
342 1238
342 2105
342 907
342 500
342 454
342 2924
342 2446
342 637
342 1911
342 520
342 2192
342 2313
342 1914
342 2665
342 1215
342 1489
342 767
342 2597
342 2718
342 2841
342 394
342 734
342 1898
342 2669
342 2451
342 2386
342 2440
342 960
342 795
342 1928
342 2375
342 1780
342 1366
342 531
342 2536
342 2347
342 2230
342 983
342 1165
342 2869
342 2686
342 1277
342 811
342 1750
342 900
342 895
342 1566
342 1193
342 2031
342 568
342 2920
342 745
342 628
342 1661
342 1378
342 397
342 1327
342 1599
342 670
342 686
342 2666
342 2784
342 2424
342 756
342 395
342 1909
342 1702
342 452
342 1072
342 2976
342 829
342 523
342 771
342 1633
342 427
342 1354
342 553
342 2500
342 624
342 1502
342 1322
342 641
342 2021
342 2843
342 1192
342 1557
342 1601
342 2676
342 908
342 1276
342 2887
342 1263
342 1016
342 1737
342 911
342 1847
342 359
342 1704
342 377
342 528
342 557
342 845
342 934
342 1308
342 2124
342 1691
342 1868
342 2243
342 640
342 2463
342 1660
342 2538
342 935
342 679
342 1967
342 426
342 571
342 405
342 613
342 473
342 2981
342 2934
342 1054
342 1256
342 1790
342 2250
342 2486
342 2831
342 971
342 421
342 1465
342 844
342 2973
342 1105
342 2897
342 1340
342 2305
342 1363
342 1028
342 1083
342 775
342 539
342 550
342 2256
342 2962
342 2120
342 675
342 1254
342 1070
342 1830
342 2139
342 1685
342 1423
342 2787
342 967
342 2621
342 2269
342 2010
342 1172
342 2212
342 1622
342 391
342 440
342 1606
342 699
342 1386
342 438
342 1046
342 1886
342 364
342 2656
342 1421
342 1041
342 1248
342 1097
342 2129
342 1831
342 1352
342 2378
342 455
342 921
342 2633
342 705
342 388
342 2479
343 2178
343 1639
343 1875
344 2321
344 696
344 1626
344 2484
344 2175
344 1188
344 1036
344 1561
344 1818
345 2321
345 2710
345 2178
345 1161
345 955
345 1507
346 2321
346 2710
346 696
346 1161
346 1988
346 1506
347 2049
347 2653
348 696
349 696
349 2178
349 955
349 950
349 1875
349 2701
349 996
350 2178
351 696
352 696
352 472
352 1425
353 2741
353 1184
354 2321
354 2710
354 696
354 2178
354 1161
354 955
354 2741
354 2484
354 1564
354 755
354 1187
354 2422
354 1067
354 1781
354 975
354 2923
354 446
354 555
354 2781
354 731
355 2108
356 2321
356 2407
357 696
357 2741
357 2007
357 722
358 2026
359 2710
359 1161
360 2321
361 1895
362 1159
363 2321
363 727
365 2710
365 696
366 2321
366 2178
366 1460
366 1271
366 1293
366 2961
366 2556
366 2360
366 2802
366 2815
367 2321
367 2710
367 1184
367 1460
367 2246
367 636
367 2644
369 2529
369 411
369 956
369 1456
370 509
371 1367
373 643
374 2310
374 1460
374 2246
374 2469
374 2836
374 601
374 1922
375 696
375 1944
376 1988
376 774
377 680
378 2321
378 2710
378 696
378 2178
378 1161
378 955
378 2741
378 1626
378 1184
378 2571
378 2529
378 2720
378 2556
378 2699
378 1796
378 1603
378 2717
378 1875
378 616
378 2099
378 634
378 2389
378 690
380 2710
381 2484
382 2321
382 2407
383 2321
383 1931
384 1623
384 1543
385 2321
385 2710
385 696
385 2178
385 955
385 1988
385 1506
385 660
385 1286
385 1583
385 1783
385 492
386 2108
386 1289
388 1820
389 1988
389 728
389 495
390 2710
390 2961
391 2710
392 2710
392 1161
392 2310
393 2321
393 696
394 1603
395 2321
395 1161
396 2321
396 2710
396 1161
396 1184
396 2571
396 2556
396 856
396 2125
396 2190
396 2768
396 1007
396 851
396 691
397 2710
398 2321
398 696
398 1184
398 2670
398 512
398 2618
398 1319
398 2500
399 696
400 2321
400 2710
400 696
400 2178
400 1161
400 955
400 2741
400 2310
400 2571
400 2484
400 1293
400 949
400 1187
400 729
400 1279
400 1397
400 674
400 1796
400 2954
400 1131
400 980
400 446
400 2836
400 739
400 1486
401 2321
402 2710
403 696
403 1718
403 746
404 728
404 2792
405 2670
405 1079
406 2321
406 2710
406 1161
406 955
406 2090
406 1133
407 1161
408 2321
408 2710
408 696
408 2178
408 1161
408 955
408 2741
408 1626
408 1184
408 2310
408 2571
408 2529
408 2484
408 1460
408 718
408 472
408 1988
408 950
408 1271
408 1024
408 1564
408 1550
408 2407
408 1187
408 729
408 2422
408 2246
408 1968
408 2352
408 1623
408 2132
408 2202
408 1615
408 2720
408 855
408 1204
408 1210
408 1871
408 1396
408 1087
408 587
408 1196
408 2455
408 549
408 2680
408 758
408 2823
408 793
408 2886
408 1807
408 1034
408 643
408 1361
408 1234
408 664
408 1619
408 860
408 2814
408 2366
408 1409
408 522
408 1331
408 1230
408 634
408 436
408 1688
408 2943
408 2600
408 1479
408 1669
408 2826
408 1426
408 1589
408 2905
408 487
408 1359
408 2464
408 1082
408 683
408 1294
409 696
409 2720
409 2442
409 1831
410 2710
410 696
410 1271
410 1659
410 1723
411 2321
411 2710
411 696
411 2178
411 1161
411 955
411 2741
411 1460
411 1449
411 1275
411 1034
411 1567
413 1142
414 696
414 1268
414 2368
414 1432
416 2321
416 696
416 636
417 2178
417 1184
417 1264
417 2297
417 421
418 1161
419 2710
419 1184
419 1988
419 1187
420 696
420 1161
420 2571
420 1988
420 2768
422 2321
423 2321
423 696
423 961
425 2710
425 2221
426 696
428 696
428 2178
428 1161
428 2741
428 2691
428 2708
428 999
430 955
430 2310
430 1988
430 2345
432 696
433 2321
433 2571
433 472
433 2933
433 2697
433 1799
433 2928
434 2744
435 696
435 883
436 1161
437 2321
437 696
437 1161
437 1318
439 2321
439 2710
439 2997
440 696
440 2178
441 696
441 2274
441 1673
442 2178
444 2321
444 1988
445 2321
445 696
445 2178
445 1184
445 2246
445 2132
445 2207
445 2147
446 2484
446 755
446 1910
446 913
446 2400
447 1841
447 2106
448 2710
449 1564
450 2321
450 2710
450 696
450 2178
450 1161
450 955
450 2310
450 2484
450 718
450 1564
450 2876
450 2670
450 2933
450 1796
450 2358
450 1512
450 1822
450 2739
450 1828
450 1523
450 887
452 2961
453 1626
456 955
456 2741
456 2529
456 729
456 1087
456 1984
457 2710
457 1161
457 2762
457 2073
458 1550
458 2833
458 890
459 2710
459 2774
460 2321
460 2710
460 696
460 718
460 950
460 1968
460 2430
460 1210
460 2072
460 2362
460 2485
460 477
460 2904
460 1826
460 2060
460 2635
462 955
463 2710
463 2178
463 729
463 478
464 2321
464 696
464 2741
464 508
464 1745
467 1161
468 2321
470 696
470 2334
472 2321
472 2710
472 696
472 2178
472 1161
472 955
472 2741
472 1626
472 1184
472 2310
472 2571
472 2529
472 2484
472 1460
472 718
472 1988
472 950
472 1271
472 1293
472 1024
472 1564
472 755
472 1841
472 949
472 728
472 2876
472 1187
472 729
472 1957
472 2246
472 2352
472 618
472 1659
472 2108
472 2202
472 1697
472 2430
472 1684
472 1615
472 533
472 1204
472 2199
472 2833
472 1367
472 1723
472 2334
472 1983
472 2544
472 2699
472 2289
472 2328
472 2090
472 587
472 2563
472 2400
472 660
472 1068
472 2393
472 786
472 793
472 1664
472 2257
472 2152
472 2357
472 631
472 1745
472 1579
472 1001
472 2726
472 898
472 1522
472 1143
472 2183
472 2658
472 2776
472 2151
472 880
472 953
472 1937
472 715
472 1654
472 1165
472 2715
472 564
472 1209
472 1266
473 2571
474 2484
474 1024
475 696
475 1161
475 2741
475 1577
475 1459
476 2321
476 2710
476 2178
476 2310
476 685
477 2321
477 2178
477 955
477 1293
477 2802
477 1131
477 2088
477 2800
478 2321
478 2710
478 696
478 1161
478 2529
478 1460
478 2876
478 2422
478 1021
478 2346
478 1583
478 915
479 2741
479 2529
479 1659
480 2529
481 2321
481 2529
481 2563
481 2847
482 2587
482 965
483 2321
483 2710
483 696
483 2178
483 1161
483 955
483 2310
483 1187
483 2691
483 2801
483 2885
485 2710
485 2741
485 1626
485 729
485 1673
488 2710
488 2178
488 1697
488 580
490 2321
490 1161
490 955
490 2741
490 950
491 696
493 696
494 2321
494 1161
494 2741
494 2484
494 755
494 2876
494 692
495 1184
496 2321
496 1154
496 2698
497 2710
498 1841
498 1087
499 2178
500 2321
500 2855
503 2321
503 696
503 2484
503 1550
503 2580
503 2281
504 2710
505 2321
505 2710
506 2321
506 2710
506 1626
506 2310
506 2876
506 1036
506 1810
507 2710
508 2321
508 2710
508 696
508 2178
508 1161
508 955
508 2741
508 1184
508 2310
508 2571
508 2484
508 1460
508 1988
508 1271
508 755
508 1367
508 2802
508 1372
508 1348
508 2680
508 2099
508 1185
508 1532
508 1912
508 2703
508 1893
509 1187
510 2178
510 2741
510 1279
512 2321
512 2710
512 696
512 2178
512 1161
512 955
512 2741
512 2310
512 2484
512 1460
512 1024
512 1957
512 2405
512 1260
512 1673
512 2544
512 1175
512 1404
512 1245
512 2829
512 554
513 2321
513 1161
513 774
514 2321
514 696
514 1161
514 2571
514 2529
514 728
514 2522
515 696
515 2484
517 1564
517 1396
517 2113
518 1184
518 1988
519 2710
519 1161
519 2529
521 2143
522 696
522 2484
525 1161
525 2741
525 1564
526 2321
526 2710
526 1460
526 2977
529 2321
530 1460
530 1988
530 2556
531 1923
532 1805
533 2321
533 2710
533 696
533 2178
533 1161
533 955
533 2741
533 1626
533 2310
533 2571
533 2484
533 1460
533 718
533 1293
533 1024
533 978
533 1367
533 1501
533 1712
533 2298
533 1978
533 1154
533 1281
533 2316
533 576
533 2910
534 1161
534 955
535 2185
536 2321
536 2178
536 1659
537 2321
537 2710
537 696
537 1161
537 955
537 1184
537 718
537 1957
537 1260
537 2827
537 1361
537 2939
538 2710
540 1271
540 1243
540 1484
540 1666
540 2173
541 696
543 2710
543 696
543 618
543 980
544 1820
545 2321
545 2529
545 755
545 2346
545 1007
546 2321
546 2710
546 1161
546 955
546 1370
546 2822
546 633
547 718
548 2710
548 2132
549 2321
549 2710
549 696
549 2178
549 955
549 1626
549 1623
549 1279
549 1210
549 914
549 1803
549 1618
551 955
551 718
552 2334
553 696
553 2907
555 2710
556 2321
556 2710
556 1161
556 1957
556 1367
556 1260
556 856
556 1783
559 2710
559 696
559 1161
559 855
559 1506
559 2890
561 2710
561 696
561 2182
562 955
562 1626
562 2298
562 2447
563 2321
563 696
563 2360
564 696
564 2514
565 718
565 2876
565 2274
566 2321
567 2178
567 2741
569 1161
569 955
570 1626
570 2571
570 2246
570 636
570 978
570 2720
572 696
572 2484
572 1506
573 2310
573 2529
573 2214
574 587
574 2816
575 696
575 1460
576 2178
576 1271
576 755
576 636
577 2321
577 2710
577 696
577 2484
577 2624
577 1071
578 2310
580 2178
580 2741
581 955
582 2710
582 2529
583 2321
583 2710
583 696
583 1161
583 955
583 1626
583 1712
586 2710
586 1659
587 2321
587 2710
587 696
587 2178
587 1161
587 2484
587 2961
587 1968
587 2027
587 2833
587 1264
587 2335
588 2741
589 2529
589 2072
590 2529
590 618
590 1109
590 2938
590 2883
591 2741
592 1131
594 2321
595 1991
596 1184
597 696
597 1580
598 2710
599 696
600 2178
600 1841
602 2321
602 2710
602 696
602 2178
602 1161
602 955
602 2741
602 1626
602 1184
602 2310
602 2571
602 718
602 1564
602 1968
602 1659
602 2108
602 1121
602 1673
602 2827
602 1563
602 1892
602 1341
602 1168
602 2675
602 1470
602 1547
602 713
602 664
602 1894
602 2533
602 2613
602 2449
602 711
602 1391
602 2417
602 999
603 2710
603 1184
603 1460
603 1024
604 2624
606 696
609 2587
610 2484
610 2670
611 2321
611 696
612 2321
612 2710
612 1361
614 1460
615 2484
615 1697
615 2716
616 2321
616 696
616 2310
616 2640
616 1248
617 2321
617 2710
617 2178
617 955
617 2529
617 2132
617 1279
618 2321
618 2710
618 696
618 2178
618 1161
618 955
618 2741
618 1626
618 1184
618 2310
618 1460
618 718
618 1271
618 949
618 2246
618 2352
618 2132
618 2506
618 2556
618 2601
618 1570
618 1397
618 1642
618 1985
618 2377
618 2324
618 1042
619 2892
620 1260
620 2907
621 2321
621 2710
621 2178
621 955
621 2601
621 1501
623 2484
623 949
626 1024
626 1591
627 1293
628 2422
629 2321
629 1161
629 2833
630 1161
630 1988
630 1862
631 2710
631 1161
631 1024
631 2144
631 695
631 1277
632 2321
632 2710
632 696
632 2178
632 1161
632 1623
632 774
632 1068
632 1336
632 963
633 2602
634 715
635 2321
635 2710
635 855
636 2321
636 2710
636 696
636 2178
636 1161
636 955
636 2741
636 1184
636 2310
636 2571
636 2529
636 2484
636 950
636 1271
636 755
636 1957
636 1923
636 2246
636 2670
636 2691
636 2624
636 2827
636 1570
636 692
636 1370
636 714
636 780
636 1835
636 2730
636 2038
636 1863
636 2279
636 1533
637 2710
637 2178
637 2622
638 2710
638 955
638 1286
639 2178
640 2991
641 2876
642 2310
642 2484
642 1283
643 2321
643 2710
643 955
643 1626
643 1177
644 2710
644 696
644 2741
644 950
644 1968
644 2352
645 696
645 2571
645 2484
645 1962
646 2397
647 696
647 1535
647 1214
648 2321
648 2710
648 696
648 2178
648 2741
648 2554
648 1495
649 2710
649 1161
650 2178
650 2876
650 978
650 1440
651 2741
652 2321
652 2710
652 696
652 2178
652 1161
652 1626
652 2571
652 2529
652 1460
652 1293
652 2961
653 1161
653 2145
654 1021
654 1629
654 2582
654 2599
656 1738
657 2321
657 1161
658 2202
660 2321
660 2710
660 696
660 2178
660 1161
660 2529
660 1271
660 1472
660 1071
660 1282
661 1005
662 2710
662 2178
662 955
662 2360
662 1314
663 696
663 955
663 1873
664 2178
664 1364
664 1128
665 1161
665 955
665 2792
666 2321
666 2178
666 1184
666 2484
666 949
666 2132
666 2430
666 1196
667 2178
667 1015
668 2710
668 696
668 955
668 1410
669 2321
670 2741
671 2741
671 2811
672 2710
672 696
672 1293
672 2940
673 1161
673 2907
674 2321
674 2710
674 696
674 2178
674 1161
674 955
674 2741
674 1184
674 2571
674 2484
674 1293
674 1550
674 2246
674 2601
674 2895
674 2955
675 696
676 2178
676 2906
677 2932
677 1760
678 955
678 2741
678 1524
678 1755
678 2016
678 2354
680 2710
681 2008
682 696
682 1161
683 2741
684 1550
684 1183
685 2506
685 1292
685 2569
685 1165
687 2321
688 2321
688 696
688 2178
688 2741
688 1626
688 2352
688 2643
688 1015
689 2321
689 696
689 2310
689 2571
689 2893
691 2027
692 2321
692 2710
692 696
692 955
692 2741
692 1626
692 2310
692 718
692 1563
692 2580
692 2036
692 1158
695 1279
696 2321
696 2710
696 2178
696 1161
696 955
696 2741
696 1626
696 1184
696 2310
696 2571
696 2529
696 2484
696 1460
696 718
696 1988
696 950
696 1271
696 1293
696 1024
696 1564
696 755
696 1841
696 949
696 728
696 1550
696 2407
696 2876
696 1187
696 729
696 1957
696 2422
696 1923
696 2246
696 2961
696 1968
696 2352
696 1623
696 2670
696 2704
696 1659
696 2132
696 2108
696 2202
696 2997
696 1279
696 1697
696 1067
696 2430
696 1684
696 978
696 2808
696 1615
696 2691
696 2274
696 2720
696 1021
696 1076
696 1180
696 2828
696 2405
696 855
696 2506
696 1204
696 2556
696 2027
696 2199
696 1121
696 918
696 2601
696 1210
696 2833
696 1629
696 1367
696 774
696 2072
696 2175
696 1260
696 2360
696 2346
696 2587
696 1673
696 1501
696 2802
696 726
696 1508
696 2225
696 1109
696 1723
696 2624
696 2827
696 1871
696 2913
696 2402
696 2334
696 2736
696 2932
696 1983
696 2034
696 1727
696 1449
696 1396
696 1524
696 2544
696 2699
696 914
696 1910
696 1506
696 913
696 2907
696 1098
696 1087
696 1570
696 1563
696 1712
696 995
696 2362
696 2844
696 2071
696 2809
696 1472
696 2325
696 1884
696 1413
696 2849
696 2289
696 1763
696 2938
696 2469
696 1397
696 972
696 2328
696 2182
696 1551
696 1549
696 2682
696 2090
696 2792
696 2231
696 2953
696 1642
696 2554
696 2298
696 2563
696 2400
696 2580
696 856
696 1376
696 1781
696 784
696 1196
696 2433
696 2825
696 1892
696 2777
696 1577
696 2319
696 2437
696 1760
696 2455
696 1573
696 1175
696 1372
696 2397
696 2933
696 1068
696 1314
696 1390
696 1268
696 1341
696 1796
696 1419
696 1348
696 1639
696 1392
696 1168
696 750
696 1275
696 2382
696 1470
696 1866
696 1370
696 794
696 2156
696 727
696 2358
696 2774
696 2545
696 2499
696 1360
696 2954
696 1547
696 2750
696 758
696 792
696 747
696 1264
696 1286
696 1131
696 2796
696 1740
696 2474
696 2677
696 1948
696 2789
696 975
696 786
696 1147
696 1963
696 1336
696 2185
696 947
696 2127
696 2626
696 2930
696 2886
696 791
696 1013
696 2036
696 713
696 1890
696 1851
696 2125
696 1079
696 2915
696 1990
696 1393
696 2717
696 2618
696 1089
696 732
696 2167
696 1578
696 1664
696 1154
696 1944
696 1118
696 883
696 1822
696 963
696 1572
696 2368
696 2379
696 1112
696 780
696 2852
696 2229
696 819
696 1981
696 2711
696 2573
696 2426
696 1725
696 1600
696 2190
696 1592
696 1559
696 1896
696 1535
696 964
696 2306
696 2987
696 2739
696 2801
696 954
696 1940
696 2744
696 951
696 1183
696 2986
696 1745
696 816
696 1875
696 2232
696 1918
696 2070
696 2547
696 1915
696 1783
696 2324
696 2316
696 2197
696 1416
696 1864
696 1579
696 3000
696 2960
696 1330
696 1556
696 1544
696 798
696 2026
696 2678
696 1976
696 1269
696 709
696 1298
696 2431
696 1517
696 2273
696 1616
696 2714
696 837
696 2955
696 1504
696 1412
696 1364
696 2701
696 2396
696 2188
696 1152
696 1828
696 1500
696 1824
696 1095
696 1007
696 2162
696 1863
696 1593
696 1591
696 2855
696 1297
696 2030
696 1443
696 1989
696 2279
696 2728
696 858
696 1232
696 2872
696 2376
696 1766
696 898
696 706
696 998
696 2724
696 1415
696 2008
696 1817
696 1285
696 961
696 2759
696 1173
696 2366
696 2239
696 1905
696 2130
696 912
696 1498
696 2228
696 1148
696 2487
696 1913
696 1420
696 1339
696 1585
696 1022
696 2811
696 1736
696 1523
696 1245
696 1925
696 2891
696 2835
696 2721
696 1485
696 1074
696 806
696 2683
696 2702
696 1605
696 1965
696 2053
696 2617
696 2198
696 1316
696 1936
696 2065
696 1032
696 1323
696 1442
696 1482
696 2138
696 1077
696 1650
696 2931
696 986
696 886
696 2253
696 2354
696 2460
696 2213
696 1724
696 850
696 1539
696 2879
696 1241
696 1813
696 1244
696 1474
696 1511
696 905
696 2249
696 887
696 1686
696 803
696 1732
696 2713
696 1554
696 1952
696 1555
696 1669
696 2423
696 1086
696 804
696 1999
696 1530
696 1418
696 2616
696 2995
696 719
696 1005
696 2769
696 931
696 970
696 2944
696 2636
696 1848
696 2297
696 2399
696 1562
696 2979
696 2446
696 2192
696 2659
696 2451
696 2461
696 2234
696 2705
696 2498
696 2244
696 2666
696 2483
696 771
696 1975
696 1090
696 2785
696 2681
696 884
696 2439
696 2864
696 911
696 1373
696 2737
696 1149
696 1777
696 1054
696 1256
696 971
696 1105
696 1340
696 2803
696 1365
696 894
696 2640
696 2513
696 2560
696 1066
696 699
696 1041
696 1893
696 1728
696 2707
697 1370
698 1161
700 1550
701 2178
701 1460
701 1024
702 2681
703 2321
704 2571
706 1036
708 1498
709 2321
709 1626
709 2202
709 2284
709 2381
711 760
712 2321
712 2710
712 955
712 718
712 2246
712 2203
713 2321
713 1161
713 1626
713 2529
713 1271
713 1712
713 2387
714 2710
714 1161
714 955
714 2741
714 2876
714 1697
714 1180
714 1089
714 2345
714 2383
716 2484
717 2710
718 2321
718 2710
718 2178
718 1161
718 955
718 2741
718 1626
718 1184
718 2310
718 2571
718 2529
718 2484
718 1460
718 1988
718 950
718 1271
718 1293
718 1024
718 1564
718 755
718 1841
718 949
718 728
718 2407
718 2876
718 1187
718 729
718 1957
718 1923
718 2961
718 2132
718 2997
718 1279
718 1697
718 2430
718 1684
718 978
718 2808
718 2691
718 2274
718 1021
718 1076
718 1204
718 918
718 2346
718 1673
718 726
718 1508
718 1109
718 1723
718 1983
718 1727
718 1449
718 1563
718 995
718 2362
718 1884
718 2849
718 2469
718 1798
718 1917
718 2485
718 1470
718 794
718 1137
718 1360
718 1948
718 1089
718 1578
718 1118
718 2379
718 819
718 2582
718 964
718 1108
718 1289
718 2003
718 1571
718 816
718 2904
718 1899
718 1915
718 1207
718 1319
718 2830
718 1330
718 1447
718 952
718 2092
718 2338
718 1406
718 2855
718 2279
718 2016
718 1415
718 1836
718 2366
718 1030
718 2239
718 1905
718 1913
718 2721
718 1272
718 1821
718 1784
718 2114
718 2354
718 1802
718 1236
718 2894
718 2245
718 1301
718 1842
718 957
718 2646
718 1834
718 2164
718 1494
718 2596
718 2028
718 1254
720 2571
721 1899
722 2710
722 2571
722 2440
723 2178
723 2484
724 2321
726 2321
726 2710
726 2178
726 1161
726 955
726 2741
726 1626
726 2310
726 949
726 2352
726 855
726 2027
726 2601
726 1472
726 2773
726 2626
726 1329
726 1234
726 1853
727 2710
727 955
727 1626
727 1184
727 1988
727 1293
727 2735
727 2376
727 2381
728 2321
728 2710
728 2178
728 1161
728 955
728 2741
728 1626
728 1184
728 2310
728 2571
728 2529
728 2484
728 1460
728 950
728 1271
728 1293
728 1024
728 1564
728 755
728 1187
728 2704
728 1615
728 2720
728 918
728 1629
728 2175
728 2802
728 1508
728 2034
728 995
728 1472
728 2469
728 1798
728 1512
728 1476
728 2426
728 1108
728 1899
728 3000
728 1989
728 1613
728 1762
728 2085
728 1241
728 982
728 2767
728 1070
729 2321
729 2710
729 2178
729 1161
729 955
729 2741
729 1626
729 1184
729 2310
729 2571
729 2529
729 2484
729 1460
729 1988
729 950
729 1564
729 1841
729 2407
729 2876
729 2422
729 1968
729 978
729 2720
729 1121
729 995
729 2809
729 1763
729 2682
729 1196
729 2007
729 1218
729 2789
729 1186
729 980
729 1108
729 2768
729 2351
729 1241
729 926
729 2154
729 765
729 2669
732 2321
732 2741
733 2484
733 792
734 2883
735 2321
735 2710
735 2741
735 1577
735 1390
736 2571
736 2987
736 1108
736 1842
739 2710
739 1161
739 955
739 2484
744 1626
744 755
744 1165
746 2710
746 1626
746 1318
746 2314
746 2118
747 2710
747 2741
747 1271
747 1550
747 2506
747 914
747 1549
747 965
749 2321
749 2178
749 1161
749 1626
749 2828
749 993
750 2321
750 2710
750 1161
750 1460
750 950
750 1841
750 1550
751 2741
752 2741
752 1184
752 1396
754 2321
754 1564
755 2321
755 2710
755 2178
755 1161
755 955
755 2741
755 1626
755 1184
755 2310
755 2571
755 2529
755 2484
755 1460
755 1988
755 950
755 1271
755 1293
755 1024
755 1564
755 1841
755 1550
755 2407
755 2876
755 1957
755 2246
755 2704
755 2430
755 1076
755 855
755 1204
755 1396
755 1570
755 2182
755 2563
755 2580
755 1196
755 2825
755 2437
755 1163
755 942
755 1990
755 1885
755 2923
755 2790
755 1786
755 806
755 2623
755 2084
755 909
755 1611
755 2131
755 1176
755 1167
755 2429
755 2087
755 1054
756 2741
756 2913
757 2321
757 2178
757 955
757 2529
757 1988
757 949
757 1506
758 2741
758 1626
758 1367
758 1910
758 1763
758 1137
758 1574
759 2321
760 2321
760 2710
760 2178
760 1161
760 955
760 2741
760 2571
760 1564
760 2360
760 2334
760 1413
760 1718
760 2568
760 2025
760 1350
761 1204
762 1841
762 1957
763 2321
763 1988
764 2321
764 1161
764 955
764 1271
764 1574
764 847
764 1167
767 1623
768 1697
768 1642
769 2003
770 2961
770 2527
771 2321
772 2321
772 2710
772 1372
773 2321
773 1353
774 2321
774 2710
774 2178
774 1161
774 955
774 2741
774 1626
774 1184
774 2571
774 1460
774 950
774 949
774 2430
774 1615
774 1390
774 1828
774 2732
774 2351
774 2301
775 2571
776 2710
777 2710
777 2178
778 1626
778 2938
779 1184
780 1161
780 2601
780 914
780 2697
780 2093
781 2571
781 1957
782 1161
782 2805
783 1968
783 2274
783 2027
784 2321
784 2710
784 2178
784 1161
784 955
784 1626
784 2571
784 949
784 2132
784 2691
784 2720
784 2587
784 2699
784 2125
784 1511
784 1153
784 848
785 2710
785 942
786 2710
786 2132
786 2862
786 2100
788 1161
788 1626
788 2642
790 2710
791 2710
791 1161
791 2310
791 2352
791 2576
791 1194
792 2321
792 2710
792 1161
792 2310
792 1293
792 1187
792 2626
792 2454
793 2178
793 2571
793 1372
793 1340
794 2321
794 2710
794 1161
794 2741
794 1184
795 2710
795 1551
796 2710
796 1161
798 2741
798 2997
798 1314
798 1392
798 1384
799 2361
800 1184
801 2710
802 2710
802 2484
802 1699
803 2594
805 1615
807 2720
809 2710
809 1184
811 1841
813 2422
814 2710
815 2724
816 2178
816 1161
816 2741
816 2529
816 1271
816 2625
817 1515
818 2321
818 2710
818 955
818 1673
818 2796
818 1653
819 2321
819 1161
819 1626
819 1067
819 1204
819 1183
822 2710
823 2178
823 1968
825 2710
825 2699
826 2283
827 2741
827 2876
827 1910
827 2319
828 2741
829 1775
830 1988
831 955
831 1538
832 1923
833 2321
833 2710
833 2741
833 1533
834 1293
834 2113
835 1161
835 1550
836 2710
836 2178
836 2508
837 2321
837 1161
838 2321
839 1360
840 1161
841 2321
841 2178
841 2484
841 1550
841 2108
842 1626
843 2321
843 1184
845 955
846 2321
846 955
847 2710
849 972
850 955
854 2741
854 1693
855 2321
855 2710
855 2178
855 1161
855 955
855 2741
855 1626
855 2484
855 1293
855 1564
855 2246
855 1180
855 2199
855 1629
855 1163
855 2473
855 1773
855 1463
855 2354
855 1800
855 1407
856 2321
856 2710
856 2178
856 1161
856 955
856 2741
856 1988
856 995
856 2522
856 2306
858 955
858 2529
858 950
858 2225
859 2741
860 2321
860 1683
861 1069
862 2321
862 1161
862 2741
862 2634
864 2178
864 1184
864 1460
864 2736
864 1781
864 2797
865 950
865 2556
866 2178
867 950
868 1184
869 2321
871 2178
871 1161
871 1626
871 1751
871 2306
871 2143
872 995
872 2433
873 2321
875 2710
875 1184
876 2717
879 2402
880 1796
881 2710
881 1161
882 2321
882 2710
882 955
882 2741
882 1024
882 2643
882 2532
882 1544
882 1517
883 2710
883 1161
883 1550
883 1918
884 1175
885 2321
885 2178
887 1760
887 2217
888 2571
888 949
889 2997
889 963
890 2710
890 1161
890 1024
890 1021
890 1367
890 2825
890 2522
890 1584
892 1896
892 997
893 2529
893 1532
895 1279
897 2484
897 1341
898 2321
898 1626
898 2246
899 1451
901 2019
901 1459
903 2321
903 2178
903 2741
903 1563
905 2955
906 2178
906 949
906 2720
907 1161
912 2687
913 2321
913 2710
913 2178
913 1161
913 955
913 2741
913 2571
913 2529
913 1187
913 2246
913 975
913 2834
913 2508
913 2929
914 2321
914 2710
914 2178
914 1161
914 2310
914 1293
914 2199
914 1917
914 1390
914 1341
914 2187
914 2549
915 2321
915 2710
915 2484
915 2773
916 2178
916 1184
916 1962
916 2934
917 1184
918 2321
918 2710
918 2178
918 1161
918 955
918 2741
918 2310
918 1271
918 1293
918 2808
918 1367
918 2072
918 1763
918 1321
918 1739
918 2830
918 2000
918 1402
919 2178
919 1184
919 1564
919 1957
920 2710
922 2321
922 2741
923 1449
926 1187
927 2178
928 2071
928 1068
929 2953
931 1293
932 1161
932 1184
932 1188
935 1944
936 955
937 2710
937 2484
937 1957
937 1501
937 2768
939 1361
940 1615
941 2310
942 2321
942 955
942 2741
942 1749
942 1290
944 2710
945 2321
946 2710
947 1161
947 2310
947 1988
947 2132
947 2506
947 1323
948 2529
948 1180
949 2321
949 2710
949 2178
949 1161
949 955
949 2741
949 1626
949 1184
949 2310
949 2571
949 2529
949 2484
949 1460
949 1988
949 1271
949 1024
949 1564
949 1550
949 2407
949 1187
949 2422
949 1923
949 2961
949 2132
949 1067
949 978
949 2808
949 2274
949 2199
949 1367
949 2072
949 2360
949 2334
949 2907
949 1196
949 1892
949 2777
949 1410
949 1218
949 2815
949 1851
949 1956
949 2594
949 1559
949 2357
949 2939
949 1048
949 2853
949 1022
949 2819
949 2839
949 1529
949 1655
949 1812
949 2365
949 2966
950 2321
950 2710
950 2178
950 1161
950 955
950 2741
950 1626
950 1184
950 2310
950 2571
950 2529
950 2484
950 1460
950 1988
950 1271
950 1293
950 1024
950 1564
950 1957
950 2422
950 1923
950 1968
950 1623
950 2704
950 2132
950 2108
950 1684
950 2274
950 2405
950 2833
950 2346
950 1673
950 2802
950 1396
950 1563
950 2362
950 2809
950 1884
950 2938
950 2469
950 1390
950 1341
950 1866
950 2358
950 2750
950 1163
950 2974
950 2886
950 1739
950 2522
950 2987
950 1243
950 1758
950 2070
950 2547
950 2672
950 1447
950 1541
950 1232
950 2363
950 1456
950 1520
950 2993
950 2085
950 2684
950 1795
950 2258
950 1346
950 1653
950 991
950 2557
950 2452
950 967
950 2112
950 2414
951 2321
951 2741
951 2407
952 2710
953 2321
954 2178
954 2571
954 1271
954 1551
955 2321
955 2710
955 2178
955 1161
955 2741
955 1626
955 1184
955 2310
955 2571
955 2529
955 2484
955 1460
955 1988
955 1271
955 1293
955 1024
955 1564
955 1841
955 1550
955 2407
955 2876
955 1187
955 1957
955 2422
955 1923
955 2246
955 2961
955 1968
955 2352
955 1623
955 2670
955 2704
955 1659
955 2132
955 2108
955 2202
955 2997
955 1279
955 1697
955 1067
955 2430
955 1684
955 978
955 2808
955 1615
955 2691
955 2274
955 2720
955 1021
955 1076
955 1180
955 2828
955 2405
955 2506
955 1204
955 2556
955 2027
955 2199
955 1121
955 2601
955 1210
955 2833
955 1629
955 1367
955 2072
955 2175
955 1260
955 2360
955 2346
955 2587
955 1673
955 2802
955 1508
955 2225
955 1109
955 1723
955 2624
955 2827
955 1871
955 2913
955 2402
955 2334
955 2736
955 2932
955 1983
955 2034
955 1727
955 1449
955 1396
955 1524
955 2544
955 1910
955 1506
955 2907
955 1087
955 1563
955 1712
955 2362
955 2071
955 2809
955 1472
955 1884
955 2849
955 2289
955 2938
955 2469
955 1397
955 2182
955 1551
955 1549
955 2682
955 2792
955 2953
955 2554
955 2563
955 2400
955 2580
955 1376
955 1781
955 2433
955 2825
955 1577
955 2455
955 1798
955 1268
955 1321
955 1639
955 1392
955 1345
955 2382
955 1470
955 2358
955 2496
955 2007
955 2545
955 2941
955 2750
955 2796
955 2770
955 2974
955 2677
955 2797
955 1147
955 1250
955 2127
955 1199
955 1071
955 1890
955 2534
955 2494
955 2473
955 2125
955 2283
955 1578
955 1154
955 1944
955 2248
955 1956
955 1700
955 1476
955 2470
955 963
955 2368
955 2379
955 1112
955 2145
955 2285
955 2852
955 1733
955 2582
955 1981
955 2573
955 1115
955 2377
955 1896
955 1499
955 2361
955 1617
955 2357
955 1108
955 2801
955 2744
955 1009
955 2923
955 2207
955 1361
955 1596
955 2232
955 1398
955 1899
955 2939
955 2975
955 2316
955 2103
955 1319
955 2149
955 3000
955 1852
955 2678
955 2588
955 2543
955 1447
955 1616
955 1950
955 1229
955 1541
955 1412
955 1364
955 1828
955 2049
955 1443
955 1064
955 2726
955 2873
955 1548
955 1921
955 1620
955 2553
955 1484
955 1718
955 2366
955 2066
955 2541
955 2856
955 1913
955 1785
955 1996
955 1804
955 1185
955 1509
955 1605
955 2491
955 1102
955 1947
955 2906
955 1331
955 2531
955 2533
955 2820
955 2993
955 1784
955 1296
955 2819
955 1707
955 1177
955 2846
955 1511
955 2899
955 1462
955 2409
955 1802
955 1202
955 2713
955 1675
955 2900
955 2365
955 2980
955 1292
955 1608
955 1012
955 1283
955 1164
955 2610
955 2909
955 1005
955 1589
955 1119
955 2924
955 2718
955 1654
955 2745
955 2373
955 2824
955 2191
955 1953
955 1877
955 2330
955 1356
955 2266
955 2243
955 2294
955 1465
955 2973
955 1423
955 2212
955 1041
955 2014
955 1769
956 2710
956 2529
956 1824
957 2321
957 2529
957 1712
957 1765
958 2321
958 2710
958 2178
960 2852
960 2550
961 2710
961 1923
961 1642
962 1871
962 2377
962 1311
963 2321
964 2710
964 2571
964 1550
965 2321
965 2710
965 1161
965 2809
965 2863
965 2154
965 1937
965 1025
966 2310
968 2670
968 2455
969 2571
970 2231
971 1147
971 2606
972 2321
972 2710
972 1161
972 1626
972 2571
972 2529
972 2407
972 1659
972 1021
972 2828
972 2556
972 2827
972 1910
972 2400
972 2744
972 2338
972 993
972 2630
972 2011
973 1161
973 2741
975 2178
975 2741
975 2571
975 1968
975 1596
977 2918
978 2321
978 2710
978 2178
978 1161
978 2741
978 1626
978 1184
978 2571
978 2529
978 1460
978 1564
978 1550
978 1923
978 1659
978 2430
978 2360
978 2624
978 2469
978 2675
978 2750
978 2473
978 2947
978 1571
978 1504
978 1742
978 1280
978 1987
978 1663
978 1737
978 2278
979 2552
979 1411
980 2321
980 2710
980 1564
980 2892
980 2946
981 2274
981 2918
982 2710
982 1299
984 1161
984 2310
984 2913
986 2710
986 2178
987 2321
987 2710
987 2178
987 1161
987 2529
987 2132
987 1449
987 1836
988 1957
988 2833
988 1617
989 1875
990 1204
991 2321
991 1098
993 1472
994 1723
995 2321
995 2710
995 2178
995 1161
995 1184
995 2529
995 1460
995 1988
995 1564
995 2430
995 2360
995 2225
995 2844
995 1137
995 1885
995 2972
995 1188
997 2710
997 2571
997 2529
997 2760
997 1085
998 2710
998 2094
999 1078
999 2429
1000 2741
1001 1525
1002 2140
1003 2178
1003 2310
1004 1187
1007 2321
1007 2741
1008 2321
1008 2178
1008 2381
1009 1626
1009 2352
1009 1309
1010 2321
1011 2321
1011 2422
1011 1968
1011 1397
1011 2789
1012 1024
1013 2321
1015 2358
1018 2289
1020 2529
1021 2321
1021 2710
1021 2178
1021 1161
1021 2741
1021 1626
1021 1184
1021 2529
1021 2484
1021 1024
1021 1550
1021 1175
1021 1751
1021 1592
1021 2610
1021 2337
1021 1157
1024 2321
1024 2710
1024 2178
1024 1161
1024 2741
1024 1626
1024 1184
1024 2310
1024 2571
1024 2529
1024 2484
1024 1460
1024 1988
1024 1293
1024 1564
1024 1841
1024 1550
1024 1957
1024 2246
1024 1968
1024 2352
1024 2108
1024 1279
1024 2808
1024 2405
1024 2199
1024 1723
1024 1871
1024 1727
1024 2699
1024 1098
1024 1472
1024 1275
1024 1147
1024 1250
1024 2127
1024 1990
1024 1089
1024 1186
1024 2573
1024 1329
1024 1745
1024 1773
1024 1789
1024 1616
1024 2442
1024 2359
1024 2335
1024 2363
1024 1415
1024 2487
1024 1529
1024 2205
1024 1980
1024 1699
1024 1566
1024 2091
1024 1308
1024 1734
1026 1174
1030 1275
1031 2178
1031 1161
1031 1279
1033 2321
1033 2178
1033 2494
1033 1523
1034 2321
1034 2710
1034 1161
1035 2876
1035 1314
1035 2022
1035 1228
1036 2321
1038 1293
1038 1399
1038 1205
1039 2321
1040 2086
1042 1550
1043 2710
1044 2178
1044 1187
1044 2239
1045 2178
1045 2571
1047 2124
1048 1161
1048 1626
1048 2360
1049 2710
1049 2741
1049 2720
1050 1565
1052 2321
1053 2710
1054 1564
1055 2321
1055 1841
1055 1921
1056 2710
1056 2913
1056 2362
1056 1916
1056 1101
1057 2321
1057 2710
1057 1626
1057 1184
1057 1187
1057 2932
1057 1477
1058 2178
1058 1161
1058 1626
1058 2484
1058 1271
1058 1564
1058 1841
1058 1508
1058 2823
1058 2377
1059 2741
1059 1460
1059 1988
1059 1564
1059 2474
1059 1984
1059 2746
1060 2326
1061 2178
1063 2529
1063 1563
1063 2069
1064 2710
1064 2741
1064 2310
1064 2894
1065 2710
1065 1184
1065 2711
1066 1205
1067 2321
1067 2710
1067 2178
1067 1161
1067 2741
1067 1626
1067 1184
1067 2571
1067 2529
1067 2484
1067 1460
1067 1957
1067 2961
1067 2352
1067 2405
1067 1508
1067 2938
1067 2358
1067 2117
1067 1476
1067 2285
1067 2152
1067 2207
1067 1931
1067 1795
1067 1909
1068 2321
1068 2710
1068 2178
1068 1161
1068 2407
1068 2691
1068 2071
1068 2358
1068 1285
1068 1695
1069 2710
1071 2321
1071 2710
1071 1161
1071 1564
1071 1362
1072 1461
1074 2178
1075 2710
1076 2321
1076 2710
1076 2178
1076 1161
1076 2741
1076 1988
1076 2876
1076 2346
1076 1892
1076 2543
1076 2079
1076 1130
1077 2710
1077 1184
1077 1506
1078 2321
1078 1957
1078 2195
1079 2710
1079 2178
1079 1447
1079 2162
1079 2728
1079 1382
1081 2321
1081 2844
1082 1626
1084 1712
1084 1549
1084 1916
1085 2710
1086 2710
1087 2321
1087 2710
1087 2178
1087 1161
1087 1184
1087 1841
1087 1968
1087 2298
1087 1736
1087 2738
1087 2850
1089 2321
1089 2178
1089 2741
1089 1293
1089 2433
1091 2310
1091 2470
1092 2710
1093 2741
1095 2053
1096 2178
1096 1161
1096 2571
1096 2529
1096 2027
1098 2321
1098 2710
1098 2178
1098 1161
1098 2741
1098 1626
1098 2352
1098 2405
1098 2199
1098 2587
1098 2849
1098 2554
1098 1168
1098 1131
1098 2773
1098 2396
1098 1947
1098 2436
1098 2067
1098 1954
1100 2710
1102 2529
1102 1841
1103 2321
1103 1186
1104 2529
1104 2682
1106 1341
1108 2710
1108 2178
1108 1626
1109 2321
1109 2710
1109 2178
1109 1161
1109 1968
1109 2682
1109 1376
1109 1547
1109 2643
1109 1512
1109 1319
1111 1161
1112 1161
1112 1279
1113 1184
1114 2580
1115 2321
1115 1161
1115 1184
1115 2997
1115 1549
1115 2663
1116 2710
1118 1314
1118 2615
1119 2698
1119 2729
1119 1929
1120 2710
1121 2321
1121 2710
1121 2178
1121 1161
1121 2741
1121 1626
1121 1184
1121 2310
1121 1187
1121 1957
1121 1923
1121 2827
1121 2402
1121 1123
1121 2403
1121 2092
1121 1159
1121 1753
1122 2321
1122 1161
1122 2484
1122 1615
1123 2362
1123 1410
1124 2710
1124 1147
1125 2741
1126 2321
1126 2710
1127 1965
1128 2321
1128 1626
1128 1988
1129 2710
1131 2710
1131 1988
1131 1781
1131 2777
1131 1944
1132 1564
1133 1161
1133 2741
1133 2430
1134 2310
1134 2328
1134 2020
1135 2178
1136 2422
1137 2710
1137 2741
1137 2571
1137 1564
1137 2298
1137 2836
1138 2321
1138 2178
1138 2246
1138 2907
1138 1404
1140 2741
1140 2310
1144 2321
1144 2407
1145 2710
1146 2710
1146 2604
1147 2710
1147 2938
1148 2710
1148 2419
1149 2321
1154 2321
1154 2710
1154 2741
1154 2149
1154 2245
1155 2321
1158 2710
1158 2178
1158 2529
1158 2346
1158 1559
1159 2178
1161 2321
1161 2710
1161 2178
1161 2741
1161 1626
1161 1184
1161 2310
1161 2571
1161 2529
1161 2484
1161 1460
1161 1988
1161 1271
1161 1293
1161 1564
1161 1841
1161 1550
1161 2407
1161 2876
1161 1187
1161 1957
1161 2422
1161 1923
1161 2246
1161 2961
1161 1968
1161 2352
1161 1623
1161 2670
1161 2704
1161 1659
1161 2132
1161 2108
1161 2202
1161 2997
1161 1279
1161 1697
1161 2430
1161 1684
1161 2808
1161 1615
1161 2691
1161 2274
1161 2720
1161 1180
1161 2828
1161 2405
1161 2506
1161 1204
1161 2556
1161 2027
1161 2199
1161 2601
1161 1210
1161 2833
1161 1629
1161 1367
1161 2072
1161 2175
1161 1260
1161 2360
1161 2346
1161 2587
1161 1673
1161 1501
1161 2802
1161 1508
1161 2225
1161 1723
1161 2624
1161 2827
1161 1871
1161 2913
1161 2402
1161 2334
1161 2736
1161 2932
1161 1983
1161 1727
1161 1449
1161 1396
1161 1524
1161 2544
1161 2699
1161 1910
1161 2907
1161 1570
1161 1712
1161 2362
1161 2844
1161 2071
1161 2809
1161 1472
1161 2325
1161 1884
1161 1413
1161 2849
1161 2289
1161 1763
1161 1397
1161 2328
1161 2182
1161 1549
1161 2792
1161 2231
1161 2953
1161 1642
1161 2554
1161 2298
1161 2580
1161 1781
1161 1196
1161 2433
1161 2825
1161 2777
1161 2319
1161 1760
1161 1573
1161 1175
1161 1798
1161 2397
1161 1917
1161 1390
1161 1268
1161 1639
1161 2675
1161 1470
1161 1866
1161 1370
1161 2863
1161 2496
1161 2499
1161 2941
1161 2393
1161 1264
1161 2796
1161 1740
1161 1603
1161 1948
1161 2797
1161 2823
1161 1250
1161 2127
1161 2930
1161 2886
1161 2815
1161 2534
1161 1807
1161 2125
1161 2283
1161 1985
1161 1885
1161 2257
1161 1700
1161 1495
1161 2470
1161 1822
1161 1739
1161 1572
1161 1195
1161 1281
1161 2285
1161 1981
1161 1725
1161 2972
1161 1592
1161 2152
1161 2306
1161 1683
1161 2969
1161 2698
1161 2801
1161 1758
1161 1865
1161 1233
1161 2708
1161 2842
1161 1918
1161 1726
1161 2551
1161 2939
1161 1258
1161 2317
1161 2103
1161 1234
1161 1190
1161 1188
1161 1852
1161 2588
1161 1318
1161 2543
1161 1282
1161 2768
1161 2804
1161 1447
1161 1504
1161 2701
1161 2372
1161 1863
1161 1843
1161 2406
1161 2016
1161 1232
1161 2872
1161 2047
1161 1680
1161 1817
1161 1478
1161 2364
1161 1916
1161 2023
1161 1672
1161 2130
1161 2086
1161 2541
1161 2837
1161 1621
1161 1337
1161 1409
1161 2663
1161 2757
1161 1463
1161 2080
1161 2169
1161 2126
1161 2835
1161 2832
1161 1485
1161 1520
1161 1455
1161 2822
1161 1744
1161 1431
1161 2046
1161 2144
1161 2799
1161 1805
1161 1316
1161 2993
1161 1749
1161 2252
1161 1320
1161 2865
1161 2253
1161 1247
1161 2286
1161 1722
1161 1912
1161 1223
1161 1840
1161 1802
1161 2957
1161 1328
1161 2890
1161 1987
1161 2240
1161 1407
1161 1747
1161 2304
1161 2542
1161 1487
1161 2371
1161 1692
1161 2206
1161 2214
1161 2637
1161 2747
1161 2615
1161 2295
1161 1911
1161 1200
1161 2780
1161 2648
1161 2606
1161 1652
1161 1633
1161 2032
1161 2299
1161 2166
1161 2984
1161 1527
1161 1790
1161 2962
1161 2928
1161 2158
1161 2308
1161 1716
1163 2321
1163 2710
1163 2529
1165 2321
1166 1826
1168 2710
1168 2178
1168 2202
1168 1697
1168 2720
1168 1180
1168 1419
1169 2710
1170 2334
1172 2710
1172 1271
1173 1261
1174 2807
1175 2321
1175 2710
1175 2178
1175 2529
1175 2225
1175 2328
1175 2770
1175 2366
1177 1884
1178 2321
1178 2741
1180 2321
1180 2710
1180 2178
1180 2741
1180 1626
1180 1564
1180 2422
1180 2132
1180 2430
1180 2072
1180 2699
1180 1563
1180 2362
1180 2580
1180 1268
1180 1500
1180 2279
1180 2679
1180 1714
1182 2178
1182 1988
1182 2832
1184 2321
1184 2710
1184 2178
1184 2741
1184 1626
1184 2310
1184 2571
1184 2529
1184 2484
1184 1460
1184 1988
1184 1271
1184 1293
1184 1564
1184 1841
1184 1550
1184 2407
1184 2876
1184 1187
1184 1957
1184 2422
1184 1923
1184 2246
1184 2961
1184 1968
1184 2352
1184 1623
1184 2132
1184 2108
1184 1279
1184 2430
1184 1684
1184 1204
1184 2556
1184 2199
1184 2601
1184 1210
1184 2833
1184 1629
1184 2175
1184 2360
1184 2346
1184 2587
1184 1673
1184 2827
1184 2913
1184 2334
1184 2034
1184 1727
1184 2699
1184 1910
1184 2907
1184 2362
1184 2844
1184 2809
1184 1884
1184 1413
1184 1551
1184 1549
1184 2231
1184 2400
1184 1196
1184 1892
1184 2319
1184 2437
1184 2455
1184 1372
1184 1798
1184 1917
1184 1321
1184 2156
1184 2496
1184 2545
1184 1360
1184 2773
1184 1948
1184 1224
1184 2194
1184 2930
1184 1393
1184 1978
1184 1578
1184 1944
1184 2552
1184 1822
1184 1281
1184 1993
1184 2972
1184 1535
1184 1683
1184 2969
1184 1940
1184 2923
1184 1429
1184 1783
1184 1803
1184 1188
1184 1444
1184 1464
1184 2239
1184 1939
1184 1648
1184 2837
1184 2627
1184 1925
1184 2025
1184 2342
1184 2488
1184 1496
1184 2148
1184 2566
1184 2428
1184 1627
1184 2900
1184 2443
1184 1608
1184 2284
1184 1669
1184 1937
1184 1344
1184 2050
1184 2074
1184 2794
1184 2172
1184 2557
1184 1769
1185 2321
1186 2321
1186 2178
1186 2334
1186 1751
1186 2016
1186 1310
1186 1881
1187 2321
1187 2710
1187 2178
1187 2741
1187 1626
1187 2310
1187 2571
1187 2529
1187 2484
1187 1460
1187 1271
1187 1564
1187 2407
1187 1968
1187 2346
1187 1508
1187 2827
1187 2334
1187 1506
1187 1570
1187 2844
1187 2554
1187 1390
1187 1583
1187 2618
1187 2229
1187 1678
1187 1976
1187 2927
1187 1247
1187 2043
1187 2217
1187 2154
1187 2893
1187 2636
1188 2710
1188 2178
1188 2310
1189 1460
1190 1626
1190 2571
1190 2624
1191 2034
1195 1512
1196 2321
1196 2710
1196 2178
1196 1564
1196 1341
1196 2784
1199 2710
1199 2178
1199 1968
1199 2274
1199 1317
1200 1544
1202 2506
1203 2940
1204 2321
1204 2710
1204 2178
1204 2741
1204 1626
1204 2571
1204 2225
1204 2777
1204 1218
1204 1495
1204 2678
1204 2664
1204 2705
1204 1900
1205 1968
1206 2071
1207 2997
1207 2870
1208 1293
1210 2321
1210 2710
1210 2178
1210 2741
1210 1626
1210 2529
1210 1293
1210 2876
1210 2422
1210 1659
1210 2175
1210 2071
1210 2473
1210 1807
1210 1398
1210 2548
1210 1555
1210 2970
1210 1780
1210 2586
1211 1905
1213 2321
1214 2710
1214 1460
1215 2571
1217 1460
1218 2321
1218 2710
1218 2310
1218 2366
1218 2832
1219 2283
1220 1697
1221 2710
1221 2310
1222 2178
1222 2643
1223 2710
1224 2321
1224 2710
1224 2309
1225 2710
1226 2529
1226 1583
1228 2710
1231 2321
1231 2368
1231 2855
1232 2957
1233 1293
1234 2710
1234 2178
1234 2202
1235 1321
1236 2178
1237 1841
1237 2947
1239 1564
1239 2720
1240 2710
1241 2178
1242 2321
1242 1626
1243 2321
1243 2710
1244 2178
1244 2730
1245 2714
1247 2691
1248 2202
1249 2710
1249 2178
1249 1684
1250 2321
1250 2710
1250 2178
1250 1271
1250 2437
1250 2692
1251 1451
1257 2321
1257 2334
1258 2321
1258 1775
1259 2710
1260 2321
1260 2710
1260 2178
1260 2741
1260 2090
1260 2433
1260 2185
1260 1592
1260 1907
1260 1526
1260 2657
1261 2571
1262 2132
1264 2321
1264 2710
1264 2174
1264 1292
1264 1601
1267 2178
1268 2321
1268 1271
1268 1348
1268 2594
1269 2321
1269 2132
1269 2003
1271 2321
1271 2710
1271 2178
1271 2741
1271 1626
1271 2310
1271 2571
1271 2529
1271 2484
1271 1460
1271 1988
1271 1293
1271 1564
1271 1841
1271 2407
1271 2422
1271 2961
1271 1968
1271 2132
1271 2108
1271 2506
1271 2199
1271 1629
1271 2225
1271 2034
1271 1396
1271 2907
1271 2362
1271 1884
1271 2849
1271 2298
1271 1376
1271 1370
1271 1286
1271 2194
1271 1782
1271 2152
1271 2306
1271 2730
1271 2004
1271 2804
1271 2008
1271 2732
1271 1585
1271 2312
1271 2832
1271 1897
1271 2755
1271 1992
1271 2291
1271 2250
1273 1910
1274 2407
1275 2710
1275 2178
1275 2071
1275 2563
1276 2321
1277 1293
1279 2321
1279 2710
1279 2178
1279 2741
1279 1626
1279 1460
1279 1968
1279 2132
1279 2405
1279 2433
1279 1535
1279 2003
1279 1361
1279 2403
1279 1500
1279 2025
1279 1418
1279 1735
1280 2321
1280 2178
1280 2885
1281 2231
1282 2321
1284 2321
1285 2691
1285 2720
1286 2710
1286 2178
1286 2571
1286 1841
1286 2225
1287 2005
1288 2741
1289 2321
1289 2178
1289 1605
1291 2422
1292 2178
1292 2407
1293 2321
1293 2710
1293 2178
1293 2741
1293 1626
1293 2310
1293 2571
1293 2529
1293 2484
1293 1460
1293 1988
1293 1564
1293 1550
1293 2876
1293 1957
1293 2422
1293 1923
1293 2108
1293 1684
1293 1723
1293 2932
1293 1396
1293 2362
1293 1763
1293 1397
1293 1796
1293 1321
1293 1392
1293 1370
1293 2358
1293 2146
1293 2194
1293 2185
1293 2229
1293 1429
1293 1820
1293 2316
1293 2103
1293 2149
1293 2898
1293 2315
1293 1694
1293 2721
1293 1912
1293 2598
1293 2713
1293 1770
1293 2057
1293 1588
1293 1759
1294 2710
1295 2321
1295 2202
1296 2710
1296 1911
1297 1564
1298 2321
1298 1626
1301 2178
1303 2321
1303 2710
1303 2405
1305 1684
1306 2321
1306 2797
1308 2736
1310 2321
1310 2876
1310 2225
1310 1396
1311 2178
1311 2643
1312 2710
1312 2153
1312 1648
1312 1897
1313 2710
1314 2321
1314 2710
1314 2178
1314 1871
1314 2933
1314 2805
1316 2710
1317 1968
1319 2321
1319 2178
1319 2484
1319 1957
1319 2972
1321 2321
1321 2710
1321 2178
1321 2741
1321 2808
1321 2402
1321 2379
1321 2891
1324 2429
1325 2802
1325 1810
1326 2178
1326 1602
1328 2407
1328 1791
1329 2710
1329 2178
1329 1460
1329 1484
1330 2710
1330 2178
1330 2430
1331 1626
1331 1341
1331 1444
1331 2742
1332 2710
1335 2310
1336 2178
1336 2961
1336 1623
1336 1684
1338 1988
1339 2321
1339 2710
1339 1670
1341 2321
1341 2710
1341 1841
1341 2601
1341 1501
1341 2913
1341 1852
1341 1533
1341 2221
1342 2175
1342 2156
1343 2710
1344 1450
1345 2321
1345 2710
1345 2741
1345 2736
1345 2198
1345 2214
1348 2321
1348 2178
1348 2529
1348 1615
1348 2402
1348 2873
1350 2710
1350 2346
1350 2427
1351 1684
1352 1615
1352 2780
1355 1988
1355 1550
1360 2321
1360 2710
1360 2476
1361 2321
1361 1626
1361 2310
1362 2310
1364 2484
1364 1697
1365 2710
1367 2321
1367 2710
1367 2178
1367 2430
1367 1712
1367 1917
1367 1990
1367 2134
1368 2710
1370 2321
1370 2178
1370 1629
1370 1874
1372 2321
1372 2710
1372 1460
1372 2796
1372 2315
1372 2921
1372 2139
1374 2321
1374 2710
1374 2071
1375 2710
1375 2178
1375 1626
1376 2321
1376 2710
1376 2741
1376 1564
1376 2352
1378 2072
1380 2321
1380 2178
1380 2571
1382 1460
1383 2178
1384 2321
1384 2710
1385 2741
1387 2178
1390 2321
1390 2710
1390 2178
1390 2580
1390 2505
1392 2321
1392 2710
1392 2741
1392 1626
1392 2407
1392 2202
1392 1890
1392 1905
1392 2674
1393 2178
1393 2529
1394 2710
1394 1841
1396 2321
1396 2710
1396 2178
1396 2741
1396 1659
1396 2274
1396 2027
1396 1810
1396 2640
1397 2321
1397 2710
1397 2178
1397 1626
1397 1988
1397 1910
1397 2203
1397 2579
1398 2178
1398 1706
1400 2741
1400 1525
1400 2454
1402 2274
1403 1550
1405 2310
1405 1508
1406 2529
1406 2961
1407 2306
1408 1626
1409 2783
1410 2321
1410 2710
1410 2178
1410 1626
1410 2529
1410 2484
1410 2828
1410 1556
1410 1541
1412 2321
1412 2710
1412 1550
1412 2699
1412 1491
1413 2321
1413 2710
1413 2178
1413 1626
1413 2484
1413 2352
1413 1615
1413 2405
1413 2534
1413 1459
1413 2507
1413 1530
1415 2741
1416 2710
1416 2178
1417 2710
1418 2741
1419 2321
1419 2710
1419 1626
1419 2571
1419 2808
1419 2601
1420 2108
1425 1923
1428 2710
1429 2743
1430 1626
1430 2876
1430 2534
1431 2178
1434 2710
1436 2571
1438 1508
1444 2710
1445 1785
1445 2984
1446 1626
1446 2352
1446 2911
1447 2321
1449 2321
1449 2710
1449 2178
1449 2741
1449 1626
1449 2310
1449 2529
1449 2913
1449 2708
1451 1551
1452 2321
1453 2529
1454 2571
1455 2321
1455 1841
1457 1460
1457 1828
1459 2321
1460 2321
1460 2710
1460 2178
1460 2741
1460 1626
1460 2310
1460 2571
1460 2529
1460 2484
1460 1988
1460 1564
1460 1841
1460 1550
1460 2407
1460 2876
1460 1957
1460 2422
1460 2961
1460 1968
1460 2670
1460 2704
1460 1659
1460 2202
1460 2997
1460 1697
1460 2430
1460 2808
1460 2405
1460 2506
1460 2556
1460 2601
1460 2072
1460 2802
1460 2402
1460 2932
1460 1727
1460 1910
1460 1506
1460 2362
1460 2844
1460 1472
1460 2325
1460 2328
1460 2953
1460 2298
1460 2433
1460 2825
1460 1892
1460 2319
1460 2437
1460 1573
1460 1796
1460 2485
1460 2499
1460 2789
1460 1963
1460 2470
1460 2522
1460 2698
1460 1806
1460 1915
1460 1976
1460 2719
1460 1610
1460 1843
1460 1810
1460 2760
1460 1672
1460 1637
1460 2445
1460 2604
1460 2683
1460 1509
1460 1651
1460 2223
1460 2908
1460 2089
1460 2302
1460 1686
1460 1624
1460 1802
1460 2957
1460 2905
1460 2262
1460 2164
1460 1850
1460 2794
1460 2389
1460 2981
1460 2919
1460 2988
1462 1968
1462 1744
1464 1615
1465 2178
1466 2321
1469 2178
1470 2321
1470 2710
1470 2178
1470 1626
1470 2571
1470 2961
1470 2023
1470 2902
1471 2178
1472 2321
1472 2710
1472 2178
1472 2310
1472 2108
1472 1697
1472 2544
1472 2090
1472 1866
1472 2830
1472 2692
1472 2169
1472 1614
1473 2178
1473 1549
1475 2034
1475 2172
1476 2321
1476 2741
1476 2108
1476 2027
1476 1583
1477 2422
1478 2321
1480 2484
1481 2178
1481 1919
1482 2321
1483 1549
1485 2321
1485 2624
1486 1626
1486 2289
1487 2710
1489 2944
1490 1988
1491 1687
1493 2710
1493 2216
1493 2864
1494 2132
1495 2321
1495 2710
1495 2178
1495 1626
1495 1806
1496 2741
1498 1564
1498 2494
1498 2652
1499 1626
1499 1623
1500 2321
1500 2670
1500 1917
1501 2321
1501 2710
1501 2178
1501 2529
1501 2484
1501 2808
1501 2125
1501 2918
1501 1726
1502 2321
1503 1626
1504 2321
1504 2710
1504 2969
1505 2733
1506 2321
1506 2710
1506 2178
1506 2741
1506 1626
1506 2310
1506 2571
1506 2529
1506 2352
1506 2670
1506 2933
1506 2342
1506 2807
1506 2349
1507 2321
1507 2741
1508 2321
1508 2710
1508 2178
1508 1626
1508 2310
1508 2876
1508 2485
1508 1864
1508 2100
1509 2529
1510 2710
1510 2571
1512 2321
1512 2710
1512 2178
1512 2310
1512 2571
1512 2529
1514 2710
1514 1988
1515 2310
1516 2306
1517 2710
1517 1629
1517 2835
1518 2876
1519 2178
1519 1968
1519 1749
1520 2178
1520 1697
1521 2310
1522 2321
1522 1988
1524 2321
1524 2710
1524 2178
1524 2571
1524 2828
1524 2197
1524 2296
1524 1936
1524 1655
1524 2616
1525 2484
1529 2923
1530 2710
1531 2710
1532 2430
1533 2805
1533 1771
1534 1623
1535 1626
1536 2321
1538 2710
1539 1626
1541 2178
1541 2741
1544 2496
1545 2741
1546 2310
1547 2321
1547 2175
1547 1983
1547 2455
1548 2362
1548 2156
1548 2518
1549 2321
1549 2710
1549 2741
1549 1626
1549 2571
1549 2529
1549 2407
1549 1623
1549 2907
1550 2321
1550 2710
1550 2178
1550 2741
1550 1626
1550 2310
1550 2571
1550 2529
1550 2484
1550 2422
1550 2961
1550 1968
1550 1659
1550 2430
1550 2691
1550 2556
1550 1629
1550 1910
1550 1570
1550 2682
1550 2433
1550 2680
1550 2474
1550 2677
1550 2552
1550 2594
1550 2324
1550 2335
1550 2086
1550 1994
1550 2527
1550 2993
1550 2085
1550 2600
1550 2151
1550 1586
1550 2059
1550 2193
1550 2300
1550 2278
1551 2321
1551 2710
1551 2691
1551 2312
1553 2710
1553 2741
1556 2321
1556 2310
1556 2405
1558 2741
1558 2571
1559 2178
1559 1626
1559 2571
1559 2849
1559 1655
1560 2321
1560 2710
1561 2710
1563 2321
1563 2710
1563 2178
1563 2741
1563 1626
1563 2529
1563 1623
1563 2670
1563 2274
1563 2556
1563 1642
1563 2298
1563 1781
1563 2986
1564 2321
1564 2710
1564 2178
1564 2741
1564 1626
1564 2310
1564 2571
1564 2529
1564 2484
1564 1988
1564 1841
1564 2407
1564 2876
1564 1923
1564 2246
1564 1968
1564 1659
1564 1684
1564 2720
1564 2556
1564 1629
1564 2802
1564 2736
1564 2932
1564 2699
1564 2953
1564 2554
1564 2499
1564 1583
1564 2125
1564 1990
1564 2717
1564 1782
1564 2582
1564 2834
1564 2472
1564 2088
1564 1688
1564 2600
1564 2561
1564 2191
1570 2321
1570 2710
1570 2741
1570 2961
1570 2997
1570 1684
1570 1630
1570 1918
1570 1837
1571 2710
1572 2321
1572 2710
1572 2741
1572 2484
1572 2972
1573 2321
1573 2710
1573 2741
1573 2484
1573 2717
1573 2978
1573 2611
1576 2710
1577 2321
1577 1626
1577 2362
1578 2710
1578 1659
1578 1697
1578 2175
1578 2839
1579 2321
1579 2741
1579 2368
1583 2321
1583 2741
1583 2529
1583 2206
1584 2321
1584 2710
1584 2178
1585 2321
1587 2321
1592 2741
1593 2321
1593 2830
1593 2701
1594 2710
1594 2127
1594 2829
1595 2321
1595 2710
1595 2741
1595 2246
1595 1798
1598 2880
1599 2710
1600 2321
1600 2710
1600 2932
1600 2938
1601 2310
1603 2321
1603 2710
1603 2741
1603 2836
1603 2740
1605 2178
1609 2321
1609 2710
1610 2178
1610 2324
1610 2073
1612 2529
1613 2886
1615 2321
1615 2710
1615 2178
1615 2741
1615 1626
1615 2571
1615 2484
1615 1988
1615 2485
1615 2545
1615 2377
1615 2280
1616 2710
1616 2178
1617 2321
1617 2710
1618 2178
1618 2741
1618 2034
1619 2529
1619 2876
1620 2178
1621 2710
1621 1957
1623 2321
1623 2710
1623 2178
1623 2741
1623 1626
1623 2571
1623 2529
1623 2704
1623 2132
1623 2199
1623 2833
1623 2913
1623 2469
1623 2382
1623 2730
1623 2279
1623 2080
1625 2321
1626 2321
1626 2710
1626 2178
1626 2741
1626 2310
1626 2571
1626 2529
1626 2484
1626 1988
1626 1841
1626 2407
1626 2876
1626 1957
1626 2422
1626 1923
1626 2246
1626 2961
1626 1968
1626 2352
1626 2670
1626 2704
1626 1659
1626 2132
1626 2202
1626 2997
1626 1697
1626 2430
1626 2808
1626 2691
1626 2274
1626 2405
1626 2506
1626 2556
1626 2601
1626 2833
1626 1673
1626 2802
1626 1871
1626 2913
1626 2402
1626 2334
1626 2362
1626 2071
1626 2469
1626 2682
1626 2090
1626 2554
1626 2433
1626 1798
1626 2485
1626 2382
1626 2474
1626 1963
1626 2473
1626 2040
1626 1885
1626 2457
1626 1630
1626 2852
1626 1896
1626 2987
1626 1962
1626 1806
1626 2203
1626 2324
1626 3000
1626 1895
1626 2804
1626 2631
1626 2359
1626 1705
1626 1863
1626 2099
1626 2726
1626 2242
1626 2236
1626 2086
1626 1931
1626 2674
1626 2838
1626 2865
1626 2846
1626 2743
1626 2899
1626 2577
1626 2738
1626 2713
1626 2900
1626 2161
1626 1846
1626 2206
1626 2619
1626 2184
1626 2948
1626 2456
1626 2625
1626 2287
1626 2537
1626 2288
1626 2401
1628 2178
1629 2321
1629 2710
1629 2178
1629 2741
1629 2310
1629 2529
1629 2485
1629 2007
1629 1719
1630 2833
1630 2680
1630 2594
1630 2309
1631 2108
1632 2710
1636 2321
1636 2484
1638 2710
1638 2310
1639 2321
1639 2710
1639 2178
1639 2741
1639 1988
1639 1957
1639 2720
1639 2717
1639 2721
1640 2710
1640 2178
1640 1766
1642 2321
1642 2710
1642 2178
1642 2741
1642 2246
1642 2199
1642 1812
1645 2710
1645 2178
1648 2710
1649 2178
1649 2132
1651 2741
1652 2484
1654 2506
1656 2321
1657 2321
1658 2710
1658 2997
1659 2321
1659 2710
1659 2178
1659 2741
1659 2310
1659 2571
1659 2422
1659 2670
1659 1783
1659 2874
1659 1694
1659 2757
1659 2276
1659 2388
1660 2038
1661 2296
1661 1982
1662 2710
1663 2809
1663 2761
1664 2321
1664 2961
1664 2833
1665 2321
1665 2274
1666 2321
1666 1793
1667 2168
1672 1892
1672 2723
1673 2321
1673 2710
1673 2178
1673 2741
1673 2310
1673 2529
1673 2484
1673 2833
1673 1978
1673 2016
1673 2025
1674 2321
1675 2321
1676 2321
1676 2203
1678 2710
1678 2571
1678 2318
1680 2710
1683 2321
1684 2321
1684 2710
1684 2178
1684 2741
1684 2571
1684 1923
1684 2720
1684 2027
1684 2257
1684 2842
1684 2447
1684 2100
1686 2741
1689 2362
1690 2741
1694 2321
1694 2741
1697 2321
1697 2710
1697 2178
1697 2741
1697 2529
1697 2484
1697 2407
1697 2876
1697 2961
1697 1968
1697 2071
1697 2090
1697 2400
1697 2675
1697 2774
1697 1963
1697 2040
1699 2178
1700 2710
1700 2178
1700 2360
1700 2071
1700 1884
1700 2182
1702 2571
1704 2907
1705 2710
1707 2741
1707 2205
1709 2061
1712 2321
1712 2710
1712 2178
1712 2741
1712 2484
1712 2716
1718 2710
1719 2710
1719 2332
1721 2736
1722 1841
1723 2321
1723 2710
1723 2178
1723 2741
1723 2310
1723 2334
1723 2680
1723 2545
1723 1873
1723 2711
1723 2904
1723 2543
1723 2728
1723 2041
1723 2908
1724 2571
1724 2132
1725 2710
1725 2178
1725 2310
1725 2430
1725 2552
1725 2846
1726 2484
1727 2321
1727 2710
1727 2178
1727 2741
1727 2202
1727 2506
1727 2175
1727 2823
1729 2178
1732 2571
1732 2190
1733 2321
1733 2407
1733 2777
1733 2732
1733 2687
1734 2422
1735 2710
1735 2484
1736 1976
1736 2063
1738 2321
1738 2710
1738 1957
1739 2321
1739 2710
1739 2037
1739 2709
1740 2321
1740 2710
1740 2328
1740 2941
1741 2178
1742 2556
1744 2321
1745 2321
1745 2710
1745 2203
1745 2281
1746 2321
1746 2484
1748 2710
1751 2321
1751 2465
1753 2710
1753 2741
1755 2710
1755 2571
1755 2544
1755 2038
1756 2310
1758 2741
1758 1988
1760 2321
1760 2710
1760 2178
1760 2571
1760 2484
1760 1988
1760 2407
1760 1923
1760 2961
1763 2321
1763 2710
1763 2178
1763 2571
1763 2484
1763 1841
1763 2325
1763 2750
1763 2000
1763 2084
1764 2913
1766 2321
1766 2710
1766 2178
1770 2741
1775 2710
1778 2741
1780 2338
1781 2321
1781 2710
1781 2741
1781 2246
1781 2961
1781 2207
1782 2321
1782 2710
1782 2704
1782 2594
1783 1996
1784 2710
1784 2529
1785 2710
1785 2310
1785 1841
1785 2455
1786 2465
1789 2325
1790 2741
1793 2127
1794 1841
1794 2328
1796 2321
1796 2178
1796 2529
1796 2422
1796 2827
1796 2437
1796 2532
1798 2321
1798 2710
1798 2178
1798 1988
1798 2802
1798 1917
1798 2376
1802 2710
1802 2327
1803 2321
1807 2178
1807 2997
1807 2720
1807 2760
1807 2508
1807 2878
1807 2667
1808 2741
1810 2710
1810 2626
1812 2213
1813 2908
1814 2321
1815 2178
1815 2506
1815 2187
1816 2178
1817 2430
1820 2484
1820 1968
1820 2346
1821 2178
1821 1957
1821 2635
1822 2321
1822 2178
1822 2741
1822 2274
1825 2280
1826 2321
1826 2710
1826 2178
1828 2144
1829 2178
1833 1988
1835 2529
1835 1924
1836 2321
1841 2321
1841 2710
1841 2178
1841 2741
1841 2310
1841 2571
1841 2529
1841 2484
1841 1988
1841 2407
1841 2876
1841 2246
1841 2997
1841 2430
1841 2587
1841 2802
1841 1983
1841 2400
1841 2680
1841 2496
1841 2499
1841 2773
1841 2070
1841 1915
1841 2743
1841 2550
1841 2067
1841 2136
1841 2014
1843 2178
1843 2741
1849 2961
1849 2342
1850 2913
1851 2321
1851 2178
1852 1957
1852 2594
1854 2912
1854 2593
1857 2133
1862 2710
1863 2571
1864 2321
1864 2741
1864 2169
1865 2321
1865 1869
1866 2321
1866 2710
1866 2178
1866 2310
1867 2932
1869 2741
1871 2321
1871 2710
1871 2178
1871 2571
1871 2484
1871 1988
1871 2407
1871 2720
1871 2563
1871 2096
1873 2321
1873 2710
1873 2178
1873 2529
1874 2178
1875 2741
1875 2034
1878 1988
1879 2178
1881 2178
1881 2193
1882 2422
1883 2321
1883 2484
1884 2321
1884 2710
1884 2178
1884 2484
1884 2682
1884 2400
1884 2194
1885 2321
1885 2710
1885 2741
1885 2484
1885 2246
1885 2587
1887 2063
1889 2720
1890 2321
1890 2710
1890 2178
1890 1988
1890 2544
1892 2321
1892 2710
1892 2178
1892 2741
1892 2529
1892 2484
1892 2407
1892 1968
1892 2402
1894 2571
1894 2627
1895 2698
1905 2321
1905 2310
1906 2321
1907 2321
1907 2178
1910 2321
1910 2710
1910 2178
1910 2571
1910 1988
1910 2289
1910 2938
1910 2231
1910 2675
1910 2750
1910 2472
1910 2247
1915 2328
1916 2710
1917 2321
1917 2710
1917 2529
1917 2484
1917 1988
1917 2796
1918 2631
1919 2178
1919 2741
1919 1944
1923 2321
1923 2710
1923 2178
1923 2741
1923 2310
1923 2571
1923 2484
1923 2407
1923 2132
1923 2506
1923 2809
1923 2328
1923 2563
1923 2433
1923 2319
1923 2551
1923 2317
1923 2960
1923 2768
1923 2092
1923 2756
1923 2555
1925 2178
1925 2720
1925 2619
1928 2321
1930 2321
1931 2360
1933 1988
1934 2710
1934 2720
1935 2484
1936 2304
1938 2710
1941 2321
1941 2710
1942 2321
1942 2547
1944 2741
1944 2077
1944 2104
1945 2321
1946 2710
1948 2321
1948 2710
1948 2178
1948 2741
1948 2991
1949 2321
1950 2321
1950 2974
1952 2321
1954 2710
1956 2321
1957 2321
1957 2710
1957 2178
1957 2741
1957 2310
1957 2571
1957 2529
1957 2484
1957 2876
1957 2246
1957 1968
1957 2430
1957 2808
1957 2720
1957 2601
1957 2699
1957 2437
1957 2941
1957 2393
1957 2553
1957 1966
1957 2249
1962 2808
1963 2321
1963 2710
1963 2178
1963 2741
1963 2484
1963 2420
1964 2321
1965 2710
1965 2422
1965 2115
1966 2040
1968 2321
1968 2710
1968 2178
1968 2741
1968 2310
1968 2571
1968 2484
1968 2876
1968 2246
1968 2961
1968 2352
1968 2362
1968 2499
1968 2975
1968 2093
1968 2553
1968 2970
1970 2321
1970 2741
1971 2310
1973 2321
1974 2321
1974 2710
1976 2802
1976 2796
1976 2086
1978 2892
1981 2321
1981 2178
1981 2956
1982 2319
1983 2321
1983 2710
1983 2178
1983 2741
1983 2529
1983 2699
1983 2856
1983 2935
1984 2321
1984 2710
1984 2741
1985 2321
1985 2710
1987 2321
1987 2178
1988 2321
1988 2710
1988 2178
1988 2741
1988 2310
1988 2571
1988 2529
1988 2484
1988 2876
1988 2422
1988 2132
1988 2108
1988 2175
1988 2844
1988 2328
1988 2298
1988 2433
1988 2146
1988 2797
1988 2283
1988 2632
1988 2306
1988 2947
1988 2548
1988 2873
1988 2242
1988 2749
1988 2970
1988 2102
1988 2463
1988 2479
1990 2321
1990 2178
1990 2529
1990 2151
1990 2284
1992 2397
1993 2321
1993 2741
1994 2321
1994 2108
1995 2321
1997 2710
1998 2178
1998 2185
1999 2178
2001 2321
2001 2741
2002 2571
2003 2178
2003 2246
2004 2321
2007 2321
2007 2178
2007 2741
2008 2396
2011 2415
2015 2710
2015 2741
2016 2041
2018 2178
2018 2566
2019 2710
2021 2710
2023 2321
2023 2484
2024 2321
2026 2321
2026 2187
2027 2321
2027 2710
2027 2178
2027 2741
2027 2876
2027 2246
2027 2071
2027 2777
2027 2455
2027 2169
2027 2896
2027 2694
2028 2321
2029 2321
2030 2178
2033 2710
2033 2178
2034 2321
2034 2710
2034 2178
2034 2741
2034 2529
2034 2422
2034 2961
2034 2360
2034 2346
2034 2554
2034 2545
2034 2918
2036 2321
2036 2710
2036 2741
2037 2710
2037 2319
2038 2321
2038 2529
2038 2218
2039 2571
2043 2710
2045 2321
2045 2710
2046 2710
2047 2321
2047 2710
2050 2499
2053 2710
2055 2849
2055 2510
2056 2175
2058 2178
2062 2246
2064 2484
2065 2321
2066 2321
2068 2321
2070 2741
2070 2730
2071 2321
2071 2710
2071 2178
2071 2741
2071 2202
2071 2082
2072 2321
2072 2710
2072 2178
2072 2741
2072 2571
2072 2529
2072 2961
2072 2938
2072 2602
2072 2861
2077 2741
2078 2492
2079 2321
2081 2202
2081 2559
2083 2710
2084 2402
2087 2282
2088 2117
2089 2710
2090 2321
2090 2710
2090 2571
2090 2529
2090 2174
2091 2408
2092 2741
2092 2310
2092 2908
2095 2178
2096 2321
2096 2710
2096 2741
2098 2876
2099 2710
2099 2571
2099 2510
2101 2178
2103 2710
2106 2321
2108 2321
2108 2710
2108 2178
2108 2741
2108 2571
2108 2876
2108 2704
2108 2289
2109 2443
2110 2710
2112 2321
2113 2741
2113 2345
2115 2710
2116 2810
2117 2321
2119 2321
2119 2710
2119 2422
2121 2321
2121 2274
2122 2710
2123 2741
2123 2876
2123 2941
2125 2529
2127 2321
2127 2710
2127 2178
2127 2997
2127 2802
2127 2494
2128 2321
2130 2571
2131 2710
2132 2321
2132 2710
2132 2178
2132 2741
2132 2310
2132 2529
2132 2484
2132 2352
2132 2225
2132 2849
2132 2182
2132 2807
2134 2571
2136 2321
2139 2851
2140 2529
2142 2484
2144 2178
2144 2310
2145 2178
2145 2859
2146 2321
2146 2710
2146 2178
2146 2741
2146 2310
2146 2571
2146 2484
2146 2720
2147 2995
2150 2321
2150 2710
2151 2710
2151 2310
2152 2710
2152 2310
2152 2484
2154 2571
2156 2321
2156 2710
2156 2932
2156 2527
2157 2321
2163 2710
2167 2178
2167 2741
2170 2422
2170 2651
2172 2321
2175 2321
2175 2710
2175 2178
2175 2741
2175 2422
2175 2961
2175 2362
2175 2359
2176 2710
2176 2732
2177 2741
2178 2321
2178 2710
2178 2741
2178 2310
2178 2571
2178 2529
2178 2484
2178 2407
2178 2876
2178 2422
2178 2246
2178 2961
2178 2352
2178 2670
2178 2704
2178 2202
2178 2997
2178 2430
2178 2808
2178 2691
2178 2274
2178 2720
2178 2828
2178 2405
2178 2506
2178 2556
2178 2199
2178 2601
2178 2833
2178 2360
2178 2346
2178 2587
2178 2802
2178 2225
2178 2624
2178 2827
2178 2913
2178 2402
2178 2334
2178 2736
2178 2932
2178 2544
2178 2699
2178 2907
2178 2844
2178 2325
2178 2849
2178 2938
2178 2469
2178 2328
2178 2182
2178 2682
2178 2792
2178 2231
2178 2953
2178 2580
2178 2433
2178 2777
2178 2319
2178 2680
2178 2863
2178 2358
2178 2774
2178 2941
2178 2954
2178 2750
2178 2974
2178 2474
2178 2797
2178 2789
2178 2723
2178 2618
2178 2248
2178 2470
2178 2368
2178 2377
2178 2306
2178 2969
2178 2357
2178 2923
2178 2904
2178 2232
2178 2551
2178 2309
2178 2939
2178 2975
2178 2999
2178 2316
2178 2415
2178 2403
2178 2790
2178 2762
2178 2898
2178 2991
2178 2881
2178 2406
2178 2315
2178 2760
2178 2729
2178 2654
2178 2940
2178 2525
2178 2870
2178 2196
2178 2226
2178 2757
2178 2754
2178 2674
2178 2683
2178 2617
2178 2740
2178 2481
2178 2577
2178 2894
2178 2731
2178 2443
2178 2949
2178 2304
2178 2944
2178 2417
2178 2912
2178 2567
2178 2251
2178 2408
2178 2715
2178 2424
2178 2390
2178 2215
2178 2928
2178 2467
2178 2621
2178 2320
2181 2321
2181 2571
2181 2740
2182 2321
2182 2710
2183 2844
2183 2437
2183 2252
2184 2710
2185 2710
2185 2407
2189 2321
2189 2529
2190 2321
2190 2407
2190 2316
2194 2321
2194 2430
2194 2907
2194 2755
2196 2321
2196 2556
2196 2227
2197 2321
2197 2529
2198 2321
2198 2876
2199 2321
2199 2710
2199 2741
2199 2484
2199 2588
2199 2672
2200 2321
2202 2321
2202 2710
2202 2741
2202 2571
2202 2484
2202 2407
2202 2961
2202 2325
2202 2510
2202 2603
2203 2321
2203 2710
2208 2310
2210 2321
2211 2750
2213 2321
2214 2670
2215 2710
2218 2710
2218 2407
2222 2792
2225 2321
2225 2710
2225 2741
2225 2692
2225 2586
2225 2633
2226 2362
2228 2741
2228 2484
2228 2659
2229 2321
2229 2741
2230 2310
2231 2321
2231 2710
2232 2321
2232 2741
2232 2828
2236 2321
2239 2321
2239 2710
2239 2828
2240 2704
2241 2710
2246 2321
2246 2710
2246 2741
2246 2310
2246 2571
2246 2529
2246 2484
2246 2774
2246 2975
2246 2472
2246 2320
2248 2321
2248 2710
2248 2484
2248 2720
2249 2741
2249 2484
2249 2405
2249 2400
2251 2457
2252 2741
2254 2710
2257 2760
2259 2876
2260 2710
2261 2321
2263 2710
2263 2670
2266 2741
2269 2321
2269 2710
2272 2898
2273 2710
2274 2321
2274 2710
2274 2741
2274 2310
2274 2571
2274 2422
2274 2382
2274 3000
2274 2896
2274 2520
2278 2321
2280 2321
2282 2710
2283 2730
2285 2808
2286 2710
2286 2907
2288 2710
2289 2321
2289 2710
2289 2484
2289 2720
2289 2580
2289 2915
2290 2484
2291 2710
2293 2321
2298 2321
2298 2710
2298 2310
2298 2506
2303 2710
2305 2484
2309 2321
2309 2710
2310 2321
2310 2710
2310 2741
2310 2571
2310 2529
2310 2484
2310 2407
2310 2876
2310 2422
2310 2961
2310 2670
2310 2704
2310 2997
2310 2430
2310 2808
2310 2720
2310 2828
2310 2405
2310 2506
2310 2346
2310 2587
2310 2827
2310 2334
2310 2736
2310 2699
2310 2907
2310 2849
2310 2938
2310 2953
2310 2554
2310 2563
2310 2433
2310 2319
2310 2437
2310 2455
2310 2485
2310 2680
2310 2750
2310 2886
2310 2473
2310 2426
2310 2532
2310 2986
2310 2836
2310 2790
2310 2339
2310 2605
2310 2940
2310 2525
2310 2674
2310 2607
2310 2734
2310 2885
2310 2935
2310 2610
2310 2782
2310 2478
2310 2432
2316 2321
2316 2710
2316 2913
2317 2710
2317 2484
2317 2360
2317 2469
2319 2321
2319 2710
2319 2741
2319 2529
2319 2484
2319 2415
2321 2710
2321 2741
2321 2571
2321 2529
2321 2484
2321 2407
2321 2876
2321 2422
2321 2961
2321 2352
2321 2670
2321 2704
2321 2997
2321 2430
2321 2808
2321 2691
2321 2720
2321 2828
2321 2405
2321 2506
2321 2556
2321 2601
2321 2833
2321 2360
2321 2346
2321 2587
2321 2802
2321 2624
2321 2827
2321 2913
2321 2402
2321 2334
2321 2736
2321 2932
2321 2544
2321 2699
2321 2907
2321 2362
2321 2844
2321 2809
2321 2325
2321 2849
2321 2938
2321 2469
2321 2328
2321 2682
2321 2792
2321 2953
2321 2554
2321 2563
2321 2400
2321 2580
2321 2433
2321 2825
2321 2777
2321 2437
2321 2455
2321 2397
2321 2933
2321 2485
2321 2680
2321 2675
2321 2863
2321 2358
2321 2545
2321 2499
2321 2941
2321 2393
2321 2750
2321 2643
2321 2773
2321 2770
2321 2797
2321 2789
2321 2823
2321 2626
2321 2534
2321 2494
2321 2717
2321 2618
2321 2457
2321 2632
2321 2918
2321 2594
2321 2642
2321 2852
2321 2377
2321 2522
2321 2969
2321 2361
2321 2739
2321 2357
2321 2744
2321 2947
2321 2532
2321 2923
2321 2986
2321 2842
2321 2551
2321 2547
2321 2805
2321 2447
2321 2960
2321 2472
2321 2672
2321 2548
2321 2338
2321 2359
2321 2898
2321 2570
2321 2459
2321 2855
2321 2726
2321 2951
2321 2568
2321 2541
2321 2880
2321 2438
2321 2891
2321 2602
2321 2465
2321 2977
2321 2742
2321 2810
2321 2838
2321 2734
2321 2885
2321 2931
2321 2620
2321 2572
2321 2413
2321 2661
2321 2908
2321 2945
2321 2740
2321 2943
2321 2903
2321 2535
2321 2765
2321 2896
2321 2423
2321 2668
2321 2542
2321 2371
2321 2574
2321 2766
2321 2795
2321 2579
2321 2635
2321 2868
2321 2383
2321 2517
2321 2984
2321 2981
2321 2733
2321 2803
2321 2452
2321 2322
2321 2950
2321 2651
2321 2414
2321 2611
2321 2416
2321 2673
2322 2786
2323 2710
2323 2571
2324 2652
2325 2710
2325 2741
2325 2932
2325 2382
2325 3000
2326 2358
2326 2522
2326 2818
2328 2710
2328 2422
2328 2844
2328 2554
2330 2434
2333 2407
2334 2710
2334 2828
2334 2572
2334 2943
2335 2422
2335 2781
2338 2741
2338 2556
2339 2710
2341 2710
2341 2808
2343 2710
2346 2710
2346 2741
2346 2704
2346 2437
2346 2886
2350 2556
2352 2710
2352 2741
2352 2571
2352 2876
2352 2828
2352 2405
2352 2556
2356 2741
2357 2430
2360 2710
2360 2613
2361 2710
2361 2783
2362 2710
2362 2529
2362 2720
2363 2741
2368 2961
2370 2710
2370 2601
2371 2741
2372 2710
2379 2710
2382 2710
2382 2741
2383 2932
2387 2529
2392 2571
2393 2710
2393 2677
2394 2789
2396 2710
2396 2741
2397 2710
2397 2571
2397 2795
2397 2803
2400 2710
2400 2430
2402 2710
2402 2741
2402 2529
2402 2774
2402 2717
2402 2883
2402 2764
2402 2510
2403 2741
2404 2842
2405 2710
2405 2741
2405 2571
2405 2544
2405 2699
2407 2710
2407 2741
2407 2571
2407 2529
2407 2484
2407 2961
2407 2691
2407 2506
2407 2862
2407 2658
2410 2741
2415 2571
2415 2828
2420 2532
2422 2710
2422 2741
2422 2571
2422 2876
2422 2670
2422 2691
2422 2770
2422 2522
2422 2834
2424 2748
2426 2710
2430 2710
2430 2741
2430 2571
2430 2484
2430 2670
2430 2760
2433 2710
2433 2741
2433 2571
2433 2689
2433 2791
2435 2741
2435 2643
2436 2710
2437 2710
2437 2720
2437 2736
2440 2913
2442 2741
2445 2710
2447 2710
2447 2809
2454 2563
2455 2710
2455 2741
2455 2571
2456 2741
2457 2710
2457 2741
2457 2643
2459 2710
2459 2741
2459 2768
2460 2876
2460 2588
2460 2884
2465 2741
2466 2833
2467 2710
2469 2710
2469 2741
2472 2484
2473 2680
2474 2710
2476 2741
2484 2710
2484 2741
2484 2571
2484 2529
2484 2876
2484 2704
2484 2720
2484 2828
2484 2556
2484 2736
2484 2932
2484 2844
2484 2485
2484 2750
2484 2797
2484 2840
2484 2723
2484 2534
2484 2552
2484 2678
2484 2873
2485 2710
2485 2741
2485 2556
2489 2529
2489 2601
2491 2571
2492 2710
2492 2815
2494 2741
2494 2580
2496 2710
2498 2548
2499 2710
2499 2529
2506 2710
2506 2741
2506 2907
2506 2643
2507 2710
2510 2741
2510 2953
2511 2710
2511 2682
2514 2710
2522 2849
2526 2896
2527 2741
2529 2710
2529 2741
2529 2571
2529 2876
2529 2961
2529 2704
2529 2828
2529 2556
2529 2833
2529 2827
2529 2736
2529 2849
2529 2953
2529 2554
2529 2933
2529 2774
2529 2930
2529 2534
2529 2830
2529 2760
2529 2865
2529 2964
2529 2740
2529 2695
2529 2535
2529 2657
2529 2718
2529 2673
2530 2741
2531 2571
2532 2710
2534 2710
2538 2932
2540 2844
2543 2741
2544 2710
2544 2741
2544 2876
2545 2710
2547 2789
2548 2704
2550 2714
2552 2710
2553 2710
2554 2710
2554 2838
2556 2710
2556 2741
2556 2808
2556 2844
2556 2809
2560 2923
2561 2626
2563 2710
2563 2571
2570 2710
2571 2710
2571 2741
2571 2876
2571 2833
2571 2907
2571 2682
2571 2953
2571 2750
2571 2643
2571 2773
2571 2915
2571 2717
2571 2972
2571 2969
2571 2992
2571 2749
2571 2857
2571 2616
2571 2673
2573 2741
2580 2710
2580 2770
2580 2789
2580 2982
2580 2690
2582 2844
2583 2876
2585 2886
2587 2710
2587 2720
2588 2741
2594 2710
2601 2710
2601 2827
2601 2680
2601 2643
2602 2677
2605 2710
2609 2741
2618 2710
2620 2655
2624 2710
2626 2710
2626 2877
2627 2969
2630 2710
2631 2938
2632 2997
2642 2932
2643 2710
2647 2909
2652 2710
2655 2741
2657 2741
2658 2741
2661 2710
2670 2710
2670 2741
2670 2961
2670 2808
2670 2714
2670 2697
2670 2940
2671 2714
2673 2682
2675 2710
2675 2997
2675 2804
2677 2710
2677 2961
2677 2948
2682 2710
2682 2741
2682 2805
2682 2838
2683 2741
2687 2980
2691 2710
2691 2741
2691 2789
2691 2760
2697 2698
2699 2710
2699 2741
2699 2913
2699 2960
2701 2710
2701 2961
2701 2863
2702 2741
2703 2741
2704 2710
2704 2741
2704 2792
2704 2798
2710 2741
2710 2876
2710 2961
2710 2997
2710 2808
2710 2720
2710 2828
2710 2833
2710 2802
2710 2827
2710 2913
2710 2736
2710 2932
2710 2907
2710 2844
2710 2809
2710 2849
2710 2938
2710 2792
2710 2953
2710 2825
2710 2777
2710 2941
2710 2954
2710 2773
2710 2770
2710 2797
2710 2930
2710 2815
2710 2717
2710 2918
2710 2711
2710 2987
2710 2801
2710 2744
2710 2947
2710 2842
2710 2768
2710 2804
2710 2786
2710 2982
2710 2719
2710 2855
2710 2800
2710 2726
2710 2729
2710 2951
2710 2764
2710 2940
2710 2837
2710 2811
2710 2757
2710 2891
2710 2721
2710 2906
2710 2742
2710 2722
2710 2838
2710 2748
2710 2967
2710 2839
2710 2846
2710 2761
2710 2772
2710 2899
2710 2903
2710 2776
2710 2778
2710 2746
2710 2812
2710 2785
2710 2888
2710 2758
2710 2884
2710 2928
2714 2741
2717 2833
2718 2741
2720 2741
2720 2809
2720 2954
2723 2961
2724 2741
2726 2825
2726 2903
2732 2741
2736 2741
2741 2876
2741 2961
2741 2997
2741 2808
2741 2828
2741 2833
2741 2827
2741 2844
2741 2792
2741 2953
2741 2825
2741 2863
2741 2954
2741 2930
2741 2886
2741 2840
2741 2815
2741 2972
2741 2801
2741 2986
2741 2804
2741 2883
2741 2873
2741 2764
2741 2838
2741 2967
2741 2899
2741 2766
2741 2937
2741 2888
2741 2983
2750 3000
2751 2771
2751 2912
2776 2907
2801 2876
2808 2876
2808 2997
2808 2974
2808 2904
2809 2969
2814 2961
2827 2974
2828 2997
2834 2872
2841 2929
2844 2863
2873 2961
2876 2961
2876 2998
2913 2938
2924 2930
2938 2997
2938 2953
2952 2953
