3000 3122
1 2803
1 2943
1 361
1 271
1 2899
2 309
3 1378
4 942
4 546
5 849
5 1066
6 2891
6 545
8 2416
8 1928
8 1246
8 2225
9 2056
9 452
10 2336
11 1072
11 2455
11 997
11 1439
12 1025
12 751
12 2030
12 2973
13 2412
13 2954
14 1898
15 2131
15 822
16 821
16 2097
16 1334
16 897
18 1072
18 1471
18 1187
18 259
18 2251
18 2029
19 2044
19 259
19 220
19 2772
20 2155
21 56
22 561
22 493
22 1944
23 1063
24 2924
24 868
26 587
26 2583
26 2793
27 2222
28 2198
28 2494
29 1839
29 2597
29 2005
29 1281
30 1261
32 89
33 995
34 309
34 1642
34 714
35 1355
35 185
35 1914
36 89
36 2616
37 390
38 1097
41 956
41 2285
41 655
42 270
43 2131
43 491
43 802
46 89
46 609
46 1076
46 418
46 1348
46 2150
46 281
46 2711
46 664
47 821
47 196
47 1597
48 1488
48 232
49 2597
50 762
51 1850
57 547
58 1756
58 1955
58 555
58 2972
59 1076
60 529
60 1664
60 483
61 1860
62 153
62 1901
62 2628
62 1195
63 1278
63 1913
63 819
63 293
63 265
65 1681
65 1581
65 2414
65 604
66 1073
67 309
67 78
68 1778
68 1410
68 1886
69 309
69 2070
69 2072
70 949
71 2797
73 1366
74 2646
74 598
74 1429
74 1239
75 949
76 1581
77 1835
77 1432
77 537
79 1335
79 460
82 2554
82 2974
83 466
83 2213
84 2943
84 2145
85 399
85 1529
85 1326
86 2097
86 2068
87 1114
87 1266
87 2242
88 1535
89 309
89 2045
89 2728
89 2623
89 374
89 2553
89 2608
89 340
89 149
89 2906
89 807
89 959
89 1599
89 775
89 2186
89 588
89 1898
89 265
89 453
89 1176
89 2861
89 2572
90 2336
91 2717
91 2278
91 1317
92 2812
92 98
94 1800
94 2205
95 1681
98 1076
98 1667
98 1470
101 1458
101 1251
101 2477
102 762
103 1380
103 2129
106 505
106 1152
106 2688
107 2214
108 2437
109 1734
109 2198
109 2603
109 2001
111 2565
113 367
114 1861
114 2145
114 2129
114 2551
114 1053
115 346
115 2638
115 1345
115 2221
116 1377
117 308
117 1570
117 2098
118 2015
118 2433
120 2964
120 979
121 1384
122 1307
123 1642
123 2390
123 1865
124 2883
124 1760
125 1601
125 489
125 737
126 1516
126 2784
127 2450
127 648
128 2310
129 1580
129 1017
129 2938
129 283
129 2044
130 2416
132 309
132 2255
132 1250
134 1809
134 927
137 1581
137 271
138 1076
138 330
138 1263
138 1252
139 719
139 2172
141 2883
143 2883
143 2594
144 1017
144 1623
144 824
145 1989
146 2485
146 184
147 2316
148 2944
149 2819
149 722
149 1930
149 1658
150 2863
151 789
152 255
152 1931
153 1913
153 1623
153 1060
153 2104
153 2685
153 2550
154 1358
154 1760
155 309
155 2485
155 619
155 287
156 1258
157 1751
159 1415
160 542
161 2485
162 2485
162 208
165 309
165 2927
166 2570
168 2442
168 2433
169 546
170 849
170 691
171 1877
171 1480
172 1202
172 462
174 2912
176 1799
176 1019
177 1755
177 466
177 1273
178 2506
178 1915
178 266
179 2377
180 1583
181 2309
181 1357
182 1615
183 2733
184 432
185 1076
185 2833
185 780
185 679
186 861
186 2934
187 386
187 1259
187 1027
188 1533
189 1841
189 310
189 2678
190 309
190 2070
190 2416
190 2410
190 2639
190 758
190 2068
190 841
190 2337
190 2315
190 2309
190 332
190 1052
190 2333
190 1236
190 1220
190 2499
190 2477
190 1926
190 426
190 281
190 2740
190 1228
190 2117
190 2327
190 1020
190 2390
190 947
190 2340
190 277
190 2295
190 746
191 1358
191 1265
192 1581
192 1861
192 1734
192 1217
192 292
193 758
193 1597
193 2802
193 911
194 2790
194 1688
194 1103
195 2912
195 1257
195 352
196 821
196 2883
196 2717
196 1473
196 2447
196 283
196 1059
196 2512
196 900
196 2711
196 716
196 2482
197 694
198 2728
198 1133
198 1161
198 1867
198 1426
198 1669
198 409
199 1783
200 2113
200 643
201 2045
201 1869
202 2176
202 2995
202 1070
202 2340
204 467
205 1464
205 840
208 2146
208 1154
208 2178
208 2679
208 2817
208 1082
208 1627
208 2033
208 739
209 2873
209 2668
210 2212
210 795
210 2140
210 2265
210 2782
211 942
211 1971
211 2068
211 2134
211 1052
211 1266
211 1013
211 284
211 1904
211 413
212 720
212 1635
212 2662
214 2381
215 1879
216 1371
217 239
218 821
218 685
218 662
218 2596
218 820
219 1076
219 2411
219 695
220 2213
221 2097
221 1680
223 2129
224 1464
226 1493
227 1385
227 1145
227 1751
228 2803
228 1458
228 353
230 253
230 1103
230 2487
230 1273
231 2055
231 634
232 1604
232 1318
232 2059
232 1771
233 821
233 1358
233 1506
234 2524
235 2012
236 740
236 470
238 2529
238 2812
238 2600
238 805
238 1710
238 1743
238 1752
238 1677
238 2840
239 1116
239 1336
239 2342
239 2006
240 1102
240 717
240 2543
240 636
241 1102
241 2726
241 1909
242 2825
244 1754
246 1116
246 1652
247 1690
247 852
247 780
247 273
248 2376
249 2003
249 1442
251 2463
251 691
252 1667
254 1713
255 684
255 2430
255 1431
255 2637
256 1872
256 2947
257 1539
258 1081
258 765
260 2396
260 2880
260 2286
260 483
260 2707
261 449
261 1403
263 1050
263 873
264 959
264 1449
264 967
266 2673
267 1408
268 865
268 1772
268 1287
268 2459
268 2058
268 1596
269 1734
270 2414
270 2146
270 2339
271 1223
272 2803
272 861
272 2161
274 522
275 2367
275 2335
275 1385
275 1354
275 959
275 1622
275 2822
275 2332
275 2742
275 576
276 743
276 1253
276 896
276 2949
276 2965
278 2225
279 758
279 1791
279 1918
279 2571
283 2581
285 1212
286 1755
286 407
286 2752
286 2284
287 1017
288 2634
291 2658
292 714
292 2884
292 591
294 2883
294 2630
294 1922
295 853
295 1957
295 1014
296 1072
296 1778
296 735
297 1357
297 2303
298 1581
299 640
299 1668
300 1030
300 1619
302 1613
302 2362
303 330
303 1363
303 2404
305 2905
306 1642
306 763
306 1610
307 1104
307 2105
308 2496
308 1404
309 2045
309 2070
309 2294
309 684
309 2790
309 587
309 312
309 2732
309 2335
309 1601
309 1034
309 2660
309 2586
309 1149
309 1248
309 647
309 2301
309 859
309 1355
309 351
309 1052
309 622
309 462
309 2021
309 966
309 2022
309 550
309 843
309 1633
309 1391
309 2499
309 1415
309 621
309 2690
309 780
309 1082
309 1243
309 614
309 519
309 1612
309 2404
309 2117
309 1692
309 2882
309 1018
309 2545
309 1628
309 933
309 1067
309 2013
309 2871
309 1443
309 2445
309 2234
309 2972
309 2048
309 1739
310 1194
310 914
312 2942
312 2020
312 1246
312 1790
312 1960
312 1404
313 2414
313 1325
313 1574
313 2036
315 374
315 1985
315 658
315 2055
315 2415
315 1211
316 2069
317 2623
317 1516
317 1786
318 2329
320 386
321 1420
321 455
322 2045
322 1859
323 2329
325 356
325 843
325 1762
325 2037
326 418
326 1115
326 798
326 1388
326 1099
327 1294
328 423
328 1108
328 2813
329 1220
330 2963
330 1019
330 1600
330 2838
332 1397
335 2928
335 1280
335 1916
336 1076
339 2335
339 1925
339 608
339 2825
339 1806
340 501
340 1026
341 2943
341 1633
343 1913
343 1108
343 1186
343 1094
343 1963
343 537
344 2639
344 1571
344 1568
345 1756
345 2734
345 939
345 1044
346 1772
346 1363
346 1393
346 1717
347 1882
347 2435
348 1681
348 839
349 704
349 2937
349 1547
350 2416
350 1151
351 1886
351 565
351 611
352 2414
352 1865
353 1482
353 1810
354 2365
354 757
356 609
356 756
356 2398
356 2925
356 1524
356 1409
356 1146
356 1922
356 2035
356 1254
356 1912
356 2960
356 2973
356 1209
356 1546
356 2981
358 1843
359 2088
360 1682
360 2389
361 1918
361 1084
363 1984
363 2691
364 851
366 2309
367 1688
367 646
367 2055
369 2983
369 705
370 2411
370 1974
371 436
371 1812
373 1827
374 692
375 1744
376 2525
376 1814
376 2926
376 830
376 2417
377 2416
380 2026
381 2202
382 1381
382 695
383 1792
383 605
385 605
385 687
386 2942
386 774
386 2970
386 2188
386 2565
386 2773
386 2805
386 2709
386 1364
386 1396
387 2411
388 1509
390 1721
390 1486
391 1182
391 1465
391 1366
392 2097
392 2289
392 2353
392 2824
392 1428
393 2648
395 914
396 2600
398 1103
399 2645
399 2064
400 2496
401 2018
402 2267
402 1855
404 1768
406 1095
406 2399
407 1642
407 1405
407 2410
407 715
407 1039
408 1807
408 1425
410 2376
413 1711
413 1903
414 1529
415 1688
415 2080
418 2880
418 668
418 522
418 2512
419 2625
419 2288
421 2941
421 2774
421 1401
422 821
422 1154
423 2212
423 2954
423 1645
423 1149
423 1707
423 2822
423 1610
423 1741
423 1531
424 1405
425 2946
426 2296
429 1868
430 1688
430 1904
432 1642
432 2102
432 2335
432 2938
432 1698
432 851
434 1522
434 504
434 1692
435 468
436 2175
437 1154
437 2461
437 574
437 914
439 875
439 986
439 1796
441 1654
442 1762
443 2697
444 2803
446 2837
446 1622
447 1640
447 763
447 976
448 1957
448 453
449 2942
449 2498
449 1170
451 1215
453 1868
455 2349
456 1814
456 1382
457 2883
457 2869
457 2724
458 1558
460 2531
460 2301
461 684
462 2943
462 1596
462 1475
463 2070
463 1111
463 1165
464 1068
464 492
464 1179
465 864
465 2180
466 1485
466 2726
466 2524
467 2140
467 1781
467 2521
467 2633
469 2413
469 633
470 2461
471 764
471 1598
472 2728
472 2422
472 2769
473 744
474 2943
474 2166
475 2640
475 2784
477 2828
477 1730
478 861
479 2146
479 2995
480 2207
481 710
481 2151
483 2412
483 858
483 566
483 1722
483 1594
484 1584
485 1035
485 2680
486 1021
487 1490
489 1154
489 1451
489 972
489 839
490 684
491 2146
492 1017
492 1050
492 681
492 1849
493 1564
493 2261
494 831
495 637
495 1543
495 868
495 1335
497 713
498 753
498 642
499 2563
500 2412
500 1608
500 532
500 1623
500 2512
500 2654
500 1982
500 1297
500 1683
501 2943
502 1072
502 1182
502 1626
503 1077
504 1102
504 1035
505 2416
505 1307
505 2889
505 1171
505 2049
509 2932
509 2775
510 609
511 2294
511 711
511 701
511 1026
511 1611
512 1312
514 1794
514 1765
516 2779
517 2142
517 901
517 1303
517 1969
518 689
519 821
519 2350
520 2080
521 2883
521 996
522 1452
522 2396
523 1029
523 2909
523 1317
524 1263
525 1832
528 2416
529 2803
529 1408
530 1514
530 2042
531 1804
531 2399
532 2639
532 1044
532 2043
532 911
533 1907
534 547
534 2044
535 1175
535 1472
535 2849
535 957
535 1114
535 1423
536 1303
537 1814
538 2529
538 2003
538 2430
538 1307
538 2822
538 755
538 1949
544 924
544 2469
546 2912
546 756
547 1452
547 2815
547 1428
547 1582
549 1203
549 1648
550 1735
550 837
551 2444
552 2400
553 665
553 2283
554 1714
555 2524
555 2791
557 2437
558 1039
558 1330
559 2009
559 1805
561 2560
564 614
566 1241
566 2684
566 1935
567 1681
567 1072
567 2630
567 2090
567 1891
567 802
568 1570
570 1625
571 2883
571 2845
572 1554
573 2549
573 2607
574 2261
574 2378
575 2883
575 2548
577 1557
577 584
577 2530
578 1169
579 2223
581 2517
582 2596
583 2539
584 1768
584 1032
586 1734
587 1721
587 1257
589 1365
589 2095
590 1138
592 1875
592 832
594 2590
595 1072
595 783
596 2268
598 1562
600 2517
601 1011
601 2836
602 2414
602 1731
602 2304
603 841
604 837
604 2849
604 1419
604 2435
605 1192
605 2878
607 1405
607 2586
607 1883
608 1072
608 2437
608 1212
609 1581
609 2294
609 949
609 1408
609 2214
609 1553
609 2627
609 2271
609 2428
609 2814
609 655
609 1733
609 2929
609 813
609 706
609 1771
610 2942
610 1873
611 1380
611 1759
611 2425
612 2510
614 2490
614 1451
615 1312
616 2976
616 1996
617 1102
618 2176
621 1604
621 2903
621 1454
622 807
624 715
624 664
627 841
627 1274
627 721
628 1529
629 1595
630 1623
630 2112
630 829
631 2556
632 1278
632 1393
635 2531
638 1597
639 1003
639 680
639 2293
641 1817
641 1820
642 2803
643 1322
644 2880
644 1508
644 675
645 2563
646 2830
646 1188
648 1520
648 676
649 2152
650 1286
651 1025
651 858
651 2319
651 2684
652 1880
653 1811
654 2097
654 795
654 2825
657 1755
657 1547
658 2910
660 1702
660 794
660 1778
660 985
661 1642
661 2333
661 2682
661 1417
662 1760
662 2291
662 2893
663 2241
663 2809
666 1869
666 2004
668 1756
668 2299
670 1352
670 1711
671 2954
672 1382
672 956
673 1296
673 754
673 2916
674 2641
675 2115
677 1750
677 2159
679 1505
680 2427
680 1806
681 2573
683 1535
684 2942
684 2639
684 2790
684 1645
684 2342
684 729
684 1983
684 835
686 1067
687 1116
688 2374
690 2594
691 1296
691 974
693 918
693 2954
693 1986
693 2760
696 811
696 1384
696 1164
696 2239
697 1146
698 2943
699 2728
699 2517
700 2632
701 861
701 1563
702 1955
702 2853
705 2554
705 1167
705 775
705 2047
706 2540
706 2769
707 1962
707 2704
708 981
708 2431
708 2662
708 1449
709 2589
710 2294
710 1872
710 1386
710 783
710 2836
711 932
711 2358
711 1356
711 1610
712 2414
714 1270
717 2294
717 2942
717 936
717 2880
717 1850
717 1204
718 2070
718 1336
718 2075
720 2560
722 1681
722 2164
722 2433
723 1329
723 867
725 1960
728 2224
730 1893
731 1035
734 2634
736 2097
736 1380
737 1702
738 2466
739 2156
740 2859
742 2097
742 1735
743 893
743 2292
745 2068
745 2553
746 1901
747 1813
747 2524
748 2880
749 953
750 2531
750 1330
750 1055
751 2070
751 949
751 1098
751 1039
751 2570
751 1192
751 1353
751 1448
752 2219
753 1035
753 842
755 1205
756 1125
757 2893
757 1975
757 2856
758 1420
758 2102
758 1136
758 1840
758 2906
758 2293
758 1132
758 1961
758 2476
758 2123
758 2699
758 1376
760 784
761 2531
762 2729
762 1221
762 2979
763 2432
767 2883
767 2450
768 2212
768 1514
768 2149
769 2097
771 1339
772 1640
773 1206
773 782
774 2416
774 2053
774 1898
775 2933
775 1112
776 1885
777 2745
777 1409
777 1882
778 1674
778 2988
778 2952
778 1478
779 1003
779 2939
780 1023
781 1653
782 1900
784 2294
784 2261
784 1991
784 1517
784 2472
787 940
789 1929
790 1607
791 1445
792 2045
792 2573
794 1681
794 2833
795 1287
796 2803
797 1932
798 1526
799 2084
800 1236
804 1351
804 2418
805 1136
805 2119
805 1898
807 1246
807 981
807 1230
807 969
807 1657
809 1299
811 2646
811 1814
813 2858
815 2143
817 2529
818 1076
819 1156
820 2812
820 2702
821 2485
821 2630
821 2145
821 861
821 2004
821 2875
821 903
821 2595
821 1665
821 2253
821 2693
821 2593
821 2863
821 1873
821 2083
821 1697
823 918
825 2146
825 1223
826 2414
827 1386
827 1850
827 2171
831 1529
832 2400
832 2010
832 2082
835 1799
835 2994
836 2535
837 2745
837 2850
838 2639
838 2817
840 2610
841 1420
841 1760
841 1670
842 2419
844 2404
845 1312
845 1071
846 1894
848 975
849 1674
849 1839
850 2006
853 2326
853 1624
853 1784
854 2732
854 2659
855 2303
855 2784
857 1941
858 1358
858 2645
858 1259
858 1792
858 2684
858 1141
858 2559
859 1312
859 1797
861 2410
861 1706
861 1063
861 1821
861 1453
862 1860
862 2628
863 2376
864 1318
864 2767
865 1906
865 1571
865 1336
865 1270
865 1191
865 945
867 2885
869 1817
869 1002
870 2608
870 1313
873 2282
873 2933
875 2335
875 1050
875 1840
875 2933
875 2906
875 1508
875 1503
875 1423
875 2074
875 1301
875 881
875 925
877 1068
877 3000
878 2094
878 2211
879 2252
880 2900
882 2849
882 1459
882 2797
883 1072
883 1405
884 1712
884 1319
885 2968
888 2163
889 2203
889 2431
889 2886
890 2412
890 2226
892 1230
892 2063
893 2806
895 2883
896 2499
896 1117
897 959
897 2069
897 1978
897 2987
898 1527
899 1924
900 2529
900 930
902 1937
902 906
903 2053
903 2461
903 2726
907 2443
909 1376
909 1004
910 2142
911 1633
912 1310
913 1772
913 2823
915 2812
915 1235
915 1113
916 1581
918 2880
918 2795
922 2548
924 2693
924 2062
924 2992
925 2004
926 2371
926 2869
927 2874
928 2529
931 2204
932 1104
932 2251
933 2068
934 1493
934 1924
934 2820
934 2494
934 962
934 2887
935 2531
935 2558
935 1729
936 1581
938 1884
939 2805
939 2760
941 1471
941 2684
941 1935
942 2097
942 949
942 2410
942 1315
942 1973
942 1741
942 1061
942 1747
942 2917
943 1722
943 1129
945 2635
946 2070
946 2400
946 2539
946 2265
946 2392
947 2096
948 2198
949 2294
949 1098
949 1794
949 1065
949 1031
949 2587
949 2775
951 2568
953 975
954 1344
955 2925
956 2946
957 2883
957 2175
958 2453
958 2735
959 1858
961 1799
962 1925
962 1033
963 2815
963 2055
964 1486
965 2057
966 2702
967 2734
967 2983
968 2533
968 2966
969 1074
971 2050
971 2468
972 1381
974 1480
977 1471
978 2883
978 1086
982 2146
983 1204
983 2773
984 2025
985 2006
986 1493
988 1800
988 1575
988 1860
988 2086
989 2079
991 1756
991 1565
995 1063
996 1711
997 2837
998 1896
998 1401
999 1887
1000 2216
1001 1681
1001 2070
1006 2803
1007 2773
1008 1581
1008 1743
1009 1351
1009 2990
1009 1486
1009 2283
1010 2162
1011 2461
1011 1901
1011 2257
1011 1193
1012 1444
1012 2840
1013 1191
1014 1081
1015 2070
1015 2525
1015 1814
1015 2992
1016 2870
1017 2301
1017 2166
1017 1991
1018 2883
1020 1681
1020 1063
1020 2040
1021 2347
1021 1757
1025 2639
1025 1035
1025 1971
1025 2337
1025 2247
1025 2087
1026 1307
1027 1878
1029 2045
1029 2021
1029 1672
1030 1367
1031 1682
1032 2028
1032 2628
1034 2175
1034 1282
1034 2339
1034 2604
1035 2288
1035 1698
1036 1136
1041 1445
1042 1452
1042 2396
1043 1691
1043 1109
1047 1452
1048 1974
1050 1194
1051 2952
1052 1877
1052 2217
1054 1756
1054 1969
1055 2116
1056 2146
1056 1775
1058 1121
1059 2803
1059 1844
1060 2410
1062 2912
1063 1681
1064 2406
1068 1581
1068 2347
1069 2217
1071 1397
1072 2184
1072 1407
1072 1225
1072 2217
1072 1699
1072 1468
1073 1955
1074 1076
1074 2161
1074 1888
1076 2529
1076 2729
1076 2891
1076 2339
1076 2673
1076 1552
1076 1159
1076 2997
1076 2709
1077 1575
1077 2189
1078 2393
1079 2880
1079 1473
1083 2549
1084 2045
1084 2586
1084 1381
1086 2176
1086 2012
1087 1358
1087 1765
1087 1736
1087 2253
1087 2888
1089 2639
1089 1148
1089 1491
1089 2876
1090 2814
1091 2886
1092 1541
1093 2045
1093 2149
1095 1869
1096 2157
1101 2269
1102 1405
1102 1937
1102 1527
1102 1115
1102 2711
1102 2019
1102 2966
1102 2881
1103 1149
1104 2329
1105 2349
1105 1484
1105 1711
1105 2415
1106 2961
1107 2105
1109 1463
1109 2729
1109 2939
1109 1863
1109 2287
1110 1882
1111 1458
1112 1821
1114 1488
1114 2980
1115 1642
1115 2916
1115 1646
1115 1364
1116 2102
1118 2728
1120 1580
1121 1445
1121 2388
1121 2882
1121 1320
1121 2245
1122 2984
1124 1452
1124 1406
1124 1816
1127 1445
1130 1828
1133 2414
1133 1207
1135 1452
1135 2874
1135 2253
1135 2685
1135 1509
1135 2031
1136 1799
1136 2427
1136 2539
1136 2628
1136 1311
1136 2775
1137 2391
1137 1364
1138 1861
1138 1445
1138 2901
1139 1803
1140 2517
1142 1681
1142 2925
1144 1876
1145 1420
1146 1688
1146 2491
1148 1705
1149 2045
1149 1431
1149 1476
1149 2434
1150 2432
1152 2466
1153 1464
1153 1658
1154 2858
1154 2755
1155 2837
1155 2091
1157 2411
1158 2803
1158 1420
1158 1993
1159 1681
1160 1456
1161 1394
1161 1529
1163 2946
1164 1756
1164 1867
1164 2619
1166 1192
1167 2646
1167 1872
1167 1461
1168 2169
1169 2125
1169 2583
1171 1450
1172 1962
1172 2382
1174 1405
1176 1893
1181 2925
1182 1681
1182 1642
1182 2376
1183 1533
1184 2511
1186 1581
1186 1299
1187 2057
1187 2608
1189 2412
1190 2994
1191 1413
1199 1681
1199 2102
1203 1932
1205 2148
1205 2355
1206 1756
1206 2367
1206 2924
1206 1514
1206 2899
1207 2396
1207 1437
1208 2485
1208 2994
1210 1439
1210 1371
1213 1485
1214 2337
1217 2717
1217 2137
1220 2812
1221 1257
1223 2975
1224 1776
1226 2812
1226 2804
1230 1381
1230 2499
1230 2708
1231 2082
1233 1457
1233 1683
1234 2377
1235 1810
1236 2975
1237 2002
1240 2216
1241 2694
1241 1987
1243 2142
1245 1914
1245 1610
1245 1451
1246 1452
1246 1253
1246 2137
1247 1632
1248 1339
1248 2473
1249 1457
1251 1421
1251 2998
1251 2714
1252 1527
1252 1598
1252 2925
1252 1672
1252 1738
1252 1435
1254 2296
1257 1393
1258 2546
1259 2540
1260 2066
1260 1535
1261 1463
1261 1977
1263 1953
1264 2102
1265 2807
1266 2416
1266 1295
1267 2182
1270 2142
1271 2599
1274 1788
1275 1420
1276 2065
1277 2548
1278 1688
1280 1334
1280 2376
1282 2392
1284 1783
1285 2988
1286 2966
1287 1452
1287 2160
1288 1452
1293 1471
1294 1869
1294 1631
1294 1557
1295 2202
1295 1957
1295 1539
1296 1861
1296 2790
1296 2905
1296 2756
1299 1482
1301 2261
1302 1780
1303 2952
1303 2526
1304 2827
1305 2090
1307 2021
1307 1450
1307 1912
1307 2217
1310 1675
1311 2423
1314 1441
1315 2697
1315 2421
1316 1872
1316 2299
1317 1681
1318 2701
1321 2646
1324 1416
1325 1861
1325 2859
1326 2178
1326 2514
1329 1681
1329 2414
1329 2947
1329 2368
1329 2549
1329 2281
1330 2357
1332 1886
1333 1419
1334 1921
1334 2775
1335 1731
1337 1522
1338 1472
1338 1596
1339 1839
1341 2602
1344 2608
1345 1789
1347 2518
1348 2533
1348 2473
1349 1861
1350 2175
1351 2416
1351 2142
1351 2146
1351 2790
1351 1662
1351 1444
1352 1507
1353 2412
1354 2937
1354 2699
1355 2045
1355 2097
1355 2600
1356 2642
1356 1862
1357 2600
1357 1585
1358 2188
1358 2065
1358 2643
1360 1992
1363 2803
1364 2929
1364 2245
1367 2728
1367 1790
1367 1450
1368 2120
1369 1768
1370 2045
1370 2931
1370 1755
1370 2837
1370 1446
1371 2367
1375 2214
1379 1493
1380 1535
1381 1471
1381 1465
1382 2406
1384 2406
1385 2883
1385 2286
1386 1911
1388 2397
1389 1522
1391 2646
1391 1421
1392 2045
1392 3000
1392 2360
1393 1579
1394 1622
1395 2863
1397 2455
1397 2736
1397 2422
1397 2012
1397 1669
1399 2097
1399 1538
1403 1908
1405 1702
1405 1878
1405 2026
1406 1631
1407 1736
1407 1853
1408 2925
1408 1605
1408 2584
1408 2756
1408 2577
1409 1927
1412 1564
1412 2431
1417 2254
1420 2803
1420 1817
1420 2436
1420 2733
1420 2802
1420 2813
1420 1965
1421 2070
1421 2496
1421 2006
1421 1434
1422 2883
1422 2692
1422 1445
1422 2765
1423 1543
1425 2113
1426 2873
1426 2190
1427 2825
1428 2145
1428 2495
1428 2958
1431 2045
1431 2931
1431 2030
1431 1803
1432 1703
1433 2907
1434 2915
1435 2829
1437 2680
1442 2745
1445 2697
1445 1566
1446 2992
1447 1688
1448 1987
1449 2912
1449 1973
1450 2590
1452 2883
1452 2396
1452 2200
1452 2254
1452 2632
1452 2388
1452 2962
1452 2424
1452 1796
1454 2097
1454 2744
1457 2412
1457 2226
1457 2189
1457 2966
1458 2509
1459 1581
1460 1914
1460 2339
1462 1934
1463 2057
1463 2933
1464 1706
1464 2125
1464 1695
1464 2743
1464 1807
1464 2775
1465 2030
1466 1527
1466 2593
1467 2168
1469 1637
1470 2803
1470 2005
1471 1681
1471 2097
1471 2639
1471 2560
1471 1936
1471 1958
1471 2320
1473 2148
1473 2285
1474 2560
1474 2859
1475 2367
1475 2600
1476 1841
1476 1738
1477 2239
1478 1681
1478 2450
1478 1537
1479 2144
1480 1645
1482 1634
1482 2542
1482 2014
1484 2022
1485 2428
1485 1641
1485 1687
1485 2492
1486 1979
1488 2554
1488 1608
1489 2771
1493 2367
1493 2490
1493 1527
1493 2216
1493 1553
1493 1532
1494 2836
1494 2192
1497 1893
1497 2641
1498 1854
1503 2598
1503 2270
1506 2394
1507 1604
1507 2496
1507 2709
1507 1969
1509 1918
1510 2712
1512 2058
1515 2164
1515 2627
1517 2531
1518 2231
1522 1756
1522 2937
1525 1698
1526 1681
1526 2223
1527 2598
1527 2273
1528 1866
1528 1620
1530 2586
1534 2488
1536 1626
1536 1611
1537 2650
1538 2802
1538 2903
1538 2228
1540 1631
1541 2942
1544 1681
1544 2646
1545 1604
1547 2777
1548 2496
1549 2875
1550 1857
1552 2376
1555 1835
1557 1794
1559 1718
1561 1696
1562 2539
1563 1581
1564 1690
1564 2884
1564 1753
1564 2676
1564 1886
1566 2411
1569 2820
1571 2660
1573 1648
1574 1872
1575 2070
1575 2294
1575 2102
1575 2449
1575 1602
1576 2223
1580 2146
1580 1943
1580 2336
1581 1681
1581 2097
1581 2453
1581 2383
1581 2945
1581 1866
1581 1792
1581 2498
1581 2813
1581 2300
1581 1666
1581 2231
1581 2154
1581 2190
1581 2492
1581 2503
1581 2405
1583 1752
1584 2985
1588 1839
1591 2364
1594 2883
1595 1672
1595 1766
1597 2282
1597 2219
1599 2045
1599 2181
1600 1906
1601 2728
1601 1934
1601 1979
1601 1629
1603 1688
1604 1936
1604 2407
1605 2560
1605 2163
1605 1876
1607 2216
1608 2733
1608 2665
1608 2861
1609 2129
1610 1718
1610 2592
1615 2728
1615 2224
1615 1727
1616 2310
1617 1709
1621 1979
1622 1938
1622 2288
1625 2142
1625 2315
1630 2525
1630 1743
1630 1670
1631 2865
1632 1965
1636 2804
1637 2665
1638 1925
1638 2356
1642 1706
1642 2837
1642 2734
1642 2446
1642 1963
1642 2083
1642 2844
1643 2531
1645 1855
1647 1964
1648 1721
1652 2411
1652 1846
1657 2813
1659 1997
1662 1792
1664 2529
1664 2374
1664 1859
1664 1766
1665 1734
1665 2309
1665 2278
1668 2453
1671 2045
1673 2883
1673 2784
1674 2723
1676 2533
1681 2414
1681 1843
1681 2930
1681 2188
1681 2754
1681 2763
1681 2434
1681 2649
1681 2667
1682 1872
1686 2045
1688 1744
1688 1807
1688 2582
1689 2690
1691 2627
1691 2372
1693 1867
1697 2070
1697 2856
1700 1738
1703 2728
1703 2224
1703 2652
1705 1924
1705 2118
1705 1744
1706 1810
1706 2492
1706 2766
1707 1992
1708 2975
1710 2299
1710 2131
1713 1872
1714 2412
1714 1899
1715 2099
1716 2651
1717 2414
1718 2515
1721 2056
1721 2568
1723 2114
1725 2057
1725 2219
1727 1959
1728 2057
1728 2888
1730 2131
1731 2540
1731 2177
1731 2255
1732 2097
1732 2520
1734 2942
1735 2883
1735 2027
1748 1868
1751 2906
1754 2435
1755 2450
1755 1850
1755 2768
1755 1878
1756 1867
1756 2713
1757 2922
1764 2803
1764 2934
1765 2097
1765 1916
1765 2208
1765 2219
1768 2722
1770 2988
1772 2943
1772 2396
1772 2938
1774 2146
1776 2883
1776 2450
1777 2963
1777 2799
1778 2045
1779 2652
1780 2093
1781 2428
1783 2790
1785 2769
1787 2368
1789 2055
1789 2330
1790 2645
1790 2979
1791 2682
1793 2013
1794 2786
1798 2025
1799 2097
1799 2745
1799 2711
1800 1974
1803 2414
1805 1964
1805 1842
1806 2931
1807 1891
1810 2223
1810 2360
1816 2928
1817 2907
1819 2408
1819 2451
1819 2671
1820 2639
1822 2029
1822 2513
1824 2467
1824 2884
1825 2045
1825 1861
1825 1903
1827 2070
1827 2797
1834 2398
1836 2322
1838 2897
1840 2011
1840 2016
1841 1865
1843 2045
1843 2070
1843 2630
1843 2687
1846 2467
1847 1891
1847 2830
1850 2345
1850 1856
1851 2057
1854 2331
1855 2070
1855 2943
1855 2876
1857 1924
1857 2814
1861 2554
1861 2584
1862 2430
1863 2450
1863 2506
1863 2239
1865 2309
1865 2164
1866 2171
1867 1906
1868 2485
1868 2986
1869 2226
1875 2883
1875 2655
1875 1953
1875 2648
1875 2355
1880 2914
1880 2619
1881 2646
1882 2590
1882 2622
1883 2566
1883 2077
1885 1995
1887 2333
1889 2293
1890 2203
1891 2410
1891 2755
1892 2315
1893 2145
1893 2798
1894 1946
1899 1944
1900 2590
1902 2646
1902 2343
1904 2551
1906 2247
1906 2904
1908 2569
1909 2953
1914 2924
1915 2802
1921 2925
1921 2916
1922 2800
1922 2039
1923 2257
1924 2527
1925 2412
1925 2473
1926 2496
1926 2614
1932 1946
1936 2692
1936 2173
1937 2445
1938 2639
1939 2815
1939 2199
1940 2454
1940 2295
1941 2416
1941 2762
1946 2261
1947 2410
1948 2080
1949 2656
1950 2754
1950 2298
1953 2976
1954 2437
1955 2942
1955 2833
1955 2658
1955 2419
1956 2858
1957 2796
1958 2396
1959 2547
1960 2145
1962 2790
1962 2153
1962 2166
1962 2033
1963 2003
1964 2874
1965 2294
1968 2511
1971 2053
1971 2995
1971 2542
1974 2146
1974 2968
1978 2211
1981 2420
1981 2126
1982 2068
1986 2667
1986 2505
1987 1991
1988 2496
1993 2989
1994 2467
1997 2228
2000 2769
2003 2144
2003 2240
2004 2070
2005 2070
2012 2203
2012 2288
2015 2146
2015 2874
2020 2713
2022 2849
2023 2062
2028 2820
2028 2451
2028 2241
2029 2861
2030 2600
2030 2823
2030 2924
2032 2676
2036 2931
2037 2386
2038 2294
2039 2065
2040 2803
2041 2144
2045 2803
2045 2146
2045 2488
2045 2976
2045 2337
2045 2819
2045 2702
2045 2716
2045 2547
2045 2054
2045 2353
2045 2394
2045 2596
2045 2230
2046 2366
2049 2360
2053 2680
2053 2459
2053 2073
2054 2217
2055 2942
2057 2931
2057 2405
2059 2436
2061 2195
2064 2976
2065 2244
2065 2795
2069 2553
2070 2517
2070 2593
2070 2578
2076 2520
2077 2347
2078 2140
2082 2341
2085 2222
2086 2855
2086 2882
2090 2806
2091 2870
2091 2388
2092 2724
2093 2386
2094 2700
2094 2949
2097 2728
2097 2924
2097 2153
2097 2889
2097 2800
2097 2373
2097 2542
2097 2899
2097 2107
2097 2100
2099 2205
2100 2717
2101 2943
2102 2260
2102 2243
2106 2118
2107 2436
2107 2293
2109 2175
2112 2360
2114 2212
2114 2858
2116 2636
2117 2649
2122 2901
2125 2463
2125 2227
2125 2616
2127 2885
2129 2732
2131 2293
2131 2258
2133 2803
2136 2732
2142 2916
2142 2549
2145 2942
2145 2790
2146 2224
2147 2842
2148 2542
2152 2804
2156 2752
2161 2175
2161 2332
2162 2660
2164 2883
2165 2583
2168 2224
2173 2935
2177 2986
2178 2294
2178 2880
2178 2845
2179 2525
2182 2970
2185 2285
2186 2276
2187 2224
2188 2451
2188 2698
2189 2400
2192 2366
2193 2490
2194 2223
2196 2357
2198 2783
2200 2305
2202 2664
2203 2716
2203 2913
2203 2919
2205 2808
2209 2810
2213 2904
2214 2367
2214 2554
2214 2263
2214 2661
2214 2594
2216 2632
2223 2803
2223 2956
2224 2921
2228 2437
2234 2909
2235 2364
2244 2619
2245 2831
2246 2577
2248 2284
2253 2342
2254 2426
2254 2960
2255 2431
2256 2884
2261 2277
2262 2533
2264 2717
2266 2808
2270 2423
2275 2945
2282 2526
2283 2803
2286 2408
2287 2906
2292 2530
2294 2496
2294 2493
2294 2621
2294 2853
2294 2516
2299 2901
2304 2660
2305 2884
2305 2770
2306 2661
2310 2954
2314 2520
2315 2995
2315 2662
2317 2531
2318 2618
2324 2425
2327 2413
2328 2630
2328 2785
2333 2381
2333 2719
2341 2930
2343 2365
2345 2988
2353 2529
2358 2865
2362 2496
2367 2776
2372 2484
2373 2883
2374 2741
2375 2942
2375 2930
2378 2742
2380 2979
2383 2565
2383 2491
2384 2529
2387 2527
2389 2416
2393 2672
2396 2954
2396 2893
2396 2503
2396 2751
2397 2428
2402 2912
2402 2552
2408 2883
2409 2843
2410 2912
2411 2728
2412 2496
2412 2603
2414 2728
2414 2734
2414 2474
2414 2969
2416 2537
2418 2524
2422 2437
2422 2656
2422 2711
2422 2774
2423 2881
2428 2654
2429 2892
2436 2568
2437 2442
2450 2982
2456 2459
2457 2499
2460 2464
2461 2485
2472 2613
2474 2529
2475 2496
2481 2954
2483 2952
2484 2570
2485 2913
2485 2622
2485 2810
2487 2772
2488 2543
2490 2634
2490 2633
2492 2574
2496 2890
2500 2776
2507 2592
2509 2808
2511 2621
2515 2779
2517 2554
2517 2788
2520 2543
2520 2536
2522 2991
2529 2616
2529 2584
2532 2627
2536 2648
2543 2872
2544 2674
2544 2650
2550 2873
2551 2613
2553 2589
2553 2841
2553 2998
2554 2802
2560 2880
2560 2640
2568 2656
2573 2790
2576 2942
2576 2790
2579 2594
2613 2804
2615 2921
2616 2761
2623 2943
2623 2912
2623 2815
2623 2875
2624 2810
2627 2689
2630 2883
2630 2790
2630 2745
2630 2903
2633 2829
2644 2905
2645 2803
2645 2954
2646 2943
2646 2726
2646 2930
2646 2994
2648 2934
2654 2998
2654 2854
2656 2802
2660 2926
2672 2799
2674 2823
2692 2892
2693 2996
2696 2947
2700 2943
2706 2933
2709 2945
2713 2913
2722 2855
2725 2908
2728 2894
2732 2815
2732 2922
2734 2779
2742 2954
2745 2942
2756 2883
2761 2873
2782 2823
2790 3000
2800 2916
2833 2930
2835 2877
2868 2994
2903 2966
2912 2995
2928 2945
2942 2980
2942 2959
2943 2975
