3000 10148
1 21
1 268
1 899
1 1366
1 1369
1 1533
1 1564
1 1605
1 1921
1 2213
1 2519
2 157
2 1004
2 1493
2 1801
2 2953
3 5
3 301
3 400
3 506
3 977
3 1053
3 1250
3 1726
3 1854
3 1856
3 2872
4 241
4 303
4 477
4 681
4 1303
4 2132
4 2579
4 2611
4 2748
4 2904
4 2985
5 377
5 401
5 888
5 1890
5 2109
5 2232
5 2260
5 2995
6 1025
6 1147
6 1261
6 1473
6 1600
6 2360
7 1540
7 2374
7 2923
8 519
8 1644
8 1661
8 2289
8 2622
8 2804
9 340
9 413
9 706
9 1109
9 1847
9 1896
9 1936
9 2714
10 25
10 97
10 259
10 853
10 1420
10 1721
10 2199
10 2404
10 2565
10 2579
10 2787
11 94
11 379
11 638
11 902
11 1072
11 1445
11 1632
11 1788
11 2418
11 2508
11 2958
11 2992
12 863
12 960
12 1540
12 1868
12 1904
12 2547
13 736
13 1576
13 2084
13 2472
13 2573
14 251
14 788
14 1324
14 1603
14 1753
14 1790
14 2292
14 2394
14 2731
15 689
15 753
15 762
15 1097
15 2254
15 2762
16 436
16 1704
16 1706
16 1763
16 1932
16 2052
16 2431
16 2625
16 2799
16 2890
17 136
17 239
17 351
17 557
17 690
17 1143
17 1150
17 1284
17 2343
17 2985
18 103
18 937
18 1073
18 1320
18 1387
18 1987
18 2480
19 753
19 1127
19 2649
19 2812
20 929
20 1054
20 2155
20 2241
20 2822
21 696
21 1536
21 1552
21 1772
21 2133
21 2284
21 2734
21 2797
22 782
22 1667
22 1887
22 2156
23 1337
23 1341
23 1510
23 1625
23 2023
23 2314
23 2773
24 55
24 412
24 936
24 1079
24 1234
24 1524
24 1830
24 1846
24 2093
24 2468
25 1854
25 2196
26 345
26 551
26 570
26 697
26 1409
26 2310
26 2390
27 548
27 1411
27 1897
27 2246
27 2249
27 2929
28 235
28 312
28 417
28 487
28 1269
28 1290
28 1788
28 1820
28 1887
28 2031
28 2177
28 2449
28 2565
28 2575
29 125
29 380
29 1018
29 1239
29 1264
29 1797
29 1985
29 2702
29 2810
29 2965
29 2966
30 197
30 362
30 1326
30 2254
30 2604
30 2889
31 307
31 683
31 698
31 773
31 912
31 1534
31 1736
31 1738
31 1756
31 1837
31 2246
31 2542
32 214
32 650
32 1066
32 2157
32 2301
32 2311
32 2762
33 384
33 610
33 775
33 2248
34 283
34 320
34 525
34 1857
34 2402
35 171
35 973
35 1244
35 1403
35 1747
35 2110
35 2565
35 2813
36 1016
36 1861
36 2079
36 2868
37 44
37 1853
37 2048
37 2077
37 2111
37 2399
37 2723
38 40
38 963
38 1156
38 1325
38 2245
38 2703
38 2994
39 298
39 430
39 509
39 640
39 882
39 998
39 1614
39 1724
39 2053
39 2397
39 2836
40 192
40 862
40 1073
40 2218
40 2963
41 139
41 566
41 1000
41 1010
41 1126
41 1829
41 1844
41 1868
41 2031
41 2265
41 2514
42 453
42 1237
42 1358
42 1451
42 2249
42 2644
42 2806
42 2878
42 2940
43 392
43 1381
43 1875
43 1979
43 2444
43 2611
43 2803
43 2908
43 2940
44 2085
44 2368
44 2740
44 2849
45 316
45 945
45 1525
45 1707
45 1900
45 1975
45 2261
45 2924
46 1147
46 1351
46 1650
46 2631
46 2808
47 115
47 1413
47 2505
47 2878
48 381
48 1222
48 1271
48 1414
48 1479
48 1722
48 1843
48 2170
48 2287
49 172
49 485
49 938
49 1245
49 2331
49 2987
50 511
50 859
50 1199
50 1444
50 2091
50 2558
50 2999
51 268
51 567
51 942
51 1262
51 1457
51 1703
51 2707
52 339
52 1638
53 211
53 632
53 723
53 1685
53 2751
54 782
54 1559
54 2074
54 2095
54 2216
54 2896
55 410
55 505
55 524
55 705
55 1233
55 1259
55 1384
55 1397
55 1494
55 1605
55 1808
55 2281
55 2813
56 527
56 580
56 1099
56 1118
56 1596
56 1715
56 2195
57 770
57 2007
57 2570
57 2623
57 2730
57 2823
58 1166
58 1225
58 1613
58 1716
58 2438
59 409
59 492
59 980
59 1034
59 1063
59 1269
59 1688
59 1857
59 2190
59 2525
59 2850
60 1230
60 1529
60 1803
60 2427
60 2496
60 2781
61 324
61 1132
61 1251
61 1862
61 2442
62 65
62 638
62 642
62 920
62 1278
62 2755
63 121
63 221
63 266
63 1062
63 1767
63 2348
63 2897
64 268
64 330
64 783
64 1026
64 1169
64 1222
64 1853
64 2140
64 2372
65 2301
65 2618
65 2687
65 2999
66 208
66 288
66 434
66 1039
66 1276
66 2128
66 2181
67 999
67 2423
68 257
68 1770
68 2003
68 2094
68 2313
68 2914
69 83
69 184
69 200
69 204
69 397
69 665
69 1379
69 1395
69 1467
69 1506
69 1741
69 1851
69 2048
69 2081
70 260
70 273
70 421
70 1807
70 1890
70 2971
71 1301
71 1622
71 1830
71 1859
71 2176
71 2204
71 2587
71 2747
71 2772
72 548
72 782
72 1760
72 1973
72 2248
72 2791
73 250
73 1544
73 1758
73 2115
74 235
74 244
74 659
74 862
74 971
74 1811
74 1877
74 1974
74 2569
75 1159
75 2064
75 2117
75 2476
75 2884
76 139
76 562
76 874
76 1411
76 1895
76 2463
77 1487
77 1671
77 1736
77 2101
77 2123
77 2470
77 2822
77 2907
78 94
78 129
78 385
78 388
78 560
78 1405
78 1701
78 2280
79 473
79 523
79 1274
79 1409
79 1851
79 2466
79 2959
80 338
80 452
80 1524
80 1692
80 1724
80 2276
81 797
81 1066
81 1116
81 1467
81 2139
81 2180
82 980
83 123
83 2632
83 2920
84 514
84 632
84 1872
84 2413
84 2464
85 181
85 1282
85 1568
85 2039
85 2318
85 2454
85 2643
85 2768
85 2972
86 512
86 677
86 853
86 2451
86 2616
86 2807
86 2978
87 136
87 199
87 867
87 887
87 943
87 1645
87 2322
88 294
88 1090
88 1511
89 151
89 236
89 850
89 1536
89 2028
89 2185
89 2291
89 2909
90 780
90 1468
90 1721
90 2071
91 1118
91 1396
91 1458
91 2552
91 2591
91 2771
91 2884
92 374
92 482
92 518
92 1060
92 1449
92 1760
92 2110
92 2359
92 2467
92 2625
93 621
93 835
93 1058
93 1093
93 1113
93 1886
93 1932
93 1937
93 2212
93 2231
93 2484
93 2748
93 2939
94 111
94 143
94 148
94 638
94 1048
94 1702
94 2272
95 210
95 1122
95 1129
95 1144
95 1834
95 2129
95 2326
95 2535
95 2714
96 182
96 358
96 772
96 1065
96 1458
96 1883
96 2102
97 332
97 350
97 588
97 610
97 2557
97 2599
98 277
98 307
98 423
98 429
98 431
98 816
98 1988
98 2054
98 2900
98 2954
99 248
99 470
99 594
99 1032
99 1760
99 1972
99 2428
99 2462
99 2665
99 2707
99 2876
99 2903
100 248
100 717
100 743
100 1119
100 1309
100 1616
100 2018
100 2754
101 300
101 1495
101 1577
101 1898
101 2184
101 2714
101 2800
101 2910
101 2990
102 297
102 414
102 555
102 703
102 756
102 932
102 1660
102 2117
102 2667
103 437
103 477
103 1625
103 2189
103 2971
104 318
104 489
104 556
104 725
104 978
104 1274
104 1368
104 1483
104 1820
104 2042
104 2373
104 2477
104 2597
104 2851
105 1007
105 1318
105 1406
105 1455
105 1491
105 1533
105 1656
105 1764
105 1802
105 1919
105 2651
105 2715
106 536
106 582
106 694
106 1072
106 1192
106 1944
106 1976
106 2291
106 2653
106 2661
106 2971
107 282
107 535
107 615
107 865
107 2129
108 1134
108 1417
109 875
109 2793
110 620
110 1048
110 1172
110 1507
110 1570
110 2004
110 2244
111 179
111 929
111 1044
111 2008
111 2048
111 2578
112 368
112 1334
112 1352
112 1438
112 1691
112 1921
112 2064
112 2300
112 2825
113 461
113 1278
113 1288
113 1319
113 1540
113 1605
113 1610
113 1635
113 2529
113 2680
113 2849
114 853
114 1195
114 1702
114 1950
114 1951
114 2172
115 241
115 668
115 692
115 981
115 1039
115 1154
115 1434
115 1659
115 2107
115 2310
115 2374
115 2786
115 2893
116 290
116 987
116 1073
116 1453
116 2063
116 2444
117 305
117 750
117 1058
117 1225
117 1294
117 2430
118 173
118 2174
118 2289
118 2323
119 1362
119 1417
119 2047
119 2272
119 2308
119 2358
120 328
120 445
120 562
120 902
120 1769
120 1858
120 1963
120 2251
120 2887
120 2950
121 585
121 849
121 964
121 1056
121 1100
121 1361
121 2257
121 2386
121 2489
121 2759
122 382
122 454
122 588
122 1136
122 1302
122 1672
123 536
123 959
123 1377
123 1672
123 1997
123 2041
123 2286
123 2413
123 2941
124 565
124 594
124 707
124 787
124 1986
125 686
125 1002
125 1112
125 1238
125 1283
125 1341
125 1385
125 1723
126 1528
126 2182
127 154
127 947
127 2276
127 2544
127 2977
128 482
128 1013
128 1088
128 1240
128 1374
128 1703
128 2299
128 2337
128 2676
129 1556
130 661
130 1390
130 2615
131 1073
131 2960
132 297
132 418
132 488
132 873
132 1352
132 1958
132 2260
132 2677
132 2726
133 373
133 1030
133 1068
133 1524
133 1836
133 2560
134 595
134 748
134 1625
134 1864
134 2084
134 2409
134 2501
134 2678
135 237
135 359
135 858
135 884
135 889
135 1090
135 2348
135 2356
135 2539
135 2634
135 2911
136 491
136 1218
136 1342
136 1366
136 1966
136 2197
136 2963
137 190
137 385
137 644
137 1082
137 1440
138 446
138 1054
138 1286
138 1381
138 1524
138 1685
138 1848
138 2084
138 2309
138 2625
139 156
139 1487
139 1919
140 448
140 636
140 844
140 887
140 1034
140 1334
140 1496
140 1901
140 2603
140 2650
141 1898
141 1904
141 2022
141 2405
141 2804
142 624
142 632
142 1413
142 1689
142 2132
142 2631
142 2671
142 2786
142 2995
143 219
143 836
143 1007
143 2437
143 2828
144 236
144 336
144 482
144 955
144 1257
144 1852
144 1991
144 2083
144 2547
145 167
145 802
145 1880
145 2326
145 2333
145 2815
145 2967
146 429
146 785
146 1989
147 449
147 611
147 815
147 848
148 1240
148 1504
148 1547
148 1613
148 2480
149 672
149 2355
150 238
150 419
150 429
150 454
150 565
150 637
150 1177
150 2047
150 2730
150 2951
151 1340
151 1376
151 1466
151 1517
151 1538
151 2268
151 2373
152 855
152 1784
152 1962
152 2262
152 2558
152 2725
152 2922
153 202
153 844
153 846
153 872
153 1088
153 1447
153 2192
153 2225
154 1286
154 1968
154 2376
154 2464
154 2925
155 295
155 870
155 957
155 1133
155 1510
155 1592
155 2013
155 2175
155 2819
156 530
156 695
156 2092
156 2538
157 161
157 420
157 2548
157 2835
158 977
158 1587
158 2353
158 2357
158 2363
158 2591
158 2749
159 372
159 620
159 1291
159 1539
159 1568
159 1665
159 2219
159 2554
160 178
160 614
160 914
160 1440
160 1671
160 1875
160 2501
160 2721
161 173
161 373
161 799
161 954
161 1399
161 1519
161 1998
161 2160
161 2418
161 2546
162 564
162 1695
162 1802
162 1916
162 2389
162 2971
163 561
163 1013
163 1198
164 601
164 820
164 1069
164 1234
164 1508
164 1642
164 2019
164 2197
164 2291
164 2521
164 2600
164 2869
164 2884
165 168
165 434
165 731
165 1392
165 1811
165 2542
165 2703
165 2774
166 505
166 551
166 766
166 1378
166 1601
166 1918
166 2163
166 2213
166 2521
166 2638
166 2747
166 2883
167 233
167 571
167 1113
167 2612
167 2687
167 2766
168 192
168 1199
168 1386
168 1387
168 1856
168 2104
168 2308
169 649
169 881
169 940
169 954
169 966
169 1018
169 1279
169 1754
169 2173
169 2478
169 2745
170 177
170 897
170 1266
170 1288
170 1666
171 436
171 1095
172 270
172 438
172 1141
172 1496
172 2229
172 2494
173 1248
173 2222
173 2397
173 2436
174 414
174 435
174 1320
174 1452
174 1508
174 1610
174 1623
174 1693
174 2878
174 2975
175 435
175 701
175 796
175 1060
175 1321
175 1370
175 1376
175 1383
175 2105
176 1125
176 1330
176 1485
176 2271
176 2972
177 499
177 782
177 787
177 953
177 1205
177 1707
177 1724
177 1825
177 2701
177 2746
177 2800
178 533
178 1338
178 1490
178 1557
178 1803
178 2362
178 2743
179 292
179 364
179 622
179 625
179 659
179 1773
179 2503
180 585
180 1062
180 1339
180 1939
180 2477
181 242
181 1447
181 1490
181 1857
182 323
182 794
182 931
182 1692
182 2305
182 2746
182 2763
182 2764
182 2773
183 891
183 932
183 1769
183 2497
184 345
184 810
184 962
184 1199
184 1432
184 2243
184 2849
185 1331
185 1615
185 2362
185 2481
185 2484
185 2837
185 2915
186 856
186 908
186 1246
186 1355
186 1725
186 1809
186 2389
186 2763
186 2775
186 2873
187 1946
187 2261
187 2343
187 2479
188 920
188 1521
189 608
189 1290
189 1861
189 1950
189 2754
189 2881
189 2902
190 1218
190 1692
190 1916
190 1920
191 547
191 821
191 1544
191 1925
191 2262
191 2496
192 734
192 835
192 1554
192 1750
192 1888
192 2023
192 2314
192 2573
192 2633
193 1726
193 2595
193 2805
194 672
194 1617
194 2127
195 429
195 490
195 1795
195 2899
196 889
196 2624
196 2662
196 2787
197 534
197 603
197 612
197 663
197 779
197 1072
197 1145
197 1912
197 2371
197 2626
198 624
198 836
198 1028
198 1236
198 1952
198 2344
198 2419
198 2710
198 2940
198 2966
199 667
199 1543
199 2370
199 2441
199 2546
200 393
200 633
200 1280
200 2212
200 2246
200 2803
201 217
201 1748
201 2008
201 2984
202 602
202 821
202 1207
202 1225
202 1366
202 1388
202 1560
202 2004
202 2394
202 2434
203 585
203 736
203 1027
203 1899
203 2311
203 2602
203 2704
203 2873
203 2981
204 248
204 590
204 671
204 1513
204 1715
204 1951
204 1967
204 2374
204 2603
204 2674
204 2769
204 2988
205 524
205 891
205 2603
205 2796
206 932
206 1245
206 1682
206 1821
206 2448
206 2599
207 941
207 1309
207 1595
207 1770
207 2161
207 2831
208 325
208 520
208 1245
208 1567
208 1724
208 2081
208 2132
208 2579
208 2616
209 448
209 621
209 638
209 865
209 2303
209 2419
209 2609
209 2771
209 2963
210 462
210 688
210 973
210 1203
210 1260
210 1527
210 2933
211 747
211 1286
211 1388
211 1502
211 1687
211 1939
211 2507
211 2561
211 2582
211 2711
211 2743
212 1027
212 2758
212 2899
213 612
213 1221
213 1395
213 1398
213 1658
213 1885
213 2472
213 2821
213 2837
214 221
214 429
214 1048
214 1216
214 1368
214 1439
214 2058
214 2554
214 2675
214 2802
215 321
215 440
215 657
215 1340
215 2074
215 2100
216 894
216 1236
216 1348
216 1380
216 1424
217 934
217 1132
217 1290
217 1613
217 1730
217 2091
217 2344
217 2390
217 2770
218 578
218 1983
218 2226
218 2246
219 1329
219 1340
219 1696
219 2957
220 282
220 300
220 1095
220 2095
220 2676
220 2986
221 1469
221 2390
221 2412
221 2885
221 2930
222 242
222 612
222 703
222 1741
222 2362
222 2385
222 2643
222 2818
223 609
223 990
223 1689
223 2452
223 2487
223 2541
224 1130
224 1557
224 1639
224 2634
224 2858
225 235
225 272
225 729
225 759
225 2276
225 2525
225 2679
226 1247
226 2210
226 2278
226 2498
226 2501
226 2753
227 379
227 397
227 450
227 511
227 1461
227 1567
227 2324
227 2392
227 2732
227 2954
228 702
228 1001
228 2349
228 2722
228 2815
229 1436
229 1559
229 1912
229 2405
229 2626
230 655
230 1075
230 1258
230 1614
230 1729
231 344
231 569
231 845
231 1518
231 1915
231 2181
232 1126
232 1239
232 1336
232 1976
232 2889
233 1272
233 1549
233 2089
233 2539
234 533
234 1310
234 1883
234 2273
234 2644
234 2838
235 297
235 352
235 525
235 904
235 1465
235 1509
235 1686
235 1852
235 2465
235 2576
236 484
236 661
236 792
236 831
236 1787
236 2326
236 2632
236 2975
237 1652
237 2060
237 2238
238 327
238 531
238 705
238 1343
239 1489
239 2536
239 2889
240 1038
240 1145
240 1589
240 1924
240 1975
240 2445
240 2447
240 2485
240 2668
241 591
241 1115
241 1209
242 1007
242 1111
242 1923
242 2006
242 2541
242 2685
243 965
243 1389
243 1559
243 1960
244 793
244 1467
244 1521
244 1890
244 1914
244 2855
244 2980
245 926
245 1219
245 1414
245 1973
245 2019
245 2584
245 2955
246 514
246 861
246 1712
246 2002
246 2549
247 733
247 1020
247 1093
247 1295
247 1462
247 1884
247 2184
247 2279
247 2898
247 2933
248 853
248 1325
248 1449
248 1724
248 2834
249 906
249 1409
249 1687
249 1751
249 1755
249 1770
250 383
250 759
250 1900
250 1911
251 326
251 859
251 1391
251 1584
251 1999
251 2407
251 2578
251 2902
252 769
252 784
252 1535
252 1548
252 1673
252 2610
252 2936
253 878
253 2090
253 2189
253 2469
253 2554
253 2615
253 2880
254 578
254 700
254 1127
254 1619
254 2269
255 354
255 371
255 1398
256 489
256 622
256 645
256 868
256 1458
256 1641
256 2302
256 2426
256 2505
256 2736
257 629
257 1057
257 1325
257 1630
257 1656
257 2150
257 2873
257 2927
258 1095
258 1573
258 1632
258 2913
259 503
259 525
259 539
259 701
259 1499
259 2635
259 2761
260 421
260 649
260 726
260 727
260 1508
260 1615
260 2187
260 2235
261 699
261 1387
261 1555
261 2038
261 2795
263 427
263 956
263 1029
263 1405
263 1762
263 1869
263 2473
263 2606
263 2648
264 475
264 570
264 815
264 861
264 957
264 1297
264 1662
264 2209
264 2549
264 2579
265 564
265 816
265 942
265 1789
265 1983
265 2044
265 2256
265 2258
265 2291
265 2531
266 752
266 2111
266 2320
266 2877
267 739
267 1117
267 1162
267 1244
267 1273
267 1314
267 1440
267 2984
268 1088
268 1422
268 1542
268 1891
268 2024
268 2109
268 2846
269 271
269 1345
269 1368
269 1376
269 2309
269 2338
269 2343
269 2927
270 559
270 874
270 946
270 995
270 1161
270 1436
270 2566
271 987
271 1143
271 1496
271 2051
271 2877
271 2995
272 1115
272 1164
272 1372
272 1677
272 2575
272 2901
273 449
273 524
273 683
273 1408
273 1925
273 2949
274 467
274 1512
274 1549
274 2588
275 285
275 337
275 418
275 557
275 763
275 1322
275 1722
275 1771
275 2599
276 353
276 717
276 1226
276 2089
277 332
277 722
277 1158
277 1683
277 2926
278 1742
278 2421
278 2457
278 2516
278 2748
278 2872
279 877
279 1183
279 2142
279 2389
279 2897
279 2927
280 443
280 477
280 873
280 1024
280 2712
281 524
281 682
281 742
281 1077
281 2274
281 2542
281 2686
281 2853
282 458
282 827
282 1480
282 1544
282 1647
282 1921
283 679
283 2121
283 2505
283 2825
284 406
284 817
284 1415
284 1542
284 1675
284 1810
284 2038
284 2083
284 2767
285 2333
285 2371
286 1047
286 1300
286 2594
286 2806
286 2859
287 452
287 765
287 1049
287 1540
287 1981
287 2371
287 2633
288 1341
288 2194
288 2429
288 2522
288 2810
288 2843
289 762
289 864
289 1469
289 1913
289 2261
289 2432
289 2547
290 634
290 891
290 1249
290 2167
290 2242
290 2587
290 2637
290 2920
291 371
291 603
291 1057
291 1981
291 2800
291 2844
292 945
292 1357
292 1542
292 1559
292 2635
293 494
293 687
293 867
293 1738
293 2066
293 2101
293 2126
294 402
294 1995
294 2040
294 2493
294 2514
295 362
295 635
295 828
295 2054
295 2279
296 505
296 562
296 708
296 1560
296 1964
297 515
297 852
297 2799
297 2931
298 344
298 376
298 484
298 851
298 2198
298 2704
298 2983
299 301
299 761
299 888
299 1257
299 2345
300 357
300 1262
300 1557
300 1638
300 2109
300 2147
301 1353
301 1360
301 1673
301 1846
301 2363
302 463
302 818
302 862
302 925
302 934
302 1143
302 1612
303 515
303 680
303 757
303 866
303 2290
303 2319
303 2506
303 2709
304 1149
304 1157
304 1180
304 2090
304 2306
304 2336
304 2531
305 1135
305 1498
305 1917
305 2078
305 2379
306 335
306 391
306 688
306 919
306 1562
306 2964
307 565
307 866
307 977
307 1579
307 2878
308 368
308 1596
308 2018
308 2383
308 2652
309 563
309 751
309 1272
309 1280
309 1320
309 1586
309 2277
309 2955
310 874
310 1045
310 1426
310 2151
311 2548
312 502
312 963
312 1304
312 1824
312 2472
312 2499
313 568
313 1339
313 1573
313 1770
313 1843
313 2698
313 2720
313 2764
314 527
314 596
314 728
314 789
314 947
314 1294
314 1889
314 1900
315 321
315 740
315 792
315 1913
315 2609
315 2730
315 2795
315 2907
316 430
316 1348
316 1982
316 2583
317 475
317 596
317 853
317 1075
317 1669
317 1746
317 2091
317 2305
317 2332
317 2553
317 2893
317 2943
318 835
318 1248
318 1288
318 1380
318 1602
318 2021
318 2373
318 2604
318 2827
319 370
319 618
319 619
319 1187
319 1478
319 2036
319 2040
320 1544
320 2060
320 2472
321 559
321 1073
321 1729
321 1998
321 2045
321 2211
321 2847
322 454
322 1281
322 1418
322 2891
323 540
323 597
323 786
323 1575
323 1824
323 2060
323 2283
323 2432
323 2602
324 443
324 625
324 727
324 974
324 1536
324 2510
324 2915
325 724
325 1755
325 1862
325 2350
325 2684
326 338
326 773
326 851
326 906
326 1522
326 1855
327 1230
327 1384
327 1847
327 2142
328 716
328 1053
328 1217
328 1239
328 1386
328 1465
328 1670
328 2396
328 2639
329 674
329 694
329 1139
329 1260
329 1390
329 1587
329 1886
329 2654
329 2759
329 2811
330 439
330 1831
330 1908
330 2161
330 2469
330 2986
331 563
331 706
331 1837
331 2091
331 2438
332 1251
332 2292
332 2703
332 2799
332 2849
332 2956
333 372
333 408
333 1211
333 2247
333 2410
333 2453
333 2469
334 573
334 946
334 2471
334 2864
335 535
335 640
335 1133
335 1164
335 1270
335 1848
335 2001
335 2123
335 2143
335 2444
335 2528
335 2656
335 2764
335 2952
336 638
336 757
336 1256
336 2230
337 1967
338 428
338 1048
338 1380
338 1468
338 1719
338 2317
338 2488
339 354
339 363
339 1119
339 1803
339 2055
339 2129
339 2373
339 2873
339 2960
340 761
340 1108
340 1637
340 1811
340 1841
340 2420
340 2525
340 2970
341 413
341 792
341 921
341 942
341 2099
341 2126
341 2147
342 693
342 1052
342 2589
342 2917
343 349
343 400
343 643
343 1419
343 1743
343 1804
343 2018
343 2975
344 503
344 681
344 1342
344 1519
344 1545
344 2676
345 647
345 704
345 1011
345 1094
345 1437
345 1597
345 2204
346 1033
346 1559
346 1648
346 1677
346 2179
346 2498
346 2611
346 2634
347 495
347 1723
347 2194
347 2611
348 1124
348 1264
349 1132
349 1133
349 1283
349 1533
349 1567
349 1879
349 2597
349 2785
350 1125
350 1186
350 1228
350 2198
350 2321
350 2557
350 2764
351 1050
351 1141
351 1547
351 1788
351 2076
351 2529
352 877
352 1058
353 1426
353 1764
353 1772
353 2725
353 2859
354 769
354 1249
354 1453
354 1505
354 1783
354 1889
354 2600
355 1812
355 2005
355 2990
356 715
356 984
356 1595
356 1714
356 1885
356 1912
356 1937
356 2357
356 2798
356 2844
357 558
357 1095
357 1534
357 2160
357 2210
357 2652
357 2723
358 850
358 1675
358 1718
358 1839
358 1947
358 2378
358 2396
358 2882
359 695
359 1461
359 1561
359 1755
359 2022
359 2092
359 2196
359 2425
360 617
360 1470
360 2365
360 2491
360 2755
360 2958
361 2493
361 2922
362 679
362 859
362 1188
362 1960
362 2048
362 2755
363 417
363 1053
363 1454
363 1495
363 1616
363 2063
363 2321
364 1088
364 2573
365 579
365 1046
365 1911
365 1970
365 2420
365 2836
365 2888
365 2910
366 797
366 1088
366 1143
366 1168
366 1206
366 1216
366 1323
366 2680
366 2946
367 588
367 696
367 920
367 1211
367 1446
367 1705
367 1748
367 1848
367 2219
368 746
368 1584
368 1717
368 2370
368 2835
369 947
369 1586
369 2681
369 2889
370 628
370 653
370 832
370 1012
370 1110
370 1277
370 2935
371 2284
371 2559
371 2577
372 457
372 1629
372 2664
372 2721
372 2914
373 379
373 429
373 436
373 659
373 755
373 2768
374 1187
374 2384
375 472
375 521
375 641
375 1142
375 1300
375 1433
375 2086
375 2102
376 446
376 510
376 787
376 955
376 1564
376 2098
376 2132
376 2649
376 2781
377 531
377 875
377 1734
377 1849
377 2155
377 2222
377 2477
378 621
378 858
378 1238
378 2836
379 1154
379 1251
379 1500
379 2128
380 504
380 1103
380 1531
380 1685
381 495
381 1270
381 2535
382 594
382 788
382 1080
382 1496
382 2639
382 2804
383 1030
383 1644
383 1660
383 1854
383 2464
383 2906
384 498
384 1796
384 2099
384 2977
385 698
385 994
385 1055
385 1185
385 2048
385 2099
385 2259
385 2378
385 2425
385 2558
386 469
386 1524
386 1714
386 1906
386 2198
386 2713
386 2839
386 2932
387 460
387 1796
387 2381
388 526
388 624
388 1289
388 1573
388 2474
389 800
389 827
389 846
389 908
389 1010
389 1069
390 774
390 1257
390 1892
390 2201
390 2348
390 2388
390 2593
390 2660
390 2935
391 824
391 1184
391 1296
391 1307
391 1789
391 1805
391 2189
391 2208
391 2319
392 525
392 1268
392 1429
392 1598
393 412
393 552
393 1044
393 1429
393 1919
393 2028
393 2604
393 2828
394 748
394 812
394 813
394 1177
394 1206
394 1468
394 1655
394 1739
394 1767
394 1782
394 2019
394 2023
394 2042
394 2999
395 409
395 709
395 729
395 1434
395 1704
395 1895
395 2022
395 2668
396 434
396 444
396 1219
396 1508
396 1831
396 1918
396 2319
396 2846
397 1008
397 2017
397 2023
397 2415
397 2549
397 2677
398 412
398 668
398 1070
398 1321
398 1415
398 2791
399 423
399 2669
400 515
400 864
400 1013
400 1337
400 1485
400 1614
400 2730
401 633
401 814
401 2717
401 2861
401 2986
402 1005
402 1266
402 1541
402 2396
402 2516
403 405
403 706
403 1264
403 1360
403 1652
403 1712
403 1805
403 2009
403 2658
404 1956
404 2192
404 2572
405 557
405 1315
405 1468
405 1616
405 2045
405 2254
405 2627
406 867
406 941
406 1429
406 1699
407 514
407 883
407 1292
407 1401
407 1797
407 2505
408 444
408 489
408 676
408 1139
408 2248
408 2738
408 2763
409 682
409 696
409 1247
409 1382
409 2017
409 2767
410 1174
410 1378
411 456
411 542
411 674
411 1914
411 2892
412 1224
413 496
413 526
413 808
413 1205
413 2307
413 2979
414 979
414 1719
414 2202
414 2983
415 795
415 1994
415 2168
415 2525
416 930
416 1067
416 1161
416 1673
416 2578
416 2823
417 529
417 1242
417 1337
417 1609
417 2368
417 2447
418 1359
418 1423
418 1445
419 583
419 720
419 961
419 1648
419 1659
419 2071
419 2342
419 2600
419 2794
419 2999
420 681
420 720
420 970
420 1360
420 1463
420 1611
420 2010
420 2664
421 476
421 547
421 698
421 1194
421 1550
421 2014
421 2370
421 2388
421 2983
422 735
422 811
422 1239
422 1342
422 1415
422 1452
422 1661
422 1718
422 2460
423 449
423 1527
423 2540
424 949
424 1266
424 1730
424 1956
425 1010
425 1041
425 1309
425 1355
425 1471
425 1589
425 1823
425 1946
425 2460
425 2560
425 2620
425 2659
425 2972
426 636
426 710
426 858
426 1141
426 1930
426 2143
426 2304
426 2411
426 2877
426 2953
427 1865
427 2784
428 899
428 1173
428 1179
428 1444
428 1550
429 799
429 1242
429 1634
429 1672
430 915
430 980
430 1464
430 1659
430 2262
430 2312
430 2427
430 2494
430 2611
430 2759
431 436
431 1086
431 1869
431 2075
431 2201
431 2649
431 2659
432 1231
432 1563
432 2013
432 2265
432 2274
432 2403
432 2421
433 1271
433 1617
433 1752
433 1808
433 1979
433 2173
434 652
434 719
434 739
434 1571
434 2057
434 2067
434 2246
434 2732
435 1870
435 2048
435 2054
435 2170
435 2462
435 2502
435 2607
436 706
436 887
436 1977
436 2736
437 550
437 853
437 1139
437 1532
437 1908
437 1947
437 2515
437 2963
438 460
438 726
438 989
438 1266
438 1441
438 1569
439 678
439 871
439 971
439 1041
439 1637
439 2355
439 2766
440 600
440 1352
440 2277
440 2561
440 2592
440 2669
440 2965
441 958
441 1050
441 1142
441 1177
441 1225
441 1696
441 1810
441 2913
442 581
442 2231
442 2403
442 2820
443 543
443 762
443 1393
443 1774
443 2474
444 761
444 1698
444 2003
444 2070
444 2228
444 2320
445 1117
445 2823
445 2895
446 590
446 1133
446 1548
446 2192
446 2375
447 1876
447 1916
447 2205
447 2526
447 2877
447 2894
448 453
448 480
448 1279
448 1322
448 1452
448 1735
448 2472
448 2613
448 2671
449 527
449 670
449 1074
449 1157
449 1469
449 1643
449 2691
450 508
450 2641
451 961
451 1170
451 1255
451 1736
451 2316
451 2598
451 2675
452 476
452 664
452 1867
452 2831
453 601
453 1567
453 1646
454 1159
454 1170
454 1817
454 1898
454 2122
455 1535
455 2541
456 710
456 1398
456 1732
456 1855
456 2682
456 2881
456 2908
457 783
457 2575
457 2592
457 2869
458 527
458 737
458 895
458 1232
458 1504
458 2526
458 2642
458 2942
459 614
459 2148
459 2796
459 2955
460 1177
460 2489
460 2990
461 1319
461 1328
461 1818
462 852
462 1452
462 1610
462 1930
462 2352
462 2988
463 511
463 722
463 753
463 1033
463 1117
463 1873
463 2756
464 699
464 1313
464 1389
464 1414
464 2252
465 652
465 1096
465 1194
465 1248
465 1517
465 2240
466 608
466 844
466 885
466 893
466 1146
466 1167
466 1351
466 1767
466 2187
466 2223
466 2358
466 2808
467 690
467 806
467 1685
467 2348
467 2429
467 2702
467 2818
468 516
468 621
468 718
468 871
468 1147
468 1475
468 2648
469 472
469 868
469 1189
469 1578
469 1604
469 2095
469 2845
469 2968
470 549
470 973
470 1522
470 1803
470 1804
470 1816
470 2299
470 2628
470 2860
471 753
471 1069
471 1236
471 1375
471 1445
471 1854
472 931
472 1443
472 1579
472 1580
472 2221
472 2496
472 2672
472 2729
472 2946
473 512
473 524
473 568
473 1580
473 2071
473 2378
474 1415
474 1511
474 1545
474 2007
474 2106
475 1397
475 1900
476 512
476 592
476 906
476 1461
476 1741
477 1060
477 2017
477 2752
478 500
478 1129
478 1673
478 1889
478 1916
479 1060
479 1571
479 2019
479 2137
479 2321
479 2351
479 2483
479 2680
479 2930
480 1538
480 1645
480 1888
480 2276
480 2484
480 2809
481 787
481 1246
481 2905
482 621
482 744
482 1058
482 1142
482 2477
482 2529
482 2554
482 2583
483 597
483 1891
483 2177
484 1321
484 1721
484 1875
484 2235
484 2453
484 2709
484 2995
485 1101
485 1244
485 1278
485 1320
485 1549
485 1909
485 1926
486 714
486 1212
486 1222
486 1387
486 1417
486 1637
486 2028
486 2208
486 2892
486 2927
487 675
487 703
487 727
487 900
487 1019
487 1526
487 1584
487 1956
487 2165
487 2891
488 705
488 792
488 1250
488 1487
488 1498
489 1082
489 1707
489 1735
490 562
490 1297
490 2304
490 2698
491 756
491 763
491 802
491 890
491 893
491 1908
491 2129
492 717
492 760
492 977
492 1203
492 1470
492 1649
492 2409
492 2535
492 2622
492 2706
492 2991
493 677
493 723
493 903
493 1135
493 1184
493 1782
494 726
494 1412
494 1633
494 2908
495 834
495 1910
495 2108
496 729
496 990
496 1945
496 2562
497 953
497 1073
497 1271
497 1422
497 2011
497 2790
498 962
498 1414
498 1428
498 1944
498 1963
498 2727
498 2821
498 2938
499 991
499 1920
499 2070
499 2531
500 1232
500 1455
500 1592
501 980
501 1979
501 2128
501 2276
501 2448
501 2909
502 660
502 735
502 1014
502 1142
502 1293
502 1702
502 2859
503 1294
503 1347
503 1425
504 692
504 1557
504 2618
504 2903
504 2991
505 603
505 1138
505 1194
505 1353
505 1639
505 2047
505 2306
505 2494
505 2783
506 576
506 625
506 1181
506 1743
506 1807
506 1883
506 1938
506 2105
506 2285
506 2810
506 2832
506 2882
507 1202
507 1391
507 1424
507 1780
507 2169
507 2666
507 2984
508 723
508 862
508 1264
508 1316
508 1358
508 2272
508 2784
508 2937
508 2980
509 680
509 733
509 1583
509 1591
509 2202
509 2445
510 527
510 879
510 980
510 1015
510 1281
510 1445
510 2369
510 2502
510 2535
511 746
511 1127
511 1481
511 1542
511 1632
512 739
512 816
512 1373
512 1695
512 1860
512 2223
512 2805
512 2845
512 2981
513 1035
513 1097
513 1534
514 671
514 1272
514 1312
514 1573
514 1680
514 1753
514 1821
514 1874
514 2464
515 941
515 2367
515 2387
515 2899
516 2100
516 2300
516 2380
516 2918
517 1192
517 1328
517 1813
518 717
518 1221
518 2345
518 2630
519 676
519 766
519 1217
519 1455
519 2148
519 2226
519 2525
520 640
520 1249
520 1859
520 1945
520 2045
520 2059
520 2163
521 2186
521 2303
521 2349
521 2383
521 2753
521 2912
522 926
522 1590
522 1621
522 1927
522 2116
522 2403
522 2474
523 524
523 1040
523 1160
523 1486
523 1762
523 1779
523 1923
523 2519
523 2998
524 693
524 900
524 2188
524 2459
525 781
525 1485
525 1840
525 1855
525 2436
526 872
526 991
526 1241
526 1465
526 1499
526 1540
526 1629
526 1789
526 1865
526 2358
526 2601
527 1250
527 2202
527 2877
528 1510
528 1963
528 2760
528 2775
528 2785
529 661
529 987
529 1517
529 1630
529 1712
529 2297
529 2329
529 2385
530 1484
530 1492
530 1692
530 1694
530 2947
531 581
531 996
531 1681
531 2169
531 2874
531 2994
532 873
532 1651
532 1676
532 2809
532 2812
533 792
533 1223
533 1655
533 1676
533 2179
533 2412
533 2661
533 2861
534 609
534 1514
534 1946
534 2197
534 2257
534 2322
534 2344
534 2854
534 2984
535 1008
535 2153
535 2185
535 2257
536 1255
536 2606
536 2712
537 1519
537 1999
538 1024
539 1770
540 770
540 781
540 959
540 1680
540 1712
540 1718
540 2023
540 2027
541 553
541 575
541 907
541 1558
541 1980
541 2724
541 2869
542 582
542 995
542 2683
542 2982
543 578
543 1918
544 1211
544 1215
544 1293
544 1332
544 2396
544 2879
545 1356
545 1647
545 2118
545 2302
545 2574
545 2611
546 931
546 1037
546 1356
546 1682
546 1857
546 2086
546 2349
546 2707
546 2849
547 566
547 1291
547 1504
547 1767
547 1931
548 822
548 985
548 1358
548 1517
548 2184
548 2654
548 2783
549 1083
549 1146
549 2099
549 2126
549 2202
549 2343
549 2422
550 556
550 1235
550 2103
550 2406
550 2577
551 557
551 678
551 747
551 1465
551 2505
551 2523
551 2935
552 962
552 988
552 1688
552 2161
552 2293
552 2582
553 676
553 951
553 1150
553 2543
553 2720
554 1450
554 2488
554 2625
554 2755
554 2863
555 841
555 1711
555 2336
555 2561
556 730
556 1461
556 1925
556 2594
557 839
557 1522
557 1932
557 1933
557 2550
557 2556
557 2700
558 1044
558 1394
558 2076
558 2172
559 756
559 1046
559 1148
559 2159
559 2371
560 775
560 908
560 1222
560 2426
560 2658
560 2723
560 2810
561 1025
561 1076
561 1372
561 1836
561 1934
561 2118
561 2262
561 2336
561 2438
561 2916
562 1174
563 878
563 1165
563 1312
563 1570
563 1643
563 1994
564 1656
565 1781
565 1906
565 1963
565 2570
565 2873
565 2918
566 707
566 773
566 815
566 2039
566 2080
567 1006
567 1040
567 1170
567 1736
567 2047
567 2496
567 2536
568 1292
568 1495
568 1846
568 2423
568 2471
568 2722
569 596
569 1131
569 1396
569 1487
569 1540
569 2745
570 703
570 808
570 1159
570 1221
570 2080
570 2599
570 2948
571 1020
571 1030
571 1386
571 2094
571 2323
572 1290
572 1903
572 1956
572 1980
572 2696
572 2902
572 2975
572 2979
572 2999
573 723
573 1299
573 1484
573 1581
573 2194
574 892
574 1235
574 1550
574 1774
574 2314
574 2550
574 2767
575 1395
575 1506
575 1577
575 1868
575 2096
575 2505
575 2546
575 2662
575 2691
576 1341
576 1483
576 2649
577 708
577 1436
577 1686
577 1808
577 2084
577 2158
578 2626
579 1025
579 1539
579 1718
579 1744
579 2305
579 2511
579 2595
580 672
580 1119
580 1581
580 1713
580 1819
580 1836
581 631
581 647
581 914
581 1173
581 1196
581 1325
581 2779
582 1528
582 1584
582 1872
582 1898
582 2152
583 896
583 1350
583 1469
583 1944
583 2086
583 2278
583 2341
583 2580
584 790
584 837
584 1225
584 1298
584 1601
584 1815
584 1948
584 2432
584 2733
584 2991
585 2243
586 814
586 1152
586 2450
587 642
587 2523
588 1769
588 1959
588 2010
588 2658
588 2688
588 2946
589 797
589 1848
589 2437
589 2819
590 2642
590 2999
591 859
591 1381
591 1928
591 2352
591 2563
592 952
592 1115
592 1863
592 2643
592 2967
593 1252
593 2599
593 2804
594 666
594 1424
594 2532
594 2883
595 872
595 880
595 1620
595 2067
595 2406
595 2926
596 799
596 1085
596 1136
596 1862
596 2300
596 2541
596 2620
597 723
597 827
597 1171
597 1482
597 2042
597 2194
598 875
598 1144
598 1202
598 1381
598 2531
598 2801
598 2829
598 2987
599 958
599 2379
599 2554
599 2850
600 687
600 764
600 1611
600 1935
600 1959
600 2186
600 2268
600 2333
600 2414
600 2460
601 784
601 1954
601 1965
601 2052
601 2676
601 2743
601 2753
601 2997
602 1930
602 2301
602 2768
603 604
603 815
603 1280
603 1562
603 2531
603 2787
604 1495
604 1503
604 1551
604 2244
604 2553
605 670
605 1527
605 2434
605 2522
606 683
606 778
606 886
606 1146
606 1230
606 1544
606 1758
606 2258
606 2688
606 2869
607 717
607 1053
607 1509
607 1925
607 2268
607 2339
608 739
608 1128
608 1816
608 2247
608 2617
609 832
609 1261
609 1669
609 1890
610 739
610 1294
610 1645
610 2869
611 828
611 992
611 1283
611 2285
611 2366
612 647
612 684
612 1278
612 1294
612 1746
612 1892
612 2354
612 2847
613 828
613 1386
613 1475
613 1558
613 1880
613 1977
614 728
614 1310
614 1333
614 1541
615 676
615 884
615 1017
615 1803
615 2341
616 836
616 927
616 985
616 1496
616 1793
616 2029
616 2230
616 2358
617 1198
617 1721
617 1799
618 675
618 746
618 1342
618 1552
618 1728
618 2267
618 2347
618 2662
619 886
619 1158
619 1445
619 2326
620 938
620 1854
620 1999
620 2317
620 2998
621 683
621 1108
621 1421
621 1466
621 1796
621 2434
621 2503
621 2769
622 657
622 751
622 1166
622 1416
622 1578
622 2110
622 2450
623 2168
623 2439
623 2518
623 2723
624 671
624 1441
624 1576
624 1910
624 1991
624 2115
624 2730
625 918
625 1181
625 1317
625 2129
625 2642
626 879
626 2973
627 660
627 1052
627 1199
627 1496
627 2310
627 2313
628 1251
628 1999
628 2329
629 641
629 714
629 1681
629 1739
629 2698
630 1283
630 1294
630 1724
630 2328
631 1371
631 1473
631 2492
632 865
632 1066
632 1095
632 1301
632 1371
632 2496
633 1334
633 1375
633 1518
633 1572
634 649
634 791
634 971
634 1311
635 1651
635 2729
635 2834
636 801
636 1122
636 1125
636 1250
636 1444
636 2257
636 2778
636 2931
636 2934
637 1133
637 1610
637 2662
637 2783
638 732
638 761
638 1120
638 1453
638 1702
638 1850
638 1906
638 2105
638 2565
638 2842
638 2957
639 824
639 2787
640 2008
640 2873
641 1088
641 1214
641 1578
641 1653
641 1732
641 1861
641 2409
641 2576
641 2608
642 807
642 889
642 1045
642 1435
642 1623
643 751
643 884
643 1715
643 2098
644 1343
644 1604
644 2849
645 787
645 1372
645 1864
645 2779
645 2892
646 1071
646 1656
646 1783
646 2203
647 866
647 955
647 1033
647 1087
647 1301
647 1867
647 1997
647 2017
647 2667
648 759
648 971
648 1102
648 2013
648 2614
648 2658
649 1136
649 1227
649 1498
649 1608
649 2246
649 2297
650 679
650 1890
650 2495
651 1012
651 1226
651 1263
651 1561
651 2298
651 2590
652 770
652 797
652 1316
652 1569
652 1959
652 2176
652 2858
653 1052
653 1092
653 1301
653 1564
653 1762
653 1943
653 1949
653 2382
653 2911
654 663
654 987
654 1535
654 1958
654 2513
654 2622
654 2854
655 915
655 1921
655 1940
655 2326
655 2360
655 2433
656 1568
656 1586
656 1888
656 2071
656 2358
656 2441
657 1174
657 1622
657 2775
658 1419
658 1563
658 1824
658 2087
658 2178
658 2602
659 670
659 955
659 2188
659 2661
659 2705
660 875
660 1767
660 1856
660 2394
660 2695
660 2721
660 2756
661 814
661 855
661 912
661 1100
661 1974
662 710
662 732
662 741
662 1323
662 1664
664 1619
664 1869
664 1964
664 2591
664 2731
665 1969
665 2519
666 717
666 998
666 2396
667 1255
667 1389
668 1194
668 1593
668 1665
668 1776
668 1823
668 1874
668 2055
668 2731
668 2793
669 788
669 1202
669 1955
669 2208
669 2487
670 742
670 745
670 1124
670 1330
670 2977
671 782
671 930
671 1116
671 1360
671 1590
671 1827
671 2884
672 1348
672 2035
672 2083
672 2235
672 2467
673 763
673 796
673 1201
673 1270
673 1837
673 2530
673 2609
674 1439
674 2263
674 2842
674 2922
675 1202
675 1869
675 1921
675 2303
676 828
676 1081
676 1688
676 2100
676 2474
676 2910
676 2918
677 1357
677 2631
678 2545
678 2696
678 2863
679 869
679 1235
679 1449
679 2146
679 2206
680 869
680 911
680 1217
680 1629
680 2278
680 2490
680 2912
680 2978
681 1298
681 1740
682 944
682 1110
682 1205
682 1860
682 2541
682 2975
683 913
683 1085
683 1110
683 1190
683 2529
683 2982
684 1284
684 1388
684 2100
684 2339
684 2932
685 1296
685 1468
685 1876
685 1939
686 1067
686 1502
686 2002
686 2532
686 2882
687 1000
687 1175
687 1256
687 1525
687 1773
687 1938
687 2047
687 2187
687 2293
687 2417
687 2420
687 2771
688 1325
688 2087
689 1282
689 2247
689 2295
689 2506
690 1068
690 1120
690 2197
690 2431
690 2615
691 751
691 1821
691 2248
691 2297
691 2764
692 1132
692 1506
692 1612
692 2065
692 2784
693 820
693 1153
693 1278
694 2265
694 2725
695 1067
695 1622
695 2167
695 2718
695 2928
696 2000
696 2415
696 2420
696 2703
696 2718
697 1096
697 2027
697 2249
697 2314
697 2451
697 2515
697 2777
697 2986
698 982
698 1218
698 1709
698 2784
698 2823
699 1089
699 1269
699 1542
699 2703
699 2872
700 1030
700 1992
701 1023
701 1486
701 1829
701 2439
701 2970
702 1461
702 2485
702 2527
702 2725
703 1287
703 1513
703 1704
703 1726
703 1886
703 2860
704 952
704 1433
704 1634
704 1959
704 2042
704 2974
705 1027
705 1104
705 1659
705 1774
705 1918
705 2212
705 2302
705 2462
705 2478
705 2566
705 2730
705 2970
706 1278
706 1453
707 767
707 807
707 1605
707 1640
707 2472
708 923
708 1039
708 1157
708 1570
708 1731
708 2058
708 2804
709 889
709 1794
709 2735
710 780
711 884
711 1089
711 1339
711 1646
711 1810
711 1851
711 2450
712 1422
712 1425
712 2134
712 2526
713 1574
713 2575
714 842
714 2390
715 913
715 961
715 1246
715 1373
715 1897
715 1991
715 2121
716 1111
716 1503
716 1628
716 1749
716 1875
716 2171
716 2984
717 1430
717 1699
717 2580
717 2673
717 2674
718 741
718 753
718 1145
718 1494
718 1987
718 2448
718 2564
718 2928
719 1671
719 1757
720 886
720 1088
720 1808
720 2233
720 2712
721 994
721 1963
721 2184
722 831
722 1613
722 1846
722 2199
722 2981
723 776
723 1153
723 1572
723 2039
723 2373
723 2777
724 934
724 1186
724 1766
724 2636
724 2733
725 2054
726 897
726 925
726 1720
726 2012
726 2509
727 798
727 1540
727 1785
727 1881
727 2680
727 2861
727 2961
728 812
728 2613
728 2772
729 1805
729 1949
729 2533
730 902
730 1320
730 2324
730 2345
730 2858
730 2982
731 2263
731 2760
731 2937
732 1343
732 1460
732 2415
732 2546
732 2547
732 2701
732 2888
733 834
733 1217
733 1251
733 1274
733 1979
733 2049
734 881
734 1703
734 2096
734 2818
735 893
735 1063
735 1262
735 1475
735 1859
735 2228
735 2599
735 2808
736 1542
736 1860
736 2181
737 1351
737 2437
737 2900
738 1032
738 1246
738 1270
738 2369
739 1539
739 1858
739 2263
740 921
740 1215
740 1453
740 2119
740 2130
740 2347
740 2414
741 2058
741 2359
741 2431
742 1582
742 2041
743 1030
743 2546
744 898
744 1307
744 1593
744 1948
744 2351
744 2677
744 2792
744 2963
745 1119
745 1237
745 1524
745 1635
745 2345
745 2828
746 954
746 1149
746 2034
746 2183
746 2272
746 2683
747 1456
747 1702
747 2157
747 2195
747 2214
747 2865
748 1463
748 1870
748 2031
748 2818
749 1665
749 1804
749 2189
749 2908
750 915
750 1674
750 1693
750 1739
750 2730
751 1113
751 1503
751 2302
752 1836
752 2742
753 1507
753 2788
754 1001
754 1671
754 1696
754 2078
754 2109
754 2357
755 1285
755 2168
755 2789
755 2850
756 964
756 1007
756 1063
756 1898
757 820
757 1167
757 1287
757 1511
757 1996
757 2448
757 2800
757 2914
758 2890
759 1519
759 1787
759 2139
759 2152
760 943
760 1323
760 1804
760 1900
760 2047
760 2146
760 2950
761 1801
761 2357
761 2741
762 1045
762 1420
762 1920
762 2207
763 1068
763 1163
763 1530
763 1532
763 2519
763 2584
763 2720
764 1788
764 2239
764 2663
764 2976
765 1294
765 2344
766 786
766 1021
766 1374
766 1770
767 771
767 1190
767 1350
767 2390
768 1306
768 1491
768 2395
768 2555
768 2790
769 834
769 1081
769 1713
769 2349
769 2440
769 2776
770 1318
770 1691
770 1903
771 1535
771 1619
771 1778
771 1894
771 1906
771 2039
771 2364
772 1210
772 1291
772 1503
772 1922
772 2656
773 1131
773 2880
774 876
774 1609
774 2117
774 2517
775 917
775 992
775 1219
775 1513
775 2315
775 2378
775 2414
775 2824
775 2879
776 1889
776 2108
776 2941
777 867
777 1501
777 1752
777 1871
777 1890
778 2510
779 1166
779 1715
779 2129
779 2444
779 2452
779 2479
779 2835
780 928
780 981
780 1036
780 1149
780 1394
780 1454
780 1607
780 1629
780 2161
780 2333
780 2899
781 1314
781 1693
781 2021
781 2196
781 2342
781 2385
782 2734
783 1262
783 2214
783 2414
783 2958
784 2602
785 992
785 1171
785 1592
785 1821
785 2248
785 2706
786 1316
786 1352
786 2015
786 2388
786 2828
787 791
787 1743
787 2177
787 2902
788 967
788 1308
788 2045
788 2187
788 2633
789 820
789 1451
789 1499
789 1565
789 2096
789 2540
789 2892
790 1560
790 1645
790 1803
790 2343
791 1103
791 1237
791 1570
791 1660
791 2049
791 2272
791 2509
792 1321
792 2086
792 2686
792 2923
793 951
793 972
793 1413
793 1759
793 1961
793 2199
793 2712
793 2834
794 1214
794 1234
794 1371
794 1635
794 1875
794 2443
795 799
795 1131
795 1310
795 1410
795 2051
795 2910
796 1386
796 2573
797 1233
797 1382
797 1477
798 1581
798 1917
798 2423
798 2567
798 2772
799 1140
799 1163
799 1319
799 1352
799 1650
799 1907
799 2714
799 2997
800 955
800 1796
800 2473
801 1716
801 2234
801 2454
802 1292
802 1593
802 2363
802 2496
802 2770
802 3000
803 1272
803 1325
803 1698
803 1733
803 1773
803 2144
803 2548
803 2921
804 2017
804 2832
805 1196
805 1327
805 1755
806 1537
806 1796
806 2755
806 2920
807 1024
807 1603
807 1981
807 2946
807 2969
808 1246
808 2268
808 2327
808 2426
808 2926
809 882
809 1957
809 2285
810 816
810 1939
810 2342
810 2432
810 2603
810 2732
811 1655
811 2022
811 2082
811 2098
811 2587
812 1711
812 1978
812 2209
812 2766
813 889
813 1749
813 2065
813 2841
814 986
814 1012
814 1728
814 1790
814 2240
815 1331
815 1778
815 1939
815 2544
815 2865
815 2968
816 867
816 1069
816 2407
816 2850
817 1303
817 1791
817 2389
817 2614
818 906
818 956
818 1353
818 1554
818 1597
818 2079
818 2121
818 2326
819 1593
819 2780
820 1268
820 1746
820 2259
820 2664
820 2918
821 914
821 1766
821 2581
821 2812
821 2876
822 1571
822 1632
822 2103
822 2460
822 2676
822 2838
823 1064
823 1173
823 1531
823 2308
823 2838
823 2866
824 834
824 908
824 1137
824 1224
824 1357
824 1479
824 1729
824 2004
824 2242
825 1307
825 1744
825 1846
825 2222
825 2928
826 1017
826 1422
826 1737
826 2016
826 2597
826 2780
827 953
827 1569
827 2721
827 2925
828 1379
828 1782
828 2497
828 2980
829 914
829 1054
829 1505
829 1532
829 1792
829 2645
829 2677
830 1494
830 1607
830 1638
830 1666
830 1999
831 1329
831 1771
831 2306
832 957
832 1184
832 1254
832 1506
832 1759
832 1899
832 2095
832 2613
832 2880
833 2482
833 2624
834 1079
834 1096
834 1302
834 1313
834 1344
834 1773
834 1826
834 2601
835 1350
835 1499
835 2670
835 2771
836 899
836 2090
836 2730
837 1418
837 1837
838 1129
838 1363
838 2561
838 2659
839 861
839 1792
839 2339
839 2632
839 2892
840 891
840 1781
840 2003
841 1077
841 2015
841 2047
841 2452
841 2776
841 2777
842 1485
842 1894
842 2874
843 855
843 858
843 1067
843 1539
843 1731
843 1807
843 2524
843 2563
843 2635
843 2972
844 2187
844 2769
845 1168
845 1628
845 1633
845 1661
846 1159
846 1737
846 1959
846 2175
846 2569
847 915
847 1827
847 2556
847 2615
848 1258
848 2240
848 2991
849 1008
849 1154
849 1696
849 1708
849 1788
849 1878
850 1261
850 1422
850 2489
850 2498
850 2556
851 986
851 1394
851 2321
851 2428
852 1748
852 2385
852 2988
853 2012
853 2769
853 2835
854 862
854 1690
854 1933
854 1995
854 2430
854 2787
854 2977
855 901
855 1272
855 1491
855 2204
855 2714
856 1817
856 2530
856 2866
856 2944
857 1437
857 2431
857 2547
857 2672
858 1311
858 1661
858 1879
858 2596
858 2718
858 2927
858 2941
859 1290
859 1561
860 940
860 947
860 1606
860 1698
860 2109
860 2883
861 1200
861 1535
861 1969
861 2064
861 2551
861 2775
862 1606
862 1877
862 1958
862 2027
862 2750
863 1095
863 1546
863 1838
863 2159
863 2358
864 1296
864 1790
865 1547
865 1880
865 2865
866 2611
866 2750
867 901
867 2678
868 1530
868 2060
869 1606
869 1669
869 2240
869 2410
870 892
870 967
870 1379
870 1421
870 1530
870 2261
870 2325
870 2592
870 2909
871 1044
871 1076
871 1177
871 1467
871 1815
871 2146
871 2405
871 2804
871 2827
871 2966
871 2991
872 1007
872 1663
873 1603
873 2339
874 1030
874 1770
874 1820
874 2106
874 2718
875 1100
875 1684
875 1722
875 2443
875 2775
876 1370
876 1923
876 2925
877 2082
877 2399
877 2493
878 1278
878 1671
878 2479
878 2932
879 1220
879 1380
879 1427
879 2473
879 2574
880 1206
880 1413
880 1977
881 1327
881 1817
881 1867
881 2568
882 899
882 1459
882 1646
882 1670
882 2311
882 2372
882 2496
882 2825
883 2905
884 1013
884 1748
884 2007
884 2693
884 2875
885 1354
885 1647
885 1712
885 2236
885 2317
885 2455
885 2518
886 2083
886 2222
886 2451
886 2725
886 2796
887 1647
887 2080
887 2252
887 2451
887 2687
887 2718
888 1437
888 1469
888 1927
888 1998
888 2306
888 2334
888 2593
888 2721
889 1148
889 2049
890 1825
890 2842
890 2987
891 1198
891 2194
892 1384
892 1613
892 2303
892 2336
892 2431
893 2186
893 2503
894 1360
894 1749
894 1824
895 2995
896 1339
896 1708
896 2208
896 2751
897 1318
897 1385
897 1461
897 2170
897 2939
898 1257
898 1336
898 2134
898 2404
898 2644
899 1224
899 1405
899 1948
899 2144
899 2427
899 2571
900 1498
901 1094
901 1985
901 2484
901 2534
901 2973
902 1565
902 1767
902 2541
902 2899
903 1272
903 1473
903 1959
903 2213
903 2491
904 2216
904 2230
904 2842
905 1301
905 1417
905 1934
905 2102
905 2264
905 2693
905 2700
905 2715
905 2752
905 2847
906 1111
906 1260
906 1933
906 2860
907 1386
907 1711
907 1993
907 2694
907 2734
907 2769
908 1118
908 1458
908 1532
908 2514
909 1723
909 1804
909 2336
910 1250
910 1468
910 1996
910 2595
910 2629
911 988
911 1301
911 1861
911 2437
911 2712
911 2715
912 1048
912 1062
912 1110
912 1201
912 1341
912 2035
912 2884
912 2954
913 1056
913 1412
913 1772
913 2462
913 2803
914 1082
914 1600
914 1830
914 1915
915 2180
915 2624
915 2670
915 2802
916 1055
916 2878
916 2926
917 1184
917 1345
917 1439
917 1983
917 2755
918 1741
919 1009
919 1547
919 2877
920 1578
920 2000
920 2356
921 1868
921 2544
922 1407
922 1466
922 1530
922 1710
922 1952
922 2608
922 2702
922 2713
922 2725
923 1576
923 1918
923 2176
924 986
924 2787
925 1738
926 1135
926 1247
926 1353
926 1370
926 1603
926 1798
926 2965
927 1062
927 1233
927 1432
927 2550
928 1061
928 1187
928 1224
928 1248
928 1444
928 1721
928 1796
928 2649
928 2688
928 2783
929 1092
929 1629
929 1926
929 2288
929 2291
929 2584
930 1788
930 1904
930 2877
930 3000
931 979
931 1972
931 2176
931 2179
931 2699
931 2919
932 940
932 1304
932 1632
932 2136
932 2638
932 2789
932 2896
933 1043
933 1579
933 2262
933 2485
933 2795
933 2990
934 979
934 1923
935 1450
935 1993
935 2389
935 2450
935 2470
936 1260
936 1651
936 2130
936 2865
937 1409
937 1541
937 2694
938 1761
938 1790
938 1896
938 1950
938 1977
938 2755
939 1055
939 1655
939 1656
939 1759
939 1779
939 1808
940 1416
940 1422
940 1878
940 2476
940 2667
940 2711
941 1794
941 2119
942 1067
942 1452
942 1486
942 1495
942 2942
943 1199
943 1237
943 1262
943 1639
943 1880
943 2011
943 2513
944 980
944 1322
944 1402
944 1986
944 2450
944 2605
944 2606
945 1101
945 1379
945 2519
945 2706
945 2820
946 1989
946 2084
946 2150
946 2369
946 2462
946 2831
947 1801
947 1913
947 2315
947 2927
948 1651
948 1690
948 2150
948 2387
948 2551
949 1092
949 1247
949 1498
949 2385
950 973
950 2032
950 2262
950 2427
950 2525
950 2607
950 2966
950 2992
951 1723
951 1783
951 2897
951 2976
952 1655
952 1687
952 2349
952 2400
952 2648
952 2654
953 1053
953 2185
953 2341
953 2383
953 2746
954 1578
954 2292
954 2609
954 2886
954 2960
954 2985
955 1055
955 1283
955 1459
955 1861
955 2170
955 2209
956 1391
956 2308
956 2936
956 2976
957 1187
957 1399
957 1524
957 2850
957 2946
958 1269
958 1423
958 1534
958 2113
958 2135
958 2138
958 2141
958 2218
958 2228
958 2428
958 2663
958 2896
959 1127
959 1234
959 2160
959 2594
960 1112
960 1114
960 1362
960 1403
960 1679
960 2251
960 2642
961 1544
961 2976
962 1518
962 1539
962 2726
963 1215
963 1571
963 1913
963 1975
963 2415
963 2571
963 2806
964 997
964 1639
964 1842
964 2099
964 2104
964 2250
964 2279
965 1294
965 1944
965 2018
965 2428
965 2500
966 1315
966 2079
966 2555
967 1071
967 1217
967 1234
967 2131
967 2158
967 2403
968 1148
968 1367
968 1417
968 1831
968 2117
968 2433
968 2467
968 2922
969 1244
969 1311
969 1675
969 2275
969 2344
969 2701
970 989
970 1488
970 1743
970 2337
970 2339
970 2459
971 1282
971 2739
971 2807
972 1042
972 1330
972 1367
972 1541
972 1553
972 1856
972 1870
972 1962
972 2432
972 2766
973 1577
973 1777
973 2540
973 2596
974 1086
974 1185
974 1690
974 2190
974 2221
974 2272
974 2370
975 1350
975 1391
975 1458
975 2580
976 1058
976 1250
976 1358
976 1620
976 1709
976 1830
976 2017
977 1288
977 1383
977 1647
977 1694
977 1724
977 1779
977 2115
977 2228
977 2446
977 2575
978 1511
978 2565
978 2789
979 1668
979 1685
979 1816
979 2039
979 2254
979 2462
979 2783
980 1333
980 1375
980 1675
980 1832
980 2106
980 2893
981 1080
981 1247
981 2127
982 1330
982 1469
982 2037
982 2508
982 2946
983 1339
983 1604
983 2189
983 2352
984 1238
984 1458
984 1615
984 1825
984 2641
984 2734
984 2887
985 1241
985 2081
985 2235
985 2388
985 2707
985 2836
985 2911
986 1430
986 1438
986 1679
986 1934
986 2056
986 2114
986 2342
986 2952
986 2983
987 1519
988 1508
988 2613
988 2981
989 1191
989 1954
989 2351
989 2762
990 1308
990 1320
990 1824
990 2459
990 2570
991 1147
991 1512
991 1721
991 2055
991 2299
992 1033
992 1096
992 1180
992 1229
992 1670
992 1754
992 1959
992 2293
992 2375
993 1252
993 1451
993 2882
994 2176
994 2228
994 2298
994 2360
995 1029
995 1126
995 1837
995 2191
995 2711
996 1788
997 1707
997 2673
998 2794
999 1164
999 2585
999 2692
999 2801
1000 1299
1000 1638
1000 1921
1000 2314
1000 2829
1000 2999
1001 1135
1001 1892
1001 2537
1001 2577
1001 2927
1002 1063
1002 1281
1002 2229
1002 2250
1002 2945
1002 2987
1003 1009
1003 1583
1003 1593
1003 2855
1004 1385
1004 1447
1004 1582
1004 1617
1004 2696
1005 1237
1005 1630
1005 2337
1006 1461
1006 2059
1007 1335
1007 1607
1008 1338
1008 1793
1008 1832
1008 2303
1008 2863
1009 1425
1009 2267
1009 2427
1009 2597
1009 2812
1010 2418
1010 2607
1011 1544
1011 2151
1011 2240
1011 2649
1011 2809
1012 2048
1012 2066
1012 2142
1012 2249
1012 2985
1013 1106
1013 1890
1013 2327
1014 1024
1014 1064
1014 1189
1014 1248
1014 1551
1014 1834
1014 2096
1014 2131
1014 2265
1014 2318
1014 2319
1014 2746
1015 1245
1015 1657
1015 1686
1015 2376
1015 2543
1015 2919
1015 2931
1016 1638
1016 2835
1017 1291
1017 1562
1017 1585
1017 2025
1017 2070
1017 2702
1018 1791
1019 1654
1019 2066
1019 2742
1020 2033
1020 2103
1020 2442
1020 2504
1020 2771
1020 2953
1021 1683
1021 2090
1021 2185
1021 2908
1022 1865
1022 2746
1022 2985
1023 1609
1023 1905
1023 2248
1023 2390
1023 2404
1023 2472
1023 2501
1023 2696
1024 1034
1024 2134
1024 2155
1024 2620
1024 2749
1024 2912
1025 1061
1025 1416
1025 1833
1025 2269
1025 2355
1025 2395
1026 1802
1026 2247
1026 2262
1026 2374
1026 2376
1027 1185
1027 1514
1027 1947
1028 1615
1028 1874
1028 2005
1029 2082
1029 2453
1029 2553
1030 1088
1030 1204
1030 1997
1031 1457
1031 1850
1031 2173
1031 2263
1031 2763
1032 1459
1032 1692
1032 1838
1032 2122
1032 2153
1033 1350
1033 1793
1033 2168
1033 2204
1034 1436
1034 2585
1035 1426
1035 2113
1035 2116
1035 2370
1035 2537
1035 2986
1036 2084
1036 2151
1036 2348
1036 2428
1037 1615
1037 1697
1037 2178
1037 2489
1038 1149
1038 1654
1038 1658
1038 2524
1039 1065
1039 1341
1039 1427
1039 1731
1039 1759
1039 1775
1039 2417
1039 2699
1039 2885
1039 2897
1040 1317
1040 1504
1040 1766
1040 1773
1040 2081
1040 2113
1040 2314
1041 1056
1041 1419
1041 1811
1042 1339
1042 1549
1042 1864
1042 2170
1042 2370
1042 2883
1042 2976
1043 1221
1043 1982
1043 2539
1043 2655
1044 2099
1044 2278
1044 2391
1044 2654
1044 2745
1045 1056
1045 1209
1045 1244
1045 1330
1045 1680
1045 1841
1045 2228
1045 2326
1045 2386
1045 2975
1046 1427
1046 1502
1046 1873
1046 1884
1046 2996
1047 1658
1047 1712
1047 1810
1047 2037
1047 2526
1047 2693
1048 1182
1048 1650
1049 1275
1049 2374
1049 2484
1049 2742
1050 1889
1050 1946
1051 1232
1051 2298
1051 2635
1052 1199
1052 1371
1052 2009
1052 2189
1052 2785
1053 1487
1053 1863
1053 2161
1054 1374
1054 2991
1055 1416
1055 1721
1055 1732
1055 1942
1055 2029
1056 1221
1056 2648
1057 1135
1057 1509
1057 1849
1057 2336
1057 2907
1059 1196
1059 1419
1059 1703
1059 2116
1059 2202
1059 2558
1059 2910
1060 1807
1060 1831
1060 2420
1061 1444
1061 2015
1061 2170
1061 2207
1061 2836
1062 1357
1062 1757
1062 1769
1062 2528
1062 2630
1062 2772
1063 1444
1063 1502
1063 1535
1063 2430
1063 2494
1063 2862
1063 2992
1064 1255
1064 1607
1064 2367
1064 2809
1065 2690
1065 2710
1065 2762
1065 2858
1066 1505
1066 2602
1067 1441
1067 1787
1067 2340
1068 1173
1068 1662
1068 2070
1068 2594
1069 1263
1069 1668
1069 1876
1070 1283
1070 1302
1070 1351
1071 1138
1071 1174
1071 1810
1071 2301
1072 1556
1072 1776
1072 1844
1072 2910
1073 1225
1073 1563
1073 2071
1073 2119
1073 2261
1074 1197
1074 1444
1074 2482
1074 2719
1075 1159
1075 1447
1075 1556
1075 1959
1075 2223
1075 2279
1075 2292
1075 2352
1075 2852
1076 1993
1076 2730
1078 1964
1078 2854
1079 1487
1079 1921
1079 2170
1079 2364
1080 1153
1080 1475
1080 1519
1080 2052
1080 2436
1080 2460
1081 1215
1081 1601
1081 2836
1081 2983
1082 1124
1082 2668
1083 1993
1084 1655
1084 2331
1084 2790
1084 2965
1085 1408
1085 2211
1085 2975
1086 1569
1086 2399
1086 2720
1086 2842
1086 2995
1087 1547
1087 1791
1087 1964
1087 2195
1087 2571
1088 1947
1089 1596
1089 1701
1089 2307
1089 2388
1089 2520
1090 1332
1090 2499
1090 2551
1090 2637
1091 1472
1091 1538
1092 1146
1092 2773
1092 2954
1093 1130
1093 1235
1093 1361
1093 1367
1094 1123
1094 1604
1094 1621
1094 2159
1094 2323
1095 2754
1096 1657
1096 1884
1096 2962
1097 2417
1097 2441
1097 2504
1098 1264
1098 1484
1098 1539
1098 1712
1098 2436
1098 2629
1099 1635
1099 2006
1100 1162
1100 1168
1100 2146
1100 2308
1100 2316
1100 2894
1101 1407
1101 1848
1101 2019
1101 2164
1101 2178
1101 2413
1102 2243
1102 2503
1102 2639
1103 2137
1103 2467
1103 2586
1104 1277
1104 2834
1104 2977
1105 1597
1105 1853
1105 1885
1105 2043
1106 2261
1106 2356
1108 2494
1108 3000
1109 1740
1109 2405
1110 1193
1110 2655
1110 2685
1111 1366
1111 1555
1111 1616
1111 2318
1111 2636
1111 2928
1112 1749
1112 1808
1112 1849
1112 2179
1112 2747
1112 2878
1113 2401
1113 2578
1114 1456
1114 1574
1114 2272
1114 2551
1114 2619
1114 2870
1115 1425
1115 1712
1115 1750
1115 2614
1115 2777
1116 1659
1116 1934
1116 2048
1116 2840
1116 2860
1117 1223
1117 1283
1117 1310
1117 1376
1117 1987
1117 1994
1117 2039
1117 2094
1117 2311
1118 1221
1118 1595
1118 1602
1118 1714
1118 2007
1118 2470
1118 2499
1118 2716
1118 2879
1119 1617
1119 1838
1119 2967
1120 1825
1120 2235
1121 2032
1121 2330
1121 2790
1122 1412
1122 2487
1122 2844
1123 1618
1123 1751
1123 1931
1124 1158
1124 1210
1124 1352
1124 1839
1124 2421
1124 2613
1124 2828
1124 2849
1124 2994
1125 1149
1125 1962
1125 2032
1125 2364
1125 2623
1126 1158
1126 1165
1126 1502
1126 2421
1127 1608
1127 1708
1127 1825
1127 1965
1127 2550
1128 2086
1129 1180
1129 1261
1129 1699
1129 1725
1129 2024
1129 2405
1129 2680
1129 2810
1129 2968
1130 2027
1130 2433
1131 1490
1131 1541
1131 2672
1131 2781
1131 2881
1132 1247
1132 1404
1132 1423
1132 1819
1132 1884
1132 2488
1132 2609
1133 1379
1133 1419
1133 1545
1133 1714
1133 1819
1133 2377
1133 2461
1133 2600
1134 1909
1134 2033
1134 2248
1134 2425
1134 2695
1135 1455
1135 1524
1135 1663
1135 1686
1135 2383
1135 2585
1136 1232
1136 1518
1136 1957
1136 2367
1136 2445
1136 2723
1136 2834
1137 1541
1137 1648
1137 2828
1138 1586
1138 2162
1138 2488
1139 1185
1139 2448
1139 2997
1140 1419
1140 1624
1140 2115
1140 2357
1140 2902
1141 1151
1141 1235
1141 1303
1141 1333
1141 2527
1142 1178
1142 2619
1142 2674
1143 1251
1143 1953
1143 2497
1143 2822
1144 1449
1144 1470
1144 1524
1144 1770
1144 1772
1144 2657
1145 1201
1145 1574
1145 1799
1145 2948
1146 1263
1146 2533
1147 1560
1147 1563
1147 1697
1148 2160
1149 1336
1149 2404
1149 2930
1150 1475
1150 2505
1150 2704
1151 1264
1151 2738
1151 2992
1152 1629
1152 1659
1153 1269
1153 1721
1153 2042
1153 2279
1153 2651
1154 1187
1154 1516
1154 1600
1154 2692
1154 2926
1154 2992
1155 1361
1155 1528
1155 2040
1155 2243
1155 2255
1155 2922
1156 1802
1157 1705
1157 2904
1158 1887
1158 2171
1159 2523
1159 2736
1160 1312
1160 1634
1160 1743
1160 2538
1160 2659
1160 2735
1160 2896
1160 2963
1161 1217
1161 1672
1161 2570
1161 2864
1161 2890
1161 2918
1161 2958
1162 1354
1162 1483
1162 1497
1162 1793
1162 2404
1162 2667
1163 1912
1163 1943
1163 2247
1164 1746
1164 2126
1164 2690
1165 1541
1165 2418
1165 2421
1166 1925
1166 2158
1166 2709
1167 2248
1167 2639
1167 2732
1168 1212
1168 1623
1168 2195
1169 1455
1169 2344
1169 2516
1169 2715
1170 1431
1170 1734
1171 1298
1171 1460
1171 1862
1171 2181
1171 2601
1172 1582
1172 1910
1172 2151
1172 2284
1172 2388
1172 2819
1173 2769
1174 2103
1174 2949
1175 1479
1175 1654
1175 1783
1175 2001
1175 2727
1175 2824
1176 2477
1177 1326
1177 1375
1177 1968
1177 2045
1177 2279
1177 2514
1177 2735
1178 1383
1178 1731
1178 1757
1178 2576
1178 2886
1178 2971
1179 1383
1180 2470
1180 2808
1180 2940
1180 2989
1181 1435
1181 2181
1181 2673
1182 2100
1182 2175
1182 2338
1182 2474
1183 1684
1183 2675
1183 2981
1184 1219
1184 1445
1184 1770
1184 2115
1184 2293
1184 2584
1184 2641
1184 2967
1185 1514
1185 1643
1185 2418
1186 1494
1186 1682
1186 1943
1186 2906
1186 2956
1187 1593
1187 2220
1187 2645
1187 2783
1188 1517
1188 1592
1188 1801
1188 2217
1188 2743
1188 2817
1189 1916
1189 1927
1189 2244
1189 2354
1189 2790
1190 1408
1190 1574
1190 1664
1190 2354
1191 1597
1191 1604
1191 2104
1191 2990
1192 1684
1192 2007
1192 2496
1193 1441
1193 1626
1193 1958
1193 2414
1194 1530
1194 1674
1195 1303
1195 1317
1195 1482
1195 1529
1195 1840
1195 2035
1196 2163
1196 2205
1196 2488
1196 2547
1196 2960
1198 1658
1198 2498
1198 2978
1199 1208
1199 2465
1199 2970
1200 1414
1200 1646
1200 1902
1200 2082
1200 2273
1200 2648
1200 2771
1201 1204
1201 1544
1201 2564
1201 2720
1201 2969
1202 1492
1202 1802
1203 2586
1203 2938
1204 1943
1205 1815
1205 2107
1205 2368
1205 2641
1205 2759
1206 1270
1206 1425
1207 1651
1207 1839
1207 2027
1207 2079
1208 1385
1208 1914
1208 2436
1209 1259
1209 1794
1209 1820
1209 1829
1209 2291
1209 2657
1209 2915
1210 1736
1210 2544
1210 2718
1211 1466
1211 1559
1212 1237
1213 1350
1213 1493
1213 1833
1213 2450
1214 1412
1214 1610
1214 1841
1215 1324
1215 1879
1215 2013
1215 2270
1216 1227
1216 1531
1216 1557
1216 1885
1216 1990
1216 2543
1216 2940
1217 1755
1217 1899
1217 2784
1217 2981
1218 1687
1218 2843
1220 1289
1220 1880
1220 2283
1220 2483
1220 2999
1221 1716
1221 1724
1221 2442
1222 1349
1222 1545
1222 2314
1222 2429
1222 2716
1222 2743
1223 1503
1223 1813
1223 2099
1223 2198
1224 2050
1224 2327
1225 1242
1225 1545
1225 1888
1225 2806
1225 2916
1226 1610
1226 1626
1226 1659
1227 1518
1227 2233
1227 2326
1227 2347
1227 2417
1227 2652
1228 1555
1228 1651
1228 2027
1228 2121
1229 1742
1229 1766
1229 1901
1229 1914
1229 2463
1230 1306
1230 1627
1230 1896
1230 2049
1230 2741
1231 2732
1232 1649
1232 2269
1232 2270
1232 2487
1232 2652
1232 2782
1233 1348
1233 1956
1233 2051
1233 2342
1233 2387
1233 2402
1233 2429
1233 2510
1233 2620
1234 1759
1234 2418
1234 2746
1234 2881
1235 1301
1235 1310
1235 1486
1235 2601
1235 2805
1235 2903
1236 1384
1236 1827
1236 2246
1236 2302
1236 2414
1236 2503
1236 2548
1236 2623
1236 2753
1236 2929
1237 2120
1237 2151
1238 1489
1238 1760
1238 1842
1238 2552
1238 2969
1239 1807
1239 2395
1240 1820
1240 2332
1241 1495
1241 2789
1242 1299
1242 1748
1242 1769
1242 1778
1242 2728
1242 2978
1243 1759
1243 1833
1243 2226
1243 2617
1244 1251
1244 1655
1244 2026
1244 2138
1244 2747
1245 1374
1245 1523
1245 2257
1245 2320
1245 2381
1245 2565
1245 2626
1245 2651
1246 1271
1246 1677
1246 2244
1246 2733
1246 2873
1247 1304
1247 1562
1247 1759
1247 2011
1247 2286
1248 1586
1248 2715
1249 1437
1249 2409
1250 1816
1250 1916
1250 2220
1251 1302
1251 1608
1251 1870
1251 2273
1252 1868
1252 1972
1253 1707
1253 1941
1253 2555
1253 2708
1254 1576
1254 2194
1255 2794
1256 2448
1256 2599
1257 1260
1257 1594
1257 2067
1257 2352
1257 2563
1257 2817
1257 2960
1258 1863
1258 2901
1259 1320
1259 1430
1259 1613
1259 1762
1259 2073
1259 2244
1259 2286
1259 2821
1260 1475
1260 2840
1261 1493
1261 2266
1261 2275
1261 2945
1262 1572
1262 2566
1262 2988
1263 2515
1263 2651
1264 1334
1264 1419
1264 1623
1264 1638
1264 2008
1264 2444
1264 2544
1264 2979
1265 1631
1265 1674
1265 1693
1265 2053
1265 2766
1266 1340
1266 1525
1266 1957
1267 1320
1267 1481
1267 1680
1267 1986
1267 2171
1267 2782
1268 2968
1268 2997
1269 2244
1269 2453
1269 2591
1269 2759
1270 1325
1270 1346
1270 1904
1270 2354
1270 2790
1271 1952
1271 2399
1271 2718
1272 1302
1272 1777
1272 2255
1272 2422
1272 2708
1273 1410
1273 1754
1273 2518
1273 2612
1274 1772
1274 2769
1274 2794
1275 1701
1275 1873
1275 2607
1276 1941
1276 2030
1276 2556
1276 2628
1276 2921
1277 1439
1277 1866
1277 2051
1277 2228
1277 2270
1277 2944
1278 1337
1278 1398
1278 1901
1278 2010
1278 2271
1279 1329
1279 1578
1279 2348
1279 2498
1279 2574
1279 2707
1280 1368
1280 1538
1280 1853
1280 2303
1280 2656
1281 1446
1281 1582
1281 2614
1281 2927
1282 1535
1283 1363
1283 1608
1283 1749
1283 2252
1284 1619
1284 2093
1284 2187
1284 2576
1285 1562
1285 1819
1285 1847
1285 2317
1285 2352
1285 2961
1287 1407
1287 1986
1287 2244
1287 2895
1288 1345
1288 2358
1288 2628
1288 2862
1289 1492
1289 1526
1289 1870
1289 2604
1289 2817
1290 1419
1290 1808
1290 1975
1291 1351
1291 1661
1291 1776
1291 1875
1291 2116
1291 2192
1291 2927
1291 2943
1292 1664
1292 1802
1292 1897
1292 2416
1292 2513
1293 1624
1293 1789
1293 2508
1293 2877
1294 1927
1294 2625
1294 2769
1295 2502
1295 2702
1296 1384
1296 1572
1297 1565
1297 2674
1297 2745
1298 1709
1298 2087
1298 2120
1298 2194
1299 1377
1299 2313
1299 2705
1300 1323
1300 1648
1300 1797
1301 1309
1301 1771
1301 2205
1301 2585
1301 2615
1301 2648
1302 1905
1302 2511
1302 2566
1303 1344
1303 1355
1303 1447
1303 1759
1303 2317
1303 2725
1303 2731
1305 1412
1305 2006
1305 2225
1305 2650
1305 2817
1306 1652
1306 1989
1307 1437
1307 2378
1308 2665
1309 1419
1309 1740
1309 2653
1310 1442
1310 1809
1310 2154
1310 2169
1310 2539
1311 1788
1311 1906
1311 1928
1311 1935
1311 2869
1312 1514
1312 1816
1312 1846
1312 1977
1312 2014
1312 2330
1313 1490
1313 2022
1314 1683
1314 1769
1314 2704
1315 1604
1315 2041
1316 1561
1316 1640
1316 1747
1316 2412
1316 2499
1316 2635
1317 1538
1317 2224
1318 1545
1318 1666
1318 2112
1318 2123
1318 2460
1319 1658
1319 2345
1319 2414
1319 2727
1319 2731
1320 2164
1320 2166
1320 2268
1321 2095
1321 2146
1321 2646
1322 1523
1323 1641
1323 1665
1323 2018
1323 2301
1323 2601
1324 1724
1324 2158
1324 2250
1324 2307
1325 1778
1325 2191
1325 2660
1326 1732
1326 2278
1326 2777
1326 2838
1327 1880
1327 2241
1328 2685
1329 2176
1329 2599
1329 2848
1330 1929
1330 2089
1330 2096
1330 2574
1331 1632
1331 1861
1331 2093
1331 2310
1331 2559
1332 1868
1332 2062
1332 2161
1332 2284
1333 2228
1333 2854
1334 1414
1334 1535
1334 1949
1334 2174
1334 2482
1334 2836
1334 2851
1335 1509
1335 1645
1335 2015
1335 2599
1336 1820
1336 1998
1336 2871
1337 2549
1337 2766
1338 1965
1338 1969
1338 2342
1338 2826
1339 2807
1340 1429
1340 1642
1340 1962
1340 2248
1340 2413
1340 2735
1340 2846
1341 1733
1341 2281
1342 1353
1342 2007
1342 2386
1342 2636
1343 1636
1343 1989
1343 2306
1343 2894
1343 2912
1344 1786
1344 2312
1345 2179
1345 2281
1345 2846
1346 1469
1346 1523
1346 1905
1346 2613
1347 2427
1347 2786
1347 2897
1348 1351
1348 2360
1348 2440
1348 2864
1349 1445
1349 1690
1349 1740
1349 2305
1349 2326
1349 2816
1350 1441
1350 1831
1350 2002
1350 2662
1351 1736
1351 2844
1352 1895
1352 2193
1352 2224
1352 2437
1352 2592
1353 2108
1353 2976
1354 1361
1354 1675
1354 2289
1354 2661
1354 2716
1355 2963
1356 1934
1356 1954
1356 2594
1356 2598
1357 1635
1357 1741
1357 2056
1357 2146
1358 2924
1358 2984
1359 1713
1359 1736
1359 2674
1359 2948
1360 1664
1360 1997
1360 2490
1360 2873
1360 2936
1361 1630
1361 1797
1361 1997
1361 2765
1361 2928
1362 1640
1362 1876
1362 2243
1362 2431
1362 2809
1362 2970
1363 1435
1363 1659
1363 1781
1364 1399
1364 1706
1364 2617
1364 2801
1365 1423
1365 1496
1365 1633
1365 2160
1365 2722
1365 2920
1366 1408
1366 1983
1366 2237
1367 1579
1368 1605
1368 1628
1368 2902
1369 1564
1369 1766
1369 1768
1369 1997
1369 2212
1370 1424
1370 2005
1371 1380
1371 1647
1371 1954
1371 1991
1371 2194
1371 2230
1371 2851
1372 1549
1372 1869
1372 2112
1374 1678
1374 2094
1374 2518
1375 1633
1375 2350
1375 2487
1375 2566
1375 2943
1376 2209
1376 2503
1377 1876
1377 1877
1377 2095
1377 2124
1377 2129
1378 1425
1378 2090
1379 1501
1379 1679
1379 2115
1379 2363
1380 1391
1380 1637
1380 1649
1380 1738
1380 2016
1380 2917
1381 1646
1381 1754
1381 2295
1381 2450
1381 2482
1381 2543
1382 1522
1382 2380
1382 2822
1383 1808
1383 2060
1383 2252
1383 2448
1383 2505
1384 1942
1384 2772
1384 2952
1385 1524
1385 1671
1385 1852
1385 1860
1385 1975
1385 2144
1385 2354
1385 2501
1385 2608
1386 1475
1386 1513
1386 1635
1386 2125
1386 2164
1387 1391
1387 1638
1387 1820
1387 2247
1387 2301
1387 2613
1389 1597
1390 1686
1390 1985
1390 2146
1390 2570
1390 2698
1390 2764
1390 2848
1391 1514
1391 2262
1391 2579
1392 1441
1392 2714
1393 1730
1393 2353
1393 2414
1393 2479
1393 2777
1394 2117
1394 2633
1394 2771
1395 1736
1395 1984
1395 2501
1395 2992
1396 2376
1396 2441
1396 2446
1396 2588
1397 1715
1397 1850
1397 1863
1397 2599
1397 2700
1398 1755
1398 1942
1398 2245
1398 2590
1399 2419
1399 2850
1400 1996
1400 2141
1400 2497
1400 2812
1401 2089
1401 2290
1401 2304
1401 2609
1402 1846
1403 2815
1403 2907
1404 1441
1404 2125
1404 2292
1406 1431
1407 2473
1407 2893
1407 2925
1408 1814
1409 1798
1409 2079
1409 2350
1409 2390
1409 2964
1410 2376
1411 1463
1411 1549
1411 2421
1411 2532
1411 2719
1412 1529
1412 1965
1412 2283
1413 2632
1413 2829
1413 2867
1414 1584
1414 1928
1414 2428
1415 1792
1415 2139
1415 2547
1415 2835
1416 1912
1418 2144
1419 1488
1420 2223
1421 2361
1422 1458
1422 1947
1422 2287
1423 1634
1423 1686
1423 1746
1423 1924
1423 2186
1424 1475
1424 2573
1425 1656
1425 1817
1425 2349
1425 2939
1426 1566
1426 2593
1426 2633
1427 1474
1427 2076
1427 2665
1427 2946
1428 1710
1428 1883
1428 1907
1428 1913
1428 2428
1428 2581
1428 2698
1428 2729
1429 1894
1430 1940
1430 1955
1430 2503
1431 1478
1431 2184
1431 2959
1432 1865
1432 2156
1432 2850
1433 1626
1433 1912
1433 2427
1433 2630
1433 2992
1434 2939
1435 1656
1435 1745
1435 1845
1435 2059
1436 1923
1436 2252
1436 2541
1436 2671
1437 1497
1437 1541
1437 2009
1437 2723
1438 1894
1438 1988
1438 2388
1439 1719
1439 1959
1439 2182
1439 2831
1440 1497
1440 1980
1440 2028
1440 2112
1440 2352
1441 1457
1441 1568
1441 1726
1441 2197
1441 2258
1442 1854
1442 1985
1442 2145
1442 2227
1443 1972
1443 1999
1443 2276
1443 2447
1443 2519
1443 2753
1444 2008
1444 2843
1445 1577
1445 1708
1445 2251
1445 2944
1446 2469
1446 2881
1447 1505
1447 1589
1447 1949
1447 2043
1448 1595
1448 2043
1448 2083
1449 1474
1449 2313
1449 2469
1449 2824
1450 1564
1450 1778
1450 1939
1450 2315
1450 2609
1451 2272
1451 2335
1451 2386
1451 2988
1452 1709
1452 2642
1452 2936
1453 1507
1453 2092
1454 1805
1454 1856
1454 2425
1454 2565
1454 2846
1455 1666
1455 1707
1455 1723
1455 1752
1455 1811
1455 2077
1455 2262
1455 2303
1455 2313
1456 1918
1456 2176
1456 2290
1456 2908
1457 1502
1457 1644
1457 1970
1457 2081
1457 2820
1458 1797
1458 1872
1458 2303
1458 2346
1458 2361
1458 2540
1459 1634
1459 2701
1459 2773
1459 2798
1460 1658
1460 1944
1460 2206
1460 2285
1460 2351
1461 1549
1461 1679
1461 1743
1461 2537
1461 2583
1461 2871
1462 1633
1462 1789
1462 2511
1463 1936
1463 2095
1463 2370
1464 1476
1464 1764
1464 1832
1464 1861
1464 1882
1464 2534
1464 2808
1464 2910
1465 1951
1465 2022
1466 1508
1466 1973
1466 2102
1466 2328
1467 2723
1467 2746
1467 2892
1468 1634
1468 1688
1468 2038
1468 2067
1469 1925
1469 2028
1469 2794
1469 2966
1470 1711
1470 1998
1470 2230
1470 2458
1470 2947
1470 2988
1471 1505
1471 1596
1471 1633
1471 1971
1471 2520
1471 2591
1471 2800
1472 1753
1472 1768
1472 1777
1472 2071
1472 2128
1472 2522
1472 2534
1472 2783
1473 2037
1473 2084
1473 2620
1473 2756
1474 1878
1474 1923
1474 2221
1474 2715
1474 2805
1475 1741
1475 2318
1475 2366
1475 2430
1475 2514
1476 1850
1476 1998
1476 2012
1477 1670
1477 1750
1477 1806
1477 2256
1477 2462
1479 1771
1481 1685
1481 2577
1481 2847
1482 1521
1482 1646
1482 1830
1482 1949
1482 2297
1482 2509
1482 2916
1483 1712
1483 2118
1483 2519
1483 2781
1484 1707
1484 2631
1484 2694
1484 2878
1485 2021
1485 2332
1486 2002
1486 2265
1486 2298
1487 1949
1487 2004
1488 1840
1489 2041
1489 2152
1489 2827
1489 2913
1489 2984
1490 1920
1490 2154
1490 2311
1490 2327
1490 2788
1490 2820
1491 2355
1491 2356
1491 2673
1492 1615
1492 1644
1492 2346
1492 2359
1492 2820
1492 2960
1493 1656
1493 2261
1494 1831
1494 1898
1494 2075
1495 1862
1495 2547
1496 2371
1496 2878
1497 2506
1497 2785
1498 1710
1498 2948
1499 2138
1499 2250
1499 2383
1500 1625
1500 1929
1500 2917
1501 1604
1501 2934
1502 1659
1502 1870
1503 1658
1503 1711
1503 1813
1503 1904
1503 2468
1504 1532
1504 1684
1504 1749
1505 1655
1505 2266
1505 2622
1506 1875
1506 2122
1506 2127
1506 2364
1506 2789
1507 2264
1508 1517
1508 1574
1508 2519
1508 2832
1509 2437
1509 2847
1509 2850
1510 1924
1510 2969
1511 1658
1511 1831
1511 2007
1511 2499
1512 1848
1513 1627
1513 1984
1513 2589
1514 1666
1514 1885
1515 1957
1515 2183
1515 2898
1516 1825
1517 1640
1517 2134
1518 1706
1518 1788
1518 2487
1519 1621
1519 1748
1519 1925
1519 2672
1519 2954
1520 1756
1520 2286
1520 2608
1520 2722
1520 2739
1521 2055
1521 2827
1522 1528
1522 1674
1522 2398
1522 2602
1522 2675
1523 2185
1523 2294
1524 1545
1524 1871
1524 2013
1524 2203
1524 2351
1524 2407
1525 1989
1525 2357
1526 2066
1526 2393
1527 1948
1527 2306
1527 2511
1527 2881
1527 2891
1528 2640
1528 2880
1529 1629
1529 1983
1529 2272
1529 2363
1529 2816
1529 2855
1530 1532
1530 1546
1530 1935
1530 2551
1530 2652
1530 2766
1530 2934
1531 2143
1531 2428
1531 2697
1531 2728
1532 1559
1532 2696
1532 2873
1533 2343
1533 2699
1534 2070
1534 2176
1535 2653
1536 1630
1536 2204
1536 2838
1538 2016
1538 2209
1538 2331
1538 2841
1539 2331
1540 1680
1540 2654
1541 1857
1541 2496
1542 1817
1542 1833
1542 2751
1543 1551
1543 2028
1543 2497
1543 2674
1543 2759
1543 2887
1543 2899
1544 2850
1545 1587
1545 1597
1545 1864
1545 1933
1545 1969
1545 2443
1545 2915
1546 1731
1546 1959
1546 2084
1546 2293
1546 2766
1547 1576
1547 1808
1547 2326
1547 2413
1547 2620
1547 2644
1547 2747
1549 1581
1550 1652
1550 1673
1550 2643
1550 2684
1551 2173
1551 2212
1551 2471
1553 1777
1553 1958
1553 2537
1553 2768
1553 2962
1554 1585
1554 1810
1554 1890
1554 1910
1555 2203
1555 2768
1555 2945
1556 1603
1556 2262
1557 2383
1557 2791
1558 1593
1558 1825
1558 2534
1558 2861
1558 2883
1559 2216
1559 2515
1559 2582
1560 2383
1560 2762
1560 2791
1562 2048
1562 2082
1562 2913
1563 1937
1563 2115
1563 2363
1564 1750
1564 2231
1564 2601
1564 2709
1564 2851
1565 1872
1565 2313
1566 1800
1566 2418
1567 2334
1568 1599
1568 1617
1568 1866
1569 2183
1569 2915
1570 1912
1570 2112
1570 2174
1570 2326
1570 2466
1570 2573
1571 1694
1571 2123
1571 2270
1571 2295
1571 2687
1572 1595
1572 2039
1572 2075
1572 2334
1572 2607
1572 2670
1573 1584
1573 1625
1573 1762
1574 1650
1574 1705
1574 1813
1574 2221
1574 2773
1574 2905
1575 2256
1576 1756
1577 2892
1578 1754
1578 2110
1578 2541
1579 1683
1579 2970
1580 2219
1580 2612
1581 1894
1581 2369
1581 2817
1582 2399
1582 2729
1582 2809
1582 2920
1583 1831
1583 1954
1584 1772
1584 2454
1584 2753
1585 2773
1586 1629
1586 2366
1586 2591
1586 2878
1586 2966
1587 2025
1587 2408
1587 2673
1588 2087
1588 2360
1588 2404
1589 1808
1590 1931
1590 2284
1590 2425
1590 2472
1591 1657
1591 1705
1591 2154
1591 2353
1591 2412
1591 2431
1592 1596
1592 2275
1592 2446
1592 2705
1593 2192
1593 2324
1593 2725
1593 2801
1594 1848
1594 2227
1594 2657
1594 2717
1594 2780
1594 2947
1595 2930
1596 1752
1597 2038
1597 2572
1597 2708
1597 2930
1598 2442
1599 1918
1599 2894
1599 2895
1599 2975
1600 1944
1600 2280
1600 2792
1600 2856
1600 2921
1602 1804
1602 2117
1603 1858
1603 2042
1603 2097
1604 1625
1604 1629
1604 1931
1604 2082
1604 2493
1604 2814
1604 2992
1605 2403
1605 2588
1605 2720
1605 2986
1606 2079
1606 2344
1606 2348
1606 2461
1606 2887
1607 2130
1607 2773
1608 2713
1608 2737
1609 2262
1609 2294
1609 2347
1609 2491
1609 2576
1610 2141
1610 2178
1610 2466
1610 2663
1611 1706
1611 1816
1611 1983
1611 2979
1612 1823
1612 1997
1612 2200
1612 2771
1613 1969
1614 2187
1614 2266
1614 2787
1614 2888
1614 2978
1615 1695
1616 1807
1616 2120
1616 2278
1617 1648
1617 2665
1618 2361
1619 2061
1619 2179
1619 2580
1619 2796
1619 2952
1620 1679
1620 1809
1620 2673
1621 1987
1621 2048
1622 1851
1622 2681
1622 2700
1622 2737
1623 2162
1623 2230
1623 2254
1623 2297
1623 2631
1623 2755
1624 1948
1624 2011
1626 1661
1626 2903
1628 1999
1628 2594
1629 2014
1629 2794
1629 2964
1630 1749
1630 1808
1630 1822
1630 2173
1630 2579
1631 2669
1632 2187
1632 2360
1632 2871
1633 1770
1633 1798
1633 2211
1633 2509
1633 2660
1634 1723
1634 1895
1634 1973
1634 2927
1635 2249
1635 2486
1635 2910
1637 1981
1637 2441
1637 2548
1637 2658
1638 1704
1638 1953
1638 2267
1638 2359
1638 2567
1638 2667
1638 2726
1638 2835
1639 2038
1639 2231
1639 2515
1639 2568
1640 2801
1641 1833
1641 2029
1641 2060
1641 2202
1641 2320
1641 2560
1642 1990
1642 2285
1642 2522
1642 2531
1642 2837
1642 2879
1643 1659
1643 1741
1643 2405
1644 2242
1645 1691
1645 1965
1645 2282
1646 2496
1646 2572
1646 2691
1647 1680
1648 1863
1648 1992
1648 2123
1648 2362
1648 2377
1648 2755
1649 1740
1649 1743
1650 2100
1650 2438
1651 1703
1651 2371
1653 1974
1653 1987
1654 1680
1654 2751
1654 2828
1655 1778
1655 1856
1655 2063
1656 2719
1656 2973
1657 1692
1657 1725
1657 2755
1658 2164
1658 2315
1658 2742
1658 2795
1658 2892
1658 2991
1659 1680
1660 2202
1660 2920
1660 2924
1660 2983
1661 2091
1661 2966
1662 2316
1662 2326
1662 2343
1663 1866
1663 2204
1663 2647
1663 2770
1663 2861
1664 1735
1664 2145
1664 2535
1664 2960
1665 1948
1666 2323
1666 2795
1667 2226
1667 2826
1668 1778
1668 2054
1668 2215
1668 2240
1668 2835
1668 2876
1669 1950
1669 2133
1669 2517
1669 2760
1670 2057
1671 2276
1671 2610
1672 1875
1672 2076
1673 2298
1674 1687
1674 2128
1674 2685
1675 2085
1675 2454
1675 2716
1676 1798
1676 1953
1676 2801
1676 2932
1677 1756
1677 2164
1677 2291
1677 2923
1678 2038
1678 2662
1679 2129
1679 2987
1680 2177
1680 2352
1680 2659
1681 2275
1681 2383
1682 1981
1682 2042
1682 2366
1682 2513
1682 2720
1683 1797
1684 1976
1684 2933
1685 2838
1686 1724
1686 1791
1686 2117
1686 2155
1686 2167
1686 2232
1686 2401
1686 2720
1687 1695
1687 1898
1687 2211
1687 2378
1687 2557
1688 2149
1688 2389
1688 2938
1689 1739
1689 2191
1689 2592
1690 1755
1690 1967
1690 2410
1691 2248
1691 2763
1691 2849
1692 1730
1692 1942
1692 2705
1692 2707
1692 2807
1693 2087
1693 2132
1693 2252
1693 2644
1693 2882
1694 1789
1694 2545
1694 2978
1695 2240
1695 2340
1695 2709
1696 2312
1696 2911
1697 2015
1697 2272
1698 1719
1698 1994
1698 2402
1698 2572
1698 2845
1698 2849
1699 1750
1699 2631
1699 2936
1700 1858
1700 1972
1700 2180
1700 2190
1701 2364
1701 2813
1701 2846
1701 2920
1702 1863
1702 2162
1702 2348
1702 2914
1703 1744
1703 1780
1703 2357
1703 2669
1703 2924
1703 2952
1704 2243
1704 2289
1704 2871
1705 2037
1705 2657
1706 1765
1706 2524
1706 2934
1707 2453
1708 2071
1708 2133
1708 2329
1708 2414
1708 2469
1709 2239
1709 2488
1709 2741
1710 2041
1710 2045
1710 2222
1711 2165
1711 2855
1711 2975
1712 1807
1712 2198
1713 1975
1713 2611
1714 1972
1714 1999
1714 2171
1714 2633
1715 1927
1715 2078
1715 2200
1715 2257
1715 2319
1715 2402
1716 2197
1716 2537
1716 2541
1716 2926
1717 2578
1718 2356
1718 2719
1718 2879
1719 1921
1720 2168
1720 2840
1720 2898
1720 2955
1721 2285
1721 2660
1722 1741
1722 2552
1722 2660
1722 2927
1723 1735
1723 1950
1723 1972
1723 2086
1723 2324
1723 2636
1724 1786
1724 2058
1724 2065
1724 2124
1724 2926
1725 1795
1725 1811
1725 2584
1725 2722
1727 1801
1727 2510
1727 2742
1728 1823
1728 2474
1728 2662
1729 1974
1729 2112
1730 1795
1730 1975
1730 2748
1730 2840
1731 1815
1731 1859
1731 2149
1732 1981
1732 2513
1732 2945
1733 2394
1733 2614
1734 1801
1734 2443
1734 2489
1734 2910
1735 1763
1735 2052
1735 2149
1735 2153
1735 2324
1735 2432
1735 2527
1736 1898
1736 2094
1736 2159
1736 2809
1737 2163
1737 2320
1738 1853
1738 2072
1738 2560
1738 2747
1739 1754
1739 2493
1740 2107
1740 2626
1741 2295
1741 2595
1741 2599
1742 2490
1743 1928
1744 1951
1744 2243
1745 2581
1745 2714
1746 1770
1746 2017
1746 2682
1746 2834
1747 2009
1747 2981
1748 2236
1748 2543
1748 2642
1749 2181
1749 2462
1750 2070
1751 2024
1751 2295
1751 2553
1751 2684
1752 1983
1752 2075
1752 2706
1752 2755
1752 2803
1752 2871
1753 2030
1754 1947
1754 2969
1755 2063
1755 2243
1755 2762
1756 1795
1756 2037
1756 2061
1756 2070
1756 2489
1757 1778
1757 2015
1758 1769
1758 1854
1758 2098
1758 2118
1758 2384
1759 1887
1759 1916
1761 2152
1761 2188
1761 2541
1761 2673
1762 2381
1762 2664
1762 2994
1763 2012
1764 2579
1764 2829
1765 1979
1765 2243
1765 2869
1766 1862
1766 2115
1766 2174
1767 2098
1767 2600
1768 2009
1768 2098
1768 2187
1768 2531
1769 1975
1769 2762
1770 2024
1770 2680
1771 2334
1771 2480
1772 2893
1773 1874
1773 2180
1773 2484
1775 1828
1775 2126
1775 2710
1775 2776
1776 1984
1776 2480
1777 1800
1777 2333
1778 2108
1778 2245
1780 2100
1780 2431
1780 2642
1780 2854
1781 2546
1782 1994
1782 2306
1782 2835
1783 1934
1783 2115
1783 2401
1783 2738
1783 2751
1783 2810
1783 2994
1784 2666
1785 2707
1786 2085
1786 2125
1786 2346
1786 2399
1786 2563
1787 1854
1787 2665
1787 2904
1788 2007
1788 2189
1788 2298
1788 2724
1788 2843
1789 2545
1789 2906
1790 2091
1790 2524
1790 2726
1791 2102
1791 2139
1791 2937
1792 1852
1792 2234
1792 2271
1792 2731
1792 2878
1793 2011
1793 2092
1793 2113
1793 2790
1793 2982
1794 2198
1794 2203
1794 2285
1794 2693
1794 2718
1795 2001
1795 2621
1795 2790
1795 2980
1796 2113
1796 2255
1799 1871
1799 1879
1799 1977
1799 2609
1799 2908
1799 2972
1800 2012
1800 2039
1800 2534
1800 2619
1800 2950
1802 2179
1803 1992
1803 2031
1803 2060
1803 2216
1803 2417
1803 2843
1803 2895
1803 2897
1804 2152
1804 2248
1804 2266
1804 2930
1805 2198
1806 1875
1806 2943
1807 1831
1807 2893
1809 2684
1809 2916
1810 2471
1810 2919
1813 2069
1814 1848
1814 2382
1814 2635
1814 2654
1815 2104
1815 2337
1815 2725
1815 2948
1816 2422
1816 2876
1817 1911
1817 2331
1817 2353
1818 1847
1818 1887
1818 2350
1818 2384
1818 2496
1819 1877
1819 1918
1819 2170
1819 2569
1820 2258
1820 2579
1820 2680
1821 2319
1821 2470
1822 2337
1822 2345
1823 2324
1823 2978
1824 2544
1824 2642
1824 2935
1825 2234
1825 2953
1826 2581
1826 2898
1826 2970
1827 2751
1828 1849
1828 1946
1828 2032
1828 2134
1828 2829
1828 2927
1829 1882
1829 2271
1829 2678
1830 2040
1830 2840
1831 1989
1831 2096
1831 2414
1831 2440
1831 2507
1831 2656
1831 2923
1832 2120
1832 2943
1833 2134
1833 2354
1833 2913
1834 2409
1834 2858
1837 1865
1837 2303
1838 1845
1839 1883
1839 2635
1839 2690
1839 2732
1840 1865
1840 2275
1840 2958
1841 2334
1841 2342
1841 2474
1841 2534
1841 2852
1841 2858
1842 1987
1843 1968
1843 2303
1843 2421
1844 2006
1844 2014
1844 2294
1845 2147
1845 2161
1845 2281
1845 2295
1845 2641
1846 2155
1847 1959
1847 2491
1847 2703
1847 2980
1848 2821
1848 2852
1849 2125
1849 2550
1850 2356
1852 1906
1852 2056
1852 2433
1854 2180
1854 2445
1854 2592
1854 2978
1855 2730
1855 2805
1856 2115
1856 2362
1856 2530
1856 2732
1857 1875
1857 2715
1858 1893
1858 2123
1860 1917
1860 1950
1860 2150
1860 2163
1860 2503
1860 2602
1861 1889
1861 2157
1861 2669
1864 2067
1864 2212
1864 2348
1865 2494
1865 2854
1866 2233
1866 2705
1867 2049
1867 2179
1867 2372
1868 2197
1868 2552
1869 1908
1869 2394
1869 2451
1869 2643
1869 2864
1870 2896
1871 2590
1872 1891
1872 2600
1873 1883
1873 2029
1873 2058
1873 2343
1873 2460
1876 2568
1876 2626
1876 2640
1876 2727
1876 2793
1876 2956
1877 2089
1877 2724
1877 2832
1878 1952
1879 2947
1880 1920
1880 2166
1881 2016
1881 2114
1881 2523
1881 2558
1881 2870
1882 2828
1882 2994
1883 1973
1883 1978
1883 2936
1886 2036
1886 2051
1886 2355
1887 2427
1889 2427
1889 2468
1889 2781
1889 2966
1890 1920
1890 1974
1890 2472
1890 2796
1891 1942
1891 2550
1891 2636
1892 2519
1893 2240
1893 2362
1893 2464
1893 2701
1895 1998
1895 2062
1895 2254
1895 2397
1896 2464
1896 2849
1896 2997
1896 3000
1897 2922
1898 2262
1898 2971
1900 1962
1900 2482
1901 2205
1901 2518
1901 2831
1902 2173
1902 2794
1903 1992
1904 2056
1904 2675
1904 2787
1905 2961
1906 2126
1906 2299
1906 2320
1906 2439
1906 2804
1907 2012
1907 2043
1909 2405
1909 2783
1909 2941
1910 2080
1910 2394
1910 2436
1910 2744
1910 2968
1911 2308
1912 2345
1912 2535
1913 2327
1913 2423
1913 2490
1913 2585
1913 2670
1913 2952
1914 1999
1914 2455
1915 2051
1915 2273
1915 2373
1915 2956
1916 2221
1916 2534
1917 2849
1918 2519
1918 2981
1919 2869
1920 2107
1922 1926
1922 1998
1922 2194
1922 2376
1924 2721
1924 2861
1925 2402
1925 2596
1925 2677
1926 2009
1926 2689
1927 2695
1927 2821
1928 1986
1929 2679
1930 2140
1930 2214
1930 2303
1930 2339
1930 2468
1930 2844
1931 2235
1932 2273
1932 2610
1933 2072
1933 2713
1933 2720
1934 2571
1934 2698
1934 2783
1934 2825
1936 2317
1936 2735
1936 2900
1937 2083
1937 2303
1937 2775
1938 2166
1938 2826
1940 2975
1941 2061
1942 2866
1943 1970
1943 2462
1943 2715
1944 2038
1946 2099
1946 2216
1946 2282
1947 2280
1947 2370
1948 2121
1948 2659
1948 2764
1948 2975
1949 2578
1949 2916
1950 2912
1951 2100
1951 2173
1951 2254
1951 3000
1952 2158
1952 2614
1953 2126
1953 2775
1954 2321
1954 2413
1954 2517
1955 2533
1955 2818
1956 1991
1956 2373
1956 2626
1956 2938
1957 2660
1957 2813
1958 2551
1959 2336
1959 2692
1960 2076
1960 2094
1960 2116
1960 2174
1960 2360
1960 2889
1960 2915
1961 2513
1961 2592
1962 2196
1962 2284
1962 2468
1962 2566
1962 2774
1963 2155
1964 2249
1964 2632
1965 1970
1965 2265
1965 2365
1966 2331
1967 2372
1967 2956
1968 2043
1968 2348
1969 2057
1970 2052
1970 2829
1971 2812
1972 2710
1973 2084
1973 2538
1974 2297
1974 2541
1975 2543
1975 2749
1975 2898
1975 2942
1976 2245
1976 2664
1977 1979
1977 2134
1977 2271
1977 2969
1979 2445
1979 2883
1980 2752
1981 1986
1981 2270
1981 2439
1981 2716
1981 2883
1982 2511
1982 2994
1983 2025
1983 2238
1983 2299
1984 2320
1984 2586
1984 2616
1984 2701
1984 2861
1985 2106
1985 2317
1985 2498
1985 2606
1985 2750
1985 2936
1986 1996
1986 2048
1986 2794
1986 2849
1987 2128
1987 2357
1987 2372
1987 2439
1987 2575
1987 2936
1987 2979
1988 2180
1988 2235
1988 2725
1989 2217
1989 2366
1989 2615
1989 2654
1989 2693
1990 2272
1990 2958
1990 2996
1991 2281
1991 2514
1992 2427
1992 2728
1992 2867
1993 2085
1993 2893
1994 2218
1994 2627
1994 2631
1995 2520
1995 2533
1996 2514
1996 2601
1997 2008
1997 2092
1997 2234
1998 2505
1998 2937
1999 2302
2001 2031
2001 2629
2002 2872
2003 2039
2003 2440
2003 2495
2004 2739
2006 2258
2006 2534
2007 2338
2007 2563
2007 2574
2007 2686
2007 2732
2007 2982
2008 2464
2008 2817
2009 2087
2009 2133
2009 2880
2010 2032
2011 2018
2011 2177
2011 2717
2012 2063
2012 2168
2012 2447
2012 2507
2013 2053
2013 2206
2013 2323
2013 2693
2014 2186
2015 2583
2017 2287
2017 2354
2017 2600
2017 2658
2017 2891
2017 2940
2018 2540
2019 2882
2020 2037
2020 2061
2020 2515
2020 2936
2021 2284
2021 2589
2021 2633
2021 2691
2022 2031
2022 2880
2023 2320
2023 2351
2023 2437
2023 2905
2024 2169
2025 2580
2025 2869
2027 2131
2028 2094
2028 2420
2029 2414
2029 2727
2029 2979
2030 2116
2030 2121
2030 2265
2031 2745
2031 2877
2032 2328
2032 2530
2032 2809
2034 2098
2034 2185
2034 2526
2034 2775
2035 2071
2035 2635
2035 2676
2036 2247
2036 2865
2037 2134
2037 2298
2038 2686
2039 2224
2039 2501
2040 2079
2041 2547
2041 2569
2042 2312
2042 2611
2043 2167
2043 2276
2044 2350
2044 2393
2044 2436
2044 2685
2044 2710
2044 2781
2044 2851
2044 2926
2045 2578
2045 2766
2045 2767
2045 2970
2046 2372
2047 2677
2048 2761
2049 2789
2050 2291
2050 2525
2050 2641
2051 2354
2052 2284
2052 2649
2053 2068
2053 2495
2053 2837
2054 2075
2054 2835
2054 2891
2055 2063
2055 2090
2055 2523
2055 2534
2055 2852
2056 2277
2056 2970
2058 2668
2059 2232
2059 2372
2059 2708
2061 2336
2062 2067
2062 2249
2062 2549
2063 2439
2063 2446
2063 2865
2063 2906
2064 2143
2064 2543
2064 2646
2065 2788
2066 2686
2066 2717
2067 2136
2069 2197
2069 2942
2070 2120
2071 2290
2071 2991
2073 2553
2074 2489
2074 2851
2074 2864
2074 2868
2075 2084
2075 2858
2076 2285
2076 2665
2076 2967
2077 2149
2077 2526
2078 2208
2078 2656
2078 2720
2079 2602
2079 2639
2079 2910
2080 2739
2081 2143
2081 2202
2081 2310
2081 2325
2081 2631
2083 2295
2083 2467
2083 2660
2084 2095
2085 2592
2085 2874
2086 2095
2087 2153
2089 2733
2089 2990
2090 2481
2091 2233
2091 2765
2091 2875
2091 2957
2092 2176
2092 2725
2093 2179
2093 2494
2093 2594
2093 2818
2095 2520
2095 2857
2096 2600
2096 2950
2097 2931
2098 2266
2098 2366
2098 2508
2099 2755
2101 2425
2101 2529
2101 2808
2102 2200
2102 2342
2102 2802
2103 2188
2103 2451
2104 2420
2104 2732
2105 2635
2107 2221
2107 2918
2109 2753
2110 2826
2111 2185
2111 2247
2111 2285
2111 2502
2111 2505
2111 2586
2111 2978
2112 2871
2114 2520
2115 2468
2116 2381
2116 2904
2117 2131
2117 2275
2118 2328
2118 2914
2119 2275
2119 2760
2119 2860
2121 2628
2124 2154
2124 2884
2126 2428
2126 2452
2126 2717
2127 2784
2127 2834
2128 2191
2128 2865
2129 2914
2129 2932
2130 2177
2130 2667
2130 2780
2132 2262
2132 2441
2132 2824
2133 2203
2133 2554
2133 2992
2134 2520
2135 2171
2136 2506
2136 2612
2136 2930
2137 2419
2137 2553
2137 2754
2137 2937
2138 2752
2138 2801
2139 2210
2139 2941
2140 2547
2140 2786
2141 2309
2141 2883
2142 2341
2144 2191
2144 2636
2144 2739
2146 2182
2146 2593
2146 2923
2147 2711
2147 2854
2148 2260
2148 2272
2148 2286
2148 2563
2148 2848
2150 2326
2151 2185
2152 2257
2152 2375
2153 2425
2153 2430
2154 2706
2154 2816
2154 2851
2155 2660
2155 2866
2156 2502
2156 2726
2156 2961
2157 2898
2157 2913
2158 2217
2158 2950
2159 2282
2159 2823
2160 2425
2160 2724
2160 2787
2160 2978
2161 2192
2161 2326
2161 2516
2163 2235
2164 2728
2164 2957
2165 2433
2165 2651
2165 2836
2166 2524
2167 2677
2168 2180
2168 2222
2168 2266
2168 2619
2169 2549
2170 2640
2171 2820
2172 2174
2172 2948
2172 2959
2173 2254
2174 2384
2174 2644
2175 2737
2175 2892
2176 2192
2176 2509
2177 2252
2177 2811
2177 2959
2178 2330
2178 2897
2179 2540
2179 2910
2179 2982
2180 2557
2180 2746
2181 2506
2181 2857
2182 2253
2182 2341
2182 2682
2182 2720
2183 2357
2183 2426
2183 2484
2183 2773
2184 2204
2185 2617
2185 2737
2185 2821
2187 2235
2187 2324
2188 2583
2188 2824
2190 2226
2190 2733
2190 2944
2191 2329
2191 2771
2192 2203
2192 2605
2194 2343
2195 2368
2195 2682
2196 2291
2196 2705
2196 2861
2197 2812
2197 2855
2197 2884
2198 2919
2199 2248
2200 2274
2200 2743
2200 2998
2202 2325
2202 2867
2203 2264
2203 2700
2203 2717
2204 2454
2206 2755
2206 2978
2209 2314
2209 2900
2210 2281
2210 2307
2210 2389
2211 2432
2211 2565
2212 2653
2212 2854
2213 2426
2213 2517
2213 2607
2214 2400
2215 2426
2215 2822
2216 2297
2216 2723
2216 2800
2217 2590
2217 2595
2218 2640
2218 2859
2220 2401
2220 2937
2221 2431
2221 2890
2222 2293
2222 2858
2223 2766
2225 2885
2226 2994
2228 2542
2228 2654
2229 2233
2229 2276
2230 2404
2230 2728
2232 2419
2233 2346
2233 2517
2235 2518
2235 2571
2235 2641
2235 2955
2238 2832
2240 2296
2240 2309
2240 2548
2241 2287
2241 2499
2241 2643
2242 2419
2242 2438
2243 2679
2243 2749
2244 2918
2245 2491
2245 2963
2246 2311
2246 2628
2247 2462
2247 2991
2249 2783
2249 2988
2250 2397
2250 2489
2250 2791
2250 2823
2251 2304
2251 2381
2252 2821
2253 2588
2256 2768
2256 2785
2256 2797
2256 2914
2258 2277
2258 2836
2259 2589
2259 2740
2259 2927
2260 2842
2261 2780
2262 2707
2262 2893
2262 2898
2264 2867
2265 2682
2266 2776
2268 2412
2268 2631
2268 2984
2269 2482
2269 2600
2270 2609
2270 2672
2270 2774
2271 2550
2271 2555
2271 2868
2272 2313
2272 2623
2272 2986
2273 2435
2273 2625
2273 2919
2273 2965
2274 2340
2274 2478
2274 2792
2275 2297
2275 2754
2276 2499
2276 2519
2277 2955
2279 2414
2279 2928
2281 2956
2282 2410
2283 2902
2284 2377
2284 2958
2285 2501
2285 2534
2285 2552
2285 2697
2287 2410
2287 2539
2287 2728
2288 2664
2288 2839
2289 2660
2289 2962
2290 2726
2291 2530
2292 2410
2293 2758
2293 2805
2293 2807
2296 2494
2296 2502
2297 2709
2297 2712
2297 2970
2298 2349
2300 2618
2301 2640
2302 2823
2303 2514
2303 2820
2305 2552
2305 2804
2306 2371
2306 2597
2307 2708
2308 2328
2308 2741
2308 2896
2309 2566
2309 2698
2309 2800
2309 2885
2309 2994
2310 2391
2310 2571
2310 2597
2310 2726
2313 2959
2313 2972
2314 2926
2315 2384
2315 2435
2315 2590
2315 2962
2319 2551
2319 2891
2320 2358
2320 2837
2321 2461
2321 2492
2321 2584
2322 2998
2323 2512
2323 2907
2324 2762
2325 2849
2327 2401
2327 2499
2327 2952
2328 2509
2328 2515
2328 2690
2328 2897
2329 2495
2329 2728
2330 2443
2330 2872
2331 2571
2332 2936
2333 2377
2333 2722
2335 2348
2337 2860
2337 2994
2339 2473
2339 2561
2339 2678
2339 2684
2339 2851
2340 2483
2340 2775
2342 2593
2342 2614
2342 2844
2342 2861
2343 2491
2343 2918
2344 2436
2345 2435
2345 2807
2346 2520
2346 2547
2347 2831
2348 2800
2349 2391
2350 2486
2352 2569
2352 2900
2354 2411
2355 2719
2355 2888
2356 2503
2356 2855
2356 2929
2358 2736
2358 2790
2358 2876
2361 2410
2362 2890
2362 2974
2363 2384
2363 2524
2364 2982
2365 2473
2365 2579
2365 2718
2366 2574
2366 2912
2367 2751
2370 2516
2370 2887
2371 2670
2371 2736
2371 2951
2372 2484
2372 2626
2373 2971
2374 2379
2374 2550
2374 2700
2374 2935
2375 2547
2376 2590
2376 2596
2377 2869
2378 2501
2379 2718
2380 2696
2380 2795
2380 2818
2380 2851
2381 2489
2383 2541
2386 2654
2387 2486
2387 2815
2388 2547
2389 2525
2389 2817
2390 2564
2390 2895
2391 2590
2392 2532
2392 2961
2393 2421
2393 2883
2394 2504
2394 2602
2394 2853
2395 2414
2396 2631
2397 2436
2398 2810
2398 2942
2400 2935
2401 2908
2403 2861
2404 2945
2406 2559
2406 2790
2407 2789
2408 2422
2408 2511
2408 2608
2408 2618
2408 2993
2409 2441
2409 2685
2409 2796
2410 2447
2412 2658
2414 2911
2415 2728
2415 2837
2415 2869
2416 2801
2417 2703
2418 2466
2418 2572
2420 2909
2421 2589
2421 2931
2422 2739
2422 2974
2424 2686
2424 2725
2425 2509
2425 2869
2425 2918
2426 2724
2426 2788
2427 2725
2428 2635
2429 2746
2429 2820
2430 2834
2430 2908
2432 2525
2433 2911
2434 2739
2434 2825
2434 2843
2434 2961
2435 2780
2435 2826
2436 2695
2438 2453
2438 2986
2440 2703
2440 2931
2442 2745
2443 2907
2444 2562
2445 2484
2445 2575
2445 2963
2446 2922
2447 2756
2448 2503
2448 2529
2448 2602
2448 2803
2449 2565
2450 2692
2451 2568
2452 2704
2453 2907
2454 2972
2455 2582
2456 2813
2457 2830
2461 2561
2461 2879
2462 2616
2462 2843
2462 2887
2463 2865
2464 2785
2465 2835
2467 2713
2467 2942
2467 2983
2468 2589
2468 2842
2471 2597
2473 2493
2474 2500
2474 2513
2474 2813
2475 2669
2475 2709
2476 2683
2476 2969
2477 2493
2479 2667
2480 2939
2481 2763
2484 2626
2484 2823
2486 2976
2489 2749
2490 2861
2490 2957
2491 2876
2491 2896
2491 2938
2494 2888
2495 2953
2498 2604
2498 2999
2499 2555
2499 2906
2500 2805
2501 2767
2502 2537
2502 2707
2502 2985
2503 2816
2506 2701
2507 2542
2507 2726
2508 2701
2508 2992
2509 2563
2510 2801
2512 2651
2512 2660
2513 2527
2513 2567
2513 2683
2513 2771
2514 2530
2515 2730
2521 2906
2522 2542
2522 2705
2524 2624
2524 2639
2528 2889
2529 2743
2529 2795
2531 2534
2533 2758
2534 2700
2535 2803
2536 2658
2536 2952
2538 2868
2539 2811
2540 2601
2540 2660
2541 2743
2541 2968
2542 2766
2545 2616
2546 2830
2546 2834
2547 2742
2550 2620
2550 2753
2550 2781
2552 2852
2553 2815
2553 2897
2556 2581
2558 2616
2558 2814
2558 2977
2559 2856
2560 2818
2562 2572
2563 2645
2565 2580
2565 2696
2566 2862
2568 2863
2571 2941
2572 2620
2572 2732
2573 2654
2576 2712
2576 2820
2577 2701
2578 2858
2579 2604
2579 2885
2580 2859
2582 2609
2582 2899
2583 2898
2583 2963
2584 2941
2585 2995
2586 2756
2586 2890
2587 2706
2588 2856
2589 2704
2589 2734
2592 2601
2592 2757
2592 2922
2593 2783
2594 2644
2594 2701
2594 2705
2594 2835
2595 2675
2596 2807
2596 2939
2597 2794
2597 2804
2597 2856
2598 2599
2598 2683
2598 2976
2603 2828
2604 2952
2604 2963
2605 2629
2605 2880
2608 2732
2609 2831
2609 2897
2612 2828
2612 2962
2613 2694
2613 2766
2613 2916
2617 2906
2618 2621
2619 2864
2620 2798
2621 2709
2623 2883
2624 2778
2624 2814
2625 2659
2625 2782
2625 2991
2626 2713
2628 2788
2629 2674
2632 2922
2635 2669
2635 2900
2636 2660
2636 2800
2639 2745
2639 2895
2640 2642
2640 2923
2641 2694
2641 2738
2642 2809
2643 2834
2644 2722
2644 2886
2645 2852
2646 2806
2648 2655
2651 2984
2654 2983
2656 2802
2657 2901
2660 2840
2661 2738
2661 2822
2661 2983
2661 2991
2662 2808
2662 2970
2663 2825
2663 2844
2665 2891
2667 2780
2671 2816
2674 2725
2674 2747
2676 2688
2677 2885
2678 2797
2679 2732
2682 2798
2684 2723
2684 2948
2685 2735
2685 2854
2686 2881
2686 2992
2687 2812
2689 2845
2691 2723
2693 2822
2693 2936
2694 2862
2695 2951
2696 2957
2697 2963
2701 2709
2702 2987
2703 2885
2704 2817
2705 2902
2706 2721
2709 2740
2711 2714
2712 2881
2713 2732
2715 2776
2716 2999
2720 2762
2722 2891
2725 2974
2726 2976
2728 2803
2728 2822
2730 2855
2734 2910
2735 2909
2736 2979
2739 2892
2741 2745
2741 2944
2743 2896
2743 2986
2745 2881
2746 2785
2747 2837
2748 2784
2752 2902
2754 2838
2756 2960
2757 2924
2762 2947
2762 2980
2763 2900
2765 2951
2771 2795
2775 2855
2775 2887
2775 2977
2776 2958
2776 2974
2779 2788
2781 2782
2782 2992
2783 2822
2786 2915
2786 2971
2787 2879
2788 2800
2792 2795
2798 2817
2800 2908
2801 2822
2801 2992
2807 2910
2808 2905
2809 2952
2813 2943
2816 2841
2818 2940
2818 3000
2820 2866
2823 2984
2825 2951
2826 2867
2827 2837
2829 2919
2834 2944
2839 2956
2843 2957
2844 2916
2846 2881
2851 2929
2856 2873
2858 2952
2859 2984
2864 2937
2868 2913
2871 2873
2873 2897
2876 2938
2878 2892
2878 2902
2879 2927
2880 2976
2882 2938
2886 2893
2888 2935
2905 2963
2907 2962
2909 2987
2915 2966
2915 2972
2920 2960
2923 2970
2928 2931
2945 2972
2964 2992
2975 2980
