3000 1937
1 616
1 793
2 1848
2 2503
5 2623
5 2999
6 448
6 2624
8 707
10 798
11 1105
12 665
12 2586
14 534
14 1589
14 2883
15 725
15 2132
16 1947
16 2055
17 728
17 1098
18 1776
19 287
19 1872
19 2102
20 1661
20 2813
21 1646
21 2248
22 448
24 473
24 2856
25 674
26 266
26 2662
27 2195
28 81
28 1022
28 2542
29 1047
30 1639
30 2052
32 2552
33 505
33 550
34 312
34 764
34 2533
35 1055
35 1056
35 1417
35 1714
36 226
36 1155
36 2766
37 339
37 2321
41 830
41 1229
41 1672
42 433
42 1812
42 2693
43 1087
44 805
44 2691
45 2055
45 2620
45 2718
46 1429
48 1676
49 397
50 994
50 1511
52 227
52 1641
52 2396
53 647
53 1326
55 2384
57 2203
59 879
59 2102
60 864
60 1899
61 200
62 1498
62 2407
65 1146
65 1920
67 2148
69 1915
71 1166
73 265
73 523
73 673
73 2173
74 2018
75 629
76 2382
76 2669
76 2682
77 2537
78 1096
78 1814
78 2207
78 2343
78 2642
79 1004
80 1262
80 1405
81 1575
82 952
82 1277
82 2242
83 1796
83 2754
84 527
84 2738
86 1814
87 763
87 2220
87 2380
88 481
88 1753
91 365
92 351
92 2040
92 2666
94 153
94 2166
95 2510
97 2397
98 344
98 1734
100 910
100 1500
100 1970
101 992
101 2975
103 1337
103 2984
104 689
105 1401
105 1914
107 2563
109 2396
110 1065
111 874
111 937
111 1892
113 142
115 2022
116 2763
117 1871
118 1701
122 2833
123 2348
124 1022
126 1824
127 1108
127 1928
127 2869
128 2218
131 1154
132 1818
133 1683
135 1409
135 2020
135 2858
136 1805
137 2410
138 2514
139 2326
139 2480
141 296
141 1715
142 2042
143 2600
146 2922
150 374
150 1520
150 2924
152 214
152 451
153 1005
153 1346
153 1475
154 1597
156 209
156 1205
156 2767
157 1877
158 683
159 520
159 2150
161 460
161 2128
163 833
164 2413
164 2911
165 1358
165 1531
165 2962
166 2666
167 1746
168 2036
168 2948
170 1720
171 1483
172 532
172 2663
174 1701
174 2703
175 725
176 598
177 565
185 2130
186 1623
187 1526
187 2886
189 2688
190 1328
193 241
193 1750
194 2901
195 1220
198 893
199 1353
199 1569
199 2120
200 291
201 739
202 892
202 1414
202 2295
202 2609
203 241
205 656
205 1954
207 1643
207 2036
209 1206
209 1310
209 2231
210 2981
212 1820
213 1500
213 2330
214 1500
214 2309
214 2421
215 265
216 1840
217 657
218 694
219 935
220 1751
221 1430
221 2458
221 2552
222 467
222 1119
223 334
223 478
223 1884
223 2911
229 1054
229 1294
229 1466
229 2924
230 364
230 899
232 338
233 247
233 603
236 564
238 1696
238 2182
240 1940
241 1465
241 1921
241 2420
242 338
244 1494
244 1569
246 722
247 1180
248 2881
249 1520
249 2334
252 2567
255 1080
255 1338
256 2530
257 1450
258 1869
258 2015
258 2483
260 465
261 1749
262 2865
263 1007
263 1582
264 1086
264 2807
264 2882
265 383
265 468
267 1216
268 1777
269 835
270 1207
272 441
272 792
272 1668
274 1323
274 1691
276 1248
276 2756
278 449
279 2528
279 2706
280 2590
280 2893
281 459
283 834
284 2531
284 2623
288 730
288 922
291 1291
293 697
295 2935
300 678
300 2752
301 502
302 2885
305 862
305 1587
306 2300
309 733
310 2541
311 757
312 1966
314 633
314 1471
315 896
315 2784
316 1856
316 2985
317 893
318 646
318 2621
318 2791
319 2322
320 1329
320 1543
321 2579
322 1281
323 1059
325 2576
326 2117
326 2404
328 784
329 2995
331 1629
333 1570
333 1783
335 1958
335 2578
336 617
338 663
338 1691
339 2545
339 2731
340 1842
340 2063
341 887
341 1835
342 2384
343 2266
344 1465
344 1468
345 820
345 1273
346 1981
347 2235
347 2657
348 634
349 1565
349 1668
349 1884
350 721
350 2058
352 2547
353 717
354 1967
354 2298
356 2672
358 1414
358 1770
359 1645
359 2147
360 562
360 1728
360 2942
362 2925
364 1021
364 1564
365 1256
365 1746
366 1498
366 2400
367 1474
367 2552
372 961
373 2024
373 2912
375 2761
376 1631
376 2274
377 1185
377 1893
377 2240
377 2306
378 710
378 1558
378 1811
379 1778
380 2404
381 2089
381 2868
382 1264
384 993
384 1485
384 1608
385 425
387 1049
388 612
389 437
389 2386
390 1964
391 2014
392 1877
393 1068
393 1734
394 2731
394 2827
395 650
395 2005
396 2667
397 1146
397 1152
399 483
399 2604
401 923
402 2527
404 1086
404 2125
404 2793
405 438
405 2279
408 2423
409 2605
410 676
410 1641
412 527
412 1031
412 2640
414 2019
414 2223
415 1267
415 2286
417 1491
418 2883
420 951
420 2317
420 2358
421 2807
422 497
422 600
422 2192
425 824
425 1777
426 2854
427 757
427 2774
428 2280
429 740
430 1373
432 2768
433 1083
433 2121
434 2242
434 2919
435 2117
436 446
438 1955
439 1659
440 1756
441 957
441 1965
441 2341
442 2480
444 998
444 2679
445 2375
445 2392
446 686
448 1575
448 2314
451 1082
452 1522
453 1608
454 1872
456 1911
456 2837
459 593
459 635
459 1701
460 2920
461 2412
462 2117
463 2078
463 2338
463 2528
467 2561
468 1420
468 2712
469 2978
470 1076
470 1242
470 2929
471 737
472 1374
475 776
475 1891
475 2668
476 1893
476 2577
478 1222
478 1501
480 2503
481 1379
481 2174
482 2671
486 785
486 986
486 1117
487 2060
489 1458
489 1930
490 1959
490 2595
491 2425
492 828
492 1727
494 2001
497 1107
498 1663
498 1731
498 1914
499 923
500 2361
502 2330
503 2324
504 1088
506 1664
506 2019
506 2358
506 2404
510 1370
510 2605
510 2879
511 1595
511 2416
514 2910
514 2960
517 1521
518 2259
520 2196
521 2285
522 629
526 1616
526 2073
527 828
528 1027
528 2337
529 788
530 600
530 2078
533 560
536 1836
536 2213
536 2450
539 779
542 1738
542 2528
544 1355
544 1466
544 1468
544 2684
545 1896
545 2343
546 597
548 1446
548 1931
548 2033
548 2079
548 2381
551 1666
552 1020
552 1933
553 957
555 2773
560 1899
561 2099
562 760
562 2193
564 1319
564 2192
565 1623
566 1785
566 2123
566 2538
569 858
569 926
569 1590
571 1311
571 2140
571 2706
574 752
574 1629
574 2413
575 726
577 763
577 2864
578 1555
579 2623
581 1813
583 2573
584 769
584 1178
585 2527
586 1397
587 2543
588 827
588 1157
589 1167
590 1018
591 1690
591 2797
592 642
592 874
592 1276
592 1462
592 2902
593 837
594 1417
594 1436
594 1640
594 1837
594 2599
595 2258
598 921
598 2042
600 2080
601 1910
603 799
603 2194
603 2637
603 2890
604 1610
605 1300
605 1719
605 2105
606 716
606 1222
606 1642
607 2092
607 2986
608 1903
609 1171
609 2596
609 2630
611 2222
612 683
615 2385
615 2853
616 2981
617 708
617 2332
618 2971
622 1311
623 1442
625 829
625 2275
625 2392
626 692
627 656
627 701
629 1296
629 1374
629 2176
630 682
630 1071
630 2039
632 2841
634 2495
635 2387
636 1800
637 1070
637 2206
639 1627
639 2373
639 2619
640 944
642 1710
642 1782
643 793
644 1111
645 960
645 2296
646 1568
647 2830
648 1560
649 2034
650 939
650 2520
650 2585
651 1120
651 2516
652 1272
655 980
656 1348
656 2807
657 1911
659 1603
660 972
660 1987
663 1873
663 1962
663 2256
665 1005
665 1206
665 2041
666 2077
666 2160
667 2843
669 1346
669 2855
671 795
671 1077
671 1315
672 2198
672 2797
675 2183
675 2267
677 954
678 1574
679 788
679 2913
681 2368
682 2435
682 2800
683 2628
684 885
684 2142
686 2855
687 1519
687 2458
690 1758
692 1937
693 2299
695 1526
696 1969
696 2028
696 2600
698 1767
698 2075
698 2966
700 2069
702 1137
705 1234
709 2423
711 2199
712 1640
714 2578
715 2108
716 2462
717 1494
717 1861
717 2182
717 2454
718 2431
719 906
721 1172
721 2551
723 2259
723 2636
725 1296
725 2909
726 2824
727 830
729 2280
730 2013
731 2441
731 2464
735 1522
736 1560
739 970
740 1682
741 1018
742 2148
742 2277
743 1946
745 2010
746 2634
748 2925
749 1608
749 1961
750 834
752 1673
752 2297
753 1535
753 2721
755 1393
756 1230
758 2389
758 2942
759 1974
761 1142
762 2793
763 876
763 1164
763 1619
766 1872
768 2679
769 1664
769 2444
771 2245
772 1852
773 798
773 1448
773 2990
775 2334
778 2225
778 2233
779 889
780 1711
781 1499
782 2628
783 2985
784 1433
784 1467
784 1815
785 1386
786 1760
786 2266
787 2835
788 2790
789 981
790 1043
791 2310
792 1106
793 1075
794 2442
795 1831
795 2939
796 2682
797 1272
797 1468
797 2009
799 1403
800 1395
801 2830
802 1544
802 2189
804 2257
805 971
808 2265
808 2449
810 1157
810 2507
812 1157
812 1970
815 977
816 2207
817 1253
817 2194
818 1077
818 2573
819 2057
822 1738
822 2509
822 2515
823 2138
824 957
825 1816
825 2673
827 1900
828 2291
828 2935
830 1406
830 1772
830 2223
830 2226
832 1015
832 2969
834 1701
836 2228
837 1725
838 2738
842 2677
843 1420
844 2844
845 2450
846 2403
848 1612
848 2508
849 894
849 1445
850 934
850 1877
850 2943
852 1051
854 1732
855 2664
857 1635
857 2420
858 2157
859 2508
861 2927
863 1050
866 2720
867 879
868 2626
870 901
871 1446
872 883
872 2490
875 906
877 2639
878 1899
879 1221
879 1436
879 1661
880 1003
881 1772
884 2725
885 1014
885 1069
885 1676
885 2302
888 1855
888 2463
889 987
889 2604
891 2843
892 900
892 1881
892 2288
892 2313
893 2343
893 3000
894 898
894 1134
894 1373
894 1795
894 2959
896 2415
897 1075
897 2127
899 1355
900 1208
901 2800
904 1257
905 1750
905 2217
910 1637
914 2468
915 1054
917 1356
918 1597
919 1324
919 2823
919 2980
923 2244
927 2078
928 938
928 1274
928 1576
929 1921
930 1913
931 1073
931 1792
935 2436
935 2778
936 1159
938 2026
939 1333
940 1870
941 1160
942 2107
944 984
944 2733
944 2942
945 2291
946 2989
947 1244
947 1265
948 2770
949 1673
950 2669
952 1566
952 2027
954 2614
958 2335
960 1976
966 2985
967 1236
969 2349
971 1271
972 2980
977 2295
979 2241
980 1464
980 2061
981 1810
981 2730
985 1076
985 1128
985 1783
985 1901
985 2408
989 2922
991 1618
995 2102
995 2768
996 1123
996 1264
996 2896
997 1551
998 1356
999 2041
1000 1129
1002 2635
1004 2836
1006 2042
1007 1126
1010 2802
1014 2217
1014 2297
1022 1036
1025 1385
1026 2260
1026 2523
1027 2643
1030 1919
1033 1965
1034 1337
1034 1394
1034 1427
1034 1860
1035 1868
1035 2978
1036 1701
1040 1812
1041 1432
1041 1783
1042 1257
1045 1384
1047 2353
1049 1222
1051 2630
1052 1412
1053 1877
1056 2130
1057 1517
1060 2794
1061 1252
1062 2551
1062 2652
1063 2200
1063 2227
1063 2292
1064 1874
1066 1535
1067 2262
1070 1650
1070 2205
1071 1345
1071 1792
1071 2178
1072 1680
1074 2922
1076 1201
1076 2808
1079 1333
1079 1336
1080 2487
1080 2576
1081 1533
1081 1969
1081 2461
1082 2099
1084 1408
1086 2611
1086 2765
1088 1553
1090 1220
1094 1294
1094 1453
1095 2202
1097 1861
1097 2708
1098 1601
1098 1959
1098 2411
1100 1724
1101 2789
1104 1339
1105 1616
1106 1416
1106 1842
1107 1137
1107 2739
1108 1308
1109 1395
1109 2208
1109 2575
1110 1319
1111 2627
1115 1318
1117 1357
1119 1277
1120 2423
1121 2755
1126 1678
1126 2905
1128 2031
1128 2543
1130 1975
1132 1475
1132 2321
1134 1729
1134 1807
1134 2626
1135 1214
1136 2671
1138 1991
1138 2909
1139 1383
1141 1741
1142 1800
1142 2912
1142 2925
1144 1998
1145 2902
1148 2714
1150 1386
1150 1524
1150 2757
1154 1433
1154 2871
1156 2684
1157 2345
1157 2654
1160 1358
1161 2515
1162 2785
1163 2673
1164 1924
1168 2184
1169 1408
1170 1574
1170 1719
1174 1674
1175 2394
1175 2508
1176 1978
1176 2681
1179 2301
1182 1416
1184 2178
1184 2646
1186 1543
1186 2265
1187 1676
1187 2440
1190 1246
1191 2392
1193 2689
1197 2237
1197 2504
1197 2714
1199 1794
1199 2106
1201 1702
1202 1481
1202 2376
1203 1468
1205 2247
1206 2537
1209 2776
1210 2374
1210 2379
1210 2742
1210 2863
1211 1655
1211 2674
1214 2472
1215 1984
1216 1344
1216 1883
1219 2026
1220 1445
1220 1587
1220 2217
1225 2855
1226 2910
1231 2203
1232 2655
1232 2663
1233 2877
1237 1509
1237 1577
1238 2665
1241 1727
1241 2651
1243 1332
1243 2732
1245 1489
1246 1730
1246 2416
1249 2088
1250 1995
1251 1710
1251 2735
1252 2382
1253 2066
1253 2596
1254 1346
1254 2294
1255 2769
1257 2126
1258 1930
1260 1301
1262 1355
1262 2884
1263 1888
1263 2686
1267 2669
1269 2799
1270 1539
1276 1579
1277 1840
1279 2612
1280 1973
1280 2276
1281 2099
1283 2173
1284 1301
1284 1335
1285 2102
1285 2179
1286 1526
1286 1533
1287 1440
1287 2047
1288 1317
1289 2641
1290 2103
1295 1912
1296 1739
1297 2892
1298 2297
1299 1573
1299 2925
1300 1988
1301 2875
1304 1403
1305 1802
1306 1663
1306 1951
1306 2300
1307 1479
1307 2136
1307 2654
1308 2919
1309 2786
1311 1853
1313 1533
1314 2571
1317 1633
1317 2008
1317 2334
1318 2929
1319 2311
1320 2168
1320 2441
1323 2140
1324 1477
1324 2300
1325 1389
1325 1934
1325 2626
1326 1974
1331 2397
1331 2891
1334 2927
1335 1543
1337 1600
1338 1943
1339 2572
1339 2885
1341 2730
1342 1524
1342 1954
1342 2738
1344 1722
1346 2687
1347 1385
1347 2814
1348 1688
1348 2867
1348 2980
1350 1927
1351 1966
1351 2287
1353 2798
1356 1594
1360 1517
1361 2234
1363 1639
1364 2153
1364 2598
1365 2600
1368 2595
1369 1494
1372 1641
1372 2092
1372 2113
1375 1957
1378 2797
1379 1746
1380 1598
1380 2346
1381 1666
1384 1804
1384 2378
1388 1501
1389 1458
1390 1938
1393 1945
1395 2304
1396 1956
1398 1723
1400 1980
1403 2142
1403 2663
1404 1961
1404 2893
1407 2205
1408 1677
1408 1695
1409 1653
1409 2274
1410 2234
1415 1764
1416 2466
1418 1870
1419 1807
1421 2607
1423 2377
1424 2931
1426 1764
1427 1534
1430 2383
1431 1458
1432 2534
1433 1568
1434 2141
1436 2253
1440 1781
1441 2404
1444 2490
1445 2312
1447 2789
1448 1922
1449 2115
1453 1585
1453 1971
1454 1636
1456 2857
1456 2979
1458 1577
1458 2100
1458 2394
1459 1625
1459 1819
1459 1856
1461 2397
1461 2815
1463 1852
1464 2566
1466 1577
1466 1777
1467 2065
1475 2083
1475 2973
1477 2374
1480 1595
1483 2380
1484 2611
1487 1498
1487 1675
1488 1980
1489 1843
1490 1836
1491 1901
1491 2677
1492 2783
1492 2949
1496 1884
1497 1598
1498 2683
1499 2924
1503 2159
1503 2628
1504 1631
1504 2550
1505 1689
1505 2353
1506 2291
1506 2974
1507 2222
1508 2868
1510 2757
1512 1815
1512 2658
1513 2188
1514 1808
1514 2113
1514 2398
1514 2908
1515 1793
1516 2116
1518 2523
1518 2604
1518 2822
1519 2552
1522 2179
1522 2811
1526 2818
1530 1919
1530 2450
1531 2344
1532 2015
1532 2083
1533 2281
1536 1741
1536 2266
1537 1689
1537 1698
1538 1706
1538 1916
1538 2106
1541 1639
1549 2331
1549 2427
1550 2378
1550 2577
1554 1840
1554 2716
1555 2601
1556 2746
1558 2432
1560 1884
1561 2730
1561 2883
1562 2611
1563 2963
1565 1734
1565 2082
1565 2958
1567 2268
1570 2031
1572 1639
1572 2474
1574 1782
1577 2124
1579 2963
1580 2566
1582 2971
1588 1961
1590 2938
1591 2290
1593 1950
1593 2384
1595 2167
1596 2561
1598 1882
1598 2424
1599 2097
1600 1649
1601 2797
1601 2962
1603 1785
1603 2503
1605 2467
1605 2846
1606 1812
1610 2164
1610 2239
1612 2612
1615 1881
1616 2321
1618 1814
1619 1686
1619 2252
1622 2765
1623 2115
1623 2242
1625 2221
1627 1747
1627 2951
1630 2245
1630 2762
1631 2555
1632 1816
1633 2193
1635 1921
1635 2422
1636 2311
1636 2818
1637 1785
1642 1697
1642 1801
1649 2386
1649 2470
1650 1862
1650 2135
1650 2838
1651 2568
1654 1737
1656 2514
1656 2537
1661 2713
1661 2986
1663 2546
1664 1665
1664 2390
1666 1770
1666 2828
1669 2924
1671 2137
1674 2840
1677 1933
1678 2764
1683 2577
1684 2941
1687 2230
1688 2630
1689 2735
1691 2971
1696 2781
1698 2742
1699 2192
1702 1960
1704 2626
1709 1727
1711 2085
1711 2096
1711 2687
1711 2691
1711 2947
1712 2362
1715 1824
1715 2179
1717 2031
1717 2450
1721 2338
1721 2435
1721 2646
1723 2533
1723 2715
1726 2367
1726 2540
1726 2655
1730 2155
1730 2455
1730 2887
1731 1764
1732 2954
1733 1901
1735 2325
1735 2508
1736 2003
1736 2093
1736 2326
1737 1944
1737 2564
1737 2580
1739 2019
1739 2917
1740 2593
1742 2739
1749 2511
1750 2064
1756 1949
1757 2531
1761 2107
1762 2390
1764 1984
1765 2100
1765 2115
1768 2043
1769 2627
1771 2812
1773 2372
1774 2027
1774 2553
1778 1803
1781 1907
1783 2803
1783 2831
1786 1812
1790 2883
1791 2237
1795 2937
1799 2976
1805 2172
1806 1838
1806 2874
1809 2280
1809 2310
1815 2326
1817 2450
1817 2459
1818 2482
1823 2463
1825 2139
1829 2485
1833 1968
1835 2482
1839 2755
1840 2449
1855 1993
1856 2071
1857 2448
1860 2369
1861 2033
1861 2076
1862 1921
1866 1973
1866 2617
1867 2177
1873 2712
1874 2680
1875 1941
1875 1965
1878 2259
1880 2631
1881 2287
1882 2513
1883 2924
1884 2072
1891 2559
1895 2875
1897 2873
1898 2980
1899 2084
1899 2715
1903 2328
1906 2075
1906 2652
1906 2993
1908 2812
1909 2117
1910 2620
1912 2566
1915 2645
1916 1946
1922 2184
1925 2172
1930 2184
1931 2312
1932 2617
1935 2790
1938 1961
1944 2256
1945 2340
1945 2413
1951 2213
1951 2891
1960 2038
1961 2138
1963 2271
1963 2411
1967 2997
1971 2702
1972 2255
1972 2509
1973 2377
1973 2807
1974 2659
1975 2447
1976 2168
1976 2283
1979 2058
1983 2767
1983 2985
1990 2780
1992 2879
1998 2215
1998 2628
2008 2330
2008 2470
2009 2449
2010 2466
2011 2214
2011 2416
2012 2504
2015 2837
2017 2428
2020 2136
2023 2685
2024 2461
2029 2046
2038 2072
2039 2323
2042 2155
2045 2540
2047 2703
2048 2557
2051 2240
2056 2735
2056 2934
2065 2547
2066 2410
2067 2806
2071 2606
2072 2181
2075 2578
2075 2613
2077 2471
2083 2476
2086 2487
2087 2095
2092 2246
2092 2729
2095 2740
2098 2227
2099 2910
2103 2378
2107 2676
2109 2494
2111 2346
2114 2323
2125 2971
2129 2799
2133 2601
2137 2694
2137 2698
2141 2794
2143 2409
2144 2598
2152 2653
2155 2904
2156 2931
2158 2310
2161 2772
2163 2904
2164 2481
2164 2730
2165 2996
2167 2974
2171 2570
2172 2960
2173 2623
2173 2810
2178 2221
2180 2324
2180 2943
2185 2567
2191 2433
2199 2619
2206 2821
2210 2929
2217 2370
2225 2491
2226 2678
2226 2994
2233 2790
2236 2439
2239 2798
2239 2892
2241 2473
2242 2290
2243 2614
2243 2932
2247 2392
2247 2456
2251 2688
2257 2505
2258 2633
2261 2696
2262 2635
2262 2793
2264 2310
2265 2587
2266 2750
2267 2797
2269 2818
2270 2997
2273 2881
2274 2832
2274 2859
2277 2823
2287 2404
2287 2743
2288 2531
2297 2820
2301 2387
2302 2924
2305 2953
2309 2730
2309 2809
2318 2779
2327 2386
2328 2877
2330 2950
2332 2525
2339 2580
2340 2686
2341 2567
2351 2557
2352 2541
2354 2961
2356 2726
2361 2886
2362 2931
2363 2843
2371 2790
2372 2845
2372 2953
2379 2532
2379 2720
2383 2927
2400 2493
2401 2801
2404 2733
2407 2673
2411 2919
2417 2816
2417 2925
2421 2655
2425 2645
2426 2966
2427 2545
2428 2482
2428 2727
2433 2534
2434 2485
2435 2758
2436 2823
2442 2712
2451 2766
2452 2977
2454 2541
2455 2526
2459 2562
2466 2722
2466 2973
2478 2757
2479 2778
2480 2595
2485 2842
2490 2524
2495 2796
2496 2737
2499 2630
2508 2559
2512 2959
2513 2545
2528 2982
2529 2588
2529 2919
2535 2683
2543 2809
2545 2827
2557 2674
2557 2881
2564 2905
2577 2620
2586 2880
2592 2842
2601 2867
2604 2806
2608 2612
2621 2823
2622 2993
2633 2671
2651 2973
2659 2804
2662 2689
2664 2910
2665 2882
2666 2839
2691 2844
2692 2801
2697 2990
2701 2789
2701 2993
2706 2747
2706 2772
2723 2808
2730 2864
2736 2926
2738 2876
2745 2794
2749 2857
2755 2835
2780 2920
2780 2976
2784 2799
2800 2928
2804 2913
2804 2972
2883 2935
2885 2908
2896 2974
2905 2947
2917 2948
