3000 1890
1 2027
1 2945
3 1073
4 180
6 2226
10 1005
10 1615
10 140
11 2064
11 19
11 1925
12 2221
13 953
13 578
15 248
19 2620
19 547
20 396
20 882
20 360
20 2332
20 1266
20 386
21 124
21 1429
22 446
22 2938
23 1272
24 84
26 1622
27 1542
27 1941
28 1086
28 2566
29 1269
29 1051
29 379
30 1334
30 2746
31 831
33 1634
33 1972
33 2992
34 1084
35 255
35 1133
35 2803
36 2003
36 388
36 2348
38 2079
38 2795
38 807
41 2453
41 2700
42 1738
42 116
42 1437
43 2049
43 2444
45 326
46 2482
47 2268
48 2990
49 2214
50 1590
52 1714
53 1657
53 548
54 1599
55 2067
57 2595
59 827
60 2306
62 1342
63 671
63 267
64 1285
64 1378
64 2405
64 1886
64 2302
65 2396
65 1125
65 2973
66 2786
66 250
69 1142
69 1945
70 1241
71 382
72 1408
73 1429
75 1927
75 1500
75 1325
76 1378
76 961
79 2769
80 1171
80 2437
80 2539
81 2426
82 1860
84 2471
84 321
86 875
87 923
87 2396
87 390
87 2994
90 1771
90 2579
90 2456
91 2025
91 289
94 2904
94 916
95 945
95 663
95 1992
95 1845
95 479
95 2713
96 1634
96 1892
96 2404
96 1205
97 1206
98 1483
98 1963
100 2419
100 2460
100 1222
102 2783
105 976
109 1154
109 1112
109 2266
109 1251
111 2879
112 1892
113 154
115 1024
115 2525
116 869
117 2974
117 2693
117 225
118 2810
121 2859
121 2896
121 2389
123 1262
124 2823
124 2957
124 1970
124 583
126 2543
127 205
127 1173
127 1444
128 2558
128 801
130 785
130 1078
131 190
131 439
134 2070
135 1005
136 2624
137 1262
137 2670
137 1255
137 2759
139 2138
142 2761
143 2619
143 2105
144 2003
147 855
148 2328
148 2384
151 2255
151 2441
152 619
153 438
154 319
154 853
154 2251
156 2901
158 2066
158 907
158 786
159 249
160 1743
160 2902
160 783
160 2190
163 2076
164 1798
165 569
167 558
167 1043
168 2605
170 665
171 291
171 1880
171 1775
172 2913
172 2332
173 1250
174 1351
174 1077
175 1763
175 2054
176 602
176 1356
177 243
177 2206
178 384
180 2996
180 1917
181 2094
181 2092
181 1809
182 389
183 1542
185 1171
187 1125
188 1618
188 2221
188 1425
188 1806
189 2887
189 1013
191 932
191 1544
192 944
192 2683
192 518
194 2796
194 701
196 2453
196 958
196 1784
197 1627
197 2909
197 690
197 2739
202 1564
202 2349
202 2189
204 2047
205 742
205 2671
205 1440
205 2085
205 2566
206 1996
207 1947
209 1980
209 627
210 2328
211 2453
212 777
212 525
213 1688
214 1553
215 1159
217 2021
217 2116
218 2484
219 2366
219 619
220 1008
223 1237
223 275
224 2863
224 2617
225 320
226 1449
226 2741
228 2078
228 2362
230 817
230 2721
233 1994
233 1313
235 397
235 1267
236 284
236 2055
237 850
238 1738
238 1219
239 2275
243 1448
243 2851
243 2251
246 1702
247 1205
248 2275
249 1992
249 1897
251 2213
252 2869
252 2881
252 2123
254 2466
255 569
255 2338
255 1328
255 2276
256 2301
258 1969
259 1812
259 404
260 1381
261 1196
261 2081
262 1646
262 1995
263 1227
264 477
264 654
266 2798
266 2448
268 2034
268 910
269 2802
270 1858
271 333
272 2344
273 1902
275 2180
275 1411
275 2911
275 1696
276 2691
276 1550
279 1151
279 309
280 2001
280 2002
280 1746
280 428
280 2397
281 2522
283 2985
283 2168
284 337
284 688
284 1106
285 705
285 1672
285 379
286 1632
287 2604
287 2803
289 1518
292 2854
295 390
296 2959
296 2699
297 1870
298 1421
298 1789
298 625
298 367
299 310
299 2059
300 1838
301 1374
301 1751
302 1383
303 1660
303 1253
303 951
304 1603
307 2091
307 2697
308 1456
308 2273
308 621
309 1218
310 1544
310 530
310 391
312 1029
313 2207
314 493
315 2190
316 1292
317 2931
317 1523
319 999
321 2708
321 2961
322 390
322 1575
324 484
326 832
326 1814
327 2788
328 2839
328 1600
328 1598
331 497
332 1095
332 1489
332 552
334 370
335 1571
337 2890
337 2368
339 2231
340 2239
340 1301
342 1416
343 2584
343 1078
344 965
344 2106
345 1921
346 1421
347 1352
347 1428
348 1540
348 1345
350 1350
350 2963
351 2722
351 1996
351 389
352 2625
353 1512
357 2970
358 1619
358 2034
358 2280
359 2922
359 2733
361 1945
364 846
365 1560
367 372
367 1940
368 1084
372 1804
374 2050
375 2725
375 1977
376 951
378 2520
378 1362
379 2371
380 2025
381 511
383 1973
383 1940
384 2511
384 1526
386 1421
387 2726
387 567
388 2049
389 2706
389 2319
390 2509
390 1735
396 1176
396 2233
397 1571
397 548
397 2829
398 2421
398 1511
399 668
399 419
399 2538
400 1247
400 2072
400 426
402 2450
403 2170
403 1621
403 1963
404 2766
404 1725
405 2318
410 1608
412 2724
413 2634
414 1726
415 1133
416 1626
416 2828
418 885
418 2302
418 1155
419 678
419 2883
419 1558
420 2111
420 1175
424 1091
426 696
427 1665
428 2655
428 1647
428 447
429 1768
431 2984
432 985
432 1029
433 2274
433 2966
436 2413
436 597
436 2439
438 1043
439 1904
440 2940
442 2285
442 2737
442 2090
443 2121
444 1407
444 2896
444 2158
446 2955
446 2752
446 1845
447 1530
447 1355
448 1580
449 2668
451 2841
452 567
452 1614
452 1941
453 2027
453 2075
455 2657
455 2144
456 1243
456 2031
458 1960
458 1168
458 1519
460 1825
460 1508
461 487
463 1269
463 1058
463 1870
464 1742
468 869
469 2733
469 2932
470 482
471 2037
472 1967
472 1630
472 682
473 2566
474 773
476 2287
477 2436
477 1403
478 1188
479 1142
479 2226
480 1514
481 1743
481 2303
482 598
487 1118
487 1382
487 1663
490 2865
490 838
491 1805
492 1222
493 2255
494 1638
494 1960
496 2316
497 843
498 2725
498 1802
498 2802
499 1421
499 2722
501 1209
501 671
501 817
504 2094
504 2642
506 2063
506 1175
506 2431
508 1413
508 911
512 2223
514 1965
515 1683
517 2459
518 750
519 784
519 2082
520 962
520 2661
521 1162
523 2691
523 1691
524 2362
525 1902
525 2437
528 2207
530 1168
530 2717
531 2342
532 560
532 2441
532 1920
533 2595
538 2059
539 1463
540 1074
540 1206
542 1133
543 1850
544 2955
544 1864
545 1432
545 2388
546 1390
548 2849
548 758
548 837
549 2128
550 1295
550 1384
551 2756
553 1961
554 1487
554 590
554 1864
554 1444
554 612
557 906
557 1418
557 1257
559 1858
560 1069
560 1880
560 1476
562 1448
562 2348
563 1412
564 2257
565 1834
566 953
566 2524
566 2580
568 1365
568 1627
568 1614
569 854
569 2096
569 2582
571 2265
573 1131
573 804
574 2498
575 1268
575 1427
577 1829
577 1629
578 2546
578 1534
581 1825
583 2413
587 1089
587 1606
588 2549
589 2685
590 2453
590 1285
591 1197
592 2020
594 1684
597 2357
597 2872
597 2352
598 1692
600 1964
602 689
603 1251
604 2277
606 797
606 702
606 2678
607 2478
607 2041
608 1944
608 637
609 1540
609 1793
614 2120
615 727
616 1986
617 824
618 1354
619 1840
619 2643
620 2766
620 1182
621 2926
622 2775
623 1442
627 1821
628 825
629 2766
629 1427
630 2183
630 2765
630 1509
632 1660
632 2266
635 1701
639 653
639 2174
639 2441
639 2009
640 1657
642 1939
642 2101
642 1779
642 1018
642 2734
646 741
648 2466
650 2520
651 2951
653 1747
653 1447
654 2477
655 1221
656 1035
659 2203
660 1837
661 2872
661 2593
662 2470
663 1533
664 1157
665 2373
666 2810
666 2554
666 1319
667 690
668 894
668 1032
669 1166
671 2776
672 2741
675 2828
676 2798
676 1563
680 1783
682 975
684 1211
686 2554
689 2729
690 1794
694 1516
696 2832
696 1308
697 2224
697 893
697 1062
698 1326
700 897
700 1425
701 875
701 1427
704 2830
705 979
706 2862
706 1138
708 1445
710 2303
710 2634
710 2615
712 1127
712 2345
713 1697
717 1443
718 2257
719 2950
720 2666
723 2978
723 1273
723 851
726 1113
726 2502
726 1330
727 731
730 1145
730 2838
734 1529
735 830
737 2813
738 1366
738 1655
740 995
740 1045
741 1170
742 2821
742 981
743 1280
744 1822
748 2627
748 2159
750 2953
750 1831
752 2529
752 1001
753 1386
755 2555
756 2711
759 2616
759 1349
759 2052
761 1536
762 2400
765 2048
766 2693
767 1753
767 2524
769 2157
770 2890
771 2609
773 1439
775 1976
776 1113
779 797
780 2072
781 2776
781 897
783 1681
783 1627
783 1102
786 2600
787 935
788 2468
788 1772
793 1242
795 1255
797 1285
797 2278
797 2716
798 1899
798 2007
799 1507
800 1338
800 2966
800 966
802 2639
806 2149
806 996
807 2581
807 2864
808 2265
810 2839
812 1288
812 1807
813 2715
813 2829
813 2488
814 1581
815 2215
816 1628
819 1134
819 2102
820 990
823 1379
825 1175
826 1794
831 1115
832 1736
833 2153
834 2779
837 2159
839 1776
840 2087
841 2635
843 1686
843 1603
845 2787
845 2645
846 2096
846 2950
846 2260
847 2474
847 1522
848 2112
848 1833
849 2095
849 2589
849 1337
849 1492
849 1251
850 2459
852 1323
852 2073
852 1312
854 2810
854 1042
855 2868
855 2198
856 2587
857 998
858 1242
859 1623
859 2763
862 1947
862 2741
863 2309
864 982
865 1635
865 2084
866 2975
866 2703
867 1474
867 2510
868 1192
868 2983
869 1252
869 1297
872 2538
872 1308
876 1753
884 2595
885 2978
886 2616
886 2603
886 2993
888 1973
892 2770
894 2107
894 1463
894 2335
895 2995
895 2809
897 2633
897 1342
899 1964
899 2675
900 1131
900 1192
900 1931
901 2195
902 1725
903 2842
905 2311
905 1059
908 2549
910 1530
910 2352
910 2624
913 2625
914 1110
914 2317
914 1653
914 2160
915 2621
917 1289
918 2019
918 1945
919 1834
920 1011
923 2213
925 2940
925 1776
926 2872
929 1610
930 1613
934 2951
934 1402
937 1366
940 1728
941 1898
941 1456
943 1285
943 2213
943 2808
943 2656
944 2212
944 1268
946 2155
949 1874
951 2179
951 1354
951 2297
952 2236
953 1592
954 2085
955 2425
956 2248
957 1706
958 1623
959 2498
959 2407
963 1195
964 1878
964 1168
964 1051
964 1303
965 2453
967 2104
967 2027
969 2701
972 2116
973 1562
973 1477
974 1091
974 1710
975 1004
978 1278
979 2313
980 2678
981 2535
982 2340
983 1883
984 2472
987 2336
989 2560
990 2809
993 1710
993 2710
994 1688
994 1422
995 1145
995 1541
996 2551
996 2731
998 1576
999 2179
999 1077
1000 1122
1003 2665
1005 2709
1006 1380
1006 2191
1008 1860
1009 2085
1010 2409
1010 1203
1013 1421
1016 2787
1017 1883
1017 1401
1017 2329
1018 2197
1020 2362
1021 2086
1021 1143
1021 1609
1022 1066
1022 1212
1023 1503
1028 1499
1029 2349
1031 2478
1031 2434
1033 1157
1033 2240
1034 2673
1041 2089
1041 2455
1046 1135
1048 2842
1052 1753
1052 2142
1052 2860
1053 2813
1053 2137
1053 1654
1056 2345
1057 2623
1057 2769
1058 2631
1060 2524
1060 2675
1061 2373
1064 2078
1065 2182
1072 2789
1080 1944
1082 2695
1084 2501
1087 1584
1087 2080
1089 1485
1090 1956
1091 2498
1093 2225
1094 2315
1095 2891
1095 2627
1096 2511
1098 1134
1098 2737
1101 2823
1101 2239
1101 1475
1101 1906
1102 1533
1102 2477
1109 1691
1109 2906
1110 2863
1110 2416
1112 2149
1113 1276
1115 2951
1115 1759
1115 2656
1118 2084
1120 2472
1123 2905
1123 1810
1124 2263
1124 2040
1127 1854
1127 1578
1128 2415
1129 2325
1129 1916
1129 2412
1130 2470
1130 1207
1130 1245
1131 2434
1133 1214
1134 1706
1134 2638
1134 1943
1135 1679
1136 2692
1137 2864
1139 2887
1140 2107
1140 1155
1141 1826
1141 2875
1143 2305
1143 1442
1143 2176
1145 2312
1145 1604
1147 2483
1147 2699
1154 1217
1154 2683
1154 1166
1154 2929
1157 1200
1157 2205
1164 2054
1167 2504
1169 1293
1169 1268
1171 1194
1171 1607
1171 2780
1171 2280
1171 2357
1172 1987
1174 1225
1174 1206
1175 2115
1176 1345
1176 1275
1177 2627
1177 2039
1178 2253
1179 2179
1179 2630
1179 2667
1179 2663
1181 2483
1181 1347
1183 2570
1184 2968
1185 2924
1187 1817
1187 1269
1190 2858
1192 1409
1194 2869
1194 1756
1194 1393
1194 2795
1197 2832
1198 2087
1198 2004
1199 1562
1200 2228
1200 2363
1205 1477
1205 2705
1206 2575
1208 2685
1208 2580
1210 1420
1210 1239
1212 2249
1214 2176
1216 1374
1217 1716
1217 1362
1220 1935
1220 1304
1222 2889
1225 1829
1226 2114
1228 2200
1229 1935
1230 1813
1235 1705
1243 2739
1243 1766
1244 1685
1245 2438
1249 1449
1249 2462
1251 2602
1251 2531
1252 2275
1252 2463
1252 1309
1256 2720
1257 2892
1257 2033
1257 2593
1258 2210
1261 1384
1263 1666
1263 1934
1265 2948
1266 2170
1268 2126
1268 2283
1269 1587
1270 1448
1271 1909
1272 2240
1274 2560
1276 1292
1278 2155
1279 2298
1279 2803
1280 1753
1280 2301
1280 2359
1285 2104
1285 2357
1285 2952
1285 2201
1288 1836
1290 1895
1290 1331
1290 2410
1292 2041
1294 1694
1295 1623
1295 2596
1296 2647
1296 2217
1298 2910
1300 1822
1302 1337
1308 2466
1309 1367
1313 2802
1316 2476
1317 2168
1318 1409
1319 2366
1321 2122
1321 2875
1323 1736
1323 2523
1325 1503
1327 1968
1328 2180
1328 2411
1331 2497
1333 1592
1337 2234
1338 1594
1338 1464
1338 1803
1339 2355
1341 2969
1343 1494
1344 1987
1344 1747
1345 2536
1346 2978
1349 2474
1351 2932
1352 2616
1352 1509
1352 2353
1356 2237
1358 2241
1360 1740
1364 2453
1364 1986
1366 2071
1368 2099
1368 2112
1373 1420
1375 1911
1375 1542
1376 2111
1376 1784
1376 1613
1378 1481
1379 1927
1379 2351
1379 2747
1381 1880
1382 2447
1383 1738
1383 1960
1383 2432
1383 2301
1384 2727
1385 1467
1385 2918
1389 1843
1393 1701
1395 2434
1396 2880
1399 1477
1402 1410
1404 2293
1407 2554
1408 1866
1410 2556
1414 2157
1414 1838
1414 2946
1415 2136
1416 1697
1417 1786
1417 1552
1418 1532
1419 1608
1426 1878
1426 1748
1427 2100
1428 2015
1429 2334
1430 1571
1432 2666
1439 1872
1441 1817
1441 2231
1442 2913
1442 1733
1443 2373
1444 1689
1445 2020
1447 2991
1448 1870
1451 1927
1453 2178
1458 2565
1460 2223
1462 2460
1463 2273
1464 2879
1466 1888
1468 1808
1471 2093
1472 2861
1473 2892
1473 1658
1474 2791
1481 2704
1481 1724
1484 2349
1484 2166
1485 2722
1487 2903
1487 2284
1489 2037
1492 2478
1494 1590
1495 2730
1499 2364
1499 2992
1499 2568
1501 1959
1501 2701
1502 2746
1502 2326
1506 2783
1507 1855
1508 2170
1516 2677
1522 1665
1523 2836
1525 2581
1526 2957
1528 1977
1530 2581
1530 2754
1532 2202
1532 2135
1532 2409
1534 1862
1536 2003
1536 2141
1538 2392
1542 1764
1544 2845
1544 2363
1545 2073
1546 1683
1546 2799
1547 2511
1547 2260
1548 2914
1552 2691
1552 2644
1555 2397
1556 2199
1559 2932
1563 2376
1564 2644
1564 2972
1565 2292
1566 1813
1568 1954
1569 2021
1571 2203
1572 2554
1573 2173
1574 2038
1575 2123
1576 1646
1582 2094
1582 2342
1584 2145
1586 2686
1588 2758
1589 2902
1590 2700
1592 1885
1593 2303
1593 1936
1596 2850
1598 2115
1599 2088
1601 2983
1604 1622
1606 1643
1607 2284
1611 1917
1611 2983
1613 2172
1617 1857
1618 1813
1620 2248
1621 2957
1623 2615
1624 1774
1626 2275
1626 2579
1626 2169
1629 2829
1630 2394
1631 2226
1632 2848
1634 2328
1634 2411
1634 2004
1641 2432
1642 2116
1646 2141
1647 1886
1648 2531
1649 2573
1655 2732
1658 2644
1659 2453
1660 2015
1661 1908
1661 2232
1661 2210
1662 2157
1664 2981
1670 2973
1673 2164
1675 2649
1678 2818
1680 2238
1682 2513
1683 2201
1689 2148
1690 1799
1691 2326
1695 2849
1697 2226
1698 2487
1698 1982
1700 2880
1703 2900
1707 1914
1709 2597
1710 2512
1710 1991
1712 2573
1714 2808
1715 2470
1718 2240
1726 2453
1726 2619
1726 1964
1727 2275
1728 2156
1731 2508
1734 2453
1736 2889
1737 2222
1738 2150
1739 2470
1739 2956
1740 1787
1743 1957
1743 2758
1747 2639
1748 2233
1750 2214
1751 2149
1751 1912
1754 2358
1756 2631
1756 1807
1756 2165
1756 2586
1756 2048
1757 2492
1757 2625
1759 2324
1763 1929
1765 2097
1766 2047
1771 1800
1771 2587
1772 2453
1775 2070
1778 1936
1779 2212
1780 2529
1782 2770
1786 2783
1786 2022
1790 2634
1791 2953
1791 2268
1792 2171
1793 2770
1794 2343
1794 2760
1795 2835
1796 2679
1799 2094
1806 2417
1806 2151
1815 1902
1819 1922
1823 2033
1823 2710
1826 2893
1827 2976
1828 2893
1831 1921
1831 2124
1833 2639
1837 2692
1839 2293
1840 2748
1849 2262
1849 2713
1849 2621
1851 2946
1854 2302
1854 2689
1857 2780
1859 2454
1865 2873
1866 2991
1871 2442
1872 1889
1873 2658
1873 2873
1875 2553
1886 1945
1891 2671
1891 2711
1894 2861
1897 2601
1897 2467
1902 2381
1904 2692
1911 2678
1912 2097
1912 2935
1914 2033
1915 2146
1918 2776
1918 2676
1919 2750
1919 2020
1920 2320
1925 2221
1927 2715
1927 2381
1931 2315
1932 1976
1935 1965
1937 2819
1937 2566
1942 2621
1943 2654
1944 2588
1945 2511
1949 2524
1952 2653
1955 1974
1956 2481
1956 2393
1956 2922
1961 2554
1961 2660
1965 2038
1966 2210
1967 2424
1967 2817
1969 2691
1970 2875
1972 2539
1973 2766
1975 2416
1981 2174
1981 2958
1983 2700
1984 2228
1985 2222
1987 2374
1988 2876
1994 2276
1997 2248
1998 2491
1998 2754
1999 2066
1999 2389
2002 2617
2005 2220
2006 2062
2006 2938
2012 2155
2018 2022
2019 2644
2022 2287
2023 2454
2024 2161
2026 2915
2033 2729
2038 2494
2039 2359
2041 2045
2042 2413
2047 2746
2047 2557
2047 2745
2048 2533
2050 2758
2053 2498
2054 2788
2055 2353
2056 2981
2060 2244
2060 2911
2060 2123
2062 2552
2063 2097
2066 2156
2069 2289
2075 2619
2076 2501
2077 2117
2080 2550
2083 3000
2085 2892
2094 2565
2095 2562
2097 2470
2099 2868
2099 2158
2107 2757
2112 2812
2113 2502
2113 2155
2119 2261
2119 2961
2120 2730
2123 2515
2124 2600
2127 2639
2131 2647
2133 2891
2134 2812
2137 2700
2139 2300
2141 2592
2144 2862
2144 2611
2146 2413
2146 2540
2148 2743
2148 2223
2148 2425
2151 2322
2157 2836
2163 2892
2166 2713
2167 2455
2174 2776
2174 2410
2179 2716
2185 2658
2186 2245
2187 2399
2189 2949
2189 2826
2194 2478
2199 2949
2202 2889
2207 2334
2208 2807
2209 2942
2218 2853
2219 2374
2239 2460
2245 2877
2248 2565
2248 2537
2249 2913
2255 2868
2255 2795
2258 2907
2259 2695
2270 2645
2272 2350
2273 2296
2275 2505
2276 2470
2277 2478
2283 2652
2296 2423
2299 2691
2308 2511
2310 2561
2310 2478
2310 2842
2310 2484
2313 2486
2316 2447
2324 2548
2328 2380
2331 2527
2332 2551
2334 2470
2334 2409
2334 2555
2346 2949
2354 2776
2359 2666
2361 2770
2365 2637
2367 2408
2371 2536
2374 2626
2379 2796
2383 2589
2383 2833
2383 2457
2390 2619
2397 2418
2397 2485
2424 2872
2436 2687
2450 2903
2458 2999
2459 2904
2459 2464
2464 2750
2466 2905
2469 2958
2476 2988
2481 2607
2481 2797
2499 2736
2506 2982
2509 2903
2510 2674
2510 2826
2512 2702
2514 2635
2515 2540
2518 2815
2523 2783
2527 2925
2532 2706
2532 2974
2538 2927
2544 2699
2554 2820
2565 2631
2568 2678
2575 2955
2584 2948
2590 2804
2592 2709
2592 2628
2594 2885
2600 2751
2606 2807
2612 2781
2616 2846
2625 2922
2625 2632
2628 2974
2635 2639
2646 2780
2648 2660
2653 2661
2655 2725
2659 2891
2661 2904
2661 2924
2670 2888
2691 2863
2695 2951
2703 2863
2706 2862
2725 2801
2742 2765
2743 2770
2744 2794
2749 2823
2749 2795
2750 2886
2751 2902
2760 2770
2779 2850
2779 2960
2784 2899
2785 2968
2796 2935
2812 2967
2814 2971
2861 2959
2868 2879
2870 2997
2885 2958
2908 2967
2910 2931
2960 2985
