3000 1500
1274 1326
301 1839
565 2672
1380 2246
2406 2499
2794 2989
30 1237
1591 2551
393 651
255 1175
173 992
1644 2678
540 1051
1736 2272
2014 2482
972 1238
139 748
802 912
398 1762
1310 1727
826 2846
911 1084
1121 1302
596 1337
486 2490
1580 2877
1633 2803
965 2344
1391 1549
1385 1389
2307 2338
29 1612
237 2544
228 1821
1199 2138
1403 2462
1521 1780
1347 2710
167 2485
1041 1063
109 2889
37 569
2480 2796
1504 1992
105 560
38 2456
1226 2276
2597 2792
866 2644
394 699
1367 1614
958 2461
2805 2857
2301 2915
1401 1575
1400 2550
2371 2601
923 1313
2911 2960
558 1300
932 1892
1122 1378
1120 2766
1095 1806
68 920
887 1740
2698 2708
41 2623
1514 2018
2026 2953
840 1436
1101 2523
1444 2188
1530 1999
554 2619
431 2930
1370 1866
197 368
89 1100
796 1450
347 1889
166 645
372 750
2015 2017
2034 2970
1311 2575
382 534
59 2919
603 2525
1368 1424
1771 2452
1379 2602
2579 2625
480 2130
2123 2202
631 2070
1695 2578
328 2032
2275 2744
2180 2363
78 285
1857 1938
2663 2861
335 1640
902 2016
559 2925
1442 1472
266 457
22 771
2192 2458
1983 2464
432 1572
1269 1809
636 1753
1995 2932
473 2778
85 2553
1639 2510
119 968
65 997
1415 1719
789 2870
1356 2343
602 649
1396 2007
1236 1609
1346 2909
1329 2856
1569 2163
1263 1333
931 1763
2474 2943
788 1225
929 935
721 2712
1161 1672
1288 2679
874 1471
886 1216
959 2252
2322 2944
1683 2283
2798 2873
857 1832
1767 2807
1127 2101
689 2104
1972 2916
366 776
1283 1567
1726 2402
214 2341
1110 1495
914 2752
670 814
349 2565
1796 2582
312 697
219 240
1452 1460
708 1191
2328 2820
151 2851
1730 2493
1643 2079
1293 1966
1405 2961
2477 2921
2119 2947
211 1934
720 728
1087 2248
2591 2942
829 2212
148 1734
1616 2628
564 2323
1107 1933
1564 2437
1448 1588
1598 2170
800 2864
1617 2040
48 2442
1921 2302
1871 2859
218 1169
1550 1757
88 2600
281 700
1267 1697
154 2316
376 2249
794 2762
1271 1295
1729 2747
423 905
1094 1338
510 909
308 1942
1019 1954
1987 2903
31 910
329 2559
83 548
408 2065
36 472
1708 2822
1018 2753
578 1923
1752 2074
419 2610
153 913
1488 2827
1059 1738
584 1365
544 1149
777 2290
1223 2785
629 963
710 808
656 2823
2413 2880
2028 2660
2489 2875
2049 2948
299 2521
2533 2652
797 1077
242 675
1554 1959
938 1690
915 1069
919 2351
2393 2614
573 2537
891 2783
749 2699
244 491
1304 1560
456 2073
71 1853
444 2364
322 2258
2680 2684
541 984
621 1996
1014 2336
351 860
843 1700
561 1493
43 2141
195 2418
1674 1893
1699 2969
791 2183
1805 1904
530 1770
1179 2036
635 740
418 2203
822 1878
421 551
2717 2988
2241 2879
1202 2693
274 1291
746 1924
168 1130
2538 2842
1441 2157
976 1154
861 2256
1315 2426
2231 2956
1979 2326
165 566
238 2622
234 2773
1413 2890
605 2271
1085 1447
1245 2259
226 1722
373 609
276 676
196 567
1439 2209
265 666
1005 2133
571 709
438 594
141 716
581 2071
1459 2160
1455 1515
1418 2042
1527 1540
1724 2234
375 1148
40 1981
2117 2165
1647 2661
1330 1785
2003 2408
97 1096
220 1804
1723 2390
1259 2255
671 1676
235 508
1969 2122
86 1696
730 1618
1825 2379
2369 2888
570 582
521 577
420 674
210 2936
1787 2797
330 2852
1152 2286
396 2653
1134 1864
257 2085
783 2689
157 2901
446 1692
286 2377
1849 1931
881 1131
435 1984
1663 2451
1071 2310
207 1976
742 908
2737 2779
1668 2650
507 1306
812 2994
484 1817
1395 2528
642 1207
2824 2905
66 1834
1461 2887
429 2411
1079 1739
1533 2992
316 404
1177 2984
1897 2636
1546 1655
1138 2318
170 880
696 1484
1217 2876
132 359
1479 2733
463 724
440 1235
470 2569
585 1324
506 1180
2391 2734
1944 2194
583 1808
664 1653
532 2257
323 2263
1327 2491
61 2900
443 1361
1882 2978
1510 1794
1681 2844
729 2397
498 2501
1963 2041
159 1494
1049 2115
1299 1732
1357 1593
673 2883
436 2116
1876 2274
1840 2729
994 1397
224 1070
785 2306
60 855
1790 2090
481 848
2189 2361
1066 2670
354 1301
483 2089
690 2010
1417 2375
1765 2298
2380 2571
1783 1943
1141 2476
303 1340
677 2112
152 1058
365 2105
130 1305
572 2404
1298 1901
2443 2483
768 1412
1112 1222
217 2886
844 1407
77 102
271 1810
1960 1998
19 2986
2360 2871
568 2676
215 2143
1585 2694
1759 2767
1186 1822
1265 1557
525 1667
667 1342
988 2331
682 1013
259 1813
1487 2838
412 743
663 2311
439 468
1197 2855
1577 1684
515 1860
1925 2776
901 2075
55 563
579 1386
317 2289
213 511
1144 1509
57 114
45 405
1648 2768
384 774
632 1928
288 1709
719 1258
187 494
248 1264
928 1926
626 2607
537 1775
1791 2789
2467 2843
614 1586
1054 1858
764 2168
233 1894
17 1861
1872 2261
300 1166
514 717
1637 2214
263 726
1535 2166
1654 2532
847 1420
1425 2300
254 2977
1778 2603
155 1314
695 2719
116 1731
616 2691
841 1089
684 2337
1188 2099
658 1116
184 2774
1109 2709
832 2172
1080 1599
1930 2858
1824 2053
279 1470
361 2177
1760 2526
1268 2738
922 2330
334 2834
692 2542
1164 1863
871 1610
7 2359
326 1932
1758 2229
597 2920
894 1486
2484 2598
1255 1348
2621 2832
2140 2150
82 1836
941 2586
1562 2704
1393 2746
2058 2611
1502 2918
851 1007
1555 2786
32 2630
760 2057
58 2539
718 1911
1321 2210
115 943
2745 2917
1254 2830
1927 2513
298 2907
147 1951
618 2997
546 1431
181 781
2027 2902
502 2148
454 939
845 2896
1159 2268
16 304
1410 1886
2206 2616
1714 1888
127 2242
490 1248
113 1261
687 2430
389 2593
630 2835
179 2145
1842 2424
2068 2358
402 1256
2368 2884
67 2434
505 2022
1561 1623
1982 2848
124 1512
949 1366
1774 2791
1167 2262
1240 2332
1957 2238
305 397
898 2748
2002 2654
1320 1430
169 1820
2706 2892
1492 2854
1350 2850
821 2649
2051 2817
1720 2568
28 2869
1363 2825
1053 1845
128 2169
342 1195
691 1083
1657 2633
962 1025
12 1176
711 805
608 2253
819 2702
1331 2239
650 2515
1445 2606
552 1571
2009 2648
2545 2771
1064 2240
517 1433
290 2473
1108 2697
501 2922
1856 2590
81 2973
409 2924
580 856
310 1935
206 2223
858 1883
2067 2486
96 1008
33 2529
145 1538
369 2106
4 1190
344 1375
2097 2136
407 1952
1020 2561
1160 1552
459 2673
1855 2459
998 1081
652 1118
1075 1184
2441 2933
485 1126
758 955
246 2421
178 2366
1491 2941
392 489
607 2400
1636 1638
1885 2608
778 2367
543 2235
39 752
619 2230
2596 2964
294 2927
331 371
140 1328
1067 1867
200 970
1745 2605
1658 1899
786 2384
24 600
2667 2736
190 2847
727 2972
556 2187
241 1092
98 1043
591 1241
657 2355
595 1211
961 2995
363 416
2060 2594
1848 2674
478 811
536 2595
990 2765
1398 2968
610 1232
225 338
601 1641
1721 2346
35 1266
332 2535
377 737
270 2560
945 2735
879 2524
807 1373
2352 2450
694 1432
624 2419
2754 2987
1524 2038
2081 2895
175 643
665 2722
79 526
1801 2468
1978 2365
1284 1539
292 1285
205 1137
852 1622
2164 2906
1627 2701
93 1835
121 356
160 613
1798 2519
1664 2439
2191 2221
732 1449
1819 2349
1037 2054
390 2508
1033 2465
509 622
1374 1446
586 842
2025 2050
362 688
482 1278
2497 2799
705 1701
1390 2743
937 1980
1171 1881
1675 1680
84 1884
125 753
981 1986
2556 2826
751 2957
1253 2975
1715 2740
1958 2647
868 2495
767 2592
2088 2613
1344 2195
1916 2506
735 2990
2159 2758
1419 1816
1136 1613
201 761
1277 1323
495 1467
260 1341
707 2555
1251 2124
144 1129
612 1234
598 1336
1776 2998
1345 2137
639 2011
2152 2382
1091 1619
704 944
15 2677
2181 2939
759 2686
1716 2839
903 1913
18 2688
1568 2037
202 410
553 896
2013 2573
1135 2155
101 2313
620 806
825 946
1483 1706
1364 1754
275 1827
258 346
267 2646
927 2247
8 1977
1376 1584
352 2052
2244 2828
2144 2475
118 1476
1162 1777
1481 1902
615 1873
503 2220
2285 2865
1686 2685
647 1038
107 1029
820 2399
112 2312
52 2410
1139 2264
11 2000
1275 2570
1090 1212
637 2812
593 1165
1490 2350
1615 2759
172 1437
236 1421
1229 2580
2303 2723
895 1279
1312 2205
1544 2182
893 1434
1846 2520
1282 2563
94 182
1968 1993
539 1737
164 1531
302 1910
1104 2269
590 736
479 1048
523 2552
519 712
10 2412
1755 2086
1292 2096
661 1964
378 1001
1050 1659
769 2814
289 1948
917 2154
364 550
1200 1725
403 1789
1478 2572
948 1360
133 653
417 1989
2599 2604
1536 1795
110 117
1678 2373
533 2923
1358 2548
1047 1603
1595 2640
1317 2632
1006 1607
934 1847
162 693
952 2804
177 1761
469 966
1125 2174
1262 2966
810 2836
1851 2952
1920 2557
104 2005
1859 2583
2470 2965
1201 2433
2354 2790
14 2498
801 2728
995 1547
188 1747
1086 1814
449 1522
1473 1994
497 2502
575 1518
1243 1797
1060 1941
296 2448
681 2030
1451 2091
1828 2981
345 1815
1454 2511
725 1807
20 1875
161 273
2280 2818
221 324
1194 1239
2333 2415
194 1273
878 2845
54 1909
862 2082
451 907
1733 1903
522 1196
1163 1372
136 2472
2066 2457
452 1811
611 2558
1534 2080
804 2463
1971 2197
1423 1574
991 1917
106 2692
1520 2446
1221 1741
996 2031
1705 2577
1132 2715
951 2374
135 1559
1042 2641
883 2913
892 1915
122 1625
229 668
51 1830
2092 2320
156 2935
2479 2500
249 353
99 823
542 755
231 2062
340 1294
23 455
793 1685
1768 2381
513 993
1073 1181
72 204
2245 2454
370 2750
1508 2161
1102 1244
1628 2980
142 268
1698 2815
512 2281
13 648
1973 2376
1035 2093
1219 1276
987 1793
1205 1606
2801 2878
185 2044
828 838
873 989
131 1435
803 2996
627 1113
1788 2048
1316 2763
978 2853
834 853
930 2547
1072 1319
1918 2279
1218 2950
126 2609
2175 2200
336 1170
890 1693
683 2297
1947 2867
1800 2668
1735 2422
406 1351
1022 1354
1513 2760
1498 2631
731 918
1649 1717
1629 2153
557 1003
203 1786
818 2584
798 2755
325 2831
1764 2233
1209 1831
969 1032
809 2885
385 1691
319 434
230 2162
1247 1426
1743 2682
933 1150
1501 2739
714 2396
877 1865
1453 1652
143 1497
1220 1566
2522 2769
476 1377
69 1956
592 2146
189 1204
824 2389
1371 2787
1189 2481
1602 1896
1962 2288
348 2954
253 2945
192 1474
528 1343
1155 1850
790 2103
492 1506
2020 2414
313 2294
516 2128
2417 2724
925 2821
2669 2716
1689 2250
869 2517
146 208
383 1203
1172 2940
956 2004
272 2540
1626 2329
974 2403
999 2725
2193 2705
846 2217
1404 2810
2270 2659
1369 1620
100 1646
1215 2236
527 816
314 672
1773 2118
884 1462
2043 2882
1687 2460
979 2782
2149 2899
1173 2095
1596 2198
1124 1156
50 1766
520 2618
400 2293
1517 1532
251 889
1010 2976
437 1802
2938 2951
1187 1742
414 2084
374 2914
936 1751
839 2721
341 638
216 2184
1601 2784
137 2714
1002 2455
1500 2094
499 2392
604 1133
453 555
1157 1611
2061 2655
6 2904
2315 2428
1862 2711
1082 2111
1332 1728
2023 2219
2781 2837
1335 2147
426 1662
62 562
2208 2566
983 1961
56 1799
1151 1428
2179 2624
108 1208
425 1818
813 1634
1178 1912
921 1990
831 1953
1551 2651
1334 1750
1111 2761
462 1183
1099 2378
293 2808
1352 1660
239 1525
1879 2983
1031 1870
223 2190
904 1505
360 2546
1677 2102
770 2072
975 1012
660 1940
1103 2775
2504 2639
2564 2690
2340 2982
357 2167
180 2471
756 1355
986 1143
703 1349
350 2802
625 2741
282 2518
311 1004
1466 2045
888 2971
1061 1587
1388 2507
95 827
2059 2266
1605 2770
850 2077
1907 2662
138 2222
1147 1482
1246 2135
1250 2254
1779 2634
1749 1937
391 2114
91 2267
779 1621
388 833
787 1970
854 1880
2431 2681
1507 2296
278 1046
782 1748
245 640
2321 2549
701 1823
1438 2727
424 2039
74 1252
103 2627
1249 2567
320 1838
287 1661
1464 2046
422 1297
757 2370
227 1387
1565 1869
1224 1576
518 1679
1914 2139
1713 2643
2749 2860
70 212
1631 2874
496 2800
549 2726
264 2185
1074 2813
2171 2186
2215 2372
34 2109
680 2629
262 1707
63 186
1563 1670
795 2881
25 1242
1039 2158
2251 2946
1965 2588
971 1650
1458 2937
954 1826
1158 2910
1712 2035
859 1939
450 2265
1093 1468
1843 2720
493 2492
1548 2277
574 1168
1322 1556
1669 1929
1519 1841
659 2151
633 1604
2024 2098
872 1477
2496 2731
2427 2897
379 641
411 1905
1854 2626
80 2974
2308 2387
21 2021
1146 1227
2806 2929
1052 1974
538 1573
916 1296
739 2008
1097 1307
1198 2707
1024 1359
980 1581
524 2204
269 2243
1906 1975
2657 2963
772 2949
1119 2764
775 1642
628 1480
762 1214
1844 2530
545 2793
885 2224
1769 2127
467 2730
465 2132
655 715
9 1772
1592 2696
1792 1967
587 2386
1485 2304
1703 2383
1 1624
2541 2993
318 1416
745 1632
763 2211
1868 2757
1017 1044
174 504
686 2113
1193 2438
386 1406
792 1456
765 1210
413 1545
766 1174
617 2134
977 985
835 2213
471 2574
458 2226
2201 2385
1381 2466
1021 1665
1015 1362
654 2811
380 442
1339 2505
1309 2891
1744 2819
738 2401
1142 2076
430 973
1666 2756
900 1496
2642 2742
2129 2931
747 2751
2324 2432
1443 2683
1688 2142
199 1570
367 2615
149 1718
297 2407
1384 2898
870 2305
1140 1900
2019 3000
1016 1955
176 1600
1558 2912
90 1231
2216 2503
733 2420
42 2423
2125 2357
387 1230
1852 2985
1422 1711
277 2447
2388 2587
2314 2409
1890 2868
415 1185
698 1128
1579 2863
2348 2816
589 1895
1429 1463
474 1499
2780 2967
1682 2317
47 2335
358 2227
940 2732
634 2131
2509 2589
1076 2772
64 1228
1115 2620
111 2126
867 1286
1213 1694
445 1068
2658 2833
744 1746
447 1114
723 1543
1065 1837
741 2908
947 2110
75 1098
1287 2295
150 1537
73 1991
477 1523
926 2581
222 1153
899 2829
606 2347
295 1402
46 1192
2512 2612
876 2436
2637 2872
307 967
280 950
1057 2893
849 1781
428 2425
685 2841
942 2237
27 1034
44 2435
2291 2356
3 2928
1922 2675
381 1833
309 1399
2006 2494
1812 1985
1891 2278
669 924
754 882
1597 2325
953 2260
76 1578
1055 2536
1040 1590
1645 2487
1919 2232
250 2108
5 1145
2078 2225
53 2991
2069 2176
644 2449
1553 2934
171 1671
588 1056
1182 2469
897 1582
799 1541
191 1950
26 1325
1936 2527
123 1635
576 1877
401 713
488 2029
2516 2958
784 2665
283 1516
337 1078
1392 1803
247 1270
399 500
1088 2788
339 2292
1353 2979
623 2087
1469 2107
863 1394
1411 2840
1281 2056
158 1233
2664 2955
1260 1704
780 2299
1023 1123
306 2645
209 906
355 2012
2063 2064
1440 2695
1382 2345
2576 2999
291 836
2440 2666
327 2416
232 2327
1656 2849
134 1383
284 1062
2554 2687
722 1782
193 1289
1117 1408
1887 2638
183 2178
2342 2809
315 2562
1542 1673
837 1475
487 2445
2395 2671
461 2429
1206 1988
2055 2199
87 646
2353 2795
448 1528
120 2894
460 864
163 2218
679 1280
982 1583
2207 2862
1036 2228
535 1946
678 1702
702 2962
252 547
960 1945
1526 2585
1011 2405
243 1630
1257 1414
957 2959
433 2284
2100 2713
1608 2287
531 2334
1290 1303
1529 2488
1465 1829
343 1874
599 2617
865 2444
261 1511
198 817
92 427
1272 2309
466 2703
2 2339
1589 1756
1027 2398
529 2121
1106 2282
256 2866
1105 1908
734 2001
773 1026
441 2273
1427 2453
464 1997
321 1045
49 1489
2083 2120
2394 2656
1949 2534
1710 2777
1318 2173
2543 2635
333 875
1651 2319
2531 2926
662 2362
815 1409
475 1898
395 706
964 2700
1594 1784
1028 2047
830 1308
1457 2718
1030 2156
1009 2033
1503 2196
129 2514
1000 2478
