3000 2448
1 60
2 92
3 2554
3 2992
4 203
4 362
4 699
4 1153
4 1852
4 1909
4 1912
4 2477
4 2604
4 2994
5 27
5 1659
5 1682
5 2002
7 1327
9 1395
9 1897
9 2186
10 804
10 2597
12 2484
13 1522
13 1573
14 533
14 1832
15 93
16 930
16 1065
17 1443
18 352
18 1863
19 1194
19 1324
19 2152
22 2987
24 207
24 393
25 180
25 579
26 56
26 880
26 1979
27 67
28 1035
29 1677
31 2640
31 2971
32 562
34 1837
34 2862
36 1079
36 1476
36 1913
36 2449
37 2360
38 2524
38 2730
39 326
39 2129
40 2437
42 1038
42 2073
43 612
43 1272
43 2621
44 151
46 1927
47 503
47 680
47 2042
48 470
48 2757
49 744
50 595
51 1295
51 2942
52 1310
53 683
53 2146
54 1896
54 2112
54 2865
56 2763
57 1325
57 2881
58 1106
58 1983
58 2044
58 2981
59 1061
59 1424
59 2345
60 114
62 606
63 365
64 2281
65 1573
66 662
67 1159
67 1700
67 1783
67 2333
68 1990
69 272
69 2280
71 1009
71 1503
71 2030
71 2915
73 302
73 1822
74 786
74 1237
75 2710
76 2430
76 2515
77 450
77 903
78 1323
80 2288
80 2397
80 2630
80 2701
81 2331
84 794
84 2071
84 2384
84 2700
85 676
85 2055
88 1941
89 552
89 1901
90 869
90 1307
90 1626
91 2033
91 2772
92 827
92 1014
92 1137
92 1822
92 2433
94 202
95 978
97 368
97 495
98 279
98 626
98 1297
99 941
99 2081
100 331
100 1001
100 1265
100 1816
101 2425
102 1376
103 1962
103 2293
103 2673
105 1636
107 2353
108 507
109 628
109 1339
109 1768
111 743
111 2598
113 123
115 934
115 1975
116 1255
116 2500
117 2176
117 2264
118 405
119 1951
120 1774
121 1960
122 959
122 2158
122 2199
122 2740
124 728
124 1748
125 1484
125 2150
126 606
126 1260
126 1490
127 132
127 595
128 822
129 517
129 1732
129 2596
130 727
132 881
133 474
133 1010
134 489
136 941
137 2031
137 2550
138 2784
139 1321
140 2073
141 645
141 652
141 980
141 1050
141 1137
141 1334
141 1401
141 1778
141 2376
142 249
142 2720
143 1594
143 1615
145 1693
146 707
146 1317
149 2433
149 2670
150 710
150 1528
151 789
151 1332
151 1971
152 1568
153 653
153 1212
154 863
155 431
156 688
156 1775
156 1907
157 1236
158 1525
158 1967
158 2071
159 2944
160 1337
161 228
162 1989
163 1535
163 2806
163 2955
166 2905
167 1076
168 248
168 2536
169 1811
169 2834
170 764
170 2657
171 1857
173 267
173 2258
173 2799
174 919
174 2696
175 1293
175 1960
176 2309
176 2799
177 1480
178 2163
179 2419
180 2878
181 476
181 670
181 1251
181 1293
181 2422
182 1857
183 374
183 1490
185 2432
186 810
188 931
188 1205
189 2471
191 274
192 2094
192 2941
193 907
194 558
194 2030
194 2916
195 1665
196 702
198 1039
200 2913
201 2345
202 2319
202 2887
203 2467
204 1878
205 2764
206 386
207 2546
209 263
209 1684
209 2702
210 224
210 438
210 2366
210 2747
211 1692
211 2341
214 2402
215 2744
216 1304
216 1842
219 228
219 1461
220 1112
220 1677
221 375
221 961
224 897
224 2281
227 2004
228 499
228 544
228 612
228 859
229 1883
229 2180
230 972
231 2310
232 925
232 1764
233 1784
233 1941
234 581
235 507
235 2325
238 893
238 1355
238 2428
239 2902
240 1213
242 758
242 1700
243 1958
244 1776
244 2685
245 1086
245 2177
246 332
247 764
247 774
248 2239
249 506
250 1865
250 2286
251 2687
252 1163
252 2483
253 363
253 443
253 1087
253 2017
253 2115
254 774
254 1082
256 2928
257 709
257 2273
257 2655
259 636
260 1594
260 2244
262 1730
263 832
263 1295
263 1318
263 2054
264 1331
264 2626
265 680
265 1262
265 1814
266 1055
267 1040
268 2421
269 323
270 2950
271 2523
271 2853
272 600
272 1454
272 1609
273 876
273 1978
275 2116
275 2878
276 2385
276 2640
277 1248
277 2279
278 769
278 1091
278 1289
279 2819
280 2763
281 2399
283 1090
283 1636
283 2991
284 526
284 973
284 2078
285 591
285 2842
286 493
286 707
286 1038
286 1121
288 1810
289 1706
290 1237
290 1402
291 1793
293 1766
295 796
295 2998
296 863
296 2198
298 669
298 943
298 1093
299 1962
299 2806
301 2001
302 778
302 815
302 1727
304 1663
304 2397
305 416
305 2478
305 2829
307 1989
307 2576
309 1345
309 1875
311 1354
312 2100
313 2631
313 2829
314 1691
316 585
316 1865
318 526
319 493
319 2155
319 2568
320 1528
321 1381
321 2841
322 787
322 2098
322 2570
323 1908
323 2152
323 2412
324 2038
324 2302
325 2658
326 2527
328 1514
328 1878
329 374
329 1166
330 1733
332 590
332 1912
333 1573
333 2425
334 1277
335 2813
336 403
336 654
336 2335
337 444
337 2308
339 1961
340 2483
340 2543
342 1967
342 2229
342 2330
343 1729
343 2445
344 910
347 746
348 1678
349 807
349 1404
349 1703
350 792
350 974
350 2077
351 795
351 2364
352 832
352 1459
352 2017
353 1552
353 2739
354 858
354 1767
355 1259
356 938
357 707
357 2501
358 413
360 940
360 1092
361 1992
362 2531
362 2926
364 880
367 2444
368 1097
368 2371
368 2843
371 426
371 1200
371 1699
372 2141
374 694
374 1251
375 1026
375 1378
376 1638
377 1693
378 1975
378 2364
379 1395
379 2262
380 1510
380 2566
382 414
382 1889
382 2030
382 2574
384 443
384 1328
385 619
385 632
385 982
385 1800
386 744
389 2273
389 2447
390 1316
391 2177
393 1016
393 2760
394 2385
395 972
395 1533
396 654
396 1895
397 1440
397 1559
398 1358
398 2285
399 1296
399 1766
400 1971
400 2268
401 407
402 1280
402 2798
403 2821
404 960
404 1763
404 1964
405 1366
406 533
406 713
406 729
407 948
407 1341
408 2106
409 1146
409 2334
409 2941
411 1164
411 1288
413 554
414 2757
416 1245
416 1922
416 2144
417 2186
417 2757
418 2101
419 2427
423 655
423 1788
423 2431
426 1713
427 767
427 875
427 1055
427 2049
427 2998
428 2647
429 1653
429 2194
432 1455
433 2428
434 1134
436 1060
436 1407
437 2423
438 2216
440 1215
441 746
441 1563
442 585
442 807
442 880
444 1273
444 2950
447 1032
447 2011
448 1610
449 1215
450 1706
451 1093
452 1962
454 1739
455 2122
455 2423
455 2979
457 1858
459 1822
461 1268
461 2821
462 1419
462 2590
463 1728
464 1531
465 2949
466 1227
466 2129
466 2791
467 2180
468 1536
469 2040
469 2410
472 1621
472 1837
474 1967
474 2413
474 2448
474 2808
475 2582
476 796
476 1370
477 808
478 2032
479 1804
480 2437
481 1419
481 2521
483 565
483 1711
485 1953
485 2339
488 989
488 1659
488 2215
489 820
489 2082
489 2093
490 1758
491 1936
492 1298
492 1879
493 2482
494 866
496 2129
497 1886
497 2124
498 2535
500 2330
500 2710
503 2070
504 1299
504 1730
504 2026
504 2486
504 2878
505 2077
505 2885
506 2343
507 1174
507 2578
508 2027
508 2614
508 2897
508 2971
509 911
509 1674
509 1955
510 1194
510 2323
511 543
513 1462
514 1279
514 1526
515 2056
515 2361
516 1064
516 1772
517 941
517 2561
517 2585
518 867
520 1122
521 2854
522 2401
523 585
523 1904
524 870
525 599
525 681
526 986
528 1767
528 2331
529 949
530 1275
531 1285
531 2065
531 2640
531 2707
532 728
532 1229
532 1495
532 2094
533 1597
533 2377
536 2199
537 962
537 1655
537 1853
538 1000
540 1883
541 715
541 2224
542 2147
543 2457
544 2968
546 598
547 1403
547 2846
549 1387
549 1727
550 790
551 837
551 1587
553 1946
553 2274
553 2337
554 1905
555 1346
555 2138
555 2326
556 885
556 1005
557 970
559 1580
561 908
561 1710
561 2691
562 924
563 989
563 2044
564 597
564 1066
564 2064
565 990
566 1754
566 2642
567 1652
569 736
569 971
569 1039
569 1531
569 1941
570 1040
571 700
571 1029
572 1903
572 2405
574 1352
574 1716
575 1197
577 978
578 661
578 735
578 2116
578 2648
579 1199
579 1869
579 2321
579 2578
580 757
580 1319
581 2818
582 1888
583 1869
584 1929
585 882
586 1619
587 2110
588 940
588 1551
588 1693
588 1901
589 884
589 1392
590 1898
590 2770
591 595
591 1006
593 1121
595 823
595 895
595 1929
595 1973
599 834
599 2700
600 1082
603 1563
605 1280
605 1535
606 2882
607 1638
607 1682
612 2201
614 1230
614 2634
617 1674
617 1916
619 700
619 1176
620 2124
620 2315
621 2221
622 791
622 1314
622 2588
623 1184
623 1706
623 2182
623 2211
623 2909
623 2936
625 820
625 941
625 2430
626 2330
629 1038
629 2884
630 2250
630 2765
631 1968
632 1880
632 1964
633 1588
634 1437
639 2663
640 2879
641 2347
642 2759
643 2258
643 2311
643 2738
644 1560
645 1194
645 2071
646 2008
646 2179
647 969
647 974
647 1114
647 2743
649 1176
650 2820
651 1678
652 986
653 2061
653 2489
654 2169
654 2620
655 777
655 2600
656 2496
657 861
657 1840
658 1126
658 1255
658 2158
658 2356
661 663
661 2740
662 1923
665 1294
665 1967
666 784
666 2601
666 2986
667 768
668 781
668 920
669 931
670 2751
671 1272
671 2896
673 1709
675 2061
675 2626
675 2815
675 2959
676 736
676 939
677 848
677 1002
677 1760
677 2265
678 680
678 1693
680 1788
680 2023
681 887
681 1568
682 2206
682 2500
683 875
683 957
683 1978
684 889
685 2100
685 2424
686 687
686 1560
688 877
688 2777
688 2883
689 1519
689 2699
692 1597
692 2539
693 1093
693 2397
693 2465
693 2733
694 1326
694 2872
697 2703
697 2848
697 2894
698 2731
700 2671
701 1315
701 1490
703 1007
704 2289
704 2705
705 1414
705 1636
706 1471
707 1382
707 2703
708 875
708 939
708 1407
708 1883
711 2024
712 2104
713 751
713 1783
714 2081
714 2653
716 1994
716 2001
716 2990
717 1087
717 1303
718 1847
719 2485
720 2975
723 1722
723 2266
725 1542
726 2023
726 2484
726 2973
728 1966
729 2667
730 748
730 2836
734 903
739 1303
741 1323
741 2328
741 2490
741 2973
742 2119
742 2249
742 2300
745 1661
745 2815
746 1990
746 2535
747 2160
747 2475
748 955
748 1025
748 1510
748 2135
748 2571
749 2436
750 2002
750 2116
750 2194
750 2247
752 2350
753 1793
754 1459
756 1463
756 2736
757 1175
757 1228
758 1199
758 1731
759 1084
759 2115
759 2123
761 921
761 1689
761 1725
761 2423
764 1749
764 2946
768 1710
768 2195
768 2343
770 1299
770 1873
771 2602
773 815
773 1813
774 2751
777 2619
779 1391
780 1508
783 2659
785 2892
786 2972
787 1574
789 824
789 2663
790 880
790 1407
790 1817
790 2609
792 2018
793 1034
793 2928
794 2779
795 1730
795 2252
796 1719
796 2416
796 2689
797 1405
797 2886
798 1433
798 2098
798 2121
799 1772
799 2444
800 2039
801 1378
801 1644
802 1222
803 1417
805 885
805 2134
805 2678
806 2003
806 2703
806 2989
807 868
807 1230
807 1847
811 1186
811 1472
811 2810
812 997
812 2693
813 905
813 1786
813 2891
815 1673
816 1870
817 1486
817 2090
818 2739
819 1329
820 2338
823 2562
824 1361
824 1655
824 2730
824 2952
825 1417
825 1715
825 1891
825 2454
825 2619
826 2848
827 2385
829 1241
829 1434
829 2239
830 2470
831 1316
832 992
833 947
833 1424
834 2138
835 2320
836 1698
836 2670
837 1605
837 2089
839 957
839 2869
840 1487
841 2933
843 2999
845 2611
846 2604
846 2867
846 2891
847 2857
848 872
848 1592
849 2128
851 1644
851 2013
851 2625
853 1361
853 1537
853 2111
855 892
855 1805
856 2500
856 2955
857 1222
857 2707
857 2732
858 2016
860 1508
860 2688
863 1649
863 1863
864 2887
866 1944
866 2089
867 904
867 1612
867 2535
868 1110
868 1887
868 2907
871 2487
872 1833
873 1122
873 2049
875 2784
876 1825
878 1818
880 1769
880 2715
881 1660
881 2292
881 2880
882 2385
883 2752
885 897
885 1254
886 1017
886 2418
888 2441
889 1763
890 1356
890 2505
891 911
891 1544
892 911
892 2416
894 1563
894 2216
895 1923
896 1372
896 1954
896 2608
897 1270
897 1659
898 2491
899 1327
899 2488
899 2716
900 1314
902 1103
902 2055
903 1655
903 2811
904 1211
904 1304
904 1928
904 2217
904 2523
906 2770
907 2001
908 1595
909 1002
909 1105
909 1386
910 1568
911 2044
913 1263
915 2939
917 2288
918 1508
918 1693
918 2378
922 2188
922 2203
923 1407
923 2797
924 2395
926 1191
927 1697
929 2516
929 2660
930 1654
931 1834
933 2205
934 1095
934 2411
935 2121
939 2288
939 2544
940 1314
940 2362
943 2901
945 1177
945 2559
945 2679
945 2727
946 1213
946 1677
947 2720
948 2981
949 1657
953 961
953 1244
953 1777
953 1812
954 1335
955 2790
956 1068
956 1898
958 2330
959 2101
959 2459
960 1455
961 1722
961 1787
961 2193
961 2399
962 2195
966 1822
966 2182
966 2625
967 1281
967 2285
967 2661
969 1954
969 2484
970 2017
971 2968
972 1118
973 2502
974 1914
975 2120
976 2180
976 2457
977 1462
978 1975
978 2098
978 2479
979 1238
979 1412
979 1675
980 1529
980 1914
981 1007
981 1780
981 2642
983 1890
984 1682
985 2257
985 2486
986 1599
988 2724
990 1135
991 2007
992 1843
992 2500
993 1234
993 2482
995 1491
996 1161
998 1530
998 2978
999 2388
1000 1145
1000 1184
1001 1485
1002 1247
1003 1530
1004 1599
1007 1206
1007 1675
1009 2380
1010 1139
1011 1460
1011 2650
1012 1199
1012 1500
1012 1614
1013 2136
1013 2403
1014 1325
1014 1807
1015 2592
1017 1325
1017 2999
1018 1349
1018 1599
1020 1864
1021 2191
1021 2570
1024 1422
1024 2873
1025 1601
1026 1251
1026 1495
1026 2000
1026 2169
1029 2166
1030 1198
1030 1733
1030 1753
1031 1893
1031 2270
1032 2004
1032 2588
1033 1228
1033 2843
1035 2508
1037 1272
1037 2392
1038 1767
1038 2087
1039 1635
1039 1636
1039 2500
1041 1625
1041 2799
1042 2470
1042 2979
1043 1697
1044 2706
1045 1355
1045 2841
1045 2889
1046 2110
1047 2488
1047 2869
1049 1078
1049 2127
1049 2996
1052 1455
1052 2244
1053 1723
1053 1749
1053 2382
1055 1501
1055 2201
1056 1626
1056 2009
1058 1162
1059 1181
1059 1988
1060 2599
1064 1339
1065 1931
1065 2180
1068 2169
1068 2579
1069 2938
1071 1589
1072 1843
1072 2717
1074 1583
1074 1731
1076 2524
1078 1264
1078 2043
1080 1982
1080 2762
1081 1136
1082 1456
1082 2034
1082 2302
1083 1607
1083 2140
1083 2287
1083 2563
1084 1765
1084 2058
1087 1355
1087 1512
1088 1703
1088 2236
1090 2879
1092 2200
1093 1744
1096 2369
1097 1321
1099 1351
1099 1746
1100 1551
1100 1818
1100 2714
1101 1188
1101 1804
1101 2892
1102 1107
1102 1589
1102 2086
1102 2846
1103 2174
1104 1273
1104 1424
1107 1261
1108 2938
1113 2612
1114 1263
1117 1400
1117 2449
1118 1769
1121 1201
1122 1864
1122 2456
1123 1806
1124 2289
1126 2812
1126 2985
1127 1798
1127 2154
1135 1405
1135 2423
1135 2787
1136 1188
1137 1670
1138 2165
1140 2354
1141 2928
1148 2832
1149 1649
1153 2823
1157 1984
1159 1303
1159 2605
1161 1838
1163 1497
1163 2218
1165 1207
1165 2709
1166 2684
1167 2332
1171 1517
1171 2244
1172 1281
1172 1805
1173 1208
1173 2189
1174 2692
1175 1247
1176 2961
1178 2126
1179 2559
1180 2247
1180 2439
1180 2932
1183 2236
1183 2350
1185 1515
1186 1700
1186 2446
1187 2251
1187 2537
1188 1419
1190 1521
1191 1475
1191 1725
1192 2195
1192 2814
1193 1592
1193 2907
1194 2931
1197 2548
1198 2076
1199 1729
1200 2021
1201 1217
1204 1722
1205 1899
1205 2496
1206 2593
1206 2749
1207 1322
1209 1472
1209 1608
1209 1713
1209 2966
1210 2651
1211 1388
1211 1603
1211 1693
1213 1693
1218 1817
1220 2952
1224 1931
1225 2223
1225 2529
1227 2380
1227 2742
1228 2624
1229 2421
1232 1930
1233 2793
1234 2142
1238 1407
1238 2289
1241 1759
1242 1334
1244 2547
1248 2697
1250 1978
1251 1535
1251 2601
1253 1733
1254 1550
1255 1768
1255 2425
1255 2558
1256 2218
1256 2325
1256 2536
1257 1730
1259 2222
1261 2929
1264 1611
1264 1737
1265 1903
1265 2006
1266 1669
1267 1689
1269 1852
1269 2907
1269 2923
1270 2922
1272 2955
1273 2986
1274 1659
1274 1734
1275 2115
1276 1880
1276 1978
1279 2104
1280 2837
1281 1957
1281 2332
1282 2275
1288 1293
1291 1869
1292 1366
1292 2253
1292 2613
1292 2631
1293 2276
1294 2447
1294 2637
1295 2573
1296 2819
1297 1633
1298 2075
1298 2585
1305 1371
1308 2284
1309 2672
1311 2621
1312 2424
1313 1484
1315 2439
1316 1471
1317 2144
1318 2054
1318 2437
1318 2736
1319 1456
1322 1475
1324 2594
1324 2866
1325 2794
1326 2633
1327 1837
1328 1657
1328 2573
1328 2855
1332 1424
1334 1500
1337 1723
1338 2720
1339 2277
1341 1534
1341 2549
1343 2145
1344 1505
1344 2564
1346 2279
1350 1591
1351 1632
1354 2085
1355 2765
1355 2855
1356 1788
1357 1838
1357 2964
1358 1412
1358 1764
1360 1483
1362 1840
1363 1431
1366 1467
1367 1604
1368 1374
1368 1505
1368 2153
1369 2360
1372 2858
1373 1740
1374 1443
1374 2638
1375 1716
1376 2668
1377 1845
1377 2250
1380 2103
1380 2653
1381 1711
1381 2053
1382 1697
1383 2536
1384 2034
1384 2268
1385 1580
1385 2810
1387 1761
1390 1454
1390 2559
1391 1896
1391 2348
1391 2894
1393 2074
1394 2009
1394 2541
1397 1492
1397 2168
1398 2381
1399 1787
1399 1843
1402 1503
1403 1871
1406 2816
1407 2817
1408 1490
1408 2357
1409 2316
1409 2649
1411 1529
1411 2045
1411 2668
1412 1512
1412 2790
1413 2392
1414 2426
1415 2869
1417 1761
1420 2379
1421 2228
1422 1861
1424 1591
1424 2441
1425 2121
1425 2299
1428 2488
1429 2424
1430 1777
1431 1537
1433 1855
1433 1909
1433 2863
1434 2331
1435 2048
1437 1590
1438 1793
1438 2585
1438 2893
1439 1776
1440 1472
1441 1704
1442 2419
1443 1961
1444 2171
1444 2319
1445 2448
1445 2658
1446 2067
1448 1481
1449 1817
1450 1467
1452 1957
1452 2610
1454 1510
1454 1912
1454 2020
1455 1868
1458 1679
1458 2306
1461 2621
1464 2896
1466 2502
1467 2080
1470 1542
1471 2141
1471 2391
1471 2850
1472 1977
1474 2154
1474 2483
1476 1865
1476 2278
1477 1606
1478 1617
1478 1861
1479 2082
1481 1750
1481 2214
1487 2062
1487 2630
1487 2730
1488 2398
1488 2447
1488 2673
1488 2920
1489 1656
1489 2827
1490 1616
1494 2049
1494 2160
1494 2321
1496 1826
1497 1656
1498 2512
1499 2552
1506 2061
1506 2776
1509 1940
1516 2561
1517 2259
1518 1839
1520 1774
1520 2165
1521 2684
1524 2352
1527 1707
1527 2249
1527 2402
1529 1678
1533 1688
1535 1958
1535 2222
1539 1923
1539 2509
1540 2364
1541 1868
1541 2093
1541 2428
1541 2668
1543 1933
1543 2973
1546 2525
1546 2831
1551 2457
1551 2686
1552 2302
1555 1728
1555 2941
1556 1717
1557 1875
1557 2572
1563 2123
1564 1760
1566 2017
1566 2975
1568 1690
1568 2530
1568 2952
1569 2734
1570 2706
1570 2884
1570 2965
1571 1648
1571 2853
1573 2202
1575 2192
1575 2318
1576 1632
1579 2602
1580 1759
1580 2653
1580 2825
1581 2531
1583 2006
1583 2693
1585 2642
1586 1669
1586 1921
1586 2761
1588 1795
1588 2192
1589 1959
1589 2715
1590 2804
1593 1912
1593 2101
1594 2974
1596 1796
1596 2423
1598 1865
1600 1627
1600 1969
1600 2418
1601 2824
1604 2804
1605 1638
1607 1811
1607 2057
1608 2419
1609 2413
1610 2947
1611 2351
1617 2940
1618 1878
1621 2311
1621 2526
1621 2888
1622 2226
1622 2516
1624 2002
1624 2296
1624 2464
1626 2014
1626 2118
1627 2945
1628 2410
1629 2706
1630 2590
1632 2004
1634 1736
1637 2356
1639 1730
1641 2296
1642 2122
1645 2952
1646 2365
1647 1886
1647 2735
1648 2141
1648 2702
1649 2290
1650 2576
1652 1658
1652 2661
1658 1849
1658 2465
1659 2808
1660 1775
1660 1814
1663 2837
1663 2939
1664 1958
1664 2329
1667 2143
1667 2407
1667 2823
1669 2007
1669 2919
1671 2773
1681 2809
1682 2375
1683 2930
1686 2953
1694 2508
1694 3000
1695 1734
1695 1951
1696 1817
1699 2142
1700 1832
1701 2226
1703 1838
1703 2389
1707 1873
1708 2121
1708 2326
1708 2705
1709 2908
1715 1806
1715 1937
1716 2229
1716 2921
1718 2952
1718 2966
1719 1749
1722 2241
1723 2279
1728 2045
1728 2088
1728 2535
1728 2892
1729 2158
1732 1992
1737 2096
1737 2351
1737 2771
1738 2184
1739 2477
1739 2908
1740 2071
1740 2414
1740 2646
1740 2858
1742 1813
1744 1905
1744 2068
1749 1935
1751 2211
1751 2621
1752 2727
1752 2777
1759 1908
1762 1851
1762 2190
1763 2423
1764 2314
1766 2894
1773 2204
1775 2009
1777 2309
1777 2719
1777 2923
1778 2394
1778 2983
1779 1848
1780 2223
1781 2454
1785 2350
1786 2611
1789 1889
1789 2001
1789 2642
1791 2537
1792 2459
1792 2688
1793 2161
1794 2262
1795 2436
1797 2238
1798 1900
1799 2317
1802 1859
1802 1952
1803 2019
1803 2990
1805 1871
1805 1997
1809 2505
1811 2143
1812 2122
1812 2726
1812 2978
1816 2215
1817 2516
1819 1864
1819 2330
1820 2903
1824 1956
1826 2401
1828 1956
1831 2363
1834 2334
1834 2338
1835 2664
1836 1908
1836 2229
1836 2663
1837 2062
1840 2693
1842 2779
1845 1920
1845 2080
1848 1975
1848 2875
1849 2094
1851 2499
1851 2641
1852 2009
1854 2209
1854 2366
1856 2051
1859 2133
1860 2231
1860 2839
1862 2176
1862 2557
1863 1943
1863 2040
1865 2829
1870 2864
1871 2659
1875 2095
1879 2768
1879 2891
1889 2462
1889 2991
1890 2388
1890 2623
1894 2081
1900 2106
1905 2420
1909 2748
1911 2271
1911 2633
1912 2749
1912 2969
1913 2284
1914 1927
1914 2784
1917 2827
1918 2666
1919 1948
1920 2160
1920 2320
1925 2476
1925 2625
1930 2101
1935 2114
1938 2709
1940 2073
1940 2112
1940 2725
1944 2107
1944 2565
1949 2655
1955 2786
1957 2558
1957 2868
1959 2585
1962 2406
1962 2763
1964 2239
1965 1994
1967 2896
1969 2176
1969 2472
1969 2754
1969 2870
1971 2865
1972 2668
1973 2964
1974 2586
1975 2984
1976 2131
1976 2142
1977 2462
1985 2413
1986 2545
1988 2743
1990 2282
1990 2680
1992 2669
1993 2369
1994 2482
1996 2005
1998 2427
2000 2059
2002 2802
2002 2858
2005 2373
2005 2933
2009 2377
2009 2389
2012 2070
2014 2395
2016 2520
2018 2697
2019 2392
2022 2178
2022 2328
2023 2296
2023 2991
2029 2250
2030 2136
2033 2305
2037 2049
2041 2284
2042 2094
2043 2375
2044 2586
2044 2637
2046 2106
2047 2195
2050 2701
2051 2370
2053 2319
2057 2824
2062 2849
2063 2141
2063 2221
2064 2723
2065 2761
2066 2655
2067 2193
2067 2321
2068 2495
2069 2679
2071 2193
2071 2372
2079 2286
2081 2803
2083 2188
2085 2199
2088 2781
2090 2491
2094 2305
2094 2982
2096 2430
2097 2497
2101 2707
2102 2927
2104 2246
2105 2342
2105 2989
2107 2520
2108 2723
2109 2777
2110 2148
2110 2533
2111 2966
2111 2974
2112 2808
2114 2868
2120 2598
2122 2181
2122 2196
2122 2447
2123 2697
2123 2770
2124 2498
2126 2408
2127 2912
2130 2307
2132 2760
2133 2586
2134 2402
2135 2293
2136 2495
2137 2278
2137 2918
2140 2206
2140 2867
2142 2316
2143 2222
2145 2458
2146 2884
2149 2304
2151 2916
2155 2826
2157 2345
2158 2273
2162 2455
2164 2229
2164 2745
2165 2267
2165 2950
2166 2268
2166 2465
2168 2186
2168 2775
2169 2236
2170 2618
2171 2985
2176 2747
2177 2815
2178 2278
2185 2363
2186 2611
2187 2372
2191 2973
2192 2204
2192 2517
2194 2988
2198 2595
2199 2862
2201 2531
2211 2456
2211 2918
2212 2514
2212 2803
2212 2920
2221 2386
2221 2471
2222 2765
2226 2866
2228 2930
2234 2361
2236 2244
2236 2830
2238 2273
2239 2835
2240 2735
2245 2889
2246 2795
2247 2620
2249 2875
2251 2984
2253 2832
2253 2919
2255 2538
2256 2452
2257 2517
2260 2914
2261 2353
2261 2498
2262 2541
2264 2765
2265 2868
2270 2947
2272 2902
2273 2289
2273 2523
2276 2335
2278 2367
2278 2725
2279 2435
2282 2362
2282 2930
2284 2423
2287 2316
2287 2471
2287 2694
2288 2963
2289 2773
2292 2577
2303 2365
2304 2367
2312 2857
2315 2534
2317 2444
2321 2685
2324 2956
2327 2609
2329 2396
2330 2526
2330 2895
2334 2976
2337 2566
2339 2483
2341 2680
2342 2504
2344 2818
2347 2862
2349 2722
2351 2402
2352 2820
2352 2950
2355 2690
2362 2530
2371 2600
2374 2747
2384 2393
2385 2846
2387 2494
2391 2759
2393 2432
2397 2565
2398 2628
2400 2552
2400 2827
2400 2875
2411 2740
2417 2931
2418 2966
2432 2935
2434 2848
2441 2947
2442 2957
2448 2748
2448 2911
2449 2505
2450 2735
2453 2633
2454 2568
2455 2801
2457 2710
2457 2989
2464 2736
2469 2474
2476 2740
2477 2874
2479 2640
2479 2804
2481 2686
2482 2501
2484 2943
2488 2643
2490 2981
2492 2649
2495 2521
2495 2535
2495 2585
2498 2721
2499 2507
2504 2813
2505 2841
2508 2771
2510 2731
2513 2730
2514 2726
2517 2732
2522 2861
2525 2696
2526 2767
2529 2620
2530 2744
2532 2906
2533 2740
2535 2570
2535 2836
2538 2934
2540 2658
2540 2874
2550 2938
2552 2967
2555 2759
2555 2873
2560 2820
2563 2919
2571 2588
2580 2612
2583 2603
2587 2691
2588 2995
2598 2936
2598 2985
2613 2623
2619 2625
2622 2823
2624 2831
2627 2768
2632 2643
2635 2847
2635 2921
2637 2940
2641 2781
2642 2772
2645 2746
2648 2956
2657 2726
2661 2764
2666 2684
2677 2970
2684 2780
2705 2912
2707 2784
2714 2784
2728 2866
2731 2806
2747 2800
2792 2831
2800 2894
2811 2853
2813 2830
2817 2915
2820 2886
2823 2831
2839 2867
2840 2981
2843 2898
2876 2908
2931 2986
2935 2984
2961 2992
