3000 10500
1031 1419
1031 2725
1031 2648
1031 2265
1031 1803
1031 1429
1031 963
1419 272
1419 2784
1419 779
1419 985
1419 2181
1419 324
1175 2861
1175 2192
1175 2107
1175 1295
1175 542
1175 1413
1175 2188
2861 84
2861 2536
2861 2296
2861 2899
2861 13
2861 171
2099 2980
2099 687
2099 942
2099 1247
2099 2449
2099 2141
2099 2186
2980 2757
2980 2430
2980 403
2980 2268
2980 2098
2980 577
2591 2688
2591 609
2591 431
2591 2027
2591 844
2591 296
2591 2293
2688 2476
2688 2278
2688 1105
2688 1446
2688 949
2688 75
137 2374
137 1702
137 2054
137 584
137 863
137 810
137 1649
2374 141
2374 2527
2374 2883
2374 2148
2374 1508
2374 1325
605 2479
605 1059
605 2539
605 1643
605 2874
605 251
605 2235
2479 1978
2479 546
2479 16
2479 1247
2479 123
2479 2650
2453 2983
2453 2397
2453 2632
2453 1199
2453 2285
2453 2928
2453 1429
2983 20
2983 2258
2983 2118
2983 2140
2983 1815
2983 2340
1157 2992
1157 1241
1157 2666
1157 1928
1157 2722
1157 2840
1157 1191
2992 49
2992 2427
2992 471
2992 1317
2992 1839
2992 281
551 1196
551 1083
551 111
551 1858
551 1296
551 207
551 2140
1196 901
1196 2194
1196 2867
1196 1382
1196 2474
1196 2654
322 1373
322 2533
322 2884
322 2204
322 343
322 949
322 962
1373 1609
1373 2630
1373 1822
1373 2484
1373 2178
1373 1075
532 2940
532 1695
532 1975
532 2408
532 1908
532 487
532 2571
2940 1251
2940 2013
2940 208
2940 2947
2940 1548
2940 999
1633 2921
1633 734
1633 2608
1633 601
1633 1671
1633 1137
1633 1824
2921 2383
2921 240
2921 1085
2921 566
2921 2902
2921 1891
1501 2536
1501 1109
1501 505
1501 927
1501 146
1501 1013
1501 1305
2536 1666
2536 1749
2536 2174
2536 153
2536 675
509 970
509 193
509 1643
509 2628
509 2253
509 1724
509 984
970 2352
970 2583
970 832
970 2367
970 2681
970 1944
397 2715
397 1849
397 1459
397 2171
397 1621
397 758
397 443
2715 757
2715 690
2715 2770
2715 2249
2715 2073
2715 2427
93 1257
93 2130
93 556
93 2165
93 2396
93 2641
93 2205
1257 2530
1257 477
1257 2078
1257 1649
1257 2447
1257 1886
2526 2680
2526 2461
2526 181
2526 2894
2526 1698
2526 2708
2526 88
2680 887
2680 975
2680 2697
2680 793
2680 992
2680 495
2058 2575
2058 1149
2058 2927
2058 398
2058 287
2058 1139
2058 510
2575 341
2575 1509
2575 2480
2575 2559
2575 2361
2575 1777
372 443
372 99
372 151
372 2012
372 1026
372 944
372 1942
443 2398
443 1043
443 979
443 2648
443 2194
678 1947
678 278
678 1174
678 577
678 1598
678 2589
678 1894
1947 548
1947 356
1947 799
1947 2098
1947 924
1947 1706
447 1260
447 2240
447 1296
447 2334
447 2226
447 926
447 796
1260 2302
1260 228
1260 152
1260 497
1260 2563
1260 1106
1961 2642
1961 2505
1961 1635
1961 827
1961 1989
1961 1368
1961 1423
2642 2132
2642 479
2642 1075
2642 995
2642 642
2642 1463
820 2525
820 2006
820 396
820 1768
820 2186
820 1380
820 583
2525 2409
2525 1404
2525 286
2525 1417
2525 1554
2525 2833
1921 2277
1921 2039
1921 27
1921 606
1921 2692
1921 2802
1921 2434
2277 2304
2277 1127
2277 1941
2277 70
2277 313
2277 826
1389 2187
1389 2972
1389 299
1389 1723
1389 802
1389 1892
1389 1708
2187 366
2187 1165
2187 2556
2187 736
2187 2245
2187 286
1688 2749
1688 2876
1688 87
1688 2338
1688 922
1688 2391
1688 1830
2749 1174
2749 2918
2749 1256
2749 1137
2749 767
2749 461
1702 2647
1702 2079
1702 1442
1702 629
1702 2205
1702 2372
2647 2972
2647 2333
2647 2276
2647 978
2647 7
2647 659
2302 2695
2302 2255
2302 1228
2302 390
2302 1446
2302 446
296 569
296 597
296 1151
296 537
296 1684
296 2787
569 41
569 2112
569 1619
569 996
569 1363
569 2284
1479 2346
1479 1662
1479 857
1479 1492
1479 2078
1479 1866
1479 2278
2346 2528
2346 10
2346 1536
2346 2103
2346 997
2346 2092
1563 2754
1563 1748
1563 539
1563 1747
1563 21
1563 2039
1563 1599
2754 533
2754 1008
2754 2622
2754 1509
2754 2291
2754 2840
587 1684
587 350
587 2829
587 393
587 2771
587 1151
587 1076
1684 710
1684 1162
1684 494
1684 1397
1684 348
707 2769
707 1537
707 2066
707 2741
707 816
707 2603
707 495
2769 589
2769 556
2769 2572
2769 1926
2769 1777
2769 1903
1904 2229
1904 1897
1904 1010
1904 1379
1904 615
1904 549
1904 30
2229 1615
2229 1358
2229 442
2229 140
2229 1854
2229 2336
1376 1844
1376 453
1376 2154
1376 1403
1376 570
1376 882
1376 1315
1844 281
1844 2917
1844 2710
1844 736
1844 1801
1844 2132
715 2364
715 2487
715 2425
715 1115
715 2945
715 89
715 487
2364 596
2364 1105
2364 530
2364 2424
2364 120
2364 1349
73 2631
73 2736
73 2067
73 2678
73 1611
73 679
73 2876
2631 1228
2631 2146
2631 2095
2631 1400
2631 2790
2631 2048
19 2102
19 439
19 2208
19 598
19 721
19 2242
19 750
2102 2862
2102 837
2102 2551
2102 1029
2102 2088
2102 2370
1927 2886
1927 99
1927 1026
1927 1895
1927 539
1927 1570
1927 2035
2886 354
2886 1168
2886 702
2886 1274
2886 285
2886 1624
712 1800
712 115
712 2848
712 210
712 2508
712 2257
712 2368
1800 1413
1800 1124
1800 414
1800 1734
1800 770
1800 2022
1754 2406
1754 2396
1754 2151
1754 710
1754 1580
1754 2996
1754 1425
2406 1498
2406 1694
2406 222
2406 2905
2406 2347
2406 800
185 859
185 1774
185 1767
185 2877
185 1148
185 623
185 238
859 896
859 194
859 672
859 600
859 573
859 2071
1625 2292
1625 2472
1625 2164
1625 135
1625 1901
1625 2922
1625 1051
2292 2286
2292 1737
2292 2033
2292 2334
2292 708
2292 1428
2535 2742
2535 1907
2535 2596
2535 2519
2535 682
2535 493
2535 2615
2742 2828
2742 1282
2742 123
2742 328
2742 529
2742 2620
88 1155
88 1335
88 1336
88 1609
88 685
88 2345
1155 1809
1155 1206
1155 2287
1155 2221
1155 2898
1155 2577
379 1627
379 2202
379 778
379 826
379 2176
379 1010
379 2677
1627 2849
1627 2180
1627 1154
1627 1421
1627 2252
1627 116
353 2621
353 579
353 1747
353 891
353 111
353 1368
353 2774
2621 109
2621 1286
2621 139
2621 845
2621 150
2621 2068
936 2713
936 215
936 1544
936 658
936 2880
936 1423
936 2606
2713 1824
2713 2859
2713 895
2713 855
2713 805
2713 1878
2759 2864
2759 2457
2759 2392
2759 2367
2759 722
2759 2827
2759 1448
2864 816
2864 1025
2864 2014
2864 1955
2864 344
2864 1653
1131 2134
1131 2268
1131 496
1131 1308
1131 1739
1131 2583
1131 2693
2134 1006
2134 564
2134 2819
2134 693
2134 1081
2134 813
1119 2834
1119 2514
1119 2694
1119 2434
1119 847
1119 2492
1119 525
2834 2693
2834 2845
2834 2447
2834 2066
2834 1696
2834 1338
1038 1677
1038 407
1038 1056
1038 1597
1038 2469
1038 2699
1038 1330
1677 414
1677 1351
1677 600
1677 1734
1677 543
1677 92
888 2147
888 2441
888 1946
888 1067
888 607
888 1549
888 127
2147 650
2147 123
2147 254
2147 535
2147 2611
2147 1377
119 1407
119 1024
119 4
119 2546
119 2911
119 753
119 238
1407 327
1407 608
1407 758
1407 923
1407 2241
1407 1385
499 874
499 1366
499 1431
499 986
499 1332
499 1805
499 1497
874 2521
874 1082
874 1638
874 1574
874 423
874 1409
867 1795
867 1689
867 846
867 406
867 2887
867 1159
867 2117
1795 2435
1795 2052
1795 1908
1795 829
1795 1693
1795 915
421 1220
421 2687
421 2675
421 934
421 1974
421 1181
421 1291
1220 1416
1220 2047
1220 287
1220 1814
1220 1884
1220 1997
644 2726
644 1905
644 1022
644 1078
644 1575
644 2307
644 83
2726 2200
2726 2399
2726 1103
2726 2733
2726 97
2726 2792
725 2385
725 717
725 2063
725 531
725 1983
725 2607
725 2771
2385 2366
2385 36
2385 1641
2385 2208
2385 956
2385 1652
64 919
64 1805
64 1002
64 2646
64 1779
64 2994
64 139
919 673
919 1945
919 324
919 2916
919 2150
919 2589
465 1034
465 1388
465 1515
465 2166
465 2847
465 909
465 2763
1034 2373
1034 2122
1034 96
1034 1081
1034 2053
1034 1993
405 983
405 1216
405 2276
405 233
405 2218
405 920
405 1100
983 586
983 1065
983 202
983 2357
983 2818
983 642
1693 2022
1693 2945
1693 449
1693 1917
1693 478
1693 2152
2022 2013
2022 1897
2022 2628
2022 99
2022 1830
1020 1256
1020 12
1020 2048
1020 683
1020 754
1020 931
1020 1945
1256 1164
1256 1450
1256 1622
1256 2460
1256 638
2792 2933
2792 310
2792 2958
2792 1159
2792 2324
2792 2190
2933 2482
2933 156
2933 811
2933 1641
2933 1791
2933 1819
1630 1710
1630 2878
1630 514
1630 2752
1630 1940
1630 2295
1630 1976
1710 2206
1710 1660
1710 2055
1710 2718
1710 1652
1710 780
673 2265
673 616
673 2960
673 1418
673 2541
673 1841
1846 2237
1846 2910
1846 1828
1846 1742
1846 1379
1846 2150
1846 2673
2237 2136
2237 1992
2237 1857
2237 3
2237 833
2237 1556
2137 2709
2137 1180
2137 18
2137 940
2137 2172
2137 230
2137 52
2709 1016
2709 1502
2709 295
2709 1596
2709 887
2709 311
1001 1916
1001 297
1001 1042
1001 630
1001 94
1001 1577
1001 1581
1916 2023
1916 1069
1916 1474
1916 2500
1916 1302
1916 564
20 2917
20 2543
20 1357
20 1053
20 2894
20 2868
221 2973
221 1136
221 1242
221 2020
221 1392
221 455
221 1394
2973 22
2973 2523
2973 2553
2973 2995
2973 1004
2973 2195
314 986
314 1586
314 1722
314 2681
314 408
314 533
314 170
986 2857
986 2094
986 2830
986 1076
986 1309
2878 1579
2878 1409
2878 2773
2878 1541
2878 1938
2878 759
331 2616
331 1186
331 1511
331 930
331 2772
331 2149
331 80
2616 2026
2616 1238
2616 794
2616 2853
2616 2856
2616 1706
1814 2470
1814 2767
1814 1707
1814 738
1814 713
1814 2415
2470 1644
2470 1059
2470 993
2470 2262
2470 1262
2470 2442
1230 2907
1230 2926
1230 1320
1230 1804
1230 2492
1230 588
1230 1195
2907 1560
2907 1057
2907 1111
2907 417
2907 1610
2907 2360
1662 690
1662 686
1662 767
1662 2329
1662 368
1662 1813
1068 1862
1068 2456
1068 2286
1068 862
1068 688
1068 30
1068 1922
1862 434
1862 943
1862 2067
1862 789
1862 2076
1862 1385
536 1035
536 1898
536 1882
536 1487
536 380
536 1049
536 1836
1035 2653
1035 1740
1035 1886
1035 2257
1035 1078
1035 1817
1312 2488
1312 191
1312 2521
1312 938
1312 2563
1312 1864
1312 1318
2488 1217
2488 2331
2488 1374
2488 1757
2488 723
2488 651
261 830
261 627
261 201
261 1297
261 2711
261 1084
261 393
830 329
830 1591
830 860
830 1524
830 2386
830 1881
1085 2031
1085 2534
1085 1172
1085 1211
1085 895
1085 1171
2031 1995
2031 1791
2031 1632
2031 2318
2031 274
2031 2798
1162 1726
1162 467
1162 371
1162 646
1162 149
1162 1133
1726 745
1726 2702
1726 2636
1726 1201
1726 2672
1726 2463
2402 2576
2402 56
2402 2557
2402 1492
2402 2216
2402 941
2402 2329
2576 2085
2576 339
2576 2549
2576 2911
2576 2583
2576 622
60 2503
60 668
60 538
60 2069
60 613
60 1244
60 471
2503 1802
2503 323
2503 1232
2503 25
2503 2717
2503 1856
1935 2881
1935 1748
1935 575
1935 1661
1935 1280
1935 1930
1935 268
2881 388
2881 2862
2881 842
2881 1011
2881 709
2881 206
2305 2414
2305 930
2305 1094
2305 1735
2305 1650
2305 656
2305 1569
2414 1873
2414 1186
2414 1086
2414 305
2414 2455
2414 2824
839 1746
839 113
839 1390
839 1205
839 1004
839 1250
839 2846
1746 1889
1746 1086
1746 1897
1746 940
1746 1562
1746 2268
1174 1736
1174 825
1174 526
1174 290
1174 1110
1736 351
1736 1173
1736 931
1736 2377
1736 1000
1736 2916
219 2001
219 1437
219 632
219 2897
219 1007
219 655
219 2630
2001 106
2001 2635
2001 1838
2001 2504
2001 1757
2001 65
436 2524
436 2935
436 315
436 294
436 2685
436 2719
436 2666
2524 254
2524 2965
2524 295
2524 325
2524 1957
2524 674
981 2324
981 1374
981 346
981 433
981 796
981 2221
981 2692
2324 753
2324 2884
2324 1530
2324 342
2324 2743
1573 1970
1573 972
1573 338
1573 1742
1573 1433
1573 1225
1573 546
1970 790
1970 288
1970 2361
1970 1025
1970 308
1970 608
824 1623
824 690
824 2278
824 2150
824 2632
824 428
824 1808
1623 484
1623 334
1623 1894
1623 2978
1623 576
1623 980
201 412
201 72
201 133
201 522
201 700
201 944
412 310
412 1507
412 1992
412 2779
412 1925
412 2290
294 1357
294 1297
294 672
294 1349
294 2309
294 1435
1357 2750
1357 797
1357 517
1357 2354
1357 1089
1794 2612
1794 998
1794 1855
1794 228
1794 430
1794 475
1794 973
2612 229
2612 2211
2612 339
2612 473
2612 2801
2612 2666
694 2267
694 1895
694 1758
694 2282
694 2655
694 1968
694 897
2267 1350
2267 384
2267 2362
2267 349
2267 176
2267 1064
2268 2890
2268 1535
2268 202
2268 2335
277 407
277 1940
277 384
277 80
277 496
277 2774
277 1720
407 2285
407 1777
407 413
407 171
407 2419
1884 2771
1884 2905
1884 1799
1884 2384
1884 425
1884 2956
2771 2489
2771 2748
2771 2725
2771 1066
2555 2710
2555 511
2555 676
2555 845
2555 626
2555 1928
2555 370
2710 1518
2710 2195
2710 276
2710 1756
2710 1290
1667 2019
1667 1934
1667 834
1667 1580
1667 1152
1667 2823
1667 1579
2019 2813
2019 446
2019 302
2019 1354
2019 84
2019 2342
664 1341
664 475
664 1690
664 65
664 2499
664 1308
664 2104
1341 2196
1341 199
1341 391
1341 1039
1341 2233
1341 106
1832 2086
1832 2866
1832 455
1832 1275
1832 2238
1832 2053
1832 570
2086 1366
2086 1826
2086 800
2086 1184
2086 1384
2086 878
2849 2851
2849 2581
2849 2740
2849 2151
2849 1704
2849 2875
980 1052
980 686
980 1152
980 474
980 8
980 1378
1052 2461
1052 2682
1052 1066
1052 485
1052 109
1052 2721
1281 2212
1281 1906
1281 2339
1281 458
1281 107
1281 2868
1281 26
2212 2239
2212 479
2212 631
2212 95
2212 2633
2212 90
1317 2660
1317 828
1317 1737
1317 2977
1317 1081
1317 2658
2660 654
2660 505
2660 2411
2660 1415
2660 2301
2660 1857
1568 1976
1568 1046
1568 1025
1568 1332
1568 287
1568 2581
1568 1379
1976 1019
1976 2392
1976 550
1976 1902
1976 2676
895 2442
895 594
895 2246
895 1992
895 1036
2442 274
2442 1934
2442 1132
2442 1307
2442 441
976 2101
976 2336
976 1482
976 240
976 1368
976 2355
976 1180
2101 2909
2101 2238
2101 1019
2101 1715
2101 104
2101 1050
2125 2833
2125 1779
2125 2509
2125 174
2125 2185
2125 1654
2125 818
2833 501
2833 1604
2833 2655
2833 125
2833 2433
1614 1863
1614 2720
1614 1472
1614 1100
1614 994
1614 272
1614 628
1863 249
1863 134
1863 844
1863 2298
1863 598
1863 1571
213 1590
213 2416
213 2408
213 1550
213 2762
213 2348
213 848
1590 1250
1590 1276
1590 568
1590 365
1590 1130
1590 304
686 2039
686 2892
686 2122
686 1556
686 2174
2039 1476
2039 2545
2039 963
2039 2016
1033 2083
1033 1526
1033 1226
1033 1060
1033 1125
1033 267
1033 1166
2083 1885
2083 2335
2083 547
2083 1645
2083 2918
2083 1848
1203 1740
1203 2850
1203 1089
1203 2614
1203 1877
1203 1395
1203 283
1740 1095
1740 48
1740 1469
1740 479
1740 858
518 1408
518 2512
518 1763
518 354
518 1699
518 415
518 1737
1408 876
1408 2056
1408 651
1408 1986
1408 2579
1408 1776
463 1472
463 1209
463 650
463 1202
463 1868
463 1432
463 907
1472 2244
1472 370
1472 880
1472 1494
1472 170
1467 1557
1467 1593
1467 1227
1467 2913
1467 2981
1467 1164
1467 1810
1557 571
1557 676
1557 8
1557 685
1557 77
1557 78
1233 1390
1233 2923
1233 2962
1233 1764
1233 2454
1233 533
1233 1932
1390 420
1390 2080
1390 2376
1390 2847
1390 1171
691 1070
691 2163
691 920
691 1224
691 140
691 1128
691 2113
1070 2574
1070 2578
1070 2190
1070 220
1070 957
1070 1295
2351 2772
2351 2640
2351 2400
2351 531
2351 52
2351 2299
2351 2548
2772 492
2772 1902
2772 530
2772 801
2772 735
1372 2451
1372 486
1372 2006
1372 902
1372 2310
1372 2417
1372 99
2451 1515
2451 275
2451 1352
2451 1944
2451 2236
2451 1154
422 882
422 1342
422 1047
422 2228
422 1412
422 149
422 2932
882 2347
882 399
882 1709
882 802
882 1393
1177 1458
1177 1988
1177 910
1177 2539
1177 368
1177 2585
1177 13
1458 1956
1458 1949
1458 1764
1458 2810
1458 2126
1458 2986
1194 1398
1194 426
1194 2438
1194 570
1194 2970
1194 1588
1194 1706
1398 2867
1398 1975
1398 1593
1398 810
1398 2192
1398 2920
2124 2729
2124 1179
2124 579
2124 631
2124 2589
2124 1494
2124 1480
2729 445
2729 2893
2729 2991
2729 2363
2729 269
2729 370
369 2224
369 1663
369 2190
369 2016
369 2567
369 2538
369 2109
2224 7
2224 1553
2224 1222
2224 950
2224 2258
2224 1699
1871 2320
1871 844
1871 2281
1871 107
1871 1960
1871 2193
1871 2923
2320 2872
2320 1552
2320 1097
2320 1583
2320 2029
2320 776
634 1475
634 971
634 2558
634 1821
634 188
634 2211
634 171
1475 245
1475 2748
1475 663
1475 959
1475 517
1475 2712
2091 2323
2091 351
2091 1705
2091 1901
2091 1118
2091 1640
2091 1485
2323 305
2323 1323
2323 2131
2323 355
2323 1200
2323 2966
162 2648
162 406
162 1349
162 2017
162 829
162 1360
162 801
2648 453
2648 679
2648 1826
2648 2127
475 1439
475 400
475 996
475 1345
475 468
865 1344
865 510
865 1456
865 1829
865 703
865 759
865 1463
1344 1517
1344 2856
1344 1912
1344 1485
1344 112
1344 2942
791 2590
791 1483
791 1780
791 924
791 56
791 490
791 2522
2590 147
2590 1538
2590 1083
2590 902
2590 1549
2590 2311
765 2160
765 1181
765 2073
765 2551
765 1493
765 1631
765 1989
2160 199
2160 1158
2160 2332
2160 704
2160 168
2160 1137
651 2287
651 2663
651 1168
651 2130
651 108
2287 431
2287 1008
2287 2184
2287 610
2287 2766
799 2976
799 800
799 1945
799 84
799 957
799 2738
2976 94
2976 2343
2976 2871
2976 1539
2976 964
2976 1363
2010 2600
2010 2461
2010 823
2010 361
2010 473
2010 474
2010 1494
2600 2153
2600 2794
2600 1815
2600 2239
2600 1411
2600 1548
460 1295
460 1598
460 572
460 266
460 1738
460 1665
460 2098
1295 2243
1295 1503
1295 2838
1295 2581
388 2587
388 581
388 183
388 507
388 2051
388 1488
2587 2052
2587 1428
2587 2761
2587 623
2587 2685
2587 2518
355 2410
355 247
355 2290
355 2215
355 476
355 2244
2410 281
2410 1166
2410 2184
2410 2116
2410 223
2410 1468
1816 2505
1816 2929
1816 1923
1816 481
1816 2274
1816 316
1816 10
2505 972
2505 2349
2505 2129
2505 2026
2505 947
2905 2547
2905 1221
2905 1581
2905 40
2905 1564
1574 1925
1574 1903
1574 12
1574 289
1574 1698
1574 1928
1925 212
1925 2104
1925 822
1925 2831
1925 1378
321 2533
321 1526
321 2309
321 1879
321 755
321 44
321 1860
2533 485
2533 2314
2533 135
2533 2606
2533 2182
1988 2962
1988 637
1988 496
1988 207
1988 661
1988 1096
2962 2672
2962 2236
2962 478
2962 191
2962 357
896 2098
896 2115
896 217
896 2149
896 2888
896 2934
2123 2369
2123 1682
2123 1024
2123 1929
2123 982
2123 108
2123 2198
2369 35
2369 2956
2369 1103
2369 1913
2369 251
2369 2791
1280 2875
1280 1048
1280 2186
1280 2665
1280 2764
1280 2515
2875 2991
2875 205
2875 510
2875 1615
2875 1188
1347 1882
1347 674
1347 2172
1347 2721
1347 2946
1347 1310
1347 454
1882 1505
1882 708
1882 2745
1882 2984
1882 2913
1610 2750
1610 79
1610 401
1610 1036
1610 2773
1610 928
2750 1179
2750 1671
2750 2146
2750 2040
2750 916
1798 2572
1798 2050
1798 560
1798 1238
1798 585
1798 2892
1798 2931
2572 1713
2572 501
2572 1571
2572 103
2572 1502
457 2313
457 807
457 1592
457 2396
457 2752
457 395
457 2679
2313 951
2313 609
2313 2046
2313 784
2313 937
2313 182
2867 2801
2867 1654
2867 2241
2867 2043
2867 2361
995 1696
995 1496
995 2932
995 2405
995 2018
995 2882
1696 2783
1696 1079
1696 742
1696 2571
1696 2489
78 1499
78 617
78 1601
78 1898
78 2386
78 2068
1499 1685
1499 2300
1499 803
1499 2095
1499 921
1499 1587
453 1124
453 1473
453 458
453 55
453 754
1359 2121
1359 607
1359 2248
1359 550
1359 1621
1359 1603
1359 1953
2121 1191
2121 2558
2121 1615
2121 801
2121 879
2121 435
22 143
22 2360
22 2939
22 1892
22 2422
22 2732
143 1352
143 773
143 724
143 1399
143 1243
143 2213
1073 2518
1073 1500
1073 2491
1073 2735
1073 610
1073 2156
1073 553
2518 1301
2518 1853
2518 512
2518 1432
2518 51
395 2603
395 1239
395 614
395 2620
395 2800
395 2841
2603 1379
2603 2297
2603 2162
2603 1126
2603 1644
596 1561
596 1604
596 1401
596 1946
596 1948
596 713
1243 1946
1243 1167
1243 2689
1243 1393
1243 726
1243 1806
1946 1865
1946 1769
1946 271
1946 2494
630 1948
630 2922
630 588
630 816
630 2216
630 239
1948 149
1948 826
1948 278
1948 2830
1948 118
2832 2950
2832 400
2832 2478
2832 1156
2832 1544
2832 487
2832 932
2950 1951
2950 1006
2950 1720
2950 71
2950 2411
2950 1605
898 945
898 52
898 710
898 1909
898 784
898 1646
898 2389
945 982
945 1166
945 350
945 183
945 2812
945 275
485 1235
485 2394
485 1294
485 2610
485 1612
578 1492
578 1870
578 2545
578 1842
578 1146
578 474
578 1442
1492 1019
1492 2637
1492 2384
1492 28
2188 2619
2188 2984
2188 97
2188 534
2188 1664
2188 1115
2619 2954
2619 1622
2619 1046
2619 1217
2619 1955
2619 1444
794 1827
794 1193
794 1788
794 1906
794 2199
794 696
1827 1920
1827 2472
1827 1269
1827 2429
1827 386
1827 1639
1007 1117
1007 1486
1007 38
1007 2778
1007 2195
1007 949
1117 2578
1117 998
1117 737
1117 1494
1117 1504
1117 1350
1046 2011
1046 2444
1046 834
1046 2227
1046 206
2011 2005
2011 2780
2011 1071
2011 455
2011 1691
2011 380
973 2701
973 628
973 2071
973 846
973 1620
973 762
2701 2425
2701 1613
2701 1449
2701 1477
2701 2306
2701 2082
1656 2465
1656 2452
1656 907
1656 2546
1656 2242
1656 2664
1656 2961
2465 1601
2465 1229
2465 1512
2465 399
2465 2034
2465 1894
2674 2714
2674 490
2674 265
2674 2341
2674 2497
2674 2814
2674 255
2714 577
2714 1793
2714 1504
2714 1964
2714 2481
2714 2835
2130 1524
2130 1403
2130 2340
2130 2454
2130 1823
1488 2100
1488 2839
1488 1259
1488 1838
1488 941
1488 2862
2100 1995
2100 510
2100 2403
2100 413
2100 1091
2100 1449
1820 2344
1820 249
1820 822
1820 1420
1820 1757
1820 2243
1820 383
2344 1435
2344 846
2344 325
2344 2610
2344 1170
2344 2275
99 632
99 1822
99 2289
632 2966
632 1611
632 785
632 481
632 762
1047 2128
1047 2785
1047 940
1047 2103
1047 2155
1047 916
2128 817
2128 2554
2128 899
2128 744
2128 1960
2128 2718
964 2588
964 997
964 1293
964 2639
964 638
964 1087
2588 1209
2588 748
2588 1675
2588 232
2588 243
2588 1289
1905 2159
1905 2403
1905 2999
1905 1775
1905 1588
1905 2206
2159 1558
2159 845
2159 275
2159 1340
2159 863
2159 1842
857 1668
857 2826
857 1569
857 709
857 1452
857 1059
503 2378
503 1322
503 2423
503 310
503 2285
503 1790
503 488
2378 2931
2378 2363
2378 1498
2378 721
2378 276
2378 883
200 2606
200 915
200 235
200 2397
200 428
200 408
200 1531
2606 1353
2606 155
2606 1226
2606 1967
12 1094
12 1714
12 1761
12 2790
12 500
1094 1328
1094 385
1094 700
1094 496
1094 341
1304 1646
1304 1586
1304 734
1304 1041
1304 2917
1304 2530
1304 2630
1646 2270
1646 1817
1646 2051
1646 2044
1646 480
786 1949
786 291
786 1937
786 2985
786 2173
786 798
786 1538
1949 2017
1949 464
1949 757
1949 849
1949 1188
1371 2868
1371 591
1371 374
1371 2721
1371 365
1371 655
1371 2679
2868 2755
2868 1108
2868 2260
2868 1160
1874 2930
1874 1167
1874 63
1874 770
1874 2963
1874 1774
1874 299
2930 2719
2930 363
2930 2815
2930 508
2930 227
2930 2348
577 668
577 2013
577 938
577 1509
562 1682
562 2208
562 1086
562 502
562 1336
562 1996
562 2602
1682 1980
1682 2230
1682 2087
1682 2531
1682 1429
2663 2297
2663 1763
2663 1
2663 1749
2663 2238
2663 2326
153 2386
153 2280
153 1657
153 2133
153 2049
153 1180
2386 1436
2386 495
2386 1434
2386 2443
559 1384
559 2167
559 1141
559 2005
559 494
559 2007
559 1624
1384 174
1384 303
1384 1168
1384 2153
1384 102
581 1143
581 529
581 2055
581 345
581 1658
581 1831
1143 356
1143 207
1143 2614
1143 2622
1143 257
1143 2911
2872 2359
2872 216
2872 1621
2872 2272
2872 2609
2872 2035
524 2329
524 2788
524 2977
524 1624
524 1439
524 2087
524 861
2329 890
2329 588
2329 922
2329 417
474 2737
474 2043
474 603
474 523
2737 1402
2737 822
2737 2728
2737 1930
2737 2397
2737 267
926 1555
926 2247
926 2904
926 161
926 344
926 79
1555 49
1555 469
1555 1566
1555 2360
1555 391
1555 1602
2067 2463
2067 116
2067 2115
2067 2548
2067 117
2463 2291
2463 2089
2463 175
2463 2105
2463 603
193 885
193 1188
193 69
193 2753
193 1963
193 2811
506 969
506 2328
506 1393
506 1583
506 1950
506 1763
506 2511
969 1705
969 2501
969 264
969 2145
969 740
969 1278
517 1387
517 2461
517 1277
517 2387
517 1955
1387 2697
1387 323
1387 747
1387 1973
1387 1240
1387 1017
258 2853
258 884
258 1671
258 2225
258 1789
258 2514
258 464
2853 2554
2853 812
2853 2592
2853 2241
2853 2531
1747 2458
1747 2941
1747 1460
1747 674
1747 87
2458 2953
2458 946
2458 1361
2458 2916
2458 2892
2458 2843
751 2722
751 2781
751 1713
751 1840
751 2063
751 2184
751 2678
2722 2550
2722 2813
2722 1679
2722 1330
2722 2370
863 2963
863 288
863 2622
863 398
863 1981
2963 1108
2963 2431
2963 2651
2963 1951
2963 2682
40 2630
40 1213
40 478
40 2898
40 1173
40 728
2630 271
2630 672
2630 2774
1554 2817
1554 1422
1554 1252
1554 1737
1554 1140
1554 2949
2817 164
2817 98
2817 2259
2817 682
2817 563
2817 2264
160 1500
160 1139
160 807
160 1721
160 1092
160 2926
160 2675
1500 2831
1500 1378
1500 1797
1500 883
1500 1919
7 1277
7 2636
7 1753
7 2373
7 1296
991 1428
991 745
991 2993
991 1703
991 1249
991 1141
991 1506
1428 1962
1428 1877
1428 354
1428 2032
621 2383
621 172
621 1497
621 2409
621 232
621 2078
621 597
2383 1049
2383 1833
2383 1913
2383 2635
2383 1566
2417 2926
2417 935
2417 2136
2417 2405
2417 2578
2417 2440
2926 1487
2926 1043
2926 117
2926 1104
2917 1221
2917 600
2917 1823
2917 2870
1608 2299
1608 2796
1608 2789
1608 732
1608 1821
1608 36
1608 464
2299 2508
2299 1216
2299 999
2299 1722
2299 1546
2394 2979
2394 2763
2394 1720
2394 172
2394 290
2394 601
2979 52
2979 2626
2979 756
2979 1329
2979 2425
2979 1872
248 2781
248 1606
248 171
248 1299
248 2522
248 2702
248 1246
2781 1218
2781 703
2781 1215
2781 1694
2781 2435
133 579
133 1183
133 1235
133 1729
133 1464
133 95
579 2687
579 1507
579 1098
579 1658
1941 2179
1941 2164
1941 787
1941 2016
1941 141
1941 2982
2179 1550
2179 1301
2179 1855
2179 555
2179 2673
2179 2782
1139 2723
1139 1423
1139 454
1139 1342
1139 1053
2723 2334
2723 2640
2723 2515
2723 247
2723 1022
2723 2842
1812 2065
1812 2542
1812 2597
1812 1481
1812 2635
1812 2261
1812 1193
2065 2085
2065 905
2065 129
2065 1596
2065 1145
2065 2020
2199 2474
2199 735
2199 1218
2199 10
2199 2145
2199 674
2474 1405
2474 158
2474 997
2474 2689
2474 2028
531 2611
531 2589
531 2296
531 1176
531 1072
2611 849
2611 2786
2611 641
2611 1759
2611 1701
2358 2467
2358 1040
2358 1518
2358 1938
2358 680
2358 844
2358 789
2467 2254
2467 2511
2467 837
2467 1108
2467 2036
2467 1186
2454 2700
2454 2499
2454 1072
2454 2913
2454 2586
2700 1396
2700 2959
2700 391
2700 340
2700 1032
2700 1813
265 883
265 1868
265 1244
265 500
265 1481
265 730
883 1926
883 849
883 2096
883 2567
602 2491
602 244
602 793
602 1536
602 1833
602 655
602 359
2491 147
2491 2568
2491 504
2491 1576
2491 1519
1318 1678
1318 14
1318 2443
1318 768
1318 772
1318 2653
1678 2419
1678 642
1678 2025
1678 274
1678 338
1678 2251
132 1293
132 2146
132 351
132 977
132 710
132 2751
132 44
1293 2127
1293 2808
1293 1913
1293 932
1293 6
674 1147
674 1127
674 280
190 1234
190 312
190 624
190 1652
190 2261
190 2192
190 156
1234 2800
1234 626
1234 1112
1234 82
1234 1597
1234 2502
628 2894
628 870
628 13
628 1269
628 2059
2894 745
2894 2045
2894 793
2894 2756
351 2823
351 2387
351 1198
351 2529
1932 2251
1932 627
1932 252
1932 2586
1932 2702
1932 1598
2251 1984
2251 957
2251 1406
2251 2580
2251 1245
53 2168
53 1307
53 1337
53 182
53 819
53 1437
53 2740
2168 2839
2168 2322
2168 2203
2168 2271
2168 2808
2168 2341
999 2312
999 6
999 2514
999 2
999 1648
2312 168
2312 760
2312 163
2312 2865
2312 2114
2312 2261
1840 2662
1840 2259
1840 835
1840 869
1840 2359
1840 1564
2662 1987
2662 557
2662 70
2662 1156
2662 1576
2662 1521
1322 1504
1322 1167
1322 1853
1322 2796
1322 851
1322 2444
1504 2337
1504 1476
1504 1772
1504 732
680 2037
680 525
680 2858
680 1439
680 1025
680 2601
2037 1181
2037 135
2037 1197
2037 1755
2037 1996
2037 320
112 2748
112 449
112 747
112 2398
112 1586
112 2256
2748 1448
2748 2468
2748 1642
2748 1231
43 928
43 1163
43 1151
43 2945
43 90
43 2560
43 187
928 523
928 1515
928 2568
928 1402
928 1689
2261 2426
2261 2773
2261 2573
2261 1106
2426 254
2426 2984
2426 2597
2426 1173
2426 301
2426 1592
1805 2690
1805 368
1805 283
1805 2077
1805 1644
816 742
816 27
816 708
816 2126
2835 2927
2835 1116
2835 446
2835 1578
2835 557
2835 377
2927 2112
2927 54
2927 2673
2927 2325
2927 1985
1118 1216
1118 2180
1118 1491
1118 1480
1118 2784
1118 2898
1216 262
1216 2499
1216 784
1216 550
2153 1680
2153 2280
2153 635
2153 2081
2153 1979
998 2283
998 2263
998 1781
998 2433
998 1495
2154 1433
2154 846
2154 2403
2154 1006
2154 1822
2154 1459
2757 423
2757 1954
2757 1433
2757 2228
2757 26
2757 2219
1496 2799
1496 276
1496 2859
1496 382
1496 1050
1496 2753
257 1530
257 2765
257 400
257 347
257 1998
257 332
1530 1172
1530 2194
1530 1136
1530 2308
1530 2900
2090 2665
2090 1723
2090 1461
2090 413
2090 1391
2090 1527
2090 100
2665 304
2665 2054
2665 183
2665 2129
2665 1617
77 1599
77 175
77 2258
77 2944
77 1447
77 2957
1599 1276
1599 2655
1599 1090
1599 1601
1599 1700
565 2851
565 560
565 375
565 2028
565 2929
565 2381
565 1444
2851 2517
2851 2301
2851 1039
2851 972
2851 1382
2767 169
2767 2654
2767 1959
2767 2609
2767 1622
2767 2478
668 2040
668 1900
668 1205
668 270
668 2553
2040 142
2040 681
2040 2298
2040 2366
2040 1768
179 829
179 1503
179 66
179 513
179 429
179 620
179 2521
829 1013
829 1850
829 862
829 2223
1400 1437
1400 270
1400 172
1400 1358
1400 2804
1400 2368
1437 2531
1437 191
1437 659
1437 469
445 948
445 1631
445 2682
445 1985
445 1966
445 2143
948 2457
948 1352
948 1158
948 777
948 534
948 2776
722 1522
722 1443
722 758
722 183
722 2206
722 328
1522 2932
1522 1865
1522 2247
1522 855
1522 2227
1522 310
1723 494
1723 1486
1723 90
1723 214
1723 218
802 1222
802 2428
802 2247
802 31
802 2025
1222 2122
1222 1424
1222 498
1222 1771
1222 2002
1461 842
1461 1183
1461 2698
1461 1205
1461 934
1461 2088
2354 2896
2354 2279
2354 511
2354 1418
2354 1375
2354 852
2896 488
2896 783
2896 2691
2896 805
2896 1938
2896 2841
1643 2540
1643 275
1643 1845
1643 2718
1643 2391
268 1288
268 770
268 1002
268 2297
268 326
268 2732
1288 32
1288 2629
1288 1650
1288 825
1288 482
1288 1232
533 950
533 1613
533 2554
533 2043
2953 2818
2953 2550
2953 2565
2953 2473
2953 1591
2953 2000
1095 2157
1095 811
1095 1938
1095 542
1095 249
1095 2798
2375 2955
2375 1395
2375 352
2375 1142
2375 1983
2375 157
2375 2356
2955 635
2955 2730
2955 962
2955 1831
2955 661
2955 2247
1308 2787
1308 149
1308 901
1308 1123
1308 1399
2787 929
2787 2882
2787 2818
2787 1189
2787 2077
885 2280
885 102
885 1043
885 1212
885 1576
885 584
1393 2565
1393 1276
1393 2061
1393 243
2565 1036
2565 318
2565 700
2565 2974
2565 1731
1255 2106
1255 783
1255 36
1255 181
1255 1300
1255 278
1255 95
2106 2634
2106 2484
2106 1106
2106 591
2106 280
2106 2653
1489 2044
1489 1297
1489 1026
1489 49
1489 2242
1489 631
1489 561
2044 2357
2044 1999
2044 938
2044 2629
2044 390
1105 1115
1105 42
1105 1635
1105 1866
1105 1549
1115 1838
1115 2694
1115 2186
1115 68
1819 2673
1819 1279
1819 504
1819 2635
1819 2327
1819 2452
2673 1968
2673 523
2673 311
1122 2516
1122 2061
1122 2371
1122 161
1122 2223
1122 619
1122 1050
2516 2890
2516 236
2516 977
2516 2114
2516 837
2516 1691
2839 2337
2839 1017
2839 2740
2839 2326
2839 1845
439 1284
439 656
439 1424
439 416
439 2897
439 2468
2613 2948
2613 2207
2613 2076
2613 842
2613 1509
2613 1977
2613 879
2948 1658
2948 55
2948 1098
2948 2392
2948 2699
2948 2466
2280 915
2280 1669
2280 2306
2280 935
637 2178
637 1386
637 2970
637 723
637 2456
637 1459
2178 1787
2178 342
2178 458
2178 903
2178 2543
1685 1861
1685 2549
1685 1922
1685 1653
1685 1516
1685 2317
2857 2048
2857 1215
2857 2659
2857 196
2857 1852
2857 2981
1638 2783
1638 2659
1638 2942
1638 2266
1638 2068
1638 1426
2783 435
2783 1868
2783 378
2783 1056
2783 363
955 1292
955 165
955 1345
955 2858
955 2109
955 1442
955 2174
1292 723
1292 949
1292 756
1292 541
1292 47
1292 1185
729 2935
729 2070
729 2932
729 1807
729 760
729 1922
729 1644
2935 481
2935 1192
2935 2650
2935 1857
2935 993
270 960
270 711
270 1300
270 2072
270 1940
960 738
960 1160
960 62
960 2165
960 11
960 782
1484 2087
1484 827
1484 2002
1484 2604
1484 771
1484 74
1484 2030
2087 342
2087 1251
2087 860
2087 2456
338 2821
338 2634
338 1712
338 887
338 1951
2821 1171
2821 909
2821 2755
2821 1908
2821 1076
2821 1566
2270 2730
2270 790
2270 96
2270 1188
2270 2884
2270 1121
2730 2072
2730 2775
2730 2363
2730 345
2730 470
208 2711
208 155
208 2482
208 401
208 2303
208 1658
2711 235
2711 2827
2711 803
2711 814
2711 689
2796 1104
2796 1849
2796 2054
2796 2176
2796 2392
2005 2432
2005 2566
2005 1463
2005 2880
2005 2816
2432 2338
2432 1917
2432 900
2432 2327
2432 2509
2432 917
1776 2609
1776 1271
1776 1074
1776 623
1776 38
1776 262
2609 1792
2609 354
2609 595
2609 144
2390 2768
2390 253
2390 747
2390 1537
2390 641
2390 1724
2390 1145
2768 904
2768 2879
2768 2581
2768 1645
2768 274
2768 255
2457 1559
2457 2200
2457 100
2457 2197
2457 992
915 1030
915 789
915 61
915 1172
723 1377
723 2854
723 1486
723 1314
423 530
423 2074
423 1309
423 1966
423 2146
671 2593
671 2317
671 1130
671 408
671 146
671 472
671 682
2593 1297
2593 2328
2593 462
2593 851
2593 100
2593 2607
354 1207
354 2975
354 425
347 1944
347 710
347 1200
347 1851
347 1340
347 411
1944 576
1944 1148
1944 2135
1944 1502
1291 1749
1291 1195
1291 2724
1291 2407
1291 886
1291 1206
1749 1679
1749 1797
1749 2522
1749 2213
730 1187
730 2659
730 282
730 1580
730 1830
730 1515
1187 1626
1187 570
1187 2776
1187 2149
1187 471
1187 2744
1550 2683
1550 300
1550 2190
1550 1778
1550 2732
2683 2335
2683 2971
2683 2405
2683 2309
2683 1701
2683 1022
440 1125
440 1184
440 2144
440 1765
440 720
440 1870
440 1755
1125 108
1125 1834
1125 210
1125 238
1125 2986
1512 2391
1512 97
1512 1009
1512 1829
1512 2264
1512 1559
2391 552
2391 1810
2391 1124
2391 188
583 1433
583 1223
583 356
583 646
583 541
583 2958
1433 2327
1433 2625
1433 1611
180 2477
180 374
180 844
180 1453
180 658
180 690
180 1061
2477 1728
2477 2582
2477 771
2477 220
2477 1713
2477 2180
254 2836
254 48
254 2206
254 1483
1181 1906
1181 2143
1181 933
1181 385
2020 2043
2020 772
2020 2348
2020 1513
2020 2119
2043 437
2043 2978
2043 2234
2910 2332
2910 419
2910 2163
2910 1113
2910 695
2910 2765
456 840
456 695
456 295
456 1431
456 1545
456 808
456 2110
840 597
840 1377
840 224
840 1648
840 2446
840 2250
1603 2694
1603 2551
1603 2421
1603 1735
1603 2763
1603 1396
2694 50
2694 1
2694 310
2694 1388
1774 713
1774 2788
1774 346
1774 414
1774 378
1742 1806
1742 2520
1742 1639
1742 1953
1742 2418
1806 1434
1806 1968
1806 1024
1806 875
1806 1686
646 2132
646 557
646 2696
646 593
646 1334
2132 1217
2132 2437
2132 2747
2132 1380
393 1952
393 170
393 2866
393 2252
393 2716
1952 446
1952 2441
1952 2117
1952 654
1952 2415
1952 1061
68 206
68 608
68 2770
68 2514
68 1993
68 1632
206 1278
206 2978
206 2982
206 472
1241 1524
1241 593
1241 2027
1241 2870
1241 1037
1241 2206
1524 884
1524 670
1524 507
1524 1903
1274 1701
1274 777
1274 748
1274 889
1274 2538
1274 1088
1701 566
1701 1019
1701 843
1701 410
1983 2915
1983 1111
1983 2466
1983 226
1983 2684
2915 1334
2915 1346
2915 278
2915 2437
2915 1931
2915 1114
2521 736
2521 724
2521 916
2521 529
5 2072
5 1636
5 516
5 1745
5 766
5 2734
5 498
2072 1834
2072 1681
2072 2645
2072 593
156 1716
156 1660
156 2928
156 1431
156 2664
1716 2002
1716 437
1716 692
1716 1039
1716 173
1716 1839
1147 2528
1147 2532
1147 1469
1147 1059
1147 782
1147 776
448 1595
448 1962
448 1278
448 259
448 660
448 56
448 746
1595 2155
1595 1236
1595 282
1595 1523
1595 1021
1595 1420
594 648
594 1327
594 2793
594 2289
594 406
594 489
568 1660
568 1165
568 148
568 1082
568 1200
568 1790
1660 1416
1660 2829
1660 482
1660 2556
289 2999
289 2311
289 2495
289 2433
289 1872
289 82
2999 91
2999 1924
2999 1872
2999 2198
2999 2705
1495 2050
1495 2916
1495 2900
1495 2108
1495 1088
1495 2548
2050 2774
2050 2145
2050 1658
2050 2356
2050 2908
1087 1996
1087 576
1087 1852
1087 483
1087 2514
1087 1645
1996 66
1996 2786
1996 841
1996 427
688 2250
688 593
688 808
688 1354
688 2755
688 1138
2250 987
2250 2985
2250 1345
2250 2898
2250 383
165 2209
165 339
165 271
165 2964
165 2511
165 1277
2209 1881
2209 2355
2209 310
2209 2945
2209 2254
2209 514
607 920
607 1714
607 2993
607 1026
607 1873
1923 2231
1923 2433
1923 2530
1923 662
1923 311
1923 677
2231 2026
2231 419
2231 2424
2231 500
2231 2271
2231 971
1159 1835
1159 177
1159 281
1159 1452
1159 2773
1835 2421
1835 1779
1835 2770
1835 528
1835 2809
1835 3
548 470
548 2368
548 547
548 2482
548 697
548 128
868 1134
868 726
868 2960
868 1618
868 498
868 1338
868 2696
1134 493
1134 595
1134 1847
1134 1413
1134 937
1134 1153
2566 1246
2566 1269
2566 1248
2566 174
2566 1456
2566 1758
2932 1375
2932 306
2932 1017
1598 1653
1598 2941
1598 324
1598 1138
1653 916
1653 305
1653 2599
1653 2148
428 2030
428 2262
428 2504
428 469
428 2252
2030 959
2030 26
2030 318
2030 401
2030 1045
1080 2481
1080 24
1080 2956
1080 1414
1080 1778
1080 430
1080 1012
2481 1503
2481 2170
2481 2639
2481 638
2481 1669
935 1309
935 1561
935 2418
935 1079
935 2502
1309 2887
1309 2931
1309 738
1309 1364
2972 282
2972 1987
2972 1907
2972 2899
2972 871
842 2838
842 1848
842 409
842 368
2838 906
2838 178
2838 1019
2838 1319
2838 2580
1386 974
1386 1697
1386 2552
1386 875
1386 122
1386 2232
571 170
571 798
571 2717
571 2816
571 205
571 116
810 1839
810 1796
810 1808
810 555
810 1714
1839 1985
1839 1245
1839 1333
1839 2622
94 1632
94 1434
94 745
94 1176
94 1423
1632 2657
1632 1451
1632 398
1632 2877
462 567
462 1741
462 2213
462 1525
462 438
462 1454
567 2826
567 2747
567 1823
567 554
567 259
567 2594
825 2605
825 1609
825 781
825 2133
825 1570
2605 2645
2605 905
2605 2140
2605 2015
2605 1777
2605 1015
1442 1527
1442 813
1442 1698
1442 1004
1527 403
1527 1361
1527 2204
1527 1518
1527 222
1167 2560
1167 187
1167 1830
1167 1900
262 2053
262 1934
262 1028
262 1045
262 796
683 1209
683 1954
683 1319
683 36
683 1556
683 629
1209 1900
1209 1842
1209 260
1209 2497
263 623
263 2157
263 1962
263 1588
263 2316
263 205
263 2733
623 34
623 2865
623 199
789 1901
789 665
789 2399
789 927
1901 1443
1901 147
1901 1486
1901 2682
424 1214
424 853
424 1657
424 2996
424 1055
424 427
424 750
1214 1401
1214 2949
1214 2808
1214 2319
1214 2782
1214 2961
2741 2957
2741 470
2741 2252
2741 1041
2741 1163
2741 1129
2957 2805
2957 291
2957 538
2957 1922
2957 2006
131 1672
131 864
131 2766
131 2373
131 272
131 309
131 2537
1672 148
1672 1744
1672 815
1672 477
1672 747
1672 1186
1190 1427
1190 889
1190 2094
1190 3000
1190 2009
1190 525
1190 619
1427 1957
1427 2119
1427 1198
1427 1859
1427 2052
1427 2911
1422 2716
1422 679
1422 1712
1422 2459
1422 826
1422 2356
2716 1748
2716 2549
2716 1706
2716 2502
2716 1381
1353 2882
1353 2564
1353 483
1353 1616
1353 2657
1353 390
2882 2333
2882 2471
2882 1326
2882 2734
2335 769
2335 2889
2335 1606
2335 2070
1048 2017
1048 1392
1048 726
1048 1675
1048 2345
1048 1539
2017 1283
2017 2423
2017 1169
2017 2319
1383 2236
1383 2310
1383 740
1383 1541
1383 2779
1383 2152
1383 1329
2236 1160
2236 139
2236 1755
2236 1242
358 1570
358 241
358 224
358 2528
358 2890
358 409
358 1765
1570 431
1570 893
1570 2166
1570 376
282 332
282 2173
282 1227
282 2645
951 218
951 1565
951 823
951 1111
951 947
951 2949
235 682
235 750
235 1709
235 1127
235 2528
682 1875
682 1110
682 1448
1396 2574
1396 1837
1396 1577
1396 1431
1396 2395
2282 2298
2282 2103
2282 1708
2282 82
2282 1743
2282 2127
2298 521
2298 2990
2298 416
2298 83
1668 2633
1668 47
1668 484
1668 1868
1668 382
1668 576
1569 2133
1569 1326
1569 1911
1569 461
1569 1004
2133 1299
2133 541
2133 1891
2133 1879
2862 2945
2862 15
2862 693
2862 679
2429 2991
2429 2015
2429 1780
2429 89
2429 2367
2429 392
2991 1246
2991 2997
2991 2073
2991 552
2487 1865
2487 288
2487 1529
2487 2544
2487 1037
2487 1102
1443 1289
1443 1830
1443 2483
1443 1612
1443 1616
2239 1298
2239 2408
2239 467
2239 2994
2239 1613
54 755
54 1553
54 2113
54 560
54 2822
54 2439
755 2845
755 1676
755 658
755 2066
755 390
305 34
305 1412
305 2554
305 702
1093 1615
1093 2800
1093 1425
1093 2355
1093 1265
1093 2388
1093 311
1615 1583
1615 817
1615 2777
461 2836
461 1991
461 1166
461 1533
461 903
2836 784
2836 2404
2836 1864
2836 523
2836 1133
554 812
554 458
554 620
554 2148
554 1351
554 1540
812 1604
812 1771
812 952
812 718
812 2602
115 1933
115 1920
115 2871
115 2985
115 2435
115 67
1933 891
1933 2073
1933 1769
1933 1636
1933 2778
1933 166
693 1681
693 2893
693 42
693 1460
693 2804
1681 2135
1681 1436
1681 1936
1681 1683
1681 239
1861 2655
1861 1907
1861 2264
1861 2428
1861 1558
1861 513
2655 773
2655 2048
2655 917
828 404
828 1054
828 1920
828 472
828 144
828 1768
1647 2174
1647 2221
1647 2841
1647 1526
1647 35
1647 2254
1647 2175
2174 146
2174 1250
2174 2583
749 795
749 2989
749 2668
749 152
749 2441
749 710
749 488
795 1575
795 1127
795 1296
795 1621
795 2265
795 2775
1339 2021
1339 2273
1339 2636
1339 2946
1339 1395
1339 1481
1339 121
2021 1320
2021 229
2021 937
2021 1878
2021 993
2021 2528
2755 1759
2755 1870
2755 2318
2755 82
661 2897
661 1207
661 2687
661 1307
661 1182
2897 1825
2897 1972
2897 167
2897 15
330 811
330 97
330 918
330 1173
330 1665
330 1215
330 753
811 522
811 2198
811 2708
811 100
1498 1785
1498 2094
1498 2204
1498 413
1498 660
1785 1980
1785 488
1785 2327
1785 2150
1785 362
1785 1717
244 1296
244 1401
244 2244
244 625
244 385
244 1799
1296 1725
1296 1388
97 1043
97 2776
97 2696
1069 1150
1069 1743
1069 1692
1069 1734
1069 496
1069 348
1150 1183
1150 2887
1150 1895
1150 1405
1150 71
1150 849
2275 2416
2275 1973
2275 2564
2275 2986
2275 1849
2275 2546
2416 1858
2416 1752
2416 2317
2416 1659
2416 778
1926 1508
1926 1404
1926 2496
1926 1769
1926 250
1689 222
1689 452
1689 2113
1689 129
1689 2466
2640 1455
2640 2598
2640 2929
2640 2288
2640 27
780 2444
780 814
780 105
780 2075
780 685
780 2440
2444 1191
2444 1362
2444 209
2444 243
1368 2614
1368 1562
1368 274
1368 946
2614 1698
2614 429
2614 1577
2614 806
1328 2478
1328 2733
1328 1439
1328 653
1328 1290
1328 1655
25 67
25 2094
25 2425
25 987
25 1297
25 815
67 530
67 1321
67 50
67 1624
67 1810
259 2220
259 1331
259 1973
259 2969
259 2471
2220 924
2220 1853
2220 212
2220 2306
2220 2919
2220 1893
2032 2779
2032 318
2032 1803
2032 2743
2032 516
2032 2560
2779 2504
2779 1765
2779 1753
2779 2539
1958 2601
1958 333
1958 176
1958 1818
1958 727
1958 1266
1958 1876
2601 1571
2601 1813
2601 1801
2601 1738
2601 2053
2192 2870
2192 2240
2192 785
2192 2777
168 1055
168 727
168 962
168 24
168 2166
1055 154
1055 2856
1055 994
1055 1612
1055 1356
6 727
6 1149
6 1171
6 1641
6 2201
727 1782
727 360
727 1733
727 2998
1320 2951
1320 1585
1320 1235
1320 1451
1320 211
2843 2994
2843 2038
2843 2334
2843 738
2843 2393
2843 1540
2994 585
2994 312
2994 47
2994 2704
415 1686
415 336
415 1111
415 44
415 690
415 2918
1686 2262
1686 290
1686 46
1686 1205
1686 1729
585 2326
585 1950
585 1066
585 184
585 1717
2326 847
2326 876
2326 821
2326 2325
1965 2725
1965 2596
1965 959
1965 938
1965 246
1965 2806
1965 317
2725 2215
2725 325
2725 1184
2725 2702
2249 2255
2249 2860
2249 2594
2249 1183
2249 1741
2249 699
2255 2689
2255 2623
2255 1262
2255 1079
2255 956
929 1870
929 653
929 2964
929 2644
929 2073
929 1767
1870 1859
1870 775
1870 931
2206 937
2206 209
1476 1232
1476 1324
1476 198
1476 1099
1476 389
2634 1369
2634 2562
2634 2077
2634 2182
2634 1120
1860 2379
1860 1739
1860 1578
1860 2384
1860 2279
1860 2888
2379 298
2379 2359
2379 2232
2379 127
2379 1058
2379 2987
1588 1728
1588 1950
1588 1769
1588 316
1728 34
1728 2070
1728 1411
1728 2941
1728 2309
753 2649
753 1197
753 886
753 1045
108 2537
108 196
108 2828
108 33
1739 541
1739 2404
1739 834
1739 2511
1739 1991
890 1517
890 1706
890 2126
890 2848
890 2337
890 1549
2435 831
2435 220
2435 2782
2435 647
1809 15
1809 2226
1809 2810
1809 2328
1809 120
1809 648
482 777
482 2888
482 2288
482 1411
482 918
777 1906
777 861
777 111
777 1104
1881 1404
1881 875
1881 1695
1881 1734
1881 349
1146 1760
1146 2556
1146 2780
1146 1620
1146 1910
1146 2073
1760 2704
1760 8
1760 1494
1760 535
1760 611
1760 2903
230 1990
230 2163
230 1237
230 2456
230 850
230 2946
1990 2975
1990 1454
1990 1287
1990 2877
1990 2142
1990 1343
588 1469
588 701
588 705
588 2856
1469 23
1469 514
1469 849
1469 762
245 2527
245 1541
245 1459
245 50
245 1212
245 1934
2527 2997
2527 2712
2527 207
2527 1841
2527 1722
2399 2549
2399 2131
2399 535
2399 1315
2399 2739
2549 2079
2549 2756
2549 879
2008 2664
2008 2290
2008 835
2008 1491
2008 2970
2008 665
2008 1773
2664 804
2664 2060
2664 1378
2664 175
633 2114
633 1803
633 2546
633 2592
633 120
633 340
633 468
2114 941
2114 2448
2114 2692
2114 1580
689 2460
689 2638
689 752
689 197
689 1902
689 1477
2460 684
2460 2475
2460 817
2460 2659
2460 1246
2337 1468
2337 1531
2337 2798
2337 1298
880 1762
880 374
880 222
880 2081
880 1711
880 1191
1762 966
1762 1262
1762 543
1762 1306
1762 2097
1762 1572
1423 2913
1423 2046
1423 1640
2913 1551
2913 752
2913 2847
91 1571
91 873
91 1262
91 2088
91 1225
91 1722
2456 205
2456 76
2456 2170
710 927
684 1298
684 1049
684 914
684 1392
684 2118
684 2610
1298 1342
1298 489
1298 2936
1298 1786
266 1310
266 1783
266 2027
266 1103
266 1446
266 1975
1310 1914
1310 1128
1310 2956
1310 437
1310 721
1561 2325
1561 1282
1561 2746
1561 63
1561 702
2325 1096
2325 2193
2325 2228
2325 1560
1695 116
1695 2790
1695 2162
1695 1412
1695 1732
785 1875
785 278
785 1044
785 2003
785 1253
1875 2082
1875 2381
1875 1289
1875 1077
1875 2595
1626 410
1626 319
1626 1659
1626 941
1626 622
1626 2253
1101 1586
1101 2450
1101 1271
1101 1450
1101 2297
1101 1657
1101 2330
1586 333
1586 1334
1586 319
2200 183
2200 735
2200 2328
2200 1715
2200 1493
627 2415
627 600
627 24
627 357
627 2830
918 2404
918 967
918 2543
918 334
918 2226
2404 2494
2404 925
2404 280
2404 1158
1329 1975
1329 2034
1329 1692
1329 666
1329 2532
1975 2038
1975 1813
1975 2380
2048 2234
2048 2869
2048 41
177 420
177 1585
177 1936
177 920
177 1351
177 1364
420 1506
420 1606
420 925
420 2014
420 2620
1438 2376
1438 1221
1438 280
1438 2602
1438 2901
1438 1783
1438 934
2376 2047
2376 1730
2376 442
2376 1743
2376 2092
996 1011
996 754
996 362
996 484
996 1822
1011 877
1011 932
1011 1103
1011 2879
1011 2925
1104 301
1104 250
1104 1460
1104 708
1133 1511
1133 2190
1133 1792
1133 1602
1133 2809
1511 1915
1511 1898
1511 1963
1511 2483
1511 228
1943 2548
1943 1673
1943 1112
1943 1778
1943 1327
1943 260
1943 365
2548 1324
2548 392
2548 823
233 1254
233 2157
233 1402
233 1340
233 1637
233 1813
1254 234
1254 1773
1254 2703
1254 516
1254 2057
1254 818
2397 2718
2397 1067
2397 1432
2397 36
2718 1391
2718 2228
2718 2912
864 2289
864 1605
864 2334
864 2393
864 1380
864 937
2289 956
2289 1044
2289 1540
2289 1266
2366 139
2366 1789
2366 512
2366 2865
2366 768
24 1027
24 2490
24 2485
24 1828
1106 2051
1106 147
1106 292
1106 2816
2051 1532
2051 1109
2051 910
2051 2418
1604 1251
1604 645
1604 2876
1604 1894
58 1896
58 592
58 1991
58 2844
58 699
58 70
58 31
1896 442
1896 2672
1896 2676
1896 586
1896 1715
1896 2582
2047 288
2047 1362
2047 1954
2047 2761
2047 2942
164 1207
164 2371
164 1671
164 2966
164 2900
164 1228
1136 1327
1136 1229
1136 55
1136 59
1136 2388
1059 2235
1059 2522
1059 1956
2235 1532
2235 1490
2235 774
2235 2860
2235 950
2805 2692
2805 615
2805 2670
2805 1468
2805 275
2805 1955
458 476
458 2512
458 931
363 1714
363 732
363 2870
363 1265
363 2969
1714 2311
1714 1517
1714 106
1853 2510
1853 836
1853 1764
1853 1691
2510 1323
2510 403
2510 917
2510 1520
2510 441
2510 173
1154 2738
1154 560
1154 1873
1154 1120
1154 2626
2738 2195
2738 2734
2738 2733
2738 345
2738 573
2543 687
2543 2879
2543 1180
2543 2924
228 1455
228 1076
228 2472
228 62
2461 2589
2461 1210
2461 1811
892 2472
892 1002
892 971
892 714
892 1331
892 2679
892 1808
2472 2780
2472 2597
2472 2210
1631 2811
1631 1642
1631 1510
1631 897
1631 705
2811 2558
2811 2568
2811 1072
2811 2184
2811 2024
2360 615
2360 317
2360 1061
2360 2982
1748 2770
1748 2343
1748 869
1748 550
1753 2279
1753 1918
1753 2355
1753 1424
1753 1669
2279 2912
2279 360
2279 2895
2279 731
1589 2814
1589 1114
1589 2920
1589 44
1589 611
1589 609
1589 805
2814 2015
2814 2646
2814 522
2814 1837
2814 1727
2468 2490
2468 1340
2468 386
2468 838
2468 2107
2490 1992
2490 1673
2490 2127
2490 672
2490 2135
1532 1964
1532 476
1532 1513
1532 2273
1532 364
300 2152
300 2523
300 242
300 905
300 698
300 768
2860 2027
2860 2284
2860 2069
2860 1208
2860 748
1791 1982
1791 645
1791 855
1791 1640
1791 247
1982 306
1982 2315
1982 2974
1982 2540
1982 2964
1982 2042
1543 1651
1543 1311
1543 2256
1543 778
1543 2863
1543 2846
1543 2947
1651 971
1651 2407
1651 166
1651 1420
1651 1112
1651 2445
182 511
182 1995
182 432
182 826
182 2869
511 1330
511 1912
511 2273
511 2246
2923 2341
2923 470
2923 2448
2923 2296
2923 604
1140 2466
1140 319
1140 2331
1140 979
1140 430
1140 2216
2466 2988
2466 2520
2466 2625
861 1065
861 726
861 838
861 615
861 2795
1065 2266
1065 2070
1065 2246
1065 76
1065 2291
2794 48
2794 1856
2794 2791
2794 560
2794 320
2794 2931
1910 2384
1910 286
1910 2954
1910 298
1910 1755
1910 1670
2384 1582
2384 601
2384 276
1634 2449
1634 737
1634 921
1634 1455
1634 1251
1634 1611
1634 2830
2449 1845
2449 46
2449 2092
2449 1221
2449 938
170 2733
170 2471
170 1346
1675 2975
1675 81
1675 362
1675 2969
1675 2016
2975 1807
2975 2059
2975 1425
2975 989
214 2422
214 1738
214 862
214 2824
214 2570
214 959
2422 1899
2422 252
2422 2504
2422 853
2422 194
28 1212
28 662
28 2368
28 2996
28 1506
28 940
1212 489
1212 1166
1212 990
1212 26
307 398
307 400
307 375
307 1720
307 1585
307 2319
307 1826
398 2177
398 1992
398 1465
907 2349
907 2592
907 255
907 1897
907 124
2349 2029
2349 1974
2349 2704
2349 1929
2349 2624
2015 2495
2015 2049
2015 636
2015 273
1945 2462
1945 1420
1945 2874
1945 1072
1537 906
1537 2253
1537 2441
1537 167
1537 1008
2785 2961
2785 157
2785 2569
2785 699
2785 697
2785 278
2961 203
2961 360
2961 2608
2961 1727
127 2911
127 255
127 2445
127 298
127 505
2911 1513
2911 260
2180 1950
2180 1356
2180 759
2180 308
215 1977
215 679
215 1445
215 2496
215 2056
215 205
1977 1593
1977 566
1977 2677
1977 719
1977 2727
1803 2113
1803 2034
1803 1959
1803 1931
2113 1005
2113 51
2113 2538
1663 489
1663 285
1663 2719
1663 1268
1663 1895
1663 2310
866 2469
866 2321
866 1465
866 1637
866 2657
866 1867
866 2903
2469 1873
2469 1441
2469 2144
2469 3
2469 659
2462 718
2462 1691
2462 1325
2462 2822
2462 104
2462 2795
1002 2064
1002 2189
1002 2546
1002 1091
2064 381
2064 2062
2064 2244
2064 1294
2064 1548
2064 2038
1605 1218
1605 901
1605 1100
1605 771
1605 2496
598 2654
598 1787
598 1942
598 1382
598 1680
2654 2508
2654 2306
2654 1014
2654 1346
1520 2175
1520 1979
1520 494
1520 2826
1520 2256
1520 8
2175 2486
2175 701
2175 1176
2175 1193
2175 2169
1644 451
1644 211
1644 1872
59 1622
59 1166
59 2446
59 2495
59 2728
59 1137
1622 724
1622 1301
1622 1279
253 142
253 374
253 2232
253 16
253 308
253 2459
2025 2347
2025 1539
2025 1761
2025 1200
2025 525
2347 2419
2347 466
2347 521
2347 1098
1457 1826
1457 2263
1457 2819
1457 409
1457 2746
1457 1229
1457 2914
1826 2786
1826 746
1826 2671
1311 584
1311 676
1311 1766
1311 341
1311 1559
1311 731
27 2801
27 1797
27 2338
27 2582
2801 2254
2801 23
2801 1855
2801 2117
1191 1091
1191 1732
1191 178
2984 105
2984 2439
2984 728
2984 2217
573 2193
573 1076
573 1993
573 1485
573 669
2193 1064
2193 665
2193 212
2193 459
2403 797
2403 944
2403 2562
2403 2672
681 1497
681 1850
681 871
681 2803
681 766
681 1815
1497 526
1497 635
1497 1929
1497 767
650 2014
650 101
650 2359
650 480
650 118
1207 377
1207 1462
1207 292
1207 1986
1024 1836
1024 1258
1024 272
1024 486
1836 775
1836 940
1836 1897
1836 1266
1836 2898
1019 1361
1019 2266
931 1379
931 2837
931 1770
1379 1067
1379 2615
454 1454
454 2263
454 1700
454 2739
454 1151
1454 344
1454 515
1454 788
1454 545
192 2208
192 1450
192 528
192 2318
192 2170
192 98
192 757
2208 1979
2208 2982
2208 781
1906 505
1906 1189
1906 2407
1179 2303
1179 2775
1179 631
1179 1584
1179 226
1738 2899
1738 496
1738 2661
1738 2951
529 1854
529 522
529 103
529 1270
336 1149
336 1270
336 975
336 1545
336 239
336 2651
377 74
377 639
377 173
377 913
377 2941
788 1973
788 451
788 1876
788 2300
788 1613
788 1364
1973 968
1973 2203
1973 1899
359 1567
359 2974
359 2081
359 2690
359 292
359 1891
1567 1824
1567 217
1567 1994
1567 1807
1567 2290
1567 2028
2085 2678
2085 2196
2085 438
2085 350
2085 704
301 1583
301 2841
301 1466
301 1890
301 348
2256 1950
2256 1158
2256 1843
2256 2641
318 519
318 2537
318 2029
318 726
519 2156
519 1346
519 1915
519 1642
519 425
519 2357
846 1165
846 1490
846 450
750 57
750 2169
750 2041
750 409
216 2686
216 660
216 2362
216 953
216 2580
216 1160
2686 1939
2686 2561
2686 1165
2686 360
2686 1169
2686 2623
737 1565
737 477
737 327
737 1888
737 49
434 1178
434 126
434 2899
434 1766
434 1077
434 2476
900 1103
900 1978
900 2697
900 123
900 1506
900 1690
1103 952
1103 33
435 515
435 706
435 2112
435 2327
435 2509
515 2734
515 1075
515 901
515 1129
515 1485
934 1919
934 2532
934 1352
934 2564
1919 764
1919 38
1919 2551
1919 522
1919 2608
586 2899
586 744
586 2826
586 1391
586 1751
2899 101
2899 988
2424 2944
2424 1587
2424 815
2424 641
2424 1510
2944 2138
2944 203
2944 663
2944 1477
2944 954
2433 695
2433 217
2433 2428
1683 2946
1683 612
1683 121
1683 752
1683 1930
1683 154
2946 1997
2946 1989
2946 1432
2695 1781
2695 1928
2695 74
2695 1462
2695 490
2695 401
783 2918
783 1670
783 2540
783 431
783 203
2918 1704
2918 195
2918 2604
113 1403
113 1009
113 2608
113 186
113 1301
113 2095
1403 18
1403 2578
1403 1575
1403 754
1116 23
1116 1096
1116 1474
1116 1397
1116 2797
1116 2112
118 1518
118 387
118 2649
118 2149
118 2317
1518 495
1518 1703
1518 2697
410 649
410 1375
410 2891
410 394
410 2819
52 1326
52 736
52 223
2265 196
2265 2227
2265 520
2265 1323
339 2914
339 540
339 2207
339 1417
2914 743
2914 2855
2914 719
2914 2829
2914 2157
528 2813
528 2675
528 2855
528 2778
528 756
2813 2000
2813 2345
2813 1432
2813 1051
2687 158
2687 641
2687 111
2687 2317
125 1642
125 403
125 2854
125 1054
125 746
125 2080
1642 1217
1642 394
1642 1099
404 2110
404 1173
404 1538
404 2666
404 349
404 2798
930 2564
930 1680
930 2211
930 2217
930 747
2564 2476
2564 1699
2564 2968
782 2437
782 2744
782 2034
782 149
782 914
2437 872
2437 696
2437 1757
2437 508
16 2638
16 2703
16 2439
16 154
16 916
2638 2761
2638 733
2638 66
2638 1899
2638 39
1165 1866
1165 752
1165 2610
814 2389
814 590
814 2534
814 31
814 141
2389 71
2389 1113
2389 2061
2389 603
2389 320
695 2675
695 2669
695 2541
695 663
346 823
346 1929
346 2977
346 806
346 101
823 1012
823 413
823 2720
310 1462
772 2163
772 2260
772 1258
772 1957
772 733
2163 2120
2163 1141
2163 167
662 2561
662 1828
662 75
662 2420
662 1278
2512 1259
2512 2691
2512 2309
2512 2974
2512 1602
492 1062
492 2893
492 854
492 117
492 1876
492 2118
1062 2306
1062 2974
1062 15
1062 2203
1062 2569
1062 2804
459 1114
459 140
459 804
459 55
459 484
459 2624
1114 797
1114 1597
1114 1346
1114 2288
2476 2824
2476 754
2476 2812
2476 1673
2824 616
2824 1745
2824 1579
2824 481
2314 1003
2314 1397
2314 2260
2314 1898
2314 89
2314 1880
1099 1447
1099 1451
1099 1565
1099 879
1099 914
1447 82
1447 21
1447 1838
1447 2919
1447 690
1920 600
1920 611
1920 2362
1920 1005
2580 2652
2580 65
2580 2753
2580 535
2652 281
2652 1669
2652 328
2652 2677
2652 1538
2652 1249
49 1889
49 2144
49 1959
1889 486
1889 1335
1889 140
1889 44
1889 1263
9 2756
9 1405
9 2938
9 1435
9 2679
9 1426
9 1470
2756 507
2756 328
2756 522
2756 540
1950 1460
1950 752
100 2874
100 1833
100 252
2874 582
2874 210
2874 635
2874 1032
1817 2895
1817 128
1817 2055
1817 495
1817 89
2895 2775
2895 2368
2895 2350
2895 1097
2895 1082
34 418
34 1330
34 1519
34 2901
1039 1581
1039 837
1039 148
1039 870
1581 2092
1581 2942
1581 1771
1581 2485
2082 2321
2082 297
2082 279
2082 933
2082 2070
366 549
366 1635
366 175
366 638
366 2303
366 1869
549 2928
549 1313
549 526
549 1362
549 271
8 841
8 1507
8 1523
841 832
841 1703
841 2118
841 2993
841 1170
1671 2023
1671 2556
1671 2844
2023 1560
2023 2888
2023 1514
2023 950
2023 1993
1178 660
1178 956
1178 1210
1178 1025
1178 308
1178 1516
1865 2791
1865 1654
1865 2016
1865 2260
2791 2990
2791 2883
2791 1491
2791 2989
74 1279
74 1079
74 2018
74 2310
1468 860
1468 217
1468 2820
1468 1338
1535 1869
1535 2971
1535 733
1535 1148
1535 38
1535 1984
1869 2307
1869 1192
1869 836
1869 1745
1869 2342
1991 1215
1991 739
1991 1463
1991 1084
86 2831
86 2138
86 2438
86 1525
86 2869
86 2486
86 1107
2831 1521
2831 2367
2831 1432
2831 1490
3 847
3 1225
3 761
3 126
847 589
847 1120
847 71
847 2455
376 1358
376 1914
376 913
376 2890
376 231
376 2667
1358 343
1358 2207
1358 1780
1358 2059
234 2177
234 1430
234 2645
234 45
234 2321
234 2129
2177 2942
2177 2196
2177 1848
2177 1108
2177 272
191 337
191 1744
191 1160
191 122
1362 2328
1362 2252
1362 1277
1362 2413
2328 1793
2328 1661
617 1730
617 486
617 703
617 1210
617 2499
617 546
2959 340
2959 2669
2959 745
2959 1
2959 1325
2959 1903
1226 1649
1226 1519
1226 717
1226 1964
1226 2448
1649 1478
1649 1885
1649 1275
1649 1548
1219 2693
1219 2873
1219 589
1219 2415
1219 199
1219 2240
1219 432
2693 911
2693 2847
2693 2126
2693 126
1513 1325
1513 1195
1513 1089
1513 287
281 2223
281 1453
1558 1023
1558 2093
1558 813
1558 2937
1558 1360
278 815
2069 2863
2069 1978
2069 1168
2069 642
2069 2307
2863 631
2863 1321
2863 1534
2863 29
2863 2639
912 1984
912 622
912 2947
912 1585
912 1083
912 2495
912 2301
1984 1032
1984 1618
1984 1552
1984 1456
148 371
148 1578
148 1830
148 881
616 2557
616 2678
616 1382
616 2807
616 2966
1027 1883
1027 302
1027 1016
1027 2210
1027 1405
1027 545
717 2371
717 2304
717 480
717 57
717 979
1455 2956
1455 803
1455 1289
1455 1221
925 1657
925 1650
925 1049
925 1759
925 455
1657 2828
1657 2720
1657 2644
211 624
211 2876
211 432
211 291
211 1474
624 906
624 1637
624 2939
624 2732
624 2679
713 1336
713 176
713 287
713 332
2827 2892
2827 2656
2827 2820
2827 2568
2827 1737
2892 1253
2892 349
2892 1239
1652 2925
1652 1058
1652 1856
1652 2234
2925 316
2925 1128
2925 2567
2925 2330
2925 172
1968 1708
1968 1767
1968 731
1968 2628
745 2038
745 2002
879 2480
879 130
879 120
2480 873
2480 2484
2480 429
2480 1091
2480 203
677 2760
677 2322
677 2746
677 1313
677 1132
677 2706
2760 1759
2760 56
2760 2096
2760 1539
2760 584
2760 451
853 2854
853 1367
853 2776
853 1355
853 1247
1707 833
1707 2381
1707 1818
1707 1481
1707 285
1707 2765
1690 2170
1690 1266
1690 183
1690 2790
1690 2859
2170 267
2170 1420
2170 2568
401 1135
401 500
401 1089
1135 2223
1135 1516
1135 1575
1135 390
1135 236
1135 1355
2517 1153
2517 2448
2517 648
2517 941
2517 1789
2517 384
2415 2840
2415 2198
2415 2222
2840 337
2840 1529
2840 396
2840 826
2799 877
2799 145
2799 167
2799 2041
2799 2483
2799 1885
2144 79
2144 1782
2144 908
2144 402
2201 2322
2201 309
2201 1301
2201 2728
2201 408
2201 2890
2322 2735
2322 1909
2322 784
2322 2578
174 1092
174 2574
174 413
174 199
1092 1142
1092 1267
1092 382
1092 2557
1092 1482
2909 1365
2909 2377
2909 2012
2909 2708
2909 1713
2909 1741
905 2931
905 643
905 1307
905 2547
486 1275
486 2819
486 1899
203 2096
203 728
203 1519
2075 2627
2075 601
2075 116
2075 4
2075 11
2075 1078
2627 1109
2627 2985
2627 1306
2627 1549
2627 1313
2627 1597
1269 1480
1269 1596
1269 1857
1269 803
1480 1148
1480 240
1480 381
1480 2288
79 464
79 2105
79 2850
79 1463
48 592
48 1674
48 1239
48 29
2352 2084
2352 2721
2352 2492
2352 1411
2352 1505
2352 875
1460 1979
1460 922
1460 1057
295 2182
295 2342
295 1584
295 1279
806 1197
806 2411
806 2900
806 2494
806 1202
1197 706
1197 558
1197 525
1197 1029
1611 2348
1611 1300
1611 246
2348 81
2348 2242
2348 719
2581 1637
2581 556
2581 1551
876 1899
876 1252
876 2164
876 1548
876 1664
1899 1934
1899 2152
2530 1617
2530 1236
2530 670
2530 2213
703 961
703 748
703 994
703 1270
961 1727
961 1829
961 2689
961 1692
961 1676
961 1750
1895 1775
1895 975
1895 956
1416 159
1416 2400
1416 26
1416 854
1416 1057
204 1213
204 1228
204 612
204 2197
204 2736
204 884
204 798
1213 470
1213 692
1213 464
1213 1022
1213 2033
1206 2485
1206 641
1206 2161
1206 1542
1206 514
389 2198
389 939
389 2036
389 1056
389 1172
389 732
2198 2257
2198 653
1462 1888
1462 2990
1462 1351
1462 1075
1888 1564
1888 1515
1888 2149
1888 1842
1888 350
813 2538
813 1582
813 1142
813 2758
35 394
35 134
35 856
35 897
35 1248
394 2641
394 2698
394 1565
394 1562
2290 1123
2290 1670
2290 2493
592 357
592 958
592 2745
592 1005
592 2906
1584 1999
1584 2408
1584 2639
1584 42
1584 514
1999 1697
1999 1981
1999 2598
1999 1531
1999 746
906 893
906 1286
906 402
906 1182
130 402
130 988
130 2156
130 39
130 2798
130 1751
402 209
402 1903
402 2758
402 468
56 1523
56 1621
56 984
2400 2126
2400 1319
2400 669
2400 850
2400 2350
209 1449
209 2054
209 2988
209 2803
1449 273
1449 2585
1449 2204
1449 887
2029 205
2029 2988
2029 2372
2029 2745
757 2464
757 85
757 1470
757 299
155 166
155 656
155 2563
155 2789
155 2943
166 2169
166 2436
166 902
166 2800
2254 984
2254 2310
2254 2066
831 1051
831 1163
831 1912
831 843
831 1097
831 1453
2262 2816
2262 564
2262 98
2262 968
2816 1466
2816 2342
2816 666
1727 1301
1727 676
1727 564
1727 1050
2745 2970
2745 2967
2745 1025
2745 774
2970 2303
2970 740
2970 552
63 348
63 2594
63 279
63 965
63 1343
348 2024
348 123
348 1064
1040 2545
1040 705
1040 2823
1040 2559
1040 1026
1040 1445
2545 815
2545 2155
2545 595
2545 2854
479 1009
479 2486
479 231
479 735
560 2052
560 978
963 1507
963 76
963 984
963 360
963 1831
1507 212
1507 1534
1507 1967
1023 493
1023 1562
1023 2345
1023 2842
1023 1770
1023 558
887 1506
887 2667
887 552
1394 1730
1394 1655
1394 2341
1394 833
1394 195
1394 2719
1730 1526
1730 2232
1730 743
1730 46
537 2338
537 2436
537 2552
537 1505
537 427
537 798
2338 437
2338 2007
2338 90
387 1576
387 1391
387 69
387 2004
387 1960
387 1645
1576 311
1576 2806
1576 2908
1424 1838
1424 2471
1424 1880
1424 982
1838 2626
1838 227
992 1161
992 1083
992 636
992 90
992 2167
1161 2551
1161 487
1161 947
1161 105
1161 761
1161 1956
30 292
30 2995
30 2381
30 790
30 2448
292 399
292 2353
292 1395
1893 2582
1893 2617
1893 2856
1893 2172
1893 1270
1893 42
2582 1602
2582 466
2582 1628
329 2574
329 2373
329 1363
329 2544
329 1793
329 2776
2574 1546
2574 1721
2574 2993
821 1050
821 819
821 2939
821 1334
821 2604
821 2852
1050 2661
1050 660
836 1275
836 2922
836 1756
836 666
836 2542
510 1654
510 655
510 2240
1388 2308
1388 2194
1388 1525
1388 575
250 1463
250 1273
250 2071
250 2247
250 1350
1463 1855
1327 741
1327 2059
1327 924
1327 1802
523 2790
523 1041
523 87
2790 2637
2790 2906
542 817
542 2547
542 2697
542 776
542 769
817 1731
817 2395
817 659
754 1352
754 1263
2238 1640
2238 357
2238 1126
2238 1772
1333 1841
1333 1763
1333 705
1333 1821
1333 1081
1333 2532
1841 150
1841 1436
1841 2152
1841 2650
275 1227
275 2013
1227 1074
1227 1859
1227 2705
1227 1021
1006 1217
1006 1636
1006 626
1006 1783
1217 774
1217 1444
364 1750
364 433
364 1843
364 1284
364 1825
364 1081
1750 2815
1750 2003
1750 1015
1750 1733
1750 2042
2276 324
2276 2539
2276 844
2276 1421
2276 61
1521 1471
1521 766
1521 2705
1521 1253
1521 2232
1903 852
1903 978
822 2793
822 2596
822 2646
822 1164
2793 2653
2793 654
2793 1413
2793 1939
2793 1470
1314 2501
1314 738
1314 1366
1314 726
1314 141
1314 2513
2501 470
2501 129
2501 1172
2501 2669
2501 145
687 2339
687 1597
687 288
687 893
687 2731
2339 1541
2339 431
2339 792
2339 582
2339 659
747 1510
747 1176
2598 1053
2598 489
2598 2705
2598 1303
2598 269
974 1509
974 2496
974 272
974 383
974 1054
974 819
743 352
743 545
743 1719
743 706
743 2567
1502 1505
1502 2782
1502 1786
1502 361
1505 2066
1505 1250
1505 2916
514 1374
514 101
1560 432
1560 441
1560 2691
1560 150
589 2218
589 2388
589 967
589 418
2218 279
2218 1804
2218 487
2218 2182
2218 1193
472 1404
472 2257
472 241
472 1109
1404 1120
1404 202
1404 1821
1583 758
1583 1773
1583 1413
774 2111
774 1170
774 1788
774 645
450 827
450 135
450 2981
450 1898
450 2066
450 2068
827 2041
827 2646
827 2937
827 1198
660 1781
660 2129
1412 2214
1412 2319
1412 505
1412 2409
114 649
114 563
114 2353
114 2776
114 488
114 1348
114 1587
649 527
649 2672
649 1306
649 1066
649 81
1951 1621
1951 1156
1951 1752
1951 2670
870 1553
870 297
870 1343
870 2152
870 1149
1192 2632
1192 636
1192 561
1192 2342
1192 2076
2632 419
2632 1060
2632 1199
2632 1145
2223 1075
2223 2079
2223 1725
2196 2717
2196 2888
2196 2333
2196 198
2717 2960
2717 734
2717 1618
2717 225
1272 2332
1272 987
1272 2502
1272 714
1272 611
1272 1612
1272 901
2332 2007
2332 2969
2332 2658
2332 2951
2971 471
2971 2033
2971 2204
2971 2934
2971 1924
1015 2447
1015 719
1015 280
1015 1121
1015 1797
2447 2690
2447 3000
2447 2245
2447 639
2167 249
2167 1890
2167 921
2167 1641
2167 2127
1235 1929
1235 1378
1235 1600
1235 2649
1729 1790
1729 608
1729 373
1729 1937
1729 2620
1790 471
1790 2489
1790 2952
1790 1577
1456 169
1456 535
1456 959
1456 2682
2054 231
2054 446
2054 815
1793 327
1793 385
1793 1249
1793 256
793 2519
793 2954
793 309
793 2676
2519 1267
2519 1772
2519 1481
2519 1850
2519 988
1536 2563
1536 742
1536 163
1536 2046
1536 241
2563 698
2563 157
2563 2135
2093 4
2093 2489
2093 1355
2093 855
2093 731
2093 1193
145 1251
145 2667
145 1172
145 540
145 1578
1251 2088
1251 189
2089 2483
2089 2004
2089 797
2089 1300
2089 526
2089 1741
2483 2308
2483 1010
2483 2464
530 2819
530 2362
530 1057
2819 1041
2819 1864
843 1064
843 2724
843 1960
843 2138
843 2802
1064 2893
1064 2763
1064 2828
1887 2497
1887 444
1887 2800
1887 2681
1887 2443
1887 1534
1887 122
2497 2139
2497 1369
2497 2120
2497 2272
51 835
51 2071
51 313
51 1410
51 1163
835 1079
835 648
835 1228
835 489
1434 778
1434 540
1434 1370
1434 418
2494 738
2494 1253
2494 2443
2494 283
735 1238
735 1444
735 128
1238 2670
1238 273
1238 1914
1238 1782
2537 2883
2537 570
2537 1128
2537 1010
1111 2185
1111 90
1111 967
1787 2266
1787 1444
1787 1779
1787 1981
1787 1873
2266 2377
2266 2559
2266 815
242 1076
242 18
242 1553
242 491
242 1326
242 2500
1076 2076
1439 2751
1439 2997
1439 666
2751 2408
2751 252
2751 1587
2751 146
2751 1564
327 1120
327 273
327 1229
327 2115
1120 2586
1120 1692
669 1005
669 1169
669 733
669 670
669 2691
1005 1508
1005 85
1005 899
1783 2682
1783 2057
1783 1758
1783 1639
2682 2826
720 1724
720 2773
720 1441
720 891
720 2407
720 858
1724 406
1724 240
1724 2496
1724 1811
154 1084
154 1367
154 2033
154 1592
1084 2538
1084 2585
1084 1164
1084 943
2954 1445
2954 1127
2954 2850
2954 2423
241 1201
241 2936
241 1699
241 977
1201 1913
1201 1796
1201 2904
1201 264
1201 807
721 2592
721 1659
721 2105
721 2131
2592 937
2592 285
2592 2006
1264 1299
1264 2473
1264 252
1264 1210
1264 2026
1264 2586
1264 1851
1299 2960
1299 1828
1299 1628
1299 186
333 1414
333 2947
333 914
333 1199
333 2
178 319
178 308
178 2597
178 787
178 1877
584 2815
584 1326
584 696
1127 2233
1127 2936
2233 804
2233 432
2233 2508
2233 1566
2233 2735
69 1619
69 2430
69 2396
69 2951
69 1211
1619 1997
1619 2372
1619 37
1619 547
1619 243
1523 2987
1523 742
1523 1585
1523 1963
2987 1057
2987 1074
2987 1377
2987 779
2987 1124
738 1063
543 2707
543 1837
543 2138
543 2310
543 2774
2707 1144
2707 1885
2707 2929
2707 2858
2707 1831
2707 2216
1680 2264
1680 1782
1680 1429
1680 2111
2108 2859
2108 2103
2108 2721
2108 1864
2108 2283
2108 2034
2859 1451
2859 2677
2859 1245
1471 744
1471 287
1471 1847
1471 1303
1471 561
1471 2758
1335 942
1335 1998
1335 81
1335 1833
1335 2939
877 2004
877 2227
877 1107
877 2708
877 1641
2589 642
2589 210
223 2207
223 225
223 656
223 1331
223 1645
2207 2286
2207 652
2207 2164
2561 2841
2561 2049
2561 2746
2561 937
2561 2493
2841 2595
2841 1845
1487 819
1487 2731
1487 709
1487 2854
1487 18
400 709
400 1796
400 2215
1369 2641
1369 894
1369 2493
1369 547
1369 946
2641 1141
2641 2078
2641 238
1620 1994
1620 87
1620 1917
1620 197
1620 619
1994 871
1994 1556
1994 1544
1994 544
1994 1102
1459 2571
1459 979
1459 967
2571 1043
2571 2618
2571 2727
2571 990
1297 1645
1297 2560
1756 2003
1756 1426
1756 249
1756 1041
1756 2637
2003 1969
2003 173
2003 1236
2003 1032
2244 109
2244 2380
2244 1852
2855 152
2855 1240
2855 807
2855 952
2855 1979
1848 2586
1848 2273
1848 1466
1848 985
2990 80
2990 654
2990 2202
2990 563
1713 473
1713 1883
1713 1077
1966 2523
1966 2448
1966 1562
1966 526
1966 2097
2523 2117
2523 2190
2523 2143
2523 2278
1183 2409
1183 1843
1183 2004
147 1223
147 1097
147 1279
1969 83
1969 667
1969 2350
1969 625
1969 417
1969 1845
1451 2077
1451 1666
1451 2452
2077 2336
2077 1907
2077 2243
2893 2428
2893 146
2893 1078
2242 2283
2242 966
2242 1705
2283 1129
2283 2307
2283 1548
2283 315
2246 719
2246 2129
2246 1075
2246 343
2567 2753
2567 1160
2567 2699
2753 231
2753 2041
2753 337
2653 71
2653 1942
2653 144
1579 2506
1579 2873
1579 714
1579 1370
654 1303
654 1083
654 297
110 1912
110 1100
110 46
110 1781
110 1594
110 417
110 2982
1912 1802
1912 1058
1912 226
2478 779
2478 2
2478 2666
2478 2181
2845 2684
2845 2059
2845 2109
2845 1045
2845 2104
2260 1053
2260 1477
2260 1417
2560 1963
2560 92
2560 1041
1342 1366
1342 1170
1342 809
1342 641
1366 76
1366 966
1366 473
891 1430
891 2974
891 87
891 432
1430 663
1430 1324
1430 269
1430 808
1430 809
2080 1867
2080 1995
2080 1365
2080 1268
2080 1145
726 2513
1907 2669
1907 2784
1907 1538
640 801
640 904
640 834
640 1936
640 599
640 2670
640 502
801 2304
801 1248
801 614
1330 2061
1330 670
1330 2452
1294 2493
1294 470
1294 2584
1294 2697
1294 2311
2493 36
2493 2098
2493 2599
884 493
884 1250
884 2912
884 1986
249 1818
249 2778
1818 893
1818 2219
1818 2883
1818 2294
1764 2885
1764 848
1764 1109
1764 758
341 2802
341 2672
341 37
341 1971
98 521
98 2788
98 2293
98 50
910 2732
910 175
910 988
910 2274
910 2873
2732 1519
2732 2009
908 1639
908 2004
908 1441
908 2368
908 2217
908 2274
1639 176
1639 81
1639 505
1876 2296
1876 2271
1876 2620
1876 1856
2296 2142
2296 1993
2296 107
943 977
943 2259
943 1843
943 2934
943 656
1300 862
1300 1600
1300 1939
1239 243
1239 1465
1239 933
1239 491
1551 304
1551 2504
1551 1421
1551 574
1551 1160
312 41
312 488
312 1316
312 1546
312 1066
1334 340
1334 1102
1334 2181
188 1700
188 75
188 1661
188 1718
188 226
1700 39
1700 2475
1700 1211
1700 2931
1552 1090
1552 2871
1552 2866
1552 2777
1552 546
1356 2445
1356 1037
1356 2739
1356 1607
1356 1600
2445 2758
2445 2226
2445 670
2445 1752
1992 2363
1992 2938
2363 2216
2363 237
2363 972
2551 2053
2551 670
1259 1465
1259 1922
1259 1741
1259 1974
1259 516
18 2865
18 1229
18 368
2222 2825
2222 2186
2222 2498
2222 2419
2222 84
2222 1735
2825 1013
2825 1156
2825 469
2825 1481
2825 709
2825 2319
2428 386
2428 1719
2428 247
2495 1016
2495 2803
2495 645
1987 2182
1987 1674
1987 1735
1987 2577
1987 635
136 197
136 309
136 383
136 538
136 1628
136 2252
136 899
197 451
197 222
197 1195
197 923
1218 1922
1218 1067
1218 1202
1218 1141
1922 1199
987 207
987 384
987 2637
987 1704
1465 1096
1465 1290
1465 1173
1582 1825
1582 550
1582 2644
1582 889
1582 105
1915 47
1915 1200
1915 2739
1915 692
1915 2150
2669 972
2669 146
2669 70
2733 2340
2733 1361
603 1282
603 1834
603 2464
603 139
1282 1306
1282 1426
1282 1911
1282 609
381 2401
381 2071
381 380
381 269
381 171
2401 1063
2401 181
2401 2579
2401 1744
2401 1585
2401 80
1164 1578
1164 2057
1164 2496
1578 2459
1578 1123
982 924
982 2079
982 10
982 232
2920 2988
2920 792
2920 752
2920 2502
2920 2139
2988 2633
2988 2084
2988 1565
833 1878
833 2906
833 361
833 600
117 2291
117 620
117 889
117 449
2291 390
2291 2304
2291 2092
1258 2381
1258 2604
1258 2273
1258 1044
1258 2906
2381 1542
2381 2227
1323 652
1323 2181
1323 2158
1323 938
1515 1851
1515 778
238 487
238 1854
238 1843
487 1231
1363 2848
1363 2696
1363 984
1363 2295
2848 2496
2848 1490
2848 1533
2848 851
1077 2225
1077 1717
1077 716
1077 1340
2225 1964
2225 2109
2225 2060
2225 1709
2225 186
36 1405
1199 1855
1199 2569
1199 220
260 1185
260 808
260 1967
260 1540
1185 373
1185 1804
1185 2355
1185 655
1185 940
2974 2615
1418 2639
1418 1517
1418 175
1418 2484
1418 886
2639 2315
2639 1036
1170 763
1170 2307
1170 997
2818 2541
2818 23
2818 2924
2818 2148
374 2341
374 1834
374 1071
386 2617
386 1285
386 2618
386 2739
1354 2331
1354 989
1354 1042
1354 70
1354 225
2331 1074
2331 1618
2331 2081
2331 1247
38 1193
38 1891
38 580
1193 1786
483 2775
483 2594
483 1045
483 944
483 746
2775 663
2775 1924
1546 2272
1546 1510
1546 120
1546 2550
2272 1436
2272 1587
2272 1850
2272 2409
299 739
299 1343
299 2608
299 557
739 544
739 1364
739 1517
739 2871
739 2191
849 95
849 2143
1195 1514
1195 335
1195 2996
904 1481
904 2643
904 2607
904 2998
904 2316
1186 953
1186 1425
1186 656
2607 2891
2607 2809
2607 2531
2607 2852
2891 1784
2891 903
2891 697
2891 2063
2891 597
663 869
663 267
126 2245
126 473
126 1722
126 1781
2245 1180
2245 1057
2245 2353
2245 1664
1963 2243
1963 2002
1963 103
124 1381
124 1559
124 2850
124 1123
124 878
124 103
1381 2629
1381 1997
1381 622
1381 2308
1381 1414
2684 2475
2684 566
2684 1283
2684 1054
2684 2140
2071 290
2071 2173
426 2484
426 2721
426 2226
426 862
426 1032
426 2552
2026 860
2026 1273
2026 2141
775 733
775 2615
775 1018
775 2311
775 2285
1410 2118
1410 2173
1410 287
1410 520
1410 2989
1410 911
2118 1223
2118 1107
620 1733
620 718
620 1338
620 466
1733 2045
1733 1
1733 2455
1733 2570
764 1189
764 285
764 2720
764 1721
764 96
764 2993
1189 2747
1189 2317
1189 2595
1189 508
1719 2873
1719 507
1719 2977
1719 2885
1719 557
2873 107
2873 869
2873 798
1397 2822
1397 2685
1397 952
1397 2499
2822 601
2822 1351
2822 2626
2822 2815
1123 1808
1123 313
1123 696
176 1253
176 495
176 2623
917 1138
917 2489
917 2330
917 1090
1138 326
1138 2815
1138 582
1138 1049
1395 1931
1395 290
1395 391
1931 2617
1931 1336
1931 1149
1931 922
1008 1641
1008 2671
1008 293
1008 2226
302 1545
302 897
302 1270
302 57
302 2427
1545 2869
1545 858
1545 196
1545 1629
87 2418
87 1405
1792 2570
1792 502
1792 2852
1792 2761
1792 414
2570 966
2570 1937
2570 416
2570 718
2164 1249
2164 2221
2164 800
181 1676
181 832
181 2052
181 1744
1564 1090
1564 2685
1564 666
399 2380
399 763
399 2678
399 2269
2380 1720
2380 889
2380 2440
2380 1837
705 1898
705 2625
705 2852
1898 520
2649 933
2649 2146
2649 988
2649 1374
2735 477
2735 2706
2735 3000
2735 614
971 446
971 2763
971 1885
212 2412
212 2762
212 704
719 1316
719 746
2586 256
2586 1302
2583 337
2583 1645
2583 1012
1985 337
1985 2812
1985 2439
1985 2258
1250 1237
1250 954
706 1375
706 2131
706 1286
706 2141
576 544
576 2486
576 1244
2185 1414
2185 65
2185 1168
2185 766
2185 11
1225 1110
1225 2372
1225 2928
1225 225
4 2407
4 1349
4 647
4 2116
2554 2869
2554 334
2554 2964
2869 1510
2869 2559
2815 1452
2815 1974
1868 2837
1868 2507
1868 1972
612 478
612 2650
612 2139
612 186
612 2924
2876 1534
2876 1030
2876 1066
2556 1918
2556 1629
2556 2795
2956 504
2956 187
187 2095
187 2205
187 608
187 1168
2131 2931
2131 1169
2131 2534
1962 2789
1962 1743
1962 1533
1962 741
2024 1421
2024 1784
2024 41
2024 246
2024 2088
2595 2762
2595 1355
2595 2357
2595 1110
2762 1725
2762 2413
2762 352
2762 2056
1402 1435
1402 1911
1402 540
1402 611
1435 23
1435 2388
1435 2392
1526 1731
1526 2633
1526 283
416 2158
416 1900
416 2441
416 317
2158 2629
2158 1745
2158 255
2158 2151
2158 1866
199 2820
199 1796
574 1054
574 313
574 1198
574 1637
574 2070
574 446
1054 1789
1054 1980
2306 418
2306 2151
196 1108
196 1286
196 344
1108 2770
1108 1036
1978 903
1978 1908
1978 84
1978 2216
142 2912
142 1176
142 285
142 773
142 2355
2425 2522
2425 902
2425 1144
1697 856
1697 2046
1697 1986
1697 2162
1697 756
1470 2774
1470 2829
1470 2807
1470 899
2774 2727
1228 1866
1228 2765
2359 82
2359 2789
2359 932
44 2407
44 1361
2407 1231
362 2850
362 2482
362 340
362 1156
2951 1959
2951 2890
2951 768
1824 2585
1824 939
1824 1799
1824 1956
437 1883
437 2865
437 2724
273 1263
273 1788
273 2405
2810 2929
2810 792
2810 237
2810 391
2810 161
2929 2161
2929 538
2395 2421
2395 1098
2395 2765
2395 224
2395 72
2421 2507
2421 334
2421 2492
2421 1997
2628 269
2628 1528
2628 647
2628 2797
989 2033
989 2766
989 1385
989 1858
989 1013
2033 1029
2033 2041
566 2228
566 2387
566 2122
1097 1566
1097 2370
1097 2409
1566 1249
1566 2704
997 1628
997 2303
997 2216
1628 972
1628 1607
1628 1777
763 2215
763 2703
763 42
763 1149
763 171
2215 1321
2215 2156
2215 1452
1324 2908
1324 2534
1324 1890
1324 2431
2645 1124
2645 1661
2645 493
575 1345
575 414
575 978
575 760
575 2484
1158 473
1158 1892
1158 2336
2438 527
2438 1287
2438 2958
2438 1752
2438 1955
1370 1617
1370 75
1370 468
1370 1718
1370 1153
1617 324
1617 1825
1617 226
1617 2986
2800 1829
2800 1149
2006 2996
2006 779
2006 611
2996 297
2996 2746
1698 1153
1698 672
1698 3000
342 357
342 2145
342 2626
342 335
357 2308
357 2365
149 490
149 1938
1278 1375
1278 2129
1278 540
21 716
21 332
21 622
21 371
21 2889
716 1572
716 1063
716 2286
716 1775
716 1607
152 1953
152 653
152 2544
152 494
1953 1972
1953 2263
1953 2441
1953 698
653 2387
653 2084
653 343
1980 1102
1980 922
1980 944
1980 2117
2336 1121
2336 2228
2336 2045
1509 2708
1509 613
2120 2724
2120 2142
2120 856
2120 760
2120 2117
2724 1858
2724 1596
2724 2485
1352 2807
1352 819
1858 2995
1858 1365
1858 493
1596 1718
1596 2780
1596 313
297 2958
297 1842
572 711
572 2061
572 332
572 2706
572 902
572 591
711 1974
711 121
711 1894
711 1601
711 2197
2633 2720
2633 778
2633 1072
2720 873
2720 1148
23 2764
23 770
2550 264
2550 2585
2550 2057
2550 1989
65 2829
65 2243
65 1385
2829 66
2829 2140
194 2485
194 2166
194 1042
194 1208
194 1188
2485 2271
2485 580
1712 2650
1712 1544
1712 283
1712 2000
1712 731
2888 2540
2888 2901
2295 2617
2295 279
2295 2219
2295 860
2295 818
2617 1240
2617 161
2617 61
1849 1821
1849 106
1849 629
1849 2678
845 2887
845 2243
845 613
845 1478
2297 1240
2297 1000
2297 1151
690 1828
1959 1406
1959 2009
1959 808
679 1107
679 2620
1350 1466
1350 946
1350 1232
1350 1731
779 2532
779 352
779 697
966 2658
966 979
966 590
909 1770
909 1831
909 396
909 449
909 1971
1770 2473
1770 1042
1770 1319
1770 1145
593 1364
593 1279
593 2074
2558 2418
2558 2357
2558 1636
2558 138
1687 1808
1687 2230
1687 1466
1687 1152
1687 2508
1687 2142
1687 2803
1808 832
1808 419
2074 2217
2074 2852
2074 2183
2074 1392
2074 1060
2217 140
2217 2247
2217 104
2773 1349
2773 2119
601 2508
601 2743
391 1780
391 308
1780 1957
1780 956
1780 444
1705 957
1705 1474
1705 2367
1705 1448
449 967
449 2171
449 96
967 2919
967 1612
55 1602
55 1529
55 2136
1602 2214
1602 232
1184 498
1184 1411
1184 2259
1184 2430
1450 1572
1450 1265
1450 1086
1450 1810
1572 303
1572 195
1572 189
1572 2127
332 869
332 151
1529 1636
1529 1151
1529 848
1529 227
1636 1804
1636 701
2173 2139
2173 80
2173 781
1153 1385
1153 2856
1153 2482
2122 2439
2122 563
2122 370
1244 2635
1244 2803
1244 1940
1244 2293
2635 665
2635 803
1883 582
1883 2877
1883 2045
1883 2657
1641 2922
1051 2240
1051 1872
1051 1587
1051 1445
2240 2273
2240 614
1221 309
1221 658
469 1592
469 2884
469 1003
1592 2585
1592 734
1592 804
2038 2681
2038 773
2038 150
2681 953
2681 2232
2681 2658
159 383
159 1640
159 2744
159 129
159 2618
159 699
383 2176
383 1575
2045 613
2045 595
2045 129
409 1955
409 2685
409 1939
1955 1130
582 2413
582 184
582 1789
2538 1954
2538 2205
2248 1210
2248 2241
2248 2511
2248 2766
2248 604
2248 709
1873 590
1873 2105
14 141
14 2116
14 1071
14 1852
14 2532
14 2747
2661 2689
2661 563
2661 692
2661 1168
2661 349
477 1079
477 382
477 700
1079 2035
550 1786
550 767
1786 512
1786 2211
1786 2884
2027 2778
2027 1831
2027 539
493 1880
501 873
501 1974
501 848
501 173
501 1936
2697 962
1717 2257
1717 2
1717 1758
1717 2795
2263 32
2263 1074
2263 1367
101 1224
101 2062
101 2602
2409 741
1834 284
1834 2656
1834 343
1141 2286
1141 2604
1606 1110
1606 1843
1606 1708
1606 809
2511 1022
2511 2584
798 2671
798 2941
2471 2651
2471 1391
2471 222
837 2903
837 781
837 2370
2903 2103
2903 1337
2903 580
2903 604
1375 1759
1375 2423
1974 1784
1391 468
1391 1936
378 1571
378 2731
378 2657
378 675
378 1711
1571 702
1571 2253
123 2513
123 563
2513 2578
2513 1807
2513 1823
2513 1215
2189 2056
2189 2677
2189 2808
2189 1967
2189 809
2189 2842
1325 2879
1325 2115
1325 169
2879 2828
2879 2303
2879 1914
1669 2966
1669 1547
1669 2842
1772 2107
1772 2508
1772 1365
1772 42
2107 267
2107 1751
2107 773
2107 1232
2675 1517
2675 899
2675 1132
198 1640
198 881
198 889
198 1286
198 1277
1640 2731
538 2728
538 284
538 1286
2728 2712
2728 1765
2728 1902
1486 1267
1486 218
1486 1215
2531 2656
2531 2498
2531 2103
2877 1516
2877 508
2877 1807
778 361
2690 433
2690 2626
2690 2434
2690 2492
102 2281
102 2650
102 1343
102 1208
102 2316
1954 1010
1954 2534
1954 2294
279 932
279 103
279 614
932 944
932 1343
1237 2887
1237 2922
1237 2136
1237 1431
1237 1180
2887 2361
2887 618
298 692
298 441
298 2330
298 2450
1924 958
1924 1829
1924 2734
1924 95
2285 1426
2285 140
2285 1332
1544 1731
1544 704
1544 1137
1731 2475
1731 173
226 1981
226 2997
1981 1261
1981 29
1981 1236
522 2584
1621 225
1017 2968
1017 1613
1017 1152
1017 2499
2968 343
2968 2764
2968 768
2968 2689
2968 1436
1782 2542
1782 2234
1782 293
2542 365
2542 657
2542 2382
2542 1542
734 2858
734 2842
734 1847
2007 2889
2007 1253
2007 2731
2007 2544
2889 32
2889 2624
2889 2367
2889 2934
873 2138
873 345
873 326
2088 2625
2088 189
2142 1321
2142 1086
2142 834
246 1815
246 2789
246 818
246 2203
1815 2965
1815 2502
1815 872
419 1743
419 2096
419 2727
1743 534
1743 1003
1200 2308
1200 2562
2308 1018
766 468
766 1704
766 328
1163 1473
1163 158
1163 953
1263 2327
1263 1777
1263 2450
1263 851
2327 1732
1587 1321
140 1769
1769 239
1769 2
1392 1045
1392 2156
1392 17
138 942
138 1483
138 2028
138 2618
138 403
138 442
942 2430
942 2797
942 1715
942 2995
2960 2608
2960 658
2960 89
2230 2301
2230 2727
2230 2964
2230 45
2230 2052
2301 558
2301 1670
2301 1028
2450 1302
2450 666
2450 2431
2450 1788
1284 1204
1284 2540
1284 1014
1284 2719
1284 1914
2 993
2 949
1855 2393
1855 1088
1957 224
1957 371
1957 1609
2486 202
2486 1732
2486 1224
1421 2703
1421 1349
1421 539
1519 2624
1519 2916
2922 1305
2922 2520
1538 2316
1538 425
2316 1277
2316 2436
2316 10
41 1431
41 1648
41 1514
39 2949
39 13
39 371
39 2900
1401 1741
1401 2094
1401 2883
1401 590
2789 1152
2789 1852
1763 2288
1763 647
1763 1886
284 2699
284 1654
284 3000
284 1880
284 700
2699 561
2699 2157
2699 1336
451 2191
451 2808
451 769
521 2871
521 1768
521 317
521 744
2871 2446
2871 1415
1804 2184
1804 2357
1804 171
2286 2703
2286 1872
1483 82
1483 2584
1483 1043
1483 2377
1453 2622
1453 946
1453 580
1453 328
2622 1979
2622 2116
484 2989
484 591
484 2053
2989 2036
2989 1857
2989 46
2656 2016
2656 2870
2656 2858
2656 1658
1771 293
1771 2499
1771 848
1771 2967
736 2981
736 792
736 1169
2981 2258
2981 1204
2981 894
2828 1477
2828 1773
2004 128
2004 940
2034 2269
2034 606
1575 962
1575 2273
1917 1784
1917 965
1917 325
1917 271
1979 1938
1807 2541
1807 732
157 500
157 1417
157 2146
157 158
500 2141
500 1493
2046 2852
2046 1096
2046 345
1261 1755
1261 2373
1261 1321
1261 1911
1261 534
1261 2623
1755 704
1755 1811
2608 1879
1414 328
1414 2166
1414 2698
75 2350
75 438
75 361
1767 2736
1767 2880
1767 2644
1767 954
2584 2784
2584 657
2584 1674
1845 718
1845 33
2172 1704
2172 85
2172 622
2172 652
1464 1525
1464 2706
1464 1072
1464 949
1464 639
1464 2105
1525 590
1525 2671
1525 2902
466 2194
466 2670
466 2104
466 1960
2194 1010
2194 1964
591 2712
591 2573
591 1757
1694 1758
1694 1857
1694 1348
1694 367
1694 1028
1758 2620
1758 303
826 2203
2138 1802
2138 1879
1784 1445
1784 913
1784 954
373 731
373 2148
373 2997
373 252
373 1752
256 2770
256 1285
256 1262
256 2618
256 1542
2528 1332
2528 1009
1995 2143
1995 2418
1995 1086
2823 2668
2823 1275
2823 2629
2823 1176
315 685
315 2623
315 146
315 1813
315 2866
685 701
685 231
685 408
1553 776
1553 1766
1553 1880
324 1128
324 1778
291 2396
291 2804
291 1833
291 1204
2464 2514
2464 1699
2464 2109
2464 1676
525 2629
525 1121
2146 2646
901 1508
901 2060
1083 728
1083 356
1777 2398
656 1779
1779 1287
1779 1377
2052 952
1654 236
1654 496
2629 894
1466 2300
1466 2195
478 2904
478 1744
478 642
2904 2544
2904 2191
2904 1902
2904 1715
2706 1098
2706 334
2706 2691
1030 1431
1030 2370
1030 622
1030 1126
1030 1029
2112 2419
2112 2559
2112 452
2258 878
2258 1091
2704 818
2704 476
2704 1252
2183 2807
2183 2573
2183 2676
2183 858
2183 1659
2183 2181
2807 2997
2807 2522
2807 1067
984 1937
984 977
2234 2604
2234 303
2234 120
2370 2557
2370 1751
1441 444
1441 1909
1441 641
1441 608
610 2013
610 1577
610 316
610 2342
610 37
2013 120
2013 1878
1510 759
1510 2055
2141 1607
2141 958
2141 202
2136 92
2136 556
2136 1648
1613 1452
1613 1265
134 1266
134 2934
134 2982
134 1789
134 491
1266 1332
1266 922
609 547
609 1224
609 70
702 2541
702 1661
702 1704
2541 15
2541 988
476 2952
476 508
476 872
2952 1285
2952 2161
2952 316
2952 429
2952 2343
2095 1854
2095 1601
2095 33
2850 227
2850 2692
1703 2062
1703 2350
1703 947
1703 264
2062 1367
2062 1516
2062 1706
2062 544
526 392
526 2061
2692 597
2692 1549
1741 1071
2752 2278
2752 2880
2752 2056
2752 539
2752 667
878 902
878 1577
878 2419
878 2104
902 1273
2203 2943
2203 1878
1156 604
1156 2171
1601 1057
1601 195
1246 2506
1246 494
1246 1542
2419 2646
350 2624
350 408
350 2315
2624 1009
2624 392
869 2573
869 894
45 527
45 2842
45 1788
45 83
45 1348
527 2012
527 1315
527 886
527 2978
1067 2498
1067 1531
444 1440
444 334
444 17
444 1679
1508 1265
1508 647
1508 2837
1090 2049
1090 13
1090 2492
1562 1593
1562 1971
135 767
135 2937
135 2119
1336 2455
1336 1752
2702 1886
2702 2197
2702 1112
2079 1440
2079 427
2079 2578
771 2509
771 1004
771 2552
771 1012
2509 858
2509 1289
2509 2830
2373 2520
2373 1629
872 1100
872 1761
872 1211
872 2577
1100 742
1100 2506
1049 1351
1049 1593
1405 852
790 2928
790 2557
790 1202
790 1597
2016 1880
1658 618
2666 881
2666 2210
2597 2440
2597 325
2597 1279
1929 491
1929 1071
2966 950
2966 696
972 128
1075 1971
854 2520
854 1208
854 1113
854 2846
854 37
2520 2434
2520 1211
3000 425
3000 613
2053 2844
2844 838
2844 1109
2844 2333
2844 1556
911 2502
911 553
911 2671
911 1655
911 1360
921 2924
921 288
921 2446
921 544
2924 1737
2924 1088
2924 714
792 2908
792 636
792 1406
2936 1082
2936 708
2936 2371
2936 2599
862 1248
862 2057
285 2786
283 1886
283 561
1886 497
1886 2431
169 2333
169 464
169 411
169 949
2890 1936
2353 2668
2353 1063
2353 17
2353 2967
2668 742
2668 1302
2668 2162
2668 1650
1517 11
597 1759
597 1316
2056 1801
2056 2826
950 2902
950 1267
1426 1268
1426 1013
2995 1547
2995 1607
2995 488
1821 2965
1821 2740
2965 1934
2965 2452
2965 1018
2965 701
1148 2162
1148 1964
2162 1609
2162 2219
425 2171
425 2059
1854 1145
1854 1478
1854 2096
1188 72
1188 1182
2916 1440
2826 1242
1413 139
1413 2084
217 2942
217 553
217 946
2942 1338
933 2129
933 2795
933 2837
2820 2636
2820 1014
2820 2012
2820 218
2195 675
2195 1624
1715 1331
1715 2579
2070 939
2506 1967
2506 1891
2506 2806
2506 741
2049 1305
2049 516
2049 2667
231 1830
231 109
2945 1348
2945 352
150 481
150 2993
150 1
72 2739
72 2371
72 553
72 856
516 1144
516 370
1144 808
1144 2219
1144 392
1144 2057
1364 647
1364 2941
851 1659
851 2986
851 667
1659 1128
1659 1810
2411 2430
2411 773
2411 2854
2411 2368
2475 380
2475 1759
2475 452
2247 1223
1559 481
1559 2569
1559 2939
473 1056
411 2784
411 129
411 1491
411 1775
411 61
2784 205
2784 1960
337 2797
337 2902
2949 2169
2949 2529
2949 2743
2997 1107
1129 62
1129 1765
1129 2115
1129 1316
1585 1735
293 2073
293 267
293 889
293 385
220 2076
220 552
220 2837
2186 57
2186 555
2625 1406
2625 2777
2625 2577
808 335
225 2547
225 2412
274 985
274 1061
1478 84
1478 1591
1478 2081
1478 2941
31 1223
31 1998
31 2788
31 740
1223 1236
1223 2300
968 1547
968 61
968 2393
968 675
968 2610
1547 1918
1547 2764
1547 1937
1547 418
894 1534
894 1446
894 467
2408 2969
2408 2143
1236 2761
1236 768
541 1415
541 1718
541 638
1655 2671
1655 163
1655 2967
1655 2155
1429 1878
1429 2500
1429 1152
1878 1208
1637 1332
1637 920
1210 2870
1210 1972
742 2455
442 2116
442 390
442 290
832 2439
832 2676
832 46
1306 638
1306 2599
1306 340
2145 676
2145 1676
2145 1082
1594 1837
1594 1531
1594 1285
1594 1319
1594 977
1594 770
1837 247
1837 965
1609 1666
1609 2105
189 1506
189 938
189 1850
189 1110
2166 704
2166 335
1914 406
1914 724
2636 452
2636 370
2636 2812
222 316
1399 2012
1399 195
1399 2281
1399 1986
1399 1044
2012 2808
2012 502
2182 1709
2182 104
1271 1338
1271 2939
1271 769
1271 1565
1271 697
303 2459
303 978
303 417
2459 438
2459 50
2459 728
406 2812
406 2978
121 698
121 954
121 767
121 237
698 1828
698 1679
698 236
1289 626
1289 105
1286 229
2333 2507
2333 1711
2310 1891
433 2184
433 1029
433 1768
433 2365
431 748
431 323
2096 2596
2096 2191
2596 207
2596 625
2596 92
1056 2036
1056 2482
1056 1745
2036 2778
2036 1406
2036 787
2110 1316
2110 923
2110 1265
2110 1833
2110 1029
1725 2190
1725 2736
1725 2412
1725 2148
618 1810
618 11
618 2569
618 1939
618 2803
1810 557
309 2009
309 2431
1245 1908
1245 2744
1245 629
1245 732
1908 2744
1908 1998
2747 613
2747 382
2747 1063
33 2059
33 1004
33 2943
1110 1171
490 2685
490 2618
490 441
2685 2155
2041 1514
2041 280
1102 564
1102 392
1102 2546
767 239
1166 636
2214 2830
2214 652
2214 320
2214 993
2214 1378
2830 2667
1541 761
1541 37
1541 1823
319 1851
319 744
319 1016
1036 881
1036 807
648 1290
648 2651
648 2579
95 1718
95 325
1718 1734
1718 645
2573 2000
2573 1528
2573 2060
1833 1967
1650 1721
1650 1691
1650 1679
2278 57
2278 2544
2155 959
2155 604
2219 2804
2219 1420
2334 62
2334 227
606 2055
606 1078
606 218
606 320
606 1229
2055 1273
2055 1022
797 83
797 2884
797 1316
553 103
553 746
553 1130
81 1766
81 1768
665 184
665 709
665 2423
2440 507
2440 552
2440 807
1332 1909
1781 2473
1781 676
1283 1938
1283 988
1283 1864
1283 1215
1283 2846
956 306
2448 2252
455 546
455 1275
455 317
546 2740
546 2540
1706 2427
561 151
561 759
1629 2274
1629 796
1629 513
1629 467
2274 276
2274 1971
2274 237
481 1448
340 2659
1301 1037
103 1732
2482 2900
2900 403
2139 1361
2139 2599
2139 2420
1531 360
1531 304
2736 2111
2736 1911
2736 2809
1825 1972
1825 1775
1825 352
1673 1879
1673 1797
1673 494
1673 629
733 2782
733 1
2782 1121
2782 2579
1082 375
1082 367
2161 1721
2161 2281
2161 1801
2161 2985
2646 2727
2303 1528
2205 2443
2205 2068
2205 1021
13 267
13 1802
276 2271
276 666
2626 429
2585 92
172 306
172 916
172 1204
953 2721
953 2443
953 639
776 856
776 1331
776 2986
893 2677
893 2643
893 1664
920 675
920 2650
202 1593
202 1997
2057 2498
84 2615
2615 1137
2615 1130
540 762
2357 427
195 2623
195 819
47 128
47 468
47 636
1053 109
1053 2211
1053 2498
1842 2758
1842 2504
2758 2035
2758 1856
1436 144
1436 994
2837 2906
2837 781
2259 495
2259 1721
2259 1709
1247 2319
1247 2420
1247 2637
2319 784
429 2568
429 520
2396 2441
2396 184
564 2539
564 2002
1319 2978
1319 1205
1343 1734
1734 762
109 513
109 2221
2739 1302
2858 384
2858 1061
2689 498
173 1796
2243 848
1109 1071
1096 107
1096 2356
175 2388
344 1885
344 657
344 1539
924 2202
924 600
158 954
158 2341
158 535
954 534
608 708
804 1113
804 2507
804 323
819 615
1491 2382
1491 2060
1491 1580
2382 1021
2382 1137
2382 352
2382 2135
2382 106
2938 2257
2938 37
2938 116
2938 2340
2938 985
2430 2978
2430 356
590 639
590 2529
860 129
860 1252
614 1287
614 1018
1171 2865
1171 1542
2341 1268
1409 2746
1409 2427
1409 2253
1409 1664
1409 2143
2703 2092
2703 1528
141 2786
141 2594
1934 1892
1674 1939
1674 1542
1674 994
1674 1635
645 1664
645 247
1664 2934
2014 2436
2014 1205
2014 2042
2014 210
2436 491
2436 2028
2436 2340
2202 2901
2202 1666
2202 2423
2202 1014
2901 2304
2901 697
2901 396
965 1009
965 1061
965 2350
965 1273
1009 2763
1722 1711
1722 545
288 2284
2667 1078
2667 1355
10 264
10 1540
264 1124
264 489
2473 2698
2473 1676
2473 643
1098 534
1098 1242
1340 224
1340 452
471 2498
471 326
2127 375
1205 1224
360 2035
675 1556
675 1058
1556 345
2507 1303
2507 1072
2507 676
2734 2097
2734 367
1892 1305
1892 2171
1892 2210
1534 1107
1534 2559
1913 1993
1913 382
1913 1026
1993 2770
1 1482
1378 2063
2063 512
2063 1897
2063 2343
356 2241
356 2643
800 1960
800 2176
800 2846
1801 2691
1801 1600
1801 240
2691 1539
1128 184
2257 994
563 2802
635 239
635 1940
670 700
700 107
1377 1204
1377 1711
897 1911
897 2388
897 1796
1911 497
692 1028
692 599
714 2958
714 2912
714 50
2958 2919
2958 1811
349 2042
349 1351
2042 252
2042 106
2042 748
1331 1198
1331 1528
1367 1490
1367 2151
1367 781
2117 939
432 993
993 1847
32 2103
32 1811
32 207
32 2547
1802 1477
1802 66
1635 2271
1635 96
1635 167
2184 696
1485 1909
1485 1902
1485 1021
1909 163
1909 741
1042 2405
1042 151
1042 2804
316 1000
66 1303
66 1063
2802 1415
2802 2522
2802 151
1338 2798
2798 467
271 1761
271 1967
1173 1872
304 1989
304 978
304 796
1989 2156
1989 1066
539 2795
539 781
2795 2698
90 1242
1242 658
1242 313
1607 834
1607 1670
2355 2529
2529 1276
2529 1041
2529 2740
1593 2998
701 2377
701 852
308 2947
1477 1997
1417 2197
1417 17
1417 335
2659 2035
2659 1204
105 418
105 2698
2171 2330
2171 2854
92 1473
92 881
1473 2387
1473 1737
1473 2786
1473 856
639 1043
639 2269
1022 2377
2156 111
1857 809
2763 2943
1240 2294
1240 1249
1240 1307
2489 1533
2489 848
2418 2780
1823 2284
1823 1474
856 1918
61 1942
61 1313
1440 1591
1440 2204
1440 2140
1440 2311
619 1232
619 224
619 417
619 85
1232 1382
599 2943
599 1037
599 1268
599 770
599 1262
2943 2804
2943 2808
1577 1533
1014 2111
1014 2643
1014 1074
2111 1302
2111 1939
2111 1360
368 2939
368 2281
2345 2191
2345 2176
2345 2602
1744 1321
1744 2211
2532 2116
1013 1580
1013 163
498 2094
498 1060
1482 1877
1482 2420
1482 151
1482 975
2330 2569
2330 1198
1720 2696
1720 2740
1270 913
1270 718
1885 1648
1276 2780
1276 1202
1276 855
1661 2413
1661 875
83 1503
83 508
2672 2719
643 1648
643 326
643 957
643 1751
643 497
1107 1029
1506 1900
2076 1348
2076 1856
430 2315
430 502
430 2906
430 161
2315 1374
2315 361
2315 80
1751 1000
1751 1894
2780 2764
2300 1374
2300 728
2300 1877
2797 625
2797 1355
2797 2002
46 2562
403 1445
311 2294
311 699
881 512
881 1337
2018 2343
2018 1211
2018 2176
2018 1972
2018 1600
2343 2610
2343 2599
1021 1316
1021 1597
728 520
2498 952
2705 1365
2705 167
2705 1813
975 552
975 2281
975 558
467 2210
467 504
2210 2066
2210 2356
2514 947
382 1348
1348 1493
2842 615
2657 2097
2657 756
1445 1058
2884 657
224 2213
2708 903
2708 2264
979 365
979 838
803 1811
803 1474
1448 1307
1448 769
761 2670
761 1670
761 659
761 547
2670 708
2651 1493
2651 17
2651 2484
370 558
306 1616
306 2126
306 2544
1025 2197
1307 2778
247 1089
1337 1446
1337 2365
1337 313
1337 990
1446 672
1446 697
2746 2009
2271 1176
326 769
326 1799
769 2594
658 183
1937 1692
1937 1879
1708 2213
1708 1691
1708 1745
1897 1444
756 375
756 555
2116 696
672 480
2594 1494
512 625
512 2898
507 71
507 384
2304 163
2304 2081
1591 116
1591 2420
1591 161
858 1775
858 2967
1879 1761
1420 2577
1425 2880
1425 2562
1425 1126
2847 1930
2847 504
2847 2393
1078 375
139 1303
144 229
144 2986
144 2423
229 657
229 2744
229 2412
1360 2937
1360 2644
1360 2157
2937 1891
2937 758
2937 71
952 2883
2883 1112
2126 1285
871 1847
871 2318
871 2365
871 345
1847 1273
1847 2169
2696 1514
2696 2140
334 1616
2152 325
384 1503
251 2906
251 1361
251 1044
251 408
251 555
464 2743
1452 1016
1452 626
413 2413
2671 232
1349 29
544 2362
544 659
1224 818
1224 718
1828 2434
50 2340
2340 427
1411 1679
1411 1044
1679 1088
946 1829
1202 1831
1202 2846
1768 923
2176 2658
1565 2284
2865 2362
2387 2097
2387 2084
427 2500
1248 1956
1248 1374
1248 2902
615 923
272 1877
2288 2719
2288 1773
2500 760
2500 1252
2500 29
2870 2356
2365 1799
2365 744
2365 556
2061 2294
2362 1850
2947 1880
2947 740
744 1204
122 899
122 1130
122 2786
122 1494
899 990
770 985
2912 2743
2912 2776
1533 2361
1533 2534
396 1012
396 2420
396 805
732 886
2866 1778
2866 2413
2866 1618
1037 2068
1037 1745
1229 886
1028 580
1028 667
1028 1253
2294 2610
2294 1852
913 838
913 417
913 2228
1859 2982
1859 875
1859 2098
1859 1540
1799 367
1799 604
809 2902
809 805
2902 758
15 1315
15 1365
2967 1145
2967 237
269 104
269 1345
2000 2885
2000 504
2000 1355
642 2698
385 2398
385 2744
534 2803
1867 2405
1867 491
1867 1058
1867 2269
1867 1940
2405 2191
1285 626
1285 741
1940 2084
2311 2766
2446 2150
2446 947
2446 2602
1666 1902
1666 2392
1666 1721
441 2977
441 838
2977 1822
2977 855
1326 76
1326 1735
128 652
652 556
652 724
57 2169
57 2149
2169 96
631 1058
631 1000
237 1303
237 227
1580 2361
2361 2317
1918 232
1918 1670
1918 104
2105 2515
724 2078
724 1972
977 1268
1761 37
1761 2809
1856 2452
1262 2321
2321 2412
2321 1018
2321 286
2765 240
2765 1850
1265 520
2398 371
2398 1182
2398 741
1964 1315
1732 1618
1732 76
2157 939
1071 2060
2712 852
2712 850
2712 513
1063 1012
2060 1928
647 1797
1273 2547
1267 70
1267 1956
1267 2552
944 1231
962 1709
962 2764
1699 2284
1699 2637
2284 667
1829 1890
392 1490
2623 29
958 2559
958 1956
958 1986
958 1132
1752 2097
2788 1600
2788 2812
2788 480
2427 787
2427 343
2094 1198
2377 2515
2743 320
240 210
375 2557
2557 367
2553 1789
2553 657
2553 957
2553 1313
2553 1032
89 1971
89 939
1971 2777
2388 1811
1252 1018
1252 699
218 2731
218 759
2731 452
1618 1315
2307 2644
2307 1081
1490 1016
111 914
111 1126
2150 748
2092 1380
752 1797
290 438
914 2227
914 638
1074 2985
2232 163
1900 1928
1900 2412
2568 1676
1773 2264
1773 151
2644 1305
2658 667
2658 2569
2547 1866
2643 2679
2643 29
2643 1112
2679 2372
1180 1121
1665 1765
1665 1275
1665 2856
1665 1113
1665 236
1765 2165
2253 2372
2253 1493
1249 2539
1151 762
1016 17
1852 1864
85 1503
85 2928
85 1182
1503 2372
959 2318
985 2204
985 1380
818 491
380 2969
380 875
380 1026
2969 227
236 1648
236 903
1000 26
1000 2908
1124 1778
1775 2452
2197 286
1088 2281
1088 2191
2908 243
2908 2119
1365 2964
773 508
1089 2637
1089 1735
557 1182
365 1616
365 740
2727 1766
941 1692
941 1936
1692 2241
1616 1890
1616 990
2104 1208
2104 243
1796 1142
1549 922
161 184
1004 1091
1091 2534
497 1182
497 2602
497 62
2392 978
1382 2115
1382 1208
759 1152
505 2269
42 2777
2084 699
1287 2269
1287 852
1287 1612
1709 1044
2812 1540
1843 796
2035 2455
255 667
255 1704
2552 2809
2552 1003
1113 2165
1113 787
323 545
323 2226
323 923
2241 1130
1302 2309
2504 957
2097 335
535 1345
2443 1231
923 1060
1060 1126
1060 1142
1528 62
1528 1516
2492 513
844 2540
2546 850
1305 1415
1305 558
1018 1081
1032 2413
2371 1045
2371 1290
784 2420
2439 1822
762 807
2309 2393
107 1315
280 2109
2028 855
2028 1930
2434 595
2434 1894
613 1624
1624 1345
903 1866
1942 555
1942 2599
1942 1432
2928 232
704 438
629 2985
629 1851
850 2115
850 2009
850 1877
939 2852
438 1474
886 1346
657 927
1998 2009
1998 2119
1998 626
2539 1612
2678 1010
76 1822
1277 625
636 731
1142 2880
1142 2149
2677 1757
1121 1211
838 2165
1711 2806
1711 239
740 545
2885 2766
2885 1385
2885 1346
2885 186
2809 1126
1415 927
1415 2227
1313 1691
1313 2135
1169 286
1169 2356
787 2078
787 1514
555 414
556 2676
2766 367
545 2579
1890 595
1890 1766
1003 2761
1003 1406
1003 2119
2761 371
2393 760
513 2431
2993 1385
1406 2098
2318 2455
2318 1172
2562 1086
2562 1514
994 1548
335 1290
2078 1444
2367 2515
2350 452
2221 2898
2221 2148
361 11
2264 2777
2431 11
834 1516
2964 2998
167 852
418 414
2579 320
1928 604
1012 595
1231 2577
1231 1290
547 2806
1600 186
1061 2919
1778 2604
1132 2998
1132 367
1132 480
2998 2342
2998 2919
2213 916
2618 1788
286 2293
2293 1268
2293 655
2293 927
96 210
504 625
655 2109
768 1757
2269 2577
1766 502
1112 927
26 570
570 611
62 805
2412 106
104 2151
2676 796
558 317
990 2934
990 317
2181 1930
2181 2880
580 1930
580 80
1539 502
1380 2165
1380 186
2165 2919
480 947
2211 2806
2806 760
805 2846
2764 17
2151 2068
1788 1986
1851 2515
1851 1864
2515 1493
2135 184
520 2081
