3000 6376
1 228
1 1214
1 2294
1 2937
2 168
2 713
2 955
2 1417
2 1452
2 1728
2 2346
2 2460
3 668
3 995
3 1289
3 1625
3 2737
4 140
4 144
4 338
4 391
4 1334
4 1624
4 2082
4 2691
5 1230
5 1743
6 1389
6 2435
6 2737
6 2863
7 373
7 811
7 2270
7 2386
7 2800
8 90
8 253
8 968
8 2282
8 2499
8 2843
8 2847
9 348
9 651
9 2355
9 2369
10 297
10 1455
10 2056
10 2848
11 374
11 470
11 1063
11 1495
11 1978
11 2738
11 2842
12 685
12 1158
12 1758
12 2046
12 2292
12 2877
13 355
13 927
14 87
14 312
14 1096
14 1126
14 1273
14 2147
14 2270
15 876
15 1120
15 1535
15 1947
15 2308
15 2326
15 2728
16 600
16 1821
16 1830
16 1934
16 2043
16 2386
17 34
17 145
18 956
18 1137
18 1221
18 1786
19 53
19 1128
19 1431
19 1808
19 1832
20 1895
20 2446
21 1129
21 1440
21 2581
22 75
22 622
22 1029
22 1472
22 2611
22 2650
23 1157
23 1317
24 580
24 634
24 1100
24 1118
24 1575
24 1601
24 2453
24 2867
25 142
25 618
26 291
26 329
26 613
26 758
26 2809
27 493
27 1360
27 1376
27 1417
27 1574
27 1642
27 2438
27 2591
27 2678
28 2033
29 425
29 925
29 2055
29 2544
30 181
30 530
30 1576
31 875
31 1134
31 1970
31 2035
31 2459
31 2517
32 218
32 1678
32 1778
33 187
33 560
33 2167
33 2694
33 2913
34 216
34 1388
34 1622
34 1678
34 1691
34 1799
34 2293
35 2023
35 2433
35 2909
35 2923
36 119
36 2270
37 986
37 1170
38 192
38 2515
39 80
39 211
40 932
40 1459
40 2176
41 1273
41 1743
41 2443
42 1093
42 1537
42 2082
42 2170
42 2805
43 418
43 1372
43 1679
43 1929
43 2966
44 854
44 1152
44 2654
45 62
45 602
45 1924
45 2147
45 2223
46 414
46 770
46 1411
47 2291
48 224
48 1156
48 1374
48 1676
48 2500
48 2523
48 2609
49 460
49 799
50 572
50 1568
51 2230
51 2607
52 649
52 758
52 950
52 2190
53 2352
54 186
54 297
54 1110
54 1222
54 1334
54 2006
54 2581
54 2741
55 454
55 556
55 935
55 1306
56 1637
56 1759
56 2741
57 371
57 568
57 2549
58 403
58 614
58 1150
58 1801
58 2367
58 2456
58 2831
59 355
59 909
60 679
60 1631
60 2352
60 2620
61 1019
61 1191
62 1632
62 2040
62 2243
62 2808
62 2811
63 73
63 471
63 2253
63 2828
63 2833
64 1028
64 1753
64 2027
64 2088
64 2360
64 2868
65 1567
65 2092
66 656
66 923
66 1002
66 1938
66 2714
67 283
67 962
67 1749
67 2954
68 1106
68 1400
68 1684
68 2015
68 2915
69 1680
69 1877
69 2115
69 2152
69 2417
69 2971
70 1698
70 1915
70 1918
70 1937
71 1221
71 2355
71 2515
71 2987
72 76
72 1970
72 2509
73 321
73 1048
73 1212
73 1985
73 2047
73 2241
73 2826
73 2911
74 136
74 735
74 2552
75 490
75 514
75 664
75 1475
75 1506
75 1806
76 1137
77 1519
78 602
78 724
78 2736
79 339
79 439
79 1174
80 553
80 1850
80 2830
81 449
81 772
81 826
81 2472
82 132
82 832
82 1798
83 985
83 1288
83 2666
84 470
84 1057
84 1698
84 2296
84 2341
84 2683
85 537
85 1653
85 2050
85 2751
86 1016
86 1194
86 2014
86 2104
87 307
87 310
87 1153
87 1493
87 1860
87 2220
88 186
88 2099
88 2739
89 333
89 974
89 1251
89 1935
89 2268
90 401
90 638
90 898
90 1299
90 1409
90 2698
90 2729
91 416
91 445
91 1930
91 2510
92 1380
93 214
93 2132
94 614
94 893
94 1984
95 117
95 128
95 1045
95 2058
95 2958
96 483
96 650
96 733
96 851
96 959
96 966
96 1149
96 2385
96 2839
97 2442
98 1279
98 2765
99 1666
99 2796
100 582
100 1010
100 2749
100 2974
101 1198
101 1285
101 2013
102 487
102 1279
102 1646
102 2653
103 776
103 843
104 788
104 1083
104 1234
104 1409
105 1829
106 355
106 1531
106 2023
106 2994
107 1492
107 2760
107 2963
107 2977
108 561
108 593
108 826
108 1003
108 1372
108 2612
109 152
109 628
110 376
110 1247
110 1371
110 2332
110 2830
110 2912
111 811
111 1511
111 2026
112 1162
112 2223
112 2855
113 301
113 855
113 1449
113 2272
113 2533
113 2593
113 2633
114 376
114 528
114 631
114 1195
114 2298
114 2469
114 2786
115 1074
115 1567
115 1638
116 698
116 1362
117 372
117 1742
118 392
118 463
118 2065
118 2373
119 491
119 1632
120 1874
120 2263
121 295
121 612
121 744
121 1125
121 1216
121 1790
121 2255
121 2980
122 1462
122 1710
122 2923
123 692
123 1131
123 2070
123 2503
124 2611
125 766
125 1570
125 1609
125 2147
126 815
126 1161
126 2299
126 2659
127 821
127 1362
127 1442
127 1940
127 2299
128 643
128 1061
128 1599
128 2045
129 357
129 815
129 1051
129 1057
129 1985
130 458
130 970
130 1031
130 1101
130 1401
130 2602
130 2704
131 135
131 1424
131 1654
131 2592
132 851
133 1099
133 2574
134 436
134 463
134 1301
134 1590
134 1753
134 2274
134 2695
135 2650
136 1137
137 327
137 1048
137 1465
137 1862
137 2972
138 469
138 646
138 1474
138 2501
139 269
139 1234
140 151
140 372
140 1111
141 842
141 1019
141 1277
141 1441
141 2617
141 2934
142 496
142 851
142 1368
142 2497
142 2780
142 2891
143 657
144 327
144 505
144 605
144 1391
144 2889
145 276
145 1286
145 1918
145 1979
145 2316
146 229
146 384
146 1713
146 2201
146 2721
147 251
147 2731
148 1713
148 1717
148 2109
148 2533
148 2626
149 667
150 2086
150 2266
150 2646
150 2814
151 1121
151 1386
151 1413
152 1428
152 2480
153 764
154 1753
154 2522
155 743
155 1381
155 2067
155 2638
156 352
156 1059
156 2617
157 1250
157 1725
157 2009
158 779
158 896
158 1023
158 1158
158 1298
158 1525
158 1985
159 482
159 1224
159 2254
159 2562
159 2733
160 204
160 418
160 917
160 1477
160 1527
160 1556
161 389
161 509
161 558
161 2761
162 312
162 1519
162 2005
162 2052
163 196
163 252
163 488
163 1779
163 2115
163 2898
163 2978
164 528
164 739
164 1703
164 2284
164 2401
164 2557
164 2807
165 2341
166 446
166 1514
167 2272
168 273
168 1251
168 2365
168 2473
169 1447
169 2895
170 2050
171 365
171 1382
171 1428
172 260
172 318
172 473
173 350
173 1222
173 1671
175 677
175 998
175 2517
175 2618
176 193
176 224
176 612
177 1946
177 2677
177 2870
178 480
178 654
178 1172
178 1660
179 976
179 1046
179 1836
179 2929
180 1678
181 436
181 685
181 1384
181 2060
181 2275
181 2986
182 1158
182 1557
182 1635
182 1696
182 1985
182 2852
182 2924
183 229
183 616
183 647
183 2870
184 895
184 1591
184 1958
184 2127
184 2346
185 1247
185 1758
185 2179
186 1654
186 1999
187 1366
187 1378
187 2479
188 966
188 1202
188 1273
188 1717
188 1828
188 2270
188 2628
189 463
189 1433
189 1617
189 2182
190 460
190 652
190 953
190 2182
190 2779
191 689
191 1780
191 2495
191 2917
192 404
192 461
192 509
192 525
192 641
192 1295
192 2315
193 1389
193 1490
193 2221
193 2755
193 2866
194 810
194 940
194 968
194 1226
194 1427
194 1507
195 244
195 871
195 1327
195 1599
195 1741
196 1279
196 1587
196 1747
196 2666
196 2942
197 678
197 1086
197 1254
197 1315
197 1426
197 2199
198 771
198 2313
199 1112
199 2169
199 2290
199 2454
200 1105
200 1241
200 1761
200 2892
200 2896
201 1695
201 2009
202 727
202 1935
203 983
203 1417
203 1700
203 1890
203 2218
204 377
204 698
204 2202
204 2581
204 2917
205 2577
205 2941
206 414
206 576
206 2575
207 215
207 992
207 2615
208 463
208 1077
208 1450
208 2458
208 2653
209 452
209 529
209 1156
209 1564
209 2040
209 2238
209 2532
210 1438
210 1468
210 1472
210 1919
210 2610
210 2836
210 2983
211 314
211 325
211 518
211 1453
211 1513
211 1693
211 2661
212 657
212 1320
212 1418
212 2243
212 2323
212 2646
213 1166
214 893
214 1047
214 1278
214 2120
214 2216
214 2514
214 2524
214 2972
215 949
215 1503
215 1548
215 1868
216 1184
216 1492
216 2660
217 1226
217 1280
217 1491
217 1578
218 457
218 1349
218 2416
218 2842
219 353
219 784
219 855
219 1391
219 1580
219 2361
219 2952
220 265
220 1347
221 386
221 1235
222 407
222 761
222 1315
223 841
223 1656
224 324
224 1615
224 2173
224 2790
225 1908
225 2499
225 2793
225 2898
225 2928
225 2965
226 756
226 2168
226 2249
226 2447
226 2937
227 404
227 449
227 1673
228 317
228 808
228 862
228 1307
228 1503
229 542
229 685
229 1583
229 2420
230 758
230 840
230 1253
230 1967
230 2330
231 715
231 1164
232 1361
232 1527
232 1574
232 2027
233 970
233 1098
233 2934
234 1069
234 1545
234 1804
234 2702
234 2812
235 868
235 969
235 1981
235 2052
235 2236
235 2948
236 240
236 882
236 925
236 1722
236 2134
237 610
237 766
237 1360
237 1442
237 1457
237 1472
237 1501
237 1655
237 1685
237 1896
237 2146
237 2406
237 2808
237 2915
238 345
238 477
238 1907
239 786
239 1953
240 1014
240 2573
241 2143
241 2692
241 2822
242 1647
242 1721
242 2156
242 2186
243 318
243 2812
244 1209
244 2448
245 399
245 737
245 1673
245 2647
246 762
246 1137
246 2481
247 718
247 2629
248 795
249 264
249 1298
249 1430
249 1604
249 1707
249 2461
249 2793
250 1429
250 1985
251 2524
251 2585
252 817
252 2192
253 827
253 1224
253 1781
253 1796
253 2166
254 292
254 488
254 747
254 1184
254 1513
254 1586
254 2200
254 2544
254 2988
255 264
255 1400
255 1603
255 1632
255 2565
255 2943
256 1493
256 2742
257 733
257 773
257 920
257 1692
257 1747
257 2327
258 1080
258 1320
258 1907
259 450
259 1379
259 1991
259 2730
260 667
260 2016
260 2394
261 1809
261 2429
261 2567
262 428
262 713
262 2765
263 1063
263 1252
263 1276
263 1345
263 1843
263 2199
263 2276
263 2466
264 1063
264 1308
264 1691
264 2106
264 2168
264 2839
264 2876
265 724
265 805
265 1536
265 1722
265 2031
265 2413
265 2775
266 362
266 930
266 1082
266 1636
266 2004
266 2130
267 1815
267 2181
267 2492
268 1087
268 1620
268 2259
269 582
269 908
269 1275
270 2265
271 398
271 888
271 2631
272 357
272 2515
272 2595
273 1256
273 1793
273 2340
273 2616
273 2793
274 1237
274 1547
274 2094
274 2576
274 2965
275 1343
275 2627
276 2354
277 1030
277 1039
277 1518
277 1527
277 2033
277 2122
277 2350
277 2986
278 1176
278 1247
278 1348
278 2716
279 1222
280 383
280 440
280 1187
280 1618
280 2056
280 2777
280 2878
281 719
281 1413
281 1509
281 2245
281 2491
282 1204
282 1447
283 366
283 655
283 2122
283 2669
283 2821
284 684
284 1116
284 1200
284 1529
284 1989
284 2674
285 454
285 1011
285 2571
286 1615
287 1000
287 1102
287 1353
287 2012
288 1770
288 2197
288 2606
288 2642
289 313
289 977
290 1324
290 2072
291 761
291 1551
291 2990
292 700
292 1947
292 2116
293 307
293 320
293 580
293 610
293 886
294 2008
294 2604
294 2699
295 327
295 491
295 598
295 1652
295 2741
296 1405
296 2760
297 495
297 1221
297 1466
297 2207
297 2764
298 628
298 1171
298 1230
298 1340
298 1776
298 1895
299 664
299 733
299 843
299 1752
299 2127
300 606
300 890
300 924
300 1259
300 2132
300 2141
300 2549
300 2870
301 653
302 855
302 1878
302 1890
302 2256
302 2525
303 343
303 791
303 2160
304 479
304 825
304 1470
304 1942
304 1954
305 584
305 707
305 864
305 2126
305 2684
305 2903
306 616
306 1299
307 534
307 818
307 1404
307 2080
307 2813
308 1118
308 2006
308 2413
308 2443
309 1396
309 2179
309 2262
310 986
310 2035
310 2107
310 2603
311 1812
311 1902
312 1072
312 2749
313 2354
313 2780
314 666
315 598
315 1889
315 2197
315 2439
315 2919
315 2928
316 1870
317 326
317 861
317 2366
318 504
318 1020
318 1036
318 1119
318 1483
318 1661
318 1793
318 2073
318 2786
318 2870
319 406
319 1390
319 2479
319 2783
320 2274
320 2541
321 422
321 524
321 2877
322 2588
323 2710
324 1055
324 1415
324 2456
325 540
325 878
325 1548
325 1820
325 1946
326 1667
327 858
327 1420
327 1613
328 1531
329 1584
330 1818
330 2212
330 2695
331 1714
331 2689
333 2701
333 2739
334 2628
335 790
335 970
335 1969
335 2451
336 1033
336 1475
336 1781
336 1928
336 2307
336 2438
336 2622
336 2976
337 2379
337 2755
338 1122
338 1353
338 2786
339 456
339 1741
339 1786
340 391
340 571
340 1273
340 1358
341 562
341 705
341 1100
341 1219
341 1601
341 1860
341 2055
341 2467
341 2600
342 692
342 1187
342 1472
343 560
343 2345
344 1495
344 2326
345 613
345 721
345 2669
346 1299
346 1374
346 2591
347 403
347 424
347 807
347 858
347 1683
347 2441
348 420
348 467
348 899
348 1416
348 1778
348 1999
348 2062
348 2868
349 817
349 2155
349 2899
350 1418
350 2386
350 2883
351 417
351 801
351 859
351 1069
351 1288
351 1550
351 2470
352 1301
352 2804
352 2972
353 1391
353 1521
353 2228
354 687
354 1696
354 2045
354 2705
355 1178
355 2617
355 2718
357 1412
357 1719
357 2150
358 361
358 1091
358 1118
358 2782
359 1313
359 1776
359 1885
359 2431
360 1120
360 1691
360 2400
361 552
361 693
361 1435
361 1535
361 1949
362 833
362 1166
362 1388
362 1428
362 1472
363 591
363 658
363 1073
363 1180
363 1935
363 2768
363 2924
364 576
364 1076
364 1234
364 1403
364 2025
365 1750
365 2000
365 2184
366 1061
366 1604
366 1819
367 372
367 420
367 535
367 683
367 2624
367 2953
368 748
368 1348
368 1791
368 2426
369 965
369 1162
369 1470
369 2455
369 2463
369 2493
370 525
370 1132
370 1348
370 1936
370 2240
370 2317
370 2857
371 844
371 1365
371 2671
372 525
372 1919
372 1986
373 481
373 1943
373 2087
374 1489
374 1874
374 1967
374 2268
375 1339
376 518
376 1729
376 2707
377 504
377 2289
377 2470
378 1481
379 1163
379 2234
379 2868
380 2539
380 2606
381 669
381 2647
382 1840
382 1871
383 690
383 1768
383 2254
384 862
384 1492
384 1598
384 2903
385 1665
386 1811
386 2050
386 2190
386 2873
387 837
387 1422
388 436
388 475
388 994
388 1318
388 1554
388 2503
388 2711
388 2753
389 1420
389 1916
389 2136
389 2371
389 2436
389 2457
390 836
390 848
390 1215
390 1715
391 475
391 1662
391 2532
392 473
392 712
392 798
392 1523
392 2440
393 2833
393 2920
394 1770
395 785
395 810
395 1462
395 1813
395 1884
395 2164
396 2000
396 2142
396 2496
397 445
397 1909
398 613
398 991
398 1372
399 752
399 1504
400 616
400 727
400 995
400 1065
400 1591
401 2283
401 2392
401 2436
401 2910
402 828
402 1299
402 1484
402 1606
402 1885
403 441
403 545
403 1018
403 1727
403 2930
404 599
404 849
404 2067
404 2638
404 2846
404 2951
405 762
405 1688
405 2631
406 2754
407 1866
407 2025
407 2480
408 2575
408 2728
409 528
409 1714
410 892
410 1202
410 2159
410 2806
411 759
411 996
411 1137
411 1224
411 1594
411 1926
411 2288
412 1711
412 1865
412 1928
412 2124
412 2243
413 545
413 1407
413 1441
413 1680
413 2139
414 1499
415 1502
415 1593
415 1783
415 2323
415 2504
416 1262
416 1344
416 1662
416 1943
416 2862
416 2891
417 1805
417 2082
418 1109
418 1209
418 1896
418 1910
418 2863
419 2524
420 746
420 1320
420 1474
420 1631
420 1866
420 2361
420 2396
420 2654
421 963
421 1013
421 1777
422 1845
422 2739
423 1460
423 2062
424 519
424 1407
424 1513
424 2889
425 2181
425 2242
425 2476
426 447
426 840
426 1753
426 2018
427 879
427 1415
427 2215
427 2427
427 2452
427 2721
428 701
428 1061
428 1281
428 1813
428 2961
428 2965
428 2982
429 2122
430 977
430 993
430 1786
430 2253
430 2350
431 518
431 1551
431 1975
431 2225
432 2547
432 2555
432 2980
433 1068
433 1084
433 1102
434 519
434 688
434 2924
435 570
435 1031
435 1167
435 1338
435 1887
435 2316
436 1373
436 2167
437 858
437 2225
438 1601
439 997
440 1410
440 1961
441 483
441 740
441 755
441 861
441 934
441 2032
441 2966
443 1294
443 1899
443 2547
443 2844
444 686
444 820
444 2574
444 2743
445 451
445 555
445 1747
445 1786
445 1981
445 2267
445 2690
447 1424
447 1510
448 2525
448 2540
449 1130
449 1987
449 2668
449 2879
450 1457
450 2942
451 883
451 1063
451 2353
452 1065
452 1586
452 1761
452 2736
452 2739
453 940
453 1532
453 2370
453 2686
453 2931
454 1646
455 1653
456 1050
456 1932
456 2284
456 2622
457 666
457 868
457 1721
458 884
458 1368
458 2142
458 2984
459 542
459 797
459 1451
459 1862
460 952
460 1978
460 2883
461 1019
461 1746
462 777
462 838
462 1128
463 1150
463 1706
463 2034
463 2626
463 2759
464 654
464 1330
465 1143
465 1146
465 1205
466 533
466 538
466 1062
466 1077
466 1843
466 2191
466 2504
466 2846
467 761
467 2465
467 2943
468 720
468 848
468 891
469 682
469 2082
470 1110
471 540
471 1086
471 2902
472 547
472 770
472 1002
472 1299
472 1370
472 1950
472 2312
473 591
473 1066
473 1891
473 2051
473 2104
474 1139
475 842
475 1776
475 1854
475 2415
475 2798
476 1440
476 2377
477 1219
477 1325
477 1530
477 2862
477 2982
477 2994
478 487
478 856
479 488
479 494
479 533
479 1328
479 2542
479 2821
480 689
480 2111
480 2722
480 2886
481 1607
481 2970
482 1067
482 2279
482 2482
482 2875
483 707
483 1235
483 1805
483 2483
483 2538
484 811
484 1053
484 1827
484 2348
484 2828
484 2880
485 486
485 2150
485 2828
486 1350
487 716
487 1511
487 1847
487 2549
487 2652
488 1754
489 894
489 929
489 1095
489 2829
491 746
491 842
491 2183
492 647
492 1005
492 1332
492 1447
493 1355
493 2477
493 2611
494 1705
494 2694
494 2721
495 838
495 1187
495 2114
495 2970
496 1413
496 1646
496 2036
496 2409
496 2773
497 676
497 1130
497 1708
497 2671
497 2738
498 1287
498 1687
498 2613
500 2033
500 2262
500 2889
501 1891
501 2869
502 635
502 726
502 848
502 1359
502 1682
502 1788
502 1874
502 2110
502 2511
502 2893
503 784
503 2587
504 991
504 1406
504 2134
504 2664
505 560
505 2611
506 657
506 821
506 1040
506 1668
506 2332
507 1612
507 2636
507 2681
507 2762
508 751
508 795
508 835
508 1153
508 1382
508 1462
508 2326
508 2345
508 2898
508 2949
509 1289
509 1407
510 1161
510 1386
510 2851
510 2878
511 1676
511 1751
511 1762
511 2414
511 2421
511 2572
512 1598
513 1024
513 1441
513 2587
513 2744
514 525
514 881
514 2518
515 764
515 893
515 2019
515 2120
515 2127
515 2803
516 1925
516 2827
516 2831
517 787
517 1225
517 1445
517 2076
518 992
518 1549
518 2315
519 1211
519 2485
520 548
520 696
520 1576
520 1673
521 1018
521 2178
521 2978
522 724
522 1053
522 2398
522 2600
522 2719
523 793
523 1033
523 1313
523 2923
524 1941
524 2311
524 2336
524 2874
526 1217
526 1993
526 2093
526 2104
527 900
527 1117
527 1363
527 1644
527 2926
528 1926
528 2294
529 533
529 917
529 1445
529 2169
529 2970
530 888
530 1150
530 1220
530 2928
531 640
531 1001
531 1483
532 1688
532 2559
533 657
533 1402
533 1801
533 2216
533 2467
533 2636
533 2848
534 834
534 1112
534 1636
534 2399
535 2397
536 777
536 2074
536 2120
536 2392
536 2397
536 2715
537 704
537 859
537 1643
537 2595
538 582
538 1158
538 1386
538 1571
538 1805
539 997
539 1607
539 1863
539 1965
539 2535
540 1018
540 1526
540 2483
541 731
541 1675
541 2790
542 1008
542 1509
542 1786
542 1826
542 2467
542 2679
543 808
543 1239
544 919
544 1373
544 2216
545 703
545 2771
545 2982
546 704
546 1164
546 1467
546 2287
546 2380
546 2781
546 2825
547 1966
547 2793
548 731
548 1952
548 2382
549 695
549 1609
549 2239
549 2350
550 790
550 1090
551 1656
551 2842
552 843
552 2971
553 592
553 691
553 832
553 1862
553 2169
554 791
554 953
554 1243
554 1298
554 2317
554 2497
557 1526
557 1572
557 2748
557 2842
557 2865
558 834
558 844
558 967
558 1066
558 1274
558 1294
558 1327
558 2041
558 2431
558 2462
559 627
559 659
559 1046
559 1068
559 1162
559 1245
559 2003
559 2007
559 2234
560 742
560 1427
560 1848
560 2194
560 2458
561 678
561 1087
561 1166
561 1342
561 1588
561 1784
561 2487
561 2508
561 2885
562 663
562 1253
562 2588
562 2672
563 945
563 1543
563 1584
563 1641
564 1859
564 2119
565 1620
565 1937
565 2090
565 2861
566 1499
566 1961
566 2109
566 2173
567 1241
567 1349
567 1656
567 1973
568 1224
568 1760
568 2364
569 1309
569 1930
569 2231
570 2151
570 2326
571 603
571 957
571 1512
571 1605
571 2687
573 2088
573 2228
573 2264
574 685
574 1284
574 1514
574 1558
574 2110
575 1576
575 1949
576 1350
576 1868
576 2710
577 1105
577 1121
577 1580
577 1676
577 2590
577 2704
578 975
578 1338
578 2349
578 2731
579 729
579 1090
579 2210
579 2363
581 697
581 2234
581 2277
581 2848
582 1065
582 2230
582 2579
583 1136
584 1696
584 1736
584 2033
584 2081
584 2426
584 2556
585 591
585 907
585 1381
585 1781
585 2827
586 1938
587 1214
587 1445
587 1961
587 2850
588 1993
588 2407
588 2754
589 778
589 1517
589 2419
589 2431
590 1319
590 1629
591 1590
591 1621
591 2032
591 2674
591 2705
591 2883
591 2946
592 2444
593 985
593 2579
594 682
594 1971
595 1300
595 1722
596 1349
596 1758
596 1948
596 2486
597 830
597 1196
597 1536
597 1666
598 1525
598 2626
598 2786
599 911
599 1882
599 2844
600 652
600 2535
601 740
601 861
601 925
601 1000
601 1749
601 2433
602 865
602 1027
602 1586
602 1614
602 2021
602 2312
602 2648
602 2742
603 858
603 1016
603 1062
603 1608
603 2133
603 2242
603 2454
603 2798
604 1350
604 2473
605 848
606 2216
606 2439
606 2807
607 713
607 1654
607 2745
608 2955
610 1522
610 2167
611 1045
611 1788
612 1323
612 1403
612 1404
612 1758
612 2145
612 2518
612 2981
613 2304
614 920
614 1016
614 1594
614 1612
614 1765
614 2123
614 2357
614 2567
615 1667
615 2825
616 888
616 1125
616 2629
617 2955
618 1173
618 2378
619 629
619 999
619 1258
619 1715
619 2258
619 2806
620 1416
620 2231
620 2760
620 2938
621 1530
621 2110
621 2322
622 636
622 669
622 990
622 1198
622 1845
622 2327
623 1072
623 1975
624 1688
624 2481
624 2556
624 2658
626 950
626 2098
626 2770
627 852
627 872
627 1946
627 2350
627 2849
628 1357
628 2486
629 724
629 863
629 2534
629 2571
630 1523
630 1583
630 2679
630 2805
631 938
631 2199
632 1349
632 2442
632 2517
632 2873
633 1704
633 2271
634 1312
634 1361
634 1366
634 1382
634 1642
634 2572
635 1852
636 1616
636 1774
636 2313
636 2417
637 1460
637 2568
637 2899
638 1613
638 2512
639 2009
639 2486
639 2532
639 2545
639 2642
640 2992
641 973
641 1135
641 2130
641 2353
641 2646
642 1168
643 845
643 1408
643 1614
643 1667
643 1725
643 2269
644 1872
644 2130
644 2838
645 914
645 1870
645 1918
645 2790
645 2952
646 1499
646 1778
646 1828
646 1933
646 2493
647 1547
647 1680
647 1792
647 1949
647 2521
648 741
648 1383
648 1391
648 1748
648 2089
648 2318
648 2698
649 1137
649 1159
649 1433
650 819
650 886
650 1586
650 2266
650 2324
651 919
651 988
651 1435
652 2685
653 918
653 2429
653 2864
654 713
654 1604
654 2511
655 1165
655 1664
655 1923
655 2288
656 1181
656 1420
656 2946
657 818
657 1789
657 1923
657 2141
657 2410
657 2521
657 2831
658 1057
658 2584
658 2816
659 1123
660 1190
660 1449
660 1529
660 2757
661 737
661 2726
662 1267
662 1654
662 2058
662 2374
662 2640
663 1281
663 1477
663 1887
663 1981
663 2742
663 2896
664 1344
664 2583
664 2817
665 2784
665 2977
666 682
666 1003
666 1586
666 2979
668 1405
668 1725
668 2192
668 2665
669 1549
670 891
670 1635
670 2633
670 2881
671 1355
671 1424
671 1767
671 2204
671 2434
671 2769
671 2811
672 819
672 1784
672 1860
672 2042
672 2116
672 2308
672 2348
673 1132
674 1413
674 2416
675 768
675 1001
675 1007
675 2101
675 2348
676 1695
676 2560
676 2923
677 1419
677 2901
677 2909
678 956
678 1175
678 1781
678 1884
678 2309
678 2583
679 2014
679 2178
679 2289
679 2705
679 2978
680 1730
680 2314
681 878
681 1813
682 909
682 1091
683 1570
683 2408
684 1489
685 780
685 844
685 2305
685 2492
686 972
686 2400
686 2531
686 2538
686 2557
687 1131
687 1504
687 2794
688 1326
688 2137
689 1405
690 1133
691 2043
691 2352
691 2751
692 697
692 707
692 734
692 1934
692 2455
692 2705
693 1296
693 1464
694 1075
694 1248
694 1495
694 2053
694 2249
694 2476
695 2113
695 2316
696 2592
696 2999
697 1211
697 1240
697 1924
697 2399
697 2791
697 2826
698 1203
698 1833
698 2217
698 2571
698 2573
698 2885
698 2948
699 1032
699 1280
699 1493
699 1641
699 1812
699 2099
699 2211
699 2707
700 984
700 1020
700 1413
700 1892
700 2736
701 1219
701 1406
701 2444
702 787
702 1054
703 1685
703 2235
703 2457
703 2474
704 2152
705 987
705 1420
705 1603
705 2850
706 1296
707 906
707 1206
707 1721
707 1825
707 1888
708 2680
709 1330
709 1708
709 2572
709 2585
710 1283
710 2025
711 1098
711 2654
711 2704
712 1503
712 2249
712 2373
713 1085
713 1330
713 1430
713 2384
714 820
714 1989
714 2074
714 2960
715 2422
716 1547
716 2076
716 2407
717 1417
717 2281
719 1490
719 2481
719 2675
719 2819
719 2969
720 2448
720 2965
721 1091
721 1327
721 1581
721 1791
722 1106
722 1681
722 1809
722 2485
723 1700
724 947
724 1650
724 2311
725 2052
725 2356
725 2534
726 736
726 1114
726 2731
726 2873
727 1643
727 2033
728 963
728 984
729 2369
730 2495
731 2233
732 867
732 1190
732 1784
733 810
733 1573
733 2166
734 2106
735 1113
735 2459
735 2549
735 2890
736 776
736 799
736 1039
736 2214
736 2482
737 1143
737 1244
737 1815
737 2058
737 2059
738 1784
738 2023
738 2449
738 2451
739 1576
739 2893
740 1006
740 1872
741 922
741 1584
742 929
742 1572
742 1776
742 2173
743 1243
743 2310
743 2607
744 953
744 1498
744 1656
744 1713
744 1780
745 1741
745 1913
745 2857
746 1815
746 2546
746 2641
747 2567
747 2968
748 2388
749 894
749 1378
749 1468
749 2429
749 2569
749 2685
750 1254
750 1502
751 882
751 903
752 1044
752 1589
752 1873
752 2526
753 1405
753 2017
753 2527
753 2805
754 2323
755 1314
755 2326
755 2795
756 920
756 1056
756 1349
756 1759
757 823
757 907
757 963
757 1077
757 2210
757 2723
758 958
759 1513
759 1844
759 2947
759 2978
760 810
760 1451
760 2214
760 2907
761 2466
761 2691
762 1142
762 1450
762 2865
763 1742
763 2153
764 1622
764 1637
765 2520
766 796
766 1073
766 1233
766 1751
766 2516
766 2630
767 964
767 2223
767 2399
767 2554
767 2765
768 2613
769 837
769 910
770 2403
771 1789
771 1840
772 1199
772 1762
772 2349
772 2807
773 1172
773 1738
773 1907
773 2000
773 2084
773 2818
774 1028
774 2725
776 1078
776 2143
777 1786
777 2891
778 2182
779 2427
779 2909
780 786
780 907
780 1121
780 1125
780 1742
781 1609
782 1574
782 2532
782 2854
783 1557
783 1686
783 2172
783 2994
784 1068
784 1337
784 2621
785 1229
785 2544
785 2702
786 1683
786 2116
786 2524
787 824
787 1248
787 1703
787 2353
788 1534
788 2518
789 1103
789 1945
789 2769
790 1428
790 1684
791 1334
791 2674
792 873
792 1085
792 2592
792 2693
793 1902
793 2768
793 2804
794 1079
794 1613
795 1970
795 2484
796 1041
796 1481
796 2334
796 2779
796 2821
797 1410
797 2141
797 2361
797 2738
798 814
798 946
798 1211
798 1547
798 2240
798 2251
798 2507
799 1081
799 1388
799 2805
799 2828
800 1584
801 2484
802 1435
802 1579
802 2034
804 1568
804 2231
804 2422
804 2731
805 1236
805 1933
805 2043
805 2825
806 948
806 1751
806 1752
808 1387
808 1727
808 1744
808 1802
808 1830
808 2490
808 2726
809 1401
809 1410
810 1484
810 1933
810 2297
810 2355
810 2641
811 1471
811 1895
811 1903
812 948
812 1106
812 1359
812 1800
812 1988
812 2297
812 2709
813 1741
813 2067
813 2184
813 2702
814 1059
814 2038
815 892
816 1178
816 2334
817 958
817 1650
818 1632
818 1786
818 2495
819 1259
819 1440
819 2013
819 2043
820 883
820 1345
820 1616
820 1885
821 1801
821 2177
822 1403
822 1443
822 1508
822 1690
822 1741
822 1837
822 2181
823 2482
824 997
824 1673
824 1829
824 2939
825 1013
825 2570
826 894
827 2924
828 874
828 1194
828 1664
828 2031
828 2205
828 2420
828 2443
830 1829
830 2416
831 2626
832 2131
832 2242
833 975
833 2216
834 1122
834 1537
834 2332
835 1765
835 2203
836 944
836 1269
836 1321
836 1553
836 1655
836 1866
836 2511
836 2696
836 2972
837 1755
838 2608
839 1829
839 1889
839 1941
839 2186
839 2320
840 1668
841 939
841 2256
841 2793
843 1247
843 2825
844 898
844 1335
844 2072
845 2338
845 2858
846 1259
846 1354
846 1680
846 2019
847 2730
847 2810
847 2882
848 849
848 981
848 1303
848 1961
848 2455
848 2611
849 2116
849 2247
849 2274
849 2277
850 1018
850 1028
850 1235
850 1493
850 1787
851 1680
852 1709
852 1725
853 915
853 1076
853 1603
853 1821
854 962
854 2984
855 894
855 1815
855 2144
857 912
857 1531
857 1768
857 1864
857 2411
857 2885
858 1644
858 2806
859 1760
860 2249
860 2441
861 881
861 910
861 2075
862 1534
862 2332
863 1681
863 2013
863 2319
863 2371
863 2928
864 958
864 1174
864 1699
864 1826
865 2523
865 2807
866 2064
867 2166
868 1112
868 2288
868 2525
868 2666
869 1592
869 1747
869 1917
869 2065
870 1733
870 2557
870 2643
871 2776
872 1563
872 1668
872 2283
872 2745
873 1792
874 1011
874 1227
874 1820
875 1424
875 2308
875 2592
875 2640
875 2952
876 919
876 1844
876 2259
877 1630
877 2402
877 2578
878 1790
878 2549
878 2563
878 2572
878 2994
879 1080
879 1097
879 1180
880 1008
880 2185
881 2528
882 1212
882 1853
882 2801
882 2893
883 1329
883 1397
883 1662
883 2237
883 2671
884 1033
884 2013
884 2434
884 2690
885 2604
885 2883
887 1052
887 1646
887 1826
887 1961
887 2244
888 902
888 2582
889 1152
890 1700
892 1048
892 1155
892 1172
892 1547
892 1813
892 1999
892 2012
892 2113
893 1465
893 2309
893 2567
894 2265
894 2276
895 1892
895 1995
895 2086
895 2968
896 1231
896 2438
896 2724
896 2760
896 2786
897 1286
897 1338
897 1846
898 1972
899 1085
899 2182
900 1171
900 2171
900 2865
901 1263
901 1563
901 1701
901 2884
902 1787
902 2573
903 1410
903 1561
903 1711
904 1144
904 1506
904 1622
904 1847
905 1795
905 2698
905 2878
905 2880
906 1853
906 1974
906 2573
906 2576
907 988
907 1950
908 1523
908 2250
909 1782
911 1098
912 931
912 1080
912 1991
913 1117
913 1925
913 2374
914 2228
914 2374
914 2416
915 1436
915 2648
916 2726
916 2774
917 1084
917 2573
917 2796
918 1039
918 1359
918 2716
919 1126
919 1139
919 1269
919 2146
920 1199
920 1736
920 1909
921 2162
921 2888
922 2508
923 1484
923 1624
923 1983
923 2321
923 2672
923 2953
924 972
924 1565
924 2579
925 1234
925 1455
926 2818
926 2970
927 2475
927 2945
928 1020
928 1504
928 1519
928 2550
928 2654
929 1451
929 1735
929 1834
929 1852
929 2666
929 2711
931 1081
932 1490
932 2671
933 1028
933 1282
933 1871
934 1232
935 2619
936 1433
936 2192
936 2880
937 966
937 1105
937 1294
937 2460
937 2881
938 2482
938 2675
939 2286
939 2768
939 2969
940 1147
940 1168
940 1185
940 2907
941 1503
941 1641
941 2094
941 2506
942 1199
942 1785
942 2059
942 2665
942 2732
943 2221
943 2453
944 2724
945 991
945 1444
945 2011
945 2219
945 2387
945 2526
945 2546
946 1382
946 1487
946 1839
947 1799
948 2246
948 2420
948 2623
949 1093
949 1248
949 2231
950 1015
951 1921
951 2402
951 2433
952 1223
952 2392
952 2481
952 2640
953 1013
953 1612
954 967
954 2608
955 1636
955 2364
955 2646
956 1781
957 1332
957 1649
957 2642
958 1575
958 2133
958 2147
958 2937
959 1066
959 1197
959 2848
960 1536
960 2860
961 1467
961 2628
962 1170
963 1401
963 1798
963 2172
964 2687
965 2048
965 2591
966 1667
966 2311
966 2604
966 2819
967 1875
967 2057
967 2271
967 2354
967 2603
968 1919
968 2245
968 2457
969 1223
969 1281
969 1517
969 1653
969 1745
969 1906
970 972
970 1798
970 1865
970 2751
971 1206
971 1328
971 1414
971 2627
972 1137
973 1785
973 1993
973 2609
974 1003
974 1526
974 2518
975 1682
977 1251
977 2840
978 1595
978 1622
979 2318
979 2898
980 1097
980 1453
980 1977
980 2908
981 1868
981 2152
982 1396
982 1480
982 1676
982 1769
982 1848
982 2184
982 2234
982 2332
983 1027
983 1173
983 1587
984 1491
984 1542
984 2005
984 2039
984 2918
984 2929
985 1915
985 2373
985 2696
985 2952
986 2624
987 1063
987 1679
987 2818
988 1516
988 2266
989 1326
989 1414
989 1879
989 2052
989 2270
989 2313
990 1571
990 2036
990 2074
991 1073
991 2164
991 2223
991 2506
991 2606
991 2945
992 1139
992 1255
992 2007
993 1320
993 1613
993 1951
995 1230
995 1753
995 2195
995 2321
996 1216
996 1439
996 1691
996 1933
996 2125
996 2968
997 1148
997 1557
997 1876
997 2457
997 2520
998 1296
998 1724
998 2823
999 1273
999 2373
999 2927
1000 1492
1000 1772
1001 1148
1001 2647
1002 1169
1002 1646
1002 2623
1003 1532
1003 2818
1004 1571
1005 2516
1005 2559
1005 2606
1006 1337
1006 1367
1006 1972
1006 2179
1007 1040
1007 1068
1007 1398
1007 2090
1008 1088
1008 1698
1008 2144
1008 2608
1008 2614
1009 2310
1009 2642
1009 2847
1010 1359
1010 2736
1010 2838
1010 2976
1011 1965
1011 2570
1011 2667
1011 2965
1012 2211
1012 2340
1012 2472
1012 2516
1012 2739
1013 1270
1013 1303
1013 1370
1013 1678
1013 1857
1013 2305
1013 2569
1013 2669
1013 2855
1013 2935
1014 1814
1014 2847
1015 1503
1015 1860
1015 1983
1015 2232
1015 2633
1015 2811
1015 2944
1016 1356
1016 1472
1016 1963
1016 2910
1017 1394
1017 1639
1017 1947
1017 2476
1018 1273
1018 1515
1018 1931
1019 1084
1019 2751
1020 1166
1020 1459
1020 2118
1020 2245
1021 1461
1021 1551
1022 2985
1023 1558
1023 1790
1023 1869
1023 2531
1024 1081
1024 1331
1024 1664
1024 1872
1024 2473
1025 2045
1025 2063
1025 2748
1025 2832
1026 1185
1026 1520
1026 1898
1027 1460
1027 2118
1027 2537
1027 2990
1028 2681
1029 1200
1029 1767
1029 1769
1029 2349
1030 1256
1030 1987
1030 2619
1030 2629
1030 2731
1031 1194
1031 1713
1031 2013
1031 2223
1031 2976
1032 1174
1032 2399
1032 2491
1032 2594
1032 2761
1032 2949
1033 1125
1033 1406
1033 2757
1034 1286
1034 1307
1034 1562
1034 1912
1034 2436
1035 1130
1035 1341
1035 1469
1035 1565
1035 2706
1035 2781
1035 2820
1035 2968
1036 1417
1036 1981
1036 2066
1036 2461
1036 2561
1037 2364
1037 2752
1038 1458
1038 2179
1040 2098
1040 2202
1040 2231
1041 1084
1041 1243
1041 1975
1041 2582
1041 2699
1042 1301
1042 2796
1043 1861
1043 2543
1043 2752
1044 1839
1045 2782
1046 2959
1047 2866
1048 2542
1049 2264
1050 2110
1051 2237
1051 2580
1051 2638
1052 1768
1052 1861
1052 2052
1053 1921
1054 2533
1054 2704
1055 1198
1055 1780
1055 2262
1055 2337
1055 2558
1056 2434
1056 2719
1057 2331
1058 2666
1059 2086
1060 1284
1060 1671
1060 2048
1061 2692
1061 2789
1061 2832
1062 1360
1062 1522
1062 1685
1062 1695
1062 2636
1062 2961
1063 1354
1063 2495
1063 2991
1064 1649
1064 2031
1065 1330
1065 1434
1065 1517
1065 1639
1065 2150
1066 1532
1066 1932
1067 1792
1068 1980
1068 2797
1069 1154
1069 1461
1069 1716
1069 2500
1070 1495
1070 2081
1070 2170
1070 2208
1070 2595
1071 1646
1071 2168
1071 2812
1071 2819
1072 1803
1072 1845
1072 2047
1072 2084
1073 1593
1073 2583
1074 1719
1074 2085
1074 2129
1075 1146
1075 1222
1075 2794
1076 1487
1076 2199
1077 1667
1077 1836
1077 2703
1077 2760
1078 1637
1078 1913
1078 2092
1079 1447
1079 2052
1079 2293
1079 2971
1080 2941
1082 2475
1082 2611
1083 1585
1083 2103
1083 2123
1083 2237
1083 2375
1084 1185
1084 1968
1085 2369
1086 2388
1087 1125
1087 1936
1087 1945
1087 2199
1088 1871
1088 2817
1089 2210
1089 2526
1090 1824
1090 2028
1090 2413
1090 2566
1090 2761
1090 2983
1091 1206
1091 1512
1091 2911
1092 1873
1092 1907
1093 1616
1093 1959
1093 2082
1093 2829
1094 1262
1094 1587
1094 2032
1095 2536
1096 1121
1096 1154
1096 1181
1096 1353
1096 2197
1097 1241
1097 2089
1097 2976
1098 1693
1098 1738
1098 2449
1098 2824
1099 1382
1099 1431
1100 2704
1100 2795
1101 2841
1102 1581
1102 2204
1102 2259
1102 2971
1103 1897
1103 2590
1103 2971
1104 1195
1104 2783
1105 1763
1105 2586
1106 1148
1106 1643
1106 2018
1106 2773
1107 1129
1107 1796
1107 2151
1107 2510
1108 1478
1108 1537
1108 1840
1108 2995
1109 1905
1109 2333
1110 1360
1110 2046
1111 2358
1111 2846
1112 1836
1113 1201
1113 2380
1115 1873
1115 2936
1116 2192
1116 2498
1116 2907
1116 2929
1117 1781
1117 2064
1118 2345
1118 2757
1119 2121
1119 2459
1120 1355
1120 2290
1121 1231
1121 1833
1121 2745
1122 1391
1122 1741
1122 1884
1122 2024
1122 2750
1123 1269
1124 1387
1124 2126
1124 2190
1125 2512
1126 1498
1126 1783
1126 1885
1126 1941
1128 1185
1128 1235
1128 1536
1129 1451
1129 1493
1129 1947
1129 2429
1130 1990
1130 2032
1130 2482
1131 2025
1131 2352
1132 1229
1132 1368
1132 1538
1132 1956
1132 2048
1132 2147
1132 2472
1132 2694
1133 1542
1133 1597
1133 2924
1135 2364
1135 2756
1135 2841
1135 2941
1136 2881
1136 2935
1137 1685
1138 1286
1138 2110
1138 2499
1139 2884
1140 1520
1140 1964
1140 2443
1141 1159
1141 1877
1141 2507
1142 1219
1143 2835
1144 2198
1145 1548
1145 1845
1145 2542
1145 2730
1145 2949
1146 1708
1146 2410
1146 2632
1147 1423
1148 1715
1148 2440
1149 1307
1149 1339
1149 2309
1149 2370
1149 2983
1150 1403
1150 2138
1151 1608
1151 2436
1151 2700
1152 2369
1153 1707
1153 2056
1153 2078
1153 2653
1153 2727
1154 1475
1154 1494
1154 2338
1154 2571
1154 2586
1154 2888
1154 2977
1155 2006
1156 1680
1156 2225
1157 1796
1158 1417
1158 2201
1158 2501
1159 1723
1159 2343
1159 2510
1160 2356
1160 2974
1161 1171
1162 1450
1163 1930
1163 2232
1163 2801
1164 2072
1165 2183
1165 2372
1165 2390
1165 2619
1166 1499
1166 2561
1167 1595
1167 2054
1167 2114
1167 2937
1168 1288
1168 1443
1168 1844
1169 1353
1169 1505
1169 1762
1171 1385
1171 1764
1172 1668
1172 1744
1172 2116
1173 1262
1173 2234
1174 2490
1174 2614
1175 1227
1175 2688
1176 1924
1176 2745
1176 2892
1176 2938
1177 1994
1178 1275
1178 1526
1178 1724
1178 1762
1178 1905
1178 1980
1178 2396
1178 2837
1179 1496
1179 1655
1180 1639
1181 1677
1181 1888
1182 1208
1182 1311
1182 1434
1182 2030
1183 2072
1183 2103
1183 2404
1184 1252
1184 1347
1184 2156
1184 2495
1184 2798
1185 1441
1185 1636
1185 2098
1185 2455
1186 1519
1187 1621
1187 2527
1187 2538
1187 2729
1188 1649
1188 1740
1188 2419
1189 1539
1189 2376
1189 2529
1190 1376
1190 2536
1190 2971
1191 1761
1191 2885
1192 1845
1192 1992
1192 1995
1193 2375
1193 2732
1194 1888
1194 2569
1195 1447
1195 2941
1195 2959
1196 1197
1196 1613
1196 2483
1196 2927
1197 1268
1198 1589
1198 2027
1198 2210
1198 2722
1198 2765
1198 2965
1199 1700
1199 2263
1199 2429
1200 1612
1200 2208
1200 2349
1200 2434
1200 2992
1201 2255
1201 2912
1202 1659
1202 2394
1202 2762
1203 2006
1203 2822
1203 2907
1205 1587
1206 1529
1206 2311
1207 1810
1207 2530
1208 1549
1208 2996
1210 1689
1211 1826
1212 2244
1212 2666
1212 2789
1214 1841
1214 2345
1215 1416
1215 1789
1216 1483
1216 1690
1216 2274
1216 2301
1216 2597
1217 1246
1217 1689
1217 2019
1217 2425
1217 2998
1218 2009
1218 2270
1218 2441
1218 2783
1218 2881
1219 2530
1219 2556
1220 1629
1221 1417
1221 2542
1221 2877
1222 1563
1222 1746
1222 2254
1222 2525
1223 2092
1223 2797
1225 2596
1226 1470
1226 1617
1226 1732
1226 1781
1226 2281
1227 1392
1227 2737
1227 2767
1228 1772
1228 1831
1228 2160
1228 2346
1228 2818
1229 1275
1229 1304
1229 1929
1229 2131
1230 1476
1230 1753
1230 2801
1231 2117
1231 2437
1231 2816
1231 2894
1232 1250
1233 2021
1233 2818
1234 1260
1234 1745
1235 2844
1235 2945
1236 1555
1236 2246
1237 1267
1237 1425
1237 1449
1237 2584
1238 1249
1238 2075
1238 2704
1239 1674
1240 1602
1240 1718
1240 2464
1240 2903
1241 1617
1242 2575
1242 2968
1243 1417
1243 1513
1243 1835
1243 1892
1243 2463
1244 1739
1244 2487
1244 2545
1245 1959
1245 2670
1246 1409
1246 1590
1246 1772
1247 2565
1248 1620
1248 1898
1248 2036
1248 2333
1248 2417
1248 2995
1249 2363
1249 2609
1250 1367
1251 2048
1251 2057
1251 2531
1251 2671
1252 1416
1253 1814
1253 2184
1254 1740
1254 1782
1254 2413
1255 2545
1256 1496
1257 1275
1257 1836
1257 2739
1258 1488
1258 1553
1258 1957
1259 2121
1260 2712
1261 1585
1261 1743
1261 2635
1261 2792
1262 1796
1262 1907
1262 2098
1262 2461
1263 2901
1264 1918
1264 2161
1264 2444
1264 2567
1265 1726
1266 2111
1266 2575
1267 1796
1268 1370
1268 2801
1268 2898
1269 2112
1269 2578
1270 2473
1270 2714
1271 1540
1272 2203
1272 2457
1273 1403
1273 2187
1274 1367
1274 1515
1274 2660
1275 1284
1275 1348
1275 1612
1275 2351
1275 2615
1276 1932
1276 2242
1278 2712
1279 1704
1279 2144
1279 2418
1280 2189
1281 1780
1281 2319
1281 2716
1282 2053
1282 2251
1282 2679
1282 2990
1283 1299
1284 2972
1285 2604
1286 1867
1288 2198
1289 1798
1289 2691
1290 1453
1290 1539
1290 1890
1290 1915
1291 1539
1291 2216
1291 2352
1291 2486
1292 1426
1292 2562
1292 2791
1292 2852
1293 1972
1293 2583
1293 2639
1294 2039
1295 1996
1295 2519
1295 2582
1295 2588
1295 2597
1297 2606
1297 2640
1297 2826
1298 1676
1298 2258
1299 1663
1299 2327
1300 2105
1300 2355
1301 1420
1301 2154
1301 2481
1302 1304
1302 1355
1302 1691
1302 1953
1302 2151
1303 1317
1303 2884
1304 2303
1305 1720
1305 1733
1305 2006
1305 2366
1305 2699
1306 1622
1306 1723
1306 1781
1306 1814
1306 1931
1306 2065
1306 2227
1309 1790
1309 2631
1310 1618
1310 1647
1310 1746
1310 1764
1310 1941
1310 2218
1310 2579
1312 1394
1312 1819
1312 2633
1313 2251
1313 2504
1313 2673
1313 2760
1314 1383
1314 2152
1314 2673
1314 2908
1314 2934
1314 2987
1315 1834
1315 2812
1316 2240
1317 1594
1317 2049
1317 2614
1317 2962
1318 1649
1319 1734
1320 1786
1320 2642
1321 1675
1321 1734
1321 2116
1321 2750
1321 2912
1322 1986
1322 2717
1322 2851
1323 1447
1323 1474
1323 1718
1323 2700
1324 2236
1324 2995
1325 1857
1325 2577
1326 1397
1326 2150
1326 2154
1327 2420
1328 1656
1328 2844
1329 2600
1331 1893
1331 1932
1331 2194
1331 2432
1331 2976
1332 1370
1332 2941
1333 1949
1333 2200
1334 2793
1334 2805
1335 1740
1335 2333
1335 2556
1335 2807
1336 2474
1336 2582
1336 2991
1337 1575
1337 2280
1337 2405
1337 2507
1338 2116
1338 2663
1338 2885
1339 2046
1339 2604
1340 1707
1340 2893
1341 2564
1342 1440
1342 1772
1342 2339
1342 2477
1343 1589
1343 2974
1344 1885
1344 2900
1344 2921
1345 1802
1345 2197
1346 1873
1346 2595
1347 1821
1348 1367
1348 1413
1348 2201
1349 1940
1349 2874
1350 1543
1351 2346
1351 2599
1351 2721
1352 2365
1352 2608
1353 2240
1353 2340
1354 2193
1354 2735
1356 2066
1356 2760
1356 2822
1356 2931
1357 1744
1357 2473
1357 2719
1358 2817
1360 1404
1360 2948
1361 1683
1361 1901
1361 2012
1361 2730
1362 2792
1363 1757
1363 1868
1363 2482
1364 2042
1364 2524
1364 2669
1365 1496
1365 1581
1365 2268
1365 2612
1365 2701
1366 2258
1367 1564
1367 1674
1368 1924
1368 1954
1368 2173
1369 1377
1369 2277
1369 2551
1369 2926
1370 1541
1370 1542
1370 1748
1370 1927
1370 2092
1370 2474
1370 2738
1371 2310
1371 2340
1371 2564
1371 2708
1372 1787
1372 2024
1372 2220
1373 1433
1373 2282
1373 2997
1374 2170
1374 2810
1374 2869
1376 1412
1376 1979
1376 2126
1376 2212
1376 2907
1379 2997
1380 2155
1380 2862
1381 1706
1381 2015
1381 2235
1381 2279
1381 2341
1382 1463
1382 1955
1382 1993
1382 2336
1382 2838
1384 1430
1384 2203
1385 1568
1385 1648
1385 1792
1385 2442
1385 2497
1385 2885
1386 1622
1386 1662
1386 2560
1386 2675
1387 1718
1387 2244
1387 2539
1389 1602
1389 2717
1389 2870
1390 1689
1390 2512
1390 2807
1390 2855
1391 2107
1391 2897
1392 1420
1392 1723
1392 2246
1392 2457
1392 2543
1393 2165
1393 2183
1393 2228
1394 1995
1394 2230
1395 1605
1395 1897
1395 2650
1396 2365
1397 2715
1398 1545
1398 2325
1399 1524
1399 2054
1399 2501
1400 2586
1401 1865
1401 2543
1402 2072
1404 1493
1404 1626
1404 1795
1405 1655
1405 1685
1405 2518
1405 2723
1406 2261
1406 2290
1406 2794
1407 1712
1407 1823
1408 1762
1408 2329
1409 1501
1409 1715
1409 1794
1410 1738
1410 1847
1410 2115
1410 2262
1410 2355
1410 2440
1411 1604
1411 1664
1411 1744
1412 1433
1412 1852
1412 2160
1412 2584
1412 2879
1413 2034
1414 1507
1414 2678
1414 2855
1415 1576
1415 1804
1415 2121
1415 2431
1418 1522
1418 1684
1418 2737
1419 1503
1419 1927
1419 1988
1420 1922
1420 2287
1420 2590
1422 2837
1423 2496
1424 2450
1424 2520
1424 2746
1425 2022
1425 2128
1427 2533
1428 2315
1428 2849
1429 2997
1430 1607
1430 1716
1430 1880
1430 2719
1431 2330
1431 2487
1431 2711
1431 2872
1432 1775
1433 2856
1434 2537
1435 1532
1435 1821
1436 1530
1436 2256
1437 1561
1437 1634
1437 2059
1437 2211
1437 2284
1437 2605
1438 2657
1439 1654
1439 2861
1440 2892
1441 1952
1441 2348
1442 1887
1442 2038
1442 2627
1443 2198
1444 1852
1444 2680
1444 2898
1446 2721
1446 2738
1447 1562
1447 2208
1447 2280
1447 2800
1448 1562
1448 2023
1448 2468
1449 1901
1449 2642
1450 2379
1451 1660
1451 2752
1452 1660
1452 2693
1452 2851
1453 1828
1453 2764
1454 1830
1454 2819
1454 2895
1455 1522
1455 2554
1456 1730
1456 2307
1457 1729
1457 1960
1457 2142
1458 1484
1458 1729
1458 1890
1458 2576
1458 2795
1460 1933
1460 2390
1460 2738
1461 1821
1462 1477
1462 1735
1462 2911
1463 1531
1463 1608
1463 2800
1463 2981
1464 1511
1464 2644
1465 2450
1465 2650
1465 2707
1466 2086
1467 2041
1467 2457
1468 1629
1468 2769
1469 1912
1469 2229
1470 2863
1471 1653
1471 2536
1472 1731
1473 1667
1473 1846
1473 2445
1473 2704
1473 2982
1474 1676
1474 1763
1474 1788
1474 2919
1474 2952
1475 1695
1475 2619
1475 2764
1475 2853
1476 1595
1476 1853
1476 1878
1476 2728
1477 2474
1477 2607
1477 2659
1478 1667
1478 2205
1478 2628
1478 2849
1479 1959
1480 1584
1480 1830
1480 2283
1480 2516
1481 2363
1482 1627
1482 1666
1482 2443
1483 1664
1484 2966
1485 2572
1487 1667
1487 2209
1488 2286
1489 2138
1489 2973
1490 1875
1490 2187
1490 2214
1491 1842
1491 2271
1491 2878
1492 2058
1492 2290
1493 1664
1493 1716
1493 1922
1493 2015
1494 2370
1495 2678
1495 2894
1496 2085
1496 2139
1496 2730
1496 2787
1497 2685
1498 2500
1499 2029
1499 2216
1500 1727
1500 2344
1501 2164
1501 2177
1501 2325
1503 1656
1503 1832
1503 2488
1505 1777
1505 2569
1506 2125
1506 2442
1506 2912
1507 1775
1507 1941
1507 1992
1507 2051
1507 2182
1507 2339
1507 2801
1507 2891
1508 1575
1508 1880
1508 1956
1508 2133
1508 2255
1508 2925
1509 2520
1509 2694
1509 2807
1510 2748
1511 1964
1511 2703
1511 2761
1512 2378
1513 2087
1514 1649
1514 2014
1514 2400
1515 1603
1515 1739
1515 1937
1515 2258
1516 2386
1516 2591
1517 1579
1517 1754
1517 2197
1517 2245
1518 1524
1518 2375
1519 1693
1519 1820
1519 2839
1520 2879
1521 1606
1521 1709
1521 1750
1522 1908
1524 2301
1524 2385
1524 2611
1524 2748
1525 1873
1526 2079
1526 2251
1526 2362
1527 2372
1527 2784
1528 1570
1528 2274
1528 2577
1528 2579
1529 1930
1529 2233
1529 2609
1531 2060
1531 2650
1531 2966
1532 1953
1532 2256
1532 2767
1533 2631
1533 2739
1533 2917
1534 2416
1534 2541
1535 1639
1535 2545
1535 2768
1536 2865
1538 2003
1538 2181
1538 2509
1539 1634
1540 2260
1540 2932
1541 2350
1542 2248
1543 1860
1544 2067
1545 2756
1545 2795
1546 1657
1546 2965
1547 2297
1547 2315
1549 2171
1549 2775
1549 2831
1550 1779
1550 2260
1550 2792
1552 1571
1552 2209
1552 2767
1552 2868
1553 1595
1553 2148
1553 2176
1553 2711
1554 1757
1554 2500
1554 2570
1555 1625
1555 2601
1556 2193
1556 2548
1556 2966
1557 1703
1557 1799
1557 1858
1557 1956
1557 2700
1557 2986
1558 2931
1559 1649
1559 1797
1560 1585
1560 2330
1561 2406
1562 1846
1562 1959
1562 2553
1562 2777
1563 1869
1563 1949
1563 2176
1563 2498
1563 2500
1564 1610
1564 1650
1564 1944
1564 2779
1564 2815
1564 2873
1566 2536
1567 2171
1567 2204
1567 2846
1568 1942
1568 2460
1568 2790
1569 1759
1569 1796
1569 2972
1570 1988
1570 2470
1570 2729
1571 2302
1571 2686
1572 2295
1573 2991
1575 1844
1575 2031
1575 2152
1575 2853
1576 2229
1577 2298
1577 2644
1579 1679
1579 1708
1579 1760
1579 2326
1579 2531
1579 2594
1579 2648
1579 2726
1580 1916
1580 2512
1580 2916
1581 1849
1581 2527
1582 2011
1583 2002
1584 2310
1584 2594
1585 1882
1585 2664
1586 1619
1586 2126
1586 2233
1586 2336
1586 2976
1587 1598
1587 1829
1587 2097
1587 2322
1587 2687
1587 2777
1588 2956
1589 2391
1589 2837
1590 2339
1590 2882
1591 1705
1591 1834
1591 2238
1591 2447
1592 2325
1592 2652
1592 2699
1593 1861
1594 2059
1594 2302
1594 2331
1594 2783
1594 2968
1595 2830
1596 2623
1596 2677
1597 2964
1598 1702
1598 2309
1599 1789
1599 2498
1600 2341
1600 2359
1600 2687
1600 2771
1601 1859
1601 2251
1602 2883
1602 2942
1604 2162
1605 2565
1606 1627
1606 2793
1607 2037
1608 1657
1608 1695
1608 2506
1608 2567
1608 2763
1608 2787
1609 2460
1611 2367
1611 2818
1612 1643
1612 1965
1612 2167
1612 2735
1613 2278
1614 1954
1614 2991
1615 2704
1615 2775
1617 1778
1617 2815
1618 1743
1620 1946
1620 1971
1620 2653
1621 2360
1622 1637
1622 2086
1623 2181
1623 2310
1623 2633
1623 2826
1624 1855
1624 2016
1624 2566
1625 1900
1625 2789
1625 2910
1627 2060
1627 2722
1628 1810
1628 2076
1629 1896
1629 2208
1629 2765
1630 1986
1630 2745
1631 2679
1632 1718
1632 2573
1632 2759
1633 2196
1633 2223
1633 2641
1633 2745
1634 1762
1634 1927
1634 2645
1635 1758
1635 1836
1635 1867
1635 2261
1636 2244
1636 2625
1636 2787
1639 1764
1640 1699
1640 2351
1640 2527
1640 2844
1641 2409
1642 1744
1643 2012
1644 1802
1644 2304
1644 2622
1644 2990
1645 2085
1645 2209
1646 1659
1646 2345
1646 2419
1646 2705
1646 2782
1647 2090
1647 2304
1648 2048
1648 2616
1648 2701
1650 2856
1652 1816
1652 1838
1652 1857
1654 1760
1654 2281
1654 2586
1654 2745
1655 2097
1658 1994
1658 2153
1659 1830
1659 2088
1659 2253
1659 2823
1660 2747
1662 1955
1663 1859
1664 2267
1665 1968
1665 2350
1665 2780
1665 2781
1666 2074
1666 2084
1666 2395
1666 2654
1666 2868
1666 2936
1667 1772
1667 2493
1667 2628
1668 2354
1669 1797
1669 1826
1669 2074
1669 2390
1669 2400
1670 2393
1670 2479
1671 2211
1671 2238
1671 2450
1674 2708
1674 2947
1675 1819
1675 2306
1675 2362
1676 2059
1676 2074
1676 2509
1677 2337
1678 1759
1678 2564
1679 2654
1679 2831
1680 2255
1681 1692
1681 1718
1681 1951
1681 2289
1681 2500
1682 2107
1682 2569
1682 2837
1682 2917
1684 2780
1684 2815
1686 2414
1686 2926
1687 2355
1688 1886
1688 2795
1688 3000
1691 1913
1691 2038
1691 2431
1691 2623
1692 2526
1692 2855
1692 2995
1693 2242
1693 2812
1694 2549
1694 2793
1694 2813
1695 1790
1695 2344
1695 2522
1696 1815
1696 2951
1697 1851
1697 2858
1698 2586
1699 1895
1701 2569
1702 1766
1702 2077
1702 2600
1702 2806
1703 2261
1703 2438
1703 2988
1705 1720
1705 1920
1705 2323
1705 2441
1706 2169
1707 2139
1707 2560
1708 2847
1709 2911
1710 2113
1712 2619
1712 2781
1714 1843
1715 2303
1716 2331
1717 2088
1717 2750
1718 1719
1719 1728
1719 2058
1719 2524
1720 1748
1720 1849
1720 2610
1721 2113
1723 2150
1724 1945
1726 1898
1726 2452
1728 2261
1728 2758
1729 1736
1730 1883
1731 2186
1731 2451
1732 1892
1732 2260
1732 2424
1733 1749
1733 2770
1733 2798
1734 1866
1735 1756
1737 1742
1738 1902
1738 2339
1738 2567
1740 2489
1740 2558
1740 2963
1740 2995
1741 2080
1742 2051
1742 2177
1742 2999
1743 2531
1744 2058
1745 1841
1745 2323
1746 1874
1746 2025
1746 2170
1748 2041
1748 2401
1748 2827
1748 2844
1749 2952
1750 1962
1750 2505
1750 2602
1751 2024
1751 2758
1752 2393
1754 1787
1754 2746
1754 2893
1755 1875
1756 2602
1756 2757
1757 1861
1757 2369
1757 2445
1758 1827
1758 2354
1759 1760
1759 1868
1759 2225
1759 2606
1760 2308
1760 2606
1760 2635
1761 2822
1762 2094
1763 2419
1764 2304
1764 2936
1765 2252
1765 2304
1765 2680
1766 1910
1766 2745
1767 2754
1767 2756
1768 2173
1768 2346
1768 2661
1769 1912
1769 2152
1769 2263
1769 2652
1770 2551
1770 2625
1770 2836
1771 2549
1771 2979
1773 1978
1773 2348
1774 1931
1774 2430
1774 2679
1775 2830
1776 1847
1776 2342
1776 2483
1777 2684
1778 2193
1779 2620
1780 2392
1781 2586
1782 1887
1782 1929
1783 2252
1783 2631
1784 2055
1784 2714
1784 2740
1785 1991
1785 2198
1785 2203
1785 2828
1786 2275
1786 2478
1786 2613
1787 1872
1787 2275
1788 2208
1788 2263
1788 2404
1788 2613
1789 2806
1790 2665
1790 2795
1791 1899
1793 2648
1793 2928
1794 2477
1794 2721
1795 2210
1795 2262
1795 2344
1795 2885
1796 1912
1796 2333
1796 2340
1797 2434
1797 2484
1797 2658
1798 1862
1798 2912
1800 2127
1800 2201
1800 2314
1800 2793
1801 2163
1801 2444
1802 2878
1803 2010
1803 2089
1803 2615
1804 2468
1804 2828
1805 1870
1805 2398
1806 2659
1807 2429
1808 1859
1808 2147
1809 2239
1809 2617
1809 2835
1809 2990
1810 2958
1811 1919
1812 2128
1812 2349
1813 2240
1813 2665
1814 1954
1814 2791
1815 2006
1816 2119
1819 2371
1820 2070
1820 2456
1820 2833
1821 1833
1822 1903
1822 2242
1822 2290
1823 2139
1823 2164
1823 2373
1825 1948
1825 2345
1825 2790
1826 2127
1826 2415
1827 2393
1828 2399
1828 2878
1829 2953
1830 1966
1830 1982
1830 2027
1830 2291
1830 2330
1830 2531
1830 2655
1830 2676
1830 2963
1831 2443
1831 2534
1831 2596
1831 2655
1833 1865
1833 1937
1834 2403
1834 2480
1837 2496
1837 2882
1838 2455
1839 2442
1839 2702
1840 2193
1840 2396
1841 1860
1843 1879
1843 2023
1843 2041
1843 2352
1843 2451
1844 2653
1845 2232
1845 2343
1845 2637
1845 2828
1846 2482
1846 2583
1846 2639
1847 1855
1847 2414
1847 2419
1847 2698
1848 2192
1849 2407
1849 2632
1851 1949
1851 2304
1852 2620
1854 2137
1855 2473
1855 2665
1855 2836
1856 1878
1856 2467
1857 1928
1857 2094
1857 2215
1857 2370
1858 1876
1858 2513
1859 2046
1861 1972
1862 2418
1862 2561
1862 2719
1863 2136
1865 2516
1866 2352
1866 2815
1867 2899
1868 2565
1869 2709
1869 2730
1870 2376
1871 2587
1872 2166
1873 2858
1874 1918
1875 2625
1875 2642
1876 2773
1877 2698
1878 2623
1880 1923
1880 2464
1881 2277
1883 2867
1884 2632
1884 2997
1886 2366
1886 2542
1886 2993
1887 2142
1887 2479
1887 2675
1888 2403
1889 2562
1890 2142
1890 2191
1890 2480
1891 1981
1891 2097
1891 2684
1891 2768
1892 2516
1893 2179
1893 2745
1895 2405
1895 2500
1897 1913
1897 1988
1897 2395
1897 2692
1897 2798
1898 2094
1898 2194
1898 2629
1898 2664
1899 1913
1899 2047
1899 2241
1899 2444
1900 2398
1900 2931
1903 2352
1904 2941
1905 2528
1906 2168
1906 2980
1907 1920
1907 2662
1909 2501
1910 2570
1910 2731
1911 2413
1911 2538
1911 2847
1912 2679
1913 2022
1913 2506
1914 2004
1914 2575
1915 2291
1915 2304
1915 2329
1915 2812
1916 2017
1916 2175
1916 2779
1916 2984
1916 2986
1917 2197
1917 2350
1917 2407
1918 2111
1918 2254
1918 2864
1919 2555
1921 2295
1921 2803
1922 1963
1922 2676
1923 2006
1923 2198
1923 2429
1924 2363
1925 2665
1926 2236
1926 2740
1927 2005
1927 2372
1928 2736
1929 2266
1930 2258
1931 2300
1931 2474
1931 2695
1932 2458
1932 2571
1932 2809
1933 2496
1934 2153
1934 2210
1934 2489
1934 2905
1935 2939
1936 2337
1936 2880
1937 2163
1937 2796
1937 2970
1940 2181
1940 2938
1941 2350
1941 2474
1942 2660
1943 2051
1943 2901
1944 2348
1944 2883
1944 2890
1945 2015
1945 2869
1945 2948
1946 2054
1946 2954
1948 1964
1949 2401
1949 2711
1950 2056
1950 2676
1951 2510
1952 2559
1953 2888
1954 2611
1954 2928
1956 2524
1957 2434
1957 2655
1958 2034
1958 2058
1958 2135
1958 2973
1962 2924
1963 2254
1963 2483
1963 2660
1964 2513
1964 2752
1964 2912
1965 2552
1967 2084
1967 2639
1967 2714
1969 2019
1971 2877
1973 2399
1973 2521
1973 2801
1974 2609
1976 2269
1977 2665
1977 2811
1978 2178
1978 2668
1979 2442
1981 2712
1981 2937
1982 2413
1982 2880
1984 2247
1984 2756
1985 2909
1986 2601
1987 2493
1988 2365
1989 2201
1989 2207
1989 2297
1989 2417
1990 2169
1991 2098
1991 2355
1991 2580
1993 2468
1994 2713
1995 2025
1995 2357
1995 2692
1995 2798
1995 2941
1996 2087
1996 2399
1996 2943
1998 2383
2000 2565
2000 2692
2001 2056
2001 2830
2002 2188
2002 2553
2003 2096
2004 2189
2004 2206
2004 2215
2004 2938
2005 2236
2005 2338
2005 2866
2005 2877
2006 2617
2007 2564
2007 2646
2007 2741
2008 2179
2008 2201
2010 2504
2010 2521
2010 2723
2011 2180
2012 2765
2013 2022
2013 2065
2014 2137
2014 2428
2015 2033
2016 2753
2017 2932
2018 2345
2018 2415
2018 2688
2020 2791
2021 2399
2022 2657
2023 2116
2023 2361
2023 2641
2024 2042
2024 2585
2024 2600
2025 2140
2025 2695
2027 2532
2028 2912
2029 2206
2029 2512
2031 2556
2032 2272
2033 2107
2033 2838
2035 2491
2035 2583
2035 2695
2036 2388
2037 2362
2037 2748
2037 2822
2038 2305
2038 2769
2039 2769
2042 2364
2043 2633
2044 2240
2044 2911
2045 2670
2045 2953
2045 2957
2048 2630
2050 2085
2050 2969
2051 2693
2052 2413
2055 2691
2058 2390
2058 2647
2058 2943
2059 2077
2060 2847
2060 2934
2062 2943
2063 2349
2065 2943
2065 2992
2066 2457
2071 2485
2071 2928
2072 2084
2072 2787
2073 2080
2073 2346
2074 2204
2074 2368
2074 2422
2074 2723
2077 2146
2079 2836
2080 2696
2081 2495
2081 2576
2081 2944
2083 2197
2084 2428
2086 2622
2086 2665
2086 2678
2087 2155
2088 2600
2088 2714
2088 2933
2089 2516
2091 2686
2092 2860
2094 2175
2094 2377
2094 2527
2095 2450
2095 2882
2097 2661
2097 2743
2098 2122
2098 2171
2098 2462
2098 2463
2099 2378
2099 2488
2099 2841
2099 2896
2100 2817
2101 2852
2102 2133
2102 2250
2102 2716
2103 2147
2104 2565
2106 2706
2107 2232
2107 2400
2107 2775
2108 2625
2108 2776
2109 2755
2110 2804
2111 2825
2111 2830
2113 2136
2114 2751
2115 2838
2116 2527
2117 2181
2118 2390
2122 2219
2122 2798
2122 2998
2123 2144
2123 2834
2124 2181
2126 2580
2129 2684
2129 2918
2130 2211
2131 2136
2131 2316
2131 2860
2133 2448
2134 2668
2136 2165
2136 2643
2137 2476
2138 2251
2139 2247
2140 2300
2141 2701
2144 2465
2144 2842
2149 2729
2151 2800
2152 2371
2152 2495
2153 2411
2153 2967
2154 2429
2154 2747
2155 2216
2155 2403
2155 2934
2155 2967
2158 2167
2158 2607
2158 2679
2159 2625
2159 2828
2161 2168
2161 2965
2162 2681
2162 2914
2164 2421
2164 2799
2165 2243
2165 2947
2166 2595
2166 2760
2167 2189
2167 2280
2168 2556
2170 2493
2170 2707
2171 2712
2172 2471
2174 2464
2174 2656
2175 2376
2175 2729
2176 2242
2177 2839
2181 2769
2182 2254
2184 2881
2185 2235
2186 2472
2188 2456
2188 2609
2189 2582
2190 2388
2191 2908
2192 2425
2193 2254
2193 2378
2193 2637
2193 2909
2195 2200
2195 2359
2195 2520
2197 2306
2198 2529
2199 2592
2201 2486
2202 2696
2203 2743
2205 2915
2206 2378
2207 2329
2208 2612
2209 2949
2211 2409
2212 2786
2213 2923
2214 2253
2214 2555
2214 2989
2217 2229
2218 2408
2218 2483
2221 2645
2222 2614
2223 2497
2223 2689
2223 2744
2224 2423
2225 2617
2225 2712
2225 2954
2225 2983
2226 2481
2226 2804
2226 2993
2228 2600
2229 2424
2229 2492
2229 2503
2231 2737
2231 2929
2231 2932
2237 2445
2237 2543
2238 2561
2240 2251
2241 2678
2241 2998
2243 2381
2245 2695
2246 2820
2247 2637
2248 2690
2248 2985
2248 2991
2249 2306
2251 2791
2252 2394
2252 2679
2259 2755
2260 2270
2260 2753
2262 2974
2265 2790
2265 2995
2266 2632
2267 2926
2270 2580
2272 2971
2276 2289
2280 2306
2280 2543
2280 2937
2282 2369
2283 2589
2284 2723
2285 2321
2285 2463
2288 2892
2288 2931
2291 2488
2291 2722
2292 2298
2292 2410
2292 2949
2292 2989
2294 2772
2295 2485
2295 2497
2296 2631
2297 2332
2297 2971
2298 2763
2298 2819
2299 2551
2301 2424
2301 2581
2302 2431
2302 2659
2302 2865
2302 2880
2303 2883
2303 2925
2306 2506
2308 2478
2309 2318
2310 2470
2311 2740
2315 2369
2315 2630
2317 2816
2319 2516
2319 2805
2319 2888
2319 2961
2320 2624
2320 2982
2321 2492
2321 2730
2321 2975
2322 2842
2326 2516
2327 2410
2328 2868
2329 2724
2329 2827
2330 2405
2331 2681
2332 2514
2333 2835
2334 2670
2335 2456
2335 2675
2336 2584
2339 2581
2340 2828
2341 2373
2341 2377
2343 2671
2343 2825
2345 2834
2346 2468
2346 2838
2346 2874
2346 2875
2352 2785
2353 2948
2354 2381
2354 2529
2357 2655
2358 2774
2358 2845
2359 2615
2359 2905
2360 2375
2363 2974
2365 2483
2365 2499
2366 2698
2366 2942
2367 2857
2368 2765
2370 2974
2372 2711
2372 2842
2373 2577
2373 2896
2374 2506
2374 2527
2374 2880
2375 2472
2375 2535
2377 2930
2378 2676
2378 2710
2379 2439
2381 2566
2381 2646
2382 2412
2382 2595
2383 2834
2389 2406
2389 2460
2395 2455
2395 2803
2396 2456
2399 2611
2402 2612
2404 2642
2404 2727
2404 2918
2405 2534
2405 2759
2407 2552
2408 2441
2409 2548
2409 2839
2410 2573
2410 2661
2415 2741
2416 2819
2417 2833
2418 2837
2419 2498
2420 2833
2422 2423
2422 2459
2422 2891
2426 2840
2427 2448
2429 2824
2430 2878
2430 2990
2432 2642
2434 2819
2436 2664
2436 2950
2437 2659
2437 2884
2437 2888
2437 2937
2438 2544
2438 2722
2439 2490
2442 2900
2444 2507
2444 2642
2444 2800
2447 2957
2452 2718
2452 2874
2454 2930
2456 2975
2460 2977
2463 2580
2466 2509
2468 2824
2470 2961
2474 2811
2474 2896
2476 2576
2477 2916
2481 2614
2483 2515
2485 2908
2487 2671
2488 2617
2491 2537
2491 2548
2492 2745
2493 2548
2494 2889
2494 2974
2499 2558
2501 2659
2503 2528
2506 2578
2506 2687
2507 2652
2508 2764
2509 2717
2509 2971
2511 2651
2512 2659
2513 2698
2513 2966
2516 2700
2516 2908
2517 2745
2517 2887
2517 2951
2518 2812
2519 2550
2519 2995
2520 2675
2521 2806
2521 2845
2521 2954
2521 2971
2525 2765
2526 2669
2527 2714
2527 2813
2529 2944
2530 2695
2532 2852
2534 2634
2534 2970
2537 2925
2538 2939
2539 2824
2540 2779
2541 2717
2543 2567
2545 2796
2546 2731
2547 2598
2547 2957
2549 2832
2549 2883
2550 2586
2550 2645
2552 2799
2554 2649
2554 2805
2555 2587
2555 2766
2559 2769
2561 2771
2564 2845
2565 2566
2565 2729
2566 2661
2568 2859
2568 2896
2568 2949
2569 2677
2569 2921
2569 2949
2570 2826
2576 2613
2577 2685
2578 2854
2581 2696
2582 2645
2583 2641
2583 2866
2583 2945
2583 2956
2585 2877
2585 2962
2589 2669
2589 2980
2590 2843
2591 2696
2591 2766
2599 2831
2600 2766
2600 2906
2600 2958
2604 2876
2606 2638
2609 2847
2610 2715
2610 2794
2610 2844
2611 2615
2611 2861
2614 2735
2615 2691
2615 2708
2616 2628
2619 2985
2620 2725
2620 2997
2621 2871
2622 2781
2623 2853
2628 2892
2629 2807
2631 2847
2631 2918
2633 2652
2633 2869
2635 2649
2637 2971
2640 2883
2646 2649
2647 2805
2648 2945
2649 2711
2650 2740
2653 2719
2654 2833
2654 2939
2663 2852
2664 2733
2664 2993
2665 2825
2666 2759
2669 2689
2672 2911
2672 2931
2675 2710
2675 2926
2677 2842
2677 2901
2679 2738
2680 2974
2680 2994
2682 2805
2683 2804
2684 2829
2685 2975
2686 2954
2688 2724
2688 2771
2689 2925
2697 2766
2698 2802
2698 2985
2704 2730
2729 2900
2730 2943
2731 2966
2731 2970
2733 2760
2735 2864
2736 2964
2741 2775
2742 2900
2748 2843
2748 2941
2750 2925
2753 2919
2754 2852
2755 2796
2759 2978
2761 2815
2766 2871
2767 2804
2769 2814
2771 2789
2772 2892
2775 2778
2788 2842
2789 2792
2799 2955
2805 2872
2809 2929
2813 2944
2815 2933
2819 2987
2821 2861
2824 2999
2827 2891
2830 2895
2831 2903
2832 2870
2837 2936
2838 2895
2848 2960
2850 2936
2852 2903
2852 2920
2853 2969
2861 2942
2862 2890
2864 2952
2865 2886
2867 2939
2868 2960
2870 2977
2894 2928
2894 2976
2897 2979
2899 2962
2907 2972
2918 2994
2941 2954
2959 2977
