3000 7940
1 97
1 1766
1 2035
1 2410
1 2707
2 100
2 251
2 1268
2 1315
2 1334
2 2629
2 2956
3 982
3 1534
3 1773
3 2511
3 2702
3 2729
4 362
4 1323
4 1964
5 335
5 468
5 872
5 1058
5 2677
7 696
7 1337
7 1954
7 2134
7 2242
7 2707
7 2886
8 363
8 409
8 1083
8 2096
8 2712
9 319
9 565
9 584
9 914
9 2073
9 2288
9 2541
9 2548
9 2691
10 1048
10 1068
10 1644
10 1712
10 2868
11 41
11 743
11 1306
11 2233
11 2335
11 2709
12 728
12 1080
12 1321
12 1362
13 1602
13 1675
13 2238
13 2708
13 2806
14 324
14 2280
14 2308
14 2536
14 2946
15 105
15 696
15 1327
15 1461
15 2230
15 2374
16 417
16 659
16 1614
16 1969
17 1812
18 149
18 1064
18 1105
18 1635
18 1696
18 2554
18 2628
19 1136
19 1153
19 1365
19 1617
19 2228
19 2670
20 1113
20 2574
21 1785
21 2023
21 2782
22 1505
22 1782
23 445
23 679
23 1224
24 706
24 945
24 1040
24 1105
24 1214
24 1927
25 217
25 272
25 556
25 573
25 1737
25 1740
26 136
26 207
26 930
26 1277
26 1345
26 1387
26 1856
26 2084
27 827
27 1122
27 1259
27 1659
27 1713
27 2048
27 2636
27 2783
28 844
28 1368
28 1377
28 1553
28 2563
29 1647
29 2059
29 2180
29 2319
29 2693
30 372
30 1631
30 1774
30 2154
30 2504
30 2593
31 79
31 123
31 2245
32 1945
32 2909
33 902
33 932
33 1559
33 1589
33 2061
33 2975
34 583
34 747
34 857
34 1099
34 2026
35 1214
36 1536
37 495
37 667
37 782
37 1311
37 1703
37 1874
37 1948
38 564
38 940
38 1006
38 1430
38 1950
38 2073
38 2264
38 2683
38 2856
38 2908
39 190
39 440
39 895
39 2413
39 2617
39 2824
39 2976
40 78
40 216
40 937
40 1326
41 811
41 996
41 1201
41 1520
41 1967
41 1974
42 81
42 786
42 840
42 2345
42 2972
43 994
43 1014
43 1475
43 2730
44 275
44 1235
44 1465
45 111
45 186
45 963
45 991
45 2821
46 659
46 848
46 2394
46 2750
47 62
47 579
47 862
47 1408
47 1585
47 2701
47 2918
48 624
48 1323
48 1693
48 1780
48 1896
48 2876
49 1415
49 1923
49 2233
49 2470
50 379
50 674
50 1186
51 431
51 565
51 959
51 1739
51 2321
52 161
52 432
52 519
52 664
52 1507
52 2012
52 2250
52 2292
52 2892
53 1604
53 2690
53 2692
53 2882
54 718
54 1123
54 1414
54 2083
54 2235
54 2834
55 137
55 180
55 807
55 1125
55 1180
55 1644
55 2010
55 2532
55 2819
55 2993
56 767
56 1098
56 1799
56 1838
56 2584
56 2729
57 800
57 970
57 1784
58 532
58 542
58 674
58 740
58 754
58 1924
58 2755
59 108
59 941
59 972
59 2065
59 2726
60 706
60 985
60 1922
61 474
61 717
61 1063
61 1361
61 2004
61 2190
62 1096
62 1926
62 2231
62 2341
63 133
63 323
63 1055
63 1120
63 1308
63 2295
63 2804
64 1351
64 1354
64 1437
64 1615
64 1692
64 1870
64 1915
65 270
65 396
65 1109
65 1887
65 2097
65 2341
65 2391
65 2772
66 257
66 291
66 2757
67 145
67 678
67 699
67 1269
67 1278
67 1589
67 1861
67 2780
68 318
68 1331
69 72
69 178
69 573
70 133
70 413
70 517
70 581
70 606
70 1854
70 2046
70 2414
70 2441
71 783
71 1138
71 2040
72 1245
72 1504
72 1529
72 2142
72 2605
72 2646
72 2939
73 228
73 977
73 1116
73 1160
73 1592
73 1789
73 1831
73 2311
73 2513
74 850
74 884
74 1442
74 1499
74 2049
74 2300
74 2703
74 2965
75 130
75 199
75 803
75 909
75 1415
75 1963
75 2985
75 2998
76 115
76 860
76 1093
76 2115
76 2362
76 2519
76 2916
77 699
77 724
77 1367
77 1445
77 1652
77 2160
77 2610
77 2694
77 2913
78 319
78 1461
78 1506
78 2607
79 135
79 243
79 325
79 1179
79 1889
79 2445
80 349
80 2500
81 398
81 1088
81 2461
81 2577
81 2852
82 1277
82 1793
82 2793
83 249
83 1176
83 1223
84 1361
84 1451
84 1463
84 1780
84 2246
84 2550
84 2659
84 2759
84 2856
85 771
85 842
85 1694
85 2417
85 2517
85 2724
86 241
86 406
86 457
86 807
86 863
86 1433
86 1650
86 2200
87 321
87 925
87 956
87 965
87 1197
87 1232
87 1565
87 1575
88 278
88 439
88 1815
88 2110
89 402
89 2092
89 2232
89 2725
89 2961
90 283
90 343
90 778
90 1122
90 1252
90 1834
90 2384
90 2437
91 1988
93 677
93 865
93 1410
93 2175
93 2689
93 2990
94 824
94 1132
94 2350
95 824
95 905
95 1621
95 2521
96 342
96 513
96 1949
96 2204
96 2483
97 1868
97 2039
97 2553
97 2612
98 1081
98 1777
99 1190
99 2168
99 2375
99 2956
100 1635
100 2117
100 2295
100 2366
100 2717
100 2741
101 203
101 1070
101 1567
101 2852
101 2855
102 264
102 560
102 1331
102 1376
102 1409
102 1894
102 1912
102 2977
103 686
103 696
103 1872
103 2111
103 2214
103 2251
103 2822
104 1037
104 1631
104 1927
104 2555
104 2717
104 2753
104 2964
104 2998
105 1632
105 1749
105 1973
106 109
106 961
106 987
106 1161
106 1190
106 1742
106 2471
106 2942
107 976
107 1548
107 2220
107 2415
108 677
109 954
109 1317
109 1430
109 1548
109 2495
110 504
110 1549
110 2623
110 2734
111 852
111 1481
111 1726
111 1996
111 2357
111 2921
112 930
112 1096
113 294
113 358
113 704
113 737
113 754
113 1534
113 2376
113 2430
113 2588
113 2720
114 1052
114 2206
115 1436
115 1644
115 1963
115 2302
116 124
116 1243
116 1613
116 1716
116 1797
116 2039
117 539
117 1890
117 2553
117 2775
118 280
118 407
118 2346
119 889
119 1203
119 2157
119 2761
120 972
120 1680
121 408
121 708
121 996
121 1091
121 1316
121 1352
121 1407
121 2001
121 2981
122 486
122 810
122 1731
122 1822
122 2785
123 160
123 343
123 469
123 731
123 1211
123 1376
123 2597
124 307
124 665
124 1398
124 1495
124 1894
124 1902
124 2620
125 535
125 1045
125 2329
125 2648
125 2775
125 2835
126 310
126 575
126 1114
126 1507
126 1591
126 2334
126 2478
126 2631
127 1364
127 1404
127 1543
127 2256
127 2327
127 2526
127 2762
128 182
128 832
128 1011
128 1206
128 1661
129 187
129 1751
129 1823
129 2510
129 2697
130 1188
130 1439
130 1451
130 1890
130 2006
130 2519
131 247
131 582
131 877
131 1520
131 1983
132 617
132 885
132 977
132 1126
132 1524
132 2190
133 578
133 1135
133 1489
133 2447
134 1689
134 1852
135 250
135 263
135 444
135 955
135 2037
135 2569
135 2846
136 830
136 1224
136 1599
136 1812
136 1818
136 1926
136 2268
136 2355
136 2674
136 2701
137 505
137 986
137 1680
137 1994
137 2189
137 2423
137 2572
138 451
138 520
138 562
138 809
138 1562
138 1703
139 165
139 292
139 775
139 841
139 1159
139 1385
139 1441
139 1592
139 1895
139 2053
139 2222
139 2428
140 173
140 1272
140 2737
140 2912
141 258
141 1965
141 2398
141 2666
142 314
142 631
142 1186
142 1422
142 2550
143 371
143 1953
143 2539
144 683
144 747
144 1281
144 1436
144 1991
145 427
145 2386
145 2436
145 2671
146 416
146 1560
146 2499
147 976
147 1502
147 1941
147 2115
147 2223
147 2503
147 2634
147 2725
148 2658
148 2827
149 413
149 993
149 1270
149 1522
149 2195
149 2382
150 520
150 2500
150 2770
150 2841
151 837
151 1042
151 1112
151 1172
151 1678
151 2034
151 2667
151 2917
152 1393
152 1518
152 2443
153 528
153 1704
153 1879
153 1994
153 2403
153 2845
154 293
154 384
154 442
154 666
154 2224
154 2924
155 794
155 1020
155 1134
155 1864
155 1986
155 2435
156 1852
156 2197
157 326
157 332
157 685
157 2822
158 767
158 773
158 1950
158 2083
159 1593
159 1739
159 1927
159 2495
160 1204
160 2883
161 188
161 402
161 552
161 1353
161 2003
161 2141
161 2177
161 2198
161 2389
161 2758
162 250
162 301
162 642
162 1084
162 1284
162 1821
162 2001
162 2176
162 2395
163 197
163 366
163 1029
163 1591
163 1736
163 2966
164 771
164 842
164 2022
164 2482
164 2654
165 472
165 765
165 1028
165 1463
165 1756
165 2030
165 2493
165 2651
165 2781
166 525
166 743
166 898
166 1690
166 1966
166 2128
166 2407
166 2779
167 977
167 1171
167 1597
167 2508
167 2652
167 2678
168 1222
168 1440
168 2200
168 2883
168 2930
169 492
169 521
169 1093
169 1154
169 1979
169 2004
169 2312
170 296
170 747
170 756
170 765
170 1024
170 1107
170 1239
170 1674
170 1917
171 881
171 1207
171 2082
171 2841
172 571
172 822
172 966
172 1217
173 1000
173 2331
173 2579
173 2739
174 541
174 552
174 1771
174 2640
175 262
175 630
175 753
175 936
175 2225
175 2738
175 2898
176 1841
176 2830
177 371
177 1442
177 2331
177 2993
178 1586
178 1968
178 2582
178 2807
179 578
179 1067
179 1853
179 2124
179 2387
179 2738
180 865
180 909
180 1053
180 1172
180 2720
181 313
181 634
181 812
181 1142
181 1729
181 1846
181 1875
182 1843
182 2437
182 2675
183 1756
183 2293
183 2488
183 2731
183 2763
184 1435
184 1621
184 1715
184 2445
185 443
185 496
185 1162
185 2366
186 1032
186 2689
187 1171
187 1281
187 2399
187 2602
187 2882
188 223
188 268
188 1175
188 1376
189 1286
189 1386
189 2368
190 1154
190 1383
190 2983
191 642
191 1020
191 1325
191 1989
191 2441
191 2541
192 423
192 606
192 814
192 1228
192 2824
193 324
193 631
193 1040
193 1041
193 1219
193 2594
194 1024
194 1274
194 2568
195 749
195 2936
196 808
196 1147
196 1267
196 1775
196 2227
196 2415
196 2741
197 350
197 690
197 2558
197 2665
198 1683
198 2414
199 549
199 1127
199 2014
199 2236
199 2676
199 2782
200 521
200 707
200 819
200 2269
200 2303
201 260
201 688
201 851
201 1052
201 1317
201 1376
201 2035
201 2420
201 2471
201 2693
202 623
202 749
202 943
202 981
202 1765
202 2958
203 1003
203 1916
203 2973
204 1181
204 1875
204 2384
204 2516
205 552
205 565
205 666
205 1175
205 1866
205 2328
206 338
206 729
206 1827
206 1922
206 2121
206 2641
206 2857
207 443
207 468
207 533
207 763
207 983
207 1447
207 1532
207 1658
207 2030
207 2748
207 2763
208 1588
208 2053
209 1445
209 1489
209 1852
209 1960
209 2025
209 2819
210 495
210 1032
210 1793
210 1918
210 2868
211 710
211 1052
211 1514
211 1552
211 1967
211 2117
211 2276
211 2605
211 2829
212 394
212 464
212 778
212 948
214 1732
214 1808
214 1921
214 2037
214 2066
214 2251
214 2483
214 2619
215 278
215 386
215 1201
215 1207
215 1350
215 2291
215 2755
216 1047
216 1100
216 1450
216 1639
216 1788
216 1950
216 2745
217 677
217 1192
217 1883
217 2059
217 2725
218 551
218 635
218 1937
218 2016
218 2320
219 457
219 1869
219 1956
219 2400
220 718
220 992
220 1754
220 1992
220 2275
221 691
221 767
221 1702
221 2442
221 2579
221 2690
222 431
222 1041
222 1449
222 2708
223 349
223 862
223 1120
223 1214
223 1385
223 1722
223 1920
223 2167
223 2168
223 2397
223 2984
224 376
224 876
224 1718
224 2425
225 1340
225 1562
225 1783
225 1824
225 1896
225 2616
225 2692
226 767
226 1739
226 1798
226 1832
226 1872
226 2011
226 2469
226 2856
227 351
227 618
227 1285
227 2479
227 2588
227 2637
228 553
228 1102
228 1312
229 885
229 1930
230 724
230 978
230 1742
230 2237
230 2538
231 754
231 1134
231 1232
231 2244
231 2759
232 323
232 779
232 1449
232 2409
232 2918
233 1076
233 2948
234 1531
234 2049
234 2951
235 454
235 536
235 625
235 1046
235 1280
235 1292
235 1606
235 2137
235 2235
235 2246
235 2842
235 2934
236 562
236 1956
236 2860
236 2919
237 621
237 690
237 2307
237 2715
237 2789
237 2994
238 1364
238 2093
238 2349
238 2499
239 806
239 1057
239 1219
239 1625
239 2888
240 602
240 616
240 1493
240 1548
240 1633
240 2166
240 2409
240 2584
241 305
241 1717
241 2553
241 2589
242 580
242 739
242 1519
243 786
243 787
243 1916
243 2401
244 268
244 1360
244 1568
244 2041
244 2863
244 2873
244 2923
244 2973
245 303
245 882
245 1624
246 426
246 1622
246 1682
246 2016
247 837
247 1536
247 1659
247 1744
247 2464
247 2926
248 273
248 814
248 1509
248 2596
248 2781
249 296
249 943
249 1475
249 1976
249 2093
249 2126
249 2221
250 514
250 631
250 2918
251 264
251 741
252 383
252 552
252 557
252 856
252 1397
252 1514
252 1535
252 2212
252 2666
252 2801
252 2942
253 460
253 770
253 1081
253 1435
253 1609
253 2125
253 2180
253 2610
253 2906
253 2918
254 740
254 1369
254 2768
254 2874
255 2507
256 612
256 732
256 1022
256 2445
256 2689
257 2251
258 381
258 460
258 1335
258 1369
258 1431
258 2380
258 2691
259 437
259 927
259 941
259 1260
259 1571
259 2872
260 344
260 821
260 2615
261 2467
261 2600
262 897
262 1189
262 1421
262 2944
263 1290
263 1369
263 1422
263 2435
264 1035
264 2259
264 2261
264 2829
265 1512
265 2147
265 2448
266 287
266 555
267 1069
267 1383
267 1646
267 1987
267 2946
268 842
268 855
268 945
268 1065
268 1217
268 2080
269 563
269 1497
269 2090
269 2259
269 2379
270 654
270 680
270 989
270 1577
270 1975
270 1990
270 2526
271 571
271 1121
271 1239
271 1455
271 1883
272 1899
272 2126
272 2707
272 2714
273 434
273 445
273 967
273 1282
273 1737
273 2023
273 2126
274 590
274 1242
274 1601
274 1747
274 2281
274 2755
275 362
275 951
275 1480
275 2471
276 789
276 1522
277 281
277 1336
277 2114
277 2298
277 2661
278 581
278 1248
278 1432
278 1649
278 2420
278 2665
279 373
279 1008
279 1793
279 2028
279 2078
279 2527
280 1422
280 1568
280 1570
280 2010
280 2557
281 720
281 1030
281 1294
281 1345
281 2826
282 442
282 640
282 1368
282 1930
282 2144
284 469
284 717
284 1124
284 1526
284 1806
284 2132
284 2162
284 2264
284 2811
285 549
285 602
285 845
285 1001
285 1668
285 2075
285 2479
285 2586
285 2615
286 306
286 1469
286 2269
286 2482
287 475
287 768
287 852
287 2252
287 2474
288 1310
288 1837
288 2251
289 396
289 1550
289 1886
289 2645
290 367
290 525
290 810
290 1050
290 2147
291 477
291 1284
291 1625
291 2370
291 2611
291 2732
292 929
292 2093
292 2589
293 855
293 1235
293 1360
294 932
294 1451
294 1653
294 1831
294 1985
294 2379
294 2620
295 321
295 1146
296 2021
297 812
298 1330
298 1582
298 2026
298 2096
298 2321
298 2559
299 1242
299 1838
299 2577
299 2975
300 943
300 1315
300 1593
300 2165
300 2323
300 2804
301 373
301 569
301 574
301 1722
301 1875
301 2731
302 862
302 999
302 1691
302 2579
302 2943
303 599
303 2105
303 2509
304 726
304 978
304 1291
304 2339
304 2529
304 2584
304 2812
305 1862
305 2462
306 1340
306 1893
306 2285
306 2461
307 2426
308 679
308 937
308 2199
308 2742
309 1489
309 1742
309 2103
309 2137
310 421
310 1670
310 2112
310 2748
310 2851
310 2898
311 348
311 1246
311 1533
311 2530
312 1007
312 1461
312 1589
312 2574
312 2623
313 1603
313 1714
313 1885
313 2636
314 665
314 780
314 1347
314 1585
314 2627
315 974
315 1726
316 930
316 1249
316 2648
316 2852
317 506
317 610
317 946
317 1154
317 1672
317 1959
318 628
318 677
318 788
318 793
318 1332
318 1830
318 2623
318 2766
319 470
319 656
319 921
319 1314
319 1426
319 1822
319 2317
319 2831
319 2860
319 2986
320 881
320 1871
320 1932
320 1971
320 2121
320 2969
321 340
321 424
321 458
321 616
321 702
321 775
321 930
321 967
321 988
321 1402
321 1481
321 1503
321 1560
321 1612
321 2368
322 553
322 655
322 867
322 1148
322 2215
322 2366
322 2860
323 2801
323 2922
324 557
324 706
324 840
324 1548
324 1864
324 1921
324 2490
325 1568
325 2185
325 2400
325 2447
326 1805
326 2149
326 2358
327 1990
328 716
328 1283
328 1841
329 377
329 1008
329 2004
329 2823
330 2439
330 2533
330 2658
330 2759
330 2789
330 2823
330 2997
331 624
331 1015
331 1138
331 2331
331 2828
332 1074
332 2934
333 847
333 1201
333 1365
333 1669
333 1762
333 2049
333 2076
333 2362
333 2396
333 2560
333 2590
334 673
334 1800
334 2644
334 2876
335 922
335 1003
335 1309
335 2259
336 425
336 2567
337 582
338 1712
338 2456
339 1425
339 1899
339 2771
340 1930
340 2151
340 2815
340 2940
341 397
341 1372
341 1433
341 1607
341 2232
341 2995
342 1264
342 1557
342 2264
342 2380
342 2731
343 1044
343 1129
343 1824
343 2000
343 2239
344 1143
344 1165
344 1255
344 1460
344 2211
344 2451
344 2703
344 2988
345 876
345 1473
345 2060
345 2182
345 2986
346 407
346 652
346 991
346 1703
346 2577
347 1029
347 1920
347 2416
347 2769
348 787
348 2029
348 2979
349 654
349 1241
350 630
350 749
350 776
350 826
350 2811
350 2865
351 428
351 1038
351 1591
351 2258
352 946
352 1471
352 1500
353 671
353 987
353 1393
353 2311
353 2451
354 1435
354 1699
354 2698
354 2828
355 728
355 1075
355 1108
355 1418
355 1643
355 1779
355 1984
356 364
356 647
356 1566
356 2440
356 2963
357 579
357 709
357 2033
357 2656
358 1080
358 2076
358 2471
358 2592
358 2969
359 712
359 985
359 1685
359 2424
359 2443
360 1321
360 1469
360 1631
360 2974
361 457
361 1791
361 1839
362 864
362 1246
362 1644
363 422
363 1560
363 1925
364 737
364 1073
364 1211
364 1381
364 1789
364 2739
364 2878
365 1307
365 1420
365 1494
365 1549
365 2156
365 2208
365 2540
366 672
366 1006
366 1620
366 1737
366 1817
366 2005
366 2171
367 668
367 1115
367 1209
367 1567
367 2252
367 2569
367 2869
367 2912
367 2950
368 620
368 2017
368 2213
369 443
369 552
369 1400
369 1591
369 2198
369 2211
370 2179
370 2223
370 2374
371 417
371 629
371 1662
371 1696
371 2346
371 2938
372 901
372 1793
372 2240
372 2517
372 2753
373 502
373 631
373 883
373 1081
373 1524
373 1637
374 606
374 1434
374 1735
374 2036
374 2341
375 474
375 649
375 697
375 1360
375 2741
376 1243
376 1668
377 1233
377 1624
377 1858
377 2097
378 633
378 1643
378 1913
378 2016
378 2823
379 1565
380 746
380 1392
380 1560
380 1730
380 2288
381 398
381 2433
381 2447
381 2707
382 1523
382 1535
382 2404
382 2868
382 2880
383 789
383 1043
383 1162
383 1515
383 2084
383 2306
383 2337
383 2774
384 928
384 2381
384 2524
385 888
385 1390
385 1470
385 1731
385 2503
385 2991
386 408
386 2469
386 2589
386 2747
387 578
387 900
387 1657
387 1765
387 2322
387 2584
387 2887
388 1629
388 2003
389 1641
389 1857
389 2007
389 2573
390 763
390 992
390 1981
391 933
392 545
392 695
392 975
393 961
393 1050
393 1276
393 1379
393 1865
393 2059
394 580
394 1738
394 2093
395 1148
396 2957
397 476
397 2039
398 912
398 1008
398 1147
398 1269
398 2291
398 2774
398 2938
399 400
399 422
399 562
399 760
399 815
399 1381
399 1609
399 1696
399 1955
399 2041
399 2104
400 650
400 2956
401 471
401 730
401 832
401 999
401 1614
401 1668
401 1992
401 2104
401 2357
402 470
402 643
402 1167
402 1587
402 2087
402 2469
403 1784
403 2242
404 570
404 1302
405 821
405 1228
405 1591
405 1731
405 2370
405 2696
406 946
406 1108
406 1116
406 2285
407 578
407 1472
407 1641
408 627
408 1485
408 2414
409 1144
409 1674
409 1962
409 2072
410 1401
410 1443
410 2009
410 2370
410 2620
411 879
411 906
411 1023
411 1379
411 1701
412 857
412 1977
412 2795
412 2892
413 433
413 1143
413 1171
413 2032
413 2288
413 2662
414 2089
414 2224
414 2826
415 708
415 950
415 1011
415 1822
415 2264
415 2898
416 490
416 1541
416 2536
418 716
418 2448
419 941
419 1127
419 1244
419 2558
419 2844
420 1089
420 1171
420 1906
420 2344
420 2497
421 1364
421 1472
421 1576
421 1739
421 1932
421 2136
421 2292
421 2869
422 1579
422 2012
422 2071
422 2122
422 2877
423 1236
423 1624
423 1959
423 2282
424 1208
424 1383
424 1399
425 1038
425 1421
425 1472
425 2967
426 739
426 1174
426 2088
426 2175
427 1232
427 1819
428 478
428 1042
428 1348
428 1410
428 1586
428 1919
428 2854
429 738
430 778
430 1157
430 1497
430 1624
430 1651
431 1312
431 1553
431 1738
432 463
432 822
432 866
432 1115
432 1277
432 1961
432 2208
433 556
433 1045
433 1441
433 2373
433 2963
434 2404
434 2536
434 2834
435 1207
435 1754
435 1939
436 777
436 1158
436 1355
436 1972
436 2552
436 2914
437 1377
437 1559
437 1990
437 2025
437 2969
438 503
438 1055
438 1487
438 1586
438 2221
439 592
439 640
439 986
439 1246
439 1694
439 2005
439 2126
439 2224
439 2388
439 2558
440 586
440 658
440 1773
441 510
441 854
441 1060
441 1566
441 1701
441 1804
441 2149
441 2195
441 2303
441 2327
441 2970
442 540
442 541
442 1264
442 1715
442 2194
442 2466
442 2670
443 466
443 820
443 1000
443 2783
443 2999
444 492
444 783
444 822
444 2522
444 2684
445 524
445 1191
445 2082
445 2376
445 2511
446 704
446 1460
446 2001
446 2057
446 2619
447 1532
447 2569
447 2575
448 544
448 890
448 920
448 1573
448 2267
448 2918
449 1009
449 1334
449 2011
449 2100
449 2225
449 2417
450 472
450 1382
450 2063
450 2435
450 2755
450 2938
451 1267
451 1516
451 1768
451 1914
451 2360
451 2563
452 734
452 907
452 1112
452 1478
452 1508
452 2022
452 2881
453 478
453 493
453 1234
453 1818
453 2415
453 2467
453 2610
453 2735
454 2908
455 586
455 1094
455 2930
456 1361
456 2428
457 624
457 693
457 1999
457 2023
457 2697
458 711
458 2014
458 2697
459 821
459 1121
459 2229
459 2671
460 913
460 1344
460 2374
460 2494
460 2924
461 1055
461 1190
461 1292
461 1639
461 2128
462 683
462 2114
462 2322
462 2324
462 2643
463 1291
463 2819
464 1136
464 2457
464 2631
464 2675
465 563
465 1149
465 2584
465 2722
466 683
466 686
466 1824
466 1860
466 2387
467 1268
467 1614
468 1374
468 1923
468 2050
468 2801
469 1142
469 1971
470 788
470 911
470 1391
470 1457
470 1505
470 2320
471 480
471 2527
471 2563
472 1008
472 1472
472 2862
473 551
473 1274
473 1370
473 1685
473 1930
474 746
474 858
474 1592
474 1744
474 1773
474 2842
475 1214
475 1307
475 2414
475 2469
475 2643
475 2982
476 1487
476 1687
476 1780
476 1816
476 2828
477 576
477 1506
477 2034
477 2379
478 1287
478 1369
478 1521
478 1597
478 1650
479 630
479 1523
479 2325
479 2945
480 617
480 678
480 1317
480 2063
480 2674
481 1364
482 714
482 2063
482 2376
482 2496
482 2607
483 1188
483 1752
483 2229
483 2602
484 1564
484 1596
484 2021
484 2590
484 2860
484 2861
484 2896
484 2998
485 1083
485 1382
485 1498
485 1572
486 2728
487 818
487 1190
487 1485
487 1530
487 2785
488 1243
488 1394
489 1044
489 1697
489 1922
489 2105
489 2437
489 2579
489 2827
489 2969
490 1421
490 2267
490 2710
491 1134
491 1796
491 2573
492 863
492 2488
492 2496
492 2573
493 932
493 1924
493 2242
493 2408
493 2466
494 596
494 1635
494 2076
494 2569
495 1094
495 1116
495 2449
496 1134
496 1576
496 2310
496 2433
497 801
497 879
497 1111
497 1510
497 1675
497 1857
497 2199
497 2552
497 2590
498 1714
499 1013
499 1491
499 1618
499 2990
500 621
500 2600
501 552
501 2631
502 1103
502 1206
502 1366
502 1732
502 2090
503 679
503 1703
503 2080
503 2309
504 2083
505 854
505 1037
505 1116
505 1229
505 2314
506 817
506 1007
506 2015
507 748
507 1392
507 1395
507 1690
507 1699
508 1618
508 1765
509 2735
510 1049
510 1906
510 2491
510 2536
511 917
511 1981
511 2502
511 2518
511 2710
511 2853
511 2954
512 1098
512 1385
512 2676
513 886
513 943
513 1151
513 1812
513 2774
513 2908
514 1111
514 1215
514 1702
514 2088
515 688
516 519
516 558
516 596
516 1648
516 1876
516 2157
516 2825
516 2951
517 812
517 1006
517 1092
517 1691
517 1840
517 1962
517 2471
518 1763
518 2370
518 2531
519 747
519 1032
519 1283
519 1341
519 1602
519 1844
519 2524
520 1824
520 2222
520 2634
521 1949
522 2360
522 2710
522 2711
522 2737
523 1124
523 2469
523 2715
523 2749
523 2805
525 941
525 1209
525 1261
525 1347
525 1937
525 2244
526 1147
526 1542
526 1788
526 2240
526 2618
527 1294
527 2877
528 752
528 1013
528 1258
528 1337
528 1439
528 1625
528 1749
528 2400
529 1029
529 1416
529 1602
529 2192
529 2395
529 2502
530 1414
530 1501
530 1612
531 988
531 1860
532 835
532 1754
532 2096
532 2711
533 1423
533 1439
534 741
534 1120
534 2400
534 2572
534 2989
535 1673
535 2730
535 2972
536 1202
536 1209
536 1470
536 1522
536 1550
536 1652
536 2227
536 2631
536 2838
537 800
537 810
537 1000
537 1180
537 1321
537 1353
537 1798
537 1927
537 2199
538 583
538 701
538 2395
538 2529
539 1896
539 2514
539 2758
540 1343
540 1992
541 1796
541 2014
541 2311
541 2889
542 2316
542 2480
543 745
543 1071
543 1440
543 1442
543 1705
543 2291
543 2953
544 1024
544 1348
544 1450
544 2357
544 2484
544 2606
544 2851
545 717
545 1566
546 808
546 836
546 2414
546 2456
546 2633
547 728
547 1033
547 1834
547 2086
547 2136
547 2368
548 1436
548 1614
548 2312
548 2596
548 2609
549 823
550 958
550 1443
550 1502
550 1900
550 2397
551 1121
551 2136
551 2139
551 2987
552 666
552 1133
552 1211
552 1630
552 1653
552 1814
552 2342
552 2441
552 2757
553 648
553 1334
553 2320
554 1459
554 1761
554 2221
554 2384
555 725
555 1869
555 2703
556 577
556 850
556 1152
556 1410
556 1678
556 1688
556 1700
556 2028
556 2366
556 2774
557 592
557 2093
558 610
558 767
558 1216
558 1505
558 2236
558 2406
558 2523
558 2692
559 2114
559 2480
559 2928
560 1713
560 1717
560 2134
560 2772
561 995
561 1208
561 1522
561 2797
562 1279
562 1849
562 2116
563 930
563 1036
563 2218
563 2733
564 870
564 1058
564 1552
564 2548
564 2766
565 999
565 1129
565 1958
566 603
566 671
566 933
566 967
566 1118
566 1697
566 2568
566 2720
567 1126
567 1441
567 2442
567 2649
568 700
568 759
568 851
568 1363
568 1499
568 2646
568 2820
569 689
569 1627
569 1635
569 1986
570 585
570 715
570 1412
570 1486
570 1860
570 2085
570 2331
571 994
571 1585
571 1615
571 2397
572 1184
573 1164
573 1781
573 2728
573 2910
574 718
574 857
574 1002
574 1189
574 1332
574 2559
574 2591
574 2832
575 855
575 2276
576 661
576 1277
576 2823
576 2935
577 820
577 2198
577 2231
577 2845
578 2183
578 2715
579 639
579 784
580 1238
580 1947
580 2060
580 2199
580 2665
580 2934
581 732
581 784
581 1125
581 1658
581 2597
581 2905
582 1021
582 1590
582 1602
582 1870
583 1219
583 1313
583 1466
583 1778
584 858
584 2232
584 2248
584 2690
584 2779
584 2873
585 797
585 1747
585 2221
586 916
586 937
586 1450
586 1533
586 2853
586 2904
587 841
587 909
587 1868
587 2142
587 2801
587 2845
587 2987
588 1612
588 2064
589 1675
589 2115
589 2251
589 2281
589 2345
589 2699
589 2782
590 1991
590 2256
590 2728
591 1869
591 2105
592 1070
592 1128
592 1181
592 2330
592 2530
592 2763
593 833
593 2268
594 1420
594 2751
595 1152
595 1187
595 1559
595 1890
595 2651
596 928
596 1081
596 2231
596 2440
596 2752
597 1152
597 1851
597 2047
597 2647
597 2732
597 2964
598 1058
598 1072
598 2200
598 2290
598 2694
599 870
599 1441
599 1465
599 1597
599 2079
599 2315
599 2340
600 640
600 1310
600 1451
600 2414
600 2598
601 977
601 1226
601 2308
601 2328
601 2476
601 2824
602 1456
602 1727
602 1808
602 2700
603 1284
603 1954
603 1955
603 2193
603 2686
603 2759
603 2998
604 1156
604 1903
605 1444
605 1478
605 1593
605 1979
605 2777
606 609
606 701
606 883
607 1222
607 2023
608 791
608 849
608 2142
608 2532
608 2872
608 2873
609 1530
609 1821
609 2406
610 652
610 890
610 2771
611 829
611 2210
611 2729
612 725
612 794
612 1424
612 1861
612 2400
613 1663
613 2846
614 1126
614 1335
614 2773
615 874
615 1233
615 2047
615 2334
615 2907
616 813
616 846
616 2277
616 2304
616 2506
616 2640
616 2805
617 1153
617 1532
617 1614
617 1645
618 1686
618 1873
618 2032
618 2855
619 734
619 1230
619 1263
619 1410
619 2064
619 2127
620 1212
620 1600
620 2461
620 2662
621 1419
621 2518
622 1742
622 2091
623 694
623 747
623 1541
623 2908
624 1144
624 1670
624 2339
624 2509
625 663
625 750
625 1471
625 1588
625 2667
625 2955
626 729
627 1470
627 1778
627 1813
628 781
628 1188
628 2135
629 879
629 1384
629 1816
630 1141
630 1163
630 1536
630 1818
630 1861
630 2238
631 1327
631 1960
631 2052
631 2292
631 2402
632 687
632 1291
632 1857
632 2996
633 1476
633 2422
634 1025
634 1281
634 1683
634 1955
635 1431
635 2018
635 2804
635 2967
636 1066
636 1081
636 1680
636 1896
637 1188
637 1692
637 1851
637 2418
637 2445
638 1320
638 1913
638 2477
638 2658
639 1019
639 1163
639 2694
639 2961
640 723
640 1778
641 1709
641 1909
641 2718
641 2747
641 2992
642 1079
642 1602
642 2807
642 2853
642 2859
643 1239
644 2847
645 1173
645 1217
645 1545
645 1576
645 2273
645 2626
645 2832
645 2900
645 2948
646 769
646 991
646 1306
646 1579
646 2395
646 2416
646 2713
646 2846
646 2906
647 807
647 961
647 1277
647 1956
648 718
648 1455
648 1698
648 2230
648 2411
649 815
649 860
649 1084
649 1331
649 1798
649 2530
649 2583
650 762
650 1239
651 670
651 916
651 1260
652 991
653 680
653 899
653 1737
653 2094
653 2864
654 2331
654 2470
654 2816
655 1303
655 1344
655 1368
655 1454
655 2572
655 2588
656 1232
657 858
657 2232
657 2276
658 942
658 1220
658 1544
658 1674
658 2410
658 2919
659 2430
659 2857
659 2963
660 1700
660 2231
660 2398
660 2409
660 2452
661 2590
662 981
662 1269
662 1586
662 1843
662 2022
662 2367
662 2369
663 1224
663 1567
663 2048
663 2351
664 1000
664 2014
664 2114
664 2680
664 2696
664 2809
665 2194
665 2645
665 2961
666 920
666 1940
666 2179
666 2189
667 1308
667 1513
667 1631
667 2534
667 2662
667 2714
668 910
669 1087
669 1232
669 1287
669 2773
670 1485
670 2513
670 2898
671 1204
671 2204
671 2614
671 2835
671 2902
672 727
672 1112
672 2290
672 2635
672 2953
673 762
673 1049
673 2222
673 2361
674 936
674 1736
674 2353
674 2430
674 2878
675 1909
675 2333
676 838
677 967
677 1092
678 837
678 1021
678 1163
678 1974
678 2131
678 2683
679 1514
679 1639
679 2051
680 958
680 1205
680 1483
680 2564
681 999
681 1185
681 2192
682 914
682 2739
682 2883
683 1819
683 2307
683 2587
683 2647
684 1276
684 1357
684 1617
684 2917
685 1543
685 2223
685 2298
686 779
686 1388
686 1586
686 2415
686 2900
687 968
687 2272
687 2938
688 732
688 2312
688 2457
689 977
689 1789
689 2054
689 2968
690 2007
690 2144
690 2822
691 847
691 1481
691 2288
691 2361
691 2889
691 2911
692 1449
692 1884
693 722
693 827
693 852
693 1288
693 2071
694 1434
694 1449
694 1501
694 2220
694 2497
694 2816
695 725
695 1722
695 2409
696 1445
696 1656
696 1811
696 2166
697 731
697 2367
698 1371
698 1458
698 1663
699 1238
699 2362
699 2624
700 1784
700 2515
700 2846
700 2997
701 702
701 1392
701 2636
701 2937
702 865
702 1190
702 1575
702 2045
702 2328
702 2760
702 2801
703 974
703 1533
703 2864
704 1470
704 1795
704 1797
704 2193
704 2198
704 2300
704 2747
704 2977
705 977
705 1034
705 1966
705 2328
705 2805
706 1771
706 2856
706 2958
707 1056
707 1237
707 2739
708 918
708 1270
708 1394
708 1993
708 2118
708 2300
709 737
709 1673
709 2130
709 2158
710 929
710 2881
711 1382
711 1407
711 1461
711 1508
711 2030
711 2849
712 2370
712 2684
713 1257
713 1476
713 2333
713 2697
713 2851
714 1222
714 1662
714 2007
715 738
715 1259
715 1996
715 2443
715 2491
716 1049
716 1131
716 1546
716 1675
717 1267
717 1517
717 2338
718 838
718 2417
718 2567
719 837
719 1376
719 1876
720 958
720 1576
720 2260
720 2368
720 2578
720 2965
721 743
721 896
721 1500
721 2106
721 2415
721 2820
722 769
722 1852
722 2244
723 1323
723 1505
723 2491
724 1182
724 1911
724 2299
724 2500
724 2884
725 881
725 1698
725 2586
725 2761
725 2962
726 771
726 937
727 1762
727 2573
727 2617
728 2010
728 2699
729 839
729 1022
729 1625
729 2355
729 2502
730 2065
730 2089
731 908
731 971
731 1000
731 1891
731 2488
731 2531
731 2772
732 1802
732 1981
732 2217
732 2785
733 885
734 1002
734 2207
735 1093
735 1132
735 1507
735 1988
735 2360
735 2506
735 2946
736 1470
736 1598
736 2303
736 2342
736 2463
736 2629
736 2701
737 2647
738 1978
738 1981
738 2446
738 2770
739 998
739 1137
739 1726
739 1729
739 2066
740 1028
740 1983
740 2145
740 2192
741 1632
741 1871
741 1915
741 2072
741 2513
741 2993
743 1284
743 1372
743 2020
744 1416
744 1467
744 2688
745 960
745 1453
745 1526
745 1537
745 1546
745 2543
746 818
746 1117
746 1441
746 2177
746 2950
747 1356
747 1785
747 1870
747 1996
747 2310
748 1212
748 1215
748 1585
748 1836
748 2300
748 2479
748 2664
749 1483
749 1974
749 2466
750 2224
750 2447
751 1103
751 1593
751 1851
751 2194
751 2776
752 955
752 1108
752 1966
752 2716
752 2834
752 2859
753 902
753 1746
753 1752
754 1604
754 2200
754 2290
755 1086
755 2563
755 2709
756 1714
756 1837
756 2170
757 866
757 1621
757 2316
758 946
758 1050
758 1842
758 2206
758 2928
759 1311
759 1666
759 2512
759 2787
760 1611
761 1324
761 1448
761 2241
761 2734
761 2986
762 851
762 883
762 1688
762 2682
763 977
763 1779
763 2092
763 2368
763 2695
763 2748
764 1197
765 1136
765 2536
766 925
766 1644
766 2937
767 1191
767 1794
767 2303
768 1091
768 2160
768 2210
768 2346
768 2640
769 1102
769 1572
769 2348
770 916
770 1787
770 1820
770 1827
770 2502
771 806
771 859
771 1069
771 1071
771 2523
771 2745
771 2983
772 1089
772 2257
772 2663
773 1431
773 2155
774 818
775 1508
775 2182
776 922
776 2171
776 2266
776 2619
777 1520
777 2159
777 2480
777 2911
778 919
778 1122
778 1300
778 2339
778 2595
779 2266
779 2664
779 2832
780 1156
781 1163
781 1529
781 1865
781 1985
781 2400
781 2852
782 1323
782 2006
782 2046
782 2819
783 1723
783 1771
783 1868
783 2846
783 2918
784 1034
784 1050
784 2181
784 2250
784 2664
785 1450
785 1550
785 1646
785 2479
786 1586
786 2321
787 1875
787 1957
787 2214
787 2645
788 907
788 1332
788 1367
788 2590
789 1024
789 1572
789 2287
789 2602
790 2216
790 2460
791 1576
791 1756
791 2971
792 976
792 2396
792 2554
792 2624
792 2993
793 832
793 1733
793 2232
793 2784
794 965
794 1030
794 1635
794 1955
794 2543
794 2762
795 1375
795 2433
795 2769
795 2858
796 1394
797 1441
797 1870
798 1828
798 2227
799 1112
799 1466
799 1831
799 2330
799 2367
799 2419
799 2754
799 2995
800 896
800 1745
800 2224
801 948
801 2144
802 1878
802 2249
802 2576
803 1938
803 2181
804 1680
804 2471
804 2541
805 818
805 1791
805 2636
806 1184
806 1440
806 1947
806 2063
806 2476
806 2503
807 929
807 1412
807 1447
807 1460
807 1494
807 1537
807 1662
808 1245
808 1446
808 1854
808 2144
808 2816
809 1124
809 1654
809 1762
809 2486
809 2706
809 2845
809 2908
810 1548
810 1623
810 2402
810 2898
811 1603
811 1861
811 1994
811 2068
811 2481
811 2959
812 1065
812 1222
812 2789
812 2903
813 1393
813 2090
814 865
814 1286
814 1970
814 2993
815 1011
815 1325
815 2509
815 2853
816 951
816 1034
816 2932
817 1342
817 1350
817 1747
817 1774
817 1776
817 2071
817 2295
817 2883
818 955
818 1707
819 1365
819 2461
820 2678
821 917
821 1015
821 1907
821 2109
821 2417
821 2901
822 1204
822 1557
822 2291
822 2493
823 964
823 979
823 1085
823 2134
823 2199
823 2212
824 1173
824 1267
824 1675
824 2468
825 872
825 996
825 2074
825 2423
826 1382
826 1471
826 1942
826 2222
826 2312
826 2356
827 2349
827 2398
827 2770
828 1420
828 1864
828 2140
828 2437
828 2548
829 1081
829 1167
829 2794
830 1371
830 1848
830 2134
831 1892
831 2494
831 2580
832 1611
832 1895
833 1381
833 1604
833 1631
833 2246
833 2356
833 2487
833 2871
834 1148
834 2144
834 2348
834 2564
835 1451
835 1621
835 2072
835 2948
836 1309
836 1490
836 2302
837 1926
837 2670
838 971
838 977
838 1016
838 2036
838 2723
839 1982
839 2332
840 1996
840 2596
840 2690
840 2849
841 856
841 1199
841 1707
841 2522
841 2781
842 1209
842 1236
842 1411
842 1620
842 1894
843 2136
843 2978
844 940
844 1314
844 1932
844 1941
844 2165
845 1076
845 1498
845 1523
845 1566
846 1076
846 1594
846 2790
847 2304
847 2428
848 956
848 994
848 2949
849 1094
850 923
850 1181
850 1942
851 1211
851 1218
851 1676
851 1741
851 1927
852 1110
852 1396
852 1400
852 1518
853 870
853 1000
853 1372
854 874
854 2027
854 2150
854 2926
855 1572
855 2800
856 1463
856 1589
856 2013
856 2191
856 2382
856 2700
856 2810
856 2877
857 1215
857 1593
857 1682
857 2031
858 1839
858 2183
859 1130
859 1172
859 1215
859 1630
859 1846
859 2018
859 2073
859 2537
859 2597
861 1032
861 1079
862 1417
862 1427
862 2260
862 2449
862 2626
863 2153
864 1141
864 1264
864 1434
864 2737
865 1381
866 909
866 1288
866 1774
866 2078
866 2199
867 1100
867 2094
867 2474
867 2493
867 2880
868 2536
869 2078
869 2250
869 2745
870 910
870 1296
870 1424
870 1517
870 1580
870 2106
870 2418
871 967
871 1225
871 1230
871 1390
871 1422
871 1621
871 1981
871 2397
871 2499
871 2766
871 2942
872 2886
872 2928
873 1227
873 1238
873 1910
873 2851
874 1166
874 2752
874 2937
875 1541
876 1023
876 1473
876 1599
876 1966
877 1658
877 1885
877 1907
877 2401
877 2550
877 2622
878 1017
878 1645
879 894
879 950
879 1772
879 2148
880 2168
880 2765
881 1835
881 1955
881 2676
881 2900
882 896
882 1955
882 2974
883 2665
883 2850
884 1437
884 1441
884 1610
885 1104
885 1922
885 1941
885 2051
885 2112
885 2516
886 1177
886 1519
886 1774
886 2278
887 1257
887 1290
887 1332
887 1903
887 1928
887 2188
887 2605
887 2634
888 1068
888 1418
888 1438
888 1958
888 2001
888 2986
889 1237
889 1771
889 2768
890 992
890 1463
890 1861
890 1901
890 2571
890 2701
891 1708
891 2115
892 2225
893 1146
893 1793
893 2379
894 1101
894 2212
895 1548
895 2005
895 2231
895 2350
896 1687
897 1177
897 1628
897 1851
898 1353
899 1014
899 2903
901 1000
901 1195
901 1658
901 1810
902 2159
903 1470
903 2413
903 2854
904 1347
904 1718
904 2215
904 2485
904 2656
905 1392
905 1425
905 1997
905 2515
905 2923
906 1664
906 2899
906 2992
907 1594
907 1662
907 2475
907 2852
908 1132
908 1297
908 1981
908 2240
908 2333
909 1992
909 2311
909 2702
910 1026
910 1202
910 2021
910 2880
911 1313
911 1325
911 1616
911 2178
911 2599
912 1037
912 1397
912 2156
912 2382
913 1738
913 2049
913 2938
914 1049
914 1358
914 1396
914 1438
914 1810
914 1816
915 1191
915 1248
915 1967
915 2240
916 1192
916 1656
916 1961
916 2287
917 997
917 1600
917 2082
917 2129
917 2808
918 1061
918 1980
918 2047
918 2060
919 1042
919 1276
919 1505
920 1297
920 1368
920 2314
921 1545
921 2445
921 2779
921 2855
922 1042
922 1052
922 1701
922 1958
922 2422
923 984
923 1272
923 1278
923 2185
923 2243
923 2671
923 2680
924 1003
924 1058
924 1221
924 1466
924 1753
924 2402
924 2501
924 2625
925 1564
925 1711
925 1885
925 2613
925 2713
925 2846
926 1063
926 1110
926 1614
926 2249
926 2563
927 2243
927 2679
928 1239
928 2645
928 2926
929 1383
929 1692
929 2069
929 2432
929 2839
930 1796
930 2530
930 2797
930 2953
931 1151
931 2669
932 1720
932 2117
932 2908
933 1219
933 1280
933 1825
933 1879
933 2415
933 2877
934 2295
935 1607
935 1919
935 2741
936 1318
936 1966
936 1986
936 2275
936 2800
937 1218
937 1367
937 1445
937 2094
937 2713
938 958
938 2344
938 2647
939 1092
939 1215
940 2051
940 2883
941 1258
941 1554
941 2310
942 1393
942 1671
942 1889
942 2573
942 2608
942 2906
943 996
943 1174
943 1276
943 2426
943 2826
944 1453
944 2525
945 1054
945 1529
945 1890
945 2817
946 1040
946 1229
946 1295
946 1509
946 1815
946 1994
946 2963
947 1739
947 1791
947 2538
947 2543
948 1044
948 2942
949 1104
949 1393
949 2855
950 1240
950 1837
950 2707
950 2909
951 991
951 1641
951 1856
951 2393
951 2456
952 1663
952 1769
952 1943
952 2387
952 2896
953 1398
953 1854
953 1925
953 2067
954 1746
954 1773
955 1013
955 1748
955 1955
955 2339
955 2973
956 1451
956 1554
956 1670
956 2157
956 2546
956 2811
957 1781
957 1862
958 1463
958 2311
959 1430
959 1484
959 1562
959 1752
959 2570
960 1026
960 1261
960 1312
961 1113
961 1237
961 1461
962 1019
962 1114
962 1520
962 2060
962 2251
963 1079
963 1103
963 1304
963 2543
964 2046
964 2093
964 2199
964 2888
964 2962
965 1302
965 1333
965 1631
965 1756
965 2114
965 2130
966 1247
966 2183
966 2897
967 1054
967 1200
967 1336
967 2193
967 2602
968 977
968 1012
968 1037
968 1136
968 1697
968 1932
968 2621
968 2684
968 2771
969 1412
969 2422
969 2773
970 1327
970 1466
970 2268
970 2947
971 1439
971 2283
972 1066
972 1197
972 1500
972 1733
972 2671
972 2772
973 1525
973 1721
973 1920
974 2638
974 2893
975 1272
975 1752
975 2310
976 1059
976 1128
976 1639
976 2180
976 2759
976 3000
977 1791
977 1980
977 2359
977 2422
977 2442
978 1277
978 1673
978 1885
978 2009
979 1389
979 1615
980 1064
980 1121
980 2760
981 1230
981 1881
981 1890
981 2940
982 1222
982 2279
982 2416
982 2607
983 1595
983 2059
984 1187
984 1483
984 1514
984 1674
984 1810
984 1942
984 2618
985 1988
985 2138
986 1158
986 1595
986 2239
986 2953
987 2149
988 1445
988 1694
988 2721
989 1212
989 1308
989 1417
989 2037
989 2236
989 2626
990 1004
990 1021
990 1209
990 2033
991 1458
991 1808
991 1959
992 1123
992 1924
992 1930
992 2089
992 2454
992 2769
993 1149
993 1157
994 2621
995 1509
995 2794
996 2598
997 1076
997 1596
997 1617
998 1150
998 1193
998 2061
998 2121
998 2193
998 2212
998 2701
999 1733
999 1789
999 2626
1000 1042
1000 1712
1000 1961
1000 2622
1000 2931
1001 2146
1001 2818
1002 1321
1002 1353
1002 1459
1002 1591
1002 2071
1003 1705
1003 2243
1003 2316
1003 2467
1004 2185
1004 2370
1005 1577
1005 2095
1005 2253
1006 1333
1006 2112
1006 2332
1007 1025
1007 1699
1007 1910
1007 2192
1007 2589
1007 2858
1007 2864
1008 2049
1009 1433
1009 1551
1009 1792
1009 2216
1009 2732
1009 2872
1010 1128
1010 1288
1010 1601
1010 1642
1010 1806
1010 2368
1010 2619
1011 1243
1011 1822
1011 2436
1011 2706
1011 2959
1012 1126
1012 1145
1012 1536
1012 1639
1012 1806
1013 1039
1013 1132
1013 1692
1013 1711
1013 1973
1013 2133
1013 2926
1014 1393
1014 2657
1015 2263
1015 2691
1016 1119
1016 1368
1016 2050
1016 2503
1016 2862
1017 1528
1017 1597
1017 1607
1017 2778
1017 2930
1017 2947
1018 1160
1018 2368
1018 2990
1019 1136
1019 1312
1019 1408
1019 1535
1019 1833
1019 1878
1020 1374
1020 2196
1020 2483
1021 1390
1021 1456
1021 1507
1021 2154
1021 2322
1021 2647
1021 2943
1022 1153
1022 2503
1022 2696
1022 2979
1023 1236
1023 1509
1023 2434
1024 1514
1024 2787
1025 1189
1025 1812
1025 1900
1025 2189
1025 2354
1025 2364
1026 1309
1026 2267
1027 1245
1027 2100
1027 2811
1028 1422
1028 1429
1028 1794
1028 1974
1028 2854
1029 1201
1029 1583
1029 1755
1029 2050
1029 2916
1030 1312
1030 1827
1031 1917
1031 2247
1031 2392
1031 2708
1032 1647
1032 1766
1032 2143
1032 2744
1032 2912
1033 1091
1033 1318
1033 1424
1033 1437
1033 1935
1033 2420
1033 2557
1033 2582
1033 2728
1034 2275
1034 2631
1034 2837
1035 2109
1035 2305
1036 1160
1036 1665
1036 2106
1036 2278
1037 1044
1037 1778
1038 1446
1038 1846
1038 2003
1038 2052
1038 2095
1038 2437
1038 2786
1039 1249
1039 1620
1039 2923
1040 2957
1041 1057
1041 1772
1041 2391
1043 1210
1043 2450
1044 1241
1044 1615
1044 1999
1044 2458
1044 2842
1045 1412
1045 1610
1045 1689
1045 2393
1045 2819
1046 1099
1046 1645
1046 2004
1046 2089
1046 2130
1047 1064
1047 1801
1047 1835
1047 2105
1047 2162
1047 2401
1047 2952
1048 2455
1049 1446
1050 1764
1050 2004
1050 2139
1050 2239
1050 2540
1051 1467
1051 1498
1052 1124
1052 1908
1052 2238
1054 1191
1054 2271
1054 2449
1054 2954
1055 1255
1055 1789
1055 2232
1055 2511
1055 2923
1056 1166
1056 2456
1056 2509
1056 2847
1057 1385
1057 1857
1057 2958
1058 2038
1058 2210
1058 2349
1058 2684
1058 2858
1059 1593
1059 2279
1059 2992
1060 1762
1060 2042
1060 2324
1061 2115
1061 2190
1061 2449
1061 2775
1062 1207
1062 1408
1062 1776
1062 2007
1062 2408
1062 2696
1063 1334
1063 1467
1063 1687
1063 1900
1063 2801
1063 2977
1064 1575
1064 1589
1064 2291
1065 1727
1065 2070
1065 2662
1065 2721
1066 1372
1066 1729
1066 2281
1066 2584
1067 1214
1067 1676
1067 1825
1067 2221
1067 2961
1068 1246
1068 1397
1068 1483
1068 1624
1068 1796
1068 2122
1069 1585
1069 1679
1069 2232
1070 1397
1070 1499
1070 1765
1070 1875
1070 2420
1071 1592
1071 1809
1071 2954
1072 1167
1072 1416
1072 2438
1072 2829
1073 2293
1073 2653
1073 2884
1074 2083
1074 2692
1074 2870
1075 1159
1075 1237
1075 2111
1075 2475
1076 2940
1077 1233
1077 2888
1078 2266
1078 2486
1078 2663
1078 2900
1079 1177
1079 1382
1079 1675
1079 2441
1079 2696
1080 1515
1080 1757
1080 1980
1080 2466
1080 2493
1081 1324
1081 1332
1081 1757
1081 2021
1081 2707
1081 2943
1082 2553
1082 2683
1083 1260
1083 1429
1083 1914
1083 2736
1083 2782
1083 2827
1084 1711
1084 1816
1084 1831
1084 1966
1084 2600
1085 1197
1085 1514
1085 2118
1086 1789
1086 1862
1086 2106
1086 2154
1086 2263
1086 2666
1087 1577
1087 1710
1087 2570
1088 1127
1088 1539
1088 1686
1088 1909
1088 2335
1088 2626
1089 1391
1090 1096
1090 1339
1090 1893
1090 1903
1090 2683
1090 2837
1091 1650
1091 2950
1092 2470
1092 2547
1093 1427
1094 2038
1094 2476
1094 2833
1095 1554
1095 1576
1095 1746
1095 1781
1095 2182
1095 2751
1096 1721
1096 1874
1096 1953
1096 2213
1096 2789
1096 2918
1097 1333
1097 1431
1097 1522
1097 1680
1097 2075
1097 2187
1098 2115
1099 1957
1099 2095
1100 2716
1101 1335
1101 2154
1101 2653
1101 2670
1101 2984
1102 1278
1102 1541
1102 1668
1103 1973
1103 2047
1103 2441
1103 2528
1104 1652
1104 1713
1104 2354
1104 2639
1104 2849
1105 2272
1105 2776
1106 1286
1106 2125
1106 2501
1106 2688
1107 1527
1107 2069
1107 2644
1108 1550
1108 1847
1108 2010
1108 2661
1109 1903
1109 2418
1110 1429
1110 1512
1110 1911
1111 1487
1111 1763
1111 1838
1112 2204
1112 2673
1112 2975
1113 1132
1113 1324
1113 2010
1113 2386
1114 1343
1114 2001
1114 2367
1114 2640
1115 1880
1115 1970
1115 2148
1115 2580
1115 2682
1116 1225
1116 1886
1116 2598
1116 2614
1118 1258
1118 1601
1118 2568
1118 2611
1118 2618
1119 2266
1119 2886
1120 2729
1120 2985
1121 2509
1121 2716
1121 2885
1123 1139
1123 1458
1124 1150
1124 2236
1124 2271
1124 2680
1124 2933
1125 1308
1125 1469
1125 1513
1125 2683
1126 1528
1126 1578
1127 1196
1127 1790
1127 2347
1127 2458
1128 1254
1129 1821
1129 2275
1129 2508
1129 2982
1129 2989
1130 2190
1130 2667
1132 1409
1132 1707
1132 1785
1132 2608
1132 2730
1133 1200
1133 2765
1133 2846
1134 1819
1134 2002
1135 1659
1136 1673
1136 1832
1136 2456
1136 2536
1138 1178
1138 2204
1138 2385
1139 1414
1139 1426
1139 1645
1139 1822
1139 2219
1139 2468
1140 1153
1140 1746
1140 2150
1140 2340
1140 2973
1140 2977
1141 1859
1142 1476
1142 2400
1142 2721
1143 1242
1143 1814
1143 1912
1143 2797
1144 1167
1144 1923
1144 2035
1145 1175
1145 1424
1145 1491
1145 1505
1145 2332
1145 2431
1145 2567
1145 2764
1146 2038
1146 2138
1147 1168
1147 1310
1147 1416
1147 2040
1147 2889
1148 1312
1148 1423
1148 2130
1148 2153
1148 2193
1148 2323
1148 2594
1148 2913
1148 2961
1149 1377
1149 1578
1149 1596
1149 2201
1150 1981
1150 2803
1151 1217
1151 1387
1151 1440
1151 1522
1151 2010
1151 2068
1151 2241
1151 2497
1151 2774
1152 1952
1153 1600
1153 1760
1153 1862
1153 1951
1153 2196
1153 2507
1153 2591
1154 1316
1154 1393
1154 1936
1154 2490
1155 1281
1155 2411
1156 1401
1156 2761
1156 2960
1157 1239
1157 2543
1157 2898
1158 1820
1158 2040
1158 2621
1158 2881
1159 1389
1159 1480
1159 2994
1160 2010
1160 2135
1160 2302
1160 2951
1161 1302
1162 1264
1162 1371
1163 1778
1164 2871
1165 1210
1165 1232
1165 1927
1166 1199
1166 1325
1166 1471
1166 1561
1166 2900
1166 2961
1167 2214
1167 2764
1167 2854
1167 2997
1168 1292
1168 1394
1168 1431
1168 2130
1168 2139
1168 2279
1168 2910
1169 1269
1169 2297
1170 1719
1170 1927
1170 2003
1170 2059
1170 2413
1170 2756
1170 2926
1171 1360
1171 1675
1171 1996
1171 2211
1171 2705
1172 1606
1173 1493
1173 2033
1173 2166
1174 1851
1174 2687
1175 1758
1175 1958
1175 2277
1175 2630
1175 2970
1176 1322
1176 1699
1176 1756
1176 1852
1176 2645
1177 1682
1177 2292
1177 2546
1177 2558
1177 2780
1178 1862
1178 2101
1178 2271
1178 2529
1179 1194
1179 1671
1179 2637
1180 1369
1180 1422
1181 1371
1181 2530
1182 1430
1182 1606
1182 1911
1182 1932
1182 1985
1182 2440
1183 1383
1183 1576
1183 2518
1183 2631
1183 2749
1184 1266
1184 1721
1184 1727
1184 1964
1184 2453
1184 2871
1184 2994
1185 1682
1185 1972
1185 2507
1185 2887
1186 1526
1186 1597
1186 2244
1186 2798
1186 2855
1186 2947
1187 1527
1187 1611
1187 2700
1187 2837
1188 1278
1188 2170
1188 2587
1188 2668
1189 1556
1189 1689
1189 1691
1189 1915
1189 2190
1189 2224
1190 1548
1191 1305
1191 2385
1191 2858
1192 1767
1192 1916
1192 2467
1193 2311
1193 2578
1193 2664
1193 2692
1193 2974
1194 1866
1194 2387
1194 2851
1194 2895
1195 1361
1195 2167
1196 2166
1197 1729
1197 1968
1197 2544
1197 2616
1197 2807
1198 2303
1199 1299
1199 2598
1199 2709
1201 1388
1201 1738
1201 2086
1201 2490
1201 2526
1201 2729
1202 1798
1203 2525
1204 2500
1205 1407
1205 1938
1206 1601
1206 2077
1206 2258
1206 2920
1207 2355
1207 2462
1207 2781
1208 1431
1208 1540
1208 2046
1208 2823
1209 1411
1209 1760
1209 1811
1209 2842
1210 1231
1210 1681
1210 2062
1210 2218
1210 2251
1210 2449
1210 2874
1211 2392
1211 2524
1212 1595
1212 2052
1212 2784
1212 2941
1213 1236
1213 1390
1213 1621
1213 2087
1214 2288
1214 2395
1214 2861
1215 2432
1216 1471
1216 2221
1217 1462
1217 2223
1217 2607
1218 2077
1218 2882
1218 2929
1219 1485
1219 2703
1219 2799
1219 2916
1220 1247
1221 1239
1221 1491
1221 2022
1221 2034
1221 2548
1221 2648
1222 2050
1222 2074
1222 2161
1222 2719
1222 2949
1223 2514
1224 1618
1224 2720
1225 1576
1225 2100
1227 1268
1227 1870
1227 1914
1228 1323
1228 1455
1228 1730
1228 1887
1229 2149
1230 2311
1231 1759
1231 2933
1232 1330
1232 2080
1232 2180
1232 2271
1232 2499
1233 1670
1233 2427
1234 2113
1235 1672
1237 1252
1237 2073
1237 2228
1237 2243
1238 1628
1238 2309
1239 2087
1239 2200
1239 2258
1239 2273
1239 2695
1239 2994
1239 2996
1240 1255
1240 2022
1240 2026
1240 2317
1240 2469
1241 1295
1241 1668
1241 2003
1241 2039
1241 2470
1241 2631
1242 1561
1242 1947
1242 2429
1242 2831
1243 1337
1244 1452
1244 1585
1244 1731
1244 2379
1244 2382
1244 2533
1244 2653
1244 2771
1244 2941
1245 1485
1245 1497
1245 1910
1245 2480
1245 2994
1246 1737
1246 1778
1246 2711
1247 1409
1247 1449
1247 1673
1247 1690
1247 1891
1247 2635
1248 1986
1248 2234
1248 2401
1249 2203
1250 2818
1251 1341
1251 1395
1251 2642
1251 2809
1252 1803
1253 1502
1253 1707
1253 2085
1253 2276
1254 2501
1254 2548
1255 2466
1256 2028
1256 2980
1257 1459
1257 1724
1257 2190
1257 2690
1257 2924
1258 2177
1258 2191
1258 2427
1259 1932
1260 1289
1260 1573
1260 2852
1261 1569
1261 2591
1261 2818
1262 1291
1262 2376
1263 1577
1263 1615
1263 1670
1263 2666
1264 1269
1264 1681
1264 2610
1265 2446
1266 1645
1266 2600
1266 2975
1267 2202
1267 2484
1267 2515
1268 1315
1268 1641
1268 2841
1269 1462
1269 1614
1269 1678
1270 2273
1270 2397
1271 1519
1271 2281
1271 2840
1272 2015
1272 2660
1273 2414
1273 2985
1274 1390
1274 1749
1274 1792
1274 1892
1274 2191
1275 1575
1275 1645
1275 2110
1276 1346
1276 1610
1276 1665
1276 1849
1276 2859
1277 2406
1277 2511
1279 1498
1279 1727
1279 2050
1280 1528
1280 2351
1281 1630
1282 1397
1282 1772
1283 2613
1283 2731
1283 2764
1284 1452
1284 1962
1284 2133
1284 2765
1285 1694
1285 1830
1285 2583
1285 2905
1286 1621
1286 2177
1286 2273
1286 2891
1287 2016
1287 2316
1288 1545
1288 1791
1288 1988
1288 2150
1288 2369
1289 1426
1289 1746
1289 2277
1289 2282
1289 2629
1289 2930
1291 2223
1291 2456
1292 1881
1293 1531
1293 1540
1293 1727
1293 1938
1294 1451
1294 1793
1295 1445
1295 1705
1296 2209
1297 1519
1297 2693
1297 2759
1298 2224
1299 1431
1299 1584
1299 1678
1299 2280
1300 1609
1300 2141
1300 2274
1300 2405
1300 2822
1301 1636
1301 1966
1301 2425
1301 2553
1301 2580
1301 2695
1303 1859
1303 2023
1303 2836
1303 2968
1305 1335
1305 2052
1305 2300
1306 1865
1306 1874
1306 2474
1307 1323
1307 1327
1307 1512
1307 1775
1307 2199
1307 2410
1307 2440
1307 2450
1307 2925
1308 2136
1308 2337
1308 2548
1308 2647
1309 1414
1309 2284
1310 1745
1310 1978
1310 2053
1310 2527
1310 2589
1311 1454
1311 1505
1311 1984
1311 2482
1311 2625
1312 1413
1312 2930
1313 1587
1313 2809
1315 1774
1315 2319
1315 2387
1316 1572
1316 1728
1316 1757
1317 1472
1317 1950
1318 2388
1318 2493
1319 1691
1319 2970
1320 1595
1320 1634
1320 2813
1321 1338
1321 2247
1321 2577
1321 2661
1321 2823
1322 1450
1322 1756
1322 2524
1323 1385
1323 1590
1323 1846
1324 2709
1325 2075
1325 2240
1326 1415
1326 1979
1326 2293
1326 2366
1326 2636
1326 2967
1327 2678
1327 2954
1329 1440
1329 1804
1329 1954
1329 2052
1329 2195
1330 2015
1331 1718
1331 1736
1331 2502
1331 2690
1331 2954
1332 1340
1332 1981
1332 2146
1332 2163
1333 1598
1333 1848
1333 1860
1334 1866
1335 1983
1335 2252
1335 2754
1336 1382
1336 1561
1336 2584
1336 2898
1337 1540
1338 1804
1338 2574
1338 2606
1338 2916
1339 2854
1340 1834
1340 2391
1341 1485
1341 1818
1341 2840
1342 1753
1342 1977
1343 1535
1343 1604
1343 1697
1344 1756
1345 1853
1345 1980
1345 2527
1346 1818
1346 2593
1346 2714
1346 2999
1347 1820
1347 2462
1347 2793
1349 1513
1349 2136
1350 1493
1350 2336
1350 2344
1351 1672
1351 2035
1351 2128
1351 2768
1352 1652
1352 2821
1353 2143
1353 2411
1354 1668
1354 1752
1354 2258
1354 2554
1354 2659
1355 1875
1355 1925
1355 2370
1355 2413
1355 2586
1355 2602
1355 2751
1356 1573
1356 1684
1356 2579
1356 2804
1357 1400
1357 1929
1357 2257
1357 2420
1358 1513
1358 2752
1359 1751
1359 2028
1359 2126
1360 1535
1360 2876
1361 1675
1361 1746
1361 2013
1361 2752
1361 2780
1362 2391
1362 2778
1363 2100
1363 2934
1363 2947
1364 2591
1365 1502
1366 1648
1366 1942
1366 2551
1366 2919
1367 2014
1367 2353
1367 2532
1368 2669
1369 2359
1369 2510
1369 2871
1370 2103
1370 2311
1371 1657
1371 1733
1371 2411
1372 1864
1372 2245
1372 2662
1372 2769
1372 2901
1372 2993
1373 1389
1373 1714
1374 1750
1374 2749
1375 1504
1375 1977
1375 2312
1375 2428
1375 2896
1376 1517
1376 1771
1377 2940
1378 2190
1378 2243
1379 1761
1379 2874
1379 2995
1380 1415
1380 1512
1380 2890
1382 1423
1382 2314
1382 2825
1383 2418
1383 2548
1383 2894
1384 1791
1384 2403
1388 2031
1388 2294
1388 2597
1389 1497
1389 1554
1389 2440
1389 2551
1390 1664
1390 1860
1390 2759
1391 1677
1391 1827
1391 2882
1392 1886
1392 2608
1393 1726
1393 2290
1393 2751
1394 1981
1394 2024
1394 2404
1395 1510
1395 1863
1395 1970
1395 2177
1395 2519
1395 2920
1396 1660
1396 1961
1396 2585
1397 1619
1397 2057
1397 2300
1397 2318
1398 2332
1399 1609
1399 1914
1400 1542
1400 2924
1400 2929
1402 2351
1402 2474
1403 1867
1405 2233
1406 1486
1406 1647
1406 1960
1406 2098
1406 2401
1407 1434
1407 1716
1408 1444
1408 1921
1408 2489
1408 2492
1408 2972
1409 1418
1409 1923
1409 2125
1409 2239
1409 2338
1409 2349
1410 1975
1411 1620
1412 2892
1413 1487
1413 2148
1414 1430
1414 1536
1414 2165
1415 1662
1415 1808
1415 2106
1415 2202
1415 2980
1416 1911
1416 2419
1416 2472
1416 2775
1416 2860
1417 1559
1417 1832
1417 2067
1417 2515
1418 2450
1418 2894
1419 1821
1419 2279
1419 2373
1420 1526
1420 1711
1420 2024
1420 2762
1420 2921
1420 2990
1421 1652
1421 1726
1421 2663
1421 2668
1421 2805
1422 1502
1422 1918
1422 1920
1422 2347
1423 2143
1424 2913
1425 1938
1425 2752
1426 1555
1426 1636
1426 2194
1426 2779
1427 1529
1427 1871
1427 2360
1428 1752
1428 2485
1429 1471
1429 2305
1430 2683
1430 2826
1431 2332
1431 2862
1432 1509
1432 2556
1434 1503
1434 1512
1434 1536
1434 1754
1434 2653
1434 2748
1434 2885
1435 1538
1435 1679
1435 1846
1435 1967
1435 2757
1435 2869
1436 1646
1436 1962
1436 2487
1436 2863
1436 2957
1437 1705
1437 1830
1437 1845
1437 2488
1437 2701
1437 2721
1438 1618
1438 1707
1438 2022
1438 2052
1438 2385
1438 2622
1438 2932
1439 1495
1439 2281
1439 2440
1440 1618
1441 1585
1441 1612
1441 2542
1441 2667
1443 2596
1444 2390
1444 2876
1445 1873
1445 2311
1445 2518
1445 2906
1446 2506
1446 2554
1447 1777
1447 2291
1447 2936
1447 2978
1448 1696
1448 1910
1448 1915
1448 2861
1449 1731
1449 2683
1450 2535
1450 2557
1451 2015
1451 2138
1451 2280
1451 2701
1451 2912
1452 2077
1453 1759
1453 2164
1453 2315
1454 1602
1454 1833
1454 2701
1454 2809
1455 1626
1455 2463
1456 1746
1456 2353
1456 2378
1456 2849
1457 2164
1457 2622
1458 1608
1458 1648
1458 1775
1458 2668
1459 1770
1459 2040
1459 2491
1459 2736
1460 1513
1460 1515
1460 1579
1460 2166
1460 2582
1460 2674
1461 1465
1461 2065
1461 2905
1462 1905
1462 2198
1462 2416
1463 1654
1463 1914
1463 2208
1464 1513
1464 1899
1465 2056
1466 2268
1466 2374
1466 2443
1467 1669
1467 2186
1467 2602
1467 2610
1467 2776
1467 2987
1468 1510
1468 1796
1468 2248
1469 1890
1469 2624
1469 2707
1469 2736
1469 2745
1470 2570
1471 1749
1471 2138
1471 2755
1472 1539
1472 2001
1472 2518
1473 1491
1473 2246
1473 2586
1474 2153
1474 2660
1474 2709
1475 1719
1475 2358
1476 1593
1477 1519
1477 2602
1477 2829
1478 2899
1479 1511
1479 1749
1480 1863
1480 1888
1480 2058
1481 1798
1481 1895
1481 2596
1482 1675
1482 2005
1482 2055
1482 2061
1482 2477
1483 1623
1483 1767
1483 2127
1483 2573
1484 1523
1484 2067
1484 2098
1484 2381
1484 2452
1484 2799
1485 2596
1486 1754
1486 1800
1487 2045
1487 2156
1487 2396
1487 2400
1487 2546
1487 2613
1488 2247
1488 2383
1488 2595
1489 2627
1489 2714
1490 1644
1490 1980
1490 2008
1490 2390
1491 1947
1491 2251
1492 1683
1492 2704
1492 2770
1493 1630
1493 2056
1493 2110
1494 2600
1495 1620
1495 1653
1495 1693
1495 1856
1495 2484
1496 1979
1496 2567
1496 2820
1496 2963
1497 1573
1497 1743
1497 2706
1498 1908
1500 1939
1500 2318
1500 2426
1501 2031
1501 2434
1501 2989
1502 1528
1502 2149
1502 2159
1503 1541
1503 2506
1505 1786
1505 2469
1505 2862
1506 2032
1506 2298
1506 2352
1506 2491
1507 1509
1507 1918
1507 1929
1507 2073
1508 2008
1509 2999
1510 1957
1510 1978
1510 2500
1511 2721
1512 1711
1512 2288
1512 2785
1513 3000
1514 1709
1514 1754
1514 1794
1514 2404
1514 2595
1515 1986
1515 2818
1516 1763
1516 2540
1516 2570
1517 1978
1517 2079
1517 2962
1518 1541
1518 1732
1518 2095
1518 2267
1520 1602
1520 1800
1520 2042
1520 2191
1521 1864
1521 1957
1521 2253
1522 2729
1523 1822
1523 1898
1523 2274
1523 2296
1523 2509
1523 2732
1523 2870
1523 2990
1524 2285
1524 2434
1524 2468
1524 2509
1525 1646
1525 2722
1525 2729
1525 2798
1526 1622
1526 2454
1526 2490
1526 2713
1526 2994
1527 1983
1527 2172
1527 2226
1528 1942
1528 2095
1529 2646
1530 1636
1530 1982
1530 2836
1530 2928
1531 2748
1533 1563
1533 1601
1534 1684
1534 2052
1534 2471
1534 2491
1534 2620
1534 2756
1534 2779
1535 2446
1536 2126
1536 2549
1537 1810
1537 2530
1538 2360
1539 1702
1539 1908
1539 2745
1540 1824
1541 2778
1541 2927
1542 1574
1542 2289
1543 2315
1544 1753
1544 1862
1545 1597
1545 1851
1545 1906
1545 2168
1545 2640
1546 1643
1546 1835
1546 2392
1547 2469
1547 2899
1548 1868
1548 2126
1548 2288
1548 2322
1548 2752
1549 2405
1549 2534
1549 2648
1549 2737
1550 1858
1551 1799
1551 2866
1552 1648
1552 1658
1552 1713
1552 2269
1552 2572
1552 2643
1553 1606
1553 2297
1553 2310
1553 2361
1553 2605
1553 2649
1554 1686
1554 1748
1554 2445
1554 2694
1554 2734
1555 2750
1556 2264
1556 2280
1556 2351
1557 2014
1558 2701
1558 2762
1560 1751
1560 2031
1561 2554
1561 2855
1562 2053
1562 2071
1562 2116
1563 1858
1563 2659
1564 1734
1564 1736
1564 2125
1564 2240
1565 1608
1566 1616
1567 2560
1567 2708
1567 2779
1569 1577
1569 1952
1569 2282
1569 2809
1570 2407
1570 2428
1571 1891
1571 2824
1573 1642
1573 1763
1575 2079
1575 2397
1575 2826
1576 1737
1578 2103
1578 2365
1578 2445
1578 2714
1579 2746
1579 2822
1579 2838
1580 2052
1580 2349
1581 2638
1581 2681
1581 2795
1582 2380
1582 2687
1583 1903
1584 2096
1585 1654
1585 1707
1585 2021
1585 2353
1585 2612
1586 1644
1586 2174
1586 2210
1587 1688
1587 2003
1587 2484
1588 2096
1588 2289
1588 2388
1588 2793
1589 1720
1589 2820
1590 2316
1591 1603
1591 2834
1593 1756
1594 1985
1594 2073
1594 2865
1595 2473
1595 2980
1596 2730
1596 2966
1597 2307
1597 2946
1598 1880
1598 2447
1599 1767
1599 1993
1599 2703
1599 2904
1599 2918
1600 2050
1600 2121
1600 2197
1600 2322
1600 2675
1601 1796
1602 2435
1604 1734
1605 2408
1605 2437
1606 1805
1606 1849
1606 1890
1606 2630
1608 2484
1608 2732
1609 2401
1609 2415
1609 2564
1609 2664
1610 1840
1610 2285
1611 1980
1611 2337
1611 2361
1611 2993
1612 1623
1612 2314
1612 2327
1612 2473
1613 1798
1613 2726
1613 2767
1614 2192
1614 2763
1614 2788
1614 2899
1615 1829
1615 1960
1615 2491
1616 2062
1616 2175
1616 2353
1616 2619
1617 2311
1617 2642
1618 1955
1618 2524
1618 2597
1618 2780
1618 2907
1619 1840
1619 1946
1619 2559
1619 2964
1620 1685
1620 2018
1620 2477
1620 2527
1621 2332
1622 1657
1622 1709
1622 2828
1622 2954
1623 1805
1623 1820
1623 2500
1623 2553
1624 1642
1624 2356
1624 2418
1624 2759
1624 2966
1625 2811
1626 1999
1626 2196
1626 2424
1627 1815
1627 1965
1627 2213
1627 2922
1628 1704
1628 1712
1628 2612
1628 2688
1628 2877
1629 2572
1630 2093
1630 2821
1632 1719
1633 1977
1633 2430
1633 2439
1633 2569
1635 1767
1635 2314
1636 1826
1636 2210
1636 2422
1636 2622
1636 2809
1636 2902
1637 2214
1637 2345
1638 2439
1638 2937
1639 2782
1640 2617
1640 2632
1641 1808
1641 2173
1642 1778
1642 2347
1642 2675
1643 2346
1644 1657
1644 2669
1645 2725
1645 2920
1647 1682
1647 2513
1648 1763
1649 1680
1649 1708
1649 2174
1649 2394
1651 1700
1651 2062
1651 2280
1652 1830
1652 2058
1652 2164
1652 2884
1652 2890
1653 2280
1653 2698
1654 2293
1654 2445
1654 2727
1655 1896
1655 2091
1655 2158
1655 2182
1656 2779
1656 2806
1657 2759
1658 1702
1658 2827
1658 2846
1660 1734
1660 1738
1660 1831
1660 2167
1661 1818
1661 2628
1661 2707
1662 2883
1663 2159
1663 2348
1663 2392
1663 2551
1664 2069
1664 2547
1665 2809
1665 2888
1665 2991
1666 2146
1666 2266
1666 2309
1667 1990
1667 2762
1667 2818
1668 1812
1668 1961
1668 2955
1668 2986
1669 2430
1669 2704
1670 2503
1670 2590
1671 2765
1672 2616
1674 2708
1674 2712
1674 2735
1674 2919
1674 2964
1676 2371
1676 2395
1676 2832
1677 1905
1677 2120
1677 2181
1677 2453
1678 1920
1678 1988
1678 2094
1679 2255
1679 2295
1679 2663
1679 2749
1680 1724
1680 2104
1680 2314
1680 2826
1681 1779
1681 2331
1682 2445
1682 2501
1683 1984
1683 2236
1683 2838
1684 1869
1685 1856
1685 2243
1685 2906
1686 1993
1686 2481
1686 2502
1687 1689
1689 1789
1689 1861
1690 2035
1690 2922
1690 2951
1691 1854
1691 1877
1692 1908
1692 2174
1692 2208
1692 2210
1692 2271
1692 2343
1692 2591
1693 2162
1693 2282
1694 1981
1694 2004
1694 2993
1695 1898
1695 2140
1695 2615
1695 2772
1695 2922
1696 1831
1696 2704
1697 2236
1697 2409
1697 2556
1697 2951
1698 1840
1698 2153
1698 2891
1699 1916
1699 1921
1699 1941
1699 2370
1700 2737
1701 1850
1701 2253
1701 2739
1702 1912
1702 2993
1705 2282
1705 2484
1706 1868
1706 2795
1706 2928
1707 1956
1707 2428
1708 2147
1708 2186
1708 2724
1709 1776
1709 1995
1709 2141
1709 2146
1710 1949
1710 2093
1711 2928
1712 2110
1713 2425
1713 2711
1713 2997
1714 1953
1714 2022
1715 1766
1715 1857
1715 2021
1715 2125
1716 2437
1716 2651
1717 1978
1717 2808
1719 2054
1719 2112
1719 2543
1720 2643
1720 2721
1721 2810
1723 2172
1723 2477
1724 1885
1724 2591
1725 2285
1725 2354
1725 2738
1725 2896
1726 1880
1726 2077
1727 1766
1727 2010
1727 2162
1727 2290
1727 2419
1727 2972
1729 2573
1729 2733
1731 2918
1733 2053
1733 2148
1733 2871
1734 1800
1734 2496
1734 2544
1735 1736
1735 2922
1736 1932
1736 2695
1737 2926
1739 1763
1739 1806
1739 2213
1740 1856
1740 1886
1740 2053
1740 2567
1740 2811
1740 2916
1743 1947
1743 2026
1743 2840
1744 2371
1744 2513
1745 2234
1745 2649
1745 2822
1746 1966
1746 2430
1747 2113
1748 2141
1748 2223
1748 2481
1749 1872
1749 1926
1749 2320
1750 1968
1750 2114
1751 2839
1752 1982
1752 2343
1754 1862
1754 2523
1755 2239
1755 2682
1756 2409
1757 1928
1757 2180
1758 2958
1759 1769
1759 2492
1759 2686
1760 2060
1761 2170
1761 2828
1761 2862
1761 2960
1762 2602
1762 2627
1762 2823
1763 2051
1763 2884
1764 2210
1764 2620
1764 2957
1765 2204
1765 2373
1766 2323
1766 2636
1767 2218
1767 2558
1768 2587
1768 2799
1769 2221
1769 2436
1769 2481
1769 2731
1769 2934
1770 2003
1771 2125
1772 2175
1773 2337
1773 2416
1773 2986
1774 2744
1774 2889
1777 2353
1778 2710
1779 2383
1780 2267
1780 3000
1781 2441
1781 2542
1781 2967
1782 2256
1783 2787
1784 2423
1784 2465
1784 2904
1785 2064
1785 2725
1786 1828
1786 2055
1786 2440
1789 2104
1789 2999
1790 1905
1790 2024
1790 2101
1790 2208
1790 2869
1792 1919
1793 2932
1793 2982
1794 2819
1795 1837
1795 1876
1795 2275
1795 2482
1795 2508
1795 2747
1795 2776
1796 2344
1797 2729
1797 2791
1798 2540
1798 2841
1798 2946
1799 2102
1799 2893
1800 2262
1800 2810
1801 2300
1801 2912
1802 2146
1802 2313
1802 2830
1803 1841
1803 2075
1803 2190
1803 2314
1803 2995
1805 1878
1805 2843
1806 2199
1806 2669
1806 2726
1807 2223
1807 2861
1808 2157
1808 2381
1809 1949
1809 2254
1810 1826
1810 1925
1811 2630
1813 2949
1814 2999
1815 2479
1816 2776
1817 1904
1817 2064
1817 2089
1817 2664
1818 1977
1818 2789
1818 2992
1818 2993
1819 1991
1819 2089
1819 2238
1819 2511
1819 2541
1819 2722
1821 2613
1821 2701
1822 2201
1822 2363
1822 2834
1823 1994
1823 2572
1823 2900
1825 2472
1826 1942
1826 2488
1826 2654
1826 2659
1827 2230
1828 2932
1830 2955
1831 1994
1831 2161
1831 2313
1831 2870
1832 2084
1832 2532
1833 2848
1835 2224
1835 2905
1836 2536
1837 2324
1837 2442
1837 2565
1838 2602
1838 2751
1839 2301
1839 2448
1840 1879
1840 2944
1841 2545
1841 2720
1841 2922
1842 2243
1843 2041
1843 2965
1844 1875
1844 2839
1845 2329
1845 2557
1845 2627
1846 2696
1847 1995
1848 2349
1849 2340
1850 1987
1850 2878
1851 2855
1852 1998
1852 2445
1852 2801
1853 1922
1853 2675
1853 2860
1855 2011
1855 2200
1855 2603
1856 1953
1856 1980
1856 2217
1857 2130
1858 2277
1859 1939
1859 2327
1859 2393
1859 2673
1860 2714
1862 2016
1862 2287
1863 1968
1864 2009
1864 2016
1864 2229
1864 2337
1864 2484
1864 2608
1864 2764
1866 2528
1866 2889
1867 2405
1868 2263
1868 2483
1869 2192
1869 2259
1869 2412
1870 2564
1871 2540
1871 2700
1872 2524
1874 2361
1874 2525
1874 2714
1875 2294
1875 2523
1876 2237
1876 2249
1876 2602
1877 2339
1879 1957
1879 1967
1879 2876
1880 2995
1881 2893
1882 2819
1885 2397
1885 2438
1885 2899
1886 1988
1886 1989
1886 2405
1886 2439
1886 2442
1888 2697
1888 2847
1889 2223
1889 2459
1889 2677
1890 2156
1891 2101
1891 2260
1891 2833
1891 2934
1892 2271
1892 2559
1892 2573
1892 2795
1892 2980
1893 2585
1895 2190
1896 2485
1896 2677
1897 2707
1897 2800
1898 2562
1899 2015
1899 2549
1900 1931
1901 2270
1901 2793
1901 2996
1902 2075
1902 2573
1902 2822
1903 1913
1903 1934
1903 1963
1903 2704
1904 2364
1904 2383
1904 2503
1904 2909
1905 2152
1905 2872
1906 2958
1906 2965
1906 2972
1907 2619
1908 2132
1908 2999
1909 2102
1911 2183
1911 2734
1911 2886
1912 2463
1913 2559
1913 2779
1914 2656
1914 2701
1914 2787
1915 2078
1915 2952
1916 1926
1916 2170
1916 2177
1916 2227
1916 2580
1917 1975
1917 2021
1917 2239
1918 2319
1918 2320
1919 2559
1920 2202
1920 2325
1920 2792
1921 2021
1921 2354
1921 2958
1922 2554
1923 2014
1924 2428
1924 2723
1925 2110
1925 2314
1925 2375
1926 2235
1926 2264
1927 2446
1927 2661
1927 2708
1927 2806
1928 2193
1928 2563
1929 2101
1929 2175
1929 2346
1929 2643
1929 2661
1929 2987
1930 2330
1930 2708
1932 2236
1933 1942
1933 1956
1933 2118
1933 2829
1934 2068
1934 2325
1934 2924
1935 2109
1937 2439
1937 2594
1937 2706
1938 2557
1938 2646
1939 2303
1940 2578
1942 2436
1943 2009
1944 2265
1944 2695
1945 2755
1946 2114
1946 2401
1946 2704
1947 2638
1948 2257
1948 2311
1948 2648
1949 2154
1949 2171
1949 2239
1949 2625
1950 2029
1950 2257
1950 2512
1950 2803
1951 2097
1952 2187
1952 2642
1953 2295
1953 2323
1953 2949
1954 2767
1955 2648
1955 2983
1956 2092
1956 2358
1958 2775
1959 2590
1961 2663
1962 2022
1962 2759
1963 2364
1964 2538
1964 2775
1965 2308
1965 2359
1965 2889
1966 2504
1966 2512
1967 2166
1967 2662
1968 2364
1970 2515
1970 2539
1970 2638
1971 2637
1972 2150
1974 2278
1974 2957
1975 2276
1975 2554
1975 2991
1976 2390
1977 2210
1977 2333
1979 2589
1979 2671
1979 2763
1979 2925
1980 2421
1980 2525
1980 2579
1981 2050
1981 2934
1982 2827
1982 2834
1983 2041
1983 2256
1985 2118
1985 2240
1985 2783
1986 2863
1987 2476
1987 2517
1988 2647
1989 2157
1989 2557
1990 2105
1990 2356
1992 2008
1992 2288
1993 2168
1993 2861
1994 2894
1996 2441
1996 2871
1997 2809
1997 2826
1997 2849
1997 2933
1998 2094
1999 2491
1999 2537
1999 2892
2000 2348
2000 2524
2000 2951
2000 2958
2002 2501
2003 2265
2003 2662
2003 2724
2003 2725
2004 2186
2004 2253
2005 2702
2005 2911
2006 2456
2007 2347
2007 2551
2008 2067
2008 2859
2009 2987
2010 2360
2010 2839
2010 2978
2011 2932
2012 2149
2013 2297
2013 2651
2014 2765
2014 2839
2014 2961
2015 2715
2015 2798
2016 2958
2017 2303
2017 2508
2017 2789
2018 2348
2018 2538
2019 2837
2019 2941
2020 2737
2021 2033
2021 2996
2022 2199
2022 2600
2023 2250
2024 2518
2025 2138
2025 2282
2025 2288
2027 2270
2027 2525
2027 2713
2028 2658
2029 2348
2030 2060
2031 2045
2031 2276
2032 2180
2032 2463
2035 2202
2037 2285
2037 2720
2037 2841
2038 2537
2038 2685
2038 2805
2039 2697
2039 2921
2040 2234
2040 2698
2041 2647
2041 2744
2043 2058
2045 2897
2046 2194
2046 2296
2046 2835
2047 2714
2047 2750
2048 2240
2048 2944
2048 2958
2049 2497
2049 2537
2049 2978
2050 2577
2050 2753
2050 2857
2050 2891
2051 2259
2051 2781
2053 2272
2053 2381
2053 2736
2054 2159
2054 2297
2054 2364
2055 2154
2055 2508
2055 2667
2055 2866
2056 2092
2056 2980
2057 2302
2057 2633
2057 2689
2058 2328
2058 2647
2060 2240
2062 3000
2063 2097
2063 2115
2063 2992
2064 2204
2065 2164
2065 2972
2067 2355
2067 2507
2068 2699
2069 2281
2069 2948
2069 2995
2070 2175
2070 2450
2070 2578
2070 2622
2070 2909
2071 2344
2072 2379
2072 3000
2073 2417
2073 2511
2073 2735
2074 2080
2074 2119
2074 2455
2074 2460
2074 2540
2074 2667
2075 2851
2076 2184
2076 2771
2077 2638
2077 2823
2078 2926
2079 2505
2082 2256
2084 2597
2086 2860
2087 2112
2087 2375
2087 2847
2088 2807
2089 2130
2090 2225
2091 2245
2091 2913
2091 2969
2092 2672
2092 2725
2093 2144
2094 2242
2094 2376
2094 2719
2094 2905
2094 2927
2094 2990
2096 2904
2097 2853
2097 2951
2098 2484
2098 2640
2099 2194
2099 2608
2101 2330
2101 2618
2101 2680
2103 2150
2103 2183
2103 2977
2104 2589
2104 2725
2104 2803
2105 2275
2105 2322
2105 2427
2105 2673
2105 2730
2106 2110
2106 2394
2107 2392
2107 2612
2107 2627
2109 2127
2109 2328
2109 2524
2110 2160
2110 2577
2110 2693
2111 2183
2111 2448
2112 2277
2112 2881
2114 2877
2115 2237
2119 2419
2120 2793
2120 2938
2121 2789
2122 2823
2122 2835
2124 2960
2125 2178
2125 2826
2125 2965
2126 2914
2127 2347
2127 2356
2127 2782
2128 2216
2129 2617
2129 2935
2130 2399
2131 2658
2132 2185
2132 2537
2132 2953
2132 2994
2133 2145
2133 2532
2133 2641
2136 2331
2136 2434
2136 2791
2136 2857
2137 2357
2137 2436
2137 2981
2138 2494
2139 2172
2139 2360
2139 2527
2139 2758
2141 2877
2142 2238
2142 2242
2142 2918
2145 2513
2145 2758
2146 2469
2146 2556
2146 2573
2146 2611
2146 2788
2146 2798
2146 2930
2147 2173
2147 2387
2147 2660
2147 2665
2147 2751
2147 2825
2148 2390
2148 2958
2149 2377
2150 2164
2150 2365
2152 2878
2153 2246
2153 2508
2154 2259
2154 2807
2155 2680
2155 2699
2156 2276
2156 2438
2156 2642
2156 2747
2156 2969
2158 2813
2159 2517
2159 2982
2160 2283
2160 2289
2160 2508
2161 2194
2162 2577
2162 2721
2162 2858
2163 2880
2164 2679
2164 2733
2166 2771
2167 2592
2167 2877
2168 2556
2168 2713
2169 2463
2169 2499
2169 2844
2170 2266
2170 2690
2170 2751
2170 2764
2170 2957
2171 2180
2171 2553
2171 2568
2171 2652
2171 2914
2172 2744
2173 2906
2174 2209
2174 2265
2174 2777
2175 2202
2175 2365
2176 2206
2176 2610
2177 2250
2177 2606
2177 2703
2177 2887
2179 2524
2182 2485
2182 2658
2183 2450
2186 2263
2186 2940
2187 2600
2187 2679
2187 2805
2187 2824
2187 2830
2189 2419
2189 2551
2189 2654
2191 2993
2192 2318
2192 2560
2193 2280
2193 2535
2193 2564
2193 2645
2194 2422
2194 2647
2194 2704
2195 2407
2196 2264
2196 2355
2199 2536
2200 2249
2202 2721
2202 2788
2203 2997
2204 2384
2204 2419
2206 2614
2208 2361
2208 2634
2211 2220
2213 2726
2214 2419
2214 2627
2214 2883
2217 2736
2217 2903
2218 2318
2218 2400
2218 2439
2218 2813
2219 2344
2219 2494
2220 2912
2223 2296
2224 2275
2224 2610
2224 2762
2225 2333
2227 2638
2227 2670
2228 2437
2228 2554
2228 2722
2228 2973
2229 2467
2232 2871
2234 2273
2234 2285
2234 2374
2235 2978
2237 2743
2240 2916
2241 2371
2241 2532
2242 2285
2242 2559
2242 2687
2242 2851
2242 2888
2242 2931
2246 2271
2249 2968
2250 2357
2251 2436
2251 2630
2252 2288
2252 2921
2253 2369
2253 2519
2254 2998
2256 2353
2256 2675
2256 2774
2257 2326
2259 2575
2260 2736
2261 2638
2264 2284
2264 2363
2264 2419
2265 2901
2266 2454
2268 2676
2271 2460
2272 2414
2272 2724
2272 2730
2272 2822
2273 2344
2274 2317
2274 2454
2274 2503
2274 2589
2274 2726
2275 2320
2277 2331
2277 2486
2277 2727
2277 2884
2280 2372
2280 2626
2281 2598
2283 2789
2284 2977
2286 2320
2286 2753
2286 2973
2287 2449
2287 2525
2290 2331
2290 2518
2290 2815
2290 2830
2291 2538
2291 2577
2293 2447
2294 2420
2294 2822
2298 2708
2299 2421
2299 2755
2299 2880
2300 2543
2300 2946
2301 2898
2301 2908
2305 2383
2305 2530
2305 2964
2310 2355
2310 2760
2311 2826
2312 2849
2316 2977
2317 2834
2317 2878
2317 2963
2319 2628
2320 2964
2322 2573
2324 2542
2324 2670
2324 2778
2327 2423
2329 2401
2330 2944
2331 2740
2332 2757
2333 2357
2334 2578
2335 2902
2337 2362
2337 2578
2337 2989
2340 2981
2341 2446
2344 2608
2344 2671
2347 2476
2347 2942
2351 2994
2353 2754
2353 2965
2354 2904
2354 2927
2355 2366
2355 2367
2355 2383
2355 2603
2355 2786
2356 2547
2356 2629
2357 2475
2360 2784
2361 2890
2362 2574
2362 2689
2362 2852
2366 2380
2367 2827
2367 2887
2368 2442
2368 2622
2370 2719
2370 2999
2372 2767
2373 2662
2375 2705
2376 2408
2377 2698
2377 2964
2378 2418
2379 2440
2379 2644
2379 2836
2380 2537
2380 2546
2380 2897
2381 2885
2383 2834
2385 2667
2389 2410
2389 2877
2390 2426
2391 2658
2394 2989
2396 2424
2396 2575
2397 2672
2398 2411
2398 2880
2399 2481
2399 2573
2399 2605
2400 2501
2401 2561
2401 2797
2401 2910
2404 2958
2404 2979
2405 2518
2405 2752
2405 2926
2406 2556
2406 2823
2407 2896
2407 2985
2408 2531
2408 2633
2408 2647
2409 2498
2411 2768
2413 2808
2414 2689
2417 2650
2419 2833
2419 2864
2420 2920
2421 2740
2421 2818
2422 2592
2422 2849
2422 2883
2423 2667
2423 2896
2425 2601
2426 2648
2426 2741
2429 2825
2430 2479
2431 2498
2431 2693
2436 2872
2436 2973
2437 2486
2437 2900
2438 2889
2439 2545
2439 2691
2439 2863
2440 2456
2441 2493
2441 2814
2442 2782
2444 2778
2444 2959
2444 2996
2445 2562
2445 2961
2447 2667
2447 2674
2447 2989
2449 2638
2451 2489
2451 2880
2452 2469
2454 2656
2455 2532
2457 2874
2459 2642
2465 2754
2466 2895
2466 2983
2467 2501
2468 2652
2468 2747
2468 2979
2469 2764
2470 2516
2470 2530
2470 2738
2470 2776
2471 2992
2473 2933
2475 2521
2475 2781
2476 2660
2476 2991
2481 2771
2481 2791
2482 2723
2483 2775
2484 2733
2484 2908
2486 2606
2486 2740
2488 2847
2489 2739
2492 2804
2496 2557
2496 2702
2496 2807
2497 2639
2497 2928
2500 2707
2502 2948
2503 2522
2505 2823
2506 2989
2507 2571
2508 2777
2508 2799
2508 2936
2509 2700
2509 2754
2510 2832
2513 2600
2513 2867
2514 2573
2515 2795
2517 2904
2517 2905
2518 2781
2519 2741
2519 2809
2520 2570
2521 2763
2522 2615
2523 2681
2523 2719
2523 2834
2527 2986
2528 2814
2528 2989
2529 2775
2529 2946
2530 2734
2533 2592
2533 2661
2534 2716
2537 2726
2540 2604
2540 2640
2542 2670
2542 2963
2545 2822
2547 2756
2547 2852
2547 2882
2548 2638
2551 2621
2552 2819
2554 2755
2554 2806
2556 2669
2556 2731
2557 2828
2558 2563
2558 2644
2559 2677
2561 2879
2565 2794
2567 2777
2567 2813
2570 2888
2571 2645
2571 2833
2571 2993
2573 2948
2575 2744
2577 2744
2578 2985
2580 2695
2580 2778
2581 2605
2583 2973
2584 2629
2586 2820
2587 2613
2588 2771
2591 2671
2591 2938
2592 2803
2594 2659
2600 2974
2602 2677
2604 2621
2604 2726
2606 2853
2606 2860
2608 2752
2611 2832
2611 2889
2618 2640
2618 2723
2618 2987
2622 2936
2623 2628
2624 2704
2625 2856
2625 2976
2627 2675
2629 2846
2633 2677
2634 2804
2640 2896
2640 2905
2641 2702
2641 2893
2642 2910
2642 2927
2646 2939
2646 2963
2647 2668
2649 2797
2653 2971
2654 2934
2657 2696
2658 2945
2659 2779
2660 2778
2663 2727
2668 2771
2671 2874
2674 2749
2680 2692
2680 2993
2681 2764
2685 2934
2686 2967
2687 2836
2687 2959
2689 2723
2692 2908
2699 2893
2701 2857
2703 2929
2703 2985
2706 2818
2706 2972
2707 2736
2714 2725
2716 2818
2718 2944
2719 2825
2720 2827
2722 2741
2723 2729
2723 2992
2726 2999
2727 2869
2731 2828
2731 2985
2737 2824
2738 2936
2744 2864
2744 2918
2748 2809
2748 2957
2748 2969
2749 2888
2750 2889
2756 2829
2757 2971
2761 2841
2768 2826
2771 3000
2772 2979
2773 2817
2776 2914
2777 2843
2779 2933
2782 2899
2782 2993
2783 2979
2784 2825
2789 2924
2789 2985
2791 2844
2792 2865
2796 2982
2797 2857
2802 2862
2809 2831
2809 2873
2809 2937
2811 2843
2812 2919
2819 2932
2820 2911
2821 2869
2821 2962
2824 2925
2826 2960
2830 2841
2839 2942
2840 2867
2842 2996
2845 2933
2849 2852
2855 2864
2855 2925
2856 2879
2863 2901
2863 2915
2868 2928
2875 2912
2882 2958
2892 2939
2898 2961
2901 2913
2912 2936
2919 2977
2927 2938
2934 2982
2936 2979
2942 2994
2967 2992
2974 2985
2985 2994
2987 2991
