3000 1500
75 1002
1291 2398
1273 2758
675 2574
985 1308
1267 2189
275 1557
229 1855
727 2855
661 2123
1274 1941
715 1834
1729 2866
1410 2740
391 397
1428 1891
663 1679
955 1558
2089 2247
11 297
2022 2751
412 1544
909 2350
94 1643
74 353
438 1947
454 1397
337 2798
1005 2174
623 1700
1400 2560
150 2828
1446 2676
1851 2990
1840 2077
112 1260
400 1547
1306 2143
340 449
84 2595
62 621
455 2538
1122 1280
873 2153
1159 2330
253 1096
897 2101
237 2171
893 1164
60 1083
1814 2712
1362 2811
162 1853
1226 2132
110 1434
514 2686
1967 2252
544 2220
231 2663
976 2222
161 2418
499 2971
1500 1590
936 2042
172 892
1786 2212
488 2669
1249 1864
546 1218
415 2721
105 838
992 1533
453 581
719 2049
1593 2805
1262 2068
482 1318
526 2938
1505 2176
789 2494
1510 2025
336 2023
298 1359
2145 2801
1585 2958
554 1693
302 2906
2141 2916
468 2035
2076 2679
1788 2541
2028 2602
1369 1734
220 513
1329 2192
2163 2912
260 2392
689 1257
1662 1763
582 2708
615 1802
58 2522
1225 2256
1752 2559
1486 2705
967 1960
269 755
2399 2406
98 2859
1106 1666
344 1051
198 731
467 1530
720 2613
1383 2734
126 599
899 2621
1623 2157
2017 2462
1082 2104
585 2317
1812 2065
1555 2409
1233 1720
431 2609
760 1536
2327 2372
2271 2849
437 2688
871 1897
849 1995
169 1296
740 2088
869 2876
321 1201
1193 2936
805 2711
595 1669
2474 2655
1706 2783
462 2982
427 1075
691 2954
723 2385
71 2953
42 2401
160 1490
1546 2952
178 1358
1849 2086
948 2215
372 2019
39 1730
443 2308
738 1322
2692 2976
2498 2882
1750 2085
590 2772
1501 2921
592 2436
411 2769
1241 2064
920 2503
1 1330
769 793
900 2030
442 2384
1776 2753
608 2416
1399 2128
1165 1961
1015 1199
423 2227
1775 2644
475 1334
1136 1345
248 2640
49 853
266 2508
440 1498
2149 2332
444 2816
156 2907
713 1134
1573 1992
234 382
515 2467
1571 2742
2210 2549
2155 2762
1067 2534
1740 2254
2307 2481
1424 2134
2063 2795
1153 1411
815 1532
524 565
2119 2695
1639 2961
1045 2488
273 2417
894 2764
213 300
490 1368
289 1723
1739 2037
988 2892
2346 2980
756 2771
394 698
896 2665
619 816
1395 1711
887 1124
2599 2873
2278 2292
196 1392
1695 1828
1421 2757
811 1287
787 2879
1569 2097
195 2824
1651 1758
113 1888
127 245
844 1549
2045 2471
537 903
1050 2291
2151 2754
80 2241
157 1521
1563 2998
1887 2564
598 1529
78 739
934 1069
1471 2851
295 1756
743 2032
2642 2847
709 2793
1062 1111
2197 2991
1509 2096
345 1613
1285 2580
124 1465
506 1567
1366 2425
1697 2561
1746 1779
8 2867
1108 1757
832 2756
356 432
726 2100
753 891
57 135
249 1617
114 2741
153 746
1445 2052
1499 2172
225 2837
428 2671
1539 1979
1673 2962
1325 2630
516 1328
379 1210
1319 1423
476 2540
795 2177
458 1997
678 2940
1873 1945
1482 2060
409 1503
2229 2748
1348 2770
1269 2626
2125 2956
2195 2526
1019 2680
2507 2878
2005 2402
271 1654
1658 2932
695 1307
1387 2209
2904 2959
679 2531
1477 2511
14 1589
1305 2893
247 479
557 2362
282 845
1487 2152
2012 2791
125 1950
145 2453
100 1219
346 2443
384 1652
995 2480
170 2366
693 2407
1690 2367
1710 2196
724 2251
1626 2468
2321 2993
116 2102
794 1937
424 942
1053 1379
1288 2328
1292 1661
541 2250
2191 2891
369 1542
825 2310
351 1753
1390 2353
656 2623
1001 1983
1942 2457
59 2898
2573 2934
1996 2693
1130 1575
1156 1749
472 708
142 2788
1090 2972
1175 1884
2524 2933
2144 2383
1524 2675
335 2810
1668 2948
1766 2208
446 956
101 2499
1191 2013
540 591
1178 2568
2391 2790
268 2612
1245 2069
348 655
752 1907
2759 2813
386 617
782 1148
836 1268
50 2245
520 1785
2133 2243
1035 2496
1010 1914
1169 2316
365 2521
317 1727
477 2848
1189 1772
53 979
2021 2797
1277 1476
1418 2647
830 1430
1444 1738
1807 2464
1155 2309
705 2338
657 2298
750 2489
2024 2843
390 907
1208 1619
1667 2053
2109 2923
872 2078
1163 1467
550 2701
76 158
1701 1902
205 717
314 1527
856 1581
83 2039
1323 2135
4 1077
270 2130
1352 1789
481 1761
2646 2875
776 1449
141 938
600 1223
216 294
813 1861
1550 2011
1611 1877
645 821
1518 1798
751 839
1055 2562
1883 2830
1350 2187
1263 1953
1525 1959
614 2447
2829 2973
1398 1854
1007 1066
1919 2114
283 626
15 1220
2715 2844
801 817
343 1845
1704 2985
1227 2911
35 646
1211 2823
292 567
703 2273
347 2080
1070 2969
461 2596
933 2554
51 1794
1582 1688
327 1320
184 2732
1977 2446
999 2127
374 1135
834 1236
1093 1496
285 2900
1433 1681
747 1762
1870 2356
1728 2272
2543 2570
671 1214
1603 2277
1618 2894
332 2687
64 1332
919 1846
989 2319
218 2967
631 1299
2026 2352
564 980
370 620
241 1113
748 1475
1470 1725
1102 2232
1671 2389
167 2103
878 1032
1347 2148
228 392
576 1484
1234 1304
1809 2624
232 511
1252 2441
354 882
860 1773
246 2517
329 1648
1868 2386
1703 2807
681 2036
1432 2084
93 2131
1338 1402
797 1838
1719 2033
810 2302
2137 2546
977 2479
885 2890
466 2003
2116 2199
1708 2670
1535 2333
660 2664
1698 1951
560 2168
906 1493
884 2228
250 2765
108 2681
331 1298
66 1781
773 1759
1932 2010
601 2061
1879 2120
710 921
54 881
1353 2046
1161 2370
638 1017
2424 2858
611 1301
1080 1105
1278 1764
173 1712
63 1172
276 1990
2050 2365
219 1046
2248 2731
2736 2814
1622 1694
89 1202
1427 2767
364 1141
1313 2745
34 2169
1417 1936
313 2487
1635 2387
208 2470
1076 1871
1988 2547
1041 2444
1829 1965
301 2405
775 2553
841 2126
385 1092
1284 1792
197 1242
140 2428
9 1865
152 2173
536 973
1355 2696
1804 1805
67 2709
277 898
1215 2838
1097 2437
495 2777
629 791
280 1806
373 2937
2118 2202
2591 2714
1620 2105
687 997
1101 2183
2400 2445
1568 2817
90 863
2 2211
320 2637
143 1405
1264 2038
1018 1259
680 2283
24 1978
1644 2295
1182 1483
2270 2348
772 2780
833 1478
38 1360
2047 2950
368 2812
1085 2718
1222 2198
222 1940
648 1145
1677 2449
120 1025
1574 2887
1177 2842
1028 2161
1251 2727
1109 2414
256 2584
716 2977
983 1637
1901 2994
1365 2605
1596 2394
625 994
2339 2438
951 2592
665 2235
824 2408
2219 2378
1300 2108
40 2820
2505 3000
1271 1672
771 2926
95 1560
2124 2225
1559 2075
569 2648
916 1709
1174 2233
1426 2448
401 1114
1282 1537
255 651
1029 2668
807 2970
2454 2746
408 2586
742 2840
2483 2809
41 2649
1034 2230
1699 2620
383 1860
130 2354
235 1998
491 1429
628 1929
2154 2382
17 463
406 2639
1023 2607
1295 1754
2121 2699
1335 1381
1022 1824
1976 2497
419 1531
777 2667
545 1112
1171 1394
1197 2206
395 2750
1462 2397
18 1488
151 669
814 2590
2221 2943
441 767
480 1927
685 2296
281 1309
1612 2835
1664 2616
1904 2863
851 2593
539 2098
1170 1443
429 1817
396 1640
1716 2928
1663 2773
538 1315
1665 2288
1047 1866
203 607
2845 2864
264 2280
1583 2520
291 2117
552 1371
633 2262
28 2682
389 2432
998 2396
1406 2190
820 2066
1009 1587
6 829
1436 1660
1943 2925
573 1556
1456 1494
2186 2422
914 2150
630 2965
578 1377
122 1283
736 2903
416 826
1373 2556
749 1911
819 1481
662 1497
106 233
210 699
261 1827
877 1687
759 1286
1515 1678
1331 2006
1796 2451
380 1146
1913 2627
355 2779
1435 2099
865 2737
1641 2204
1920 2113
23 2799
1832 2000
964 1138
706 1517
1579 1856
2337 2666
783 982
1489 2685
1000 2902
1656 2978
206 2929
505 2322
1893 2253
204 2739
1147 2054
1140 2015
721 2440
318 1040
68 2555
1065 1203
1676 2260
311 2577
641 2452
322 786
304 323
583 2856
1261 2691
1173 1675
1885 2784
91 1118
915 1910
707 1881
207 1149
119 133
103 1357
111 278
768 1073
1416 1523
2265 2897
1131 1799
673 1595
857 1187
81 2357
588 2539
529 2224
692 790
309 2486
1250 2286
975 2081
741 831
944 2853
1167 2516
19 2274
1137 1707
532 959
1412 1646
434 1964
1609 1931
2587 2924
240 521
399 2909
779 2147
1037 1625
2545 2698
616 1302
1006 2311
1565 2009
1958 2349
970 1198
1361 2889
1731 2571
69 796
580 1915
792 2997
435 1039
1791 2738
1207 1784
549 2601
547 2677
522 1043
1119 2839
79 1605
239 1743
799 1702
848 2726
497 1485
378 1793
1741 2485
1168 2852
2071 2360
2261 2749
647 2857
566 2374
1925 2836
502 1721
572 1636
958 2345
1157 1508
187 1830
414 2223
1454 1916
312 1717
73 123
1875 2583
1886 2821
2490 2707
30 957
2662 2818
714 2492
960 2633
418 1038
2431 2778
363 2908
568 2294
1808 2506
425 2510
974 2689
1011 1179
128 2632
531 1216
533 2946
530 2303
735 2672
188 733
2403 2800
259 613
121 1811
31 1014
452 1422
445 1297
357 1413
376 1463
358 2806
2259 2419
1735 2004
605 1142
1384 2420
46 217
965 2329
837 1240
901 1935
465 587
1385 2542
542 2002
138 1769
968 2110
1094 2335
1420 1453
939 1903
43 305
189 1591
852 1117
238 2615
1572 1586
457 2802
1657 2713
2041 2415
107 181
279 2279
1265 2984
447 551
1238 1803
1016 2550
722 1923
1068 1513
44 2618
763 2305
2484 2854
25 1064
1401 2067
1060 1774
154 2606
676 1110
171 2960
774 1044
1087 1275
132 1311
308 2785
334 2694
589 1492
1061 1896
931 2949
644 2776
1839 2572
498 2164
129 2181
883 2792
649 1393
267 1742
191 2915
652 2752
16 1342
1938 2815
556 798
1850 2702
1194 1314
803 1200
1376 2931
503 642
822 2610
1649 2388
809 2411
730 1889
29 2336
912 1228
2258 2617
287 910
879 1459
2027 2641
2421 2760
131 1831
1386 2544
2034 2091
115 2789
137 562
1615 2552
2165 2955
534 908
1254 2775
1303 1993
1239 2237
624 1969
144 349
571 2079
637 1270
99 548
1057 1600
164 1468
932 1160
847 2284
350 2381
77 2631
886 2886
694 2536
855 1321
146 781
70 1954
1339 2831
61 2363
1317 1797
653 734
1253 2944
5 778
2240 2860
1999 2239
686 996
2458 2673
272 1801
474 2509
1458 2945
118 1599
940 1033
1540 2340
991 1115
10 2182
1632 2423
1048 1469
1852 2575
658 1054
407 2375
1132 2142
978 2578
1705 2040
609 905
1012 1933
1237 2051
192 473
92 1438
969 1562
535 1370
439 2565
729 2138
284 2282
2622 2995
377 2482
1086 1859
667 972
359 2433
1783 2201
45 2502
1900 2722
636 2683
1437 2094
149 2070
2111 2941
518 2318
1918 1994
258 1195
806 2986
842 2643
459 1450
1457 2129
961 1059
306 1473
654 2299
1327 1790
2660 2868
993 1127
456 1188
180 201
1123 2634
1973 2804
1949 2861
330 1722
603 2146
889 2323
1642 2826
1349 2344
339 2710
190 744
2744 2988
718 2706
754 2808
674 1616
2361 2963
148 2589
175 2463
1190 2966
1982 2377
867 1229
677 2566
1610 2999
1419 2007
1818 2656
1091 1653
949 1340
12 2184
147 917
2331 2359
1986 2733
1629 1858
563 1389
947 1235
422 712
2055 2460
632 1116
574 1928
2355 2608
316 1898
471 1921
1139 2200
2074 2594
174 1176
165 1356
2264 2611
1129 1634
211 2226
2281 2371
209 990
2236 2628
87 2870
696 2160
326 757
2159 2301
946 2716
1905 2650
1472 2008
1258 2430
104 2635
732 2320
1726 2275
1367 2193
1512 1528
310 381
666 1736
507 2466
1180 1957
193 1144
500 2872
2761 2877
1534 2720
469 935
593 1608
525 570
388 1504
785 911
97 2380
257 1020
784 2343
1862 2557
1480 2604
1104 1158
902 2255
1071 2930
1120 2743
202 303
402 1151
1184 1186
1638 2525
166 1548
1908 2794
1715 1841
1279 1396
604 1895
868 2728
163 2567
558 1519
823 1036
1150 1516
1647 2093
86 1645
82 1266
1826 2473
1415 1441
1966 2218
1378 2871
1747 2674
221 2629
517 1230
1056 1099
1974 2981
606 2885
252 2244
483 828
875 2106
3 1768
2266 2600
2465 2846
1021 1751
888 2719
1455 1863
827 1248
224 460
922 1256
1246 1991
1183 2874
2459 2478
697 2342
1696 2083
2442 2690
880 1380
913 1822
1004 1451
864 2231
1724 1777
2326 2865
296 1072
2297 2987
1103 2369
2651 2661
527 861
251 2992
85 2880
1892 2529
1823 2658
179 937
484 2476
1324 2044
1442 1511
55 987
2833 2939
1553 1607
155 1748
2477 2895
1633 2390
265 1125
555 1718
227 2267
410 433
2112 2918
1247 2619
1425 2217
1143 1744
47 1024
2533 2947
186 1447
508 1089
670 2957
177 2158
405 704
1192 2395
1835 2501
1431 1594
230 1346
1956 2504
398 966
1800 1878
1081 1782
1272 1987
299 1975
672 1354
2073 2530
635 1552
212 286
183 1162
2246 2314
1981 2834
328 1894
643 1906
711 1403
1152 1554
812 2766
56 159
818 2059
360 1181
1755 2234
1815 2922
1231 1968
2156 2434
579 1224
20 2020
1391 1404
640 1621
1281 1946
523 1221
470 800
808 1204
1872 2881
1003 2203
37 918
319 1836
895 2935
338 766
366 1502
2351 2735
597 1780
664 2364
1628 2376
1293 2306
2249 2723
403 2588
858 1820
984 1816
804 1440
485 1989
1312 1767
1133 2290
134 1008
737 2469
226 682
612 2703
2905 2920
243 362
404 953
1934 2581
436 2598
21 2276
575 1630
1765 2214
367 1601
1939 2287
426 2819
489 1972
72 2178
1341 2597
1408 1604
602 2523
262 1026
450 668
725 2822
870 2194
504 788
1837 2095
945 2862
1382 1551
561 2082
835 924
315 2429
325 1576
1414 2257
263 1372
478 1409
553 1848
194 2324
413 1545
510 840
22 2334
843 1952
13 528
1078 1526
1031 2268
1962 2512
1336 2724
2140 2927
274 1880
26 2569
33 1674
1890 2901
1624 2373
596 1522
627 2678
758 2603
65 430
1813 2919
876 2515
102 2563
1577 1659
2167 2513
1196 1787
1255 1464
464 971
1095 1857
1507 2439
802 1869
139 1970
943 2518
1243 1876
1448 2016
927 2659
2495 2700
950 2413
1049 1867
109 342
1874 2654
854 2975
954 2653
859 1598
1217 2883
1232 2899
1686 2315
2551 2730
2527 2787
487 2786
1566 1733
223 2532
333 2175
2514 2825
371 2058
88 2115
1154 2404
236 930
904 1209
215 2304
375 981
451 2697
728 2188
929 1912
650 1185
1732 2910
1030 1326
1825 2729
307 2917
770 2535
1737 2207
2456 2717
634 1627
2289 2576
182 1466
2614 2781
1795 2827
1213 2996
393 2180
1650 2625
1407 2983
762 2162
925 1631
2090 2896
2043 2412
501 702
2455 2850
1714 2092
117 1844
764 1691
1491 2285
850 1614
1244 1770
509 683
618 1084
1543 1922
420 690
1683 2347
200 952
745 2472
765 846
1121 2579
1042 2435
559 1909
352 2519
1588 2087
214 2585
1107 2537
1606 1955
1847 2841
36 1760
1584 2238
1578 2832
512 1460
168 2968
1316 1520
293 1013
387 2368
448 923
584 1570
493 2242
963 2914
1461 2782
519 659
1052 2205
1602 2263
27 1917
688 1290
926 2888
1126 2913
1452 2031
1926 2216
176 2018
2269 2964
199 1098
1276 1810
1564 1984
1985 2014
1344 2475
1980 2313
1439 1580
1166 2325
577 1027
2684 2774
862 2062
254 2179
2185 2803
1561 2072
1100 1597
1388 1592
1063 1944
874 962
136 1670
1363 1684
1088 1479
185 2057
7 622
2056 2136
594 684
1538 2704
32 1963
492 2393
486 2170
2293 2493
244 2636
1971 2213
1685 1819
1833 2657
639 2942
780 2652
290 2379
761 2001
242 1930
2558 2768
1333 2312
52 1689
494 610
1058 2638
890 2645
928 2528
288 361
941 1680
543 1899
496 2461
1821 2107
700 1882
2358 2491
866 1771
48 2450
1842 2166
1079 1506
1374 1948
1205 2139
701 1294
1924 2500
1474 2300
1074 1692
324 1343
986 2747
1495 1541
1713 2029
1206 2341
1337 1778
1655 2582
1745 2884
2725 2755
1514 2048
421 2974
1128 1375
2548 2979
1289 2869
1310 1351
341 586
2426 2989
1212 2951
417 2796
2122 2763
1364 2410
1682 2427
96 1843
