3000 2423
1 537
1 714
2 2847
3 2465
4 841
4 178
5 1651
5 87
7 1185
7 1545
8 1688
8 2667
8 1832
8 2550
9 1402
9 1116
9 1475
9 305
10 2334
10 1342
11 26
11 1067
11 1009
13 462
14 406
14 361
14 1837
15 417
16 2903
16 1711
16 1387
17 1945
17 2461
20 395
20 1577
20 2289
20 2608
20 2957
20 1622
20 2812
20 920
20 130
20 42
20 544
20 393
20 274
20 636
20 446
20 2486
20 2593
20 2312
20 2877
20 2060
21 1988
21 587
21 2100
22 220
25 1906
25 521
25 414
26 595
26 2690
26 2216
26 2126
26 2704
26 703
27 1942
27 1324
28 983
28 1929
30 260
33 1394
35 2211
35 1562
35 720
36 1412
37 2906
37 1824
38 180
39 1449
39 1059
40 2227
40 2583
41 775
41 1995
43 1988
44 2340
44 1258
45 1869
45 2533
45 2062
45 1981
45 2773
45 1727
47 2682
47 2884
48 2876
48 859
48 1021
49 311
49 2709
50 307
51 2832
52 1666
52 598
52 2186
53 1118
53 60
54 922
56 2038
56 517
58 2390
58 2011
59 1325
60 1864
60 1424
60 532
61 1467
62 597
63 2520
65 2449
66 427
67 2767
67 1731
68 628
68 527
68 2867
68 2776
69 2949
69 2415
69 1483
69 2600
69 2546
69 2945
69 665
70 1569
71 1142
71 1170
71 2058
71 1165
71 2005
71 657
71 1541
72 2397
72 934
72 2219
72 1054
72 1013
73 2846
74 1388
74 2375
75 1884
76 1182
77 2745
77 2350
77 1474
77 115
77 2762
77 1881
77 330
77 2893
77 824
78 222
79 1374
79 197
80 2752
80 1202
80 2896
82 653
82 2510
83 88
83 148
84 2621
84 1430
85 1470
85 119
85 1047
85 2259
85 2907
85 1377
86 341
87 837
87 2042
87 291
88 2752
90 335
90 1829
91 1185
93 1159
93 571
93 2398
94 632
94 1883
94 1134
97 838
98 2271
98 1899
99 513
99 843
100 1524
101 2069
105 2324
105 2307
105 670
108 2854
108 2881
109 2676
110 1788
110 1628
110 234
110 2512
110 1549
111 691
111 2435
112 676
113 434
113 362
114 2775
118 2412
118 456
119 1488
119 1248
119 2681
120 648
120 824
121 1774
122 1381
122 1602
122 961
122 1834
122 1249
126 1388
126 1265
127 1722
127 1592
128 606
129 1482
129 558
131 1103
132 2502
132 2647
132 173
133 307
133 733
135 2349
138 1648
138 2193
139 746
139 420
139 837
140 1479
143 2833
144 2016
145 2237
145 1532
146 2582
146 2648
146 975
147 1456
149 2826
149 1469
150 2978
150 2625
152 2987
153 172
153 232
154 2376
155 2719
155 1359
157 2050
157 356
157 2902
159 2516
159 2478
160 2361
161 2933
162 1759
162 835
163 587
163 558
163 1892
166 1988
166 2072
166 1814
167 721
168 1815
169 1830
169 2397
169 1387
169 382
169 1278
169 379
170 840
170 891
171 2727
171 1387
171 2800
171 723
172 633
172 767
172 2646
175 2442
176 746
176 590
176 436
176 2423
177 1317
180 193
180 2236
181 2266
181 1882
182 1286
183 2925
183 264
185 529
185 434
185 372
185 1191
185 2194
186 806
187 1590
188 1640
188 2499
189 2326
190 1420
190 504
191 2079
193 2811
196 596
198 1625
199 2246
200 1761
200 2166
200 2486
200 2344
202 2977
204 1625
204 804
204 232
204 808
205 397
205 1053
207 2069
207 891
208 491
208 726
208 359
208 1916
209 1913
210 2383
213 1254
214 2903
214 2343
214 637
215 2035
215 1900
216 923
216 733
217 2727
218 1905
219 2912
221 1631
222 2902
224 2129
225 840
225 2491
226 387
226 721
226 2218
228 280
230 2812
230 281
232 2105
233 1952
233 800
234 2903
236 2845
236 2761
237 1668
238 1283
239 1830
239 2363
240 964
240 1285
241 1650
242 1103
242 922
242 2911
242 793
242 1149
245 2233
246 3000
246 1657
248 2376
248 1417
249 1638
250 890
250 1501
251 1452
254 2037
255 2363
256 1454
257 1262
258 2317
258 2294
259 273
259 2862
260 1990
261 1732
261 2274
262 2318
263 420
264 2243
265 918
266 771
266 816
267 2194
268 1599
268 669
268 536
268 1435
271 2289
271 2673
272 1768
272 981
272 1546
273 2324
274 2443
275 2229
275 2289
275 493
276 825
277 366
278 1568
280 1444
281 2223
282 2346
284 2720
284 439
286 2390
287 773
288 1212
288 2948
289 1012
289 2363
289 2015
290 2008
290 692
292 2712
292 2140
294 2841
294 1787
296 1009
296 1509
298 384
299 519
299 1078
299 2855
299 1424
301 2696
301 2031
301 549
301 565
301 907
301 1322
302 2179
302 2736
305 1642
307 1591
309 2123
310 1567
310 1342
311 449
311 785
312 941
312 923
313 1622
313 1900
315 2115
315 1223
316 1800
317 2688
318 2449
318 732
318 590
319 1871
319 2116
320 2299
320 1498
322 2163
322 858
323 1860
323 1680
324 2727
325 2083
326 1275
327 2251
327 1879
327 340
328 1675
328 867
329 869
330 2582
330 2742
330 2202
331 2236
331 2919
332 1002
332 1383
332 890
333 2775
333 416
333 1754
334 1864
334 1121
335 2653
335 533
336 2385
337 1734
338 395
341 1264
342 2104
342 1126
342 2881
342 575
342 850
342 2699
342 2934
343 2736
344 951
344 917
345 1924
347 1723
348 1988
348 1576
348 573
348 1614
348 2460
350 366
351 2727
351 2723
351 1558
352 364
354 496
354 2517
355 2834
355 1530
355 2698
356 1804
357 2069
357 2251
357 2351
358 1689
358 2150
359 1471
359 1135
360 1183
360 1459
360 2784
362 2332
364 2781
364 1971
364 2276
365 1830
365 548
367 1170
367 457
368 1578
368 1668
369 1168
370 2155
371 1241
372 1949
373 2397
373 2230
373 2373
373 1885
374 1080
376 635
376 2992
376 1618
376 724
377 2528
377 1954
377 1484
378 2067
379 937
379 1720
379 873
383 435
383 2359
383 1001
384 1114
385 2727
385 1310
385 1840
386 2482
387 2802
387 1708
389 784
389 688
391 1032
391 1070
393 1265
393 2135
394 1848
394 1179
395 2752
395 1755
395 2835
395 1848
395 2429
395 1534
395 1472
396 2844
397 1743
397 2382
397 1573
398 1809
399 725
399 1606
402 2030
402 2266
402 1995
403 2706
403 2356
404 2376
404 2221
405 1868
405 2223
407 1597
409 1311
410 2677
410 738
410 1175
411 2104
411 2724
411 2924
411 2487
413 1704
413 2784
416 2544
418 1326
418 2055
420 2773
420 1880
421 1171
423 2997
423 1215
424 1107
425 943
425 670
425 2804
426 678
426 834
428 2696
428 627
428 770
428 538
428 1655
428 736
429 1381
429 2723
431 2031
432 2958
433 866
433 1451
433 2186
435 1687
435 2701
436 1444
436 2936
437 445
437 2226
437 2722
438 445
438 2260
440 778
440 2910
442 1757
442 1547
443 2072
443 1525
443 675
444 2647
445 767
447 934
447 1731
449 1355
450 2055
451 795
452 544
452 2520
453 1990
453 2169
454 495
455 1388
455 1885
456 707
456 546
456 1303
459 1631
459 505
460 2563
460 971
461 1012
461 2871
461 2732
462 2838
463 2324
463 2742
463 1113
464 2567
464 1417
464 2508
465 2621
465 1187
466 992
469 602
469 2822
470 1316
470 2895
470 487
470 760
471 1966
472 1651
472 1494
473 1247
474 2138
474 1619
474 2998
474 1294
474 2121
474 1608
474 2466
476 2926
477 2956
479 2773
480 2954
481 1114
481 1911
485 2901
486 2687
486 2362
486 908
490 2867
491 2069
491 1114
491 2527
491 1554
492 839
495 629
495 1355
495 2352
496 2311
497 2804
498 567
499 2727
499 1388
499 618
499 1022
499 2588
499 561
499 1717
499 1603
499 544
499 1982
499 2206
499 680
499 2598
500 1953
501 1252
502 2716
502 2723
503 1622
503 798
503 2896
504 1745
505 1794
506 2296
506 1315
512 587
512 2951
513 1656
513 2631
513 1017
514 1493
514 1894
519 1626
519 2676
521 1588
523 663
524 2324
524 2477
524 2680
525 1012
525 1807
526 1688
528 559
528 877
528 1872
534 1812
535 2942
535 966
535 710
537 1832
538 557
538 2063
538 632
538 1322
539 543
539 1018
540 629
542 1845
542 2127
542 1795
543 2376
544 788
545 884
547 2643
547 2556
549 1658
550 2874
551 2557
552 1783
553 2884
554 959
556 2715
557 2472
557 2834
557 1900
559 2955
559 588
560 1823
560 1099
561 2591
562 1583
563 2679
568 982
568 865
568 1360
569 646
569 2603
569 2783
570 2376
570 2390
570 1670
573 1425
573 1606
575 2465
575 2901
575 2905
576 1144
576 655
576 799
577 1809
577 700
579 664
580 2649
581 2729
583 2016
583 2888
585 713
585 2988
586 595
587 2686
590 1150
591 2623
591 661
593 677
593 641
593 754
597 1800
597 992
597 2848
597 1422
598 2870
599 2802
599 925
600 2419
601 2727
602 2162
602 2747
605 1651
605 2825
606 908
607 1599
607 1923
607 1686
607 2293
608 1721
608 695
608 2221
610 2086
612 2184
612 2957
614 2504
615 2796
616 2666
616 1452
616 1908
617 977
618 2695
618 636
619 2397
620 2948
620 717
621 1169
621 2928
622 2979
622 2874
625 2533
625 2337
625 2134
626 1369
626 2874
627 2162
627 2973
628 980
628 1508
628 1539
628 1917
629 1867
629 1253
631 1022
633 1915
636 2452
636 1560
637 2376
638 1792
638 2699
639 1429
639 2434
640 2799
641 2229
641 1326
643 2736
644 2224
645 1365
646 1347
646 1250
647 1107
647 1015
647 2189
648 1413
648 1392
648 2539
649 1533
650 1399
651 1381
651 2817
651 2329
651 2684
651 1240
651 1416
653 1639
653 2009
654 1265
654 712
655 2621
657 2172
658 725
658 2182
659 2406
661 2068
661 2660
661 767
662 1286
663 2837
665 1592
665 1140
666 1781
667 2492
668 2123
669 1721
670 2465
671 1788
672 1361
677 1736
678 1960
678 2993
678 900
678 1239
681 800
682 2399
682 844
684 1017
687 1006
687 1161
687 2881
689 2090
690 1974
691 1681
691 2511
691 1727
692 2961
693 777
693 2022
695 1803
695 2255
697 744
698 1012
699 2870
700 1051
702 2975
703 2378
704 1701
706 2232
706 1173
707 2465
707 1521
707 873
707 1044
707 2383
707 1921
707 1779
707 1676
707 2519
707 1877
708 819
708 1200
708 1793
710 1439
711 2210
711 1086
712 2637
713 3000
713 2948
713 1116
714 1241
714 751
716 1922
716 731
717 1725
719 2182
719 1838
720 1473
720 2407
723 1358
725 2373
725 1410
726 1084
726 1107
727 1809
728 2231
728 2793
729 2817
731 1381
737 1221
739 1031
740 1774
740 2662
743 1773
744 2616
744 974
744 2017
744 834
746 2650
748 2947
748 882
749 1380
750 786
750 2461
751 1404
751 1990
754 813
754 2433
754 794
755 920
756 2160
757 937
757 2730
757 2955
757 1782
758 2141
758 2914
759 2202
761 1671
761 2614
761 2770
762 997
762 2754
764 814
766 937
766 2778
769 1519
770 2197
770 1618
770 2210
771 2835
772 1041
773 1610
774 1825
775 2364
776 1779
776 1368
778 1675
779 2261
782 2122
782 1965
782 1701
783 1041
784 2681
787 2465
787 1165
788 2997
789 2324
791 2376
791 804
791 858
791 2100
792 1704
797 1109
797 2338
801 1627
801 1309
801 1607
806 1800
811 1677
814 2081
814 1088
815 933
816 843
817 1131
817 1908
818 2231
818 1685
818 1044
818 1689
819 2727
821 1387
821 1131
822 2568
824 2500
825 897
828 2913
828 2825
830 2727
831 2979
832 1150
833 1976
837 2122
837 1480
838 1913
839 1886
839 1251
839 2330
840 1830
840 2466
841 1885
842 2195
842 2177
843 2969
843 2633
847 1960
847 2488
848 1291
849 2629
849 1297
851 1123
851 2630
851 2945
852 2376
852 1582
853 1786
857 2753
858 1226
861 2462
864 1441
864 2931
866 2048
866 2345
867 1187
868 2207
869 1405
870 1778
871 1254
872 1197
872 922
873 2398
875 2017
877 1180
877 2344
878 2517
878 1100
879 2003
881 1686
882 1259
882 1181
883 1549
883 925
884 1846
884 2506
886 2126
887 932
895 2330
896 2443
896 1728
897 2376
897 1180
897 1069
898 2962
898 2570
899 1679
900 1867
902 1413
902 2224
902 2570
903 1988
903 1930
905 1721
905 2450
905 1679
905 1326
908 1129
908 1046
909 2818
910 2561
911 1830
912 2465
912 1823
912 2328
912 2982
913 2706
915 2138
917 1016
918 2071
918 1802
919 1685
920 1897
920 1392
921 2515
922 2605
925 2322
925 1894
927 1613
928 2823
932 955
932 1943
933 2386
933 2893
934 1236
934 1615
936 1805
936 1170
937 2562
940 1830
940 1365
941 2632
942 2284
943 2745
943 2155
943 2701
943 2172
944 2634
945 1459
948 1722
948 1905
948 1587
949 1846
949 2763
949 2641
949 2525
950 1629
952 1648
952 2821
953 1685
954 2442
954 1320
955 2119
960 1517
962 1002
962 2066
962 1578
964 2343
964 980
964 1860
966 1589
967 1979
968 1470
968 1469
969 2243
969 1226
969 2125
971 1475
974 2716
976 2957
977 1800
977 1331
979 2141
979 1134
980 1988
980 1608
982 2391
984 1966
984 1679
984 2349
984 2034
985 1678
986 2456
987 1000
988 2813
990 1136
992 1575
993 1027
996 1462
996 1703
996 2452
998 1072
998 2191
1000 2356
1001 2935
1002 1032
1002 2445
1002 1638
1003 1898
1005 1258
1005 1233
1006 1123
1008 1038
1008 1729
1009 2392
1010 1058
1012 1241
1012 2385
1013 1107
1013 2416
1015 1781
1016 2216
1017 1492
1018 2368
1019 1559
1020 1513
1022 2277
1022 2602
1024 2390
1024 1963
1024 2087
1024 2565
1025 2997
1025 2958
1025 2003
1027 1610
1027 1401
1029 1759
1029 2801
1032 1387
1032 1525
1033 2129
1033 2772
1033 1223
1035 2373
1036 1435
1037 2883
1038 2302
1038 2777
1038 2594
1038 2042
1038 1853
1040 2122
1040 1058
1040 1955
1040 2413
1040 1551
1041 1453
1044 1721
1044 1659
1045 1500
1048 2376
1048 2088
1048 2542
1048 1615
1049 2184
1049 2958
1050 2096
1051 1421
1053 1349
1057 1427
1057 2721
1058 2983
1058 1127
1058 1102
1058 1240
1060 2989
1062 1610
1062 1345
1064 2070
1065 2956
1065 2309
1066 1617
1067 1663
1070 2979
1071 2737
1072 1884
1072 1536
1072 1510
1072 1471
1073 2801
1074 1934
1075 2324
1075 1283
1076 2176
1077 1789
1077 2921
1079 2386
1079 1501
1080 1310
1080 2724
1080 2283
1081 2432
1083 1617
1083 1911
1084 1688
1084 2362
1084 1562
1086 1152
1088 1211
1089 2039
1092 2534
1093 1344
1094 2361
1095 2673
1095 1222
1097 2692
1098 2582
1101 1831
1101 2913
1101 1159
1102 1922
1102 1542
1102 2253
1103 2753
1104 1286
1104 2758
1105 2132
1108 2929
1109 1705
1110 2062
1110 1939
1110 1456
1113 2470
1114 2324
1114 1852
1117 1827
1117 1904
1117 2148
1118 2069
1120 1988
1120 2481
1120 1300
1120 1312
1120 2021
1122 1479
1122 1934
1123 1220
1124 2205
1125 2769
1125 1257
1125 2470
1128 1822
1129 2417
1130 1560
1133 2215
1135 1635
1136 1722
1136 2001
1136 2994
1136 2570
1138 1721
1140 2692
1142 1988
1142 2159
1145 1212
1145 2711
1146 2003
1146 2913
1146 2325
1147 1785
1148 2106
1152 2308
1153 1949
1153 2960
1156 1876
1158 2727
1158 2552
1160 2693
1161 1243
1163 1610
1163 1411
1164 1302
1166 2874
1166 1292
1167 2432
1167 2758
1167 1959
1169 2033
1169 1291
1170 1254
1170 1511
1170 2549
1174 2901
1174 2724
1175 2312
1177 1412
1178 2490
1178 2959
1182 2155
1183 2237
1183 2731
1183 1942
1183 2325
1184 2094
1184 2632
1185 1830
1185 1869
1185 1576
1185 1628
1185 2609
1186 2643
1186 1219
1189 1665
1192 1208
1192 1425
1193 1567
1193 1627
1193 1405
1194 1385
1194 2509
1197 1534
1200 1804
1200 2690
1200 2576
1201 1272
1203 1897
1204 1301
1204 2684
1205 2581
1208 1404
1208 1917
1208 1751
1208 1587
1210 1491
1210 2098
1210 2585
1212 1312
1213 2752
1213 2388
1215 2801
1216 2966
1219 1895
1219 2827
1220 2718
1222 2068
1224 2259
1224 2292
1225 2971
1225 1843
1225 2600
1226 2122
1226 2265
1227 2055
1236 1631
1237 1663
1237 2070
1237 2600
1240 2236
1241 2943
1241 2509
1241 2676
1241 2831
1242 2854
1242 1784
1245 2960
1246 1682
1247 2147
1248 2664
1248 1643
1249 2243
1250 1321
1250 1432
1250 2038
1251 2789
1251 2829
1252 2980
1253 1627
1255 2296
1255 2301
1255 2312
1256 2325
1256 1276
1257 2582
1257 2171
1257 1494
1258 1876
1258 2876
1258 1965
1259 2076
1260 2122
1261 2624
1262 1960
1262 2014
1262 1559
1264 2485
1267 1627
1267 2141
1268 2456
1268 1298
1269 2179
1269 2718
1271 1610
1272 1467
1273 1895
1274 2376
1274 2672
1276 2155
1276 1522
1278 1790
1278 1289
1281 1884
1281 1733
1282 1893
1283 2207
1284 2956
1285 1452
1286 1394
1286 2872
1286 2335
1287 2719
1288 2136
1290 1351
1291 2115
1292 2455
1294 2256
1296 2365
1299 1508
1300 2313
1301 1497
1302 1792
1302 2927
1303 1730
1304 1602
1305 2511
1305 1735
1307 1536
1308 2928
1308 2058
1310 2971
1310 2486
1313 1933
1314 1665
1317 2455
1317 2509
1318 1965
1318 2468
1319 2689
1320 1909
1321 2707
1321 2319
1326 2111
1330 2132
1332 2444
1332 2490
1333 1710
1333 2645
1334 2219
1334 1503
1336 1883
1336 2134
1339 2480
1342 2038
1343 2514
1345 2147
1346 2514
1347 2338
1349 1757
1349 2578
1350 1859
1351 2869
1352 1483
1353 2227
1353 1483
1354 1788
1354 2644
1355 2978
1355 2455
1355 2048
1355 1608
1359 1768
1360 2076
1363 2854
1363 2705
1363 1464
1367 2196
1370 1549
1372 2533
1373 1899
1373 2373
1374 1722
1374 2621
1375 2232
1376 2458
1376 2418
1381 2376
1381 2079
1381 1491
1381 2640
1381 2497
1383 2745
1383 2706
1383 1648
1383 1415
1385 1563
1385 2789
1387 2730
1388 2356
1388 1515
1388 2561
1388 2778
1388 2042
1388 1742
1389 1479
1389 1459
1389 2844
1390 2462
1391 2727
1391 2466
1394 1931
1395 1835
1395 2914
1398 1749
1398 2048
1399 1740
1399 2780
1399 1435
1400 2776
1404 2746
1404 2196
1405 2720
1406 1974
1408 1675
1409 2519
1415 2046
1416 2692
1416 1831
1417 2280
1419 1585
1419 1874
1419 1783
1420 2248
1421 1484
1426 1769
1428 1869
1429 2138
1429 1616
1430 2577
1432 2184
1435 1959
1438 1497
1439 2322
1440 1676
1442 2376
1442 2160
1443 2114
1443 2683
1444 1470
1444 2933
1445 2227
1445 2340
1445 2093
1445 2345
1449 1988
1450 2294
1450 2578
1451 2798
1452 2901
1453 1897
1458 2237
1458 2583
1460 2816
1460 2842
1462 2296
1463 1830
1463 1602
1464 2818
1465 2296
1465 2531
1470 1884
1470 1930
1470 1715
1474 2297
1477 2155
1477 2512
1478 2417
1478 1758
1480 2129
1482 2078
1483 2727
1486 2915
1486 2193
1487 2595
1487 1948
1488 1833
1489 2969
1489 1938
1490 2122
1490 2524
1490 2282
1490 2853
1490 1825
1493 2321
1493 2801
1496 2759
1496 2156
1503 1842
1506 2232
1509 1802
1511 2614
1515 2439
1515 1695
1517 1677
1517 2777
1517 2913
1517 1860
1519 1825
1522 2438
1524 2820
1527 1800
1527 2665
1527 2916
1530 2580
1531 2782
1533 2007
1537 2364
1537 2657
1537 1942
1540 2258
1540 2279
1540 2097
1541 1864
1541 2711
1541 2851
1543 2612
1547 2509
1548 1885
1549 2797
1550 2057
1551 1702
1552 1572
1554 2802
1559 2956
1564 1673
1564 2140
1567 2978
1567 1922
1567 2669
1569 2847
1570 1795
1573 2828
1574 2770
1575 2817
1576 1882
1576 1977
1576 2220
1577 2588
1578 2136
1578 2305
1579 2440
1581 2018
1582 2964
1584 1797
1587 2600
1590 2773
1592 2341
1592 2572
1593 2350
1594 2502
1595 2210
1596 1598
1597 2845
1597 2562
1599 2730
1599 2298
1600 1841
1602 2362
1603 2450
1603 2149
1604 1942
1606 2090
1607 2388
1607 2651
1610 1653
1612 2376
1614 1795
1617 2356
1620 1912
1620 2027
1620 1763
1621 2056
1623 1864
1623 2005
1624 2974
1624 1948
1625 2248
1625 2012
1625 2034
1626 2160
1630 2242
1632 2956
1632 2563
1632 2636
1632 2589
1633 2655
1635 2760
1640 2449
1640 1887
1640 2793
1642 2933
1644 2271
1645 2341
1647 2479
1648 2109
1651 2460
1653 2879
1655 2265
1656 2391
1656 2677
1659 2124
1660 2397
1661 2907
1663 2812
1663 2985
1664 1875
1666 2582
1666 1887
1667 2263
1668 1804
1669 2243
1669 1904
1672 1724
1674 2817
1676 2232
1678 2477
1678 2115
1679 2350
1682 2281
1684 2837
1685 2731
1685 2729
1687 1688
1688 2104
1688 1848
1688 1980
1695 2315
1697 2138
1697 2140
1697 2869
1698 2009
1703 1743
1703 2808
1704 2422
1705 1919
1706 2035
1706 2333
1714 2314
1716 2775
1716 1858
1717 2514
1717 2271
1717 2843
1720 2491
1720 2331
1721 2366
1722 1869
1722 2292
1725 1799
1726 2368
1728 2956
1729 1759
1729 2307
1729 2379
1730 2350
1730 2996
1733 2449
1733 2044
1734 2667
1734 2539
1735 2728
1739 2368
1739 2603
1739 2164
1744 2671
1746 2724
1746 2602
1748 2846
1748 2660
1750 2859
1752 1906
1754 1848
1755 2763
1755 2270
1755 1996
1755 2098
1755 2652
1757 2066
1758 2678
1761 2682
1763 2807
1763 2333
1764 2342
1766 2412
1766 1816
1766 1968
1767 2931
1768 2009
1770 2862
1774 2016
1774 2064
1774 2722
1777 2698
1784 2362
1784 2115
1785 2727
1786 2497
1788 2397
1788 1870
1788 2747
1790 2227
1791 2727
1794 2514
1797 2492
1797 2784
1798 2957
1799 2850
1800 2887
1800 1891
1801 2918
1804 2062
1804 2066
1807 2950
1809 2695
1811 2908
1811 2541
1815 2477
1817 2727
1818 2741
1818 2065
1819 2058
1822 1987
1823 2406
1826 2662
1830 2843
1830 1832
1830 2785
1832 2817
1832 2822
1834 2644
1835 2135
1836 2917
1845 2243
1845 2507
1845 2741
1846 2275
1846 2673
1846 2634
1846 2538
1853 2727
1854 2310
1859 2457
1859 2617
1864 2582
1864 1887
1865 2898
1871 2432
1872 2176
1875 2534
1876 1879
1880 2277
1881 2810
1882 2449
1882 2932
1883 2466
1884 2326
1884 2030
1884 2201
1884 2444
1884 2471
1884 2519
1885 2977
1888 2814
1890 2775
1890 2766
1892 2092
1892 2245
1893 2221
1897 2438
1897 2068
1900 2802
1902 1971
1904 2037
1904 2880
1905 2115
1906 2752
1909 2989
1910 1962
1912 2745
1913 2431
1920 2866
1923 2838
1924 2752
1924 2844
1924 2653
1925 2572
1927 2533
1930 1946
1930 1938
1931 2037
1931 2381
1939 2348
1939 2111
1941 2177
1943 2771
1944 2140
1945 2248
1945 2664
1949 2883
1949 2076
1949 2851
1951 2680
1953 2958
1953 2377
1960 2397
1960 2752
1964 2376
1966 2658
1970 2651
1974 2511
1977 2962
1977 2163
1978 2488
1979 2931
1981 2025
1982 2155
1982 2399
1986 2608
1986 2109
1987 2627
1988 2937
1988 2665
1988 2030
1988 2604
1988 2787
1988 2121
1988 2467
1988 2782
1989 2296
1989 2448
1990 2354
1990 2329
1990 2116
1991 2220
1998 2609
1998 2596
1999 2293
2001 2160
2002 2747
2005 2821
2014 2898
2031 2763
2031 2791
2033 2900
2035 2396
2037 2456
2037 2156
2039 2940
2039 2152
2043 2808
2046 2984
2051 2501
2051 2607
2053 2297
2054 2191
2056 2261
2057 2668
2061 2229
2061 2547
2062 2815
2071 2998
2073 2364
2073 2902
2075 2395
2078 2211
2079 2131
2085 2343
2085 2136
2093 2631
2094 2929
2094 2465
2094 2696
2095 2350
2106 2524
2108 2330
2108 2460
2113 2395
2114 2581
2115 2391
2123 2621
2123 2773
2123 2410
2123 2464
2125 2201
2125 2756
2129 2694
2130 2442
2132 2376
2134 2861
2134 2676
2136 2292
2137 2397
2137 2712
2138 2817
2141 2368
2141 2355
2146 2685
2157 2412
2159 2903
2160 2281
2160 2436
2163 2539
2163 2498
2164 2854
2166 2853
2171 2598
2174 2667
2175 2739
2175 2473
2179 2801
2179 2473
2180 2376
2180 2598
2184 2240
2184 2433
2185 2806
2185 2703
2186 2996
2186 2237
2187 2871
2193 2299
2194 2575
2194 2699
2201 2296
2201 2324
2209 2974
2209 2373
2209 2705
2211 2231
2213 2724
2213 2756
2222 2792
2223 2239
2225 2667
2225 2833
2229 2857
2230 2557
2232 2532
2234 2975
2238 2837
2244 2930
2247 2457
2248 2590
2250 2903
2259 2404
2261 2690
2263 2526
2265 2745
2275 2839
2276 2882
2289 2892
2292 2402
2293 2683
2296 2324
2296 2687
2296 2463
2296 2928
2296 2905
2296 2640
2296 2548
2299 2944
2302 2386
2302 2858
2304 2612
2305 2760
2307 2898
2307 2512
2308 2687
2317 2974
2322 2740
2323 2372
2324 2687
2325 2449
2329 2334
2330 2386
2331 2376
2331 2613
2332 2739
2336 2561
2340 2727
2343 2727
2343 2767
2346 2770
2350 2642
2352 2855
2362 2471
2368 2492
2369 2646
2374 2582
2376 2397
2376 2929
2376 2581
2376 2994
2376 2548
2378 2453
2384 2629
2386 2727
2388 2964
2391 2905
2391 2586
2394 2641
2395 2963
2397 2898
2397 2779
2397 2992
2397 2507
2397 2669
2402 2941
2406 2729
2413 2417
2415 2875
2417 2588
2425 2586
2427 2759
2433 2955
2433 2509
2436 2867
2438 2824
2440 2613
2443 2986
2447 2721
2448 2658
2450 2718
2450 2998
2451 2601
2452 2993
2459 2565
2465 2648
2470 2991
2472 2763
2481 2573
2482 2816
2491 2683
2508 2930
2512 2725
2513 2608
2513 2564
2514 2854
2514 2629
2515 2690
2518 2613
2521 2752
2521 2863
2522 2717
2527 2989
2532 2658
2532 2821
2533 2911
2533 2804
2533 2831
2536 2877
2537 2727
2542 2727
2545 2603
2550 2817
2555 2730
2560 2567
2580 2864
2587 2658
2592 2736
2600 2876
2606 2978
2611 2747
2611 2981
2616 2858
2619 2915
2630 2749
2631 2960
2645 2902
2653 2882
2665 2839
2666 2942
2673 2727
2689 2869
2690 2762
2706 2730
2708 2721
2710 2929
2727 2779
2727 2998
2727 2976
2727 2999
2729 2878
2741 2788
2785 2994
2798 2830
2807 2983
2808 2892
2824 2875
2826 2839
2832 2889
2888 2943
2890 2930
2898 2974
2906 2947
2958 2980
2963 2984
