3000 2111
2 13
2 2467
3 2358
4 1684
5 2534
7 1742
8 1859
8 770
10 2031
11 2083
12 1582
12 1835
12 1730
12 316
13 1216
13 329
14 227
15 880
18 453
18 1055
19 1050
20 1455
21 2615
21 2605
23 2662
24 1009
27 1884
28 526
28 188
28 1449
32 2872
32 1590
33 1903
33 2394
34 1576
34 1853
34 652
35 2269
36 618
36 2812
38 2689
38 1045
38 1039
40 185
41 2826
41 1051
43 2609
43 2662
43 989
44 2269
46 144
47 1917
47 1783
47 406
48 797
48 231
48 2351
48 793
50 712
50 2864
50 1772
51 68
52 779
52 370
52 624
53 2216
53 1460
53 1492
56 1880
56 2993
58 690
59 496
59 1765
60 171
60 2943
60 1782
61 2849
61 965
61 2365
61 1300
62 1414
62 2568
65 2729
66 1844
67 2693
71 1595
72 1443
73 2139
73 1337
74 2486
74 1820
75 1907
75 449
76 1561
77 1254
77 562
77 536
80 1972
81 1340
82 108
85 2713
85 723
86 821
87 2542
87 2665
87 429
87 2391
87 2237
87 2349
88 1901
89 669
89 2246
90 2547
90 1526
92 2696
92 1317
92 2383
92 2026
92 1630
93 100
93 2644
93 1947
95 1188
96 1457
96 1464
98 2614
98 374
99 2332
100 1267
100 783
100 2161
100 1495
101 2571
102 1924
103 776
106 1478
107 1273
107 1397
107 703
108 603
108 557
108 355
110 1048
111 2954
112 401
113 2476
113 1627
114 2829
114 704
114 2937
114 570
115 2810
115 650
115 2467
116 1397
117 709
118 1614
119 2427
124 1211
125 2915
125 964
125 1071
126 1912
126 2499
128 1626
128 2132
129 2546
130 2961
130 2590
130 2085
131 1320
132 2566
133 2210
134 439
136 2513
136 1115
136 2336
136 1378
137 2503
138 1423
139 1326
139 2373
139 1665
140 673
140 2993
141 1571
142 2077
143 2100
144 1738
144 2922
144 2122
144 1954
144 1141
144 2582
144 2717
144 1330
145 1420
145 1619
146 681
146 970
147 1861
148 1537
148 654
148 314
148 290
149 229
151 2208
153 786
154 738
154 2253
154 997
154 1253
157 1778
160 2081
161 706
161 1995
161 1819
162 1093
162 1755
162 1245
164 2362
164 1278
166 900
166 430
167 1364
168 1296
169 2171
169 1089
169 1162
169 1092
171 2571
171 1697
172 2827
173 876
173 1292
174 217
174 1302
177 2784
178 2752
178 2792
178 1778
180 1011
180 1202
181 2275
182 1210
182 1032
182 481
183 2902
183 1898
183 2980
183 187
185 1918
186 1196
187 1308
187 1514
187 266
188 2610
188 1931
189 2894
190 1332
190 1136
191 2757
192 454
192 2918
192 1741
194 2889
194 2369
195 2337
196 2889
196 424
197 2153
199 2548
201 1705
201 2737
202 547
203 2057
204 2609
204 1763
204 1373
204 2587
204 1837
204 780
204 1834
205 2479
205 439
208 1671
209 1842
210 1050
210 2297
212 2130
214 1216
215 372
216 1243
216 974
217 2431
217 1845
217 620
218 1320
218 2039
222 904
223 2182
223 1346
224 710
225 527
226 1466
226 1351
227 2989
228 2536
229 1695
229 2115
229 2333
230 2027
231 1558
233 2379
233 1542
234 316
235 1105
235 1235
236 2913
237 2936
238 1685
238 810
239 1138
240 1605
241 2652
241 2564
243 1448
243 2699
244 465
246 1370
247 1677
248 2183
249 1085
249 2027
250 661
251 1683
252 1433
253 2187
254 2254
254 2079
255 1659
255 1039
256 2609
256 2778
256 316
257 607
258 647
258 917
259 2655
259 2335
260 942
261 2366
261 460
261 1269
263 485
263 1650
264 1388
265 831
266 2674
268 474
268 2657
268 2234
268 969
268 2791
269 479
270 898
270 397
270 1944
271 1416
271 2098
274 2468
274 1916
276 2631
280 2937
281 593
282 2915
282 1259
282 447
283 1087
284 534
284 2029
285 572
286 2187
287 2905
287 1186
287 2624
288 1148
289 1121
292 2542
292 1493
292 1491
292 1600
293 1438
293 2768
294 1578
295 428
295 1540
298 824
298 770
299 646
301 419
303 1529
304 1689
304 666
304 2061
305 615
306 485
309 1475
312 1434
312 2052
313 1254
313 2935
315 383
316 1158
319 2879
320 2943
322 500
322 1544
323 2464
325 2550
325 1450
325 1506
326 1108
327 750
327 2579
327 2293
328 1919
329 2871
332 1670
333 507
333 465
335 2570
337 1716
337 2799
337 1453
338 1743
339 390
339 773
339 780
340 1523
341 1777
342 694
342 864
342 838
343 1725
344 1516
345 2495
345 1646
346 2697
347 1715
347 2651
349 1911
349 681
350 746
350 521
351 1111
353 2850
353 2933
353 1460
353 2557
355 717
356 1504
356 1856
356 1279
356 1969
357 2557
358 2289
359 980
359 1549
360 412
360 1403
361 2438
361 2692
362 2037
363 390
363 2780
364 624
365 1718
367 2657
368 453
369 1752
373 2306
374 1096
374 2008
375 1635
376 2268
377 2830
377 1028
378 2198
379 450
380 1848
380 1918
381 2635
382 927
382 2003
382 2098
383 825
384 2360
385 2609
385 1252
385 1572
387 2381
387 2866
388 455
388 2404
389 973
389 773
389 1432
391 1332
392 2332
393 1681
393 2041
394 2231
395 2345
396 2542
399 1395
401 1802
402 937
403 1851
404 2291
404 2759
406 1090
406 1635
407 2609
410 2233
410 1331
412 934
412 2192
413 671
414 1539
416 505
418 2309
419 547
419 1894
421 1802
421 2276
422 2849
422 2460
424 2056
424 1960
424 1039
425 2969
428 1048
428 1923
428 2986
428 1295
428 1944
428 1834
429 1625
431 2826
432 1222
433 2020
434 823
434 2498
434 1553
435 1226
435 1373
436 855
438 756
438 2634
439 895
440 1564
441 2462
442 915
443 1839
444 867
445 1427
446 1010
446 1326
446 1595
446 871
447 532
447 2155
447 1254
447 1310
447 1736
448 2354
449 2359
450 2454
451 2898
452 2990
452 2188
453 1504
453 2817
453 1827
453 1573
453 1003
455 2431
456 1414
456 1063
458 965
458 1537
459 2027
462 864
462 2361
462 2505
463 2243
464 1572
464 1058
464 470
466 975
468 1122
468 618
469 2747
469 1666
472 1282
473 2268
474 1978
474 2795
474 502
474 1057
474 1189
475 1685
476 1863
477 1457
477 562
477 1443
480 2990
480 1684
482 2609
482 1799
485 2993
486 1360
487 2479
487 1546
487 2587
488 2571
488 1318
489 1978
489 2846
490 1107
490 1394
491 2289
491 2070
493 1112
495 1768
496 754
497 1414
497 2968
497 541
498 867
499 1999
500 2643
502 1252
502 2118
502 2018
503 525
503 2954
506 2335
506 2867
508 1958
509 1253
510 1079
511 1802
511 2029
513 747
513 1843
513 2062
514 1861
514 1809
515 1839
515 1520
516 1854
516 1424
517 898
518 1010
518 2297
518 2962
518 2380
519 2122
519 2176
520 1679
522 1827
523 1867
524 584
527 2630
528 1273
528 2932
529 1060
531 1716
532 1362
532 2397
534 2452
536 929
536 609
537 927
538 2443
539 1328
539 1997
540 1907
540 2208
541 2793
542 2551
542 1473
544 648
547 1739
548 2439
548 1398
548 1253
548 2120
549 2635
550 1586
550 2293
550 2470
550 2504
551 2083
551 1723
553 1650
553 2495
554 1316
556 794
557 1393
560 1427
560 1460
562 1054
563 1543
566 1276
569 668
569 2452
570 1059
571 999
572 858
572 1586
574 2395
575 1697
575 769
575 874
577 2438
577 2517
577 1491
577 2900
578 2313
579 2187
579 2629
580 1797
580 2900
581 2230
581 973
581 895
581 1164
582 2285
583 2993
583 1612
584 2566
585 2390
586 647
587 719
590 2822
590 1893
590 1012
590 1384
590 2881
591 2261
592 2660
592 1925
592 1655
592 2243
592 2508
592 1491
592 2034
593 2008
593 2374
593 1315
593 753
594 763
594 2311
595 1463
595 2819
596 2056
596 1358
596 1746
598 1016
599 2109
600 984
600 2435
600 2632
601 1509
603 2431
603 2816
605 2524
607 2997
607 1263
608 1426
608 2873
610 2215
610 1130
612 2438
612 2393
614 2503
615 2468
619 1817
620 1032
621 1326
621 989
621 1459
621 1801
621 669
624 2387
624 1227
626 1672
629 2777
629 1990
632 2238
635 1273
636 2896
637 1127
637 2852
637 1028
638 2360
643 1772
644 2990
646 1087
646 2729
646 1719
646 2531
648 1832
651 1693
651 2450
652 866
653 2227
653 2965
653 2121
655 1477
655 2465
655 2868
656 2510
657 1460
659 2509
660 1557
660 2377
661 831
661 1908
662 734
664 2966
666 1764
668 2843
668 2832
669 1704
671 1556
671 818
673 2400
673 2835
675 706
675 998
675 2009
678 1978
679 1281
684 2850
684 756
687 2722
689 2705
690 1125
690 1879
694 2163
694 901
694 1016
694 1525
696 991
697 2373
698 1626
698 1312
698 2978
699 2705
699 2113
699 2816
701 1122
701 767
701 2193
703 2849
703 2924
704 2631
706 2836
706 2538
707 2515
709 1599
709 2462
709 2100
711 988
713 2571
713 1087
713 1880
713 1760
713 848
714 1582
715 1898
715 785
715 2217
718 2044
719 1616
720 1006
722 1733
724 2604
725 2614
725 989
725 2142
727 1141
727 1743
727 2148
728 819
729 816
730 1102
730 2618
730 2664
731 1719
731 835
732 1931
733 1023
733 1885
735 1897
738 2308
739 1045
740 1828
741 2469
741 1149
743 2615
743 1691
744 2546
744 1334
745 747
745 2584
746 1066
747 2980
747 1379
747 1363
749 1718
750 991
750 2732
751 820
751 1058
751 1553
752 2515
752 2258
753 1593
754 2976
755 2757
755 2717
755 1092
755 2145
756 2655
756 2743
756 2429
757 2660
757 981
760 992
760 2584
761 1678
762 2772
763 2696
764 867
764 1470
764 2898
765 1370
768 1069
770 1848
770 1066
770 2974
771 995
771 1801
772 1173
774 2922
775 896
776 2094
776 1661
777 2744
778 2609
778 1312
779 1676
779 808
780 2215
780 821
783 1452
783 2780
784 1277
786 2902
786 2434
788 2209
788 1495
790 1740
795 2006
795 2896
796 909
797 2453
797 1184
797 1465
800 2454
801 2272
801 1288
802 2064
805 2094
805 1671
805 1514
805 1894
807 2792
809 1292
809 994
809 2690
810 1731
812 1313
812 2746
812 2803
812 2300
813 1480
814 1776
816 1273
816 1255
818 2974
818 2284
819 1528
821 2239
821 1799
823 2976
823 2801
824 1646
827 2857
828 1806
829 1193
830 1526
831 1239
832 2839
833 1966
833 1085
833 1524
833 1638
834 1455
834 2306
836 2191
839 1594
839 2064
839 1081
840 1243
842 846
844 1639
846 2125
847 2633
849 991
850 1262
853 2872
854 2860
855 2431
855 2709
855 1357
856 1618
858 1918
859 2521
860 1542
861 2362
863 1031
864 1856
866 1053
866 2243
866 2274
866 2444
867 1445
868 2657
868 1527
869 1205
869 2670
871 2281
871 2801
873 2092
873 2488
875 2242
878 2692
878 2293
879 1452
879 2999
880 1688
883 1861
889 2512
890 1165
891 2889
892 1609
893 2494
895 2289
896 2453
896 1254
897 2748
897 1184
897 1250
897 1543
897 2670
898 932
903 1795
904 2515
904 1655
904 2876
904 1818
905 2536
908 1045
910 1362
912 1390
912 2098
914 1935
915 2866
915 2349
919 2015
920 1796
922 1954
925 1954
927 2824
927 1201
927 2715
928 2124
929 2134
930 1507
931 2604
932 1800
933 1120
933 2358
934 1087
936 2517
937 1108
940 1816
941 2822
941 1545
942 1120
944 2521
946 1510
946 1741
947 2669
948 2698
951 1896
953 1434
953 2742
954 2057
955 1238
957 2973
959 2513
959 1660
961 1625
961 2463
964 2894
965 2849
965 1807
965 2067
966 2121
968 2589
969 975
970 1213
971 1453
971 2157
972 2893
974 2057
977 1122
979 1668
980 2015
981 1270
982 1389
982 2741
982 1875
983 2952
984 2552
985 2346
985 1016
986 2985
986 2548
986 1922
987 2809
987 1095
987 1131
990 2166
990 2450
991 1035
991 1339
994 2007
994 1408
994 1197
995 1611
996 1045
996 2585
997 1466
997 1481
998 2398
998 1911
999 1181
1000 1139
1000 2435
1001 1427
1002 2025
1005 2815
1006 2177
1007 2137
1010 2288
1013 1268
1014 2086
1017 1802
1017 2600
1019 1762
1020 2571
1020 2630
1021 2512
1021 2476
1022 2677
1024 2612
1027 2915
1027 1803
1029 2608
1032 1543
1032 1312
1033 1596
1034 2365
1034 2626
1035 1417
1036 1682
1037 2150
1039 2795
1043 1884
1044 1828
1044 2424
1045 1765
1045 1441
1046 2230
1046 1662
1046 1156
1046 1847
1048 2514
1048 1419
1050 1345
1050 2053
1050 2151
1051 1536
1063 2189
1064 1591
1065 1390
1065 1434
1065 1615
1066 2696
1066 2136
1066 1535
1066 2491
1067 2705
1067 2371
1069 1428
1069 2647
1070 2091
1070 2352
1072 1715
1075 1206
1076 1139
1076 2129
1079 1594
1084 2711
1085 1582
1086 2789
1086 1468
1090 2413
1092 1516
1093 2089
1097 2438
1099 1115
1106 2600
1106 2269
1107 1462
1108 2484
1109 2277
1109 2758
1109 2936
1110 1493
1110 2153
1114 2929
1114 2775
1114 2226
1115 1911
1116 2705
1116 1675
1119 2961
1119 1305
1120 2808
1122 1956
1122 2023
1122 1333
1122 1719
1122 1171
1122 1301
1127 1690
1129 2569
1130 2061
1131 1212
1132 2479
1132 1477
1132 1429
1133 2205
1133 2162
1134 2467
1135 1970
1137 1888
1138 2796
1141 2965
1141 2771
1141 2481
1142 1299
1143 2606
1144 2479
1146 1703
1147 1342
1147 2588
1150 1728
1151 1271
1153 1510
1157 1889
1158 2897
1159 1250
1159 1922
1162 2514
1162 1959
1167 1669
1168 1438
1168 2262
1169 1344
1173 2330
1173 2038
1180 2663
1181 2230
1181 1720
1184 2874
1185 2292
1186 2645
1186 1591
1187 1853
1187 1622
1189 2269
1189 1840
1190 1289
1191 2209
1192 2768
1193 2068
1194 2696
1194 1682
1194 2451
1197 1701
1199 1383
1199 2619
1205 2857
1205 1886
1209 1303
1210 1911
1210 1996
1211 2303
1212 1389
1212 2795
1214 2698
1214 2619
1214 2641
1215 1575
1216 2061
1217 2595
1218 2301
1218 2134
1220 1355
1221 1814
1224 2929
1226 1934
1227 1414
1228 1364
1228 2489
1231 2889
1231 2934
1231 1547
1232 2187
1232 2219
1232 1579
1232 2855
1235 1569
1236 1383
1236 1887
1238 1652
1239 2137
1239 1300
1239 2406
1241 1507
1241 2546
1243 2893
1245 1499
1249 1386
1250 2496
1252 1919
1255 2236
1255 2448
1256 1935
1257 2817
1257 2161
1259 2188
1261 2829
1264 2666
1265 1903
1265 1742
1265 2011
1266 2743
1268 2058
1270 1773
1273 2850
1273 2768
1273 1826
1275 2074
1275 1621
1277 1797
1278 2593
1279 2730
1280 2880
1282 1982
1284 2078
1285 2086
1285 2825
1287 2348
1288 2572
1288 1662
1291 2070
1292 2019
1292 2003
1293 2923
1295 2383
1301 2835
1302 1656
1303 2747
1304 1749
1304 2316
1306 2375
1307 2000
1309 2138
1311 2790
1312 2661
1313 2934
1314 1804
1314 2477
1314 2133
1317 1637
1318 2023
1319 2999
1319 2383
1320 2216
1320 2166
1322 1958
1323 1888
1323 2210
1323 2364
1324 2127
1326 2714
1327 2633
1330 2527
1330 2793
1331 1556
1332 1911
1333 1542
1333 2509
1334 2966
1335 2849
1335 2751
1336 2447
1336 1945
1337 2295
1338 2322
1343 2320
1343 2552
1343 2059
1344 1542
1345 2122
1345 2884
1345 2051
1348 1391
1350 1939
1350 2690
1352 2634
1353 1426
1355 1582
1357 1688
1358 1801
1359 1609
1362 2438
1362 1405
1364 1434
1364 2137
1364 1902
1364 1825
1368 2800
1370 1411
1372 2135
1373 1376
1374 1880
1374 2120
1374 1663
1377 2696
1380 1982
1381 2194
1382 2023
1382 2976
1383 2828
1383 2282
1387 1999
1389 1733
1389 2327
1390 1727
1392 2221
1392 1425
1394 1841
1395 2548
1395 2591
1396 1689
1398 2535
1398 2828
1398 2209
1398 2764
1398 2029
1399 1606
1400 1757
1400 1831
1401 2085
1402 2610
1403 2416
1403 1474
1404 2481
1410 1436
1410 1866
1411 1416
1412 2309
1413 2520
1413 2602
1414 1739
1414 2551
1416 2286
1419 1639
1420 1622
1421 1842
1425 2133
1426 1737
1426 2885
1426 1942
1428 1749
1428 2777
1429 2955
1437 1953
1438 2633
1438 1546
1438 2830
1438 1771
1439 2864
1439 2065
1443 2887
1446 2709
1448 2915
1448 1658
1448 2356
1453 2660
1454 2411
1457 2038
1459 2220
1459 1573
1462 1595
1463 1681
1464 2837
1468 2705
1469 1980
1469 2772
1469 2699
1470 1549
1470 1694
1473 2290
1475 2236
1478 2337
1478 1819
1479 2194
1482 2887
1483 1757
1484 2125
1485 2502
1485 2814
1487 2995
1489 2759
1489 2052
1489 1692
1490 2578
1492 2898
1493 1837
1494 2020
1496 2315
1499 2774
1502 2454
1502 2450
1503 1579
1504 2902
1505 2599
1508 2826
1509 2691
1510 1693
1510 2014
1510 1528
1510 1643
1510 2998
1515 2572
1516 2778
1517 1805
1518 1563
1518 2986
1520 2981
1522 2362
1522 1686
1523 2705
1526 2866
1526 2363
1527 2643
1527 2343
1531 1817
1532 2289
1533 2909
1533 1685
1533 2016
1536 2915
1537 1743
1540 2258
1542 1870
1543 2660
1548 2740
1548 1908
1548 1614
1551 2857
1553 2309
1556 2705
1561 2433
1566 2524
1573 2364
1575 2671
1577 1582
1578 2968
1581 1921
1582 2940
1583 2747
1585 2021
1585 2562
1587 2887
1595 2396
1596 2298
1598 2825
1599 2684
1599 1803
1601 1725
1601 1937
1602 1930
1603 1978
1603 1636
1605 1854
1607 2669
1607 2624
1608 2693
1609 2687
1610 2824
1615 2359
1616 2153
1620 2980
1621 1843
1623 2634
1624 2643
1626 2889
1626 2660
1628 2549
1629 1708
1631 1815
1631 2527
1631 1846
1633 1724
1633 2581
1634 1806
1638 2547
1639 2212
1641 2569
1642 2529
1644 2197
1646 2579
1651 1769
1654 1690
1656 2205
1658 2566
1658 1776
1658 1791
1660 2996
1661 1815
1662 2696
1665 1899
1665 2776
1666 1740
1667 2655
1668 1776
1669 2349
1670 1893
1670 1908
1674 2763
1674 2861
1674 2043
1677 2453
1679 2672
1680 1776
1681 2762
1681 1824
1681 1720
1681 2363
1685 1985
1685 2639
1686 1881
1689 2753
1689 2025
1691 2669
1693 2693
1694 2709
1694 1800
1695 2243
1696 1892
1697 2192
1697 1915
1699 2713
1699 1787
1701 2307
1703 2862
1705 2772
1706 2597
1709 2192
1711 2519
1713 2223
1714 2585
1715 2387
1716 2292
1716 2475
1718 1903
1721 2926
1722 2245
1723 2046
1724 2107
1724 2410
1725 1728
1726 2707
1728 2861
1731 2991
1733 2631
1733 2483
1733 2728
1733 2737
1739 1935
1739 2247
1740 2834
1741 2893
1741 2176
1743 2051
1744 2039
1747 1967
1749 1976
1749 2686
1750 2620
1753 2040
1755 2554
1756 2639
1757 1857
1759 1919
1760 2280
1761 2692
1763 2755
1766 2281
1767 2058
1772 2339
1775 2243
1777 2658
1777 1971
1779 2233
1783 2692
1784 2772
1784 2771
1784 2814
1785 2215
1788 2177
1790 2049
1791 2344
1792 2510
1794 1904
1795 2929
1795 2075
1799 2645
1799 2520
1802 2091
1804 2332
1805 2422
1809 2738
1811 2445
1812 2660
1812 2187
1812 2329
1814 2512
1814 2901
1815 1827
1815 2135
1816 2344
1816 1901
1819 2221
1821 2363
1827 2743
1827 2624
1829 2839
1830 2041
1831 2571
1832 2703
1833 2341
1834 1931
1836 2849
1838 2170
1841 2404
1842 2366
1844 2660
1849 2959
1852 2962
1852 2313
1852 2326
1854 2070
1854 1873
1864 2074
1866 2041
1866 1906
1870 2587
1872 2398
1873 2581
1874 2448
1875 2556
1876 2961
1878 2645
1879 2479
1879 2946
1882 1978
1882 2830
1883 2643
1883 2911
1885 2863
1887 2417
1887 1913
1888 2498
1888 2669
1899 2163
1901 2171
1903 2815
1906 2873
1911 1991
1912 1944
1916 2554
1918 2095
1921 2092
1923 2495
1924 2808
1924 2013
1924 2644
1926 2566
1926 2387
1927 2152
1930 2623
1933 2705
1934 2260
1934 2411
1939 2138
1941 2593
1941 2121
1941 2110
1945 2255
1947 2393
1947 2065
1947 1968
1951 2325
1951 2960
1955 2010
1956 2643
1957 2847
1958 2110
1959 2421
1959 2926
1963 2153
1965 2790
1965 2255
1966 2048
1967 2230
1967 2405
1972 2138
1979 2655
1979 2333
1980 2129
1981 2658
1985 2376
1985 2767
1986 2235
1989 2102
1989 2649
1990 2437
1995 2849
1997 2485
1998 2226
2000 2130
2004 2660
2005 2965
2005 2093
2008 2527
2008 2486
2010 2512
2016 2933
2017 2527
2017 2459
2020 2290
2020 2182
2022 2044
2026 2439
2026 2030
2026 2648
2027 2831
2027 2367
2028 2817
2031 2752
2032 2468
2035 2454
2036 2551
2036 2607
2036 2826
2039 2893
2046 2750
2048 2714
2057 2449
2060 2356
2062 2927
2067 2935
2069 2889
2069 2861
2071 2238
2075 2219
2076 2604
2076 2383
2078 2706
2082 2551
2082 2536
2083 2230
2084 2889
2088 2727
2088 2703
2096 2664
2097 2681
2101 2553
2103 2514
2105 2563
2114 2810
2114 2429
2115 2959
2119 2654
2120 2933
2125 2340
2127 2401
2130 2705
2133 2364
2137 2580
2141 2976
2142 2600
2151 2203
2151 2526
2155 2977
2158 2346
2160 2860
2165 2489
2166 2721
2170 2496
2171 2576
2173 2626
2174 2826
2187 2335
2191 2386
2191 2687
2193 2277
2194 2897
2198 2546
2203 2655
2205 2934
2210 2623
2216 2730
2222 2280
2233 2768
2236 2899
2236 2271
2237 2766
2244 2469
2247 2637
2252 2676
2259 2604
2260 2841
2260 2317
2265 2731
2268 2517
2274 2886
2280 2757
2281 2590
2282 2915
2285 2399
2287 2727
2287 2761
2289 2876
2291 2943
2293 2908
2296 2449
2297 2851
2302 2696
2309 2859
2319 2499
2322 2665
2322 2742
2323 2927
2324 2659
2325 2653
2327 2573
2327 2724
2334 2378
2341 2667
2346 2886
2346 2644
2347 2700
2350 2796
2353 2512
2362 2753
2365 2585
2366 2870
2367 2861
2368 2571
2369 2747
2375 2697
2376 2398
2379 2875
2381 2560
2382 2394
2383 2651
2386 2781
2388 2802
2393 2915
2395 2985
2398 2472
2402 2698
2404 2581
2408 2690
2411 2731
2424 2944
2425 2709
2426 2889
2429 2810
2429 2736
2431 2453
2431 2792
2434 2609
2435 2953
2437 2869
2442 2655
2448 2944
2449 2737
2459 2790
2461 2906
2462 2856
2463 2757
2466 2579
2470 2706
2470 2616
2484 2976
2497 2708
2501 2642
2502 2596
2506 2603
2509 2739
2520 2601
2522 2750
2529 2783
2531 2633
2535 2681
2557 2775
2565 2898
2567 2771
2571 2774
2579 2852
2585 2655
2595 2670
2597 2849
2604 2802
2604 2762
2611 2637
2617 2662
2620 2829
2623 2803
2623 2804
2630 2810
2630 2707
2631 2941
2631 2803
2652 2874
2660 2895
2661 2911
2671 2846
2679 2889
2680 2984
2694 2762
2696 2739
2705 2744
2705 2866
2709 2727
2714 2972
2728 2797
2731 2867
2733 2886
2734 2812
2757 2912
2766 2961
2768 2923
2792 2827
2802 2952
2805 2953
2823 2870
2836 2934
2836 2879
2850 2993
2871 2918
2882 2889
2883 2929
2969 2992
