3000 4039
2 1910
2 2515
2 1005
3 2499
3 1363
3 2193
3 1905
3 872
4 84
6 1910
6 1883
6 1347
6 1627
6 14
6 2883
6 851
6 1097
6 2962
6 1459
7 1818
9 1353
11 2229
11 1169
12 90
14 1910
14 2403
14 2515
14 2839
14 169
14 1240
14 350
15 1910
15 1883
15 2323
15 2039
15 2467
15 2587
15 2566
15 462
15 1657
15 2214
15 1750
15 762
15 1419
15 555
15 2228
15 2943
15 2348
16 2709
18 1249
18 1451
19 1489
19 765
20 1910
20 1196
20 1151
20 1560
20 1626
20 2064
20 1586
20 1436
21 432
21 613
22 1239
22 1840
23 2229
23 337
23 1961
24 295
24 944
24 2643
26 2266
27 1339
27 2803
27 313
28 84
28 2658
28 2560
28 2314
29 964
29 2797
30 1119
31 1506
31 66
31 950
31 1546
31 1607
31 1485
32 1951
33 2992
34 2064
35 2753
35 1322
36 1910
36 1506
36 1294
36 412
36 285
36 37
36 2213
37 2736
37 1949
38 1910
38 1759
38 544
38 2056
38 295
38 294
38 315
38 1241
38 485
39 2312
39 1813
40 641
41 1347
41 759
41 561
41 1382
41 1908
41 109
41 2209
41 43
41 2869
41 1692
43 1131
46 1471
47 2048
47 1470
49 239
50 1795
50 338
51 462
52 778
53 1408
54 1709
54 1620
55 1121
56 1347
56 1195
56 2727
56 813
57 943
57 280
57 1022
57 1112
57 1034
57 254
58 2039
58 1579
59 1883
59 2873
59 1813
59 898
60 946
62 979
64 1369
64 295
65 2183
65 2408
66 1883
66 786
66 544
66 1395
66 1143
66 2016
66 2661
66 2795
67 2388
68 2835
68 2818
68 1157
69 2920
69 1952
69 256
70 404
72 321
73 1942
74 2229
75 412
75 1936
77 2833
77 1226
78 2568
79 1249
79 1337
79 2318
79 414
79 2747
79 2700
81 1985
82 1337
82 2323
82 1951
83 1299
83 1451
84 1910
84 993
84 853
84 2326
84 758
84 780
84 2841
84 1281
84 2005
86 2658
87 1910
87 2949
87 524
87 247
87 2223
88 906
88 2466
89 1910
89 977
89 1669
89 1717
90 2539
90 2379
90 666
90 840
92 2963
92 2261
92 1487
92 1739
93 1132
93 1824
93 1004
94 1066
95 2294
95 2214
95 879
95 2019
97 2367
97 1694
98 1249
98 2338
98 577
99 211
99 1631
100 2539
100 1080
102 2467
102 2568
103 1518
104 2839
105 2920
105 1661
105 1421
107 1910
107 1142
108 1291
108 1913
109 1299
109 1897
110 2358
110 315
110 1332
111 2742
111 572
112 2099
112 2088
113 1910
113 1883
113 932
113 2318
113 2462
113 2491
113 256
113 2724
116 2403
116 1806
117 1883
117 1081
118 1910
118 1883
118 1506
118 181
118 2920
118 1999
118 2922
118 1368
118 1198
118 1194
118 2588
118 2728
118 2049
118 2158
118 2851
118 2886
118 2779
118 1824
118 1615
118 168
118 1365
118 1311
119 2025
119 1929
119 2325
122 1591
123 327
123 2358
124 2548
125 1757
125 1031
125 354
126 221
128 1393
128 1387
129 2137
129 1840
130 919
131 2018
132 1347
132 1155
132 288
132 2076
133 743
134 1980
135 2541
135 712
136 169
136 2336
139 1009
139 2666
141 1759
141 772
141 536
141 2080
142 2229
142 1264
143 968
145 2016
145 1048
145 756
146 765
146 1020
146 1782
147 1951
147 1347
147 2294
147 1237
147 653
149 1910
149 584
149 851
149 1111
149 1098
150 2222
150 172
150 204
150 195
150 408
151 1910
151 2539
151 1553
151 1298
151 1430
151 807
151 1847
151 2423
151 335
151 2901
151 850
151 1995
151 1774
152 341
152 2607
152 632
153 2193
154 1910
154 412
154 2354
154 2304
154 1812
154 425
155 1910
155 733
156 2833
157 1339
157 995
158 1759
159 404
159 1627
159 203
161 1479
161 1972
162 914
163 708
164 1910
164 2932
164 2811
165 2322
165 2213
166 1883
166 1506
166 2467
166 901
166 412
166 1222
166 2843
166 1225
166 2977
166 2727
166 1088
166 2540
167 1910
167 1337
167 1056
167 1808
167 1026
167 980
168 1513
169 2289
169 1325
170 2942
170 1909
171 2722
171 1052
171 2918
172 1910
172 544
172 1168
172 2631
174 2736
174 2342
175 1363
176 1910
176 221
176 1172
176 359
178 2111
179 2072
179 1299
179 1565
180 1263
180 975
181 1910
181 1951
181 281
181 1504
181 2581
181 1268
181 1898
181 1389
181 2666
183 2029
183 1931
183 1868
183 1057
184 1511
184 479
184 1986
184 489
184 2798
185 1347
185 2662
185 2272
187 2556
187 2281
187 1187
188 2229
188 2727
189 2323
189 1471
189 542
189 1553
189 1957
189 2475
189 1483
189 608
189 1391
189 480
190 2745
190 467
191 1910
191 341
191 1242
191 802
192 2977
193 1423
194 1910
194 659
196 2896
197 1910
197 397
197 2083
198 703
198 725
199 1910
199 548
200 854
200 605
200 666
201 2946
201 482
201 2571
201 1679
202 1759
202 659
202 2379
202 1745
203 536
203 2259
204 1910
204 397
205 2323
205 1933
206 2938
207 1974
208 906
209 2604
209 1540
209 2515
210 1029
211 989
212 766
212 1559
213 652
214 2029
214 2425
214 440
214 799
214 1994
215 424
216 1891
216 2504
217 1266
219 655
220 2417
221 1910
221 1337
221 1479
221 1951
221 2873
221 2566
221 2547
221 1666
221 1397
221 2949
221 1047
221 629
221 385
221 2255
221 2148
221 2865
221 490
221 2122
221 2965
222 2954
222 1679
223 2736
224 2531
227 1883
227 2736
227 2776
228 663
228 1084
228 365
228 538
229 718
229 1116
229 278
229 1639
230 2041
232 2862
233 310
234 1035
235 1910
235 1118
236 2229
236 2566
236 2317
236 1876
237 1451
237 2108
237 1989
237 2505
239 1169
239 600
240 1249
240 2859
240 2529
243 1759
243 2007
243 777
243 2173
243 814
243 1174
244 659
244 824
245 1476
246 2542
246 865
246 1342
246 1190
246 2879
247 2039
247 954
247 2625
247 2401
249 2736
249 1913
250 1070
252 349
253 659
253 2705
253 2001
254 2823
254 2527
254 285
255 2338
256 2477
256 1175
257 1779
259 1035
260 1790
260 2336
260 835
262 944
262 1077
263 1700
264 470
265 1910
266 1910
267 786
268 778
268 2330
269 1910
269 2229
269 2536
269 2425
269 700
269 551
270 1471
270 1121
271 2303
274 1896
275 1696
276 2557
276 1790
277 1347
277 1294
277 2713
277 2785
279 2942
279 2661
279 817
280 1249
280 1951
280 2102
280 2028
280 2910
280 1636
281 1476
281 690
282 2229
282 306
283 1522
285 1249
285 2323
285 2556
285 1630
286 1393
287 1668
287 608
287 1460
289 2222
289 755
289 1817
291 2539
291 1269
292 1337
294 1883
294 341
294 932
294 2604
294 2922
295 544
295 1280
295 945
295 2807
296 876
297 2923
298 341
298 1043
298 1960
298 1764
299 1456
300 2556
300 479
300 2258
300 861
300 1772
301 1951
301 1506
301 1714
301 1683
301 2710
301 2534
302 2972
304 1479
305 1883
305 746
306 1759
306 2300
306 1886
306 747
308 1910
308 2736
308 1294
309 1007
310 2102
310 1196
310 2270
310 1897
310 2827
310 1127
312 690
315 2783
315 626
315 1483
315 2215
316 550
317 1393
318 1883
318 941
319 470
320 1910
320 2222
320 2547
320 2536
320 2528
320 443
320 2530
320 987
320 1273
321 1883
321 2539
321 2417
321 2272
321 1187
321 605
321 1807
322 2462
324 2730
325 1196
325 2031
325 1660
325 579
325 2704
325 750
326 2288
327 1081
327 1897
328 404
329 2229
329 777
330 1583
331 1294
331 2768
331 1068
332 341
332 2438
332 1403
333 772
336 2669
337 1294
337 2536
337 1151
337 627
338 1990
339 2039
340 2643
340 2151
341 1910
341 1883
341 1951
341 2222
341 2229
341 2556
341 2835
341 2949
341 2787
341 1778
341 1368
341 2425
341 2281
341 1243
341 2412
341 2491
341 2588
341 614
341 1030
341 1214
341 561
341 934
341 936
341 893
341 969
341 1832
341 2982
341 401
341 1949
341 1486
341 2782
341 1076
341 422
341 1107
341 1031
341 1529
341 861
341 1160
341 2806
341 2866
341 942
341 2687
341 2945
341 1856
341 921
341 1647
342 2116
344 2186
344 1520
344 1481
345 2539
345 2341
345 1942
346 394
346 2461
347 2736
348 1376
349 1910
349 505
349 2547
349 609
349 689
349 2934
349 2679
349 1334
349 1106
349 1276
349 1593
352 841
352 2257
353 1025
354 1081
355 522
355 1527
355 1406
355 1061
356 1951
356 786
356 2613
356 1696
356 1484
356 1916
356 1261
356 2398
356 633
356 961
357 2050
357 1638
357 2352
358 1883
358 479
358 2126
358 1443
358 2261
358 2001
361 1720
362 2539
364 932
365 2177
366 1506
366 1741
367 1999
368 1816
368 2544
369 1980
369 1017
371 1597
372 2137
373 1386
373 395
374 1759
375 1506
375 2742
375 1709
375 464
375 2125
376 404
376 1871
377 772
377 967
378 2541
378 2244
378 2445
379 2664
380 943
380 2427
380 2824
381 1910
381 1337
381 2736
381 1331
382 1358
383 1910
383 2541
383 1362
383 776
385 1035
385 2389
387 1112
388 1397
388 3000
391 2462
392 1759
394 2101
394 2883
394 2580
396 1479
397 1910
397 2229
397 2952
397 1394
397 1891
397 1216
397 1681
397 961
399 1910
399 2029
400 2484
401 1347
401 2262
401 1749
401 995
402 2539
402 2057
402 2954
403 1910
404 1910
404 1883
404 1337
404 584
404 2294
404 2742
404 2270
404 1263
404 777
404 2823
404 1085
404 473
404 672
404 1961
404 1987
404 2160
404 2326
404 1955
404 1527
404 1297
404 2104
404 634
404 894
404 439
404 1774
405 2370
406 1883
406 2046
406 1595
406 2308
406 2834
406 1317
407 2306
409 1489
410 1749
411 2626
412 1759
412 1951
412 2579
412 2617
412 1132
412 2300
412 1299
412 1001
412 1205
412 849
412 1908
412 2632
412 1256
412 754
412 2273
412 1831
413 2323
413 1347
413 1546
413 1775
414 1358
414 1732
414 1151
414 1465
414 2398
415 2541
416 1479
416 563
418 1620
419 2942
421 547
421 1551
421 2925
422 2761
422 2388
422 2600
423 2622
424 1683
427 2960
428 2272
428 702
428 2682
431 1297
431 1885
432 1980
432 637
432 854
432 546
432 2057
432 2148
432 1690
432 2956
432 1384
432 1405
432 1073
432 831
432 2065
432 2592
433 914
433 1928
434 1910
435 2117
436 585
436 960
437 2323
438 547
440 2863
440 1439
441 835
442 1870
442 1987
443 2072
443 1897
443 1733
444 786
444 2091
444 2706
445 2108
446 1550
446 1474
447 596
447 1878
447 2335
447 1733
448 1249
448 2539
448 1759
448 2938
448 1368
448 1564
448 2214
448 742
448 2692
448 2167
448 2211
448 2347
449 2718
450 2006
450 2100
451 749
452 1369
452 2537
453 1883
453 2714
453 2140
453 855
453 1178
454 2236
456 2380
456 1043
458 1978
459 1395
459 1115
460 1355
460 2117
461 2587
461 2643
461 1420
461 2581
462 2227
462 2178
462 2839
462 1624
462 2664
462 2424
462 1199
462 1544
463 1289
463 1468
464 2539
464 2091
464 2743
464 633
465 1720
465 2900
466 1063
466 764
466 1321
467 916
469 2072
469 2427
469 1822
470 2039
470 1823
471 1166
473 1910
473 1119
473 2101
473 2896
474 1910
475 1424
475 1874
475 2225
476 1044
477 2554
477 2113
477 506
477 599
478 1910
478 1455
479 1910
479 1249
479 1506
479 514
479 1990
479 982
480 585
481 1910
482 1883
483 2323
483 1085
484 1337
485 2728
486 1508
488 971
488 2181
489 2579
490 914
490 2658
491 1428
491 2607
491 1031
491 835
493 2617
495 2856
498 1337
498 2579
498 2102
498 1974
498 2320
500 2039
501 1910
501 1347
501 1980
501 2221
503 2300
503 2231
504 1607
504 2238
505 2029
505 1564
505 2403
505 695
505 1528
505 741
505 2012
505 2609
505 2832
505 760
505 2930
505 1120
505 1676
505 1740
509 544
509 2092
509 2338
510 1951
512 971
512 564
512 1426
512 1274
513 1910
513 1249
513 1353
513 2050
513 2621
513 2218
514 1910
514 1825
514 2227
514 2557
514 2378
514 2759
514 2935
514 2851
514 522
514 1110
514 2630
514 2066
515 2736
515 2425
515 2304
518 2094
519 1910
519 1294
519 2942
519 828
521 2188
521 1987
522 2551
525 2938
526 2284
527 755
527 919
528 2944
530 2426
531 1299
532 728
532 770
532 1265
533 1759
533 2362
533 2554
533 663
534 2539
535 1793
536 1910
536 2547
536 1668
536 2428
536 2173
536 1751
536 680
536 2620
536 2628
536 1928
536 2021
536 2345
537 571
539 2032
540 1506
540 732
540 2450
540 2722
541 2216
541 1591
542 2229
542 1080
542 1991
542 2590
543 2039
543 2858
544 1910
544 2556
544 1393
544 2143
544 2197
545 2039
546 1910
546 1684
546 1038
546 2382
546 2483
547 2493
547 1746
548 1866
548 594
548 855
550 1910
550 2761
550 2833
550 2148
550 1014
550 2396
554 1433
556 975
556 883
557 1930
557 736
557 1052
559 1249
559 912
560 1951
560 2556
561 2222
561 771
561 1684
561 1571
561 588
561 1670
562 789
562 1475
563 2755
564 1083
565 1347
565 642
566 1999
566 2290
567 772
567 2759
567 2089
569 1910
569 2526
571 2467
572 1910
572 2539
572 1035
572 2065
573 2323
574 1243
575 1883
575 595
575 598
578 2736
579 2072
579 2208
580 2469
580 1032
581 1511
581 2700
582 1693
583 1421
583 2006
584 1910
584 2323
584 2556
584 2417
584 2108
584 1720
584 1693
584 1275
584 589
584 1903
584 2164
584 2440
584 2051
584 1764
585 1910
585 1883
585 2323
585 2873
585 749
585 1027
585 2358
585 654
585 2782
586 2839
586 1767
586 2490
587 755
587 2947
587 2350
589 2380
589 2989
591 1337
591 1778
591 2434
591 2813
592 2541
592 2210
592 1451
593 1772
594 1374
595 1657
595 1386
596 1759
596 994
596 1047
596 1702
596 1734
596 1124
597 2117
600 2736
601 2920
601 1428
601 2480
602 1413
602 1906
603 2507
606 2467
606 1056
607 2539
607 1347
607 614
607 2888
607 2200
607 2245
607 1373
608 1165
608 1203
609 1399
609 2704
609 2687
611 1249
612 2539
612 2039
613 1602
614 1479
615 1910
615 1337
615 1110
615 2230
615 2685
616 2323
616 1478
618 2810
619 2539
620 1433
620 1801
621 2782
622 2348
623 2539
624 2448
626 1081
626 944
629 786
629 1081
629 2617
629 2547
629 1358
629 2137
629 2264
629 1828
629 1486
629 1463
629 2936
632 2556
632 2072
632 2587
633 1169
633 2769
634 1479
635 2055
636 1567
637 1951
637 1347
637 841
637 1091
637 1645
637 2468
637 2119
638 1910
638 1923
639 1506
639 1226
639 2523
639 1715
641 2504
642 1910
642 2579
643 755
644 1910
644 1249
644 2323
647 2942
647 1965
648 1825
648 1620
648 956
648 1208
650 1148
650 2406
651 2039
651 861
652 1910
652 1260
653 2279
654 2406
654 1323
654 2687
655 1910
655 1249
655 1479
656 786
656 1604
656 1991
656 1120
657 1771
657 1192
658 1085
659 1910
659 2039
659 1471
659 1702
659 2885
659 2901
659 1356
659 1632
659 2721
659 1549
661 772
662 1910
662 1337
662 841
662 2568
662 877
662 1186
662 872
662 2164
663 2539
663 1759
663 2186
663 1180
663 2405
663 804
663 1328
663 1365
664 946
665 1471
665 2246
666 1709
667 2539
668 708
669 1369
672 1045
673 1264
673 2309
676 1063
678 2322
680 2235
681 1758
682 2021
685 990
685 940
686 1060
689 1249
689 2467
689 1081
689 2744
689 1126
689 2645
690 1759
690 772
690 771
691 1910
691 994
691 1992
692 2843
692 1224
695 1312
695 1182
695 2122
695 798
695 1754
697 1261
697 1599
700 2164
700 2660
701 2462
702 2765
702 1864
704 2556
704 1654
707 1634
708 834
709 1564
710 1385
711 1980
711 934
711 1529
712 1883
712 1479
713 1071
715 1883
715 2289
717 1263
717 774
718 1587
719 2386
721 2742
721 743
722 1084
723 1787
726 2108
727 1883
727 755
727 1248
727 1610
728 1588
728 2238
729 1999
729 1515
729 2881
729 2357
730 1479
730 1951
730 1387
731 1252
732 2425
732 1420
732 982
732 2169
733 2006
733 1389
735 1085
735 2373
737 1883
738 2863
738 2806
739 2607
741 977
741 1461
742 971
742 1195
742 2634
742 2327
743 755
743 874
743 2741
743 1044
743 2805
743 1110
746 1400
747 932
748 2717
749 2270
749 2714
749 1998
751 2323
751 2222
751 2566
751 1451
751 975
751 1607
752 1883
752 2420
753 2039
754 1198
754 2694
755 1910
755 1883
755 1479
755 1506
755 1825
755 1081
755 2742
755 2186
755 2032
755 2156
755 1180
755 996
755 1930
755 1838
755 957
755 1371
755 2664
755 2414
755 1798
755 2123
755 1717
755 2129
755 2481
755 2483
755 1507
755 1343
755 796
755 1485
755 1608
757 2999
757 2863
759 1249
759 1337
759 1428
759 2501
759 1700
759 2068
760 1696
761 1940
762 1759
762 966
762 1652
764 841
764 771
764 2025
765 1249
765 2798
766 1748
767 2312
768 2039
768 2647
768 2028
768 1190
769 1337
770 2785
771 1910
771 1148
771 1726
771 1214
771 1997
772 1910
772 1883
772 1951
772 2647
772 1353
772 1312
772 2227
772 2768
772 1457
772 1684
772 1500
772 2957
772 2493
772 2141
772 1041
773 1428
774 1910
774 2901
776 1202
776 2169
777 1702
777 806
779 1249
780 2472
781 2039
781 2084
783 1971
784 1289
784 1599
785 1954
785 2527
786 1910
786 2222
786 1294
786 1471
786 2379
786 2300
786 2178
786 1194
786 1423
786 842
786 2438
786 845
786 1078
786 1631
786 993
786 1971
786 1521
786 1011
787 1518
787 2183
788 2300
789 2423
790 2705
790 1504
791 2247
793 2323
793 1534
795 2450
797 2647
798 2024
798 2331
799 1883
799 1797
800 2647
800 2649
800 1887
801 1966
801 1210
802 2613
802 1099
803 1196
805 1206
806 1896
807 841
808 1966
808 1440
809 2229
809 1284
811 1910
811 1600
812 2997
813 1910
813 1759
814 1910
814 1940
814 2820
815 1249
815 2388
815 2907
816 906
817 877
818 2736
818 1118
820 1249
820 2942
822 1479
822 2907
823 1910
823 2029
827 2528
827 2326
828 1566
828 1753
829 975
830 2539
832 2539
832 1545
833 1347
833 2414
834 2156
835 1221
836 1347
838 2029
839 1527
839 2118
840 1506
840 2247
841 1910
841 1951
841 2229
841 2568
841 1897
841 984
841 947
841 1590
845 2742
847 1479
847 1347
848 2270
848 1201
849 1526
850 2056
853 2986
854 2188
854 970
854 1008
854 1018
854 2732
857 1648
861 1835
862 2083
865 1873
866 1506
866 964
866 1962
868 2512
868 2435
869 1337
869 2492
870 2777
870 1664
871 1471
871 1198
873 1910
874 2013
874 1286
874 1532
875 2491
876 2783
877 2736
877 1927
877 1556
879 1910
879 2405
881 1070
882 1910
885 2034
886 1926
887 1910
887 2186
888 2978
888 2906
890 2460
890 2157
890 2906
890 2465
891 1784
892 2942
892 2380
892 2689
892 1862
893 1479
895 1368
896 1910
897 1479
897 1752
898 1153
898 2004
899 1624
899 2392
901 1910
901 932
901 2007
901 2554
901 1169
901 969
901 1235
902 2294
902 2029
902 2050
902 1926
903 2744
903 2627
905 1910
905 1951
905 1132
906 1153
906 2922
906 2622
906 1229
906 1152
906 1853
906 1028
906 1039
907 1696
908 2787
909 1484
910 2554
911 1153
911 1666
912 2205
913 2032
913 1588
913 1498
914 2539
914 2007
914 2836
915 1413
915 1797
915 1310
916 1564
916 1726
916 2505
917 2467
917 2102
917 2277
919 2072
920 1910
921 2154
921 1070
923 1990
924 1249
924 929
924 2241
925 2505
926 1732
927 2205
928 2222
928 2294
929 1910
929 2336
931 1264
931 1001
932 1910
932 2323
932 1759
932 2229
932 2736
932 1825
932 1476
932 1148
932 2638
932 2244
932 1056
932 1187
932 1815
932 2955
932 2441
932 1349
932 2019
932 1791
933 1337
934 2539
934 2229
935 2389
935 2637
935 1362
935 1620
935 2076
937 2664
938 1357
939 2887
939 2130
940 1759
940 1202
940 2858
940 1107
940 1281
940 2471
940 991
940 2703
941 1249
941 2229
941 1006
942 1902
942 1888
942 2779
943 2113
943 2413
944 1910
944 2323
944 1954
944 2531
944 1323
944 2848
944 1733
945 1910
945 2752
946 1910
946 1047
946 2388
948 1910
948 1540
950 2920
950 2360
950 2234
950 2580
950 2585
951 1249
951 2937
953 1815
953 2571
954 1910
954 2075
955 1910
955 1790
956 1564
956 1970
957 1319
957 2775
957 1517
958 2634
958 1182
958 993
958 1061
959 2736
959 2186
959 1643
959 2910
960 2952
960 2601
960 2492
961 2889
962 1933
962 1275
962 2442
963 1294
963 1471
963 1166
963 1893
964 2539
964 1112
964 2058
965 2068
966 1081
967 1910
967 2457
970 1598
970 1129
970 1131
971 1910
971 1180
971 2217
971 1082
972 1336
972 1598
972 2233
973 1584
975 1910
975 1249
975 1902
975 2187
975 1921
975 2749
977 2039
977 2992
977 2950
978 1599
979 2428
981 2536
982 1778
983 2602
984 1910
984 2094
985 2222
986 1761
987 1180
989 1910
989 2426
990 2187
990 2018
990 1082
990 1364
991 1637
991 1576
994 1951
994 1757
994 1062
994 2560
994 2601
996 1153
996 1760
996 2293
996 2454
996 2599
996 2361
997 2414
997 2884
997 1370
1001 1731
1002 1910
1002 1457
1005 1841
1005 2755
1006 1883
1006 1138
1006 2498
1007 2549
1008 2270
1008 1198
1010 2705
1011 2763
1012 1870
1012 2044
1015 2873
1019 2229
1019 1997
1020 1910
1020 2360
1021 2323
1021 1386
1022 2011
1022 1462
1023 1393
1023 1205
1024 2156
1025 2617
1027 1249
1027 1132
1027 2418
1028 1431
1029 2284
1030 1132
1030 1952
1030 1180
1030 1963
1030 1594
1031 2072
1031 1208
1034 2229
1035 1910
1035 2072
1035 1298
1035 2378
1035 1377
1035 1537
1036 2289
1036 1556
1038 1249
1038 1878
1039 1249
1041 1116
1043 1249
1043 1471
1043 2587
1043 1523
1044 1353
1044 2414
1044 2445
1045 1132
1045 1536
1045 2618
1045 1503
1046 2579
1046 1691
1046 1062
1047 1337
1047 2229
1047 2556
1047 2736
1047 2922
1047 1393
1047 2289
1047 1180
1047 1197
1047 1455
1047 2866
1047 2375
1047 2824
1049 1256
1049 1689
1050 2772
1051 1873
1051 1760
1052 1194
1052 2205
1052 2968
1055 2942
1055 2417
1055 2331
1055 1987
1055 1690
1055 1121
1055 2582
1056 1873
1056 1815
1056 1746
1058 1895
1058 2384
1059 2229
1061 1433
1061 1128
1062 1910
1063 2733
1064 2227
1064 1386
1064 2316
1065 1980
1067 2266
1067 2924
1068 1135
1072 1564
1072 1758
1072 1209
1074 1910
1074 2294
1074 2873
1074 1190
1075 1294
1075 1998
1076 2237
1077 2556
1077 1153
1077 2520
1078 1720
1078 2739
1080 1180
1080 2011
1081 1910
1081 1883
1081 1249
1081 2323
1081 2556
1081 2736
1081 1506
1081 2294
1081 1990
1081 1668
1081 1221
1081 2741
1081 2720
1081 1554
1083 2547
1083 1566
1084 2515
1085 1337
1085 2266
1088 1910
1088 1511
1088 1820
1088 1213
1089 2425
1090 1910
1090 2556
1090 1358
1090 1430
1090 2360
1090 1185
1090 1747
1091 1337
1091 1479
1091 1927
1091 1458
1091 1873
1091 1518
1093 1196
1094 2920
1097 1413
1097 2176
1098 1252
1099 1249
1100 1883
1100 2613
1101 2539
1103 1118
1104 2227
1104 1158
1104 1457
1104 2389
1104 2741
1104 1931
1104 2511
1108 1910
1108 1790
1110 1910
1110 1668
1112 2539
1112 2958
1114 2466
1115 2786
1116 1910
1116 1119
1116 1411
1117 1506
1117 1974
1119 1836
1119 2595
1120 2323
1122 2362
1122 1932
1123 1360
1123 2283
1125 1607
1125 2224
1129 1910
1129 2556
1129 1574
1130 2229
1130 1137
1132 1910
1132 1974
1132 2007
1132 1355
1132 2717
1132 1301
1133 2539
1134 1243
1134 1916
1137 1910
1138 1577
1138 2329
1140 1200
1140 1737
1141 1249
1141 2405
1141 1377
1142 2222
1142 2420
1143 1820
1143 2885
1144 2464
1146 2157
1148 2579
1148 2873
1148 1564
1148 2812
1148 1597
1149 1497
1149 2913
1150 1347
1150 1392
1150 1653
1153 1471
1153 1339
1153 1346
1153 2984
1153 1794
1154 1709
1154 2561
1155 1722
1155 1777
1155 1665
1156 1519
1157 2785
1158 2556
1158 2787
1158 1162
1158 1853
1158 1211
1159 2866
1160 1337
1160 1243
1160 2986
1162 2433
1163 1951
1165 2579
1165 1922
1166 1841
1166 2969
1168 2581
1169 1249
1169 2556
1169 2102
1169 2643
1170 1304
1170 2882
1171 1910
1172 2653
1173 1471
1173 2768
1176 2186
1177 2050
1180 1910
1180 1337
1180 1351
1181 1347
1181 1484
1181 2772
1185 2761
1186 2056
1186 1351
1187 2222
1187 1202
1188 1999
1188 1902
1188 2790
1189 1910
1189 2767
1190 2486
1190 1522
1191 2323
1191 1486
1192 2539
1192 1950
1193 2029
1193 1477
1194 2942
1194 2835
1194 2347
1195 2999
1196 2920
1196 2835
1196 2487
1196 1314
1196 1448
1198 1910
1198 1951
1198 2294
1198 2061
1198 2634
1198 1860
1200 2254
1202 2555
1202 2728
1202 2929
1202 2837
1204 2229
1204 2785
1205 1369
1206 2539
1206 2771
1207 1337
1207 1666
1208 2041
1209 2137
1209 2109
1210 1951
1210 2591
1211 2878
1212 1977
1213 1910
1214 1845
1214 2985
1221 1910
1221 1951
1221 2787
1221 2744
1221 2225
1222 1927
1222 1836
1222 1786
1222 1303
1225 2705
1225 2365
1226 1577
1227 1910
1227 2566
1229 2839
1232 1336
1232 2952
1232 2660
1234 2546
1236 1347
1238 2584
1239 1661
1240 2539
1240 1820
1243 1879
1243 2123
1243 2395
1244 1365
1244 1992
1247 1883
1249 1910
1249 1883
1249 1337
1249 2323
1249 1759
1249 1479
1249 2222
1249 1347
1249 2072
1249 1999
1249 1974
1249 1368
1249 1668
1249 2031
1249 2281
1249 2466
1249 2024
1249 2048
1249 1429
1249 2004
1249 2758
1249 1815
1249 2889
1249 1438
1249 1994
1249 1812
1249 1938
1249 2064
1249 2207
1249 1698
1249 1455
1249 1754
1249 1803
1249 1279
1249 2357
1249 2346
1249 1472
1251 2101
1251 1945
1252 2178
1252 1718
1252 2118
1252 1846
1256 1910
1257 2039
1258 1910
1258 1883
1260 2942
1260 1511
1261 1263
1261 1945
1261 1707
1263 2222
1263 1726
1263 1329
1264 1910
1264 2613
1264 2032
1264 1672
1265 2450
1266 2728
1267 1910
1269 1337
1269 1951
1269 1504
1269 2079
1270 1347
1271 1910
1271 2998
1273 1910
1275 1910
1275 2323
1276 1896
1276 2322
1277 1883
1277 2229
1277 1294
1277 1511
1277 2294
1277 1550
1277 1412
1279 2478
1279 2552
1281 1347
1281 2579
1285 2075
1287 2683
1288 2378
1290 1359
1293 1337
1294 1910
1294 1883
1294 2323
1294 1974
1294 2388
1294 2658
1294 2702
1294 2598
1294 2667
1294 1568
1295 2605
1296 1844
1296 2522
1297 2437
1298 2029
1298 1994
1299 2722
1299 1918
1299 1962
1299 1621
1300 1369
1301 2436
1302 1449
1303 2873
1305 2579
1306 2294
1307 2914
1307 2202
1308 1910
1312 2647
1312 1471
1312 2607
1312 2348
1312 2367
1312 1728
1315 2076
1316 2416
1318 1910
1318 2159
1319 1910
1319 1665
1320 2341
1321 1897
1321 1635
1322 1700
1325 1910
1325 1489
1325 2053
1325 2100
1326 2539
1326 1368
1326 2801
1326 2785
1327 1910
1327 2039
1327 1990
1328 2343
1328 2138
1330 2904
1330 2726
1333 2323
1335 1910
1335 1951
1336 1827
1336 1838
1336 2591
1337 1910
1337 1883
1337 1759
1337 1479
1337 2222
1337 2556
1337 2039
1337 2647
1337 1666
1337 2362
1337 1974
1337 1393
1337 2210
1337 2094
1337 2032
1337 1668
1337 2137
1337 1906
1337 2675
1337 2412
1337 2713
1337 2833
1337 2588
1337 1924
1337 2741
1337 2171
1337 2093
1337 2205
1337 1427
1337 1933
1337 1624
1337 2602
1337 2423
1337 2265
1337 2594
1337 2689
1337 2106
1337 1404
1337 2681
1337 1829
1337 2793
1337 2038
1337 2097
1337 1742
1339 1873
1339 2183
1339 1815
1339 1909
1339 2834
1342 1990
1342 1583
1342 2552
1343 1587
1345 2229
1346 2587
1346 2486
1347 1910
1347 2229
1347 1511
1347 2403
1347 1423
1347 2266
1347 2087
1347 2004
1347 1453
1347 1717
1347 2449
1347 1739
1347 1354
1347 2342
1349 2566
1349 2604
1349 2127
1350 1980
1350 2982
1350 2620
1351 2556
1351 2736
1351 1974
1351 1605
1351 2250
1352 1471
1353 2736
1353 1400
1353 2756
1353 1768
1353 1856
1353 2400
1355 2380
1355 1814
1355 1717
1355 2306
1358 1759
1358 2647
1358 2835
1358 1564
1358 1371
1360 2450
1362 1910
1362 2216
1362 2607
1366 1910
1366 1870
1367 2323
1368 1910
1368 2539
1368 1506
1368 1888
1368 2779
1368 2910
1368 1616
1368 1452
1369 1883
1369 1951
1369 2873
1369 1778
1369 2113
1369 2282
1369 2361
1371 1612
1371 2591
1377 1653
1378 2362
1379 1428
1380 1883
1380 1994
1381 2072
1381 1763
1382 1910
1382 2736
1382 1902
1382 2992
1385 1877
1386 1883
1386 2039
1386 1814
1387 2705
1387 1994
1388 2078
1388 2766
1389 1910
1389 1695
1390 1650
1393 1910
1393 1759
1393 2617
1393 2761
1393 1823
1393 2826
1393 2062
1394 2320
1394 1447
1394 2626
1395 1930
1397 1910
1397 2289
1397 2114
1397 2763
1398 1759
1400 1410
1401 1476
1403 1910
1403 2046
1403 1914
1403 2527
1406 2462
1406 2793
1407 1673
1407 2885
1408 2330
1410 2617
1410 2462
1410 1758
1414 1693
1417 2579
1418 1759
1419 1581
1421 1889
1424 2761
1425 2425
1426 2325
1427 1909
1427 2042
1427 2771
1428 1883
1428 2323
1428 1696
1428 1986
1428 2577
1429 2249
1430 1910
1430 2723
1432 1759
1432 2269
1433 1890
1433 2956
1437 1910
1437 2312
1438 2056
1440 1910
1440 2155
1441 1910
1441 2938
1441 2905
1441 1822
1443 2126
1444 1910
1445 2337
1446 2079
1449 1661
1451 1910
1451 2039
1452 1487
1453 2676
1456 2069
1457 1910
1457 2509
1457 2788
1457 1833
1458 1910
1459 2542
1461 2776
1461 2302
1461 2558
1462 2734
1463 1910
1464 2528
1465 1709
1465 2998
1466 2613
1467 1738
1467 1659
1468 1556
1470 2731
1471 1883
1471 2539
1471 2568
1471 2148
1471 1971
1471 1976
1471 1713
1471 2709
1471 2373
1474 2768
1475 2351
1476 2264
1476 2957
1477 2972
1479 1910
1479 1883
1479 2539
1479 2736
1479 2032
1479 2300
1479 2466
1479 2264
1479 2555
1479 2358
1479 2851
1479 2160
1479 1915
1479 1779
1479 2234
1479 2995
1479 2635
1480 1910
1481 1910
1481 2971
1483 2602
1484 1910
1484 2966
1485 1841
1487 1951
1487 2579
1487 2407
1488 2007
1489 1910
1489 2262
1489 1762
1489 2562
1491 2539
1491 2736
1492 2109
1495 1506
1495 2965
1497 2436
1498 1663
1500 2579
1500 2949
1501 1771
1501 2251
1505 1883
1505 1661
1506 1910
1506 2222
1506 2604
1506 2029
1506 2949
1506 2963
1506 2093
1506 1828
1506 2788
1506 2962
1506 2701
1506 1741
1507 1894
1509 2323
1510 2039
1511 1910
1511 1883
1511 2539
1511 2300
1511 2393
1511 1520
1511 2103
1511 1879
1511 1638
1511 2269
1511 1563
1512 2505
1512 1781
1514 2039
1514 2990
1514 1648
1516 2180
1516 1805
1518 2420
1518 2188
1523 1809
1524 1883
1524 2056
1526 2323
1526 2937
1527 2517
1528 2536
1534 1883
1534 1606
1534 2750
1535 1883
1535 2554
1536 2229
1538 2299
1539 2456
1541 2566
1544 1825
1546 2114
1547 2243
1548 2053
1548 2316
1549 2039
1550 2556
1550 2613
1551 2300
1553 1910
1553 2907
1553 2082
1555 2699
1556 2264
1557 1910
1559 2171
1560 1795
1560 2171
1560 2218
1563 2528
1564 2039
1564 2216
1564 1927
1564 2668
1564 1604
1564 2640
1565 2655
1566 2219
1567 1910
1567 2467
1567 1766
1567 2970
1568 2742
1569 2527
1570 1764
1570 1865
1571 2214
1571 2404
1574 2298
1575 2920
1575 2169
1576 1883
1578 2647
1579 1978
1580 2539
1580 2226
1583 2467
1583 2566
1588 2322
1591 2072
1591 2140
1591 1690
1592 2255
1594 2050
1596 2648
1598 2294
1603 1910
1603 1906
1603 2921
1603 2307
1604 1910
1605 1825
1605 1988
1606 2294
1607 2613
1607 2725
1610 2497
1611 2536
1611 2178
1612 1883
1612 2083
1613 2420
1613 2339
1616 2294
1617 1951
1617 2579
1618 2539
1620 1914
1620 2358
1622 2072
1624 2663
1626 1910
1626 2834
1627 1892
1627 2330
1627 1911
1628 2478
1629 1813
1630 1759
1630 2658
1632 1848
1632 2497
1633 2222
1634 1760
1637 2501
1637 2401
1638 2294
1638 2645
1641 2873
1643 2896
1645 2539
1646 2812
1647 2980
1649 2032
1649 2629
1650 2437
1650 2611
1651 2032
1652 1996
1652 1965
1653 2848
1654 1910
1654 2873
1654 2629
1656 2131
1656 2051
1657 1910
1657 2556
1657 2787
1657 1668
1657 2264
1657 1937
1660 2579
1661 2359
1663 2556
1663 2613
1663 2555
1663 2134
1663 1803
1663 1769
1665 2647
1666 2587
1666 2536
1667 2280
1668 2736
1668 2658
1668 2621
1668 2295
1668 2899
1671 2539
1671 1974
1671 2388
1672 2177
1673 2617
1675 2096
1677 2783
1677 2151
1677 2089
1678 1889
1683 1980
1684 2539
1685 2612
1691 2556
1691 2318
1691 2507
1691 1869
1692 2024
1696 2193
1697 1910
1697 2161
1700 2227
1700 2134
1700 2946
1702 2386
1702 2183
1702 1811
1702 2819
1709 2570
1711 2222
1711 2126
1712 2980
1714 2721
1714 2535
1717 2542
1719 2431
1721 1927
1726 2186
1726 2261
1726 1984
1729 1999
1729 2312
1730 1910
1731 1844
1732 1990
1733 1752
1734 2533
1735 2568
1735 2289
1736 1914
1737 2539
1737 2501
1737 2198
1738 2208
1738 2283
1739 2308
1740 1910
1741 2294
1741 2191
1744 2874
1745 1936
1746 1910
1748 1910
1748 2942
1748 2799
1749 1910
1749 2942
1752 1910
1752 1883
1752 2840
1752 2413
1753 2556
1753 2939
1754 2433
1755 2798
1756 2222
1756 2952
1756 2560
1757 2247
1757 2905
1757 1884
1758 1910
1758 2091
1759 1910
1759 2229
1759 2039
1759 2294
1759 2604
1759 2102
1759 2362
1759 2462
1759 2227
1759 2094
1759 2425
1759 1896
1759 1888
1759 2393
1759 2412
1759 2833
1759 2662
1759 1781
1759 2982
1759 2042
1759 2831
1759 1972
1759 2263
1759 2496
1759 2988
1759 2469
1759 2724
1759 2408
1762 1999
1765 2226
1766 2094
1768 1951
1768 2835
1769 2938
1769 2057
1771 1854
1772 1910
1774 2835
1778 2587
1778 2102
1778 1890
1778 2759
1778 2645
1781 1929
1782 2229
1782 1906
1785 2668
1785 2350
1790 2929
1790 2183
1790 2976
1790 2236
1790 2508
1791 2379
1793 1910
1795 1910
1795 2539
1795 2380
1796 2728
1797 2093
1797 2984
1798 1927
1801 2178
1802 1951
1805 2568
1805 2180
1807 2281
1808 2029
1811 2647
1811 1996
1814 2709
1817 2699
1820 2459
1821 2186
1823 2886
1824 2556
1825 1910
1825 2647
1825 2102
1825 2299
1825 2833
1825 2143
1825 2772
1825 2755
1825 2147
1825 2936
1826 2845
1827 1951
1827 2547
1828 1951
1828 2579
1828 2388
1828 2701
1832 2922
1834 1883
1834 2539
1834 2203
1834 2763
1835 1910
1836 2539
1836 2234
1838 1910
1838 2323
1838 2461
1839 2786
1841 2579
1841 1970
1841 2412
1841 2814
1841 2931
1841 2288
1842 2323
1842 2048
1846 2667
1847 2639
1847 2935
1849 1910
1849 2370
1850 1910
1850 2333
1853 2765
1853 2881
1854 2184
1858 1910
1860 1997
1860 2427
1861 2813
1861 2305
1863 2566
1864 1910
1865 1883
1867 2217
1870 2039
1870 2813
1871 1938
1871 2696
1871 2345
1872 1910
1873 1971
1873 2084
1876 2222
1878 2699
1879 2942
1880 2096
1883 1910
1883 2539
1883 2323
1883 1951
1883 2222
1883 2229
1883 2556
1883 2039
1883 2942
1883 2467
1883 2566
1883 2380
1883 2568
1883 2388
1883 2536
1883 1952
1883 2768
1883 2507
1883 1889
1883 2542
1883 2823
1883 2126
1883 2928
1883 2743
1883 1926
1883 2101
1883 2255
1883 2237
1883 1892
1883 2528
1883 2304
1883 2134
1883 1909
1883 2886
1883 2310
1883 2895
1883 2879
1883 2218
1883 2691
1883 2806
1883 2494
1883 2478
1883 2490
1883 2552
1883 2909
1883 2440
1883 2287
1884 2229
1885 1952
1888 1910
1888 2039
1888 2437
1888 2791
1889 1910
1890 2823
1890 2036
1892 2685
1893 2922
1894 2235
1895 2617
1895 1909
1896 2380
1897 2823
1897 1926
1899 1910
1899 2171
1902 1910
1902 2031
1903 1910
1906 2323
1906 2183
1909 2543
1910 2539
1910 2323
1910 1951
1910 2222
1910 2229
1910 2556
1910 2039
1910 2736
1910 2579
1910 2942
1910 2647
1910 2467
1910 2072
1910 2938
1910 2920
1910 2742
1910 2873
1910 2835
1910 2604
1910 2547
1910 2102
1910 2949
1910 2922
1910 2379
1910 2210
1910 2417
1910 2094
1910 1990
1910 2032
1910 2554
1910 2046
1910 2031
1910 2264
1910 2216
1910 2507
1910 2450
1910 2675
1910 2024
1910 2713
1910 1954
1910 2226
1910 2262
1910 2083
1910 2833
1910 2491
1910 2705
1910 2075
1910 1973
1910 2928
1910 2499
1910 2638
1910 2843
1910 2025
1910 2244
1910 2093
1910 2744
1910 2113
1910 2036
1910 2205
1910 1933
1910 2852
1910 2977
1910 1913
1910 2365
1910 2189
1910 2622
1910 2117
1910 2755
1910 2616
1910 2746
1910 2560
1910 2384
1910 2509
1910 2326
1910 2080
1910 2802
1910 2875
1910 2082
1910 2452
1910 2298
1910 2621
1910 1937
1910 2242
1910 2493
1910 2601
1910 2311
1910 2864
1910 2784
1910 2715
1910 2047
1910 3000
1910 2081
1910 2644
1910 2815
1910 2748
1910 2022
1910 2147
1910 2819
1910 2269
1910 2041
1910 2506
1910 2274
1910 2130
1910 1950
1910 2185
1910 2458
1910 2514
1910 2133
1910 1992
1910 2529
1914 1927
1914 2792
1916 2455
1916 2791
1922 2579
1922 2341
1924 2957
1924 2936
1925 2229
1925 2126
1927 2325
1929 2621
1929 2868
1932 2024
1934 2229
1934 2036
1935 2069
1936 2039
1940 2597
1944 2284
1944 2448
1945 2056
1947 2949
1947 2911
1948 2869
1950 2171
1951 2039
1951 2210
1951 2412
1951 2048
1951 2036
1951 2205
1951 1961
1951 2858
1951 2885
1951 2726
1951 2251
1951 2041
1952 2102
1952 2061
1952 2456
1952 2449
1952 2002
1952 2263
1954 2742
1956 2013
1958 2928
1961 2922
1961 2609
1973 2078
1973 2153
1974 2222
1974 2462
1974 2359
1974 2690
1974 2743
1975 2323
1975 2462
1976 2156
1980 2056
1980 2472
1980 2235
1980 2652
1980 2903
1980 2305
1984 2806
1985 2039
1986 2602
1990 2507
1994 2102
1997 2056
1997 2166
1998 2712
1999 2610
2002 2558
2004 2782
2006 2178
2007 2579
2010 2117
2011 2653
2014 2640
2016 2903
2018 2437
2018 2087
2023 2036
2029 2548
2029 2992
2029 2472
2029 2777
2030 2188
2034 2091
2036 2736
2038 2539
2039 2999
2039 2982
2039 2081
2039 2231
2039 2749
2043 2658
2043 2433
2045 2613
2045 2140
2045 2863
2046 2467
2046 2501
2046 2744
2050 2409
2050 2977
2051 2137
2054 2574
2055 2742
2055 2358
2056 2229
2056 2394
2056 2108
2057 2222
2057 2566
2057 2922
2057 2505
2059 2222
2060 2785
2061 2541
2062 2756
2063 2229
2064 2484
2065 2483
2068 2302
2070 2462
2070 2182
2072 2556
2072 2491
2072 2744
2072 2223
2072 2884
2073 2383
2075 2568
2075 2998
2077 2736
2077 2878
2083 2456
2084 2691
2085 2849
2085 2393
2086 2818
2087 2102
2087 2221
2087 2435
2089 2290
2090 2938
2090 2907
2091 2380
2094 2764
2094 2896
2094 2407
2100 2188
2101 2949
2101 2555
2101 2992
2102 2229
2102 2403
2102 2471
2102 2223
2102 2315
2107 2556
2107 2423
2108 2361
2109 2849
2109 2358
2109 2693
2109 2686
2110 2403
2117 2531
2118 2788
2118 2238
2120 2323
2122 2736
2131 2229
2131 2931
2133 2928
2134 2627
2134 2967
2134 2519
2137 2222
2137 2289
2137 2986
2141 2736
2142 2229
2143 2294
2144 2643
2144 2729
2146 2229
2147 2161
2148 2768
2149 2526
2150 2765
2153 2525
2154 2636
2156 2228
2156 2207
2160 2501
2161 2323
2163 2566
2165 2318
2166 2254
2168 2550
2173 2768
2173 2741
2174 2588
2177 2487
2186 2300
2186 2857
2187 2229
2187 2503
2188 2420
2188 2895
2188 2277
2190 2920
2191 2730
2192 2205
2200 2647
2201 2268
2205 2388
2207 2539
2209 2406
2210 2388
2210 2502
2210 2506
2211 2731
2214 2712
2216 2568
2217 2554
2221 2877
2222 2323
2222 2736
2222 2579
2222 2617
2222 2547
2222 2638
2222 2658
2222 2354
2222 2688
2222 2625
2222 2810
2225 2566
2226 2292
2227 2340
2229 2835
2229 2761
2229 2787
2229 2379
2229 2358
2229 2422
2229 2671
2229 2896
2229 2763
2229 2260
2230 2990
2231 2731
2232 2507
2233 2394
2237 2736
2239 2713
2241 2738
2249 2931
2254 2810
2258 2709
2258 2332
2262 2804
2265 2393
2268 2707
2269 2323
2270 2492
2271 2887
2274 2288
2275 2612
2277 2977
2278 2425
2278 2569
2280 2539
2281 2323
2281 2477
2283 2417
2283 2989
2289 2426
2289 2694
2290 2579
2290 2640
2291 2556
2293 2506
2294 2556
2294 2907
2294 2713
2298 2629
2299 2556
2300 2759
2300 2360
2300 2813
2302 2491
2304 2524
2304 2797
2305 2647
2310 2330
2317 2736
2318 2613
2318 2759
2318 2621
2318 2534
2323 2539
2323 2647
2323 2587
2323 2787
2323 2425
2323 2466
2323 2814
2323 2365
2323 2788
2323 2630
2323 2576
2326 2742
2326 2675
2330 2436
2331 2604
2332 2646
2337 2644
2343 2379
2358 2418
2358 2533
2359 2647
2362 2840
2363 2405
2372 2701
2374 2571
2379 2882
2383 2920
2388 2758
2392 2534
2393 2456
2393 2648
2393 2656
2394 2467
2394 2608
2394 2524
2397 2489
2397 2987
2403 2579
2403 2932
2404 2734
2406 2579
2406 2646
2408 2924
2410 2441
2412 2616
2414 2647
2414 2686
2416 2764
2417 2942
2417 2787
2417 2993
2420 2954
2425 2579
2425 2834
2426 2539
2426 2501
2426 2658
2426 2864
2430 2920
2431 2613
2434 2604
2435 2920
2436 2954
2440 2674
2440 2830
2444 2691
2446 2456
2450 2736
2453 2581
2455 2928
2462 2556
2465 2554
2466 2659
2467 2617
2467 2536
2467 2768
2467 2752
2467 2578
2467 2523
2477 2780
2480 2627
2484 2653
2489 2945
2491 2613
2495 2942
2499 2796
2500 2790
2501 2973
2502 2909
2503 2706
2504 2665
2507 2647
2508 2774
2514 2743
2516 2665
2517 2875
2518 2542
2520 2692
2523 2889
2526 2920
2528 2617
2531 2613
2532 2887
2532 2776
2536 2796
2537 2539
2539 2541
2539 2833
2539 2840
2539 2975
2539 2773
2539 2545
2539 2558
2539 2913
2542 2593
2547 2952
2547 2941
2548 2556
2552 2839
2554 2556
2554 2862
2555 2671
2556 2601
2564 2955
2565 2759
2566 2688
2568 2978
2568 2821
2568 2723
2576 2835
2579 2647
2579 2846
2579 2984
2584 2617
2587 2778
2598 2938
2600 2840
2600 2802
2602 2657
2604 2886
2605 2782
2607 2613
2609 2681
2610 2704
2613 2920
2613 2922
2617 2773
2618 2908
2626 2781
2627 2643
2633 2862
2634 2967
2640 2738
2641 2647
2643 2891
2647 2942
2647 2804
2655 2970
2657 2938
2660 2791
2662 2954
2665 2829
2666 2883
2696 2741
2704 2873
2709 2808
2716 2762
2720 2849
2723 2772
2727 2937
2736 2835
2736 2764
2736 2961
2736 2860
2737 2869
2741 2783
2746 2882
2756 2942
2758 2764
2787 2981
2801 2920
2802 2920
2821 2999
2830 2987
2833 2851
2835 2858
2852 2959
2868 2942
2874 2942
2909 2949
2912 2967
2932 2980
2932 2946
2938 2983
2955 2993
