3000 2017
2 212
4 1102
5 1061
5 746
8 541
8 2854
9 2016
9 2403
9 808
9 1109
9 804
9 256
11 2635
11 1811
11 1835
13 531
13 683
14 858
16 1505
16 292
16 2309
17 2256
17 341
17 548
18 2261
19 2778
20 2661
20 1327
21 2933
21 1194
21 1737
23 2954
23 2422
23 1490
24 2355
26 197
26 436
28 1355
28 2804
28 2846
29 518
30 294
30 690
31 307
31 1683
32 2782
33 2990
34 2886
35 2067
36 1078
36 874
36 468
37 2192
37 2941
39 1984
39 2154
39 774
40 1256
40 1998
41 2939
41 2178
41 1345
43 1773
43 756
43 682
44 2949
45 1029
45 891
47 1188
47 1229
48 1019
48 848
50 1692
50 869
51 413
52 383
52 2677
53 1495
60 239
61 465
62 164
63 1764
63 121
63 1596
64 1078
65 1248
66 2590
67 2630
67 530
68 2788
70 157
70 2270
70 2156
71 2751
71 1755
74 1170
74 1582
74 1212
74 2562
75 2965
75 662
76 444
76 1353
76 751
76 1089
77 2001
77 2402
78 2331
78 492
79 1360
81 478
82 2929
82 1102
83 2273
84 2852
84 2584
86 1614
86 2025
86 416
86 684
87 1484
87 355
87 514
87 1313
89 1173
89 1728
90 1659
91 1351
91 334
92 2062
93 1351
95 2761
95 861
95 1316
95 399
96 489
99 1853
99 661
100 160
102 2241
103 2535
104 2420
104 2070
104 2706
105 187
107 1595
108 2835
108 2207
108 1988
109 601
109 1254
110 2191
110 1432
114 2354
114 1555
114 1463
114 1560
116 288
117 2285
117 2844
118 2702
118 282
118 1198
119 2411
120 1147
120 2676
121 2244
123 336
123 2862
126 1655
126 1769
126 1255
127 1246
129 1872
129 2017
130 1521
131 1406
131 2599
133 1684
133 311
133 446
135 2104
135 2173
137 1015
137 760
137 1843
137 2461
138 1938
138 1787
138 1489
139 1299
139 1930
140 852
140 640
140 2952
141 2462
143 2350
144 1890
145 2566
145 1155
147 2985
147 1220
148 2646
148 354
150 1617
151 1530
152 2584
153 2331
153 1710
153 1197
153 1905
155 2097
156 243
156 1678
157 1901
159 2351
161 555
161 2513
162 711
163 2719
163 165
165 922
166 2971
167 1263
167 287
168 770
168 1091
169 502
170 451
170 449
171 1660
172 1486
173 2064
174 762
175 2165
175 177
176 1998
177 2463
177 2368
178 273
178 2870
180 1225
180 1427
181 812
181 635
182 2691
183 2147
183 2024
183 981
184 2170
185 1478
186 434
187 1798
187 411
188 2092
190 1862
190 572
192 1433
195 489
197 1938
198 929
198 2112
199 432
199 1621
200 2321
200 783
201 519
202 325
203 820
204 1998
204 1513
205 2633
205 1052
205 2839
206 544
208 1397
208 475
208 1355
208 1429
208 1180
208 702
209 595
209 2269
209 656
210 2907
211 2335
212 1014
213 2758
213 2449
214 649
214 2419
216 2796
217 368
218 1769
218 529
218 2376
219 670
219 833
220 2111
221 1123
221 1965
221 1609
222 1298
224 1838
225 1636
226 2153
226 2654
226 1756
226 2865
229 2766
229 2194
231 1716
231 2122
231 1976
232 2693
233 1309
234 2377
234 638
236 353
237 250
239 703
240 1937
240 2004
240 2689
241 955
241 459
242 1022
242 1053
243 2998
245 559
245 2723
246 851
252 2354
252 1600
252 711
252 345
254 1036
254 861
255 2720
255 2924
255 2942
255 2446
258 2510
258 1754
259 721
259 2513
260 299
261 1283
262 2281
263 2391
263 2084
265 433
266 1522
266 2687
266 2502
266 1809
267 2169
268 1725
268 2940
270 1262
270 494
271 1862
271 1851
271 1356
272 911
275 1450
276 2165
276 1095
277 2245
277 2512
278 2535
279 708
281 438
282 2887
282 2838
282 1066
282 1763
283 418
283 1462
284 1237
286 736
286 1012
287 632
288 1270
288 2921
289 821
291 2989
291 2361
292 2567
293 1285
293 1751
297 1559
298 627
300 1121
302 1328
302 2670
303 2475
303 995
304 2016
304 1851
304 1454
304 2996
306 2227
307 2528
307 2685
307 377
307 2072
307 1638
309 1125
310 1932
310 771
311 1471
315 1570
316 365
316 1433
318 2984
319 376
320 2029
321 749
322 541
322 914
322 1304
322 590
324 1852
325 831
326 1017
326 349
327 2150
327 1981
327 2382
328 1074
329 1757
330 678
331 1635
332 2388
333 753
335 952
337 1275
337 461
338 1948
338 913
339 1342
340 2518
343 2493
347 2672
348 1381
348 494
349 699
349 2485
352 2895
352 570
353 1870
354 2983
356 576
356 1973
357 2275
358 819
361 412
363 1924
363 2198
366 2307
368 600
374 1838
375 2591
375 2311
376 1772
376 1567
377 897
377 420
377 956
380 1797
383 2414
384 425
385 2009
386 2412
386 1585
390 2724
392 924
392 2753
392 963
393 2598
393 1097
394 1134
395 2287
396 875
397 1211
400 448
401 2704
401 2298
401 1459
402 2355
402 2632
404 2713
404 1554
405 1550
405 2081
407 919
407 1555
408 1482
409 1515
410 2668
410 745
413 2761
413 731
414 1634
416 1744
419 2878
421 1949
421 504
421 1837
421 2848
421 2896
421 1419
424 2112
424 2552
424 1421
425 2135
427 501
428 2614
429 1586
429 1719
430 1809
430 2351
433 2455
439 1062
439 1368
439 2813
440 2394
440 2906
441 1015
443 2337
443 655
443 1442
444 1004
444 2131
444 1638
447 1307
447 1805
453 499
453 649
455 974
458 1573
459 1501
459 1323
461 2487
461 2074
462 752
465 853
465 1906
467 2243
467 572
467 2971
467 2179
467 597
470 579
472 957
474 2248
475 2296
476 2679
478 2739
479 541
479 2788
480 2892
481 1016
481 1223
482 1158
482 2043
482 728
484 923
485 1852
485 2495
487 1872
487 2550
487 2024
489 2440
489 884
490 1623
490 1596
492 1871
492 2843
492 2340
492 2830
493 790
493 2385
494 1648
496 551
497 1478
497 2995
497 2110
498 2611
498 2958
498 2924
499 1276
499 1756
502 2639
502 555
502 792
503 2604
504 1530
504 662
504 771
505 1263
506 2733
508 1292
509 1092
509 1074
510 1512
511 940
511 1957
511 2869
511 2642
511 2180
512 2629
512 2783
512 1119
513 2203
515 663
517 1485
517 1280
518 2365
518 731
519 2737
519 2288
519 1452
519 1008
520 2181
520 760
521 534
523 1225
524 935
525 895
525 1185
525 1754
525 668
526 1559
526 2468
527 1426
528 1581
528 926
529 927
530 1921
532 2049
533 2350
533 970
536 2347
539 2234
539 2157
540 1263
541 2517
542 2154
542 2391
543 1036
543 1550
543 1624
543 2505
544 2037
544 2948
544 2414
546 2557
547 2550
549 1852
552 1083
552 2080
553 2146
553 2622
554 1410
554 2473
555 1307
557 2752
557 2118
559 1998
559 1671
560 1736
562 1440
562 1617
562 2001
562 1404
563 2725
565 2006
565 982
567 983
567 1268
567 1197
568 1762
569 2209
570 1548
572 644
574 1453
574 1003
575 1970
580 1187
581 2955
581 1859
583 1841
583 644
587 1298
588 2256
588 1270
592 2536
592 2678
593 804
594 2196
595 2842
595 1096
597 1412
598 1085
600 2502
600 1439
601 2808
601 1698
601 1015
601 666
602 629
603 858
603 2844
603 1671
604 862
607 929
608 2618
609 2621
610 2533
611 1505
611 2192
612 1333
612 2874
612 2605
612 2443
613 2123
615 2494
615 1663
615 982
616 2902
617 1450
620 1249
621 2288
621 2026
624 1275
625 1194
625 1525
626 1065
626 2069
627 2050
628 2027
628 1607
629 2784
630 2528
633 667
634 1888
634 2935
636 677
636 2302
637 831
637 856
638 1379
640 1626
641 678
644 864
645 2562
647 2971
647 1175
648 1824
650 1881
651 1280
651 2527
651 1596
652 1731
653 1327
654 1381
654 2304
655 2228
659 2135
661 1269
662 952
662 730
662 1072
662 2459
662 1909
664 914
664 1415
665 1571
666 1834
669 2055
669 2724
670 1528
671 995
674 1059
674 2242
679 1309
679 2949
679 2616
683 2832
684 1416
685 2832
686 1949
686 1292
686 2912
688 1219
688 720
688 1958
689 2654
690 1999
690 2468
690 1579
690 1060
692 2189
693 1643
694 2810
695 1536
696 1459
697 1968
697 1676
697 2884
697 1454
697 1529
699 1882
699 2468
699 1688
700 2876
701 1762
703 1692
704 1001
705 1083
705 977
706 2985
707 2374
707 2329
709 2043
709 1708
712 2383
712 2509
712 804
713 1747
714 1797
715 1676
715 2224
715 2936
715 2941
719 1772
721 1456
721 2824
722 2350
724 1586
727 2832
727 791
729 2114
729 2042
730 1613
730 2234
731 2634
731 2382
732 1275
732 2443
733 2339
734 2152
735 2933
736 2374
736 919
739 1373
741 1033
741 857
742 2437
742 2305
744 2611
745 2707
747 1556
748 1339
750 1937
750 2788
750 2968
750 1412
752 2572
753 1268
755 1567
756 1789
757 2049
757 1250
759 2679
759 1664
759 1447
761 2280
764 1121
764 2482
765 2854
765 2794
766 1036
766 1505
766 2468
766 1331
768 1274
770 2390
770 1941
772 1531
772 2563
773 1674
775 1974
776 1680
777 2143
778 1349
778 1061
779 1827
782 2719
782 2402
783 2391
784 1389
785 2843
785 877
787 813
788 2789
788 1641
788 2690
791 1078
791 2695
792 808
793 1158
793 1917
793 2909
795 2384
795 1964
796 1631
798 924
799 1453
800 2185
801 2399
801 1138
802 1756
803 1863
809 2751
810 1907
812 2636
812 2784
813 2003
815 2328
815 1616
817 1791
821 881
821 1910
823 1483
824 1789
824 1033
824 2865
825 2200
826 2090
826 1140
827 1022
827 868
827 1834
828 2507
829 2251
830 2701
830 2844
832 1078
833 2273
833 1345
834 2416
836 2647
837 1703
838 2860
838 1816
839 1949
841 1315
843 2659
846 2303
846 1553
849 2989
850 2523
850 2256
851 1258
851 2472
852 1176
852 2061
855 1130
856 2494
857 2459
857 2048
858 1204
859 1473
859 1433
860 2205
860 2877
861 1485
862 1004
865 2161
865 2118
868 1532
872 2442
873 1082
874 1056
874 2235
875 2246
876 1976
876 991
877 1130
877 2997
877 2347
879 1014
880 1036
880 2669
881 1053
882 2872
882 2426
882 2325
884 2420
885 2982
887 1971
888 1561
889 2946
889 2653
890 921
891 2548
891 1678
892 1598
893 2026
894 2234
896 1047
897 1724
897 2426
898 2196
899 2592
900 1540
901 1755
901 991
908 2111
914 2989
914 1564
914 2858
915 1209
916 1707
917 1465
918 1639
919 2002
920 1231
920 1357
921 2633
922 2220
923 2164
923 1917
923 1025
925 2751
925 1893
929 2463
931 2142
931 1421
932 2147
933 1497
934 2725
935 2703
937 1256
938 1899
939 1459
940 1822
940 2463
941 1716
941 2845
942 1593
943 2987
944 2374
944 1936
945 2727
946 2453
948 1047
948 2654
949 1972
949 1365
952 2965
952 1185
954 1722
955 1964
956 2708
956 1409
958 2120
958 2450
958 1283
959 1816
959 1147
959 1835
961 1871
961 1699
966 978
966 1495
968 2735
968 2808
969 2383
969 2183
969 1691
972 2318
974 2211
974 1496
977 1357
978 1777
979 1986
979 2759
983 1683
983 1379
984 1435
984 1404
984 1115
985 2569
985 2073
986 2510
987 2854
989 2966
989 2165
990 1036
991 2878
992 1975
997 2939
1000 1047
1002 2339
1002 1144
1003 2231
1006 2546
1006 1809
1007 1178
1007 1967
1009 1178
1010 1871
1010 1156
1014 2138
1015 1978
1015 1456
1016 1712
1017 1500
1018 1277
1018 1880
1019 1540
1019 1260
1021 2859
1022 1157
1022 2261
1023 1701
1024 1815
1026 1587
1027 1895
1028 1542
1029 1647
1030 1708
1030 1934
1032 1052
1033 1580
1034 1111
1036 2474
1037 2216
1037 1885
1039 2719
1039 1560
1040 2025
1040 1260
1042 2014
1042 2795
1044 2756
1044 2742
1047 1984
1047 2683
1047 2310
1049 1206
1049 2121
1050 2983
1052 2317
1052 1146
1053 2771
1053 2478
1053 1969
1056 2807
1056 2064
1056 2620
1058 1999
1061 2016
1063 1936
1065 2475
1065 1366
1065 2505
1065 1264
1066 2528
1066 1284
1068 1767
1070 1262
1072 2334
1072 2703
1074 2055
1074 1626
1074 2452
1075 2786
1077 1345
1078 1592
1078 2864
1079 2351
1081 2933
1082 2165
1083 1872
1083 2461
1084 2433
1084 2693
1084 1087
1085 2291
1085 1927
1087 2055
1090 1365
1092 1949
1092 1806
1095 1143
1100 2805
1100 1308
1100 1854
1100 2744
1103 1288
1104 1603
1110 2420
1110 2161
1111 2374
1111 2203
1112 1772
1112 2122
1116 2487
1116 1569
1116 2373
1116 2830
1118 2807
1119 1957
1121 1666
1121 2487
1121 1950
1121 1981
1122 2799
1123 1237
1123 2534
1123 1752
1124 2763
1130 1587
1130 1647
1130 2277
1130 2729
1132 2390
1136 2890
1139 2784
1140 2925
1140 1316
1141 2576
1142 2891
1145 2947
1146 2366
1148 1171
1151 2064
1152 2190
1157 1581
1157 2299
1157 2521
1159 1675
1160 2185
1160 2680
1160 2910
1162 1570
1162 1620
1163 1824
1163 1168
1164 1838
1165 2489
1168 2556
1168 2472
1168 2041
1169 1779
1170 1596
1172 1622
1172 1534
1174 2513
1175 1208
1176 2730
1176 1665
1177 1875
1177 1899
1178 1194
1178 1558
1178 2613
1179 2664
1181 1354
1182 1445
1183 1564
1186 1838
1186 2469
1188 1518
1189 2516
1190 2852
1193 2418
1195 2810
1196 1655
1198 2408
1200 1402
1201 1659
1203 1848
1204 2254
1204 2552
1206 1965
1206 2527
1207 2949
1207 1639
1209 1845
1210 1280
1210 2242
1210 2156
1211 1890
1214 2148
1215 2606
1215 1927
1218 2737
1218 1454
1219 1810
1219 1316
1221 1683
1222 1523
1225 1416
1225 2873
1225 1293
1226 1852
1227 2821
1230 2264
1231 2523
1231 2203
1232 1623
1233 2139
1233 1255
1235 1471
1235 2126
1235 2168
1238 1335
1240 1697
1241 1852
1241 2332
1246 1729
1247 2288
1248 1330
1248 2469
1250 2837
1252 2751
1252 2614
1252 1956
1252 1525
1254 1541
1254 2697
1255 2246
1256 2439
1256 1678
1256 2417
1256 2938
1258 2993
1259 2051
1259 2030
1262 1843
1262 2446
1267 1272
1268 1352
1268 2142
1269 1516
1270 1704
1275 2876
1275 2466
1276 1482
1278 1677
1279 2639
1281 2054
1281 2412
1281 2226
1281 1677
1282 1640
1282 2602
1283 2374
1283 2890
1285 2781
1287 2350
1287 2481
1287 2227
1288 2528
1289 1610
1291 2137
1291 2897
1291 2039
1293 2043
1297 2369
1298 2084
1298 2997
1299 2248
1299 2404
1300 2367
1301 1810
1302 2859
1303 2202
1303 2614
1305 2523
1305 1801
1306 1740
1310 2636
1311 2040
1312 1645
1316 1538
1316 2318
1320 2845
1322 1479
1325 2038
1328 2138
1330 2607
1334 2772
1335 2167
1338 1471
1338 1744
1338 2114
1339 2540
1339 2104
1339 1801
1339 2705
1339 1905
1340 2238
1340 2279
1341 2646
1341 2624
1343 2015
1343 2207
1344 2293
1346 1855
1347 2896
1350 2102
1354 1596
1355 1980
1356 2436
1359 2887
1360 2736
1360 2906
1361 1424
1362 2752
1362 2083
1363 2762
1363 2061
1364 2534
1366 2380
1368 1414
1369 1943
1369 2028
1371 2789
1373 2320
1381 2842
1381 2571
1384 2689
1385 2298
1390 2581
1391 1819
1396 1630
1397 2535
1401 1673
1404 1493
1405 1488
1406 1728
1407 2259
1407 2314
1409 1634
1410 2332
1411 2528
1412 2307
1415 2499
1415 2533
1415 2400
1416 2688
1420 1589
1420 2395
1422 1695
1425 1755
1425 2345
1427 1648
1430 2498
1431 2658
1432 1855
1437 1952
1437 1515
1438 1844
1441 2054
1441 1971
1443 2777
1447 1811
1449 2863
1452 2499
1453 2239
1454 2164
1456 1978
1457 2784
1458 1834
1459 1844
1461 2254
1462 1869
1463 2077
1464 2364
1470 2221
1471 2790
1471 1851
1471 2295
1472 2600
1474 2770
1475 2535
1475 2795
1476 1482
1480 2506
1483 2816
1483 2425
1484 1779
1487 2512
1487 2526
1489 1505
1490 2954
1490 1500
1492 1494
1493 1911
1496 1572
1498 2462
1501 2244
1501 2143
1503 2362
1505 2075
1508 2569
1509 2884
1510 1592
1513 1853
1515 1755
1516 1945
1516 2642
1516 2147
1517 2966
1518 2194
1519 1928
1521 2411
1522 2153
1522 1676
1522 1998
1522 1706
1524 2327
1528 1594
1528 2046
1530 2034
1530 2081
1531 2978
1534 2748
1535 2113
1535 2495
1536 2895
1536 2233
1537 2451
1542 1936
1545 2650
1545 2188
1546 2008
1550 1957
1550 1571
1559 2518
1559 2437
1560 2010
1560 2466
1561 2238
1565 2739
1567 1794
1567 2105
1567 1715
1567 2900
1567 2555
1570 2598
1570 1833
1572 2875
1573 1595
1573 2529
1574 1806
1577 1843
1581 2542
1582 2974
1584 2233
1587 2380
1587 1847
1587 2481
1587 2007
1589 2450
1593 2373
1596 1810
1596 2677
1604 2241
1604 2818
1607 1799
1608 1626
1608 2191
1609 1738
1613 2857
1613 2850
1615 1772
1615 1701
1616 2070
1617 2376
1618 2051
1625 2183
1630 1646
1632 2685
1632 1744
1636 1892
1638 2749
1642 1705
1648 2359
1649 2175
1650 2029
1650 2916
1651 2578
1651 2730
1651 2727
1652 1895
1653 1833
1653 2742
1654 2467
1656 2899
1658 1799
1659 1874
1663 1942
1666 2771
1668 2768
1670 1969
1670 1775
1672 2643
1673 1716
1673 1815
1676 2245
1676 2600
1676 2481
1678 2311
1679 2945
1679 2288
1679 2745
1680 2757
1680 1765
1684 2807
1689 1868
1689 2674
1689 2313
1690 1810
1690 2694
1691 2736
1692 2412
1692 2036
1693 2381
1694 2095
1695 2839
1698 2442
1701 1772
1701 2778
1701 2014
1702 2933
1708 2355
1710 2534
1710 2912
1711 1769
1711 2693
1712 2627
1714 1844
1714 2756
1715 1947
1719 2454
1720 2369
1720 2300
1721 2016
1721 2852
1722 2013
1724 2246
1724 2151
1725 2814
1729 2499
1730 2857
1731 2027
1732 2535
1733 2164
1737 2198
1737 2971
1740 2079
1742 2957
1744 1764
1744 2409
1744 2323
1745 2178
1747 2799
1748 2258
1749 2595
1752 2535
1755 2095
1759 2683
1760 1806
1772 1898
1775 2680
1775 1811
1776 2808
1776 2579
1777 2800
1780 1824
1780 1787
1785 2273
1787 2330
1790 2810
1793 2963
1794 2089
1794 2948
1795 2613
1797 2872
1800 1812
1800 2177
1800 2783
1800 2208
1800 2360
1801 2943
1802 1838
1805 2426
1808 2287
1810 2480
1810 2044
1810 2819
1812 2727
1813 2528
1814 2022
1817 2395
1822 1868
1822 2675
1823 2146
1824 2420
1824 2759
1827 2422
1828 1937
1828 2255
1829 1888
1832 1940
1836 2647
1837 2718
1837 1961
1843 2718
1845 1903
1845 2382
1849 2933
1851 2963
1852 2850
1854 2668
1854 2821
1860 2387
1862 2087
1866 2651
1868 1878
1868 2424
1868 2814
1868 2782
1871 2381
1872 2437
1872 2003
1872 2944
1872 2791
1874 2592
1874 2299
1874 1905
1876 2197
1880 2379
1881 2306
1883 2769
1887 2549
1891 2080
1891 2220
1895 2550
1900 2719
1903 2333
1903 1904
1907 2755
1908 1942
1908 2087
1912 2828
1914 2305
1918 2365
1924 2140
1926 2365
1926 2519
1927 2857
1929 2389
1930 2186
1935 2121
1937 2356
1938 2315
1940 2450
1946 2375
1952 2021
1952 2453
1957 2735
1958 2320
1962 2181
1962 2646
1962 1997
1963 2793
1969 2824
1971 2588
1974 2993
1975 2866
1979 2748
1984 2938
1985 2216
1990 2141
1994 2898
1995 2093
1999 2037
2007 2679
2009 2898
2010 2890
2011 2873
2012 2933
2015 2332
2015 2940
2016 2774
2017 2374
2021 2257
2021 2835
2031 2157
2033 2576
2034 2650
2035 2959
2040 2133
2045 2852
2046 2444
2049 2730
2057 2328
2061 2697
2064 2506
2065 2618
2067 2407
2068 2637
2069 2955
2070 2085
2073 2141
2075 2314
2076 2277
2085 2937
2086 2344
2087 2555
2090 2541
2094 2405
2102 2337
2102 2240
2103 2217
2110 2908
2111 2157
2111 2204
2115 2223
2116 2965
2117 2358
2118 2328
2119 2594
2122 2703
2124 2186
2129 2363
2129 2322
2132 2444
2135 2457
2141 2229
2146 2524
2152 2878
2153 2317
2153 2615
2156 2710
2162 2500
2169 2393
2170 2514
2172 2491
2177 2303
2179 2980
2181 2879
2182 2199
2182 2292
2185 2263
2187 2496
2193 2383
2206 2590
2210 2758
2210 2781
2212 2329
2214 2578
2214 2431
2215 2234
2215 2703
2220 2908
2223 2790
2226 2279
2233 2423
2233 2706
2233 2878
2236 2310
2241 2814
2241 2822
2241 2549
2243 2304
2244 2748
2244 2408
2247 2421
2250 2303
2253 2811
2256 2329
2259 2619
2264 2346
2266 2987
2269 2487
2271 2305
2273 2933
2274 2866
2275 2574
2276 2690
2279 2416
2281 2418
2283 2891
2284 2525
2284 2770
2284 2648
2284 2620
2285 2953
2285 2868
2287 2335
2287 2503
2292 2650
2293 2688
2296 2499
2303 2657
2303 2553
2303 2472
2308 2534
2311 2531
2313 2887
2316 2365
2317 2811
2317 2942
2325 2767
2325 2568
2327 2966
2327 2340
2336 2730
2342 2572
2344 2954
2346 2947
2356 2985
2358 2758
2361 2425
2365 2430
2366 2542
2367 2627
2369 2999
2371 2504
2374 2600
2374 2499
2383 2672
2389 2597
2390 2756
2391 2787
2392 2424
2394 2656
2394 2610
2395 2719
2396 2669
2396 2419
2400 2518
2406 2722
2406 2584
2408 2504
2409 2797
2412 2864
2412 2645
2418 2669
2420 2944
2422 2721
2427 2884
2429 2751
2432 2838
2440 2457
2442 2533
2442 2456
2445 2973
2448 2757
2456 2778
2462 2482
2474 2849
2482 2616
2485 2513
2498 2707
2515 2599
2518 2530
2521 2958
2527 2744
2528 2534
2540 2815
2550 2951
2554 2627
2555 2849
2562 2798
2579 2857
2580 2613
2581 2985
2595 2975
2598 2735
2601 2926
2605 2823
2607 2981
2611 2932
2620 2780
2628 2916
2630 2713
2636 2887
2638 2656
2646 2948
2655 2855
2671 2682
2680 2813
2681 2932
2694 2856
2709 2807
2716 2819
2719 2855
2725 2730
2747 2926
2750 2913
2752 2757
2789 2942
2806 2871
2835 2901
2860 2934
2900 2993
