3000 2976
1 2677
2 1125
2 1332
2 2270
2 2453
2 2993
3 875
3 2314
4 2671
5 1290
5 2760
6 1747
6 2884
7 1698
7 2649
10 676
10 1532
12 1117
12 1150
12 1247
12 1343
13 217
13 1137
14 2066
14 2109
15 156
15 867
15 2162
16 24
16 1498
16 2326
16 2340
16 2492
17 1107
18 126
18 872
18 2234
19 155
19 311
20 41
20 1776
20 2073
20 2975
23 235
24 596
24 2573
24 2861
26 1606
26 2078
27 1890
28 321
28 1445
28 1792
28 1796
28 2405
28 2961
29 882
29 2797
31 853
31 1225
32 418
32 625
32 949
32 2079
33 424
33 446
33 1833
33 2564
35 558
35 869
36 188
36 2914
37 568
37 2792
37 2815
38 1885
39 808
39 1450
39 2145
40 1542
40 1934
40 2681
40 2768
41 811
41 2412
41 2649
42 1467
42 2991
43 1336
43 2039
44 485
44 1236
45 799
47 52
47 2582
48 1387
48 2398
49 488
49 2113
49 2442
52 991
52 1163
53 494
53 833
53 2011
54 1625
55 1030
55 2662
56 162
56 257
57 2403
58 1160
59 1061
60 2657
61 871
61 1608
62 339
62 2216
63 921
64 396
64 918
65 798
66 2453
67 1854
67 3000
68 637
68 1399
69 539
69 1931
70 820
71 405
71 1121
71 2360
71 2508
71 2781
72 1062
72 2449
73 2683
74 1765
74 2488
74 2532
75 282
76 156
76 1299
76 2793
76 2808
77 2004
77 2598
77 2665
77 2825
78 450
79 724
80 209
81 2981
82 1784
84 1941
85 1810
85 2965
86 565
86 580
89 1321
89 2863
90 226
90 547
90 1271
90 2396
90 2642
91 1204
92 2587
93 2469
93 2751
94 416
96 263
96 1469
97 1067
97 1397
97 1689
99 850
100 1858
100 1891
101 839
101 1094
101 1150
102 1516
103 1237
103 1608
105 609
105 1815
106 529
106 682
106 1057
106 1398
108 2529
108 2613
108 2814
109 213
109 1399
109 2489
110 1869
111 814
111 1506
111 2757
112 708
112 2781
113 2461
114 966
114 2080
115 2740
116 2762
118 354
120 631
121 901
122 2798
123 1727
123 2538
124 1513
125 718
125 2725
126 891
126 1471
126 1763
126 2654
127 227
127 1166
127 2188
127 2202
127 2914
128 1674
129 2168
129 2202
129 2759
130 1403
131 1605
131 2070
131 2174
131 2621
132 1368
132 1419
133 333
133 585
133 1486
133 1580
133 1766
133 2837
134 1405
135 549
135 2418
135 2522
136 1372
136 1889
136 2119
137 571
137 2380
138 689
138 2298
139 1718
139 2537
140 614
140 3000
141 823
142 162
142 2383
142 2810
143 227
144 2312
145 1479
145 2648
146 960
146 1173
146 1313
147 615
148 231
148 704
148 1785
149 2387
150 925
150 1501
150 1865
151 518
151 1253
151 1787
152 829
152 1450
152 2019
152 2949
153 1296
153 2356
153 2535
154 2036
155 1210
155 2857
156 533
156 965
157 1254
157 2346
157 2713
159 2580
160 1521
160 2513
162 737
164 609
164 1217
165 448
165 2696
168 2347
169 1143
169 1636
169 1899
170 420
170 2867
171 1158
171 2841
172 725
173 192
173 639
173 993
173 2758
173 2759
174 443
175 327
175 1179
176 1115
176 1164
176 1460
176 2114
176 2919
177 222
177 763
177 1033
178 1000
178 1663
179 317
179 2943
180 2766
181 1591
181 2155
182 1804
183 1660
183 1886
183 2365
184 793
184 826
184 1151
184 2727
186 359
186 1580
186 1599
186 1641
186 2647
187 212
187 1160
187 1237
187 1994
187 2420
189 910
189 1465
189 1857
191 1002
191 1413
192 2508
192 2570
194 621
194 1544
194 1708
195 363
195 1130
195 1327
196 2557
196 2888
196 2926
198 1224
199 1869
199 2606
202 2900
203 2533
204 506
205 234
205 724
205 1278
205 1316
205 1837
206 209
207 601
208 2402
208 2438
208 2518
209 626
209 1996
210 1397
210 2341
211 423
211 1105
211 1861
211 2063
213 766
213 2042
213 2291
213 2455
214 646
214 1036
215 1844
215 2149
215 2204
216 645
216 1035
217 1304
217 1680
217 2345
218 433
218 1355
218 1696
219 2743
221 1168
221 1542
222 1495
222 1560
223 670
223 784
225 653
225 2338
225 2641
225 2998
226 308
226 945
226 1884
227 261
227 344
227 1453
228 1959
230 1393
230 1821
230 1953
230 2109
232 1134
232 2355
233 2133
235 852
235 1127
235 1267
235 2051
237 479
239 2266
239 2572
241 1889
241 2544
243 1741
244 696
244 969
244 2238
244 2798
245 797
245 1372
245 2492
246 920
246 1849
246 2947
247 2297
247 2343
248 977
249 341
249 608
249 745
249 1160
249 1598
249 1714
249 2475
250 2445
251 1167
252 1393
252 1925
253 1584
254 1596
254 2734
254 2827
257 2563
258 2489
258 2957
259 1320
259 2205
260 817
260 893
260 1601
260 2606
262 859
262 1471
262 2236
263 1155
263 1507
263 1512
264 1580
264 1634
264 1697
265 717
266 542
266 1913
267 2034
267 2433
267 2862
268 1301
269 1418
269 2595
270 927
270 1439
270 1752
271 1848
272 1215
273 347
274 2481
275 1011
276 831
276 2023
277 1408
277 2405
278 1088
278 1444
278 2197
279 563
281 487
281 1011
281 1478
281 2915
282 1908
282 2143
284 1155
284 1164
284 1225
284 2014
285 774
285 920
285 1378
285 1388
286 1635
286 2100
287 1640
288 1886
289 1271
289 1468
290 722
290 1125
290 2536
291 2766
292 1540
292 2206
292 2801
293 1125
293 2485
294 1782
294 2900
296 785
296 1916
297 611
297 2297
298 886
298 1329
298 2256
299 2304
300 2046
301 1685
301 1891
302 1262
302 1501
302 1612
304 959
304 1131
304 1515
304 1952
304 2674
306 1442
306 1644
307 1052
307 1278
308 498
308 662
309 959
310 1360
312 2903
313 872
313 1617
313 2787
315 1807
315 2673
317 1370
317 2959
318 688
318 1451
318 2411
319 672
319 1301
319 2201
319 2852
320 470
320 1787
322 1473
322 2145
323 1744
323 2290
324 1888
324 1918
325 2019
327 1402
328 1957
330 823
330 1356
330 2097
330 2331
330 2426
331 503
332 1298
332 2557
334 501
334 919
335 2148
336 2022
336 2932
337 379
337 2515
338 1127
338 2464
339 2797
340 524
340 2148
341 1077
341 2153
342 990
342 1558
343 1497
343 1615
343 2223
344 1745
345 372
345 806
345 1748
345 2713
346 2216
347 2936
348 604
348 1478
348 1629
349 2314
350 479
350 1848
350 2255
351 707
351 1239
351 2869
351 2927
353 2993
354 701
354 1142
355 682
355 1998
356 1517
357 1442
358 1589
359 1238
360 531
360 2451
361 575
361 2501
361 2583
362 811
363 1344
363 1900
363 1962
363 2296
364 407
364 949
364 2679
365 1446
366 1073
367 2395
368 1025
369 1145
370 2694
370 2851
370 2972
372 2179
373 1128
373 2364
374 936
376 1811
376 2294
376 2595
377 2669
378 727
378 940
378 1613
379 2511
380 570
380 2881
381 1639
382 767
382 1271
382 2665
382 2919
383 663
383 2618
384 2277
385 1580
385 1947
386 420
386 443
386 2142
386 2208
387 934
387 2030
388 1914
389 737
389 2380
390 1239
390 2365
390 2400
391 1424
391 1515
392 1540
393 699
393 1573
393 1906
393 2873
394 1129
394 1253
394 2699
395 456
395 1539
396 2457
398 971
398 1126
400 1441
401 492
401 1343
402 788
402 1203
402 1569
402 1581
402 1633
403 585
403 1397
403 2739
403 2869
404 1464
404 2388
405 933
405 2140
406 2961
407 755
407 1857
408 2833
409 818
410 1754
411 1760
411 2465
412 2984
413 2303
414 1973
415 2510
416 1055
416 1912
416 2505
416 2953
417 2306
417 2432
417 2737
419 987
419 1337
420 1172
420 1847
421 1939
422 2476
423 2230
425 2455
426 1410
426 1780
426 2473
427 2332
427 2583
427 2779
428 574
428 966
428 1283
428 2796
429 1288
430 1972
431 2013
432 524
432 1659
433 1749
434 814
435 1016
435 1029
435 1575
437 2016
438 1737
439 2777
440 2010
440 2349
441 1363
441 2807
442 1988
442 2956
443 464
443 1389
444 2297
445 562
445 987
445 1757
447 982
447 1577
448 759
449 818
449 940
451 629
451 1671
451 2554
453 569
453 1395
454 2548
454 2950
455 2055
456 2434
456 2498
458 854
458 933
458 1164
458 1595
459 2279
460 564
460 2138
460 2342
461 1640
462 1442
463 2262
463 2277
463 2513
464 1052
464 1309
464 2139
464 2554
465 2727
466 1763
467 594
467 1423
468 986
468 1446
469 721
469 2853
470 2893
471 2190
473 2136
473 2811
474 1040
475 1480
475 1727
476 1510
476 2762
477 2967
478 1606
479 1395
481 2770
482 1220
482 1497
482 1783
482 2498
483 713
483 2047
483 2835
484 2128
485 591
485 2247
485 2347
485 2903
486 1610
487 1571
487 1881
487 2278
487 2939
488 710
488 1667
488 1721
488 1867
489 855
489 2958
490 1527
491 2123
492 2030
492 2518
494 761
494 1835
495 936
495 1314
495 1421
495 2119
496 1318
496 2848
497 1097
497 2283
498 2370
498 2445
499 874
500 839
500 1404
501 1208
501 1682
502 1147
502 1990
502 2074
503 926
503 2269
504 1109
504 1793
504 2357
505 1213
505 1422
505 2323
507 1456
508 2901
509 1091
510 586
510 2748
511 571
511 1995
511 2705
512 2083
512 2153
512 2854
513 2171
514 1707
514 2303
515 2301
516 2259
517 931
517 1048
517 2457
518 2522
519 887
519 2204
520 742
520 1603
521 1163
521 2003
522 1232
523 2401
523 2481
525 2016
525 2430
526 1669
527 1821
527 1904
529 668
529 756
529 1655
529 1876
529 1959
529 2126
530 955
530 1570
530 2401
530 2517
531 2402
532 656
532 864
533 677
533 763
533 858
533 1427
533 2777
534 753
534 2291
535 2304
536 1590
536 1809
536 2225
537 2780
538 1863
538 2111
538 2282
539 615
539 870
540 1046
541 927
541 1601
544 1130
544 1143
545 1045
545 2775
545 2999
547 2135
548 823
548 1864
549 1745
550 625
551 610
552 1091
552 2855
553 1039
553 1056
553 1660
553 2746
554 2962
557 645
558 1953
559 694
559 1194
560 950
560 952
560 1116
561 2025
562 1272
562 1309
562 2200
562 2324
563 1350
563 1482
563 2808
564 1693
567 728
567 1495
568 1445
569 1056
569 2151
570 1086
570 2626
572 1799
572 2504
572 2636
574 2269
575 918
575 1411
575 2491
576 1305
576 3000
577 743
577 1463
577 2301
577 2362
578 2295
580 2846
581 855
581 949
583 2039
583 2951
584 762
584 1811
584 2073
587 2797
588 1951
588 2091
588 2170
588 2779
589 2902
589 2939
590 2392
591 891
591 1358
591 2607
594 2348
594 2596
594 2613
596 1594
596 1937
597 998
597 2177
598 1225
598 2758
599 1487
601 620
601 2676
602 1757
605 954
606 1023
606 1122
606 1862
607 984
607 1142
609 913
609 2679
609 2811
610 1947
611 648
611 1845
611 2428
611 2757
612 652
612 1902
612 2881
613 1394
613 1539
614 1253
615 1827
616 1433
616 2061
616 2071
616 2083
616 2449
617 671
617 2763
618 2418
619 1473
619 1996
619 2504
619 2638
620 1334
620 2026
620 2171
620 2501
621 704
621 2317
622 985
622 1598
622 2422
624 1441
625 1289
627 1648
627 2284
629 1433
631 2444
632 1313
632 1819
632 1887
633 2305
634 1501
636 2395
636 2547
637 2426
638 722
639 2900
640 1586
640 2160
640 2786
641 1638
641 1900
641 2531
642 2651
643 2073
644 650
644 952
645 1482
645 2633
646 1732
646 1862
646 2091
648 1916
648 2193
650 2530
652 2002
652 2346
653 2272
654 2415
654 2704
656 1669
656 2237
657 2464
658 1921
659 1232
659 1400
660 869
661 1744
661 1757
661 2201
661 2960
662 2405
663 789
663 1432
663 2636
664 1558
666 2674
667 897
667 972
668 1494
668 2027
668 2516
669 2476
670 1779
671 2121
671 2925
672 724
672 1004
672 1873
673 1406
673 2119
673 2528
674 1297
674 2144
674 2184
674 2235
674 2582
676 1040
677 2894
678 1629
679 2503
680 1459
680 1469
680 1955
681 2631
684 2004
684 2621
686 1690
686 2127
687 1032
687 2890
688 2170
689 1529
690 1444
690 1639
690 2471
691 728
691 2281
691 2501
692 1400
692 2782
692 2957
693 2447
694 1199
694 2449
694 2684
695 937
696 1115
696 2197
697 2124
698 2167
700 1472
701 2703
702 1662
703 1648
703 2057
704 1762
705 870
707 855
707 928
708 2644
709 2796
710 742
710 1836
710 1916
711 2570
712 782
713 1128
713 1468
713 2481
715 1158
715 1766
716 1969
718 1396
718 2420
719 2939
720 2299
720 2681
720 2946
721 1801
723 1909
724 1196
724 1471
724 2782
725 953
725 2228
726 2984
727 2044
727 2819
728 1678
728 1891
729 2786
730 838
730 909
731 2235
731 2249
733 1454
733 1749
733 2056
734 1789
735 786
735 1181
736 2282
736 2600
737 867
737 1301
737 1377
738 1040
739 1154
740 2518
742 1175
742 2507
743 800
743 1452
743 2018
744 1906
744 2442
744 2720
745 954
747 1013
747 2718
748 2334
748 2794
749 1330
749 2456
750 832
750 2279
750 2429
751 1272
751 2183
752 807
752 1013
752 1357
752 1671
752 2150
753 2525
755 1325
755 1636
755 1919
755 2043
757 2467
759 1324
760 880
763 793
763 963
763 1183
763 2101
763 2650
764 1637
764 2035
765 1569
765 1770
765 1833
766 780
767 1692
767 1976
768 1937
768 2791
769 906
769 2417
769 2513
770 2580
770 2994
771 856
772 790
773 1057
773 1700
773 2786
775 2172
777 1489
777 2520
778 1133
779 1338
779 2459
779 2678
780 2469
781 2131
782 1942
783 2367
784 1011
785 851
787 2217
789 2003
789 2956
790 864
790 2808
791 1795
791 2982
792 2200
793 1083
794 2357
795 1173
796 1776
796 2402
797 983
797 1423
797 1778
798 2417
799 838
799 1094
799 1709
799 2799
800 2320
801 1642
802 1586
802 2569
803 1409
805 1218
806 2054
807 1793
808 1663
808 2325
809 1736
810 2562
812 878
812 1773
812 2961
813 1058
813 2177
814 945
816 1569
816 1962
817 950
817 1460
817 2292
818 1739
818 2838
819 2375
820 2417
821 1516
821 1874
821 2116
821 2872
823 1189
823 1713
823 2083
825 972
825 1232
825 1311
826 1120
827 1317
827 1708
827 2492
827 2617
828 2250
829 972
829 1304
830 884
830 1312
830 1361
830 1499
832 1144
833 2591
834 1608
834 1709
834 2943
835 988
836 1414
837 1797
837 2345
838 1280
840 2109
840 2170
840 2643
843 1228
843 1568
844 2756
844 2940
846 1619
846 2454
847 880
847 2073
848 1830
849 868
850 1511
850 2190
853 1363
853 1421
855 1285
855 2563
856 1065
856 1456
860 906
860 1632
861 1895
862 1480
862 2701
863 989
865 1245
865 1588
865 1959
865 2896
867 1200
868 1790
868 2463
870 1289
870 2253
871 941
871 2554
871 2992
873 1223
873 2087
874 1754
874 2384
874 2743
876 1246
876 1948
877 1431
877 1538
878 1437
878 1606
878 1970
879 2182
881 2169
882 1364
883 951
885 1022
885 2785
886 2229
887 1821
887 2446
889 1135
889 2195
891 2092
892 2354
892 2826
893 1490
894 1784
894 2893
894 2944
897 2017
899 2984
900 1067
901 1559
902 1228
903 978
903 1966
904 1814
905 2545
906 1636
906 1706
908 1456
908 2187
909 1221
911 1148
911 1512
911 2041
911 2624
911 2912
913 1041
913 1916
913 2886
914 2429
915 1105
915 1324
916 2974
917 2171
918 2290
919 2260
921 2098
922 1032
924 1889
925 1619
926 1206
926 1228
926 2097
928 1234
929 932
930 2810
931 947
932 1601
932 1668
933 2568
934 2526
935 1296
935 2752
936 2699
937 1656
937 2297
939 1845
942 1306
942 1307
942 2728
943 1450
943 2185
943 2295
944 1246
944 1406
944 2012
944 2119
945 1004
945 2559
945 2565
946 1078
946 1638
947 1260
947 2429
948 1622
949 1524
950 1539
951 1892
952 1627
952 2459
953 1581
954 1328
956 1213
956 2025
956 2535
957 2947
958 1222
958 1482
958 2081
958 2205
959 1068
961 1096
961 1227
961 2886
962 1161
962 1816
962 2042
963 988
963 2219
964 2644
964 2752
965 1758
966 2829
967 2343
967 2425
968 2320
968 2469
969 1302
970 1086
971 1941
973 1645
973 2333
974 1450
974 2319
975 1005
975 1885
976 1433
976 2296
977 1320
977 1910
980 1640
980 2101
980 2154
980 2840
981 1510
981 2058
981 2427
982 1222
983 1742
984 1181
984 2716
987 1120
987 1486
987 2054
989 1735
990 1977
993 2949
994 1393
994 1637
997 2528
1001 2281
1002 1623
1002 1684
1002 1939
1003 2590
1004 1834
1005 1459
1007 1885
1008 1379
1008 2058
1008 2825
1010 1793
1010 2534
1011 1431
1011 2221
1012 2232
1014 1879
1014 1967
1015 1708
1015 1854
1016 1144
1017 1268
1017 1596
1018 1883
1018 2981
1021 1192
1021 2038
1021 2845
1021 2852
1022 1061
1022 2207
1023 1184
1023 2299
1024 1054
1024 1424
1025 2157
1025 2703
1026 1519
1027 2079
1028 1038
1028 2186
1030 1236
1031 1487
1031 2914
1032 2895
1033 1756
1034 1239
1035 1705
1035 2227
1037 1735
1037 2594
1038 2905
1039 1860
1039 2187
1040 2725
1040 2849
1041 1100
1042 2474
1042 2956
1043 1874
1043 2602
1044 1486
1045 1885
1045 2190
1045 2562
1046 2014
1046 2523
1046 2789
1046 2969
1047 2760
1048 1931
1048 1944
1048 2031
1049 1821
1049 2656
1051 1483
1051 2402
1052 1584
1052 2051
1052 2190
1052 2757
1053 1585
1053 2890
1054 1119
1055 2639
1055 2869
1056 1432
1057 1128
1058 2882
1059 1534
1061 1858
1062 1558
1064 1487
1064 2742
1066 2367
1067 2201
1068 2487
1069 1187
1069 2089
1070 2294
1070 2363
1070 2439
1072 1498
1072 2046
1072 2900
1073 1437
1073 1937
1074 2613
1076 1371
1077 2709
1078 2512
1079 1602
1080 2625
1080 2832
1081 2830
1082 1425
1082 2913
1083 1207
1083 2979
1084 1924
1086 1905
1086 2141
1086 2531
1087 1806
1088 1565
1088 1692
1089 1205
1092 2788
1093 2490
1093 2612
1093 2984
1094 2666
1094 2708
1095 1279
1095 2976
1096 2959
1097 2274
1097 2952
1099 1403
1100 1387
1100 2045
1100 2505
1101 1824
1102 1219
1102 2611
1104 1126
1105 1122
1105 1208
1105 1599
1105 2205
1105 2646
1107 1379
1107 1398
1108 1293
1110 1768
1110 2089
1110 2279
1111 1936
1112 1280
1112 1471
1112 2473
1113 1373
1113 1699
1114 1888
1115 1430
1115 1441
1115 2889
1116 1184
1116 1275
1116 1506
1116 2681
1117 1330
1117 1894
1120 2661
1121 1199
1121 1459
1122 2030
1122 2416
1125 2243
1126 1454
1127 2740
1131 1885
1132 2289
1134 2343
1135 2743
1135 2893
1137 1286
1137 1944
1137 2220
1138 2025
1138 2397
1141 2156
1141 2596
1142 1860
1143 1604
1144 1304
1145 2710
1146 1952
1146 2547
1146 2910
1146 2981
1148 1404
1149 2649
1150 2113
1150 2118
1150 2975
1152 1231
1152 1659
1152 1956
1152 2150
1152 2348
1153 1539
1154 1870
1155 1550
1155 2295
1156 1170
1157 1798
1157 2522
1158 1220
1158 1978
1159 2321
1160 1240
1160 1373
1160 2402
1162 1658
1162 2662
1163 1264
1163 2307
1164 2630
1165 1216
1166 2360
1167 2705
1168 1858
1168 2517
1171 2006
1171 2047
1171 2222
1171 2700
1172 1825
1172 2148
1172 2612
1173 1715
1173 1857
1174 2297
1175 1746
1176 1872
1176 2503
1177 2710
1178 1708
1178 2146
1180 1968
1180 2109
1180 2243
1180 2390
1181 1347
1182 1229
1182 2194
1182 2563
1183 2146
1184 2213
1184 2459
1185 2490
1186 2242
1188 2034
1188 2958
1190 2586
1192 1992
1193 2490
1194 2008
1194 2448
1195 1244
1195 2469
1200 2230
1200 2662
1200 2863
1200 2877
1200 2926
1201 1284
1201 1848
1201 2759
1202 1574
1203 1611
1203 2104
1204 2166
1205 2093
1205 2347
1206 1955
1206 2489
1207 1937
1207 2999
1208 1997
1209 1375
1209 2014
1210 2398
1211 1586
1211 2459
1211 2902
1212 1414
1214 1649
1215 2468
1215 2919
1216 2120
1217 2330
1217 2747
1218 1669
1218 2362
1219 1359
1219 2948
1220 1714
1222 2979
1224 1301
1224 2283
1224 2918
1225 1237
1225 1607
1225 2790
1226 1542
1226 2017
1226 2333
1227 2234
1228 1338
1229 1734
1230 2675
1231 1801
1231 2130
1231 2415
1232 1595
1233 1317
1233 2051
1234 1814
1235 1268
1235 2337
1235 2806
1236 1490
1236 1804
1236 2720
1238 2717
1241 1248
1241 2061
1242 1862
1242 1971
1242 2271
1243 1774
1246 1258
1246 1530
1247 1566
1248 2927
1249 2404
1251 1525
1251 2424
1251 2578
1252 1537
1252 2117
1253 2281
1254 1449
1255 2491
1256 2040
1261 1391
1262 1474
1262 2692
1263 2739
1263 2769
1266 2382
1267 2601
1268 2876
1272 2022
1272 2308
1272 2323
1273 2287
1274 1424
1274 2960
1278 1891
1280 2749
1281 2523
1285 2143
1285 2658
1286 1551
1286 2572
1288 2684
1289 1506
1289 2301
1290 2070
1293 1960
1298 2942
1299 2396
1300 1723
1300 2200
1301 1870
1301 2579
1302 2150
1302 2812
1303 2757
1303 2792
1303 2898
1304 2030
1304 2377
1304 2503
1307 2520
1308 1802
1310 1648
1311 1520
1312 1940
1312 2989
1314 2878
1315 1982
1316 1793
1316 2697
1318 2150
1319 2026
1319 2372
1319 2523
1320 1697
1320 2355
1320 2747
1322 2084
1326 1638
1327 2060
1327 2450
1328 2260
1328 2561
1332 1524
1332 2046
1333 2127
1333 2428
1335 2695
1336 1557
1337 1459
1337 1492
1337 1715
1338 2713
1339 1975
1341 1912
1342 1446
1345 2854
1348 2436
1348 2871
1352 1763
1352 2780
1353 1969
1353 2543
1355 2386
1356 1510
1356 1523
1356 2298
1358 2426
1358 2900
1359 1581
1360 1741
1360 2889
1361 2030
1364 1698
1369 1580
1371 1792
1371 2010
1375 1435
1375 1793
1376 1920
1376 2135
1376 2413
1377 2716
1378 2333
1379 2673
1381 1548
1381 2007
1381 2049
1381 2480
1381 2683
1382 2616
1383 1497
1384 2455
1386 1731
1386 2993
1387 2281
1389 1543
1389 2738
1390 1953
1390 2134
1390 2993
1392 2857
1394 2515
1395 2055
1397 2150
1397 2853
1398 1414
1398 2818
1398 2985
1401 1519
1404 1637
1405 1465
1409 2318
1410 2070
1410 2698
1411 1860
1411 2119
1412 2288
1413 1668
1413 2828
1413 2927
1414 2550
1414 2944
1415 2274
1416 2659
1418 1736
1418 2574
1418 2602
1420 2251
1420 2379
1422 2068
1423 1636
1423 2139
1423 2182
1423 2188
1423 2486
1425 1707
1426 2157
1427 2360
1427 2492
1428 2317
1431 2554
1433 1700
1433 1964
1435 1874
1438 1987
1439 2249
1441 2716
1442 1763
1442 1903
1445 2274
1447 1827
1448 1972
1448 2167
1448 2680
1449 2911
1451 2099
1452 1621
1452 1813
1452 2292
1453 2007
1453 2187
1453 2957
1456 2056
1456 2263
1456 2629
1457 2269
1458 1946
1460 1716
1461 1942
1461 2049
1461 2756
1462 1471
1463 2308
1466 1855
1467 1507
1467 1881
1467 2374
1467 2622
1470 2831
1471 2644
1474 2911
1475 2468
1476 2845
1479 2593
1480 2241
1481 1967
1481 2540
1483 2345
1485 1661
1485 1922
1485 2689
1487 1522
1488 2492
1489 1904
1490 1650
1490 2183
1491 2506
1494 1968
1496 2528
1497 1635
1498 1769
1498 2015
1499 2844
1504 2925
1505 2329
1505 2625
1506 2922
1510 2032
1511 1932
1513 1680
1513 1746
1513 2333
1515 2340
1517 1753
1517 2096
1517 2652
1518 2763
1519 2637
1520 2613
1520 2735
1524 2168
1524 2792
1526 2925
1529 1852
1529 2071
1529 2477
1529 2980
1530 1908
1530 1981
1530 2511
1531 2829
1532 2514
1533 1613
1534 2599
1535 2383
1537 2209
1537 2278
1538 1662
1538 2777
1540 1594
1540 1762
1540 2669
1541 1675
1541 2481
1541 2907
1544 1810
1544 2897
1545 1752
1545 2598
1547 2482
1547 2593
1547 2810
1548 2736
1549 1738
1550 1959
1551 1665
1553 2310
1556 2292
1557 2371
1558 1977
1559 1655
1562 2235
1562 2324
1562 2436
1562 2873
1562 2876
1564 1600
1564 2600
1565 1863
1567 1956
1567 1965
1570 1689
1570 2900
1571 1604
1572 2450
1573 2021
1573 2354
1573 2812
1574 2884
1575 2519
1578 2285
1581 1713
1582 1870
1582 2389
1582 2407
1582 2721
1583 2106
1584 2517
1588 1945
1590 2548
1590 2895
1591 2073
1592 2093
1593 2171
1595 2042
1596 2656
1598 1787
1598 2044
1598 2604
1601 1717
1603 1751
1603 2073
1603 2509
1604 2176
1604 2768
1605 1649
1605 2049
1606 1669
1607 1848
1607 2713
1610 2037
1610 2286
1612 2283
1613 2703
1613 2797
1613 2966
1615 2746
1618 1664
1619 1889
1620 2531
1620 2735
1621 2263
1622 1627
1623 1772
1625 1888
1625 2277
1625 2916
1625 2952
1626 2529
1628 1993
1628 2201
1629 2300
1630 2865
1631 2249
1633 2522
1633 2609
1635 1742
1636 2077
1637 2222
1637 2352
1637 2752
1638 2979
1640 1833
1641 2221
1643 2303
1644 2284
1645 2802
1647 2359
1649 1887
1650 2648
1655 2388
1656 1763
1656 2906
1657 2616
1658 2434
1658 2498
1658 2981
1659 2246
1659 2883
1660 2575
1660 2588
1660 2740
1662 2100
1664 2288
1664 2303
1664 2520
1666 2196
1666 2803
1667 1886
1667 2929
1670 1886
1671 2602
1672 2234
1672 2612
1674 2621
1676 2991
1677 2865
1678 1925
1679 2156
1680 2661
1680 2801
1681 2183
1682 1909
1682 2743
1683 2513
1684 2199
1685 1773
1685 2120
1686 2068
1686 2968
1688 1985
1688 2382
1688 2766
1689 2747
1689 2800
1689 2869
1689 2987
1691 2426
1691 2634
1692 2143
1692 2328
1692 2758
1693 1820
1693 1905
1694 2895
1695 2742
1695 2765
1696 1773
1697 1756
1697 2148
1698 1910
1698 2283
1699 1880
1700 2010
1702 2198
1704 2876
1705 1707
1705 2364
1706 2542
1706 2797
1707 2614
1709 1840
1709 2646
1710 1912
1711 2467
1712 2865
1713 2692
1716 1997
1716 2927
1717 2184
1720 2029
1720 2252
1720 2975
1722 2539
1723 1760
1723 2479
1723 2790
1724 1863
1724 2776
1726 2834
1727 1939
1727 2452
1727 2571
1728 2503
1728 2738
1730 2160
1733 2145
1737 2707
1738 2197
1738 2388
1742 1794
1742 2158
1743 1917
1744 2451
1745 2546
1746 2409
1747 1860
1747 2530
1752 2103
1752 2721
1753 2005
1755 2128
1755 2381
1756 2853
1759 2002
1760 1766
1761 2037
1761 2460
1762 2618
1763 2250
1764 2124
1764 2989
1766 2117
1767 2003
1768 2775
1770 2123
1772 2089
1773 2800
1774 1797
1776 1831
1776 2379
1776 2562
1776 2973
1777 2932
1778 2509
1779 2096
1781 2106
1782 2771
1784 2780
1787 2418
1789 1925
1789 2261
1792 2607
1797 2390
1798 2626
1799 2645
1799 2794
1800 2420
1803 2274
1804 1810
1809 2906
1811 1988
1811 2002
1813 1870
1813 2266
1813 2792
1814 2713
1816 2877
1817 2354
1817 2789
1818 2659
1818 2713
1818 2969
1819 2326
1819 2428
1823 2819
1823 2850
1825 1964
1825 2218
1827 2058
1830 2968
1832 1918
1832 2066
1833 2558
1834 2237
1836 2511
1838 2346
1841 2112
1841 2931
1842 2169
1842 2723
1843 2825
1844 2002
1844 2014
1844 2724
1846 2211
1846 2497
1846 2629
1847 2999
1848 2255
1849 2637
1850 1987
1850 2763
1853 1876
1855 2584
1855 2805
1856 2830
1858 1990
1859 2172
1862 1916
1862 2904
1863 2583
1864 2640
1865 2484
1868 1896
1870 2252
1871 2085
1872 1965
1873 2030
1874 2703
1874 2836
1876 2518
1877 2848
1877 2853
1878 2406
1880 1912
1881 2139
1881 2513
1882 2297
1885 2544
1886 2498
1890 2546
1890 2704
1892 2085
1893 2290
1896 1955
1896 2868
1897 2535
1901 2532
1906 2242
1914 2403
1916 2530
1918 2895
1921 1951
1924 2213
1926 1962
1926 2212
1932 2539
1934 2334
1937 2425
1938 2818
1941 2768
1943 2090
1944 2438
1945 2080
1946 2160
1946 2508
1949 2833
1950 2248
1951 2541
1953 2102
1955 2209
1956 2094
1957 2133
1957 2479
1958 2001
1958 2066
1958 2735
1959 2633
1960 2179
1960 2235
1960 2278
1962 2901
1963 2658
1964 2635
1971 2045
1972 2286
1972 2419
1973 2946
1974 2759
1975 2292
1976 2524
1977 2466
1978 2947
1979 2094
1980 2321
1981 2432
1983 2660
1984 2060
1984 2115
1989 2566
1991 2164
1992 2310
1993 2293
1994 2708
1994 2919
1994 2996
1996 2600
1997 2004
1999 2072
1999 2174
1999 2429
2000 2959
2004 2613
2005 2606
2007 2259
2007 2356
2008 2447
2008 2885
2008 2995
2010 2066
2012 2527
2016 2349
2016 2607
2017 2189
2017 2418
2019 2560
2020 2739
2020 2858
2023 2087
2023 2752
2026 2337
2029 2464
2031 2322
2033 2459
2034 2204
2035 2431
2042 2581
2043 2677
2044 2158
2045 2907
2045 2916
2045 2986
2047 2660
2050 2471
2051 2401
2052 2570
2053 2606
2057 2115
2057 2517
2057 2971
2066 2145
2070 2155
2072 2287
2074 2470
2074 2512
2077 2390
2078 2517
2078 2918
2080 2932
2081 2743
2082 2790
2084 2547
2086 2432
2086 2899
2089 2478
2090 2894
2092 2100
2092 2954
2096 2316
2097 2641
2099 2398
2099 2804
2100 2853
2102 2573
2105 2385
2108 2933
2109 2427
2111 2255
2111 2334
2112 2194
2114 2966
2117 2990
2122 2425
2124 2243
2125 2886
2126 2714
2127 2434
2128 2880
2133 2275
2135 2910
2139 2788
2140 2848
2143 2328
2143 2405
2143 2551
2144 2455
2145 2997
2146 2239
2150 2168
2150 2541
2151 2183
2151 2536
2154 2425
2154 2567
2157 2999
2158 2462
2162 2319
2168 2388
2170 2360
2172 2388
2173 2360
2175 2215
2175 2484
2177 2366
2177 2436
2177 2573
2181 2773
2181 2975
2185 2702
2188 2273
2189 2610
2189 2761
2191 2832
2192 2594
2194 2994
2197 2762
2199 2447
2202 2998
2204 2850
2206 2561
2208 2644
2210 2811
2211 2959
2214 2868
2216 2320
2217 2829
2222 2760
2230 2792
2233 2758
2242 2736
2242 2811
2242 2941
2243 2850
2244 2303
2244 2561
2245 2555
2246 2725
2247 2346
2248 2878
2252 2633
2252 2737
2253 2520
2255 2555
2256 2849
2258 2428
2260 2982
2264 2398
2267 2431
2267 2486
2271 2570
2272 2470
2272 2597
2280 2434
2283 2734
2290 2417
2291 2944
2294 2831
2295 2707
2295 2739
2300 2375
2300 2813
2301 2663
2303 2399
2304 2609
2305 2884
2306 2487
2306 2717
2307 2908
2309 2645
2309 2780
2310 2534
2313 2826
2314 2471
2315 2539
2316 2872
2319 2470
2321 2797
2323 2349
2325 2460
2326 2508
2328 2813
2329 2619
2330 2811
2331 2443
2334 2478
2334 2956
2335 2631
2336 2756
2338 2685
2341 2384
2344 2372
2345 2715
2348 2837
2349 2564
2351 2643
2353 2490
2355 2673
2359 2863
2360 2398
2362 2674
2367 2637
2368 2978
2370 2575
2373 2432
2373 2569
2373 2801
2376 2640
2381 2673
2382 2711
2391 2544
2392 2621
2394 2555
2395 2824
2397 2799
2404 2883
2406 2852
2412 2837
2412 2908
2421 2731
2421 2904
2422 2611
2423 2855
2425 2578
2426 2770
2429 2927
2432 2684
2433 2864
2435 2508
2436 2776
2437 2498
2437 2681
2437 2848
2438 2477
2442 2801
2444 2665
2446 2603
2448 2567
2454 2998
2457 2723
2461 2672
2472 2665
2474 2537
2474 2779
2475 2992
2478 2882
2484 2668
2486 2610
2489 2834
2492 2559
2492 2893
2497 2574
2499 2822
2503 2977
2507 2791
2509 2806
2510 2995
2512 2628
2512 2838
2513 2570
2514 2894
2519 2554
2519 2650
2522 2791
2522 2871
2522 2948
2525 2972
2531 2631
2534 2863
2538 2740
2542 2791
2558 2776
2561 2771
2566 2885
2569 2591
2569 2729
2575 2771
2575 2963
2584 2690
2584 2745
2589 2622
2598 2684
2598 2876
2603 2651
2603 2908
2605 2846
2607 2721
2614 2958
2630 2715
2639 2857
2644 2955
2646 2805
2647 2892
2648 2778
2649 2765
2652 2813
2658 2968
2660 2935
2662 2685
2666 2716
2667 2717
2671 2697
2672 2924
2686 2908
2692 2783
2705 2815
2723 2791
2732 2826
2733 2876
2734 2990
2736 2765
2752 2884
2754 2797
2774 2867
2775 2803
2783 2786
2787 2950
2793 2890
2797 2913
2801 2869
2809 2888
2813 2964
2826 2988
2842 2851
2849 2889
2857 2868
2897 2901
