3000 1500
1430 2885
255 1463
1377 1683
692 1580
122 561
1016 2464
11 2005
358 917
306 727
897 1460
1086 2824
345 983
131 2308
1305 2803
869 1784
2158 2261
74 2941
2389 2917
1594 2942
31 1438
907 1752
1135 2513
1945 2647
1289 1933
481 2025
784 1388
562 2507
654 2590
432 2397
241 1783
269 1207
335 1418
1583 2043
1168 1764
2515 2926
48 1095
1564 2258
831 1361
2651 2786
530 875
1158 1347
378 2318
2062 2391
456 517
444 1711
1091 1293
991 2109
447 962
59 1640
2561 2605
277 816
128 687
573 2764
1693 2529
1120 1850
729 2782
78 835
1325 1761
148 2736
643 1812
467 912
537 1156
518 2949
2276 2742
750 1794
1581 2854
1649 2580
469 1897
626 1206
185 826
1102 1171
62 2152
421 1596
2635 2652
1224 1920
934 1852
1786 2068
906 2284
1614 1696
658 2182
1271 2791
242 2649
344 1205
1936 2277
324 1375
662 2682
1860 2632
1607 2488
856 1357
1488 1979
683 791
484 2388
1529 2654
462 2220
356 927
449 889
1923 2729
2162 2602
38 1376
340 2006
1697 2624
173 1191
184 977
795 2034
231 909
359 1732
1721 2199
2437 2518
1195 2498
884 1553
955 2925
1128 2179
2539 2911
349 1129
918 2369
878 2333
1791 2114
671 2083
89 1993
79 1799
2615 2677
1667 2758
709 775
1883 2354
1301 2492
579 701
337 759
637 1200
1690 1815
690 2231
1431 2723
1116 1436
1295 1816
85 1748
588 1545
1112 1551
239 494
867 1454
689 2765
2211 2690
1843 2151
1510 2499
477 932
455 993
487 2522
1599 2549
1408 1706
972 1404
2413 2802
228 2792
2169 2298
502 557
539 1787
474 1248
1303 2155
1746 2087
143 1005
489 2316
1414 2251
1054 2848
2079 2116
1036 1402
1440 1980
205 836
95 964
821 1742
222 925
425 1513
17 227
351 2467
2181 2923
1034 1971
987 1896
2785 2808
1048 2400
1204 2684
1237 1549
647 1189
2417 2497
1480 2996
782 2811
424 851
191 420
261 2959
2110 2611
1340 2055
1099 1700
1951 2883
146 2749
1218 1800
92 2778
858 1228
767 2916
90 2439
254 2547
1894 2842
182 1215
235 2161
271 2721
1537 1823
1976 2130
564 2565
1097 2125
130 158
895 2176
13 2462
1140 2123
1826 2047
2202 2334
329 1391
403 2094
2021 2667
2271 2433
461 2715
1057 2740
1484 1910
435 2168
675 1771
321 2591
50 2851
1692 1795
7 823
2533 2819
1968 2144
326 576
394 2288
1114 1674
1259 1912
755 1103
574 1845
2554 2734
989 1944
665 1969
704 2714
966 1817
1602 2781
1606 1619
209 2857
1616 1898
556 2821
1984 2739
135 2944
1490 1938
129 1701
2134 2763
98 2122
434 2831
1873 2907
68 1727
52 2011
646 2341
2157 2931
1957 2348
794 2621
1190 1538
744 2620
442 1644
1615 2733
604 2051
1292 1671
401 2137
937 2382
460 2573
1 976
2449 2787
2142 2636
930 1704
2914 2972
215 1758
389 2814
247 2321
141 353
2789 2833
1974 2800
1068 1566
975 1338
655 2825
2136 2947
1164 1210
2001 2530
1022 2209
710 1714
418 904
1967 2738
295 2904
1432 2350
237 1322
1178 2699
1647 2769
1519 1680
548 2303
682 1220
924 1507
1681 2910
303 1717
825 1613
2688 2920
1780 1842
1202 1865
311 2560
1745 2558
926 2604
1024 1715
2481 2563
1069 1457
618 1441
1856 2775
1277 2919
198 216
1323 1494
674 2131
2556 2979
685 2262
2274 2326
1214 2117
2505 2524
10 223
26 1924
1021 1658
2075 2912
1010 1505
1028 2722
2082 2542
1955 2587
804 2977
120 2610
763 2567
2534 2708
249 1937
812 1031
1565 1763
1942 2653
1666 2111
2265 2412
1052 2009
2355 2570
196 367
1395 2528
366 549
1406 1603
742 2377
1496 2171
632 1837
499 1981
29 2706
959 1593
1153 1315
229 521
314 1648
1703 2212
1154 2973
297 1595
357 1609
221 553
2093 2812
2293 2837
293 1710
1952 2278
2069 2454
313 901
717 2940
981 1180
952 2614
2204 2535
286 2115
1861 2955
20 2984
593 1076
413 2686
586 808
491 799
67 2049
1774 2514
415 1829
1547 1977
2596 2622
18 2687
1670 2313
1336 1879
1698 1886
2127 2903
1497 1567
2429 2859
1297 2216
289 2363
1400 2574
390 2186
894 1948
2490 2991
762 2286
1110 2246
606 1401
1105 2805
661 1862
1775 2865
509 1468
2234 2247
282 373
1863 2834
1452 1802
2269 2735
1629 2029
266 2994
908 2906
371 572
1918 2662
188 752
218 2172
214 1793
336 2685
1453 2827
405 1769
1625 1887
1047 2813
2368 2983
138 2593
445 2893
452 803
1399 2712
2039 2700
1943 2583
159 257
883 2566
33 855
1296 2592
950 2183
416 2807
71 1986
2268 2644
343 2594
2281 2434
605 2185
619 1037
916 1818
2478 2719
384 2711
616 2868
1832 2836
645 2486
1998 2639
1486 1561
1770 2223
483 1032
1274 2056
2017 2100
2200 2630
2849 2896
1291 1587
536 2063
567 2050
284 2112
431 2656
1435 2804
751 2517
207 2767
820 2244
2456 2569
154 168
1272 1550
84 109
1157 1605
219 1959
391 1019
1345 2070
817 1685
1956 2898
800 958
1111 2248
315 1554
294 677
1718 2059
1415 2250
1757 2953
1093 1332
101 1078
2224 2504
2206 2227
1694 2195
1972 2963
728 947
1284 2031
1499 2779
1988 2678
837 2924
649 738
667 2104
2010 2967
230 1465
317 679
2457 2640
780 1343
1150 1965
708 829
118 1409
341 514
1283 2085
1541 2609
769 1226
1958 1994
1911 2965
527 2861
178 2707
1571 2753
1646 2438
1027 2280
236 2159
1481 2450
140 730
1280 1907
250 2444
263 1331
1785 2982
127 1964
1643 2754
1548 1699
332 648
644 2232
541 1316
1138 1306
381 2267
2471 2613
838 1459
55 1050
684 2304
741 2658
2404 2559
543 724
1208 2655
327 691
736 1533
1363 1811
849 1181
818 1193
2045 2253
740 1130
1720 1904
459 2428
472 1989
6 87
746 1474
846 2315
628 781
1439 1926
1778 2295
772 2106
1921 2460
1250 1358
2445 2874
2512 2784
1724 2180
1371 2178
871 1446
622 2319
2036 2531
473 2870
2312 2322
60 1914
935 1094
1064 1733
1716 2562
114 1067
2339 2461
2421 2759
1320 1695
32 1262
986 1935
948 2317
2877 2895
1194 2229
957 2631
65 2607
204 587
164 2766
322 2943
1149 2343
439 2296
653 2405
1169 1238
524 2254
298 636
1012 1556
802 2878
612 911
466 1760
57 280
1072 1161
251 2217
1227 2383
397 2191
206 2331
1163 1544
2196 2510
1236 2617
346 504
1878 2349
651 1963
260 995
1735 2156
2453 2930
809 1209
1167 1820
193 568
2218 2511
197 1212
1521 1796
1966 2146
1743 2403
2443 2894
419 1410
22 1216
25 1779
914 1123
1447 2669
212 2508
554 1225
693 1240
2035 2138
1307 1319
49 1848
1836 2422
1638 1949
511 2553
707 1970
1043 2822
66 1528
807 974
777 1211
840 1416
1125 1665
1782 2752
2425 2858
2024 2105
555 874
76 2188
1266 2692
1750 2396
1483 2806
1290 1508
369 2855
478 2496
1675 2747
830 2426
1740 2876
186 2998
177 2132
364 1055
660 788
834 2252
2588 2978
1925 2634
919 2741
362 2936
2098 2598
105 2493
1309 1992
1772 2922
1314 2107
396 570
533 984
382 1489
194 1258
410 770
310 832
1437 1805
1588 2203
796 805
2776 2777
1182 2418
900 2174
1151 2988
1531 2342
1868 2113
1144 2427
697 2790
350 1025
2257 2976
1087 2307
550 2856
93 811
1007 2314
1598 2373
797 2095
571 2506
1230 1833
1244 1359
575 2167
1708 2891
283 2489
1526 2096
778 2468
1589 2301
1572 1803
1661 2406
1074 2875
753 1657
468 850
94 2329
1458 2986
540 2532
1532 1888
1586 2762
1088 1353
522 2748
1170 1917
39 1239
985 1117
1160 1872
1482 2826
179 953
1053 1517
1183 2121
1141 1221
1115 1348
174 2451
1253 1398
2221 2347
890 2398
243 601
806 2664
1185 2166
505 1504
1101 2352
2020 2887
152 827
1691 2797
839 2962
790 2023
21 529
1261 2691
151 1133
1379 2683
845 1321
1427 2494
1286 1472
1390 2841
2214 2730
862 2950
734 2801
1260 1535
82 745
990 2205
1620 2192
1902 1941
1281 2646
441 2520
393 1726
1889 2502
1096 2600
988 2509
1176 2709
2670 2838
302 2627
342 448
2120 2285
454 2724
2037 2516
938 967
288 971
157 1570
1422 1839
1712 2581
2305 2946
1380 2745
211 723
700 2757
1038 1175
61 1867
718 1759
1172 2078
1407 1423
482 1222
1425 2380
2275 2550
1107 2744
1424 2945
386 2538
915 2430
650 698
1196 1509
409 721
519 1118
577 2291
1846 2939
145 1056
258 2165
1174 1234
14 758
1049 1059
30 702
1131 2440
1351 2672
1354 2863
1563 2628
642 1574
325 735
256 1804
2228 2981
1874 2340
23 2239
944 2964
2523 2606
2679 2853
669 2387
1251 1394
290 1536
1434 1781
1806 2061
961 2909
1124 2378
635 1018
457 1569
377 1397
1573 1975
814 2072
1470 2642
754 2960
1066 2409
370 719
582 2890
2022 2337
1869 2732
1498 1922
1677 2153
773 1374
1282 2154
2578 2676
433 2128
743 2290
2256 2661
153 1930
2770 2882
672 2266
180 2149
716 731
268 312
417 2915
1142 2007
2187 2273
2198 2548
703 1557
365 774
1004 1813
2042 2794
903 2521
195 857
943 1245
1327 1765
2102 2207
1139 1485
2193 2474
147 1576
2133 2544
872 2245
565 2768
725 2491
1915 2995
1155 2718
354 1766
507 1450
1127 2921
1300 1946
72 1824
1624 2415
1709 2230
1892 2989
747 1324
678 2393
308 1627
1372 2809
2934 2956
492 2796
46 2975
1978 2884
1767 2292
1146 1828
2028 2067
659 923
1159 1389
1312 2571
1777 2076
792 1223
783 1632
170 2866
566 1405
47 1749
380 2038
1626 2065
620 2693
852 2033
1071 2300
1522 1827
686 1857
252 2419
786 2847
274 600
1137 1729
1477 2880
2536 2901
1042 1231
1527 2737
980 1256
1870 2402
476 936
429 2810
1073 1600
1622 2974
2843 2908
54 80
2054 2869
1575 2197
480 1356
584 2725
581 621
1744 2828
695 1100
210 305
318 2727
551 863
176 428
1065 1084
334 2442
1186 1639
942 1916
333 905
589 2817
2057 3000
2372 2783
1797 2552
515 1147
1152 1847
896 1512
1552 2720
2190 2482
35 1369
1895 2830
2818 2990
2170 2360
681 2648
528 2289
111 2495
847 2680
69 134
1768 1864
1858 2395
299 2582
411 2643
1428 2173
538 2455
363 388
187 2755
265 868
542 2345
941 2845
64 2392
1928 2575
287 2958
999 2935
1901 2249
1597 2475
1051 2716
2774 2897
97 768
347 2371
488 1672
240 2473
1516 1885
2645 2788
602 876
355 1413
563 1213
132 352
1473 1663
121 688
1834 2545
597 1471
757 2103
1075 1738
843 1352
1246 2905
607 2689
822 2577
1288 2147
2081 2952
1184 2584
893 2637
1341 2913
520 963
493 2932
436 1229
1996 2993
1469 2015
1089 2697
1821 2997
183 267
513 1719
2324 2650
559 2589
400 2336
1342 1723
1275 1633
798 1479
1495 2310
668 1449
348 1773
70 1908
233 2954
1997 2004
625 854
2424 2485
614 732
1559 1814
2027 2297
291 2671
1676 1810
387 1592
96 891
1254 2346
458 1652
323 1464
1119 2795
73 2713
1585 1807
117 2527
910 2163
1122 2576
881 1467
2 1233
169 2164
737 2356
4 376
2129 2586
1015 1403
276 426
316 2448
5 1540
1500 2500
801 921
931 1525
1466 2772
1090 2601
253 1875
36 2780
160 1046
301 1659
190 888
43 726
200 300
270 2839
463 939
2215 2867
1264 2385
1179 1789
1242 1579
437 1560
246 946
1041 1940
2064 2447
1009 1313
2235 2823
1104 2899
126 1411
2260 2358
813 1932
1367 2226
613 1269
920 1542
2436 2705
608 1913
2306 2595
630 885
1109 1148
624 2302
1844 2420
375 2092
399 2040
699 2189
1987 2325
1725 2850
1503 2886
1270 2126
1383 2332
1788 2008
16 968
1651 2119
102 1645
136 1558
1082 1702
1080 2675
531 2353
633 2629
824 2840
583 2219
1126 2238
705 933
75 1669
232 978
760 1134
139 1461
2660 2668
392 594
848 1219
2616 2746
1420 1939
940 1451
1501 1518
1419 1830
1682 2469
423 1197
275 1033
1808 2694
1610 2184
1386 2327
1617 2080
226 1177
954 1650
1973 2761
779 2701
28 438
2101 2309
1166 1506
569 1287
547 1268
673 2018
922 1819
532 996
2272 2541
1642 2374
629 2240
1000 2641
982 2364
1584 2698
956 1143
994 1026
715 1611
979 2703
1198 2927
412 1429
965 2432
99 331
404 787
1734 2879
526 749
385 810
208 997
1456 1851
1444 2551
106 1660
27 2233
2423 2579
471 1492
1618 2294
339 815
552 2091
2526 2820
40 2208
841 2459
973 1366
1754 1931
1730 2477
793 1664
512 2139
1543 2241
2032 2410
1443 2540
453 898
2394 2799
1392 2086
149 1310
498 2892
641 2446
1326 2140
1442 1534
640 2832
1426 2572
58 2476
171 2124
1337 1368
585 1849
1853 2681
2243 2458
1162 1601
220 1985
224 2135
1855 2089
2401 2900
1299 1871
1294 1792
368 580
1302 1387
479 676
1329 2918
1098 1328
828 2407
1003 2259
162 2546
1362 2951
1247 2066
1995 2225
1045 1330
1990 2375
712 1678
657 696
1515 2002
81 234
1085 1631
464 1433
2052 2472
1081 2829
1077 2041
110 1731
969 1577
2731 2881
398 2399
776 1002
163 2236
1859 2463
1523 2099
1491 2970
1062 2793
886 1255
360 1999
259 1013
44 1991
1217 2177
1604 2330
1279 2390
133 500
225 2798
330 1688
107 627
486 1298
1679 2365
1040 1591
2299 2603
112 1092
496 1612
761 1623
63 2633
2287 2750
949 2088
1854 2194
262 892
1737 2957
739 2623
1393 1835
882 1396
1882 2148
51 2816
155 887
638 2612
42 372
1736 1950
338 1008
88 2145
525 1014
785 2222
670 1252
2335 2889
634 2619
1962 2270
1192 2846
1285 1762
320 2279
402 2992
2013 2357
899 2077
475 1929
819 1739
1636 1961
1905 2760
1232 1728
1909 2501
77 427
470 2344
722 1891
534 1462
1350 2888
1265 2929
1417 2160
142 714
2537 2599
756 873
150 1063
103 2937
711 1890
1044 2328
395 1653
8 161
1634 1641
2175 2862
203 1568
2311 2414
86 116
2074 2815
2264 2338
1412 2961
610 1555
108 1308
694 2717
379 490
596 1656
1273 1755
2487 2696
870 1487
913 1448
1173 1524
24 383
1203 2864
156 2674
2000 2470
1630 2379
172 2618
733 1373
2359 2933
998 1384
615 865
37 1382
406 1365
1385 2323
2435 2555
2210 2702
560 2362
592 2543
465 1801
238 361
1029 2431
1562 2751
864 1546
1001 1960
2860 2968
1378 2441
273 440
1311 1713
1241 2966
1502 1689
591 1243
503 2213
124 1628
1318 1608
771 1884
1083 1333
766 1360
1346 2237
1364 2663
516 1370
1825 2320
1136 1838
706 2141
34 2386
960 1877
245 1257
578 1317
844 2376
9 119
2053 2484
244 510
53 125
113 1079
304 2367
951 2852
1687 1954
19 248
2282 2657
1334 1686
414 1866
1841 2048
213 2370
1476 2938
1020 2844
1903 2108
1060 1339
422 2071
192 2283
3 281
1267 2046
1947 2416
609 1668
1654 1934
748 2012
789 1455
137 546
374 1276
2608 2835
2466 2980
328 2557
859 1061
1278 1539
1249 1741
623 1953
880 1349
446 599
2366 2525
495 2971
1621 2902
12 1511
2666 2673
1673 2948
1520 2626
292 1421
2201 2695
83 115
595 2361
1478 1927
1707 1899
545 1722
166 1582
100 1493
1578 1906
485 2014
175 1263
181 2097
91 217
1530 2625
309 970
508 2756
15 1017
1108 2263
1876 2480
861 2242
1983 2871
652 1201
1304 2030
408 2381
1893 2016
590 1900
165 2659
1655 2638
663 2118
680 2058
1776 1881
450 1187
497 2351
56 1705
144 506
202 2928
902 2665
443 1822
407 1145
430 720
598 2519
928 1756
1006 2987
2003 2044
278 2019
842 929
1445 1982
123 833
764 866
1113 2969
307 2985
1106 1798
279 1840
296 877
558 617
451 1165
1475 1637
1747 2999
853 1590
1035 2384
1344 2465
639 992
199 656
666 945
1514 2503
1919 2143
535 2597
1188 2073
1684 2771
1751 2452
544 1635
201 1790
2255 2479
1199 1831
1662 2873
1235 1753
45 611
1381 2710
2483 2872
879 2728
285 2026
264 2726
631 713
1030 2408
41 2568
167 2564
501 603
765 1058
104 2773
2150 2704
1809 2411
1039 2084
319 1880
664 1011
1355 2585
1121 1335
189 1132
523 2060
860 2090
272 2743
1023 1070
