3000 2106
3 979
4 181
4 625
4 2651
5 1798
5 2368
5 2969
7 1860
8 19
9 1128
9 2215
10 1336
10 2799
11 171
12 596
12 1763
12 2158
13 313
13 2689
15 1365
16 1013
16 1595
17 83
17 2752
18 531
19 1707
19 2995
21 340
21 2052
23 482
23 2004
24 375
24 601
24 1683
25 1341
25 1938
26 456
27 2536
29 1119
29 2386
29 2489
30 996
31 2457
32 2991
33 272
33 872
33 2976
34 1580
34 2806
35 216
37 141
38 1170
38 1715
39 490
39 1739
40 2967
41 93
41 1990
41 2752
41 2898
42 2318
42 2543
44 2343
45 1249
45 1568
47 1967
49 1695
49 2503
50 954
52 1116
55 2203
55 2863
57 2910
58 141
58 2466
58 2859
59 1151
59 2724
60 1604
60 2677
60 2692
61 811
62 219
62 1680
63 1688
64 535
64 1609
65 243
66 765
66 1125
66 2905
67 193
67 401
67 705
67 1329
67 1337
67 2744
68 404
68 520
69 1963
70 1525
70 2190
70 2671
71 2390
71 2541
71 2889
72 1484
72 2177
72 2345
72 2665
72 2764
73 2258
74 2110
77 599
78 1634
81 1817
83 539
83 1452
84 921
84 2022
84 2213
86 511
86 795
87 2935
88 541
90 1594
90 2158
93 1224
94 1744
94 2342
94 2554
95 2638
96 866
96 1656
96 1921
97 523
97 1863
98 2459
99 1089
100 2952
101 583
102 1637
102 1756
102 2409
106 2464
107 2629
109 1814
109 2832
110 547
110 850
110 1350
110 1798
111 1859
112 2384
113 586
113 846
113 1340
113 1786
113 2814
115 813
115 1394
115 2029
116 240
116 845
117 758
117 1007
117 2120
117 2512
119 369
119 764
123 1939
124 1232
125 1131
125 1358
125 1798
126 1750
127 1919
127 2133
128 1580
129 787
130 249
130 1645
130 2442
133 1328
133 2977
136 2002
136 2964
140 1337
141 579
141 682
141 1077
141 1377
143 156
143 1430
143 1795
144 1740
144 2855
146 2996
148 1417
148 1559
151 1947
151 2108
151 2190
151 2315
151 2437
152 988
152 1830
152 2015
152 2073
152 2221
153 1264
154 1384
154 1913
155 358
155 873
156 1747
157 2207
159 1179
160 1955
161 354
162 318
162 333
162 831
163 277
163 711
163 1382
164 1363
165 268
165 708
165 980
165 2431
166 683
168 2142
169 1793
170 920
170 2801
171 1064
172 1085
173 1794
174 1416
175 954
175 2829
176 823
177 677
177 2988
178 1448
180 597
181 769
182 1583
182 2191
183 2520
185 189
186 1794
186 2539
187 2911
188 2373
189 2002
191 837
191 1543
191 2918
192 250
193 2614
194 843
194 924
194 1045
195 2988
196 781
196 1031
197 2318
200 1605
200 1868
201 810
202 2281
203 306
203 1958
204 333
204 2332
206 2400
207 1251
207 1445
209 646
209 1016
209 2473
210 779
210 1314
210 2464
212 1577
213 1740
213 2247
213 2797
216 1232
216 2658
217 2270
217 2491
220 1865
220 2863
222 1260
224 1066
224 1412
226 768
226 2600
227 819
228 2045
229 666
230 816
231 718
231 1784
236 1244
236 2712
237 1707
239 2842
240 630
240 1830
240 1902
240 2995
241 1863
241 2861
242 504
243 1678
245 2340
246 684
246 1435
248 1122
250 2085
252 1983
253 1166
256 1822
257 1200
257 1596
257 2401
258 1447
258 1967
259 396
260 1113
261 1570
263 2085
264 2748
265 1987
265 2596
267 1579
269 452
269 2756
270 1512
270 2038
270 2801
270 2878
272 2536
273 1221
273 1258
274 569
275 2010
276 1512
277 1323
277 1613
277 1986
277 2418
278 870
278 1857
278 2355
278 2838
279 1774
281 919
281 1212
281 1491
281 1819
282 2514
284 460
284 1975
285 1496
286 1925
286 2245
287 1087
289 2151
290 324
290 326
290 1304
290 1316
291 355
291 959
293 2982
294 1968
295 576
295 2251
296 819
297 302
297 1572
300 1683
300 1884
300 2436
301 964
301 1190
301 2159
302 995
302 1642
302 2083
303 329
303 454
303 2307
304 755
305 2948
306 2121
308 817
308 833
308 1905
308 2334
308 2600
308 2737
308 2881
309 859
311 1310
311 1524
313 474
313 1047
316 1139
316 1756
316 2047
317 1305
317 2134
318 602
318 1407
318 1956
319 2195
320 1488
320 2629
320 2683
321 488
321 1394
322 676
323 884
324 1253
325 992
325 1289
326 1099
326 1318
326 2409
326 2520
326 2603
328 2740
329 1114
330 2219
330 2297
330 2911
331 955
331 1674
332 653
333 491
333 565
334 1319
334 2502
335 547
335 2256
335 2560
335 2947
336 1324
336 2059
339 2725
341 1180
342 2119
343 431
345 2664
346 1489
348 1245
349 791
349 914
349 2468
350 895
350 1030
350 1136
350 1603
351 1053
352 1630
352 2120
352 2548
353 1733
353 1805
354 2155
355 2976
356 526
356 1945
357 2956
359 805
359 1768
359 2071
359 2758
360 1533
360 2947
361 1223
361 1611
361 2292
362 1487
364 1210
364 1783
365 599
366 2001
367 1497
368 1213
369 538
369 1684
369 1803
370 671
371 859
371 1315
373 2914
375 737
377 1130
377 2835
380 1217
385 432
385 1739
386 2903
387 1418
389 1286
389 2783
389 2898
390 918
390 2185
391 2697
392 1177
393 1704
395 503
398 1532
399 1553
400 2831
401 1831
402 1343
402 2593
404 1357
405 607
406 597
406 706
406 1239
406 2916
407 815
407 1244
408 2369
408 2544
409 836
409 2952
411 1491
412 1031
413 1711
414 476
415 776
415 2959
416 668
417 1593
418 832
418 2963
419 2084
421 1888
421 1980
421 2861
422 2766
424 1497
425 482
425 1892
426 587
427 1559
428 2867
428 2959
429 741
429 1670
430 834
432 1986
433 1678
434 1781
436 774
437 2887
439 574
439 1847
441 849
441 2247
442 862
445 2538
445 2775
447 825
447 2252
448 2788
449 1126
452 922
452 1203
452 2285
452 2387
452 2467
453 2390
457 567
457 2117
458 562
460 1311
461 855
463 641
464 1709
466 682
466 1451
467 1900
468 1838
469 1015
470 2049
470 2262
471 1182
472 2039
473 2328
473 2860
474 2222
476 1087
477 1590
478 2255
479 1695
479 2220
481 2415
482 1532
483 1302
483 2973
484 533
484 2398
485 2883
486 1956
487 1071
487 1077
487 2855
488 2729
490 750
490 1630
490 2372
491 1168
491 1248
491 2497
492 1204
492 1462
493 2015
497 618
497 2051
498 812
499 1077
499 2062
500 952
500 2601
500 2613
502 1214
502 2342
504 526
504 2968
505 2883
505 2903
508 1917
510 2852
511 998
511 1258
512 1045
512 1781
513 2922
515 785
515 1870
515 2226
516 1199
517 1141
517 2162
517 2357
520 542
520 1186
521 873
521 2247
522 2189
522 2483
522 2657
526 1173
526 2157
527 948
531 1691
532 801
534 1448
535 1335
535 2790
536 1649
537 743
538 2124
539 1783
540 1389
541 1838
541 2927
542 813
542 1083
542 1564
542 2268
543 1584
544 2399
544 2605
547 1017
548 1364
549 1708
550 1223
552 605
553 1282
553 2609
555 1556
556 2339
556 2813
557 1276
558 1511
560 703
560 2611
561 1393
562 2220
563 733
563 2355
564 1839
564 2088
564 2176
564 2573
565 1149
566 724
566 1653
566 1892
567 2088
569 2177
569 2571
570 582
571 2140
571 2472
571 2933
573 1051
574 993
574 995
576 657
576 805
576 893
576 1139
576 2767
577 2263
577 2445
579 866
581 2132
582 1869
583 898
583 2138
585 1374
587 2692
587 2924
588 728
590 775
591 2460
592 660
592 740
592 1664
593 2758
594 642
594 830
594 1449
594 2029
596 1621
596 1677
596 2846
597 839
597 1047
600 2230
602 2018
603 1807
604 1417
604 1513
604 1805
606 2382
606 2941
607 819
608 847
610 661
610 933
610 1307
610 2600
612 2237
613 857
615 2068
615 2256
615 2785
616 1835
618 1380
620 1527
620 2883
621 1840
622 1427
622 1542
624 869
624 1226
624 1372
625 1006
625 1077
626 1960
626 2743
629 1941
631 763
631 935
631 1305
633 1760
633 2502
633 2659
635 801
635 1861
639 1536
639 2884
640 1959
640 2294
641 2788
642 1415
642 2208
642 2617
643 1339
644 1582
644 2353
647 1389
647 2291
648 2851
649 1305
650 1264
651 2497
653 1100
653 2515
653 2955
655 1396
655 1655
656 776
656 1564
657 1833
659 1230
659 1287
660 687
660 2874
661 1060
661 2970
663 2804
667 2088
669 929
669 1417
669 1605
669 2268
670 1060
670 1203
670 1694
671 2610
672 1954
673 2839
676 891
676 1468
676 1844
676 2455
677 1919
679 1001
679 2785
680 690
680 2145
680 2421
681 2393
684 2378
685 1810
685 2141
686 726
686 2024
688 2622
689 1269
689 1943
689 2163
690 1638
691 1304
691 2013
691 2847
692 2937
693 2085
695 1643
696 804
696 2023
696 2695
699 982
699 2801
699 2980
701 1691
704 888
704 1850
704 2647
705 2458
707 1834
707 2704
708 2741
709 2219
710 2368
711 1709
711 2197
714 1945
714 2236
714 2424
714 2603
716 1885
717 2855
719 1510
720 1320
721 1212
722 2964
724 2019
726 2039
727 2398
728 2402
729 2540
729 2548
730 755
730 920
732 1738
733 2832
736 939
736 1191
738 1768
738 2734
739 2336
741 1378
742 1225
743 1487
743 2135
748 1815
749 1801
750 1140
751 2954
752 2721
753 1223
753 1833
753 2210
754 1166
755 1896
755 2753
755 2846
756 1051
757 2073
759 1819
759 2812
761 1528
761 2932
762 946
762 2379
763 1735
763 2169
763 2845
764 1097
765 923
765 1680
766 1404
766 1558
766 2250
766 2378
769 1091
770 1615
772 1157
773 2144
775 828
775 1934
775 2566
776 1378
778 852
778 2082
781 1488
781 1681
781 2869
782 2707
783 2294
784 1837
784 2212
784 2759
785 2015
789 2757
790 1797
790 2802
791 1467
791 2888
795 1991
796 810
796 2920
797 2482
798 1862
799 1954
801 2155
801 2427
801 2628
802 1274
802 1526
803 899
804 1005
805 1450
806 1041
807 1868
807 2859
808 1107
808 2836
809 2107
809 2697
811 1081
811 1178
811 2511
812 2998
813 910
813 1052
813 1151
819 820
823 1663
823 2087
824 863
825 1215
826 1260
826 2722
827 2516
827 2786
828 877
828 2714
829 2499
830 2457
830 2998
831 1470
831 1567
831 1795
833 1399
835 1340
835 2073
835 2605
840 1475
840 2099
841 1082
842 1075
842 1948
842 2996
845 2298
846 996
847 946
849 2114
850 1676
852 2475
853 2254
853 2367
854 906
854 1810
854 1879
854 2049
856 1953
857 933
858 1035
859 1394
859 1568
863 1862
864 1605
864 2277
864 2382
865 880
865 2990
867 885
867 1520
867 2666
869 1381
870 2272
872 2935
873 1220
874 1581
874 2965
876 1914
877 2734
878 1066
878 2403
879 1163
880 2113
881 2565
883 1659
884 1606
884 2014
885 1415
885 2863
886 2923
887 2613
888 2312
889 2728
889 2746
891 2752
894 1833
895 1439
895 2464
897 1194
897 2105
899 925
899 1524
899 2033
900 965
903 1370
903 2783
904 1649
905 2253
908 2264
909 1462
909 1504
909 2303
909 2368
911 1175
913 935
913 2660
915 1992
915 2772
916 2553
917 1998
918 1303
919 2160
919 2947
920 1846
920 2673
921 1499
922 1089
922 2509
922 2856
923 937
925 1810
926 2094
927 1110
928 1562
928 2493
928 2675
930 1468
930 2581
931 2158
934 2829
934 2936
936 1750
940 2404
941 1329
941 1431
941 2208
941 2976
942 1206
945 1187
945 1571
946 1563
947 1574
947 2054
948 1416
948 2306
950 962
950 1808
950 2324
953 2099
953 2111
954 1108
954 2661
954 2896
956 2358
958 1254
958 2054
960 2348
961 2486
962 1058
963 2350
965 1723
965 2930
966 2173
968 1013
968 2887
970 2751
971 1076
972 2014
972 2076
973 1041
973 1288
975 1402
975 2057
976 2772
979 2667
981 2552
982 2083
983 1014
983 1227
984 2446
987 2672
987 2786
988 1128
989 2593
989 2733
992 2150
993 1021
994 2109
994 2165
995 2181
995 2781
996 2494
996 2793
997 1725
998 2121
998 2797
998 2808
1002 1122
1002 2343
1003 2530
1004 1096
1004 1231
1005 2243
1006 2700
1011 1289
1013 1487
1013 1723
1015 1116
1015 2015
1017 2471
1018 1152
1019 2259
1021 2473
1021 2510
1023 1682
1025 1953
1027 2537
1029 2597
1029 2755
1029 2799
1030 2194
1030 2922
1031 2081
1032 1597
1032 2297
1033 2828
1033 2937
1034 2587
1034 2713
1035 2039
1037 1126
1037 1267
1038 2528
1039 2594
1042 2465
1042 2523
1044 1127
1044 1257
1044 1723
1045 1973
1045 2175
1046 1818
1047 2554
1048 1453
1050 1763
1051 1456
1051 2399
1054 1954
1056 1250
1056 2590
1057 2934
1059 1291
1061 1362
1061 2783
1062 1449
1062 2424
1063 1753
1065 2185
1065 2266
1067 2733
1068 1684
1068 2658
1068 2829
1069 1592
1069 2587
1070 1730
1073 1972
1074 1544
1075 2449
1077 1759
1077 2120
1077 2865
1080 1557
1080 2611
1081 1331
1081 2818
1083 1167
1083 1227
1083 2077
1086 2901
1088 1900
1088 2660
1090 1854
1092 2922
1093 2382
1093 2703
1095 1790
1095 2179
1098 2636
1098 2686
1098 2939
1099 2650
1104 1574
1104 1893
1105 1276
1107 1846
1108 1639
1108 2058
1108 2653
1109 1496
1110 1652
1111 1441
1112 2819
1117 1245
1117 2205
1117 2237
1118 2508
1118 2841
1119 2483
1120 2299
1121 2370
1125 1202
1125 2439
1126 1129
1127 1985
1128 2332
1128 2655
1133 1479
1133 2120
1134 2111
1135 1566
1137 1557
1139 1786
1140 1231
1140 2298
1141 1590
1141 1951
1142 1695
1142 2636
1143 2149
1145 2589
1149 2676
1151 1213
1154 2814
1155 1436
1158 1264
1158 1973
1160 1959
1161 2140
1161 2854
1163 1207
1164 1294
1164 1895
1167 1914
1168 1702
1168 2143
1170 1241
1171 1260
1171 1881
1171 2573
1172 2290
1176 2583
1177 2823
1177 2903
1179 2501
1179 2964
1180 2786
1181 1666
1182 1684
1183 2152
1184 2953
1185 2670
1187 2153
1187 2778
1188 2179
1189 1866
1190 1288
1191 2393
1194 2308
1195 1518
1197 2426
1198 2226
1198 2641
1199 1375
1199 1598
1199 2343
1201 2918
1204 1759
1205 1875
1206 2929
1211 1777
1215 2548
1215 2839
1217 1430
1217 1466
1218 1601
1218 1842
1218 2457
1220 2011
1222 1637
1223 1926
1224 2374
1224 2580
1226 2780
1227 1611
1227 1644
1229 1873
1234 1515
1234 2967
1236 2718
1243 1823
1243 2062
1244 2789
1245 2269
1246 2105
1249 1791
1249 2171
1249 2486
1249 2813
1253 2875
1255 1562
1257 2615
1259 1855
1259 2746
1260 1504
1261 2751
1262 1497
1262 1572
1262 2043
1263 1933
1263 2437
1265 2329
1266 2041
1269 1982
1275 2115
1276 1347
1276 1937
1277 2869
1279 2274
1280 1836
1280 2050
1281 1503
1282 2456
1283 2254
1287 2333
1290 2328
1290 2959
1291 1777
1293 2848
1296 2500
1299 1546
1299 2117
1299 2228
1302 1465
1306 2877
1310 1648
1312 1390
1313 1787
1315 1617
1315 1642
1315 2876
1316 1411
1318 1695
1319 2380
1320 1717
1321 1770
1322 1478
1323 2799
1327 2253
1327 2417
1328 2417
1328 2550
1332 2817
1334 1484
1335 2982
1336 1487
1336 1954
1337 2127
1337 2977
1338 1353
1338 1807
1338 2008
1338 2646
1343 2609
1344 2835
1345 1484
1345 1721
1349 1597
1350 2387
1351 2856
1358 2912
1359 2874
1363 1474
1363 2129
1363 2799
1365 2705
1368 2187
1368 2763
1371 1569
1374 2497
1376 1660
1377 1735
1379 1986
1380 1608
1380 2109
1381 2733
1381 2987
1383 2650
1384 2599
1384 2960
1385 2493
1394 2321
1394 2402
1394 2593
1396 2712
1400 2097
1403 1585
1404 2922
1405 1724
1406 2445
1409 2936
1410 2332
1411 2004
1411 2463
1412 1595
1412 1758
1412 2406
1413 1770
1414 1539
1414 1716
1414 2191
1416 1868
1417 2470
1418 2007
1423 2306
1424 1933
1425 2435
1425 2824
1425 2936
1426 2271
1428 1563
1429 2392
1434 2092
1434 2705
1436 2918
1439 1687
1439 2682
1441 2944
1442 1844
1442 2127
1443 2439
1443 2924
1444 1718
1445 2383
1447 2776
1450 2001
1450 2116
1450 2404
1450 2461
1452 1722
1452 2711
1453 2119
1455 1671
1455 2383
1456 2082
1457 1820
1458 1608
1459 1785
1464 2080
1466 1826
1467 2541
1468 2741
1469 2758
1472 1510
1472 1975
1476 2095
1478 2761
1481 1492
1481 1763
1484 1714
1485 2143
1487 2857
1492 2705
1494 2871
1496 2588
1499 2252
1500 1981
1500 2669
1505 1684
1505 2374
1507 2173
1509 2796
1510 2205
1511 2646
1512 1615
1512 2878
1513 2999
1514 2367
1515 1865
1515 2854
1515 2966
1516 2940
1517 1606
1520 2951
1523 2492
1523 2589
1526 1584
1527 1787
1530 2081
1531 2756
1532 1771
1534 2365
1534 2582
1535 2906
1536 1555
1540 2768
1542 2648
1542 2826
1542 2940
1546 1687
1547 1683
1547 2829
1552 2205
1554 1697
1555 1560
1555 2060
1556 1939
1559 1839
1561 2924
1562 2894
1564 1674
1566 1641
1566 2403
1566 2851
1567 1673
1567 2685
1571 2372
1574 2022
1574 2884
1575 2444
1578 2074
1579 1706
1579 2544
1581 2632
1582 2314
1582 2458
1587 2518
1590 2798
1591 1951
1591 2381
1592 2655
1594 1980
1595 2688
1597 1824
1597 1881
1597 1953
1597 2575
1599 2326
1600 1756
1601 2413
1604 1998
1605 2319
1605 2997
1607 1739
1611 1854
1612 1747
1613 1614
1613 1816
1616 1643
1619 2046
1620 2241
1620 2424
1622 2999
1626 2533
1627 2121
1630 2472
1631 2682
1632 2637
1635 1743
1635 2225
1636 2753
1638 2313
1639 2264
1642 2175
1642 2981
1643 1732
1643 2262
1645 1964
1650 1856
1653 2036
1656 2328
1656 2563
1657 2102
1659 1885
1659 2186
1660 2100
1666 1822
1666 2807
1668 2970
1670 1712
1670 2418
1670 2609
1676 1850
1676 2077
1679 2323
1680 2495
1685 1998
1686 2655
1689 1904
1689 2346
1690 2115
1690 2117
1692 2054
1694 2582
1695 1815
1696 1943
1696 2501
1696 2812
1699 2705
1701 2223
1701 2858
1704 2042
1704 2882
1709 1845
1710 1983
1713 2354
1714 2646
1714 2687
1716 2347
1716 2428
1717 1996
1718 2849
1723 1748
1724 2453
1725 2191
1727 2348
1729 1995
1729 2964
1730 2007
1730 2778
1732 2032
1732 2998
1734 1807
1738 2818
1740 2783
1741 2479
1742 2556
1742 2656
1743 2031
1746 2262
1748 2174
1748 2966
1750 2923
1751 2243
1751 2609
1751 2954
1752 1909
1753 2508
1754 1999
1755 1771
1755 2400
1758 2298
1762 1790
1764 2256
1764 2812
1765 2895
1769 2126
1774 2361
1778 2865
1781 2050
1785 1912
1789 2707
1792 2314
1793 2463
1796 2172
1796 2592
1797 2956
1800 2954
1801 2714
1807 2142
1807 2307
1813 1900
1816 2320
1816 2809
1817 2846
1818 2877
1819 2768
1820 2004
1821 1882
1822 2749
1823 1985
1828 1924
1830 2512
1832 2595
1833 1969
1833 2175
1833 2520
1836 2096
1841 2789
1843 2430
1844 2547
1844 2858
1847 2218
1847 2414
1847 2416
1849 2022
1850 2738
1851 2213
1851 2402
1855 2317
1855 2491
1857 2798
1858 1981
1862 2646
1862 2704
1862 2932
1862 2956
1863 2594
1864 2161
1864 2794
1870 2596
1870 2809
1874 1928
1875 2745
1875 2982
1879 2566
1881 2303
1883 2265
1885 2727
1886 2244
1886 2960
1892 2716
1893 2704
1895 1938
1895 2779
1896 2467
1898 2305
1898 2635
1899 2069
1902 2780
1902 2845
1903 2559
1906 1929
1907 2024
1908 2213
1910 2420
1911 2077
1914 2236
1917 2560
1918 2678
1920 2119
1920 2297
1922 1981
1927 2069
1928 1968
1928 2514
1932 1989
1936 1961
1937 2682
1939 2584
1947 2395
1948 2540
1948 2713
1950 2848
1952 2626
1957 2095
1957 2326
1958 1996
1960 1995
1962 2861
1963 2081
1963 2491
1963 2843
1970 2441
1970 2450
1971 2035
1975 1977
1975 2363
1979 2154
1979 2517
1988 2237
1989 2183
1989 2630
1990 2117
1991 2563
1991 2579
1991 2761
1993 2682
1994 2503
2000 2456
2002 2009
2009 2319
2009 2405
2009 2463
2011 2133
2011 2598
2011 2916
2013 2728
2018 2249
2019 2205
2020 2257
2020 2420
2023 2852
2025 2889
2028 2150
2032 2300
2036 2382
2036 2452
2042 2538
2048 2544
2048 2780
2049 2417
2052 2294
2054 2067
2055 2218
2055 2678
2058 2802
2059 2187
2060 2613
2061 2062
2065 2771
2066 2174
2067 2413
2072 2428
2072 2653
2072 2724
2073 2917
2074 2598
2074 2840
2077 2353
2079 2225
2081 2671
2083 2203
2085 2999
2090 2293
2091 2225
2094 2627
2096 2573
2098 2895
2114 2914
2116 2507
2117 2614
2126 2380
2135 2977
2137 2394
2138 2998
2142 2848
2144 2302
2148 2850
2149 2422
2151 2915
2152 2431
2156 2323
2160 2745
2161 2295
2167 2501
2170 2827
2171 2616
2172 2449
2172 2792
2176 2277
2181 2377
2182 2850
2183 2327
2183 2431
2183 2555
2184 2619
2185 2265
2187 2371
2192 2308
2195 2511
2197 2652
2202 2693
2203 2387
2207 2838
2210 2537
2210 2595
2213 2435
2218 2322
2220 2751
2230 2552
2235 2604
2238 2481
2240 2384
2242 2631
2246 2571
2246 2723
2251 2875
2253 2384
2253 2561
2253 2868
2254 2506
2254 2917
2259 2696
2269 2648
2270 2362
2272 2514
2278 2830
2283 2413
2287 2566
2291 2699
2293 2978
2294 2484
2294 2923
2297 2404
2299 2557
2318 2437
2318 2529
2319 2465
2321 2430
2322 2442
2324 2480
2327 2391
2329 2447
2331 2737
2338 2964
2344 2947
2355 2444
2355 2491
2356 2390
2357 2950
2359 2869
2369 2580
2372 2678
2376 2965
2381 2943
2384 2947
2385 2538
2385 2829
2388 2533
2395 2766
2399 2888
2402 2590
2408 2702
2414 2626
2414 2746
2415 2662
2425 2547
2431 2758
2431 2807
2433 2593
2436 2979
2438 2978
2442 2499
2459 2830
2462 2640
2464 2800
2467 2737
2469 2799
2474 2739
2480 2596
2481 2904
2485 2912
2488 2649
2490 2772
2497 2562
2504 2711
2511 2932
2511 2957
2515 2992
2522 2663
2525 2660
2527 2811
2531 2746
2533 2928
2535 2540
2537 2753
2537 2965
2538 2759
2541 2764
2542 2784
2542 2946
2546 2749
2550 2992
2551 2844
2553 2564
2555 2636
2562 2824
2563 2916
2568 2934
2571 2907
2574 2577
2575 2950
2580 2582
2581 2795
2584 2781
2586 2822
2597 2662
2600 2664
2608 2744
2609 2828
2617 2700
2622 2879
2623 2907
2635 2692
2635 2969
2638 2784
2638 2852
2639 2880
2641 2642
2642 2709
2649 2914
2650 2842
2650 2946
2654 2693
2665 2950
2666 2875
2674 2992
2688 2810
2690 2915
2691 2772
2693 2764
2704 2738
2704 2906
2709 2788
2715 2751
2720 2921
2725 2845
2757 2889
2762 2788
2764 2841
2770 2926
2793 2887
2805 2896
2826 2827
2843 2872
2854 2996
2867 2880
2918 2921
