200 400
1 2
1 199
1 171
2 200
2 26
2 130
2 136
3 5
3 152
4 5
4 40
4 130
5 6
5 38
6 7
6 8
7 8
7 62
7 107
7 159
8 9
8 20
8 127
8 67
9 62
9 44
9 56
9 52
9 50
10 11
10 12
11 12
11 13
12 13
12 14
12 41
12 200
13 14
13 168
13 161
13 27
13 98
14 16
14 50
15 16
15 29
15 168
16 17
16 18
17 111
17 159
17 51
18 20
18 70
18 79
18 170
19 86
19 67
19 168
20 36
20 46
21 98
21 28
22 23
22 63
22 120
23 25
23 28
23 132
24 26
24 108
24 138
25 99
25 73
26 27
26 28
26 97
26 114
27 99
27 158
28 29
28 36
29 118
29 141
29 195
29 179
29 158
30 31
30 32
30 133
31 132
31 147
31 52
32 33
32 34
33 35
33 65
34 36
34 47
34 48
35 36
35 117
35 196
36 38
36 53
37 38
37 39
38 39
38 172
38 121
39 40
39 109
39 72
40 42
41 43
42 44
42 89
43 45
43 103
43 110
44 152
44 78
45 46
45 47
46 81
47 132
47 180
47 81
48 106
48 112
49 151
49 154
50 51
50 88
51 53
51 143
52 53
52 54
52 157
53 54
53 55
54 55
54 56
54 110
55 56
55 164
55 96
55 63
55 75
55 127
56 58
57 69
57 111
57 171
58 59
58 161
58 184
59 60
59 61
60 61
60 148
61 63
61 71
61 86
62 97
62 111
63 64
63 138
64 65
64 66
64 146
65 123
65 69
66 67
66 68
66 140
67 108
67 156
68 69
68 143
69 70
69 71
70 72
70 118
71 72
71 130
71 112
71 197
72 99
72 73
72 150
73 75
74 75
74 76
75 120
75 99
76 77
76 78
76 190
77 78
77 79
78 187
79 194
80 82
80 169
81 82
81 83
82 83
82 115
83 85
83 197
84 85
84 86
85 86
85 87
86 87
87 88
87 172
88 137
88 175
88 103
89 91
89 117
90 91
90 92
91 92
91 93
92 93
92 94
93 94
93 95
93 114
94 95
94 96
95 96
95 97
96 97
96 98
96 134
96 143
96 163
97 98
98 99
99 100
100 101
100 102
100 121
101 103
101 174
102 103
102 190
103 105
103 149
104 105
104 194
104 176
105 106
105 189
106 136
106 111
106 182
107 173
108 109
109 110
109 111
111 113
112 114
113 114
113 115
113 144
115 117
115 190
115 164
116 117
116 118
117 119
118 120
119 120
119 121
120 177
121 133
121 171
122 163
122 160
123 162
123 124
124 125
124 126
125 126
125 127
126 127
126 155
126 198
127 128
127 180
128 130
128 162
128 171
129 174
129 179
130 132
131 132
131 133
131 195
132 134
132 178
133 135
133 149
134 136
134 152
135 136
135 137
135 186
135 155
135 193
136 137
136 167
137 139
137 165
139 140
139 141
140 169
141 143
142 143
142 144
143 145
144 145
145 146
145 182
146 148
147 149
148 149
148 161
149 192
149 160
150 151
151 152
151 153
152 154
152 177
153 154
153 155
154 155
154 156
155 167
156 157
157 187
157 184
160 162
161 162
161 163
162 163
162 164
162 174
163 168
165 167
166 167
166 200
168 170
168 185
169 170
169 171
170 171
170 199
172 198
173 174
173 175
174 176
175 177
176 177
177 179
178 179
179 198
179 187
181 182
181 183
182 198
183 184
183 185
185 195
186 188
187 188
187 189
188 189
188 190
189 190
189 191
190 192
191 192
191 198
192 193
192 194
193 194
194 195
194 196
196 197
196 198
197 198
198 199
198 200
