2000 2000
215 1113
896 425
896 998
896 1726
620 1877
620 632
620 235
620 739
19 271
19 1685
692 1994
692 802
271 299
271 82
271 1464
1994 27
109 1260
109 1087
109 1562
109 1981
1260 2
1087 323
1087 1940
386 625
268 963
1662 1217
1662 830
1907 742
1907 1549
1842 712
1842 1642
1842 884
594 32
594 925
1158 312
1158 1039
1158 1130
5 1518
5 391
5 771
5 1693
310 729
1170 1660
1170 513
1170 1059
1170 1822
729 1854
1032 1177
1032 1581
203 541
778 653
778 772
778 933
1482 300
1482 1220
1482 1591
1482 426
1249 1042
1249 872
1763 1611
1809 1938
1809 1009
1809 788
1809 781
1809 138
1611 1520
1611 507
329 1803
329 655
1677 1013
1677 1193
1677 1390
1677 1156
1676 1855
167 1197
1615 1745
1615 369
1615 133
39 14
1505 1159
562 284
562 1547
562 956
562 1156
1270 1621
1270 1587
1270 746
1270 536
468 1671
468 622
468 1824
468 576
560 1925
1192 1351
46 64
1098 1413
1098 811
1703 68
1703 1632
1703 1870
1992 128
749 1381
749 1889
1562 1849
813 569
813 199
813 122
813 173
751 1726
751 253
745 683
745 498
745 1247
14 1669
108 96
296 35
296 1050
296 198
1485 445
1485 211
1485 1745
1485 1178
1814 147
1814 1307
1814 198
1814 1731
582 1305
582 546
1305 1132
1845 121
1132 7
1132 1379
531 1110
531 537
531 1447
531 241
1110 819
1781 174
1781 364
900 1730
900 1278
900 930
1730 1201
1730 265
1278 303
494 1846
494 689
605 650
650 992
557 1754
1566 1208
1566 790
474 1881
474 1906
1887 1445
1887 1784
1153 955
1916 819
689 934
689 101
862 1827
862 1773
1564 814
1564 1938
1564 184
1895 712
1895 1718
829 621
829 1704
834 1568
834 690
370 1063
603 1592
603 454
441 429
1975 810
1975 680
1975 315
1593 1506
1593 1706
810 1438
912 1805
912 449
1597 754
399 389
399 1222
1655 1802
1655 1645
890 904
890 1604
890 256
904 629
904 176
904 410
1489 1743
1489 1749
629 1277
629 1550
1046 1112
1046 326
1560 1722
1560 16
1560 1029
1112 1043
1722 124
1722 851
86 234
700 1429
700 776
700 915
700 1875
175 412
175 1813
875 995
875 1501
956 902
1403 772
103 1373
103 1248
103 1991
115 266
115 859
1694 282
1307 836
280 602
280 144
602 227
588 408
588 1503
588 1581
227 1767
227 135
227 887
1007 727
1007 170
1007 101
1007 611
1007 756
1196 1588
1196 1660
1196 1016
1196 1744
1196 1388
727 1191
1873 89
1873 156
1187 638
1187 1582
1187 1653
1063 1734
1063 1136
1734 373
1176 1668
1176 741
624 971
624 903
1952 256
971 1532
971 699
314 1409
314 1389
314 248
282 706
510 1641
510 1906
510 651
510 1085
510 1582
510 1354
510 1918
871 3
871 1373
871 172
926 1950
926 1599
926 1835
926 1461
473 1341
473 1380
74 1425
592 1902
592 384
592 870
1511 384
1987 434
1987 1490
414 1774
414 1006
1998 540
1390 1515
1390 372
340 1512
1640 1473
260 1801
260 935
260 1393
1414 826
1414 188
17 626
578 610
578 1384
919 677
919 16
1894 933
1894 1104
1894 395
667 177
667 1162
1626 614
513 1139
513 1377
986 1858
986 915
878 206
878 406
1172 1625
549 997
1625 1013
1625 1419
757 1501
757 626
757 946
757 230
1965 1258
993 809
993 475
1338 1057
512 1348
512 1364
512 1698
1194 1359
1194 253
1194 909
544 126
544 1623
1646 1874
1646 453
1250 1309
1250 1451
1250 1931
1309 1715
1073 725
216 1460
1025 970
1861 71
1758 76
1758 1481
584 522
990 1150
265 935
265 1755
4 1097
4 319
422 1422
422 1554
1422 1608
1704 1178
1704 619
212 783
212 1037
324 770
324 217
324 805
324 244
770 1857
443 1643
443 1238
842 1878
842 818
222 1451
988 612
988 1191
988 1205
988 1684
1329 1997
1329 179
502 1294
1294 1346
1460 1886
1648 119
1312 242
1312 1235
1035 181
299 304
304 767
267 152
267 1457
1785 36
885 1862
885 1587
1862 1678
1647 847
1647 92
1678 848
1678 239
525 1960
525 1727
1290 893
411 160
428 64
520 1874
520 720
520 833
946 1802
946 1443
946 291
880 1528
18 232
18 1385
1093 1227
1093 1343
726 1365
1051 466
1051 1461
1117 735
1117 1989
1117 524
1498 1561
1111 550
1111 619
532 1369
532 586
478 533
478 913
478 1609
1276 1603
1276 1213
1841 653
1841 787
1771 652
137 30
137 1849
1330 1272
543 706
1361 16
1361 621
723 1656
723 385
1275 1508
1275 1500
924 235
924 1617
791 420
791 515
1674 1555
420 579
1555 1686
1555 1459
413 1470
941 139
941 1991
1315 1135
223 219
223 464
1189 166
1189 736
1189 318
219 1382
844 698
597 1048
1287 607
1287 515
1287 294
939 1424
607 1539
1553 1234
1553 30
1624 615
1273 1350
1273 1497
651 1807
651 29
803 1869
803 1556
178 669
178 136
178 8
1470 342
1470 1903
262 719
893 461
893 1592
657 898
657 1462
7 1964
281 1756
281 283
281 1925
943 89
753 1805
753 821
753 595
1805 1255
1805 306
821 1549
1488 1173
1054 1235
1054 423
1504 1932
1944 424
1944 77
1944 675
286 157
1570 691
1570 164
1798 786
1798 1536
1798 1375
238 316
238 1574
238 887
238 1689
238 1637
1288 1391
1288 786
1288 780
1288 1509
1288 1784
27 1947
27 874
343 362
343 1182
1906 1540
1906 984
1839 1285
1839 983
1839 142
1444 516
1228 50
1228 372
245 860
467 1749
1218 1034
1019 1220
1686 1733
1438 863
1438 1914
1733 367
1733 241
50 84
228 1064
228 1988
649 1592
649 496
1948 1036
1948 1893
1948 427
1592 856
146 1898
146 1449
146 194
764 1179
764 8
1935 1541
1217 1040
135 322
135 429
580 149
777 1876
777 1295
777 1768
777 656
485 877
43 781
1619 1550
1619 1411
994 1202
994 188
1757 800
1757 380
1673 1168
1066 1595
1066 1394
1066 1609
1247 632
1247 335
1649 87
1649 857
1015 1933
1782 1332
1782 811
517 1209
517 916
517 1472
518 1442
747 1794
747 1891
747 1847
747 180
130 792
130 1996
1654 892
1654 950
1754 1100
1754 1850
892 1718
892 541
861 1426
1724 786
1724 1140
1724 1255
1812 374
93 302
720 1546
720 963
1608 1122
1608 1099
1608 1065
1658 1728
1658 110
742 101
742 538
202 784
202 1921
202 722
608 168
608 1955
1314 323
1314 1026
619 1263
465 1149
465 957
132 858
1205 1961
38 730
38 1397
1738 1877
1738 1863
122 819
122 1513
1277 1082
197 376
831 1321
831 911
1321 302
1321 1591
1321 1469
1528 1010
1528 1198
77 451
937 1322
937 58
683 84
683 1052
683 888
683 1787
807 743
1645 1726
1911 1960
1960 509
897 707
897 1826
646 1736
285 792
285 1819
1878 1163
1878 852
1878 1428
323 1874
1095 1918
1095 958
1095 318
1145 483
1145 951
998 1487
998 995
483 1475
740 235
867 497
867 1453
867 454
867 713
867 140
867 1828
867 1797
1922 224
780 312
780 1298
1892 1539
1491 330
1491 1118
682 634
682 1074
1893 775
1893 1671
775 1595
1031 1047
1031 760
1961 193
375 1983
375 1094
1843 1551
1843 1254
1502 1691
1100 1225
1100 662
1100 798
1100 1531
1100 1146
160 1605
160 634
160 1472
1775 1200
1068 6
1068 404
1200 636
1200 1439
382 1473
382 1021
382 91
882 276
882 278
205 277
210 1047
210 820
1138 1435
1138 1972
322 583
40 1772
40 533
40 545
1417 1347
1417 416
1573 1457
1347 1634
704 1984
704 762
1344 722
1666 482
1666 1786
1075 1139
1075 1271
1075 292
1665 910
1050 1870
1050 877
1050 1942
923 1079
923 1925
1159 1476
1159 328
302 1471
638 1435
638 201
638 1183
1435 1224
1137 1689
1978 1880
1978 1179
604 1522
604 856
604 535
1522 1209
1988 1509
1209 1821
1209 669
1155 614
1155 1790
515 1779
1527 1074
1527 825
1527 1791
1527 259
1074 102
754 356
754 1406
170 1833
170 1402
170 1959
1089 1855
290 693
290 360
187 1134
984 761
984 734
984 49
984 1799
283 1737
1737 686
736 1719
1719 1834
330 1919
330 362
330 564
719 1105
768 942
768 1086
1850 168
79 1175
1040 1045
1040 1936
1175 1638
1175 292
1175 394
559 658
94 1349
1629 1852
1629 381
895 1106
895 1501
316 699
316 1348
1925 332
1925 183
165 554
165 1586
165 1067
554 1996
554 1971
1586 427
1210 1723
1210 1231
1723 1846
1723 1426
550 1151
550 901
916 1102
368 822
368 712
1749 843
1888 975
1888 1631
1811 1968
1811 1474
801 1820
801 1607
1820 29
1607 1779
1964 1143
166 1860
226 1984
226 887
1860 209
744 1808
538 913
538 436
772 1378
1378 12
1378 1523
1378 394
836 1289
631 721
1582 1259
1582 1300
533 1794
533 1750
694 1793
694 816
434 907
177 1589
1589 421
125 207
125 1837
725 675
725 191
975 1913
975 1234
1303 707
1195 1810
1471 738
1471 830
1876 294
53 1623
470 1107
1623 423
1623 1004
1523 1725
54 201
54 279
435 617
435 1353
435 656
201 906
201 883
254 936
361 1261
586 1680
586 1211
586 914
586 1822
1261 1345
1261 1926
1540 1127
1540 698
1540 1533
1083 118
1083 433
546 458
546 828
886 366
886 654
1756 1549
1756 250
366 1375
366 1909
1574 367
1574 1477
328 1802
328 1901
1986 263
1986 569
1764 1695
1764 1886
1764 655
671 702
1381 1857
1381 1232
1380 881
1380 326
1380 1685
1380 1048
1921 1207
1567 455
1099 41
1720 104
522 1357
542 1531
1457 1259
1457 918
1487 1826
1487 1920
1487 287
1487 211
6 1943
206 1725
206 66
206 1520
891 69
891 949
1053 10
1062 157
1062 305
10 1547
10 309
1937 1078
1877 1149
249 785
1827 1105
1827 450
1827 257
1199 402
1199 545
1600 1079
1600 759
823 583
637 56
1193 289
157 1057
157 221
1057 1848
1057 1967
476 1120
1650 359
1182 870
1222 1301
759 1934
73 1243
73 1445
73 156
1243 735
232 746
735 1357
735 1285
1591 1084
1591 341
1591 687
1478 1905
1478 1364
1420 1910
374 1871
1466 1203
1692 307
1692 1069
307 1742
401 1154
407 1821
407 1426
407 1405
1154 1899
195 672
1672 1324
642 1825
1135 1534
1135 1379
1534 266
1534 1221
1534 789
1534 684
860 1184
450 419
450 145
1188 838
1280 672
838 1635
679 1394
679 469
679 508
497 1641
497 961
850 1148
850 1563
350 1770
1770 71
1770 96
591 1883
591 1030
193 362
234 1125
930 431
56 1342
932 1885
932 1910
932 364
1298 44
277 102
277 1203
908 1262
908 224
908 313
521 1285
1169 1602
1497 57
1022 948
1022 1055
159 767
1036 1211
1036 1506
1036 1576
877 1837
877 574
436 1123
1123 1585
1123 1628
1123 527
1832 481
1620 33
1620 1028
1104 688
1104 1875
1668 1901
503 61
1409 1411
1778 1227
1778 246
1010 186
1010 1889
1010 1336
1227 601
654 1357
263 1319
1109 355
97 796
97 1181
796 185
185 1368
185 365
398 1453
398 524
724 610
724 1579
1933 1203
1105 1461
47 1204
47 464
1204 1237
107 883
107 674
1459 1826
1296 1537
1296 123
1296 1448
1465 1124
1683 1267
1257 461
1257 1231
1802 790
1802 1750
461 1577
461 645
1467 308
225 320
345 1715
345 110
1391 1947
1391 1765
812 1731
812 977
1947 42
1947 1014
311 922
311 1461
1514 1427
1552 1727
34 1094
34 1400
34 573
1651 949
1651 1506
902 1245
902 1808
902 371
1302 496
1556 1610
1556 703
1226 733
1115 1868
1115 659
782 415
782 356
782 1561
879 779
1971 970
1971 124
117 1901
699 1167
1632 1652
774 1272
1121 677
1121 715
1818 1156
1818 1350
1826 709
1826 978
355 529
1163 1817
613 1183
613 848
613 626
1183 1838
1183 181
1969 55
1969 1077
1969 377
99 1636
1636 737
403 995
403 1319
403 91
403 1061
403 771
403 786
1152 1223
112 1398
523 1242
1398 1517
1180 1177
1410 1023
1177 1009
1494 1244
1494 630
1494 1164
1244 876
647 102
647 731
601 1506
601 1979
1453 334
1069 938
589 1982
589 734
29 1367
920 1215
1752 953
1752 1406
303 231
303 1824
733 1346
231 547
231 1317
231 1751
1602 793
1602 1060
722 1705
141 1909
141 606
25 346
1808 1697
1808 1844
346 127
1968 360
849 1263
849 1896
1697 843
1671 983
854 1366
854 1416
1761 1318
1761 196
1761 11
1479 703
1047 136
1047 1949
1047 989
1039 1071
1039 1644
610 1587
610 627
1311 793
1311 1950
359 161
828 454
1086 982
1759 313
1759 425
1855 928
928 243
1319 1544
1059 606
1601 1865
1601 154
1601 1377
1601 100
1224 1714
1224 1541
1224 839
1865 1376
274 765
1995 1902
1995 973
765 1710
1120 529
1090 1206
1090 1424
1206 995
1577 1669
102 1020
1412 859
966 574
966 1238
962 492
505 1831
505 625
808 1219
808 1186
855 1696
1568 1445
1568 391
1696 1631
1696 480
1696 917
1445 419
748 1372
1362 949
1362 1480
63 983
63 1407
837 1533
1874 1936
1874 276
859 728
1049 1833
1049 1006
1049 261
1793 1881
1793 1765
632 766
1900 1801
1900 1324
547 1898
547 1711
556 1997
1951 45
1951 218
805 65
360 615
1939 868
1760 691
1760 408
769 250
499 922
318 1908
1588 372
1572 1118
1657 1016
1657 1198
1071 1267
1310 1484
1310 835
1310 336
611 979
1583 1240
1583 140
145 24
145 1806
145 1101
1712 1886
1712 1840
1004 1899
903 537
903 1753
126 1581
1136 529
1642 65
200 1653
200 356
200 1421
338 568
332 155
332 1349
568 257
380 1118
380 1979
1096 677
1002 678
905 660
905 383
1667 144
1667 1108
784 665
100 622
204 486
204 183
1519 466
1519 42
1519 593
1364 1875
1364 252
658 1216
1532 315
1532 1454
1532 534
1735 914
1735 1076
1735 1236
944 1515
944 732
944 537
1515 1884
732 1130
1197 509
1197 378
1351 595
816 1524
1977 1474
1977 677
585 1433
585 1517
585 105
1023 708
1023 715
23 417
23 1664
1693 194
1693 276
1056 743
1554 1915
1259 1659
1484 1509
147 1207
425 758
42 1027
42 1014
545 337
1661 1335
1732 1233
1871 179
1871 530
163 709
1745 1728
869 95
869 1365
869 1462
767 391
767 1306
1142 1070
1142 894
1142 643
1915 942
312 376
347 1003
347 1727
26 1716
400 868
400 148
384 910
384 1186
574 251
1580 1563
1580 1891
98 1161
1026 247
1026 1777
1026 1829
1215 659
1215 1441
12 1201
1983 1741
1983 1869
243 1868
243 174
243 432
244 220
1627 1300
1565 376
1731 181
1064 573
1064 951
1974 336
1774 1191
55 90
292 1413
2 1213
1432 1399
1432 577
1468 1890
1468 856
1468 1333
636 1680
415 1454
229 1928
738 653
762 233
3 1872
3 1320
479 1139
1358 149
1077 1405
1077 1984
1077 1127
1396 49
1908 297
288 352
288 752
827 66
352 123
1454 106
695 1598
695 656
853 1279
950 1354
968 1904
1546 848
935 673
935 840
673 430
673 1786
981 1587
1544 1721
1269 1233
1269 1353
1014 1578
133 320
660 635
660 818
927 1354
927 88
995 51
1299 1450
1299 1870
1253 841
1174 917
1537 21
1452 1223
211 1475
1976 1369
1976 1799
1816 1612
1156 1017
1156 1932
1926 1157
454 579
246 69
69 1394
1185 424
424 1800
1297 1373
1148 953
444 1043
1441 1899
1441 208
1899 1890
1680 1113
35 199
199 1436
1426 857
1426 1345
162 710
552 1789
220 1428
1070 1538
653 1638
653 1237
653 1463
1638 1018
1638 804
1395 95
1395 633
1957 270
1202 1525
1202 95
1202 24
1525 1091
1282 297
1282 129
1423 1652
899 519
899 1164
977 1207
1901 430
978 1705
58 573
58 1508
573 498
914 1126
1881 945
1717 1129
326 1008
1097 1853
1950 1308
1241 884
1345 1371
466 190
466 76
466 1483
466 954
342 1772
342 1411
342 672
1772 1653
1772 1001
627 1700
1791 445
1791 1201
1791 490
1840 20
1840 551
152 490
475 224
965 1920
492 124
1635 224
1635 1495
124 319
224 779
224 519
1746 701
1232 702
1232 1058
305 49
1304 315
1038 1530
1038 1982
82 1264
906 1854
953 1401
845 395
1272 1401
1272 358
528 790
1790 872
1790 1434
1447 967
21 553
1437 1143
1437 1359
1437 363
1526 1126
1526 1542
1551 1783
985 153
985 1800
1373 1787
1999 1139
756 1451
756 190
127 1823
390 408
681 1480
1628 947
755 1558
755 1727
1144 393
1144 1807
964 1700
540 1131
1131 730
1795 1352
1179 376
488 873
1578 1133
678 1788
1681 598
171 847
1747 691
1991 1024
910 688
1335 270
957 388
313 1643
1535 802
460 1034
1107 1708
1107 856
1107 289
1349 1910
1021 1828
1389 864
1334 1838
1838 349
1962 596
596 1044
30 1518
30 1622
1788 155
1518 641
1512 333
1133 705
1133 561
1133 138
873 1500
873 76
501 1823
501 452
396 1238
396 685
507 218
1500 684
857 1867
1867 1755
155 1323
969 469
980 1313
123 1622
123 1091
901 1817
901 218
1980 446
101 213
535 1392
1003 1493
883 1641
883 214
458 495
221 1929
1699 1767
1699 1173
253 1306
253 1293
371 1464
884 1815
1943 1030
1240 866
921 1448
402 1318
1160 972
1794 1938
1794 1449
1869 1483
710 1910
864 1474
369 44
1531 60
1644 571
1644 625
1663 973
1462 1058
1462 1810
1462 1350
469 1823
469 1605
378 1436
344 1455
344 1118
344 626
270 194
270 577
1201 498
717 446
809 357
809 599
640 1348
776 618
1909 618
500 273
1044 1912
1044 131
1044 293
1710 1990
158 687
581 1030
581 426
664 337
664 395
1103 1108
590 1001
1637 1331
255 697
1150 758
1714 872
248 1496
248 795
731 1164
136 872
1682 1000
1682 259
1000 687
1924 826
790 841
781 1990
1963 80
1963 634
1963 863
336 1264
1557 300
1557 334
367 514
367 20
514 1919
811 616
907 1541
907 1493
974 1281
1542 863
1614 691
1614 179
1903 1168
36 670
1927 1352
1927 570
278 52
1787 1751
91 437
587 1687
909 144
526 121
1106 1239
1239 1292
1127 1536
448 541
448 33
1744 16
1340 143
1340 1579
1880 22
1880 630
696 1804
696 1343
1443 236
1652 1055
1521 362
1521 339
1521 418
1777 148
1292 789
1716 144
1716 51
144 1116
1442 173
870 708
1033 80
1033 1879
659 1141
675 1167
1167 1882
120 1530
1530 334
1008 1705
715 1058
62 519
62 1363
180 1508
524 1755
835 308
863 1695
1464 1891
763 1350
763 1970
763 1236
1237 1930
486 612
662 511
536 1831
536 78
1252 866
1639 1221
423 447
615 419
1622 1954
349 472
1755 1242
785 1972
1510 1740
680 1797
1027 377
333 1783
333 940
996 799
1449 728
644 113
334 1392
1413 300
300 1833
1863 1955
1828 1970
1122 1219
1219 230
41 409
1669 958
481 1079
196 691
1191 865
49 1691
392 1295
250 635
1872 186
182 1354
182 1742
1846 548
1846 1946
308 1721
1707 430
408 1480
1034 1279
1490 1985
1675 1313
1675 1157
1245 760
31 453
674 1456
131 52
131 498
405 1229
405 1271
1271 1533
1621 1469
1429 617
1429 852
1429 1119
455 1701
455 264
472 670
1213 1631
1631 555
437 1134
1886 291
1886 1048
1929 1920
819 161
1633 1020
161 663
364 209
583 1118
1375 426
426 52
1143 684
1701 236
856 952
856 1817
511 11
11 1332
1332 1579
37 1786
184 1248
493 1388
13 541
13 818
621 1216
707 1477
707 572
252 1116
1538 1945
889 261
1440 1492
1938 1434
1081 814
814 1852
814 438
1225 1713
1324 1837
1516 1045
1119 462
519 750
789 447
1058 1884
1496 820
1 945
1331 1322
1411 453
168 1382
1128 1941
1368 1360
52 1575
1399 242
1501 1475
714 1365
1477 1610
541 164
999 192
999 1480
1594 1684
1507 1251
1507 1333
1643 376
1238 952
1439 1492
28 1251
351 1830
1956 634
1956 1934
1317 634
365 1448
1499 817
817 1945
1129 105
379 495
379 48
1852 1327
1365 242
1365 1973
24 918
737 1691
154 111
947 183
1141 1792
1333 1575
337 1709
1166 917
509 1184
1506 1220
1506 561
1740 1548
1495 1579
391 1836
1923 489
561 565
1419 489
57 440
57 1171
634 207
207 1713
614 728
1267 1318
1799 357
955 504
648 1604
1613 1879
61 291
118 1509
1815 301
1984 1959
1766 239
1959 1934
1705 1604
576 1360
389 711
881 1955
1147 1930
1147 1162
1919 936
1797 1905
385 1293
959 446
1953 395
1545 1571
1545 652
1079 1102
1171 209
1102 820
795 806
652 1807
639 95
169 1725
1146 1308
1118 1706
1139 317
1408 577
1598 609
750 1997
1181 1242
1308 931
463 1575
1168 1741
911 1475
911 240
242 449
242 1949
242 1078
822 1285
1251 1407
1394 357
1979 1295
504 688
1641 983
440 622
1407 105
116 387
387 1231
622 1617
1780 832
824 1286
1660 1055
241 121
1946 1295
945 1431
1713 1728
1416 1418
1431 1993
1431 630
1993 1001
1325 156
