2000 2000
215 51
215 491
896 644
896 1969
896 1927
896 1440
1618 504
620 915
620 1603
620 1288
19 271
19 1653
19 1522
19 434
692 1725
692 1045
271 1115
1994 1866
109 336
1260 1760
1260 532
1260 1169
1260 1670
1087 1785
1087 1419
268 501
268 1744
1662 1661
1662 1690
1662 1272
1907 1447
1907 1460
1907 579
1842 253
1842 99
1158 454
32 1476
5 45
5 1153
5 1354
310 1327
310 558
1170 1559
1170 1432
729 188
729 1294
729 1244
1032 1350
778 1295
1482 1093
1482 1427
1482 1555
1249 1821
1763 946
1763 1650
1809 245
1809 373
1611 1414
329 1851
329 17
329 180
1677 1248
1370 588
1370 779
1676 450
1676 1594
167 244
167 825
167 1553
167 882
167 628
167 182
1615 575
39 342
1505 1699
1505 1766
562 284
562 1729
562 1869
284 548
1270 393
1270 1653
1270 579
1270 872
1270 1382
468 1748
468 912
468 642
560 1201
560 201
560 1433
560 1412
1192 1351
1192 1789
46 1780
1098 1240
1098 1444
1098 1700
1630 1351
1703 1607
1703 1181
1992 1473
749 655
1562 1204
1562 853
1562 1083
813 867
813 153
751 596
745 212
2000 108
2000 1735
2000 59
2000 861
108 630
108 933
296 1616
1616 1783
1616 538
1616 865
1485 993
1485 1263
1485 45
1814 220
582 667
1305 1623
1305 849
1305 26
1845 31
1845 15
1132 1948
1132 664
1110 631
1110 548
1851 199
1851 851
1851 376
1781 1076
1781 1542
1781 4
1781 1900
900 1831
1730 763
1278 680
1278 1358
494 949
494 91
605 226
650 377
650 1302
650 574
1566 360
1887 372
67 1294
67 1818
67 534
1153 1578
1153 1729
1153 1893
1916 839
1916 1173
689 1553
689 263
862 543
862 1843
862 1850
862 506
862 1890
862 1281
1564 427
1895 834
1895 1499
1895 937
1895 857
1895 1803
829 818
834 1693
370 523
370 1733
603 1794
1404 1213
1404 831
1404 860
59 1557
59 421
441 1610
441 345
441 819
810 709
810 513
1597 972
1597 675
399 496
1655 269
1655 930
1655 1918
890 610
890 635
890 1177
904 1291
1489 592
1489 1248
629 69
629 857
1046 1910
1560 553
1560 1668
1560 450
1560 617
1112 502
1112 333
1722 663
1722 1646
1722 1983
1722 237
86 700
86 1509
700 1118
700 368
175 1203
175 1668
175 1635
175 1905
175 1091
175 1238
956 881
1114 535
1596 244
1596 330
1403 208
1403 212
103 115
103 828
1694 1507
1694 406
1307 548
280 1885
602 1351
602 1387
602 1246
588 541
588 325
588 1036
588 113
227 1590
1007 1367
1007 1921
727 728
1873 1261
1873 497
1873 975
1063 257
1063 556
1063 915
1063 535
1176 89
1176 1626
1176 690
1176 665
1486 165
1486 1381
1486 1965
1486 1174
624 69
1952 395
1952 498
971 1532
971 125
971 1637
314 1174
510 1641
510 970
510 1940
510 1721
871 1360
871 1274
926 1757
926 1821
473 1447
473 1417
74 1154
74 52
592 1274
592 1385
1511 1011
1511 1218
1274 151
1987 1709
1987 1893
414 1021
414 349
414 1968
1590 1433
1590 1717
1590 1438
1998 1529
1390 899
1390 1673
340 612
1640 1402
1640 1086
260 66
260 68
260 1319
260 958
1414 1152
1414 1004
17 606
17 1827
919 1983
919 1531
1894 1319
1894 677
667 146
667 1359
667 1419
1626 1
513 1284
513 1265
513 786
986 146
878 1077
878 1413
1172 1540
1172 1336
549 671
549 1909
549 1304
1625 521
757 193
757 1882
1965 1921
1338 1976
1338 1608
1338 1892
1338 1115
1338 1657
512 1194
512 457
512 319
1194 337
544 1849
544 655
544 1269
544 1129
544 45
1250 666
1309 216
1309 869
1073 606
1073 758
1073 1791
216 1680
216 49
216 678
1025 1599
1025 346
1025 1782
1025 1953
1025 1967
1599 740
1758 76
584 265
584 1525
990 44
4 1459
422 1422
422 139
422 641
1422 1717
1422 1308
1704 1371
1704 304
324 1376
324 1586
770 1071
222 988
222 234
222 1303
1329 523
1329 372
1446 1433
1446 179
1446 1216
502 1201
1294 1356
1460 1648
1460 405
1460 1061
1312 719
1035 621
1035 69
1035 1447
299 330
299 1551
299 57
304 1803
267 1881
267 140
267 85
1785 382
885 1647
1862 377
1862 1797
1647 656
1678 1955
525 1765
525 1430
1290 1244
1290 135
411 644
411 820
411 1960
411 380
428 1764
520 946
520 1434
520 1588
946 18
946 228
880 1713
880 1754
18 1138
18 984
18 1006
18 1863
1092 1538
1092 311
726 1469
726 1372
1051 1986
1051 709
1117 483
1498 1147
1111 261
1111 908
1111 744
1111 1169
1387 122
478 1095
1276 309
1603 298
1603 323
1603 1714
1603 337
1841 147
1841 287
1841 312
1771 941
137 127
1330 782
1330 830
543 423
1361 302
723 1656
723 1275
723 1431
1656 1905
1275 816
1275 701
924 1058
791 666
1674 1589
1674 1438
1674 780
1674 677
420 534
1555 991
413 1090
413 1028
941 128
941 1757
1315 56
1315 966
1315 1668
1315 1759
223 1089
223 1919
1189 869
219 1184
844 997
597 1316
1287 855
1287 90
939 1793
607 1069
1553 1451
1624 1602
1624 1679
1273 908
1273 1950
651 1874
651 1707
651 1324
600 1515
600 811
803 1612
803 336
803 1778
803 1241
178 1878
1470 363
1470 550
262 200
657 1291
657 795
7 788
7 1760
281 943
281 1286
943 643
487 142
753 1670
1805 1344
821 1325
821 77
1488 1059
1488 621
1054 1504
1054 1379
1504 566
1944 1436
286 148
286 1724
286 1607
1570 1978
1570 1475
1798 1197
238 1020
238 1586
1288 270
27 1126
27 581
343 1906
343 1550
1906 843
1839 831
1444 150
1228 1284
1228 1254
1284 80
467 1496
1218 676
1218 1085
1019 196
741 1875
741 447
741 1613
1438 679
1438 1799
1733 35
1733 691
50 1545
228 1745
228 255
70 877
649 1954
649 874
1592 710
1592 1644
146 587
146 259
146 78
764 1217
1935 1043
1935 1990
1217 198
1217 1410
976 151
976 720
976 94
976 511
135 648
135 756
1584 1259
1584 1353
1584 106
580 189
777 1204
777 1751
485 798
43 579
43 565
43 903
43 327
1085 763
1085 136
1085 138
1673 1818
189 1394
1066 809
1066 469
1247 731
1649 26
1649 1976
1015 376
1015 1397
1782 1072
517 246
517 440
517 1989
747 477
130 1993
1654 13
1654 171
1754 1712
1754 288
892 1048
892 244
892 1181
861 187
1724 1968
1724 1041
1690 85
93 1532
93 1349
93 1456
720 1796
720 326
1981 1909
269 1393
269 1223
1393 1235
1608 1434
1608 1707
1658 645
1658 1045
202 51
202 550
608 235
608 540
608 634
608 673
619 1211
465 503
465 957
132 38
132 1057
132 756
1205 1884
38 424
1738 1882
122 197
122 42
1277 866
197 1095
1328 1165
1328 872
1328 1602
1528 1799
1528 1204
77 15
451 1595
451 1166
683 1931
807 123
807 1377
1645 1149
1645 610
1726 1301
1726 301
1960 1853
1960 1139
897 634
897 1272
897 1125
897 1076
1355 599
646 273
646 1397
285 92
285 1477
323 768
1095 1145
1095 266
1095 1385
998 1266
998 346
483 1101
1856 1922
1856 985
867 1251
1922 1800
1922 858
780 1600
780 297
780 980
1892 899
1491 186
682 784
682 573
1893 180
775 66
775 1529
87 1031
1031 1954
1961 84
1961 960
375 1693
375 907
375 1695
1843 797
1843 1926
1100 56
1100 1575
160 1752
160 1530
1775 1012
1775 1000
1775 955
1068 739
1200 886
382 388
1473 1955
882 450
210 1477
1138 1752
322 1238
40 1450
40 1009
1140 1152
1417 637
1573 331
1347 1263
1347 648
704 1875
1344 1613
792 1595
1666 572
1666 406
1666 606
1075 1950
1075 449
1665 1516
1665 1643
1665 1858
888 1978
1050 864
923 707
1159 1099
128 1586
128 1671
302 110
638 397
1435 1637
1435 471
1137 847
604 1988
604 508
1522 1322
1522 124
1988 166
1209 1500
915 1080
515 1386
515 1973
83 1206
83 1429
1527 1867
1527 576
669 1219
669 457
669 1985
1074 461
1074 1316
623 1667
623 1897
623 484
754 932
754 715
754 707
170 1242
1089 1399
1089 1776
1089 1163
1769 1675
1769 500
290 1465
290 148
693 843
693 556
693 848
984 1412
283 1013
1737 1604
1013 1550
1013 1058
686 1659
686 1682
686 1480
736 1454
736 1742
1719 1443
1719 1927
330 822
1834 1103
1834 673
491 719
491 225
719 1850
719 1977
768 1369
768 166
768 119
1850 559
1850 1262
79 524
1040 453
1175 448
559 431
559 53
64 1139
94 1518
1629 1743
895 1664
895 72
316 1668
316 907
1925 1258
1925 1495
165 1835
165 1224
554 1800
554 126
554 352
1586 1179
1210 1723
1210 634
1723 185
439 1604
439 698
439 511
550 154
550 496
916 1475
916 714
368 1641
1749 1854
1888 1614
801 1582
1820 348
1820 1947
1820 1334
1964 933
166 917
166 384
226 1897
226 658
1860 760
538 913
538 859
538 90
772 804
913 952
1378 23
1378 673
1743 879
1743 1461
1289 1081
1289 1002
631 542
1582 587
412 575
412 252
533 724
694 758
694 673
1550 1760
1550 1432
434 54
177 1589
177 1745
1589 1852
125 437
125 425
725 426
1303 678
1303 750
1195 318
1195 1245
1195 1322
1471 1445
1876 1190
470 1837
470 1086
1623 898
1623 1061
1523 854
54 1297
54 1433
54 336
54 440
254 1115
254 1653
361 359
361 305
361 1406
1261 677
1261 1267
1540 1060
1540 1898
1540 1595
1540 705
1083 1406
1776 546
546 407
886 1756
886 366
886 1246
1756 341
1574 1432
328 1483
328 192
1986 21
1986 1097
1986 587
1986 48
671 1816
1381 419
706 1933
706 968
706 577
1380 357
1380 1963
1567 258
1099 1671
1720 999
522 953
522 1538
104 1431
104 2
1917 1864
1917 1316
1917 240
542 376
542 1291
1457 1123
1796 1264
1796 404
1487 1641
1487 1409
1487 1695
6 206
6 1501
6 303
206 599
891 1565
891 57
891 1067
1053 10
10 1357
1937 1970
1937 124
1877 1870
1877 1449
249 1283
249 908
1827 66
1199 935
1199 1356
1600 1601
1600 1208
1600 507
823 1016
637 84
637 798
157 959
1057 827
476 1120
476 141
476 41
476 172
1650 195
1182 1855
1182 928
1182 1343
1222 1301
1222 1919
1301 759
1301 1836
759 794
73 499
73 159
1243 217
232 1376
232 1383
735 1667
735 1679
1591 1181
1591 1847
1958 84
1420 1709
1420 1728
374 300
374 88
374 293
1466 1691
1692 1440
1692 769
1692 350
1692 30
307 1735
307 1537
1154 1500
1154 1467
1821 1752
1672 1419
642 1963
1135 1972
1135 632
450 1715
1188 306
1188 1088
1280 239
838 168
838 1293
838 1295
679 1340
497 289
497 564
1283 850
350 1614
350 1447
1084 1933
1770 714
1770 81
591 237
193 234
234 527
234 974
930 1983
1125 488
56 1242
1503 1905
1503 1506
932 1739
932 1045
932 229
1885 1752
1298 1322
1298 963
277 969
1262 294
521 1886
833 1201
833 1427
833 272
833 151
1497 1239
1022 107
1022 293
1022 1891
159 489
1036 1268
1211 161
1211 338
877 769
877 62
436 1832
436 1705
1123 1408
1123 419
1832 1512
1620 1580
1668 129
1668 348
503 898
503 1415
1409 1778
1409 556
1409 1886
1010 1506
325 817
325 1869
325 1755
654 1543
654 964
263 709
1109 737
97 69
97 1450
97 1368
796 827
796 776
961 25
185 906
185 1742
398 444
398 1178
724 839
1933 601
1933 1751
429 1071
217 437
217 1699
107 639
1459 1311
1465 1699
1683 898
1257 147
1257 1746
1257 1585
1802 793
461 816
225 1379
225 1902
1326 1687
1913 685
1913 610
1913 1518
345 812
1391 678
1947 424
1947 446
311 1552
1552 1818
1651 947
902 1787
902 1900
902 357
72 955
72 519
471 355
569 1556
1302 182
1556 516
1556 389
1226 1119
1115 1612
879 261
879 1813
1971 101
1971 1923
117 415
117 1333
970 1712
970 1220
970 856
699 675
699 1747
774 264
774 1164
1121 677
1121 1101
1121 1765
1121 1576
1121 1279
1847 514
1826 709
1826 1352
1826 526
1826 841
1826 595
613 1122
613 1794
1183 96
787 1367
1969 1351
99 1152
1636 716
403 1638
112 698
523 1541
523 577
1398 662
1398 347
1398 1909
1180 1177
1410 963
1606 798
1606 1813
1244 1065
68 1439
858 1536
601 444
92 1453
92 1263
1453 458
1069 790
1069 336
1069 1558
29 702
1513 1077
920 1931
920 1097
1752 1292
303 743
303 703
303 1984
733 1234
733 1129
231 1685
231 194
231 154
231 377
1230 1339
1230 1148
1230 1702
25 1773
346 367
346 446
346 207
849 869
1697 1197
1671 1436
854 1366
854 1587
854 220
1366 1542
1366 1825
1479 236
272 114
1047 571
1047 718
1039 1255
610 1605
610 1346
359 830
1689 1238
828 69
793 1874
793 1999
1739 1825
1759 1368
1759 1224
746 660
746 1094
1768 1883
1768 256
1768 1237
1855 1854
1855 695
1855 918
1319 1815
1319 1167
1258 1126
1059 616
1601 363
1601 652
1601 1416
1865 1242
1865 1966
139 1225
139 354
1386 1434
1386 1324
274 1131
1995 1468
765 1033
765 293
1090 1216
1090 204
1206 452
1206 1533
1424 1890
1577 935
1577 1989
1577 335
1577 96
1931 962
962 1415
505 1797
808 452
855 869
855 536
1568 1725
1696 1018
1696 236
748 1881
63 243
949 596
949 653
1874 1130
859 973
1793 60
632 381
1316 1997
1819 1008
547 1815
547 1065
9 295
9 1382
556 509
556 527
556 85
1951 1071
1377 288
1939 587
1939 1002
1939 447
769 1088
769 2
769 1002
769 519
499 1693
499 1950
922 453
318 658
1588 1348
1588 1030
1572 1136
1572 1295
1657 1310
1657 261
1071 1016
477 1094
477 16
477 1807
477 802
611 495
611 951
1583 3
145 162
145 291
1004 1519
506 1400
506 1251
1136 925
1642 852
1642 1332
1642 1495
200 196
332 154
332 1547
568 818
568 457
1736 1777
1736 1144
1736 1014
380 1508
1002 1191
1002 795
905 190
784 1005
784 1943
784 410
564 100
100 248
204 1880
1214 1880
1364 221
1364 1627
1364 1575
1735 572
944 1003
1515 1705
732 530
732 341
1197 339
1197 242
1351 816
279 691
1977 1612
1977 1772
585 1023
585 23
585 1340
585 876
585 1028
1433 396
1023 889
987 416
23 697
23 1521
417 1343
1693 110
1693 1740
1056 1622
1203 1790
150 925
348 684
1554 1259
1554 1889
1484 1229
1472 492
1472 45
425 1161
425 1490
42 1663
42 133
545 688
1661 1871
1661 357
1732 643
1871 536
1745 1910
767 158
761 1142
761 1146
1142 1915
1915 454
1539 1633
1539 824
347 1184
1178 1581
1178 789
400 1168
400 635
868 1529
1848 1901
1848 1434
1898 266
384 1425
851 599
574 857
1580 763
98 1146
98 1102
1215 1886
1215 799
456 1507
456 224
12 1541
1983 921
243 1868
243 486
235 486
244 660
244 677
1565 1464
1974 1830
1974 865
1130 1530
1130 1271
1774 1308
55 551
90 514
1432 1306
1468 1890
1468 830
1468 1207
1468 1569
636 889
636 1202
1124 1396
508 1335
229 297
482 1345
482 1701
738 481
738 1622
762 865
762 1581
762 1014
233 696
3 134
3 419
1067 1946
479 1622
479 294
1358 395
1358 488
1396 293
1396 1996
1405 626
84 819
84 1955
894 1908
894 1835
894 884
894 273
894 1041
1454 118
853 1635
950 1934
950 1371
968 1506
1544 1643
1544 1168
1544 712
133 927
133 1346
660 1439
995 1299
995 1253
1253 111
1450 1578
1450 33
464 898
1561 697
1561 484
1234 1254
416 1442
416 743
416 1835
1976 321
1976 713
1816 1910
1816 680
321 771
1156 306
1926 1119
1926 776
1926 406
306 397
306 331
454 1836
69 1919
383 1918
1185 1879
1297 1161
1297 1833
444 13
713 1638
1441 710
480 697
1899 835
1680 1688
35 1542
199 1436
1426 563
1426 957
1426 1822
1426 1563
162 171
552 1198
552 1784
1789 1698
1789 843
1698 1186
1698 1923
1428 845
1339 1558
653 1171
653 1886
266 1395
1395 645
1395 20
1337 186
1202 1282
1525 1384
1423 1167
899 218
977 80
977 1967
1901 978
1901 1076
978 804
1402 1229
1402 1824
1996 1941
914 1333
1881 1679
1717 188
1717 1221
326 539
326 1558
381 349
1853 255
356 154
1458 1594
1345 846
466 379
466 1399
627 317
627 1946
1824 825
1080 1541
1543 718
766 278
1791 1308
1791 1941
1791 1949
152 1359
152 1334
191 1500
191 1143
475 257
492 1122
224 1
224 711
1746 967
1016 373
1300 737
1300 1984
1038 1613
82 739
82 786
1559 41
906 1854
1854 752
1854 184
953 15
845 847
140 1430
140 385
140 1810
140 1783
1437 708
1526 1779
1526 711
1551 1919
985 153
985 317
390 1349
390 1870
681 1628
681 755
1628 1663
755 659
1144 1122
848 609
848 1043
540 1131
540 1795
1131 730
1795 61
730 1807
1101 76
1576 1157
1179 1531
1179 1003
488 1198
1578 640
1578 1367
1578 1037
1578 257
678 1055
1681 598
1681 979
171 889
1747 1342
1991 295
910 832
1017 261
815 1219
1335 1044
1335 1292
898 1744
1727 1740
1727 142
1727 739
460 590
460 1469
460 351
1107 1575
1021 575
1389 221
668 595
668 702
668 1237
1334 1569
1838 750
596 1350
596 252
596 207
553 1354
1512 1252
1133 705
501 1928
501 1343
396 33
1500 982
1500 1941
1867 1327
155 1801
982 289
982 1318
969 1245
410 51
123 1119
71 1604
901 148
1235 66
1980 536
1980 1213
1936 734
1936 1870
535 1029
1003 1652
883 1521
883 1400
1595 1256
458 1496
458 826
221 789
253 752
1859 811
1932 1989
1932 1929
371 701
371 1520
884 1927
884 1830
1943 516
593 1240
593 1783
921 929
921 113
402 664
402 1448
1207 426
1060 809
1794 447
710 1910
1910 289
1037 648
1037 963
864 1219
864 951
864 144
369 1997
979 490
289 1575
1531 644
1531 590
1663 379
1462 1411
1462 1929
469 1118
378 418
378 432
65 379
1266 344
344 1248
1483 1166
1483 1548
1212 230
1212 335
1212 433
270 819
1384 298
717 1079
1009 1637
1323 1779
1323 1327
640 1418
776 1421
776 663
500 1920
1585 1198
618 917
1710 1134
1710 1889
158 1186
158 242
327 493
1637 847
1904 1150
1904 685
1150 495
248 459
731 951
566 143
136 1924
136 1359
394 1924
1924 1547
1924 1399
826 409
841 781
1963 783
1963 452
367 1198
367 1780
367 1660
514 802
811 423
811 1751
388 1634
388 1581
907 423
1823 22
1823 958
110 1542
110 418
208 278
676 1614
1614 633
1903 519
954 929
1787 1748
1787 319
1711 1938
909 174
526 1127
1239 1008
1239 1959
448 1956
143 1406
696 134
696 387
1443 1191
1521 1884
1777 1072
1292 524
870 1033
870 1541
659 174
659 1028
675 1449
758 393
179 1317
1530 61
1530 1753
1425 576
715 1929
551 1753
551 797
1753 264
180 493
247 1705
524 1633
1875 703
1875 948
1659 852
1659 397
863 1248
1695 1
718 1229
1464 1536
612 1972
536 364
536 1048
1493 938
1252 433
615 1219
1233 1946
1233 1807
529 1416
1755 1236
785 614
1510 1928
1928 760
680 1157
716 822
716 1102
996 1223
996 626
644 1762
300 1837
300 1186
1350 1631
1863 404
1828 1455
1828 548
1122 1139
409 95
1669 1741
1669 708
1669 459
1376 1929
481 49
181 196
181 1817
691 1388
1191 1411
1191 814
49 687
392 1279
1254 1356
250 1872
1034 1490
1034 617
1279 114
1490 708
1490 339
674 1990
674 639
674 48
131 1267
1161 779
1621 1020
331 455
372 1706
1108 1190
958 707
1223 955
264 652
264 489
264 1325
1929 114
1587 1946
364 1598
583 1956
1356 1322
865 1930
1718 1146
188 1324
1762 1360
1143 389
1143 164
354 839
236 575
856 105
315 1113
511 1930
1985 293
874 1313
925 563
925 652
1091 1416
37 1786
258 1634
707 1333
252 983
1538 1945
1538 1141
1081 1959
814 1852
814 739
1372 379
1225 1492
1225 1945
866 1524
1524 149
773 1609
1496 983
1463 1184
442 818
1481 572
20 1365
438 609
438 1411
1750 1401
1750 1879
1368 1439
541 1883
665 794
1116 951
1116 1914
687 999
999 1715
876 1168
1507 241
1507 1833
797 365
213 95
817 1065
817 362
940 51
379 183
1365 555
737 1691
530 947
530 48
779 1748
1190 643
1166 194
421 1920
1506 1220
1024 1930
1742 1293
1837 643
261 142
261 114
194 783
614 728
614 430
1267 183
648 1604
1509 963
257 565
565 1866
1866 1171
1984 95
256 319
989 295
459 172
1322 1173
576 663
881 116
1147 484
1162 1784
1919 1973
230 362
633 1168
1953 433
1248 630
1545 1571
1545 1844
1571 802
1079 1779
929 1265
1579 1476
1902 670
1146 630
1118 1476
1970 156
1609 1285
1610 1784
1844 1801
1934 440
463 1072
22 446
214 1469
291 1151
1151 832
911 1520
1955 1001
1884 1231
672 1469
1407 105
116 622
387 1353
832 1055
771 555
786 752
1773 752
1431 1993
