1126 1994
1 455
1 526
1 887
2 526
2 672
2 683
2 757
2 833
2 836
2 1064
2 1081
2 1114
3 500
3 512
3 538
3 1087
4 717
5 460
5 566
5 682
5 740
5 754
5 811
5 896
5 1045
6 568
6 573
6 754
6 971
6 1024
6 1066
6 1107
7 571
8 721
8 1067
9 554
9 989
9 1059
10 613
10 697
10 753
10 932
10 977
11 484
11 945
11 1008
12 593
12 704
12 847
12 1044
13 499
13 967
14 493
14 676
14 790
14 842
14 878
14 960
15 827
15 841
15 907
15 1024
15 1106
15 1117
16 454
16 476
16 775
16 1057
16 1100
17 475
18 494
18 537
18 566
18 693
19 469
19 545
19 596
19 836
19 1112
19 1115
19 1126
20 637
20 948
20 980
20 1097
21 509
21 615
21 773
21 864
22 655
22 682
22 705
22 923
22 1017
23 456
23 740
24 550
25 524
25 602
25 877
25 880
25 890
25 899
25 934
26 921
27 473
27 594
27 625
27 636
27 735
27 796
27 945
27 1080
28 473
28 631
28 665
28 858
28 992
29 553
29 570
29 746
29 776
29 925
29 955
30 459
30 539
30 585
30 660
30 663
30 664
30 798
30 871
31 478
31 487
31 582
31 698
31 841
31 842
31 851
31 1063
32 507
33 767
33 825
34 497
34 534
34 658
34 667
35 464
35 624
35 945
35 1042
36 473
36 636
36 998
36 1054
37 615
37 655
38 535
38 606
38 969
39 511
39 552
40 620
40 803
40 939
41 537
41 581
41 583
41 843
41 874
41 942
41 1022
41 1036
42 614
42 643
42 743
42 762
42 807
42 949
42 1039
43 556
43 804
43 840
43 900
43 1009
43 1055
44 532
44 825
44 1081
45 579
45 1077
46 626
46 785
46 917
46 1020
46 1039
46 1055
46 1096
47 543
47 642
47 699
47 718
47 741
47 752
47 813
47 926
48 506
48 589
49 514
49 553
50 549
50 690
50 789
50 1081
51 820
51 969
52 513
52 984
52 1117
53 645
53 713
53 841
53 892
53 1006
53 1120
54 458
54 940
54 1009
54 1061
54 1093
54 1125
55 473
55 1051
56 578
56 590
56 709
56 819
56 854
56 941
56 995
57 573
58 1084
59 576
59 601
59 707
59 859
59 937
59 1016
59 1087
60 670
60 742
60 756
60 897
61 469
61 559
61 663
61 794
62 562
62 583
63 669
63 686
63 1068
63 1075
64 704
64 928
65 680
65 871
65 955
66 747
67 523
67 815
67 859
67 993
68 917
69 581
69 680
69 780
69 835
69 878
69 964
69 1072
69 1092
70 657
70 714
70 718
70 794
70 808
70 901
70 1113
71 530
71 544
71 572
71 675
71 1005
71 1034
72 484
72 846
73 470
73 475
73 808
73 953
73 1061
74 591
75 560
75 618
75 729
75 755
75 982
75 1040
75 1126
76 536
76 579
77 515
77 549
77 567
77 735
77 889
78 940
79 465
79 534
79 600
79 646
79 834
79 845
79 967
79 1115
80 833
80 969
81 688
81 790
81 1010
81 1075
82 599
82 619
82 626
82 958
82 1076
83 645
83 674
83 808
83 828
83 884
83 893
83 923
83 1090
84 504
84 595
84 811
84 904
84 937
84 1005
85 734
85 952
85 1023
85 1027
85 1081
85 1104
85 1123
86 457
86 497
86 644
86 693
86 770
86 788
86 878
86 1075
87 498
87 542
87 766
87 847
87 860
87 956
87 1045
87 1067
88 490
88 606
88 781
88 878
88 955
88 1008
89 489
89 620
89 726
89 989
89 1053
90 865
90 918
90 919
91 591
91 632
91 954
92 478
92 605
92 794
92 824
92 950
92 1021
93 644
93 761
93 930
94 465
94 533
94 537
94 633
94 889
95 712
95 849
96 574
96 594
96 666
96 763
96 1095
96 1104
97 707
97 744
97 812
97 878
97 984
98 478
98 682
98 851
98 1120
99 656
99 882
100 488
100 602
100 762
100 767
100 846
100 1035
101 467
101 505
101 552
101 663
101 713
101 795
101 992
102 525
102 630
102 870
102 920
103 607
103 726
103 834
103 872
103 903
103 958
103 1025
104 459
104 531
104 547
104 579
104 627
104 656
104 789
104 993
105 532
105 1018
106 628
106 944
106 1110
107 545
107 638
107 959
108 472
108 1007
109 755
110 719
110 789
110 817
110 879
110 898
110 938
110 959
111 458
111 500
111 612
111 805
111 895
111 1019
111 1087
111 1122
112 491
112 846
112 916
113 568
114 607
114 935
114 1015
114 1048
114 1054
114 1071
115 977
116 848
117 813
117 933
117 1124
118 548
118 566
118 595
118 596
118 773
118 992
118 1103
118 1120
119 710
119 758
119 763
119 812
119 999
119 1059
119 1102
120 528
120 838
121 479
121 599
121 691
121 701
121 736
121 894
121 1090
122 480
122 502
122 569
123 1065
124 551
124 559
124 597
124 766
124 820
125 535
125 560
125 753
125 791
125 1033
126 513
126 537
126 599
126 695
126 891
126 1012
126 1025
127 512
127 593
128 533
128 824
128 1032
128 1037
128 1093
128 1097
128 1118
129 534
129 618
129 629
129 825
129 868
129 947
130 533
130 563
130 581
130 599
130 654
130 685
130 703
130 843
130 1120
131 587
131 818
131 1013
132 970
132 1087
133 641
133 872
133 1075
134 686
134 986
135 527
135 664
135 815
135 912
135 957
135 979
135 1078
136 526
136 862
136 1046
137 601
137 768
137 1016
137 1023
137 1060
138 633
139 461
139 473
139 793
139 848
139 984
139 1097
139 1122
140 587
141 484
141 759
141 784
142 583
142 647
142 879
142 947
142 960
142 999
142 1050
143 737
143 822
143 886
143 902
143 1084
144 886
144 990
145 787
145 1108
146 851
146 991
146 1078
146 1121
147 556
147 565
147 649
147 769
147 963
147 976
147 1026
147 1086
148 515
148 670
148 700
149 537
149 652
149 925
150 617
150 1100
151 516
152 457
152 462
152 503
152 728
152 731
152 745
152 775
152 920
153 613
153 736
153 853
154 460
154 685
154 725
154 745
154 799
154 872
155 551
155 651
155 663
155 673
155 711
155 814
155 869
155 1016
156 511
156 661
156 671
156 679
156 879
156 955
156 983
156 1042
157 1056
157 1084
158 647
158 657
159 477
159 544
159 1045
159 1069
160 711
160 859
160 882
160 993
160 1076
161 464
161 905
161 1053
161 1064
162 518
162 634
162 677
162 701
162 797
162 889
162 1061
163 471
163 614
163 698
164 1075
165 608
165 694
165 746
165 857
165 1100
166 761
166 780
167 577
167 670
167 922
167 938
167 948
167 1017
167 1046
167 1079
168 604
168 796
168 962
168 1062
169 481
169 508
169 595
169 604
169 825
169 1004
169 1057
169 1109
170 651
170 760
170 889
171 576
171 744
171 865
171 942
172 641
172 1022
173 477
173 743
173 798
173 814
173 950
174 492
174 739
174 827
174 986
174 1031
174 1041
174 1079
175 542
175 555
175 746
175 908
175 911
175 947
175 1020
175 1073
176 921
176 930
176 934
176 967
176 979
176 1023
177 465
177 716
177 770
178 462
178 546
178 731
178 819
178 980
178 1011
178 1030
178 1068
179 686
180 544
180 855
180 856
180 967
180 1049
180 1069
180 1105
181 1057
182 577
182 752
182 791
182 838
182 896
182 936
182 943
182 1052
183 467
183 569
183 731
183 1070
184 463
184 534
184 562
184 652
184 696
185 577
185 996
186 546
186 554
186 573
186 889
186 905
187 724
187 909
188 696
188 988
189 654
189 668
189 699
189 751
189 933
189 1060
189 1067
190 738
190 999
191 485
191 558
191 741
191 765
191 1066
192 1086
193 534
193 706
193 707
193 1125
194 609
194 631
194 809
194 836
194 956
194 1039
195 567
195 621
195 750
195 841
195 950
195 958
195 960
195 982
196 511
196 576
196 635
196 809
196 848
196 888
196 944
196 995
197 568
197 708
197 709
198 603
198 607
198 827
198 1029
199 456
199 546
199 586
199 617
199 722
199 810
199 979
199 1107
200 774
200 876
200 1042
201 572
201 580
201 764
201 863
201 997
201 1072
201 1073
201 1113
202 486
202 555
202 616
203 599
203 711
203 712
203 888
203 897
203 982
203 998
203 1061
203 1066
204 566
204 598
204 901
205 629
205 697
205 776
205 791
205 1000
206 684
206 777
206 826
206 923
207 462
207 642
207 651
207 688
207 1010
208 536
208 543
208 591
208 691
208 1067
209 487
209 510
209 528
209 601
209 715
209 780
209 795
209 916
210 651
210 690
210 900
210 909
210 1011
211 639
211 935
212 535
212 665
212 668
212 728
212 1090
212 1107
213 454
213 494
213 836
214 1058
215 582
215 674
215 865
215 870
215 997
215 1089
216 692
216 750
217 486
217 571
217 967
217 1082
218 496
218 782
219 763
219 769
219 773
219 794
219 1020
220 461
220 474
220 581
220 788
220 926
220 971
221 466
221 684
221 769
221 807
221 906
222 504
222 553
223 484
223 550
223 642
223 816
223 922
223 965
223 1104
224 704
224 797
224 821
224 1003
224 1012
224 1095
225 573
225 686
225 749
225 892
226 457
226 561
226 918
226 1049
226 1101
227 653
227 682
227 745
227 828
228 875
229 630
229 751
229 827
229 979
230 700
230 1118
231 522
231 624
231 637
231 680
231 859
231 899
231 915
231 1044
231 1107
232 674
232 999
232 1033
233 874
233 936
233 1115
234 651
234 1055
234 1073
234 1123
235 744
235 816
235 1056
235 1106
236 513
236 756
237 482
237 490
237 793
237 904
238 564
238 636
238 673
238 970
238 975
238 983
238 1115
239 487
239 673
239 742
239 777
239 792
239 913
239 1022
239 1088
240 582
240 623
240 699
240 766
240 1070
240 1126
241 463
241 663
241 729
241 794
241 943
241 1112
242 454
242 826
242 887
242 929
243 622
243 722
243 799
243 802
243 912
243 949
243 1013
244 498
244 502
244 529
244 539
244 786
244 823
244 866
245 554
245 675
245 692
245 858
246 634
247 484
247 517
247 555
247 856
247 872
248 614
248 663
248 959
248 1042
249 879
249 906
249 981
249 986
249 1094
249 1098
250 742
250 761
250 765
250 851
250 1004
250 1010
250 1080
251 471
251 504
251 612
251 849
251 1083
252 748
253 645
253 677
253 683
253 694
253 948
253 1090
253 1124
254 537
254 557
254 586
254 650
254 796
254 877
254 995
254 1061
254 1103
255 636
255 641
255 678
255 972
255 994
255 1057
256 630
257 651
258 523
258 543
258 850
258 864
258 964
258 1083
259 471
259 628
259 678
259 709
259 763
259 900
259 914
259 952
260 626
260 648
260 924
260 1119
261 540
261 722
261 871
261 894
261 954
261 1028
262 608
262 710
263 582
263 1017
264 474
264 476
264 520
264 759
264 766
264 880
264 1022
265 1037
265 1121
266 524
266 572
266 691
266 727
266 934
267 474
267 677
267 983
267 1126
268 652
268 653
268 681
268 854
268 962
268 1014
268 1032
268 1093
269 477
269 865
270 868
270 895
271 609
271 1030
272 544
272 625
272 910
272 918
272 1108
273 529
273 893
274 600
274 928
274 970
275 671
276 721
276 804
276 835
276 1074
276 1117
277 577
277 612
277 724
277 774
277 978
277 1086
277 1123
278 459
278 569
278 610
278 966
279 836
280 465
280 939
280 961
281 525
281 609
281 661
281 666
281 898
281 957
281 1058
281 1071
281 1099
282 483
282 788
282 814
282 852
282 953
283 1001
284 468
284 522
284 640
284 714
284 897
284 909
284 914
284 973
284 1007
285 853
285 881
286 778
286 1098
287 559
287 990
287 995
287 1010
288 504
288 561
288 607
288 661
288 675
288 1003
288 1028
288 1072
289 468
289 471
289 548
289 951
290 495
290 772
290 785
290 945
291 473
291 506
291 517
291 588
291 599
291 837
291 1024
292 752
292 998
293 466
293 546
293 560
293 678
293 873
294 550
294 745
294 828
294 910
294 1067
295 523
295 816
295 971
296 541
296 727
296 1066
297 567
297 632
297 931
297 1091
298 456
298 496
298 569
298 666
298 669
298 748
298 831
298 1123
299 488
299 717
299 725
299 796
299 1111
300 740
300 981
300 1110
301 642
301 864
301 984
301 988
301 1000
301 1074
302 627
302 655
302 687
303 508
303 514
303 858
303 1031
304 830
305 541
305 562
305 1113
306 668
306 959
306 1102
307 1083
308 557
308 800
308 834
308 835
308 840
308 934
308 941
309 521
310 592
310 814
310 832
310 902
310 999
311 605
311 657
311 1080
312 602
312 607
312 736
312 822
312 825
313 530
313 551
313 744
313 929
313 934
313 986
314 877
314 1096
314 1114
315 648
315 908
316 1084
317 574
317 621
317 654
317 706
317 868
317 961
318 563
318 749
318 905
318 1093
319 524
320 457
320 482
320 534
320 540
320 618
320 662
320 1078
321 895
322 681
322 732
322 770
322 796
322 806
322 1025
322 1119
323 528
323 618
323 653
323 901
323 927
323 938
323 948
323 1121
324 526
324 554
324 566
324 931
324 1040
324 1048
325 527
325 538
325 566
325 638
325 771
325 1064
326 461
326 481
326 513
326 588
326 699
326 780
326 837
326 1036
327 573
327 640
327 764
327 1064
328 509
328 590
328 705
328 861
328 974
329 542
329 641
329 717
329 786
329 905
329 949
329 1116
330 501
330 649
330 702
330 834
331 462
331 486
331 785
332 643
333 570
333 690
333 839
333 975
334 481
334 501
334 732
334 733
334 801
334 882
334 886
334 901
334 946
335 510
335 516
335 654
335 742
335 1114
336 689
336 765
336 821
336 1110
337 493
337 584
337 653
337 704
337 991
338 474
338 508
338 734
338 998
338 1075
339 621
339 727
339 873
339 1051
339 1091
340 468
340 715
340 757
340 1021
341 718
341 940
341 1099
342 575
342 805
342 928
342 1015
343 979
343 1090
344 496
344 561
344 619
344 814
344 916
344 1034
344 1051
345 463
346 639
346 830
346 929
346 971
346 1050
347 874
347 1002
347 1029
348 555
348 632
348 732
348 749
348 956
349 506
349 699
349 840
349 869
349 1019
349 1060
350 485
350 497
350 570
350 614
350 623
350 638
350 854
350 948
351 530
351 752
351 875
351 1074
352 459
352 513
352 862
352 1076
353 580
353 808
354 723
354 730
354 928
354 1085
355 863
356 667
357 606
357 677
357 821
357 1022
357 1062
357 1108
358 472
358 587
358 641
358 1033
359 528
359 597
359 723
359 1025
360 519
360 537
360 595
360 707
360 832
360 1051
360 1085
361 866
362 802
363 585
363 702
363 732
363 797
363 969
363 1047
363 1099
364 1058
364 1105
365 591
365 598
365 639
365 668
365 801
365 927
365 956
366 486
366 683
366 720
366 968
367 513
367 549
367 757
367 872
367 983
367 985
367 1017
367 1110
368 708
368 932
369 1111
370 538
370 718
370 742
370 759
370 761
370 890
370 903
370 947
370 977
371 578
371 738
371 838
371 867
371 932
371 954
371 1004
371 1072
372 495
372 519
372 663
372 678
372 951
373 534
373 659
374 536
374 597
374 723
374 760
374 792
374 828
374 860
374 993
375 783
375 987
376 566
376 611
376 716
376 841
376 911
376 988
376 1023
377 655
377 829
377 883
377 905
378 561
378 567
378 1086
379 987
380 804
381 797
381 823
381 986
381 1092
382 455
382 1042
383 521
383 564
384 624
384 640
384 754
384 793
384 1061
385 824
385 924
386 946
386 1027
387 700
387 781
387 1044
388 611
389 647
389 1011
390 584
390 733
390 968
390 969
391 496
391 514
391 645
391 757
391 855
391 978
391 995
392 541
392 731
392 857
392 994
392 1019
392 1063
392 1089
392 1117
393 522
393 612
393 683
393 838
393 924
393 980
393 1032
394 603
394 787
394 800
394 1116
395 622
395 739
395 771
395 946
395 1001
395 1098
395 1123
396 1047
397 592
397 997
398 503
398 528
398 617
398 768
398 781
398 870
398 872
398 885
398 921
399 547
399 737
399 778
399 779
399 1077
399 1079
400 507
400 553
400 720
400 730
400 777
400 1026
400 1040
400 1094
401 666
401 716
401 963
401 1104
402 531
402 572
402 818
402 1123
403 546
403 661
403 700
403 904
404 473
404 520
404 530
404 687
404 756
404 788
404 1088
404 1100
405 510
405 618
405 664
405 723
405 766
405 793
405 806
405 973
406 489
406 761
407 779
408 594
408 835
408 1002
408 1060
409 627
409 646
409 805
409 885
409 985
409 1004
409 1052
410 679
410 728
410 806
410 1024
411 1038
412 498
412 580
412 693
412 831
412 844
412 867
412 959
412 962
412 1043
413 535
413 579
413 639
413 660
413 743
413 965
413 996
414 479
414 485
414 613
414 758
414 856
414 1003
414 1043
414 1069
415 487
415 620
415 777
415 778
415 804
415 1038
416 470
416 510
416 784
416 798
416 976
416 1005
417 568
417 887
417 1082
418 650
418 695
418 810
418 966
418 1014
419 476
419 538
419 758
419 803
419 846
419 1006
419 1099
419 1109
420 495
420 544
420 602
420 676
420 719
420 997
421 667
422 467
422 737
422 747
422 766
422 861
422 884
422 911
422 974
422 1124
423 477
423 492
423 672
423 1019
424 465
424 482
425 791
425 922
426 543
426 575
426 807
426 850
426 972
426 1035
427 480
427 565
427 774
427 1064
427 1078
427 1093
428 544
429 547
429 558
429 635
429 802
429 829
430 607
430 689
430 835
430 844
430 934
431 491
431 647
431 651
431 659
431 764
431 999
431 1000
431 1111
432 513
432 616
432 688
432 778
432 845
432 852
432 1065
433 837
434 504
434 1050
434 1080
435 472
435 742
436 475
436 662
436 732
436 871
436 910
436 1068
437 505
437 631
437 701
437 817
437 881
437 973
438 610
438 655
438 725
438 770
438 811
438 814
438 913
439 583
439 649
439 712
440 535
440 919
440 957
441 658
441 783
441 907
441 915
441 965
441 1101
442 1058
443 511
443 542
443 588
443 681
443 891
444 546
444 772
444 851
444 883
444 933
444 951
444 1078
445 463
445 839
446 481
446 499
446 579
446 586
446 758
446 1018
446 1029
447 765
447 780
447 847
447 956
448 469
448 631
448 709
448 843
448 876
448 951
449 483
449 585
449 782
449 864
449 1016
449 1041
450 1042
450 1122
451 518
451 553
451 611
451 618
451 1015
451 1062
451 1067
452 459
452 541
452 572
452 589
452 703
452 970
452 1094
453 612
453 648
