200 174
1 62
1 104
3 166
3 5
4 185
5 60
5 194
5 59
5 19
8 55
8 197
9 124
9 82
10 128
10 155
10 89
10 129
11 72
12 40
13 199
13 18
16 33
16 84
16 113
18 49
20 68
21 178
21 71
22 60
22 149
22 131
24 124
25 121
25 67
25 73
25 48
25 184
26 50
26 128
26 68
28 161
28 134
28 170
29 54
30 180
30 77
31 194
31 75
32 52
32 126
33 193
34 143
34 42
35 114
35 105
36 149
39 41
39 184
40 162
40 149
41 119
42 151
42 150
43 88
45 46
45 182
46 50
46 137
46 143
46 117
46 79
46 104
46 78
46 139
47 166
49 112
49 100
50 200
50 86
50 157
50 100
51 54
52 111
52 186
52 85
53 188
54 111
54 119
56 195
60 111
60 74
60 177
60 152
60 119
62 98
63 172
63 166
65 190
67 132
69 198
70 114
70 124
72 194
72 199
72 141
72 176
73 177
74 84
74 189
74 124
74 146
75 199
75 99
75 191
76 110
77 194
77 129
78 116
78 200
78 150
79 194
79 98
80 174
82 145
84 162
84 137
84 117
86 111
88 125
88 93
88 167
92 162
93 100
97 194
99 199
100 169
106 112
106 113
107 168
110 149
111 149
111 185
112 148
113 198
114 177
116 173
116 156
116 139
117 126
121 149
121 150
122 192
128 199
128 134
128 153
129 178
129 146
133 138
135 166
135 154
137 179
139 166
141 142
142 199
142 184
150 174
152 162
162 185
166 198
173 190
177 191
177 185
194 200
195 199
