200 100
53 160
106 172
144 198
60 74
79 142
101 139
35 148
7 186
111 188
82 97
126 195
10 66
118 166
92 147
44 134
47 133
151 181
14 20
110 125
71 115
1 38
17 89
49 114
123 182
109 199
141 197
76 150
13 57
122 156
36 159
135 193
77 187
75 80
39 124
68 178
46 120
18 168
40 161
30 41
58 112
69 130
59 61
6 12
119 136
87 177
173 189
52 167
165 169
140 149
42 138
56 100
23 51
11 31
78 179
16 85
95 183
27 103
70 83
99 128
34 127
132 143
3 84
21 129
155 163
164 175
50 153
152 191
105 171
26 180
37 91
4 33
65 116
67 98
62 184
45 113
24 90
22 157
2 117
131 137
48 93
94 145
28 154
63 121
29 43
15 108
86 104
107 200
73 88
8 32
19 96
25 185
146 194
72 190
55 64
5 54
176 192
162 174
9 81
102 196
158 170
