200 308
1 109
1 50
3 33
3 16
3 172
3 117
4 100
4 174
5 92
5 84
5 167
5 121
5 54
6 138
6 72
7 33
7 145
7 109
7 87
7 97
7 100
7 48
7 175
7 38
7 45
7 134
7 18
7 121
7 108
7 55
7 128
7 198
7 191
7 174
7 69
7 14
7 196
7 23
7 182
7 103
7 115
7 141
7 150
8 33
8 92
8 109
8 162
8 194
8 134
8 151
8 152
8 125
8 120
9 109
9 78
10 92
10 153
11 97
11 100
11 28
13 83
15 92
15 167
16 190
16 200
18 162
18 73
19 33
19 92
19 153
19 90
20 145
21 145
21 109
21 26
21 177
21 186
22 160
22 56
22 172
22 74
22 140
24 145
25 38
26 33
26 92
26 145
26 109
26 183
26 97
26 38
26 194
26 76
26 64
26 75
26 106
26 158
26 104
26 141
27 53
28 129
28 131
28 77
30 33
30 92
31 167
33 92
33 145
33 109
33 183
33 87
33 97
33 100
33 138
33 48
33 38
33 194
33 190
33 167
33 130
33 192
33 76
33 123
33 136
33 133
33 172
33 46
33 152
33 186
33 102
33 179
33 79
33 147
33 155
33 126
34 89
35 71
36 190
38 92
38 87
38 95
38 129
39 145
39 97
39 48
39 114
41 95
43 109
43 103
45 92
45 183
45 97
45 128
45 177
45 46
46 145
47 62
48 145
48 100
48 108
48 181
48 78
48 186
48 150
50 145
51 83
51 147
52 129
53 92
53 183
54 95
55 83
56 194
56 160
56 151
56 169
57 183
57 119
60 134
61 97
62 175
63 121
64 127
65 145
66 74
67 80
68 183
72 92
72 111
74 100
75 92
76 198
76 185
76 110
80 190
80 151
81 87
83 92
83 109
84 109
84 194
84 105
84 137
84 171
84 126
87 92
87 183
87 95
87 197
87 131
87 174
87 106
87 193
87 88
88 92
90 97
90 133
92 145
92 109
92 183
92 100
92 194
92 119
92 95
92 176
92 134
92 121
92 160
92 114
92 142
92 133
92 163
92 125
92 98
93 109
94 162
95 145
95 101
95 167
95 172
95 141
96 109
97 176
97 130
97 123
97 186
97 102
98 128
100 145
100 109
100 138
100 175
100 162
100 119
100 167
100 173
100 103
101 190
101 133
101 157
102 138
104 175
106 123
108 194
108 133
109 145
109 138
109 175
109 130
109 149
110 112
111 189
113 162
118 172
119 183
122 130
124 163
125 183
125 168
125 178
126 127
128 145
128 133
130 156
131 134
135 145
136 162
138 168
138 139
140 191
141 179
142 145
142 190
145 194
145 192
149 200
151 200
159 183
162 190
163 176
168 175
175 183
176 185
177 194
183 197
183 198
183 186
194 197
