200 231
1 158
1 16
1 156
1 109
2 179
2 114
2 16
2 147
5 28
6 79
7 87
8 171
9 88
9 139
10 85
10 170
10 94
10 104
10 130
13 160
14 46
14 193
15 105
15 17
15 63
16 179
16 128
16 92
16 36
16 182
16 148
16 22
17 183
17 66
17 124
17 45
17 91
17 194
18 179
18 114
18 183
18 67
18 165
18 156
18 109
18 100
18 61
18 93
18 155
18 104
18 27
18 171
18 20
18 117
18 79
18 115
18 131
18 74
18 134
18 169
19 164
21 128
21 168
21 75
22 179
23 78
23 100
23 33
24 37
24 124
24 87
25 127
26 72
26 110
27 64
28 179
28 71
29 112
30 179
30 90
30 193
30 121
31 179
31 181
32 156
33 37
34 94
34 112
34 65
35 179
35 102
35 108
36 88
37 85
37 66
37 100
39 127
40 199
42 94
42 81
43 72
43 114
43 116
44 78
44 171
45 174
46 196
47 197
48 78
48 197
49 179
49 98
49 197
50 179
50 112
51 179
51 193
51 69
52 139
52 69
54 156
56 98
57 179
57 168
58 71
58 105
60 192
60 83
61 191
63 196
66 85
66 139
66 171
66 140
67 179
67 100
67 169
69 112
70 179
70 85
70 86
71 179
71 72
71 156
71 100
71 189
72 179
72 85
72 170
72 129
72 163
72 106
72 135
72 191
72 188
75 179
75 132
76 147
78 179
78 110
78 147
78 171
82 132
82 155
85 192
85 88
85 135
85 174
88 170
89 104
91 155
92 120
93 139
95 127
95 126
97 179
97 178
98 179
98 184
99 158
100 164
103 179
104 179
104 109
104 149
106 112
108 171
108 163
109 179
109 125
110 155
110 175
112 179
112 120
113 145
114 179
116 175
116 150
117 150
118 158
121 179
122 180
123 179
124 179
124 142
125 128
127 155
128 132
130 148
132 183
139 141
143 189
144 156
145 170
146 192
149 176
153 161
153 195
156 178
158 179
160 183
161 170
165 170
165 185
169 175
174 179
179 183
179 193
179 191
184 199
196 200
