200 246
1 86
1 124
1 108
1 119
1 70
1 105
1 88
1 199
1 15
1 21
1 146
1 180
1 194
1 142
3 119
3 12
3 199
3 138
3 77
5 172
5 40
7 108
7 68
8 199
8 161
10 172
10 187
10 28
10 120
11 67
12 124
12 65
12 138
12 25
12 26
13 172
14 52
14 197
14 64
16 97
18 70
18 78
20 132
21 119
21 29
21 147
22 118
22 130
23 121
23 191
23 154
25 86
25 143
26 157
26 118
28 150
28 39
29 108
29 59
30 121
31 122
31 100
32 74
32 56
32 109
33 199
33 101
35 86
35 108
35 122
35 146
38 124
38 74
38 78
39 108
39 70
41 86
41 88
42 119
42 70
44 119
44 75
44 136
46 164
47 140
47 97
48 86
48 197
48 136
49 86
49 175
49 147
49 78
49 173
50 86
50 74
50 136
51 133
52 119
52 134
52 178
52 106
52 114
52 160
52 185
52 78
54 134
54 56
55 175
55 105
55 76
55 191
56 191
57 74
57 155
57 182
57 110
59 105
59 64
59 138
61 108
61 74
61 134
61 164
62 158
63 86
63 172
64 182
65 74
65 183
65 161
66 108
66 154
68 77
69 134
69 166
69 138
70 155
70 150
70 122
70 97
70 131
70 135
71 132
71 112
71 110
72 121
72 101
73 155
73 129
74 86
74 124
74 108
74 175
74 89
74 114
74 165
74 92
75 80
76 79
76 123
80 180
82 151
82 195
83 197
85 134
86 124
86 108
86 150
86 88
86 121
86 172
86 89
86 122
86 164
86 111
86 188
88 161
88 160
88 180
88 103
89 108
89 178
89 139
89 160
89 185
90 196
94 190
96 157
97 119
97 175
97 184
100 147
101 179
101 168
103 124
105 108
105 178
105 176
105 106
108 155
108 161
108 131
108 174
109 155
109 186
109 159
113 158
113 177
113 181
115 119
116 196
119 134
119 189
119 194
121 197
121 123
122 134
124 134
124 150
124 138
124 167
124 185
124 157
124 200
127 187
132 151
134 175
134 151
138 158
146 179
147 155
147 151
150 175
150 172
155 180
156 193
166 167
167 172
168 178
172 178
173 183
175 197
177 197
179 189
183 195
