200 149
1 55
1 80
4 23
4 65
4 152
5 65
5 118
5 123
7 40
7 70
8 110
8 121
9 110
9 146
10 117
12 157
13 63
13 72
14 36
16 185
17 34
17 90
18 89
20 94
20 108
20 166
21 156
21 180
23 39
24 74
25 108
25 119
26 111
27 41
28 76
28 109
29 50
29 87
29 99
30 73
31 115
32 52
32 86
32 102
33 41
34 109
36 178
37 122
37 137
37 139
38 59
38 146
40 58
40 157
41 95
42 118
43 137
44 71
45 124
46 89
47 102
48 78
48 118
48 196
50 105
50 155
50 199
51 55
51 68
52 116
55 60
56 99
56 186
58 149
61 111
61 148
62 136
63 165
64 104
66 171
68 99
69 128
69 159
70 132
70 135
71 157
72 116
72 157
74 175
75 84
75 130
76 135
76 156
78 130
79 158
79 186
82 101
82 102
84 128
84 135
84 187
87 169
89 103
91 120
91 145
91 147
92 200
93 138
94 105
94 170
95 113
95 142
97 157
98 143
98 184
100 194
101 110
102 191
107 181
108 152
109 122
109 183
110 175
113 152
113 173
117 162
120 152
123 130
125 143
126 190
131 159
135 172
137 170
137 179
138 199
139 151
144 166
145 160
147 196
153 177
154 157
158 186
162 197
163 170
166 177
171 180
181 198
182 200
188 197
