200 142
1 104
2 11
3 113
3 146
4 54
5 93
6 155
7 107
8 67
8 181
9 86
10 130
11 28
11 32
11 93
11 177
12 74
13 105
14 103
14 142
14 176
15 44
15 77
16 64
17 75
19 83
20 57
20 126
20 200
23 33
23 65
24 66
24 69
24 99
24 101
25 87
27 158
27 180
30 117
30 194
31 91
31 187
32 158
33 65
34 184
36 67
38 53
38 93
38 195
40 83
40 124
43 130
43 170
45 181
46 59
46 79
46 157
47 159
47 183
48 157
48 189
52 198
53 62
55 80
56 119
56 169
56 174
59 140
59 179
60 105
61 128
61 165
63 113
63 152
66 132
66 153
66 169
68 76
68 140
69 109
70 83
72 181
72 189
74 77
74 134
75 119
76 77
76 91
79 192
80 134
82 142
82 147
84 147
85 161
86 116
86 149
88 99
89 175
92 168
93 138
93 142
95 170
97 112
100 180
101 137
102 177
105 125
106 192
108 125
108 136
109 129
109 198
110 171
114 172
114 180
116 142
116 146
116 186
119 146
119 190
121 129
122 123
125 180
125 190
127 187
128 135
129 196
131 145
134 168
143 176
143 186
146 193
147 156
148 200
152 169
156 160
165 172
169 172
175 192
179 189
188 190
194 198
