200 100
104 153
152 172
90 151
128 144
67 125
31 83
66 135
72 185
13 108
78 182
173 188
42 162
63 93
20 122
6 132
119 134
9 131
10 29
39 184
25 84
176 189
60 179
117 121
18 118
191 198
43 190
105 195
97 102
89 171
41 103
21 109
44 138
45 91
26 142
46 175
2 40
111 130
76 136
147 196
168 194
52 55
7 32
69 123
59 88
68 155
156 158
99 133
80 193
4 200
19 170
36 186
62 95
48 160
3 73
28 157
12 94
57 126
150 174
54 87
8 154
71 146
61 101
112 183
86 164
50 107
34 65
35 149
53 197
116 180
114 137
11 145
47 159
85 143
98 140
33 178
37 75
5 22
106 129
14 64
92 148
49 58
24 120
81 181
127 187
70 199
100 124
74 169
23 96
56 163
1 139
79 177
141 161
51 115
15 192
27 38
17 165
82 166
30 113
110 167
16 77
