200 284
1 53
1 100
1 152
2 14
2 26
2 137
3 123
3 156
3 167
3 179
4 48
4 93
4 112
4 158
4 198
5 144
6 99
6 191
7 13
7 59
7 82
7 178
7 199
8 65
8 168
9 125
9 173
10 30
10 76
10 140
11 47
11 134
12 113
14 101
15 198
16 159
17 51
18 67
18 115
19 79
19 180
20 158
20 187
21 88
21 112
21 172
22 59
22 168
23 41
23 69
24 47
24 63
24 146
25 50
25 55
25 65
25 135
25 157
26 52
27 75
27 119
27 120
27 171
28 129
28 187
29 187
30 37
31 49
31 59
31 87
31 130
31 142
32 86
32 94
33 43
34 83
34 87
34 114
34 139
34 165
34 174
34 180
35 104
35 147
35 170
36 101
36 116
37 95
38 61
38 197
39 67
39 84
39 166
39 169
39 197
40 177
41 68
41 95
41 145
41 156
42 92
43 119
43 132
43 148
43 154
44 200
45 86
45 158
45 181
46 72
46 109
46 171
48 118
48 129
49 62
49 185
49 197
50 61
50 75
50 137
51 121
52 91
52 111
52 149
53 97
53 107
53 109
54 67
54 106
56 75
56 88
56 195
57 121
58 137
58 189
59 121
60 176
61 84
61 104
61 131
61 161
61 184
62 79
63 86
63 185
63 197
64 96
64 102
64 192
65 73
65 134
65 161
66 178
67 99
67 191
68 113
68 146
69 81
69 144
70 144
70 195
70 197
71 86
73 143
73 176
73 186
73 199
74 75
74 111
74 146
74 180
75 197
76 117
77 95
77 97
77 183
77 193
78 89
78 152
80 180
81 152
81 166
82 93
82 169
83 86
83 88
83 126
84 91
84 121
84 149
85 177
85 198
86 94
86 146
86 186
87 128
89 97
90 148
90 183
91 97
91 112
93 106
93 129
94 145
95 113
95 132
95 165
96 105
96 117
96 166
97 144
97 176
97 195
98 141
99 191
100 114
100 124
100 158
101 108
101 197
102 173
102 194
103 168
104 118
106 143
106 197
108 141
108 197
109 125
109 127
112 124
112 195
112 196
113 123
114 157
114 170
114 193
114 197
117 192
120 198
122 132
122 195
124 128
124 199
127 155
127 163
127 185
128 134
128 150
131 133
131 176
134 144
137 138
137 161
137 167
138 186
138 199
139 155
140 178
141 144
142 188
143 154
144 175
145 195
146 196
148 176
152 174
153 156
153 166
153 195
153 196
154 158
154 180
156 176
157 198
158 173
161 180
162 164
162 195
163 180
170 193
171 183
175 181
191 194
