200 108
1 52
2 41
2 126
3 103
3 167
7 105
7 114
8 90
8 139
10 120
10 146
11 59
12 122
13 79
13 146
16 62
16 199
17 81
18 38
18 88
18 111
22 70
22 154
23 188
24 30
24 55
26 54
26 145
27 103
27 200
28 112
28 153
29 99
31 37
31 178
32 139
34 77
34 109
34 152
35 56
36 83
39 167
39 170
41 61
42 58
42 194
43 156
46 47
46 199
47 83
47 106
47 191
48 184
51 169
54 56
54 105
58 104
58 145
58 182
62 93
62 196
64 74
64 136
69 77
69 88
69 191
72 196
81 84
82 154
82 179
83 102
84 117
85 177
87 199
92 140
94 104
96 98
96 111
99 157
99 170
100 102
102 142
105 153
106 131
115 184
119 179
120 131
122 192
123 197
127 192
127 197
128 144
131 142
131 160
133 186
137 176
139 190
140 154
142 155
144 179
150 196
152 197
153 181
157 198
159 173
161 192
178 181
189 193
