200 219
1 56
2 10
2 62
2 144
3 53
3 102
4 69
4 82
4 127
4 133
5 196
6 7
7 56
8 51
8 122
8 168
9 63
9 151
10 35
10 69
10 167
10 181
11 169
11 196
12 58
14 121
15 198
16 81
18 53
18 144
18 156
18 177
19 73
21 159
21 192
22 41
22 122
22 170
23 93
23 164
24 105
25 87
25 143
26 79
26 88
26 104
28 41
28 77
28 119
28 169
29 53
31 35
31 141
31 180
32 55
32 107
33 66
33 148
34 55
34 183
35 37
35 67
35 196
36 154
37 75
37 112
37 176
38 67
38 168
39 188
40 183
40 190
41 86
41 123
41 174
41 200
42 90
42 122
42 124
42 134
43 50
43 55
44 77
44 180
44 183
47 108
47 161
48 69
48 133
49 112
49 185
50 164
51 84
51 86
51 103
51 135
53 183
54 68
54 71
54 79
55 69
56 115
56 161
57 84
57 101
57 118
58 72
58 84
58 86
60 84
61 96
61 99
62 76
62 92
62 116
62 125
62 167
62 185
63 70
63 71
63 97
63 158
63 181
66 83
66 138
66 140
66 165
66 174
67 85
67 99
67 118
67 193
67 198
68 83
69 83
70 75
70 111
70 168
71 148
71 184
73 153
75 122
75 196
78 86
78 179
79 132
80 194
81 95
83 178
84 120
85 147
87 96
87 183
87 198
88 155
89 159
91 166
92 150
93 102
96 169
99 167
100 143
100 182
101 116
101 179
102 137
103 163
103 167
103 173
103 178
106 116
107 174
109 126
109 146
109 188
111 154
112 164
118 167
118 185
119 171
122 152
123 135
123 144
125 173
125 177
126 147
128 136
128 176
129 158
129 190
130 142
131 135
132 187
133 147
133 158
133 172
134 184
138 198
139 165
148 175
149 195
150 153
150 162
150 188
151 197
154 191
158 189
161 171
161 177
163 181
164 194
165 195
168 174
168 183
168 187
169 175
174 187
176 186
187 197
