200 100
44 102
45 110
92 99
14 73
77 174
46 86
11 183
134 153
87 105
90 101
60 97
58 197
54 65
36 157
34 114
47 181
107 192
63 143
38 68
96 176
15 22
133 179
116 172
80 127
186 190
1 117
95 188
19 168
28 109
148 199
26 91
154 194
40 83
94 118
7 25
66 111
128 184
21 198
162 164
2 120
122 137
142 170
31 144
37 160
108 147
8 69
17 136
103 178
113 155
13 132
42 177
70 193
4 138
53 131
139 146
79 104
125 156
48 98
35 165
10 62
152 191
3 59
41 61
12 89
64 72
51 56
85 106
43 88
166 195
57 169
20 159
23 121
16 18
158 175
93 119
112 187
78 130
9 189
32 163
180 196
135 173
30 129
124 200
82 84
50 150
27 29
115 151
161 182
24 140
76 123
5 81
126 145
39 52
74 171
33 75
49 71
67 141
6 100
55 185
149 167
