200 124
1 30
1 112
2 44
3 149
4 143
4 172
6 146
7 95
8 98
9 67
9 27
9 108
10 41
10 152
11 52
11 192
13 73
14 38
15 91
16 123
16 107
17 28
19 95
19 89
20 102
21 143
23 106
23 195
26 198
26 178
26 200
28 198
28 195
28 52
29 187
31 154
33 184
33 157
33 41
33 196
33 193
34 73
37 133
38 43
40 55
42 126
43 191
44 116
44 65
45 137
46 190
46 104
47 197
48 163
49 113
49 93
49 77
50 106
51 125
52 149
53 110
55 75
56 108
58 198
59 70
61 140
62 177
65 146
67 139
67 75
68 95
68 105
68 126
70 97
72 117
74 106
74 134
76 184
76 164
76 106
76 180
77 179
77 114
77 194
78 108
79 139
80 150
81 197
81 182
84 173
86 100
88 183
88 178
88 159
93 192
94 123
95 182
96 99
96 185
99 110
100 133
104 153
105 137
107 123
110 117
112 197
112 198
112 163
114 138
115 189
116 125
117 168
117 152
120 155
123 187
132 162
135 184
137 190
137 156
142 157
143 157
152 161
155 156
166 170
