200 400
17 94
17 101
17 76
17 25
94 90
94 96
94 114
189 197
189 27
189 36
189 72
197 176
197 21
197 141
37 81
37 171
37 143
37 152
81 18
81 95
81 131
34 192
34 60
34 33
34 96
192 108
192 122
192 84
9 19
9 80
9 179
9 53
19 105
19 58
19 149
16 125
16 151
16 74
16 130
125 124
125 159
125 62
22 56
22 120
22 43
22 145
56 112
56 186
56 148
69 140
69 25
69 73
69 167
140 102
140 84
140 25
39 145
39 13
39 153
39 156
145 131
145 93
74 75
74 11
74 130
75 12
75 2
75 137
70 123
70 31
70 1
70 190
123 84
123 107
123 99
55 80
55 134
55 106
55 112
80 48
80 82
3 51
3 185
3 110
3 77
51 155
51 102
51 171
28 135
28 73
28 1
28 136
135 164
135 141
135 175
53 164
53 107
53 42
164 15
164 20
11 167
11 119
11 100
167 48
167 29
47 108
47 153
47 138
47 142
108 176
108 128
18 154
18 190
18 13
6 79
6 78
6 138
6 113
79 119
79 26
79 27
98 162
98 180
98 166
98 146
162 49
162 196
162 118
15 158
15 142
15 174
180 166
180 90
180 111
8 134
8 129
8 59
8 23
134 20
134 102
72 146
72 117
72 58
146 13
146 195
45 52
45 157
45 95
45 63
52 62
52 20
52 111
101 191
101 175
101 60
191 83
191 41
191 148
29 184
29 118
29 127
184 121
184 171
184 122
49 117
49 144
49 112
166 111
166 133
147 185
147 46
147 4
147 150
185 178
185 130
144 161
144 151
144 177
161 165
161 148
161 193
46 20
46 31
46 12
7 48
7 113
7 149
7 32
48 151
38 152
38 124
38 44
38 41
152 168
152 176
114 120
114 43
114 160
120 133
120 91
95 159
95 136
129 190
129 104
129 26
90 73
90 35
196 143
196 107
196 61
43 26
43 65
26 40
174 188
174 73
174 36
188 104
188 172
188 83
5 78
5 76
5 42
5 158
78 63
78 156
113 178
113 92
178 97
178 30
96 107
96 68
14 65
14 138
14 128
14 194
65 85
65 93
61 149
61 66
61 155
149 4
106 139
106 76
106 50
139 198
139 87
139 153
54 119
54 71
54 84
54 40
119 77
57 124
57 24
57 155
57 122
124 181
67 183
67 187
67 141
67 64
183 190
183 126
183 99
170 177
170 131
170 153
170 86
177 160
177 10
151 181
102 92
63 66
63 103
143 88
143 127
76 64
93 186
93 168
186 91
186 64
10 179
10 109
10 182
179 68
179 50
105 169
105 88
105 86
169 2
169 100
169 62
25 24
89 99
89 182
89 126
89 148
99 91
21 193
21 71
21 110
193 60
193 199
187 1
187 200
187 198
154 182
154 200
154 199
182 137
176 35
50 66
50 111
66 85
4 126
4 97
126 104
198 68
198 12
31 133
31 92
117 97
117 159
12 33
92 155
71 82
71 109
35 82
35 103
82 103
1 59
141 87
97 195
2 118
2 64
77 172
77 137
172 199
172 163
199 181
116 127
116 121
116 175
116 132
127 27
175 86
27 36
128 137
128 30
59 23
59 115
104 194
194 165
194 163
118 23
100 173
100 83
13 173
30 200
30 83
24 132
24 60
62 163
85 171
85 115
110 88
110 115
68 121
33 138
33 130
112 136
165 122
165 44
131 156
133 121
109 44
109 132
41 87
41 58
87 158
173 158
173 44
40 136
40 142
32 150
32 195
32 42
150 160
150 115
58 168
200 168
160 91
156 157
132 157
36 142
42 163
23 86
88 159
157 195
181 103
