200 600
106 172
106 199
106 104
106 115
106 128
106 103
172 140
172 183
172 8
172 19
172 164
27 40
27 142
27 39
27 150
27 107
27 190
40 95
40 76
40 52
40 33
40 60
35 130
35 192
35 146
35 94
35 80
35 167
130 156
130 85
130 57
130 199
130 33
5 138
5 54
5 30
5 112
5 192
5 186
138 140
138 99
138 176
138 116
138 29
96 158
96 38
96 195
96 30
96 82
96 75
158 151
158 39
158 75
158 169
158 66
23 146
23 126
23 195
23 77
23 198
23 183
146 26
146 71
146 180
146 88
199 85
199 67
199 157
199 100
109 195
109 81
109 92
109 115
109 71
109 170
195 104
195 122
195 185
39 118
39 56
39 111
39 91
118 10
118 190
118 137
118 113
118 116
67 198
67 196
67 47
67 119
67 26
198 120
198 43
198 117
198 83
58 140
58 117
58 10
58 102
58 70
58 192
140 177
140 79
140 36
59 105
59 188
59 44
59 132
59 159
59 170
105 103
105 159
105 102
105 124
105 142
129 191
129 152
129 142
129 21
129 178
129 73
191 20
191 98
191 81
191 38
191 186
156 64
156 150
156 123
156 184
156 143
114 148
114 46
114 170
114 6
114 36
114 155
148 93
148 28
148 110
148 89
148 192
16 152
16 175
16 164
16 132
16 194
16 153
152 46
152 11
152 164
152 132
48 184
48 155
48 103
48 75
48 22
48 124
184 135
184 74
184 193
184 4
134 135
134 71
134 190
134 31
134 137
134 7
135 15
135 159
135 25
135 8
64 60
64 123
64 145
64 108
64 144
20 131
20 99
20 69
20 3
20 141
131 110
131 151
131 179
131 117
131 55
75 85
75 42
75 180
85 142
85 74
85 95
4 43
4 3
4 117
4 139
4 13
43 197
43 53
43 66
43 185
49 194
49 162
49 24
49 80
49 136
49 42
194 82
194 22
194 14
194 95
61 168
61 121
61 161
61 76
61 71
61 169
168 42
168 110
168 154
168 186
168 101
33 97
33 83
33 69
33 9
97 155
97 150
97 139
97 32
97 162
45 160
45 70
45 171
45 133
45 87
45 63
160 26
160 142
160 163
160 79
160 127
125 180
125 19
125 66
125 69
125 63
125 196
180 193
180 78
180 34
56 80
56 127
56 121
56 116
56 166
80 98
80 176
80 99
54 147
54 154
54 6
54 149
54 12
147 136
147 115
147 77
147 183
147 169
46 12
46 178
46 15
46 181
117 123
117 86
177 29
177 186
177 123
177 126
177 90
10 86
10 179
10 7
10 139
86 73
86 163
86 113
86 99
93 102
93 47
93 9
93 37
93 2
102 77
102 162
102 124
38 166
38 13
38 178
38 122
166 120
166 123
166 169
166 173
81 78
81 112
81 22
81 162
19 133
19 165
19 112
19 182
99 92
99 28
68 185
68 144
68 62
68 8
68 41
68 145
185 28
185 113
185 149
92 115
92 77
92 1
92 84
115 30
115 94
163 175
163 151
163 52
163 82
175 79
175 63
175 107
175 119
95 84
95 98
95 72
83 164
83 88
83 171
83 124
164 111
164 193
32 91
32 188
32 192
32 108
32 144
91 90
91 44
91 17
91 170
162 11
162 9
14 52
14 37
14 149
14 128
14 13
52 119
52 132
52 113
37 44
37 174
37 187
37 29
44 50
44 174
44 107
42 88
42 78
42 73
26 151
26 159
26 50
151 127
151 119
60 36
60 139
60 161
60 18
11 189
11 173
11 145
11 126
78 108
78 89
78 76
66 128
66 90
66 8
144 167
144 90
144 57
110 111
110 88
110 2
108 65
108 153
108 161
79 171
79 47
79 141
171 41
171 196
171 190
142 132
174 141
174 41
174 25
174 173
55 70
55 72
55 62
55 165
55 103
70 200
70 139
70 170
69 98
69 1
69 157
41 133
41 136
41 2
34 159
34 84
34 65
34 176
34 116
159 36
77 82
77 187
98 139
98 181
62 197
62 165
62 30
62 47
103 72
103 87
123 57
133 154
133 31
133 190
76 189
76 3
76 94
187 179
187 73
187 65
187 153
179 8
179 63
179 189
12 121
12 196
12 182
12 155
121 72
121 200
121 24
53 122
53 89
53 153
53 157
53 6
122 197
122 149
122 82
104 31
104 178
104 72
104 150
36 100
36 178
124 182
124 181
182 7
182 84
182 71
136 137
136 18
136 100
18 21
18 25
18 113
18 87
21 84
21 47
21 74
21 15
7 154
7 143
7 72
82 15
126 200
126 188
126 150
47 9
24 189
24 22
24 111
24 120
189 143
189 50
25 181
25 128
25 17
181 157
181 73
3 128
3 169
3 107
155 29
155 112
71 157
157 178
9 101
9 141
120 90
120 137
120 1
145 116
145 119
145 31
50 186
50 149
50 150
188 169
188 30
188 101
73 6
28 200
28 51
28 193
200 167
200 2
57 2
57 6
57 74
90 183
149 127
127 193
127 63
15 193
15 165
154 128
154 107
161 74
161 63
161 1
29 112
29 111
176 183
176 1
176 137
183 74
137 51
2 173
197 30
197 22
197 112
196 89
196 84
192 167
51 31
51 173
51 141
51 111
89 141
89 87
165 132
165 17
116 65
190 13
8 153
31 153
173 88
101 143
101 6
101 119
143 17
143 88
186 87
167 94
167 65
87 100
100 107
100 17
113 17
1 13
170 94
13 22
65 94
