200 100
16 95
7 92
86 120
12 125
140 173
50 72
138 139
80 146
45 48
34 176
64 156
91 118
174 189
22 168
70 98
51 149
151 190
18 109
21 144
89 178
100 187
52 85
99 200
171 195
74 79
163 175
166 180
122 186
67 76
19 63
54 115
111 112
23 127
1 106
102 170
15 132
30 96
97 134
88 165
179 185
159 161
73 121
20 158
126 194
124 169
40 56
71 160
131 147
108 145
25 83
55 182
10 104
13 66
57 197
38 129
14 49
68 84
36 113
6 142
26 130
60 116
37 123
27 39
2 58
128 143
157 188
43 93
153 181
135 167
29 103
44 94
107 150
164 184
5 75
62 136
90 152
154 155
3 59
8 183
41 61
192 193
42 117
65 82
11 47
17 33
24 81
28 191
9 77
31 196
110 172
35 114
69 198
141 177
119 137
101 162
78 105
4 46
133 148
32 199
53 87
