200 923
1 75
1 93
1 149
2 15
2 18
2 35
2 38
2 97
2 99
2 141
2 176
2 190
3 94
3 106
3 112
3 130
3 135
3 152
3 153
3 164
3 165
3 176
3 180
3 183
3 187
4 13
4 41
4 47
4 63
4 103
4 110
4 118
4 131
4 160
4 168
4 175
5 10
5 40
5 42
5 46
5 104
5 131
5 159
5 169
5 171
5 177
6 23
6 27
6 60
6 64
6 72
6 98
6 100
6 112
6 119
6 124
6 126
6 149
6 153
6 164
6 165
6 179
6 187
7 16
7 34
7 146
7 193
8 28
8 34
8 44
8 83
8 140
8 151
8 168
8 176
9 49
9 57
9 90
9 132
9 150
10 37
10 40
10 60
10 86
10 90
10 111
10 129
10 144
10 158
10 175
10 199
11 53
11 61
11 66
11 80
11 107
11 146
11 152
12 17
12 26
12 79
12 98
12 100
12 102
12 118
12 135
12 139
12 176
12 185
12 188
13 77
13 119
13 142
13 164
14 29
14 56
14 82
14 83
14 98
14 102
14 131
14 133
14 164
14 188
14 191
15 20
15 30
15 62
15 71
15 73
15 74
15 98
15 158
16 47
16 80
16 107
16 114
16 142
16 146
16 147
16 155
16 168
16 170
16 171
17 44
17 86
17 87
17 108
17 119
17 141
17 184
17 191
17 196
18 24
18 30
18 31
18 49
18 55
18 62
18 66
18 79
18 89
18 91
18 102
18 128
18 146
18 167
18 192
19 26
19 42
19 48
19 176
19 187
19 200
20 44
20 81
20 84
20 93
20 146
20 157
20 164
20 189
21 28
21 30
21 62
21 100
21 105
21 108
21 125
21 134
21 150
21 196
22 58
22 89
22 93
22 126
22 127
22 144
22 149
22 160
23 101
23 113
23 139
23 189
23 191
23 193
24 75
24 111
24 119
24 123
24 125
24 137
24 145
24 175
25 35
25 38
25 58
25 59
25 66
25 73
25 77
25 119
25 149
25 161
25 193
26 30
26 47
26 61
26 72
26 108
26 120
26 129
26 144
26 164
26 181
27 70
27 75
27 81
27 88
27 100
27 101
27 110
27 167
27 178
27 184
27 193
27 200
28 32
28 34
28 83
28 127
28 131
28 135
28 173
28 199
29 31
29 40
29 43
29 73
29 88
29 110
29 121
29 139
29 143
29 148
30 47
30 48
30 65
30 84
30 124
31 61
31 70
31 86
31 107
31 110
31 168
31 174
31 189
32 48
32 57
32 80
32 82
32 98
32 114
32 121
32 144
32 167
32 198
33 38
33 123
33 132
33 142
34 53
34 81
34 133
34 141
34 152
35 42
35 75
35 89
35 104
35 114
35 116
35 183
35 184
36 98
36 110
36 165
36 171
36 175
37 50
37 72
37 106
37 108
37 115
37 139
37 159
37 162
37 199
38 48
38 56
38 103
38 117
38 136
38 141
38 197
39 43
39 53
39 56
39 66
39 94
39 119
39 129
39 142
39 161
39 175
40 47
40 53
40 65
40 101
40 106
40 112
40 125
40 135
41 68
41 69
41 83
41 119
41 121
41 137
41 157
41 165
42 45
42 82
42 83
42 97
42 113
42 114
42 127
42 134
42 160
42 178
43 66
43 108
43 157
43 175
43 176
43 179
44 79
44 107
44 118
44 125
44 129
44 155
44 160
44 182
45 63
45 71
45 88
45 90
45 101
45 139
45 145
45 159
46 55
46 109
46 139
46 181
47 50
47 102
47 123
47 129
47 135
47 146
47 164
47 185
48 50
48 78
48 81
48 93
48 114
48 136
48 139
48 169
48 193
49 91
49 108
49 109
49 113
49 174
50 85
50 108
50 116
50 153
51 55
51 71
51 78
51 81
51 99
51 101
51 109
51 127
52 64
52 68
52 72
52 174
52 192
52 200
53 64
53 87
53 102
53 153
53 155
53 180
54 56
54 61
54 77
54 121
54 124
54 135
54 146
54 180
54 198
54 200
55 57
55 60
55 84
55 85
55 113
55 188
56 58
56 61
56 62
56 92
56 122
57 64
57 65
57 89
57 145
57 155
57 161
57 196
58 72
58 79
58 81
58 91
58 114
58 120
58 141
58 197
58 198
59 63
59 79
59 115
59 141
59 160
59 180
60 70
60 71
60 94
60 124
60 128
60 188
61 66
61 128
61 197
62 64
62 84
62 89
62 112
62 113
62 128
62 132
62 161
62 192
62 200
63 68
63 83
63 92
63 100
63 123
63 182
64 84
64 165
64 191
65 82
65 93
65 117
65 126
65 129
65 137
65 145
65 161
65 163
66 67
66 78
66 103
66 111
66 130
66 171
66 180
66 182
66 197
67 94
67 138
67 192
68 97
68 102
68 138
68 195
69 72
69 102
69 154
69 167
69 182
69 196
70 92
70 124
70 138
70 157
70 173
70 180
71 91
71 128
71 191
72 142
72 153
72 169
72 194
72 197
73 78
73 184
73 186
73 188
74 90
74 160
74 168
74 185
74 187
74 198
75 77
75 78
75 83
75 109
75 135
75 147
75 152
75 176
76 101
76 127
76 133
77 88
77 105
77 121
77 134
77 135
77 189
78 79
78 82
78 85
78 129
78 143
78 175
78 194
79 99
79 106
79 110
79 162
79 182
79 184
79 188
79 198
80 102
80 117
80 120
80 121
80 124
80 134
80 147
80 151
80 167
81 108
81 139
81 141
81 159
81 163
81 194
82 109
82 138
82 149
82 158
82 170
82 179
82 187
83 99
83 105
83 116
83 125
83 131
83 135
83 141
83 156
83 166
83 168
83 177
83 184
84 86
84 103
84 106
84 144
84 151
84 162
84 189
85 107
85 128
85 131
85 175
85 182
86 89
86 142
86 176
87 90
87 128
87 152
87 175
88 113
88 134
88 136
88 178
89 95
89 96
89 131
89 132
89 137
89 144
89 154
89 158
89 163
89 194
90 130
90 138
90 160
90 171
90 188
90 194
91 94
91 118
91 176
92 121
92 173
93 94
93 103
93 105
93 168
93 170
95 99
95 143
95 151
96 119
96 152
96 162
96 189
97 108
97 119
97 142
97 158
97 160
98 102
98 112
98 125
98 137
98 144
98 156
98 162
99 151
99 158
99 160
100 109
100 161
100 163
100 179
100 183
100 185
101 124
101 142
101 153
101 171
101 190
101 191
102 136
102 164
102 184
103 104
103 126
103 145
103 160
103 168
103 181
103 190
103 193
104 110
104 116
104 117
104 129
104 151
104 165
104 177
105 108
105 123
105 126
105 132
105 141
105 143
105 164
106 113
106 129
106 157
106 176
106 198
107 119
107 130
107 140
107 147
107 197
108 121
108 165
109 116
109 124
109 166
109 173
109 187
110 165
110 166
110 179
111 117
111 125
111 140
111 164
111 176
111 183
112 136
112 163
113 142
113 156
113 178
113 190
113 193
114 132
114 139
114 170
114 178
115 160
115 165
115 171
115 184
116 121
116 130
116 139
116 173
117 133
117 192
118 160
118 179
119 126
119 137
119 142
119 161
119 187
120 134
120 176
120 183
120 191
121 137
121 140
121 155
121 160
121 161
121 163
121 199
122 127
122 133
122 137
122 181
122 183
123 129
123 149
123 175
123 179
123 199
123 200
124 127
124 130
124 131
124 182
124 189
124 190
124 194
125 166
125 183
125 192
126 159
126 176
127 153
127 157
127 164
128 135
128 145
128 164
128 179
129 130
130 132
130 138
130 169
130 174
131 156
131 166
131 189
131 193
132 176
133 186
134 174
134 176
134 182
134 186
135 144
135 159
135 165
135 185
136 156
136 159
136 174
136 178
136 197
137 140
137 146
137 180
138 145
138 192
139 140
140 143
141 156
141 167
141 176
142 197
143 174
143 186
144 153
144 160
145 156
145 188
146 154
146 178
146 187
146 192
147 169
147 190
148 153
149 150
149 180
149 199
150 188
150 195
152 170
153 178
153 180
153 199
154 155
156 199
157 184
157 189
157 193
157 197
157 199
158 164
158 193
161 171
162 185
162 197
163 175
163 180
163 192
164 191
164 194
168 170
168 171
171 181
174 177
174 189
174 192
175 189
176 180
176 193
177 188
177 192
178 193
180 188
181 184
181 191
182 195
183 186
193 194
193 197
195 200
