200 300
38 178
38 91
38 12
178 113
178 1
95 111
95 46
95 157
111 162
111 164
7 193
7 58
7 21
193 198
193 119
68 179
68 143
68 76
179 123
179 25
85 140
85 176
85 152
140 81
140 10
142 192
142 185
142 40
192 103
192 161
74 82
74 152
74 108
82 39
82 84
37 63
37 67
37 128
63 19
63 92
33 175
33 195
33 182
175 102
175 15
3 104
3 186
3 144
104 137
104 94
65 88
65 76
65 155
88 42
88 171
72 167
72 180
72 132
167 12
167 27
18 77
18 126
18 98
77 176
77 141
32 39
32 59
32 159
39 80
29 141
29 150
29 146
141 58
186 52
186 172
9 83
9 106
9 90
83 26
83 21
150 185
150 113
58 81
23 173
23 92
23 51
173 119
173 16
10 36
10 48
36 196
36 182
15 169
15 159
169 94
169 109
137 17
137 160
62 165
62 130
62 188
165 109
165 133
79 181
79 46
79 6
181 28
181 110
185 69
21 73
42 43
42 45
43 166
43 147
5 67
5 41
5 84
67 27
70 187
70 25
70 143
187 194
187 78
56 133
56 19
56 143
133 112
61 184
61 124
61 28
184 35
184 136
28 123
189 190
189 115
189 154
190 127
190 102
16 161
16 110
161 125
34 57
34 31
34 97
57 134
57 99
102 109
146 164
146 44
164 154
2 171
2 120
2 156
171 170
151 160
151 13
151 52
160 115
51 119
51 40
154 156
156 168
46 198
47 60
47 163
47 8
60 50
60 54
6 22
6 172
22 4
22 196
91 64
91 75
129 166
129 114
129 197
166 128
149 199
149 90
149 4
199 86
199 1
69 124
69 55
124 162
1 81
55 116
55 177
116 135
116 94
107 117
107 106
107 132
117 194
117 59
59 200
168 19
168 145
8 123
8 147
134 174
134 96
174 86
174 130
26 132
26 159
45 100
45 35
14 93
14 106
14 87
93 11
93 197
12 49
120 138
120 198
138 118
138 78
130 200
163 170
163 188
176 158
194 131
52 112
35 97
97 53
64 103
64 66
103 148
180 172
180 11
44 191
44 27
191 162
191 90
50 122
50 196
122 80
122 30
139 145
139 153
139 84
145 121
101 170
101 183
101 53
17 13
17 183
76 118
73 105
73 100
49 153
49 54
153 131
152 108
100 125
125 115
157 177
157 110
177 96
87 155
87 113
155 126
13 71
86 30
24 41
24 25
24 20
41 121
121 188
54 108
31 92
31 66
136 40
136 89
71 105
71 200
11 75
118 48
98 148
98 96
148 144
4 48
182 128
195 112
195 53
105 126
114 147
114 183
135 197
135 80
78 158
75 20
66 30
144 89
158 131
99 89
99 127
127 20
