200 133
1 139
2 109
2 119
4 171
6 135
7 86
7 99
8 66
8 61
9 186
10 93
11 133
11 102
13 171
13 43
13 200
13 24
14 34
15 117
15 183
15 68
16 65
16 91
17 196
18 84
18 177
19 188
19 112
19 88
20 41
21 27
22 84
22 140
23 129
25 84
25 26
25 92
27 81
28 85
28 163
28 67
30 56
30 126
30 59
30 187
31 90
32 180
33 49
33 124
35 65
36 136
36 166
36 73
36 149
37 196
37 97
37 152
38 41
39 59
40 77
42 112
43 150
44 165
46 196
46 174
51 95
51 107
51 73
52 171
52 55
54 82
55 136
56 186
56 153
56 62
57 107
58 85
58 93
62 160
62 101
62 173
65 182
65 111
66 101
67 73
69 169
69 192
70 136
70 160
70 92
70 77
72 128
73 147
75 181
76 127
77 88
81 195
84 180
85 90
86 90
89 138
90 158
91 187
97 130
100 136
100 108
100 106
100 119
105 168
105 172
107 131
108 147
109 138
112 129
112 116
116 174
117 140
117 130
121 122
125 199
126 200
131 183
132 167
136 163
136 151
145 152
146 158
152 190
155 185
167 188
170 178
173 178
188 199
