200 100
111 140
43 131
119 132
74 109
70 160
145 190
63 148
20 67
149 199
55 107
39 65
96 117
139 152
44 143
2 18
27 191
5 124
62 194
23 150
12 138
144 159
41 64
133 156
173 192
99 154
1 95
90 130
137 147
42 141
104 134
54 115
94 169
11 171
4 68
113 167
38 198
22 37
16 51
84 85
32 166
9 30
26 80
142 184
29 161
136 186
56 196
13 155
82 172
53 163
72 97
88 151
50 121
168 189
8 60
15 47
120 185
92 114
31 52
102 179
25 188
71 100
73 182
69 75
49 81
86 164
3 157
61 128
45 175
28 79
105 116
98 165
170 181
66 200
40 126
7 77
76 174
14 46
34 177
57 87
91 183
48 93
89 195
35 178
122 146
10 103
193 197
123 153
6 59
19 78
36 158
17 108
101 162
129 187
112 125
21 135
127 180
33 118
24 106
110 176
58 83
