200 200
132 160
132 193
160 122
5 184
5 11
184 19
18 123
18 95
123 144
48 145
48 25
145 136
1 180
1 141
180 51
148 177
148 71
177 100
95 13
124 186
124 59
186 31
58 131
58 80
131 7
47 195
47 114
195 199
21 185
21 154
185 191
7 163
30 133
30 41
133 110
67 97
67 116
97 57
76 109
76 92
109 156
88 138
88 118
138 79
136 187
187 52
38 64
38 183
64 175
134 199
134 165
4 71
4 98
31 6
50 111
50 164
111 83
6 182
98 61
73 115
73 105
115 198
167 168
167 102
168 23
90 174
90 9
174 42
33 152
33 94
152 121
17 135
17 19
135 93
3 154
3 150
40 84
40 129
84 68
11 176
176 56
130 188
130 39
188 42
126 151
126 75
151 172
163 70
57 96
23 10
142 171
142 12
171 41
36 141
36 158
81 173
81 28
173 77
59 118
107 137
107 100
137 192
34 162
34 191
162 74
99 172
99 78
82 101
82 121
101 117
77 169
169 120
182 189
75 29
113 183
113 170
198 139
125 166
125 122
166 197
56 35
35 27
53 159
53 127
159 69
27 155
155 179
72 139
72 92
66 89
66 63
89 54
46 65
46 140
65 150
24 178
24 45
178 8
22 190
22 52
190 74
51 104
60 128
60 10
128 37
20 119
20 63
119 181
83 70
16 106
16 146
106 45
78 158
96 114
197 200
200 147
140 193
37 87
32 196
32 14
196 13
12 181
127 94
8 104
105 194
43 153
43 175
153 54
80 9
129 146
68 189
87 44
44 144
194 161
192 161
26 29
26 86
117 91
108 165
108 102
147 157
157 39
179 93
2 49
2 62
49 149
120 69
86 164
79 143
143 28
91 103
61 112
112 116
110 14
62 149
85 170
85 55
25 103
15 156
15 55
