200 156
1 20
1 31
1 47
2 67
4 106
5 96
6 59
6 100
8 185
9 112
9 116
10 115
11 80
11 117
11 172
12 152
13 67
14 64
14 112
14 135
15 190
16 151
17 186
18 40
18 154
18 184
19 67
19 94
20 52
20 53
20 154
20 159
20 166
21 182
22 63
22 94
23 76
23 175
24 72
25 127
25 133
26 71
26 89
26 110
26 114
26 189
27 57
29 193
30 81
30 87
31 54
31 148
35 61
35 199
36 66
37 88
39 53
39 95
39 192
40 153
40 200
41 65
41 85
41 132
41 164
43 83
44 74
44 107
44 132
46 86
47 110
48 77
48 180
49 106
49 130
52 124
53 59
53 102
54 165
55 123
57 101
58 114
58 123
59 83
59 99
60 78
60 139
60 163
60 173
62 103
62 131
64 79
64 188
65 149
66 135
67 110
67 161
68 139
69 107
69 187
72 179
73 109
77 147
78 107
79 102
79 144
80 101
83 169
84 92
85 105
86 140
88 98
88 99
90 113
92 139
92 198
93 99
93 157
94 181
98 107
99 148
99 199
100 177
103 165
105 138
106 197
107 127
109 125
110 192
111 175
111 178
113 122
116 164
116 191
117 170
118 137
122 170
123 139
123 151
123 170
124 132
124 176
127 135
129 156
131 168
132 192
134 177
141 174
141 199
146 179
154 185
157 169
157 193
165 169
169 174
184 196
