200 213
1 8
1 74
1 100
2 21
2 99
2 107
4 22
4 133
5 61
5 128
6 55
6 102
6 135
7 27
7 107
8 30
8 100
8 190
9 15
9 16
9 49
9 156
10 182
11 80
12 27
12 38
12 149
13 109
13 171
14 78
14 172
15 44
15 69
15 199
16 38
16 147
17 66
18 27
18 55
18 111
18 123
18 168
19 34
19 184
19 196
20 165
21 82
21 133
21 139
22 150
22 160
22 189
23 45
23 73
24 76
24 93
24 197
25 152
26 114
26 126
26 148
27 56
27 119
28 68
28 150
29 118
29 130
31 41
32 189
33 86
33 187
34 185
35 140
35 141
35 196
36 125
37 119
37 133
38 111
38 138
39 48
39 55
39 65
39 136
39 175
41 62
42 145
43 75
44 53
44 69
44 190
45 61
45 77
45 114
45 131
45 139
46 179
47 51
47 52
47 113
48 63
48 91
49 119
50 154
52 128
54 58
54 60
54 131
55 84
56 153
57 117
57 163
58 104
60 80
60 86
60 190
60 200
61 116
62 83
63 104
64 80
64 108
65 81
66 116
67 141
68 75
71 94
71 154
72 81
72 90
72 159
73 88
73 91
73 124
75 83
76 106
77 139
78 85
78 124
79 135
80 147
81 129
81 166
81 181
82 98
83 89
85 124
86 161
88 166
88 177
89 178
90 133
90 159
93 166
95 143
95 172
95 194
98 149
99 100
99 151
100 123
100 191
102 125
102 146
103 155
104 149
104 168
107 110
109 141
109 191
110 172
112 125
112 138
115 183
116 188
117 134
117 172
118 179
118 200
119 183
120 121
121 197
122 144
122 172
124 149
125 198
127 162
128 142
128 164
130 142
132 199
133 166
133 180
135 152
140 177
141 165
142 149
144 184
148 184
148 185
150 193
153 186
153 190
154 189
159 170
160 182
162 179
162 197
164 196
166 178
176 180
178 199
179 191
