200 656
1 56
1 69
1 104
1 117
1 167
1 190
2 4
2 5
2 38
2 44
2 46
2 52
2 66
2 67
2 95
2 112
2 120
2 121
3 42
3 185
4 68
4 69
4 107
4 124
4 153
5 12
5 34
5 81
5 91
5 104
5 118
5 119
5 150
6 38
6 54
6 61
6 66
6 79
6 164
6 193
7 14
7 18
7 140
7 148
7 155
8 29
8 83
8 102
8 179
8 200
9 34
9 37
9 50
9 105
9 123
9 147
9 198
10 44
10 57
10 113
10 122
10 126
10 141
11 27
11 43
11 54
11 106
11 111
11 159
11 171
11 198
12 63
12 96
12 97
12 106
12 154
12 183
12 192
13 26
13 50
13 77
13 120
13 123
13 138
13 153
13 173
14 19
14 33
14 58
14 162
14 200
15 61
15 76
15 90
15 135
15 145
15 158
15 171
16 93
16 119
16 120
16 121
16 143
16 163
16 179
16 195
17 35
17 50
17 123
17 151
17 153
18 27
18 50
18 86
18 87
18 96
18 121
18 169
18 172
18 191
19 30
19 43
19 59
19 74
19 90
19 179
19 182
20 41
20 62
20 87
20 107
20 115
20 146
21 146
21 187
21 190
22 56
22 110
22 125
22 140
22 141
22 156
22 179
22 181
22 182
23 159
23 189
23 195
24 69
24 78
24 110
24 120
24 147
25 71
25 99
25 125
25 188
25 191
26 49
26 82
26 102
26 112
26 151
26 160
27 104
27 137
27 151
27 155
28 54
28 92
28 115
28 150
28 192
29 92
29 119
29 168
30 86
30 116
30 123
30 199
31 96
31 127
31 150
31 171
31 187
32 72
32 77
32 83
32 107
32 190
33 38
33 83
33 97
33 114
33 138
33 139
33 194
34 109
34 117
34 126
34 131
34 173
34 182
35 58
35 103
35 104
35 114
35 142
35 163
36 49
36 96
36 97
36 110
36 114
36 117
36 172
36 195
37 56
37 177
38 42
38 60
38 153
38 158
38 159
39 56
39 70
39 103
39 131
39 149
39 174
39 176
39 191
40 53
40 100
40 121
40 137
40 163
40 191
41 61
41 136
41 147
41 151
42 59
42 78
42 111
42 115
42 124
42 158
42 168
42 185
42 188
42 197
42 198
43 57
43 75
43 95
43 198
44 78
44 135
44 140
44 147
44 163
45 70
45 92
45 123
45 189
46 86
46 103
46 186
47 68
47 90
47 100
47 116
47 181
47 199
48 58
48 117
48 195
48 196
49 83
49 91
49 136
49 200
50 64
50 74
50 110
50 115
50 139
50 149
50 199
51 86
51 95
51 125
51 128
51 198
52 83
52 92
52 124
52 129
52 154
53 152
53 192
54 69
54 115
54 139
54 150
54 160
54 165
55 139
55 144
55 178
56 70
56 117
57 68
57 88
57 101
57 107
57 178
58 62
58 93
58 104
58 178
59 97
59 130
59 176
59 179
60 100
60 104
60 168
60 184
61 91
61 107
61 126
61 139
61 145
61 194
61 198
62 74
62 77
62 99
62 141
62 181
63 152
63 170
63 190
64 78
64 114
64 171
64 173
64 179
64 196
65 75
65 99
65 167
65 183
66 117
66 137
66 192
66 195
67 107
67 120
67 123
67 158
67 168
68 99
68 138
68 149
68 184
69 86
69 123
69 129
69 165
70 87
70 89
70 177
70 191
71 110
71 141
72 82
72 92
72 106
72 112
72 117
72 132
72 197
74 134
74 152
74 185
74 197
74 200
75 98
75 107
75 118
75 175
76 80
76 86
76 97
76 142
76 153
76 165
76 176
77 161
77 190
77 196
78 117
78 165
78 172
79 98
79 185
80 129
80 136
80 147
81 90
81 111
81 140
81 172
82 96
82 100
82 146
82 149
83 110
84 101
84 122
84 145
84 159
85 101
85 111
85 113
85 161
85 163
85 188
86 88
86 118
86 168
87 102
87 121
87 125
87 151
87 171
88 101
88 188
89 93
89 101
89 120
89 151
89 152
89 161
89 176
89 185
90 115
90 141
91 136
91 152
91 163
91 179
92 105
92 112
92 184
92 190
93 125
93 131
93 158
93 172
93 184
93 190
93 200
94 105
94 111
94 124
94 147
94 178
94 192
95 99
95 114
95 184
95 197
96 116
96 157
96 181
96 199
97 112
97 139
97 141
97 148
97 154
98 100
98 104
98 106
98 139
99 101
99 119
99 132
100 131
100 197
101 125
101 148
102 164
103 134
103 157
103 181
103 185
103 187
104 107
105 109
105 131
105 189
106 180
107 112
107 127
107 148
107 152
108 135
108 154
109 117
109 123
109 150
109 155
109 185
110 112
110 149
110 174
111 117
111 122
111 138
111 143
111 169
111 174
111 191
112 146
112 152
113 115
113 128
113 156
113 161
114 144
114 181
115 128
115 136
115 150
115 156
115 176
116 143
116 199
118 131
118 169
118 172
118 188
119 146
119 175
120 160
121 138
121 164
121 169
122 146
122 159
122 170
122 189
123 159
124 133
124 142
124 189
125 145
127 191
128 155
128 160
128 172
129 134
129 137
129 170
129 179
129 195
130 139
131 135
131 153
132 150
132 163
132 193
133 145
133 157
134 190
134 192
135 142
135 178
136 178
136 196
137 184
138 145
138 178
138 179
139 145
139 147
139 154
139 171
140 193
141 157
141 176
141 183
141 186
142 194
143 145
143 156
143 164
144 155
144 174
144 188
145 157
146 157
146 186
147 157
148 186
149 176
149 188
150 192
151 162
151 163
151 168
152 154
152 197
154 185
154 190
154 200
156 167
156 171
157 164
157 191
158 171
159 175
159 177
159 178
159 193
161 168
161 172
162 196
163 181
163 188
167 174
169 198
171 173
171 195
172 173
174 186
174 196
175 181
175 195
179 198
181 182
181 187
184 193
184 200
187 200
188 190
189 191
189 192
191 195
191 197
196 197
