200 153
1 104
2 57
2 31
2 141
2 91
2 13
2 95
3 123
3 59
3 112
6 123
7 170
7 101
8 182
8 33
9 36
9 115
10 136
11 99
12 113
13 43
14 159
14 142
15 111
16 102
16 124
18 117
20 24
20 164
20 170
21 24
21 134
23 176
23 197
24 44
24 137
25 133
25 151
26 85
27 153
27 131
27 171
28 57
28 160
30 50
31 178
33 44
34 74
36 141
36 74
36 162
38 146
39 176
39 76
40 92
42 78
45 78
47 157
48 198
48 70
49 181
50 148
50 171
50 135
53 153
53 188
55 174
58 168
59 126
59 161
60 160
61 156
63 67
63 196
69 78
69 196
70 196
71 117
73 157
73 77
75 85
75 138
75 189
75 112
75 101
75 145
76 82
76 184
77 123
78 157
78 183
78 143
79 174
81 167
84 97
84 187
85 147
85 172
86 133
87 142
87 192
88 121
88 107
89 155
91 182
91 168
92 114
94 99
94 161
95 99
97 147
98 126
99 125
100 181
101 143
102 150
103 121
103 175
106 154
110 163
115 144
119 136
120 130
121 153
121 171
121 177
121 169
122 191
123 187
127 166
127 192
130 136
132 153
132 169
133 151
134 194
136 170
138 165
139 182
144 172
145 157
148 180
149 164
154 157
154 189
155 177
156 190
159 179
164 165
164 199
167 195
178 193
180 195
