200 149
1 92
1 97
1 123
3 39
3 140
5 162
6 45
6 62
8 86
8 91
8 149
9 173
10 155
10 160
11 140
11 144
14 185
15 21
17 54
18 80
18 84
18 143
20 84
20 178
21 24
21 116
22 74
23 60
24 116
24 151
25 182
25 187
26 89
27 174
28 126
28 152
29 63
29 165
30 182
34 65
34 88
35 155
36 118
37 71
37 77
37 158
37 187
37 188
38 140
39 116
40 184
42 125
42 148
44 158
47 185
48 149
49 91
49 136
50 163
50 179
51 182
51 186
52 146
53 108
53 149
55 111
56 91
56 134
57 100
57 124
60 136
60 144
61 108
61 157
62 149
63 143
63 167
64 95
65 81
67 131
70 147
70 174
70 177
72 91
72 111
73 154
74 96
74 151
74 178
74 187
75 81
77 184
77 186
78 148
79 83
80 156
81 126
83 130
84 117
84 135
87 101
87 103
87 170
89 95
89 170
91 124
92 95
96 131
97 167
100 133
101 144
101 174
102 119
103 200
104 143
104 168
105 119
105 129
106 169
110 126
110 146
110 155
110 186
113 129
115 148
115 160
119 142
120 190
123 134
123 189
124 166
124 184
126 195
131 181
132 138
132 171
136 185
146 181
147 190
149 161
153 170
157 162
162 168
162 200
164 181
168 183
168 187
170 181
174 196
