200 145
1 68
2 56
2 108
3 187
3 151
3 50
4 56
5 112
5 59
5 27
5 64
7 138
7 137
7 50
8 176
10 19
11 51
12 94
12 148
15 18
18 114
21 127
22 75
23 199
26 159
27 41
27 109
29 111
31 181
32 176
32 117
32 127
32 198
34 135
36 183
37 59
38 96
38 89
38 170
39 139
40 68
40 75
40 166
41 68
41 172
41 151
42 82
43 52
44 186
47 176
47 187
48 67
49 189
50 159
50 63
52 153
54 175
56 182
56 149
57 176
58 68
58 198
58 93
60 143
61 134
62 101
63 172
64 96
65 165
67 88
67 90
67 74
68 100
68 81
68 195
70 80
70 178
71 142
72 169
74 85
75 145
76 196
76 179
78 171
78 137
79 138
79 100
80 199
86 133
86 160
86 198
88 151
89 122
89 157
91 161
93 162
100 165
102 144
104 112
104 109
106 136
109 193
112 149
112 198
113 129
115 118
117 149
117 145
118 148
118 200
121 134
122 132
122 145
124 196
125 131
129 172
129 176
129 169
131 182
131 194
132 179
132 166
136 152
137 178
139 178
139 177
142 144
143 180
144 154
154 173
158 199
159 166
159 197
161 178
165 167
167 199
167 169
168 200
171 176
171 200
173 179
173 182
176 177
178 179
186 195
