200 143
1 44
5 13
5 160
5 182
6 120
7 132
8 10
8 33
8 137
8 142
11 24
11 111
11 150
11 188
11 191
12 183
14 27
14 65
14 160
14 175
14 177
15 16
15 21
16 173
17 56
17 90
18 194
19 116
19 134
19 135
20 73
20 142
22 73
25 101
26 37
27 123
27 137
28 91
33 141
34 118
35 41
35 111
35 152
35 179
35 185
36 171
37 69
37 77
38 159
39 85
39 89
39 137
42 111
42 192
44 126
44 190
46 84
46 152
46 199
50 62
51 112
51 154
53 108
53 135
54 186
56 95
56 192
57 158
57 166
58 108
59 171
60 117
61 66
61 68
62 162
63 145
67 76
67 162
68 93
68 162
68 195
69 99
69 119
69 126
69 159
70 130
72 158
72 186
73 92
73 140
74 78
74 84
75 99
75 123
78 88
79 171
80 89
81 157
83 89
83 140
83 171
88 116
92 108
94 97
96 133
97 145
105 117
107 121
107 127
109 187
110 115
111 144
113 132
114 140
114 198
116 140
119 162
121 188
125 162
127 140
129 155
131 143
133 153
133 200
135 142
136 177
139 166
141 143
143 149
144 155
145 188
150 154
152 190
157 159
157 160
157 184
159 171
159 180
164 186
167 173
169 187
174 181
189 190
