200 141
1 155
1 163
2 79
3 156
5 134
5 175
7 39
7 51
7 15
8 197
9 117
9 169
9 16
10 169
10 174
11 80
11 126
16 112
16 176
18 170
19 116
20 39
21 147
21 55
21 133
24 170
25 80
26 73
27 114
28 46
28 36
28 44
29 182
31 159
31 145
32 79
32 181
34 92
35 78
36 178
39 197
39 113
40 109
40 87
41 95
41 136
42 167
43 44
44 61
45 167
46 59
46 175
48 198
48 182
49 106
49 135
50 116
50 108
52 117
53 178
53 161
54 171
54 156
56 84
58 197
58 151
60 159
60 77
61 93
61 150
61 77
62 155
63 191
63 159
63 99
64 191
65 93
65 148
66 92
66 140
66 194
66 158
68 159
69 81
71 95
71 156
73 112
74 141
75 101
79 160
79 145
80 171
80 134
82 109
82 128
82 157
83 104
83 86
84 95
84 99
84 187
85 191
86 166
86 160
87 191
87 197
89 108
92 189
92 117
92 178
93 159
94 95
97 110
98 172
98 142
99 118
100 142
102 174
102 199
107 128
109 171
109 159
113 145
114 187
115 143
116 167
118 186
126 190
126 198
132 185
140 144
148 195
149 191
151 197
151 175
157 171
167 197
170 185
174 176
181 196
192 196
