200 100
28 106
107 195
27 159
14 180
52 81
38 43
30 179
49 137
42 153
50 90
70 123
54 145
168 188
116 193
133 154
146 157
77 139
15 173
16 83
1 31
71 117
120 131
18 65
29 138
4 148
98 127
100 155
20 46
186 197
12 170
44 177
22 37
69 185
7 112
41 178
108 143
80 191
2 88
32 132
6 113
175 199
57 85
40 163
84 142
151 162
160 183
101 124
102 165
21 198
39 48
33 62
82 174
144 167
66 150
11 95
75 171
67 121
74 181
89 99
47 93
109 111
8 19
53 78
122 196
26 79
92 164
149 161
118 192
76 156
96 134
141 166
104 147
10 110
51 56
87 94
63 158
182 194
97 135
36 128
9 86
59 172
13 184
24 129
5 61
17 35
60 189
125 190
114 169
25 176
58 72
3 136
140 187
55 64
73 200
91 105
119 130
45 126
23 34
103 152
68 115
