200 132
1 22
2 116
2 8
3 158
3 189
3 77
4 132
4 188
6 28
6 160
6 77
8 192
8 186
8 26
9 103
9 191
11 121
14 51
15 54
15 27
16 190
17 182
18 169
20 107
20 154
20 174
24 181
24 127
25 89
27 42
27 52
29 87
29 182
31 112
31 99
32 113
33 148
34 38
34 64
35 64
36 57
38 65
39 96
39 193
40 116
40 194
41 42
42 73
42 174
46 114
46 96
46 163
47 154
48 119
49 168
50 106
56 116
56 64
56 155
57 88
57 133
58 156
59 139
60 194
62 154
62 94
63 141
63 178
64 131
66 125
67 93
68 79
69 171
70 166
72 192
72 81
72 172
72 176
72 179
73 177
73 145
74 172
75 151
75 79
79 153
81 137
81 84
87 133
87 168
88 165
88 124
88 110
89 93
89 116
90 109
90 115
91 181
91 112
92 169
95 103
95 178
96 114
97 113
97 146
100 192
101 145
102 126
106 115
106 108
112 157
114 179
117 125
122 132
125 154
127 157
127 179
129 170
130 184
132 161
135 145
138 172
141 181
149 191
150 197
151 177
157 160
158 166
158 178
159 185
167 177
167 189
169 183
