200 870
1 91
1 156
1 5
1 143
2 91
2 83
2 65
2 137
2 183
2 82
3 91
3 83
3 156
3 5
3 115
3 65
3 7
3 108
3 162
3 67
3 114
3 137
3 183
3 14
3 134
3 84
3 168
3 143
3 109
3 180
3 164
3 82
3 185
3 103
3 94
3 49
3 28
3 93
3 153
3 69
3 128
3 8
3 12
3 110
3 184
3 174
3 87
3 55
3 23
3 141
3 98
3 127
3 25
3 97
3 151
3 101
3 21
3 39
4 91
4 83
4 156
4 115
4 65
4 108
4 137
4 14
5 91
5 83
5 156
5 115
5 65
5 7
5 108
5 162
5 67
5 114
5 137
5 183
5 14
5 134
5 84
5 168
5 143
5 109
5 180
5 164
5 82
5 185
5 74
5 20
5 103
5 94
5 49
5 92
5 28
5 93
5 153
5 117
5 56
5 69
5 181
5 128
5 8
5 6
5 12
5 165
5 106
5 145
5 110
5 195
5 66
5 184
5 78
5 90
5 104
5 123
5 59
5 96
5 172
5 171
5 68
5 150
5 41
5 163
5 79
5 89
5 182
5 186
5 166
5 44
5 158
5 38
5 188
5 116
5 198
5 194
5 73
5 120
5 155
5 148
5 64
6 91
6 83
6 156
6 7
6 162
6 137
6 180
6 185
6 74
6 20
7 91
7 83
7 156
7 115
7 65
7 108
7 162
7 67
7 114
7 137
7 183
7 14
7 134
7 84
7 168
7 143
7 109
7 180
7 164
7 82
7 185
7 74
7 20
7 103
7 49
7 28
7 93
7 153
7 117
7 69
7 8
7 12
7 165
7 106
7 66
7 184
7 104
7 125
7 173
7 191
7 87
7 29
7 141
7 186
7 157
7 122
7 158
7 72
7 9
7 176
7 140
7 148
8 91
8 83
8 156
8 115
8 65
8 162
8 183
8 14
8 84
8 103
8 49
10 91
10 83
10 65
10 143
10 165
12 91
12 83
12 156
12 108
12 14
12 92
12 159
13 91
13 83
13 162
14 91
14 83
14 156
14 115
14 65
14 108
14 162
14 67
14 114
14 137
14 183
14 134
14 84
14 143
14 180
14 164
14 103
14 56
14 195
14 173
14 107
14 23
14 186
15 91
16 91
16 156
17 91
18 115
19 91
19 83
20 91
20 83
20 156
20 115
20 65
20 108
20 162
20 109
20 49
20 66
20 174
23 91
23 183
23 109
23 125
24 91
24 83
24 183
24 134
24 93
24 182
25 91
25 83
25 26
26 91
26 83
27 162
28 91
28 83
28 156
28 115
28 65
28 162
28 67
28 114
28 168
28 69
29 91
29 156
29 114
31 83
31 108
32 83
34 91
34 156
34 92
35 156
37 91
38 83
38 156
40 156
41 91
41 83
42 91
43 91
43 108
45 91
45 83
45 156
45 65
45 68
46 91
46 162
48 91
48 167
49 91
49 83
49 156
49 115
49 65
49 108
49 67
49 134
49 109
49 92
49 195
49 52
50 91
51 91
51 65
51 132
51 140
53 83
54 91
54 67
54 59
55 91
55 156
55 67
55 76
55 138
56 91
56 83
56 156
56 115
56 65
56 67
56 164
56 174
57 91
58 91
58 115
58 67
58 168
59 91
59 83
59 156
59 115
59 65
60 91
60 108
62 91
62 156
62 84
63 91
63 83
63 67
63 94
65 91
65 83
65 156
65 115
65 108
65 162
65 67
65 114
65 137
65 183
65 134
65 84
65 168
65 143
65 109
65 180
65 164
65 82
65 185
65 74
65 103
65 94
65 92
65 93
65 153
65 117
65 69
65 181
65 145
65 195
65 184
65 78
65 125
65 191
65 150
65 167
65 179
65 119
65 98
65 194
65 196
65 130
65 113
66 91
66 83
66 156
67 91
67 83
67 156
67 115
67 108
67 162
67 114
67 137
67 183
67 134
67 84
67 168
67 143
67 180
67 82
67 153
67 69
67 165
67 90
67 104
67 182
67 112
67 122
67 127
67 198
67 113
67 102
68 91
68 83
68 134
69 91
69 83
69 156
69 115
69 84
69 153
69 117
69 78
70 156
70 115
70 143
71 91
71 134
72 156
72 134
73 91
73 83
73 104
74 91
74 83
74 156
74 115
74 108
74 137
74 134
74 143
74 94
74 117
75 91
75 156
75 108
76 91
77 162
78 91
78 83
78 156
78 162
79 91
79 83
79 117
80 91
80 83
80 108
80 82
81 91
81 156
82 91
82 83
82 156
82 115
82 108
82 114
82 183
82 84
82 168
82 143
82 103
82 117
82 150
83 91
83 156
83 115
83 108
83 162
83 114
83 137
83 183
83 134
83 84
83 168
83 143
83 109
83 180
83 164
83 185
83 103
83 94
83 92
83 93
83 153
83 117
83 181
83 128
83 165
83 106
83 145
83 110
83 195
83 184
83 90
83 104
83 123
83 125
83 96
83 107
83 174
83 172
83 171
83 191
83 163
83 193
83 179
83 89
83 141
83 99
83 166
83 127
83 131
83 176
83 139
83 187
83 199
83 198
83 175
83 159
83 154
83 113
83 178
84 91
84 156
84 115
84 108
84 162
84 114
84 137
84 183
84 134
84 143
84 180
84 164
84 103
84 93
84 117
84 195
84 171
84 191
84 154
86 156
87 91
87 143
88 115
89 91
89 115
89 183
90 91
90 156
90 162
90 183
90 132
91 156
91 115
91 108
91 162
91 114
91 137
91 183
91 134
91 168
91 143
91 109
91 180
91 164
91 185
91 103
91 94
91 92
91 93
91 153
91 117
91 181
91 128
91 165
91 106
91 145
91 110
91 195
91 184
91 104
91 123
91 125
91 96
91 173
91 107
91 174
91 172
91 171
91 191
91 121
91 150
91 163
91 193
91 167
91 179
91 132
91 182
91 141
91 119
91 112
91 133
91 186
91 98
91 157
91 99
91 170
91 166
91 118
91 192
91 122
91 129
91 158
91 176
91 116
91 199
91 198
91 177
91 120
91 126
91 100
91 111
91 95
91 155
91 105
91 130
91 149
91 151
91 189
91 152
91 147
91 154
91 178
91 102
91 142
91 138
92 156
92 115
92 108
92 183
92 126
92 101
93 156
93 115
93 108
93 114
93 168
93 109
93 98
94 156
94 115
94 168
94 109
94 165
96 156
96 115
97 164
98 156
99 156
99 162
101 156
103 156
103 115
103 108
103 114
103 145
103 195
104 156
104 115
104 162
104 106
106 156
106 115
107 115
108 156
108 115
108 162
108 114
108 137
108 183
108 134
108 168
108 143
108 109
108 180
108 185
108 181
108 184
108 122
109 156
109 115
109 134
109 168
109 117
110 156
110 143
111 156
112 115
114 156
114 115
114 162
114 137
114 183
114 180
114 164
114 125
115 156
115 162
115 137
115 183
115 134
115 168
115 143
115 180
115 164
115 185
115 153
115 117
115 165
115 195
115 184
115 123
115 172
115 191
115 121
115 163
115 132
115 119
115 192
115 177
115 142
117 156
117 162
121 156
121 164
122 183
123 156
123 162
123 125
125 156
125 134
126 156
128 156
128 162
128 153
130 153
132 162
132 134
133 156
134 156
134 162
134 183
134 141
134 177
136 162
137 156
137 162
137 183
137 168
137 143
137 180
137 164
137 181
137 173
137 186
137 157
139 156
140 156
140 164
140 174
142 162
143 156
143 162
143 183
143 168
143 185
143 163
143 200
144 156
145 156
148 168
150 156
153 156
153 167
154 168
155 156
156 162
156 183
156 168
156 180
156 164
156 185
156 181
156 165
156 195
156 184
156 173
156 191
156 167
156 186
156 166
156 159
156 169
162 183
162 168
162 180
162 164
162 185
162 181
162 173
162 191
164 180
164 181
164 171
164 167
168 183
168 174
180 183
181 183
181 195
