200 172
1 186
2 172
2 116
3 5
3 55
5 82
5 42
5 36
5 7
5 173
6 47
6 13
6 105
6 170
9 71
11 43
11 135
11 83
15 104
16 184
16 176
16 181
17 101
17 100
18 159
18 30
18 135
21 120
23 39
24 66
24 102
25 118
26 36
27 189
28 77
28 31
28 137
29 180
30 82
30 63
30 41
30 72
30 100
30 169
31 122
32 97
32 41
33 104
33 192
34 159
34 136
34 145
34 96
37 186
39 186
40 185
40 156
40 49
43 130
43 69
43 164
43 97
45 82
45 197
46 159
47 52
47 107
47 169
49 52
49 117
49 59
50 51
52 108
52 177
52 152
53 73
55 114
56 133
57 171
57 136
59 107
60 159
60 180
60 111
60 195
61 142
62 139
62 87
62 176
63 171
63 66
64 138
64 195
64 145
65 147
67 193
68 116
69 161
70 71
71 110
72 116
72 164
73 147
73 111
74 122
74 142
77 136
77 79
77 125
79 171
79 190
82 169
84 140
84 137
87 111
89 181
90 138
91 185
92 140
94 102
97 102
97 193
97 175
98 144
99 140
99 178
102 144
104 107
104 180
104 197
104 124
104 176
105 112
107 177
108 124
109 162
110 117
113 131
114 131
117 200
118 136
118 138
118 123
119 159
120 163
120 143
124 199
128 197
129 169
130 179
130 165
132 156
132 192
132 177
135 177
140 148
141 187
142 156
145 158
150 171
154 171
154 160
156 179
157 159
158 165
159 171
159 196
164 189
167 182
168 180
175 185
182 188
