200 147
1 11
1 142
2 46
3 126
4 195
5 48
5 90
6 105
7 42
7 78
7 157
8 75
8 133
9 28
9 151
9 198
11 17
11 20
11 31
11 80
11 83
11 86
13 18
14 43
14 97
15 134
17 21
18 123
19 33
20 101
20 123
22 169
22 183
24 44
24 173
25 87
25 117
25 121
26 98
28 142
31 40
31 109
31 184
32 171
33 70
34 83
35 117
38 182
38 189
42 82
42 199
44 68
45 69
46 111
47 88
48 78
49 124
50 188
51 93
52 132
52 136
53 80
54 145
55 114
55 115
56 113
58 64
58 162
59 63
59 90
62 120
63 155
63 169
64 104
64 149
66 67
66 169
67 84
68 79
68 99
70 81
70 196
74 93
74 155
75 115
75 118
75 181
75 194
78 101
78 172
79 189
80 100
80 141
82 161
83 138
84 96
84 115
86 151
87 159
87 191
88 122
89 178
90 116
91 97
92 196
93 102
93 152
94 142
94 176
95 100
96 193
98 188
100 101
102 161
103 128
105 137
105 139
106 112
108 183
110 126
110 170
111 143
111 152
112 141
112 197
114 134
116 172
116 173
119 123
122 190
124 137
125 200
127 192
129 186
131 189
133 150
134 199
136 146
142 149
142 158
142 166
143 146
145 198
156 171
156 185
185 188
185 191
