200 100
87 128
62 126
45 55
105 161
26 179
52 72
4 151
29 150
16 125
23 173
166 176
154 165
95 198
83 187
1 200
21 123
93 109
120 129
37 122
51 121
3 44
69 117
31 78
85 101
40 111
12 193
64 185
53 148
108 175
104 116
133 195
34 155
118 136
146 152
35 184
22 156
42 79
61 92
14 191
54 172
8 65
80 145
106 164
33 60
68 91
15 97
43 135
114 186
159 163
10 113
20 178
7 180
137 183
131 149
162 182
28 157
73 189
9 144
130 171
36 115
11 70
188 194
66 134
63 181
84 94
47 139
30 86
58 102
39 98
147 168
50 107
19 46
74 174
112 167
17 140
18 169
27 153
76 119
71 141
32 124
56 127
41 90
88 196
38 192
59 190
89 170
81 199
48 132
5 143
49 142
13 177
24 67
96 138
25 160
2 103
57 82
110 158
77 197
6 100
75 99
