200 200
124 147
124 196
147 93
42 160
42 34
160 194
81 176
81 36
176 91
61 173
61 27
173 8
169 188
169 191
188 92
89 101
89 129
101 46
33 111
33 119
111 1
62 181
62 88
181 71
28 179
28 151
179 100
12 180
12 104
180 199
136 148
136 90
148 100
8 68
1 79
79 168
27 195
70 96
70 198
96 128
22 184
22 122
184 32
44 95
44 152
95 77
16 24
16 74
24 186
36 45
45 164
9 113
9 43
113 52
47 60
47 182
60 134
94 144
94 54
144 112
87 105
87 123
105 193
85 126
85 200
126 31
122 4
68 38
132 155
132 49
155 187
145 174
145 23
174 3
39 83
39 139
83 80
152 189
123 20
17 25
17 86
25 186
2 146
2 142
146 59
13 192
13 49
192 177
193 72
3 35
35 149
26 119
26 4
187 141
59 171
142 162
162 88
66 139
66 163
7 117
7 171
117 175
64 185
64 195
185 127
99 200
99 51
74 172
128 120
97 102
97 133
102 75
57 182
57 121
71 125
65 76
65 73
76 14
154 197
154 153
197 140
104 15
38 165
92 10
31 114
30 158
30 196
158 50
41 167
41 159
167 156
151 108
98 118
98 63
118 20
91 198
107 130
107 29
130 109
11 153
11 19
18 168
18 6
164 150
56 194
56 93
48 135
48 199
135 190
67 115
67 156
115 51
23 170
109 116
53 134
53 129
125 177
86 178
55 143
55 131
143 141
72 159
166 175
166 133
58 114
58 19
6 140
15 161
161 75
80 78
37 112
37 77
73 50
120 157
190 32
116 103
178 5
54 189
63 170
14 106
43 127
40 149
40 165
110 138
110 172
138 183
21 90
21 46
106 191
82 103
82 84
131 183
84 121
78 10
5 29
108 137
163 69
34 69
157 137
52 150
