200 189
1 37
2 54
3 55
6 149
6 130
6 138
6 189
7 146
7 10
10 44
10 39
10 34
14 72
14 32
14 187
14 94
14 100
15 147
16 66
16 149
17 183
17 180
18 73
18 184
18 154
19 60
20 67
20 36
21 40
23 187
24 177
24 132
26 58
26 195
29 106
29 66
30 74
30 197
31 76
31 37
31 93
31 186
31 95
31 40
32 84
32 156
32 77
32 195
33 54
34 178
34 112
34 45
34 97
36 62
36 123
37 146
37 198
38 96
41 115
41 110
41 43
41 99
42 161
44 96
44 158
44 148
44 64
45 146
45 53
47 183
47 61
48 65
49 99
50 96
51 58
51 115
51 179
51 71
53 88
53 166
53 157
54 88
54 185
54 175
55 84
56 196
56 95
56 117
58 96
58 141
58 77
58 180
59 146
59 184
59 107
61 79
61 94
63 187
64 126
65 162
66 106
67 188
67 163
67 190
67 94
67 134
68 105
69 188
70 146
71 93
72 118
75 177
76 84
76 136
76 156
76 139
76 190
76 117
78 146
79 91
79 88
80 101
82 95
84 179
84 137
85 196
85 198
86 173
88 181
89 196
91 172
93 104
94 153
94 186
96 183
98 184
100 173
100 186
101 137
101 148
101 155
103 115
103 188
103 189
104 158
106 196
107 183
107 127
109 174
109 171
111 166
112 146
112 136
112 114
114 188
114 200
115 181
115 156
115 141
115 168
119 129
120 153
124 167
126 143
127 186
127 133
127 191
128 194
131 178
131 195
132 183
132 149
132 135
132 164
133 185
136 152
139 191
140 181
141 177
146 160
152 181
153 176
153 197
154 191
157 181
166 180
172 178
174 176
179 185
