200 167
1 24
1 146
2 103
3 125
3 174
3 185
4 21
5 75
5 160
5 184
5 185
8 184
10 105
10 110
11 101
12 37
12 147
12 188
13 18
13 32
16 54
16 120
18 27
19 77
20 168
21 24
21 151
22 46
22 77
22 103
22 118
23 191
24 186
26 107
27 59
27 66
28 132
28 155
28 177
28 182
29 156
29 176
30 104
30 121
30 194
30 197
31 119
31 127
32 178
32 182
33 195
34 38
34 174
34 175
35 59
37 160
37 174
38 99
38 113
44 82
44 105
44 178
46 173
46 185
47 62
48 55
48 59
48 78
48 108
48 123
50 71
51 83
51 141
52 162
52 195
53 129
53 151
54 58
54 164
55 92
55 167
57 65
57 131
57 178
57 183
58 99
59 74
59 112
60 169
61 103
62 89
62 104
62 114
63 131
64 151
65 192
66 140
67 182
69 151
71 182
72 82
73 91
74 96
74 116
74 178
78 196
79 175
79 192
80 107
82 178
83 119
83 137
83 165
83 179
93 167
94 114
94 120
97 199
100 127
102 178
104 148
104 189
105 138
107 121
108 117
108 154
108 196
111 117
111 135
111 197
114 126
114 158
114 160
115 149
115 166
115 200
118 188
119 140
119 156
121 170
121 187
122 180
123 170
123 183
127 161
132 141
133 151
134 136
135 189
137 152
138 157
138 160
138 167
139 196
140 167
142 183
147 195
154 181
155 179
155 190
159 190
160 177
163 174
165 194
170 192
188 193
190 191
