200 100
67 159
52 170
82 86
8 137
90 197
63 91
172 199
101 157
78 109
12 152
130 156
119 162
18 189
111 151
146 182
69 133
24 174
160 193
44 97
73 87
89 105
6 125
26 183
95 145
61 161
27 74
94 167
112 127
128 187
3 165
50 60
53 196
37 163
116 135
114 147
28 107
19 138
11 100
110 134
103 192
139 179
141 176
33 188
148 190
118 186
29 108
88 194
31 123
23 149
17 45
14 122
39 185
54 57
154 178
55 175
75 98
83 200
70 120
59 65
13 22
25 106
42 131
35 92
5 155
38 51
1 96
93 115
10 117
79 198
99 121
20 66
43 68
56 104
32 58
40 126
48 173
72 140
124 168
2 181
143 166
49 195
150 180
16 164
129 169
171 184
77 85
15 46
47 81
21 71
7 136
132 158
4 64
142 144
34 62
9 191
30 113
41 177
84 102
76 153
36 80
