4425 6555
1272 1748 1798 3236 3905
2689 2937
734 4353
737 1254 2425
381 521 1337 1825 2865
148 2479 3473 4271
3551 3958
796 2689 2967
1360 2198 2409 3757
1681 2939 4025 4110
2933 3308 3428 3466 4346
1883 2959 3794
386 787 2374
732 2860
1612 1992 3063 3248
1983 4099 4223
229 401 461 2735 2998
2396 2849
596 1170 2374 3426
613 4305
204 1991 2046 2585
1732 2536
505 2685 2783 3088 3521
2189 4063
2568 3018
461 988 1230 1422
1002 1518 1881 2127 4198
43 3786
2382 4029 4061 4364
3771 3855
256 851 992 3338 3514 4218
3347 3979
1535 3336 3842
1086 2257 3720
96 435 3818 4232
2541 2870 3468 3998
2395 3500
109 664 2741 4316
129 1688 1969 2619
1002 4082
1458 1492 2833
991 1013 1094 1210 3057 4241
246 3513
1642 3325 3370
2268 2353
163 4154
888 1985 3706
670 1202 2848
852 1778
447 968 4345
1389 1888
409 3099 3536
214 3517
1088 3145 3580
48 2206 2600 3146 3211 4058
1881 2305
1085 2856 3181 3534 3588
1514 3371 3669
1015 2481 3724
303 3544
1251 2231
193 675 1416 2168 3029 3788
2513 3401
785 1978 3619
121 230 1828
1445 3196
2104 3023
2615 3758
355 2018 2272
118 1924
393 2541
853 2127 3411
470 3281
258 1957 2267 2548
3291 3892
3431 3620 3806
630 796 2482 3497
325 658 815 1333 1861 2839
285 1385 1506 1586 2006 2680 2835 2949 2969
501 665 4323
2817 2887
2269 2980
2219 3511
122 3477
1846 3142
394 2343 3195
191 4366
2693 2894
1746 4005
1363 2648 3207
425 1632 4100
1850 3824
1632 4169
1519 1977 2829 3946
826 1780 2782 2942
204 1498 1829
3678 3865
738 761 1797
524 2128 4036
1918 3465
2302 2586
664 2050
2042 2429
602 1043 1482 2829
381 1928 3964
1791 3220 4163
372 635 1492 1531 1800
535 765 1577 2355 2524
161 3327
1117 2858 4222
130 1727 3176
247 1371 3541
1364 2173 2969
1067 1602
711 1951 2110 2646 3221
517 735 3686
1566 4041
1084 2368 4252 4323
1341 3366 3408
484 1872
3984 4156
1781 2278 3711
1619 2423 3382
872 1043
3282 3600
794 907 3540 3730
108 1222 3179 3198 3735
1072 2461 3822 4010
1702 3005
91 3368
829 1822
1074 3994 4078 4129
351 994 1078 1474 2163
3373 4230
193 995 2445 3742
2337 4288
1129 2724 3230
1006 3623
1788 2895
976 1602 2060
546 1900
905 1845 2397 3822 4317
1021 1595 1944 2251 2295 3375 3400
132 1807 2225 3085
148 3101
659 2354 2394 2801
551 1437 2997 4129
1810 3898
395 880
1073 1205 1592 2396 3251 3599
28 1046 2227
1751 3129
1349 4182
1209 1728 2366 3089 4221
2139 3762 4103
1810 2713 3793
1502 1932 2137 2550 3492
2524 2822 4127 4236
425 1915
249 2649 2932 3689 3889
278 1583
1736 2582 4164
22 3144 4073
248 2325
1503 2322 2694 3361
2828 3134 3205 3521
1454 3951 4006 4041 4107
1181 3115 4407
2279 4177
331 1012 2991 4018
780 1576 2693
229 699
833 1904
298 1264 1540 1596
2507 2690 2739 3031
1380 1915 2537 2772
822 1031 1052 2363
441 3670 4223
1677 3614
2136 3292
1343 1919
1315 1712 2966
537 2665
300 795 976 3948
2183 2877
1485 3006
832 1412 1932 3966
3423 3477
69 1451 3043 3582 3702
919 2816
1994 2103 2323
442 4247
454 2385 3589
2096 2147 4177
1212 3206
201 805 4062
43 658
1836 2117 3083 3622
1749 4041
1389 4407
100 214 307 457 1092
3105 3591
1086 1107 2369
1049 4365
702 2153 2603 3554
1446 2578 4394
1318 3098 3236
359 1361 2177 2413 3237
4225 4391
1548 2010 2151 3713
1736 2859 3985
198 1179 4272
1051 1850 3511 4232
316 468 906 3344 4022
115 1653
147 4044
3480 4146
1492 4142
1047 4364
324 400 656 2321 3780
1293 1536 3526
179 754 3400 4154 4244
569 1546 3858
604 1131 3387 3807
4357 4375
1145 1949
786 865 1696 1861 2065
395 1773 3369
1280 3399 4234
828 1823 2534
678 2999
1678 2733
1622 2130 3191
636 1950 3235 3993 4157
405 2186 2204
678 1066 1878
1125 3175 3751
1236 1309 1475 2584
1591 2819
1174 1518
2074 2766
1105 1427 2805 3228 3936
1569 3699
702 1726 3943
621 1803 1945 3517
1973 3209 3301 3781
511 4352
506 614
149 589 628 1466
565 1806 2667 2826
1186 2452 3016
225 2357 2668
2020 2613 3790 4201
1305 2264 3117
1092 2514
533 2132 2407 2641 3320
3021 3136 4415
853 2396 3551
1831 3702 3978 4042
806 2841 3580
76 4227 4255
49 2226 4031
2819 3616 3825
98 220 1053 2821 3827
1427 1451 1477
1864 2669 3603 3712 3966
718 1538 2681 2863
852 2077 2290 4196
1396 2065
41 63 322 848 1686 2510
115 3736
1553 3109 4049 4171
1542 1745 4162
1170 1880
211 3097
392 934 1115
1451 4339
3781 4253
1328 2426
2782 3555 4082
599 1612 1631 2011
1007 3717
1156 1405 3336 4033 4325
1793 3022 3460 3573
285 524 1588 2414
1170 2252 4181
780 1575
1720 2131 3803
370 1183 4080 4202 4250 4420
1902 2325 3173
1553 1808 2229 2986 3450 3988 4082
3557 4245
818 1242 2264 2767
1052 3636
988 1392
163 3283
1042 1927
731 1203 2760 3648 4366
419 2456
1425 2445 4280
678 1943 3829
331 2096 3150
1762 1933 3916 4060
1516 2880
1977 2413 4164
1453 3505 3715
643 707 1083 1180 3474
2697 2951 3982
1357 2015
804 1012 1557 2582
2653 3401 3446
305 4032
2342 2747 3086
271 2184 2961 4362
195 3443 4032
1621 2611 3170
1368 2988 3686 3704
465 1427 3071 3616
1498 1539 2653
993 1077 1718
2909 3235
38 618 3162
726 3764 3766
156 2231
1476 2725 4072
236 3357
1822 2129 2321 2995 3581 3701
2172 4004
372 1545 3794
1353 4324
1373 3382 3902 3985 4259
1027 2171 2762
86 1820 2261 4378
372 509 982
3901 4425
1815 1833 3188
2673 2800
933 1718 3926 3974 4009
584 4215
382 879 2583
22 354 1914 3764
1351 2525
168 1327 1973 2856 3428 3766
34 1030 2299 2302
1830 2531 2683 3121 3995 4155
1548 4227
2354 3539 3679
1307 4329
3022 3541
681 1935 3235
1931 4005
623 4206
471 919 1973 2233
25 116 492 2344 4160
2060 3297 4005
657 739 4044
569 3080
149 2806
2823 3398 3475 4101
219 4003
1588 1689 2353
1389 2831 2835
17 1050 4232
885 1957
175 1820 2839
3642 4131
869 3075
305 801
2490 3714
822 1502 2053 3593 3884
1381 2112
877 1453 4174 4260
1189 1458 2175 2422 3571 3704
291 1093 2791 2973
1050 1980 2618
1854 2433 4215
551 1932 2202
893 1131
3501 3615
3432 3802
630 4163
1141 1983
1583 1863 3175 4364
574 2190 2246
325 3993
743 1518 1941 2266
195 1014 3241 4301 4349
560 594 3753
126 541
542 980 2201
4160 4402
151 2847 3387 4141
557 1973 2312 2679 2757 3777
176 780 1069 1327 3319 3735
57 206 2929
740 3860 4371
284 2980
665 3080 3846
940 2571
1359 3443
1056 3705
448 4355
905 1973 3777 3967
700 2683 3014 3070 3075
581 1128 2450
742 3382 4201
2949 3851
2457 2936
637 909 1075 2721 4009
770 2002
3530 3552 3596
895 2027 2381
2714 2888
878 3008
1636 1751 2799
760 1495 1613
320 3871
1475 1632
1173 3001
1098 2826
489 1577 1890
1581 4005
3177 3266
28 1082 2159 2383
1081 2752 2962 3623
1840 3510
289 2349 2534 4171
1171 1398
7 764 1716
1923 1946 2336 2469
2371 3321
1438 3142
1763 1883 2909 3124
59 1497
346 4193
813 1631 1702 2355
2021 2527
2634 3661
657 1362 1450 1943
1077 3308
1212 3008
754 1687 2742 4024 4393
316 1244 2898
1500 1742
176 3421
1171 1708
962 1771
2556 2836 4098
1422 1966 2189
2915 3196 3454 3549 4361
2896 3161 3588
3999 4246 4291
343 813 1674
619 1630
778 3147 3332 3376 4365
517 2234 3142 3632 4264
3114 4163
2264 3842
1548 2356 3407
1057 4018
1775 2923
642 680 2268
440 703 1228 2363 3541
1395 2370
1876 3772 4335
189 3892
6 1268 1335 4142
1296 1456 3525 4128
2510 2795
1677 2527 2822
1247 1581 3778
1962 3995
2098 2143
114 188 1018 4139
80 2569
1185 2395 3980
1548 1780 3466
583 2324 2780
3717 4010
540 642 830 1585 2115
950 3386
1742 2003 2396 3206
63 720
650 1580
881 3875
1460 3452
2922 3319 4160
540 1418 1784 2004
169 2715
1314 1489 3905
1222 1536
2464 3505 4063
436 445 1998 2724 2760 3991 4066
2120 2134 2608 4251
300 1569 1953
845 1179 1994 3271
963 3620 4113
1746 2153
614 795 2592 4016
3136 3887 4070
378 1362 1773 2300
2294 3464
623 3741
1835 2925 3493
286 3927 4332 4344
1130 1668 2016
1637 1745 3114
1566 3332 3494
1304 2614
14 466 982 1829
3225 3541 3742 3910
732 3597
1983 2625
1325 2263 4344
2412 3560 4376
1686 3344 3452
397 1358 3572
1586 3288
2747 2829 4402
2768 4183
404 3780
2152 3409
644 1257 1380 3210
1638 2280
2121 3144
744 1343 1838 4107
1398 3727
1866 3605 3742 3837 4215
2592 3435 4016
1375 3072
285 512 795 2351
1120 2057 4263
559 1578 2396
1261 1369 2070 3396 3524
386 1034
908 1179 4375
1283 1581 3546
79 1148 3038
2159 2197
516 1520 3356
1813 3571 3955
151 959
317 1301 3214
102 1331 2100 4287
931 3605
422 2466 3409 3528
2918 3507 4202
1648 2508
1174 1301 2003 3742
1060 4316
1062 2992
414 905 3658
735 2033
1165 1717
3505 3865 4382
451 1423 3650 3993
1151 2144 2717 3027
735 1614 2627
930 1333 3368
1544 2166 2696 3503
2462 3001
510 1474 1597 2729 2766
4150 4377
3808 4162
490 4016
782 1739
1644 2759
304 2192 2383 2583 2758 3057
701 3277 3716
1200 3174 3281 3451
2056 2812 3311
974 2213 3934
456 733
33 1454 2638
492 1713 3351
62 1537
1025 3716
2366 2864 3029
759 1234 2422
362 2380 2397 3953
678 1324
747 1705 1750
188 2657 2947 4320
630 1205 2463
3575 3856
1028 1871 3140 3794
2606 2713 3931 4347
652 1793 1854 2423 4173
459 1473 4214
332 1893
1844 2027 2764
2347 2478 3953
2299 2408 2560 2658
2096 2391
1943 2149 2722
8 854 1672 3477
3719 3742
827 888 1759
1528 4044
224 241 1550 2057 4257
669 1829 3286
731 1323 3038 3125
706 878 1777 3876
2309 3602
209 2794 3176
804 850 2644
2290 2306 3394
2716 3665 3985
1138 1775 3130 3614
1129 2537 3599
1328 1588 3053
477 3420
1799 2974 3214 3684
3003 4078
996 3852
961 1559 3256 4037
257 435 3547 3700
461 4241
1500 4135
111 742 3096
381 1382 1472
439 2573 3777
620 1621 3108 3806
105 2063
311 2969
428 1004 2204 3471
1890 2768 3031 4401
2612 3640
254 368 4098 4160
1084 3584
482 604
175 844 3287
3264 3636 3679
1342 2157 2918 3147
712 2887
3649 3818 4241
2228 2449 2969 3293
45 461 1802 3519
442 1496 2484 3765
515 1430 3704 4290
948 3027 3406 4074
1928 2897 3496
889 2847 4323
818 2664 2982 3914
210 1912 4067
1821 4243
255 1426
1432 1650 2205 2838 4235
1155 1565 1946
103 683 1534 2505 4166
325 2455 4240
2467 4266
2416 3040 3727 4113
3620 4062
143 1092 2054 2515 3763
1674 2953 4066
3938 4248
1315 3967 4009
347 2481
1579 2490 2547 4016
1091 1500 2973
501 2176 2547 4258
2499 3105
36 201
136 2201
710 990 1098 3274 3437
1066 2581
2086 2853 3724
2129 3255
1163 1300 1808 3743 4348
434 3833 4177
148 822
1983 3383 3747 4412
1117 4251
221 493 2088 2884 3122 3315 3843
1552 2447 2817
3588 3919
248 532 1639 3372 4289
66 1370 3025 3450
3151 3885
3350 3754
1820 2233
735 1097
3428 3457
1916 3501
1546 4086
1305 4296
203 981 4280
70 3245
182 1280 1425 1723 2104
390 2344 2787 2949
1338 1556 4325
458 2962 4339 4400
96 321 3588
654 952 2843 3367
1509 2924 3831
564 2847 3916 3942
26 1847 2722
2394 3540
2517 3425
1433 2645
825 3009 3121 3762
3016 3276 3778
1674 3678 4075
630 1159 1251 3450
355 439 1978 2505
1812 1926 3652
483 1638 3103
33 2793 4050
719 841 2856
403 1252 2042 2211
893 1070 1761 2965 2992
592 1407 2997 3713
20 1584 2467 3231
301 2198 4095
956 1596 2692 3732 4091
1806 3408
218 706 1833
59 2939 3899
1515 1583 3690 3731 3823
363 890 958 1125 2064 4144
1859 2150
188 802
1175 4158
3608 4145
1294 1758 2629 4220
2299 2453
3194 3924 4262
394 812 1993
651 1131 2087 4131
565 2860 4018
701 2904
1384 1548 2547 4361
659 1012 3421
492 1312 1377 3382 3514
227 556 690 1015 1082 1288 1407
1739 3997
119 583
25 2659 2746
203 239 269 421 1751 1919 2026 3576
371 1139
1238 1659 2146 3347
1558 3630
1307 2094 2370 3925
705 3098 3725
768 2454
2032 2217 2682
142 2978 3507
221 1595 2780 3299 3369
1746 2295
516 1035
1741 3944
6 1108
1514 3239
135 934
305 1356
222 609 4107
956 1862
2 2927 3188 3961
3463 3955
337 2874 3532
443 1838
1068 3386
1840 2709 3061
554 4327
1959 2878 2939 3478 3997
1989 2319 2977
2218 2253
2584 2844 2955
683 2780
1214 3003 3167 4370
2004 2619
1275 1554 1711 3643
537 1605 2718
1955 3831
905 2184 3183 3978
12 1288 3590
1392 2340
2433 2840 3854 4198
86 1740 4252
938 1200
802 4028
8 1170 4073
3109 3110
410 2831
54 1175 1410 3090 3132
644 1029 1671 2215 3114
885 2345
838 2739
363 412 3164
715 3703 4319
747 2919 3438 3650 4324
1412 2619 3695 3780
545 775 3572
3501 4398 4412
224 428 1883 3007 3231
2124 4150
489 1517
542 1058
2117 2439 4248
96 244 441
9 3725
130 378
454 1326 2790 3924 4407
798 1847
1092 2506 3988 4093
1867 4192
2474 4099
1064 1203 2694 3933
3166 3215
774 1267 1942 3719 4414
1317 2051 4048 4371
95 1705 3961
1714 2067 2383 2750 3875 4085
2029 2574 2706 4122
676 2731 2904 3462
1356 2794
335 815 993 1359 3946 4381
136 1088 1558 1780 2150 3423
521 1077 1567 2052
3387 3812
1618 1869 3005
437 3756
788 3219
109 2488 2624
2717 3698
289 1151 2587 3416 3902
757 3188 3308 3404 3691
244 4051
1300 1311 3131 4246
602 2716
229 777 2699
87 1886 3257 4041 4272
604 2248 3735
369 1440 3150 3771
824 3203 4091
1059 1885 2665 3321
63 931 4274
1300 3510
692 1998 3289 3859
1375 1593 3965 3985
644 862 2156
649 1406 3417 3955
1183 2906 4408
328 925 1327
1529 1725 3574
1794 2065 2480 3471 3888
386 2359
29 1981
1061 4374
1912 2067 3804
553 2627 4294
269 1459 1491 2487 4268
49 254 670 2757 3139 3560
52 588 1360
1363 3228
2248 3055 3861
1228 2094 2382
1539 1597
470 971
285 764 1929 4396
2527 4389
666 4040
2391 4144
114 3726 3864
1738 3112 3618 4353
157 241
1487 2460 3888 4209
404 2062 2647 3520
2968 3262 3851
143 481 1244 2238
470 1415 2607
577 3035 3730
1134 2752 4408
380 3551 3609
2407 3769
3343 4227 4387
659 3092 3108
110 3054
1869 2816 3744
638 1731
3294 3456
1736 2080 2186
2473 3838
2489 3265
341 715
500 2592 2628 3375
169 408 884 3346
1814 4208 4286
2770 2792
78 203 2094 3116
2235 2826 2975 4309
522 3977
563 2549 2676
972 2209 2740
3126 3939 4053
583 986 1216 1683 1703 4363
1989 3351
738 2446
1344 2341 2855 4221
606 3968 4132 4195
344 1448
1755 2077 3984
1250 2343 3192 4384
480 1830
469 1755 1886 2705 3625
1762 2611
414 510 1089 1585
320 1087
305 459 4089 4120
74 2520 3733
2289 3662
1978 2291 3337
203 2155
3112 3858
2546 2666 2929 3216 4023
1104 1758 3005
844 1028 4388
49 1675 2259 3124
2151 3012 3429
254 413 856 2515
1221 1972 2631
1536 3832 4412
377 701
373 2726 3589
90 1520 1719 2096 2202
1222 2223 2619 3034
63 4269
1833 2283 3811 4116
174 418 1647 2856 3255
785 3504
168 1085 1195 2322
1405 4421
154 536
455 1385 2969 3553
161 2934 3428
2122 2605 4071
546 3037
715 1454 2145 2274 2886
451 1557 2745
1101 2539
1918 3462 4276
711 2289
2016 3744 4379
494 1024 3696
2194 2420 4383
1422 3424
1250 1558 3482 3614 4129
979 2505 4216 4244
3576 3984
413 799 1065 2970 3075 4181
1171 3538 3759
1069 2258 2559
1095 1365
82 1947 3888
94 1699 2809
594 2670
981 3746
1573 2509 3217
1003 1301 2154
3054 3613
1377 1951 1996 3401
284 1732 2046 2878 3362 3528
942 1797 2238
934 1982 2219 3992
2120 3467
158 1336
2407 3933 4304
749 3091
1507 2113 2828
756 1846 2177 4152
1814 3850
233 3802 4123 4163
580 1743 1900 3185
1536 2547
948 3778
503 599 3149 4024
1475 2363 2495 4289 4357
1932 2179 2815
328 2274 2572 3098
546 2450 3018
1374 2005
1024 2523 3669 3909
647 3198
883 1508 2945
1094 3089
38 698 1081 2637 2824 4020
2569 3526
597 1052 1151 1928 3708
758 2475
846 2035
1800 3006 4313
474 1101 1851 3493 3681 4220
245 1154 1475 2419 2442
54 1100 3150
2024 2118 2469
1962 2366 3125 3542
394 1090 1505 3798 3848 4015 4073
526 1087 1407
622 1390 3888
3158 4247
3 670 3318
1060 3558
1958 3552 4335
672 1059 3807
2307 2760
1725 3251
249 1007
768 1853 1894 3359 4359
1445 1915 3784
1418 1534 2475
215 1136
3135 3181 4353
31 2945
2388 3845
1706 2968
607 1796
2443 2930
1697 2988
113 1507 3797
581 2102 2312 3685
1746 2485 2890
606 3182 3756 3911
1739 2412 3440
2076 2645 3790
512 1830 3417
1944 2027 2381
534 1278
2216 2509
3884 4338
645 1448 2626
22 1409 1635
278 3967
218 3817 4124
1723 3060
759 811 3089
2134 2812
1986 2851 3864
527 1025 2068 4150
865 4373
1081 3336
611 3390
763 3958 4327
266 1723 2917
1435 4220
10 1480 2167 2681 4293 4304 4396
916 2770
21 3113 4120
2644 4027
2958 4056
74 242 2366 2636 3254 3486
3482 4232
1213 1434 2068
330 1726
2498 3359
3621 4173
2954 3302 4117
1596 3155
465 731 2532
3247 3395
1254 1921 2472
280 1536 1674 3972 4202
1174 2043 3736 3794
2920 3149 3704 4081 4157
741 2400 3353 3744
344 741 1370 2451
2003 2274
320 1897
2431 3319 3518
2190 4040
384 1956
1621 2813 3218 3401
642 1186 1219 4293
702 3403
970 3451
2198 4262
1094 4274
1811 2219
837 2504 3352
2167 2692
1601 2299 2519 3407 4161
548 858 1143 3627 4051
464 1588 2553 4342
326 367 3686
1309 1712 2577 2673 3450
1138 1401 2252 2803
1664 2163 3557
436 1494 1645 3998
457 1628 2146 2507
88 251 1877 2903
359 1713
358 2104 3716 3815
887 2843 2945 3024 4029
1487 2204 3626
962 1680 1885
187 1421
393 770 2363 3271
1599 3378 4394
2146 2306 4307
981 2198 3306 3378
603 1429
395 2174
386 1213 1963 2232
2136 2589
680 2778 3258 3872
235 3688 3968
881 1662 2790 2793
1303 3451 4022
440 4081 4086
867 3662 3750
1518 4189
434 956 1772 4169
683 1198 3316 3993
733 1549 2325
33 813 1422 1805
2411 4158
1845 3644
1574 4073
2264 4335
924 3561 4109
819 1969 3465
1959 2671 3032 4064
13 3735
2584 3131
428 1872 2326
572 2322 3798
770 1441 1860 3652
445 732 895 1200 1762 4018
1011 1996 3621
2352 3616 4247
65 515 2847 4019
163 4175
2281 2743 2933
1289 3123
1192 1304 2508 3114 3168 3834
1521 4288
1600 3047 4385
528 1371 1871 2619 2941
815 2419
1745 2215 3202 3966
808 2549 3818 4178
192 1756 2721 3101
527 1606 3454
182 1933 2502
891 2786 3235
535 1510
384 670 3338
884 3040 3200 4008
551 2495
789 1108
80 2157 3773 4232
872 1361
883 2441 3395 3663
1532 1623
212 2107
1334 4330
2370 2773 3879
1324 2099 4148
877 2140
1306 1840
2521 3284 3836
1768 2586 3030
2451 2605 3994 4111 4415
3238 4165
2427 3854 4236
2991 3394
83 3420 3980
1011 3810
390 2028 2819
311 468 763 3200
90 2015 2933 3567
172 619
1402 3051 3053 3487
1859 2223 2764
117 3814
975 2930
1144 1652 4166
2227 3771 3912
1676 2013 3640
229 1372 3445
766 1355 2364
651 3841 3885 4235
1013 1643
978 1269 2184 4355
847 1281 1728
660 1245 3837
1371 1554 3827
1541 1583
4024 4392
545 752 1107 1272 1893 3068
1314 2876
571 1161 2035 3024
1244 1923
2052 3658
1652 4019
1712 3385 3804
992 1810
1423 3330 4141
1951 4267
1652 2088 2413 3231
977 1485 2171 2400 3424
447 714 1325
2416 3017
162 1720 3194
2861 2942 4002
242 541 943 2575 2907
2022 2043
304 2002 3273 4188
1098 2275 4294
148 819 1004 3443 4109 4363
625 1495 1746 3806
2792 3977 4392
405 572 3939
48 2380 3179
89 1487
265 1195
1629 2323
2551 3427 3536
2162 3818 3940 4402
2271 2890
9 598
464 1205 1321 2459
2342 3259
216 1225 1848 2934 3093 3336
96 4029
841 4053
2447 3380 3970
315 3449
1049 2682 3540
1213 3266 3811
162 4217
2033 4222
1802 3249 3700
664 1983
455 1299 1498
312 510 3284
71 4263
1296 4272
21 679 1652 1880
1506 1852
913 1923 2907
544 645 3042 3630
619 2536 4084 4139
3867 3989
1608 3063
3096 3267
816 3034
3544 4414
1652 3171 3791 3983
1493 2843
1356 3497 3914
460 1643 2476 3425
644 2109 2988 3265
780 922 1717 3410 3911
765 2460
168 1072 1661 4034 4089
836 1202 1461
2994 3089
1329 3346 4293
1617 2903
1094 3124 4110
489 3535
1151 1247
6 48 3863
1245 2396 4216
356 1615 3603
386 739
16 467 682 1661 1947 2246
290 2237 2286
645 2425 2865 2953 4106
1683 4075
1118 2952 3306
1540 2332 2362
466 1434
19 1580 4162
491 3270
1784 2939
684 4401
1005 2924
1818 2978
1112 2188 3071 3185
346 747 1108 1807 1990 2938 4259
1155 2681
843 2570
1724 3038 3409
2237 4277
448 683 2447
97 267 749 1700
2903 3992
860 1453 3933
758 1566 3410 4397
568 1758
1056 1535 2684
856 1521 1904
893 1115 1205 1551 4387
113 1863 2157 2355 3550
2103 2289 3188
398 485 2993
1194 1642 2757
567 1609
1448 3347
1575 2748 3600
860 2493 3142
200 2382 2873 3089 3952
1538 1881
931 1337
757 2284 2684 3019 3036
266 515 1534 2103 2159 2970 3422 3695
101 1166
3404 3550
61 3427
804 835 2009 3580
1404 1446 1718 2175 2309 3594
2003 3390
1207 2639 3127 3939
3660 4084 4086
58 2410 3445
119 877 4356
921 1845 2803 2967
2604 4289 4339
895 965 1540 2267 2547
1081 2090
1112 1668 2998 3256
585 3862 4145
190 1220 3725
236 1218 1693 2065 2326
321 3027 3688
777 2740 3146 4327
16 676 1562 2452
1648 3169 4128 4425
2654 3497
428 1486 2623 2908
379 3066
1561 2384 3710
3645 3969
1206 2038
1389 3209
1778 1828 2350 2808 3876
531 692 1166 2321 2510
1623 2631 3070
773 1027
1011 1253 2681
150 457 1904 2232 2715
297 315 673 2669
717 3284
545 2751 3924
1178 3054 3985
1526 1999 2133 3968
730 1850 3400 3557 3700 3858
3353 3717 3852
1300 4252
763 1296
2254 2369
1298 2209 2435 2756
1767 2066 2541 3193 4396
2752 3704
1850 3039
882 1977 3753
222 1586 2185 3517 4294
1819 2588
820 1313
2810 3335 3434
1267 3683 4204
1325 1870 4072
450 580 1285 1574
2690 3466
1320 1839
27 46 2497 3068 3829
693 1506 2093 2309 3238
1900 4064
2310 2643
2495 2675 2973 4107 4139
1239 2919
928 1314 1480 1598
1269 1998
1459 2817 3962 4310
121 1890 2011 3849 4096
1250 2705 3956 4145
233 3427
582 637 830 886
752 3669 3829
252 326 510 2627
1576 1590 3387 3826
2169 3034
282 1872 2683
3291 3952
846 2323
122 927
640 725 2561
68 1282
3788 3909
1001 2731 2827 3318
2137 2772 2872 3641
482 1355 3350 4095
64 1012 2684
1799 3685 3712 4396
1565 2932
702 777 2084
563 2556 3676 4131 4306
2039 2232 2541 4152
1888 2774
1399 3814 3837
414 1455
514 1410 3235 3768 4019
438 1167 1284
628 817 995 3354
416 514 3177 3503
1813 3649
742 1062 1692 2175 2805
1724 2751
1987 2313 2860
2734 3078 3196
1943 2119 2252 3007
641 1366
639 2210
126 3763 4054
128 187 457 697 1635 3292 3480
1334 3095 4230 4300
1280 1740 3485
2165 2780 3105 4059
567 2284 2735
1209 3716 3859
782 3133
1125 3104 3273 4127
2457 4243
76 760 836
1666 2353
281 3662 3849
1724 4104
2067 3250 3702
425 1511 2896 3845
883 3260 3789
3040 3603
2621 3998
2017 3465 3535
573 3756
442 2644 3200
404 3101 3155 3266 4009
173 266 4025
293 2717 2982
2240 3178 3216
200 1735 3674
2400 3964
289 3805 3873 4319
1562 3865
748 2984
422 1894
939 1088 1889 3052
1697 2377 2999 3637
1589 2945 3059 4268
7 483 540 617 1161 1732
1106 3399
2120 2514
1586 1713
1053 1636 2263
716 1685 2582 2636 4334
449 949 1243
1150 2010 3147 3397
402 3939
2671 3444
1389 2739
3701 4053 4281
190 3380
1926 2257 2947
1014 2056 2507 3937
3245 3589
1659 4134
1136 3513 4224
3311 3586
955 3105 4044
736 1248 2569
650 858 2349 2965
1057 1505 2888 3983
1862 3288 4028
669 1072 2349 2461
809 1267
224 1396
116 1011 2570 2694
1612 2187 2837 3077
43 794 3349
396 711 3035
218 3866 4234
487 1265 3292 3853
332 1088 2158 2766 3952 4098
619 1443 1792 3721
2373 2601 2627
1050 1212
371 4032 4161
890 3639 4166
2798 3102 4102
67 1229 4257
1260 1561 2378
767 1974 2704 4019
1375 1469 1635 1692 2481 3551
811 3206
1198 2674 2960 2992
810 1002 4050
1872 2663
2737 3497
2064 2419
1379 1682 2971
3307 4199
1619 1699 2705 2809
3181 4198
2796 3986
287 480 3439 3480 3895 4332 4407
319 2205
1624 3808 3968
1758 2116 3998
144 2232 4394
3595 3963
2204 2677 2846 3542
2504 4272
3306 4114
1046 1874 2355 3460
49 143 185 1066 4270
493 1055 2746
3113 3911
1403 1780
180 3091
89 379 1205 2012 4227
1760 2380 3142
1744 3086
2649 3322
909 2311 4048 4227
799 1544 1634 2473 2540
426 483 510
118 2137 2799
591 1594
596 1513 2209
1520 2671 3900
1731 1946 3331 3389
401 1101 1211
1067 2075 4270
1444 3708
2559 3972
3743 4335
2510 2639 3255
1356 2152 2640
2882 3168 4133
703 3505
792 1173 2552 3803
401 2006
1678 2356 2476 2621
616 793 3103
1198 2341
373 1127 3523 4296
1959 2011 3119 3337 4073 4166
478 1082
1785 2534 3218
1010 3335
1434 2049 3495 3863
447 2411 3923
753 1082 2697 3760 3771
1227 3042
445 3737 4167
1993 2450
27 636 1416 2134
592 2496 2654
1334 3070
58 617 1900 4118
1723 2531
475 4218
193 270 830 1168
248 739 1510 3214
4 260 3968 4024
1164 2088
102 814 2629
925 1129 3028 3450
845 1556 1649 2714 2818 2983 3856 3941
2078 3165 3651 3664 3750
571 3276
1108 2521
2378 3167 3433
1208 3882
868 1242
1738 2996
98 1174
723 1678
750 1659 1727 2235 4367
3829 3875
686 1073 1623
3491 3749
132 1806
1275 1898 2776 4402
2000 4257
1774 1790 2453 3124 3356
3512 3587
1023 1177 2400 2757
686 2363 2601 3010 4004
1786 2127
2576 4101
411 1785
1173 1940 3274
1292 1357 2489
306 356 4382
1914 3530
217 353 2938 4196
1382 1579 3108 4071
1 3792 4261
951 2579 2581 3015 4104
180 3705
364 2488
1218 2179 3422
868 1479 2292
965 2948 3414 3953
814 1015
1645 2109
1379 1648
2556 3596 3891
127 3240 4040
1185 2322 2459 3894
1454 4114
310 2293 3407
3476 3885 4101 4138
2642 2958 3726
1000 2570 3292
1754 4069 4289
2166 3192
1350 2688
2911 4368
258 1304
939 973 1312 3807 4119
2019 2501 3314 3419
672 1940 2820 3091
591 3584
831 2567 4316
1305 1658 1855 4235
198 1528 1939
506 3435 3588
2339 3311 3359
244 2032
1229 1888 2494
723 877 1171 1916 2168
935 1592 1682 2140
243 3319
2980 3395
258 1138 4233
102 3025 3210 4394
1384 4161
313 1117 1301 2813 4107
2403 3986
2033 2810
351 2821 4352
679 1069 3032 3558
3182 4110
791 1579 1866 2188
1330 2150 2643 2731 4188
230 1608 2874
1809 2170
2459 3034
457 3239 4375
1544 3196 3860
10 3525 4413
674 1009 4213
125 657 902 1244 1275
995 1052 1183 2030 2397 4248
687 4287
1114 1834 2137 3210
1378 1565 1915
5 964 1840 2439 3720
881 1793 3924
1143 2578 2980 4049
1891 1920
1545 2523 2965
1908 2528 3373
162 1473 4045 4063
983 3539 4213
244 994 1979 3265
470 2160 2310 3280 3779
401 991
219 2358
3272 4030
2918 3703 4149
1107 3118
2519 3530
2628 4018
2008 4418
3357 3476
584 1235 3686 4285
3861 3976 4186
3145 3829
1818 3567
1484 2930
529 2423 2601
147 4352
148 2348 2408
929 1096 1983 2317 2694
4 1066 2971 3055
616 1278
1408 3025
908 2113 2754 3431
470 1330 2460
15 208 289 305 1147 3597
1055 2497 2688 3391 3815
431 883 2573
853 1840 3040
1441 3145
3225 4110 4305
56 4092
978 2024
115 513 2109
65 2147 3118
2137 2714 3736 3963 4027 4206
1158 1640
331 2767 3240 3582
1362 2438 2629
799 3543
367 1453 2295
50 1336 3296
669 884 1220 2001 3036 4295
1442 2383 3577
94 635 4034
571 2515
2234 3047 3567 3633
718 2274 3115
1336 4032
2209 3292 4289
1562 1667
1935 2369 3441
723 3684
963 2443 2601
1173 1699 1828
3307 4048
258 605 1336 2042
196 468 4075 4089
945 1663 1812 3400
2970 2971 4184
493 1846
3222 3343
309 1014
180 2010 2228 2658 3441
1028 2636
761 2246 3287 4049 4287
2460 2486 3780 3889
529 1186 2044 2341
2392 3694 4056
76 794 3722
3408 3920
1755 2854 4375
1199 3101 3167
2455 3457
703 1315 2471 2757 3503 4413
874 2825 3637
668 845 2192 3889
16 514
216 1307
1123 1210 2479
443 3324 3814 4422
1536 4008 4362
2029 3662
2088 2396 2588 2879 3068 3085
469 741 2742 3300
334 2646 3478
116 604 618 1447 1658 2764
2568 2932 3550
620 878 3544 4279
1217 3165
2221 3426
1382 1970
2025 2067 2728
2109 4204
1531 2311 3288 3408 3775 4039
123 349 2277 2741
609 3300
3377 3630
3289 4262 4422
233 538 684 2991
472 962 1382 2197
561 1366 2362
1009 1125 4132
857 4068
991 1464 1594 3860
182 4137
119 906 1344 1717 4006
1749 3889
1096 1123 1902
2006 2513 2714
764 2771 3049
411 3069
118 283 849 1722 3665 3666 3693
253 1211
315 460 1877 2325 3535
726 4288
1953 4292
3263 3658
1004 1043
12 1179 3637
4098 4425
1117 1986 2331 3833
3386 4405
687 1929 2635 2960 3846
1463 2085
1229 2028 3350 3600 3820
490 1187
477 687 1224
218 1053
2994 4392
1580 3097 3563
32 892 1814
590 1260 2014
747 1988 2829
301 574 1174
43 2003
900 1125 2792 3604 4236 4362
95 865 1556 1945 2161 2414 3868 4204
921 3007
1206 2450 2742
421 1739 2884 3669
502 1327
1529 2400 2903
802 1410
2729 3817
871 2163
116 1378
1806 2761
848 2022
1543 1622
114 1985 4276
852 3670
1532 3220
647 1182 4358
393 1361 4007
790 3298
395 1151 1513
1772 4092
2035 2837 3299 3712 3750 4014
129 3323 4096
1169 1812 3318 4377
1790 2664 4404
1149 1714
1922 2592 3648 3780
269 1019 3843
969 2231 2480
499 1922
652 1144 2125 2596 3627
1288 2783
1334 2900
876 4276
298 2281 3077 4283
316 3165
1423 3918
2646 3721 3747
2266 2593 3052 3171 4220
1758 3720
2692 3665
1422 4261
105 336 3595
1109 2248 3076
1843 2289 3399
1755 3931
1619 2249 3181 3503 4413
6 85 3330
1600 4067
1516 1769
282 2790 2996
718 1251 2075 3557
2612 3186
1027 1389 3675
3118 3151 3390
229 3652
425 2994 4199
1639 1916 3108 4118
1632 2673
1937 3790
236 314
1141 2553
133 1314
275 3661 4219
1598 3500 3528
2693 4000
786 1191 2912 4361
876 1669
1634 1687 2296 2309
1970 2960 3813
436 1040 1660 4012
263 2965 3004
1127 3294
283 897
1533 1660 3600
396 1703 2821
1842 2071 3145 4262
1552 2238 2408 4000
855 1748
760 1677 1826
2489 3966 4271
1091 1866 2666 2766
619 2707 4069
249 269 581 2723 4081
2271 2366 3725 3925 4415
2111 4151 4390
266 529
1074 1996 3336
3145 3552
1860 3020
162 3806 3809
249 2367 4015
1365 1696 1840 2636 4146
89 1158 1385 2160
530 1815 2142 4029
1062 1317 2649 3840
1687 3110
3161 4213
79 651 1713 1896 3646
1674 4328
2836 3740
1609 3561 3912
1025 1473
165 2475
3182 4302 4343 4359
1359 2580 3083 4396
3819 4282
1351 3446
1537 1987
2330 3373
517 1195 1896 3547
3181 3588
1346 1426 1971 2431 3235
2086 3817 4125 4326 4397
1343 3540 3591
1533 2276 4371
2757 3827 4234
1945 2364 2650 3922
312 1577 2975 2991 3511 4224
2221 2513
1809 3103 3210
1580 3028 4144
442 1328 2691 2840 3397 3557
862 1653
335 926 3733 3746
687 3062 3729
1957 4119
721 4280
2408 3452
3063 4048
982 1163 1869 3486
94 2295 2859
1356 3806
1048 1653 3558
835 1736 3178 3366 4380
2473 4387
2181 3077
1157 1410 1560 4295
1940 4268
2489 3015
2610 3538
972 3427 3890
975 4367
1991 3165 3454 3774
294 1023
1004 1148
325 390 1539
3155 3377
560 2952 3015
837 1945
2371 4123 4257
1569 2078 2112
291 809
379 2733 3032 4417 4422
1623 1686
2362 2699
2668 2735 3416
416 1977 3788
2119 3430
951 1478 2506
1045 3351
492 2633 4324
424 487 2743 2857 3146 3265 4335
3121 3179 3718
1385 2165 3925 4041
4250 4323
843 1585 1713 1792 1823 2889 2963 3822
216 3300 3575 4134
2930 3342
2509 3131
1041 3842
18 3946
13 1498
1806 1816 3645
1702 2436
1537 3418
175 665 2283
862 1658 2119
2330 2777 3201 4227
250 303 1403 1707 3712
142 404 592 673 2007
802 1970 3338
2816 2876
995 1004 1243 3239 3992
2341 2704 2807
2601 3935 4065
538 1914
684 3541 4339
346 2763
1609 4120
1993 2243
123 515
680 2199 2605
2489 3541
968 3171 4007 4132
631 2008
2002 2463 2707 3751 4091
1321 4369
849 2749
8 950 2782 4326
1148 4277
523 866 1597 3013
151 986 2848
497 1202
582 1638 2125
2630 2992 4353
2470 2716
2797 3383 3960
308 3183
507 1102 2452 3602
820 2946
3439 4180
298 4343
1753 3073 3406 4149
22 1503 2436
1888 3108
246 326 1677 3428
1970 2779
354 1796
42 2586 2827 4262
699 1074 1563 2394
3476 4332
323 535 1915 2077 3654
3243 3388 3728
6 3582
1923 2578 4294
842 1060 1372 1465 1790
663 2509 3002
1324 2002 2036 2918
2947 4247
54 466 895
1010 1032 2387 3630
1046 1517 2120 4289
213 2544 3756
1188 2572
147 750 1154 2528 2689
606 3804
996 1161 1403 1795 1908 2282 3750
1736 2612
2116 3684 3830
257 2008 3164 4383
1526 2913 4295
1009 2098 2498
404 1167 3008 3355 4026
87 424 586 3907
633 908 3841
227 1030 2333
1172 1834 3768
1239 3312 4263
3776 3866
205 416 2788
2705 3522 3573
675 2478 3841
201 3051 3586 4016
2339 2955
1400 2334 3412
1633 3134
13 518 1834 3859
113 363 1972
2197 2328
3664 4115
105 3385
67 4063
2071 2868 3879
909 1864 3752
2188 3020
298 991 1679
1879 3272
439 2091
399 914 4414
449 721
117 2793
1894 2090 2586 3641 4270
1688 1857
417 645 1231 2917 3297 3536
2206 2442 3018
1097 1784 3407
378 1058 3349
51 195
1272 3961
2734 4404
3579 3953
213 345
495 702 1002 3023
814 1526
75 1204 1388 2876
1360 3978
2514 2689 2809 3262
2913 3243 3370
206 584 903 1364 3146 3681 4189 4235
347 2437
116 1210
2731 3516 4146
1263 1550 4375
292 3528 3563 4270
1845 2971
540 647
592 2934
3201 3883
236 1632 3581 4337
74 412 1451 1957 3923
653 1093
1268 1784 2405 3570
1033 1240 1407 1838 2396
1191 1705 2333 2395
853 2534 3121
1038 2821
121 4124
985 1354 2991
1313 1393 2770 4207
1645 2271 3437 4369
1976 3802
1324 1876 4099 4254
445 1372 1422 2780
123 852 2538
898 1438 3469
2282 2422 2748
1065 2895 3306
1669 1674
397 735
1242 1516
436 2518
1707 3747
61 1120
236 2977 3701
2398 3885 4362
198 1941
151 2494
1188 1457 2671
1386 2629
457 492 3989
22 1567 3456
430 2359 3699
887 1652 3393
2600 3620
1362 2292 2613 3351 3483
3008 3320
257 2886
3761 3769 3868
1440 4093
2945 3581 3716
2116 2523 2542
1349 2303 3321
1768 2076 3205
1156 1548
1014 1888 2534
210 442 2623
190 414 3752 3768
1618 1941 2636 3523 3640
626 1196
212 1854 3665 4078 4326
901 2154 2880 4016
1552 1705 2499 3193
83 2196 3833
1278 1306 2358 2682 4405
413 1385 1549 3581
1053 2188 3304
2662 3516
70 1284 4096
383 1744
238 2123 3416
368 722 1529
744 3858
617 2104
1456 2016
457 1349 2323 3271
5 400 2846
62 1097 1589 3071 4187
118 2678 3346 4389
79 1838 2189
468 1711 3014
2217 2741 3275 3766
48 1639 1681 2386
3720 3786 4320
354 1263 3653 4330
364 4162
627 4074
29 132
1950 1962
157 1900 2650
579 3018 3711
501 2767
374 1808 3683
627 2747 3464
2234 2585 2670 3390
1213 4021
849 3952
193 2601 3312 4078
757 2403 3801
153 939 1398 4354 4392
1422 4286
1572 1674 3446 3921 4198
767 1624 2166 2684 2814
268 689 1014 2843 2943 3014 3845 4280
1633 4283
1363 2735 2923
1346 3474
2098 3837
2296 2693 3490
3742 4138
1811 2322
383 866
1483 1856 3743
1616 3596 3993
2801 3192
2045 2696 2865
1434 1800 2466
2634 3960
3166 4195
2976 4119
2196 3091 3977 4295
2132 3714
2403 3742
1560 3640
3137 3820 4233
1314 2228
2135 2143
413 3614 4298
1374 1799
3020 3894
479 568
1933 2441
320 1190 1456 4412
1648 2915 3512 3768
376 559
555 3211 3711 3833 3938
2739 3508
1605 1966
232 460 519 2044
1360 3504
2517 2675 3768
1474 3577
1041 1520
528 1938
1034 2970
1211 3336
4 1677 3658 3757
1828 1985 2685 3408 3861
2735 4221
3560 3680
1246 2226 3322
3456 4055
2030 2219 3366
1028 2524 4388
112 2342 3817
445 871 1219 1866 2374 2792 4199
384 754 1139 1948 2615
1418 1973 2952 4181
1315 2137 3481
55 844 1316 2598 3501
832 4040
443 2249 2605 2696 3056
2223 3579 3876 4099 4212 4383
985 3533 3566 3873 4140
1407 4333
1565 1669
1376 3044
1631 2532
2092 2916 3667
1167 2505
480 2903
310 1850 3468
3014 4054
2255 3845
321 624 3832
2468 3681
3411 4115
959 1464
1051 3536 4349
2199 3933 4181
996 4329
3550 3995
3070 4381
1250 2366 2455
2742 3163
3553 3975
862 1159 2757 3200 4417
275 372 3362 3744 3919
111 1961 2214 3493
956 1931 1961 3503 3955
565 2380
297 2329 2602 2790
1894 3140
1988 3891
454 1897 2975
1529 2877 3124
535 539 2385 2549
391 2342 3074
778 2853
1718 1854 4381
1981 2087 2508 3926
1463 3355
3350 4001
1316 1843 3888
231 788
478 2267 3877
547 1100 4343
3494 3796
1688 1715 2199 3263
284 1393 3886
1836 2208 2925 4259
618 2528 3695
243 526 3173
2491 4420
626 2170 3842
2420 4359
423 902 4332 4387
29 68 3742
499 3669
1689 2348 3540
3331 4285
1845 1910 3699 3828 4417
571 1743 3275
2181 3700
1038 1548
1258 2212 3004
2041 3180 3990
1088 2748 2792 3977
1560 2572 3454
564 1644 2323
360 1702 1809 2531
3474 3740 3836 3875
567 4040
1227 3482
159 1622
778 929 2906
1146 1509
983 1929 2409 2589 2679 2879 3408
50 666
1161 2948 4378
375 974 1935 2924
602 1010 3446 3805 4158
709 1098 2481 4390
2545 3486
1788 2979
212 4109
1748 1778
506 3650
23 3842
814 1864 3915
2382 3378
176 3436
1198 1408 2286
271 2354 3512 3806
636 2908
1993 3962
1379 1940 2273
1511 3448 4032 4076
2436 2702
508 516 2158 2831
268 1798 2972
354 3534
2895 4141
91 2095
3258 3892
459 3680
1234 1681 1795
66 3191
2338 2711
527 2182 2750
2015 2601 3322 3476 4241
621 676 968 3072
1428 3364 4306
1383 4015
3311 4267
1340 3798 4044
62 1980 2220
425 1453
73 1720 2047 3150 4254
805 1417 1727 3455
2742 3821
2081 2603 3760
2398 3391
913 2817
1767 3344 3513
484 1598 2664 2965 3697
1643 1826 3456
1661 3980
549 3095 3766
1098 2319
1763 2042
247 1904 2165 3317
74 1715 3503
1531 3183
1567 2300 3345 3422 3542 3545
1422 1485 4287
1829 2096 3057
3305 3330
596 734 2133 3471
275 376 2227
570 4215
1686 3087
622 3543
4141 4169
220 1452
2434 2620
45 144 1902 2750 4046
266 3158
922 3907
1300 2942 3438
1455 2258 3918
3480 3761 4411
132 977 2067
860 3457 3920 4072
300 457
673 1629 1675
813 4365
946 981 3404 3411
65 180 787 904 2203 2323 3357
746 2687 3982
329 1388 2328 3158 4330
974 3885
2594 3127 3384 3564
1330 3053 3899
804 2875 3833
97 244 412 697
820 2539
136 594 1184 1704 3808
1484 4257 4318
404 1528 2562
1430 2018
1884 3443
805 2242 3292 4086
538 4313
1045 2210
155 701 810 1770 2158 2793
1641 2417
384 880 2391 3280
109 1723
3555 4235
1181 1804 4369
995 2716
1706 3755
915 1567 2172 3978 4112
1703 2271
171 2448
503 2133 3088
2645 2721 3966
66 290 2457
3284 4378
1056 1281 2751
1579 2281 2982
1054 1111
93 1224 2218
1377 4169 4288
1492 3171
522 1097 1964 3063 3303 3454 3573
295 380 796
372 3254 3386
286 312 3571
56 392
228 859 1149
1577 1806
1131 1600 4276
657 719 763 1252 1575 1815
775 4338
679 3902
99 175 3108
1582 1724
1967 4162
1801 2072 2320 3903
556 4178
759 2739
115 2645 2850
285 2849
349 599 1478 1945 2226
417 1708
142 1154
1875 2428
694 1639 3765 4195
1002 4234
592 1228 1417 4142
1250 1368
560 2982
1051 3661
1075 4142
96 489
3594 4330
731 1621 1906
918 2688 4272
1532 1561 1969 2939 3440
132 2732 4036
1474 2895 4422
1509 2672
1077 2050 2309 3114 3182 3383 3811 4140 4282
3150 3320
50 1956 2085 4381
1025 2768 4163 4385
230 1947 3518
104 3325
1771 2714 2821
2922 3556
653 1276 3165
2138 3355
972 4148
392 4319
684 1473 2770
3047 3321
1383 2335
2180 2438
395 1528 3881
2085 2996 4356
709 1771
1183 3314 4011
323 3228
57 261 877 886 1052 1920 2324
860 1070
691 1487 1890 4051 4295
2499 2888 3579
2318 4006
326 3462 3974
172 3082 3402
215 1510 4357 4410
1980 3058 3503 4003
2569 3986 4329
66 1910 3390
4114 4215
1513 1580
1870 2209 2931 3452
1737 1784 3701
2164 2268
409 2317 2571 2610 3757 3883
2505 3599
475 3018
2255 2880 4262
1570 2482 2543 2605
810 3650
3139 4035
54 920
2720 3143 3714
34 1131 1458 2658
2855 3535
1036 1386 3068 4039
1304 3078 3882 4115
327 1879 3790
2074 3218
1550 2290
267 582 857 1810 2728 4203
937 1279 2411 2872 3530 3668
798 1476 1492 1749 4198
1919 2230 3397
258 301 1045 2730
3065 3303 3678 3931 3979
1760 2346 3942
1316 1399
186 335 3369
810 1439 3459
817 1864
2157 3437 3829
2942 2999 4296
228 1717 3708
1879 2360 3127
698 2565
2820 3956
35 781 1143 1780 2010
1530 2219 2363
245 553 3720
199 658 3233 3277
884 1738
1487 2714 2903 3048
22 387 2733 3338 4115
350 640 717 1047 2655
38 1515 3810
3304 3338
350 1852 2188 2346
1882 2221
1492 4223
2635 3831
1966 3469
279 1349 3068
312 1775
2516 2986 3476
214 2273 2381
1537 1657 2032 2367 4130
103 270 1391 1535 3238
890 3242
1123 4205
1550 3146 3758
1863 4263
1822 1995 2048 4114
1333 3577
1099 1243 2670
211 3110 4051
1351 3042 4132
1419 1791 2724 4140
288 2370 3456 4338
3856 4334
1777 2221 4257
1010 1183 3020
2118 3288
519 2454 2466 3827 3913 4042
2666 2930 3466 4000
367 680 1154 1818 1846 2424 4213
1493 2389 4363
243 837 1929 3668
3841 4345
806 1120 4340
582 1756 3676 4144
281 1179 2671 4036
244 705 915 1442 2203
1732 1981 2473 3062
1830 3728
442 1686 4087
2005 4215
3928 4288
1660 2782 2831 3316 3918
2676 2863
318 4192
811 1964 2986
640 2454 2778 2819 3173
188 2725 2872 3699
684 3645
169 2804
2206 2400
575 3125 3238
1362 1365 1486 3245 3260 4278
767 956 1555 1706
708 3875 4200
332 565 4119
278 678 2017
441 892 2064 3810
3021 3663
632 954 3206 4108
174 3579
963 2136
623 1666
289 3156
1569 3207
319 666 2590
379 754 2676 3955
3278 4002
2111 2490
12 1791 1947 2773
48 2321
253 748 4206
892 1278 2521 3307 4383
980 1791
1465 2419 2469
529 1589 4141
1130 1160
90 870 1341
1429 4276
2109 3624
1660 2418
19 2125 3340
2700 3274
1812 2255 2787 2791 3286
1293 1456 1689
1223 2128 3904
1854 1991
300 2413 3360
233 724 1207 2701 4133
626 3302
502 822
737 992 1231 1601 3257 3645
2788 3079
99 1867 2355
37 392 4412
368 2829 3757 4014
2367 3102
3233 3561
1795 2603
526 3130
2384 3602
1715 1879 3419
1614 1819 4311
208 1046 4069
629 2894
1 1206 1688 2728 3684
644 1253
967 2454
835 4149
1253 1366 3288
413 1112 4133
2363 3094 4397
448 2268
847 1324 4060
94 845
325 2162 4020
439 1412 3378 4098
3615 3807
891 1316
3791 4008
418 1181 1850 2595 3035
1047 1293 4084
859 1499 2011 2251 3085
1058 1062 3662 3672 4002
542 2440 3996
183 1328 1641
2863 4309
859 1804 2153 2828 2996 3372
725 3161 4306
403 677 2341 3135
1089 1625 1684 3562
3295 4011
1600 1898 2495
606 2407 3737 4230
533 2663
959 1686 1797
3087 3322
2838 4116 4334
2279 2829 3576 3778
770 1250
809 4404
105 2109
1388 2817
552 2584 2650 3948
1537 1582 3535
681 785 1117 1771 3068 3470
2858 4165
1134 1776 2249 2517
3857 4192
485 1431 1998 2151
3160 3469 3535
630 2245 2830 3986
1270 3298
1020 1694 2107
1881 1935 2592 3457
138 375
643 659 2144 2733
743 3442 3897
2072 2729 3709 3971
637 1723 2177 2817 3243 4216
217 222 668 2431
247 3498
396 1334 1415
1498 1853 2592 2984
1864 3674
2806 3868
661 749 1019 2460 2693 3047
2439 2781
1799 2797 3951 4034
1828 3889
15 210 1093 3155
424 4330
2569 4091
568 1517 1826 2006
154 2783 3417
226 2049 3798
2833 3284
1280 1726
2920 3190
14 382
322 4146
233 1146 1254 3011 3101 3335 4170 4180
928 4030
1635 3036
1280 1891 3224
3032 4019
18 527 3267
443 2940 3636
983 3334 4365
228 624 2853 4270
2119 4202
35 277 298 4365
1456 1624
305 4387
3356 3467
2838 3001
985 1775 2187 2828
1394 1768 1957 2232
527 719 900 1019 2376 4015 4413
544 1063 2450
230 1429 2384
2982 4207
794 3417
2013 2760 4042
1832 2218 2726 2848 3718
1715 3255
1635 3013
1118 2182
2756 2924 4124
588 1019 2165
918 2787
608 701 1242 2245 3745
1620 2474
1144 1214 1253 2875
2297 2945 3064 4414
501 559 768 1904 2544
301 1446 1497 2788 3560 4376
1399 1855 2816 2953 3409 4399
3790 4341
2183 3996
1499 4378
1970 4157
1745 2048 3773
310 1710
832 2613 2908 3493
597 1594 2250 2597 4104
1084 1312
515 3321
38 893 3863 3952
416 810
307 1852
1252 2161 3361
375 1648 3703
1660 2348 4253
659 1687 2409
775 923 1874 3825
784 855 872 2311 3007
7 269 2809 4352 4378
1255 2965 3718
503 1300 4042
2406 2756 3789
2041 2166 3004
1298 1405 1882 2204 2280 3024
1731 2002 2204 3100
991 1614 1788 3010
420 1416 3486
1242 1973 2873 3867
14 2093 2367 4093
950 2215 2507
1832 2705
156 300 2100 3630 4071 4400
470 2140 3468
2854 3237
1262 1329 3409
1483 3878
1558 2260
3032 3874
1732 3125
497 3757
472 1003 1515 2924 3907
1273 4120
773 2527 3215
637 2746 2808
1731 2789
1987 2151
19 572 2195 3037
1215 3309
2178 2994 4181 4250
567 3822 4084 4140
1393 2063 2948 4048
295 2634
2426 3861 4024
2001 3122 3601 3733
369 3983
3517 3589
1039 1337 1854 2198
789 1102 1689 2618 3310 3768 3862
210 2403 3291 3928
312 1218 2764 4338
1351 1730 4121
2067 3023
216 1161 1862 2243
213 3876
613 2036
11 1475 2152
122 460 1222
1308 4008
57 459 1689 2024 2041 2369 2955 2968
356 777 1573
1875 2096 2890 3307 3673
437 880
3035 4228
307 1067 1532
87 818 2046 3525
1876 3107
1149 4082
46 92 2671
59 1961 2435 3512
35 894 3245
774 1125
103 1942 2168 4075
59 139 4224
889 1211 2201 2810
927 1605 3494
1578 2645 4197
109 2096 3507
64 2566 3175 4415
396 620 741 922 1256
613 2910 3127
49 1856
864 2788 3811
1120 2832 3776 4018 4378
550 3648
835 2683 3268
2058 2307 3721
3168 3937 4098 4359
477 1486 2090
2414 3078 3639
858 1791
1279 1305
450 960 4143
1352 1361
174 1495 1978 2351 2537
1956 3115 3620
1204 1994
528 3623
953 1224 1956
1208 1703 2578 3051 3778 4417
1076 2862
4 1191 1308 2002
2524 2999
216 593 3338
176 2373
551 2150 3410
669 1799
962 2019 2098 2130
1308 2961
10 2658
12 514 4418
582 2348
1431 1433 2610
781 1497 4102
1054 1828
1296 2707
136 1954 2214
1335 2713
105 274 1465 3935
1778 1923 3979
438 1394 3201
2215 3706
1867 3907
1768 2294 3513 3861
315 380 1404 3338
402 3717
1484 1815
2020 3228
1377 3862
3547 3925
2934 3618 3781 4304
2104 3817
300 2244
361 758 2488
586 2243
1243 1556 3652
1777 3750
474 3763
2032 2050 2186 2967
1485 1653
2844 3254
74 902 1130 1237
362 803
832 4395
374 2118 3496
2154 3966
2014 2072
2035 2504 3098 3758
626 768 1637 1955
508 2106 4417
506 611 3422
2643 4315
2221 2588 3358 3883
1191 2290 3329
1065 1166 1373 4230
3163 3677
1070 1099 3677 4027
849 2197 2751 3857
1128 1522
765 1113 1813
776 1240
569 1151 2876 3664 3758
373 1639 1843 3090
3232 3738 3958
156 1568 2564
606 1154 1191 1721 2191 2354 2915
455 2160 2726 4024
472 820 1665 1924 2799
1850 3445 3922
9 1124
96 1783 1879 3981
283 1396 1869
379 1536 4067
3978 4199
142 2125
1766 3265 3989
107 3928
748 843 1010 2380 4340
248 2924
186 2171 4110
643 2930 4261
118 128 2076
3050 3752 3819
1119 1854 3772 3808
398 1609 2167 4263 4267
1134 1401
423 1091 1324
739 1949 3416 4032 4197
661 2884
386 2743 3893
959 3314 3438
1394 2183 3887
587 605 1663
1677 2917 3312 3665
174 1128 3103
809 877 3011
559 775 1857 2538
560 2925 4259
1800 2910 3586
53 630 2831
1552 2231 2435
1771 4419
649 1968
2484 4027
811 1776 2324 3320
2360 2441
683 802 1931 2556
797 2039 4130
1762 2432 2746
707 3230
3406 3762
573 1064 2082 2293
514 1036 1514 2527 3784
207 1191 1562
555 1365 2579 2842 2843 3217 3321
1412 3928
991 1294 2873
686 2393 2903
921 1986 3125
1414 3980
381 2081
2625 3526
1351 3040 3950 4123
2166 3179
215 266 663
216 3228
894 1907 2642 3678
156 856
76 871 1849 3681 4048
2316 3523
3513 3540 3726
2335 2755
1673 4096
1315 2463
886 3253 3827 4408
347 400 3958
1400 3538
23 2688
537 1247 2976 3208 3345
448 536 2227
320 732 1207 2683 2891
2298 2525 4325
3241 3580
927 1125 1950 4088
1732 3780
386 1219
191 910 2916
289 2182
2265 3935 3948
1895 3713
2642 3021 4212
234 2128 2942 3540
614 1022 1409
171 534 1324 1505
1215 2411 2791
357 3633
1485 3701
532 728 1063
2907 4037 4301
312 3081
107 1079 1526 4188
1443 1992 2286 2461 3048
161 634 1240 2611
651 1696 2262 2385 3138
4058 4098 4228
137 1720 3181
939 2552 4256
2 571
717 743 1641 1806 2922 3288
621 2404
756 3300
103 2892 3366
1278 4243
480 3839 4056
2951 3390
820 856 2463
482 508 2965
1034 1740 2234 3157 3437
520 862 1066 1850 3451
1497 2218
297 436 3733
302 4420
732 1389 2120
2599 2946
472 1436
449 872 3644
1707 2597 2941 3492
1634 3217
988 3995
1332 2249 2753 2988
9 874 1726 2937
707 2196 3438
193 869
989 1926 3728 3896
291 4242
197 922 1646 1874 2450 3562
73 1153 1427 2549 2826 3230
653 909 1638 2619 2630
514 2764
262 1113 1839 2175 4369
2682 4183
1370 3220 3931
1535 2405
291 986 3689
1177 2133
74 2801 3298 3816
1211 3917 4099
209 994
469 1543 3647
464 1207
343 2416 2504 3919
1505 1840 2590
2031 3738 4289
2374 3119 3125
2874 3057 3103
454 3329 4243
2252 3379
1475 2978
711 1028 1053 3607
946 3373 3530
1441 1918 4004
1667 3077
1546 2401 3288
1960 2490 3882 4124
3312 4425
207 2020 2384 2624
880 1144 1599 1996 3232 4232
323 2254 3245 3906 3955
12 4266
606 767 929 2088 2335 3162 3894
620 1733 3053 4372
1328 2349 2527
1259 1997 3794 3851 3982
1259 1763 2088
885 1759 3000
505 1024 2488
966 1519 3327
793 2821 3376
779 3701 3932
949 1354 2810
2834 3913
159 4053
2022 2340
572 844 3067 3243
950 1485 2207
2294 2348 2479 3295
2036 2359
2549 3409
2436 3444 4050
556 1291 1981 3973
1610 1653 3945
1504 3208
1365 2769 3036 3231
847 1221 3219 4096
3724 3862 4093 4276
3519 3675
1780 3745
58 1332
1831 2117 2728 3453
700 1963 3391
605 1466
541 2252
1501 1928 2544 3509
248 3684
4203 4320
3054 3109
3188 3835
3252 3851 4319
1871 2486 3490
2007 3702 3713
2295 2928 3631
800 853 1337 3045 3679 3934
537 1094
1242 3255
3818 3933 4036
2173 3445
2238 3670
993 1146 1495 3690 3954 3961
1991 4309
269 1336 1928
1140 3635
1577 2160 2208 2400 4331
76 689 2837 3210
904 2285 2787
2257 3309
847 1532 3926
3354 3532
1509 1870 4330
213 2442 3501 4114
2424 3846
6 394 2371
3745 4042
2017 2246 3625
1085 1145 2188
2018 3469 4204
946 2384 2975
1465 3760 4113
1191 2829
1659 2754 3093
383 918 2902
2710 4117
209 1287 2660
139 2906
2555 2910
1428 1547 3706 4043
2836 3960
1041 1045 3691 4306
1458 2335 3682 3732
1653 2506
383 780 3456 4040
499 2414 4308
1272 1399 2193
282 771 3604 3728
718 1312 1418 1656 2158 2759
1204 3805
1516 2224 2486
1144 1273 4038
51 750 857 1057 3290
204 1085 3222 3645 3946
925 1438 2179
817 1097 3571
270 2321 2345 3571
163 190 996 1739 3172
244 4227
242 2518
3125 3386 3763
2409 2844
1275 1349 2847 3753
3639 3925 4270
2642 3366 3746
2293 3485
105 2018
51 94 431
1787 3708
1422 4399
2438 2848 3619 3793 3954
2498 3906
319 1905 4154 4392
2222 2591 4248
724 2356 2832 2935
2779 2990 3850
421 581 1085 1363 2117 3603
2360 3087 4267
46 315 876
719 2664
336 547 792 2609 4012 4264 4338
203 1367 2900
47 490 1332 4291
865 1467
451 3605
146 325 468 499
5 748
73 2065
2349 2351
241 862 2006 2778
814 1398 1753 4138
874 1077 1863 2362
802 3017 3205 3619
1676 1890 2036
642 3617 4269
283 496
61 3756
569 1473
1600 2314 4143
650 1694 1932 3993 4378
1994 2118
4082 4313
3069 3417
528 691 1010 2535 4207
1634 2299 3601
4323 4351
3536 4034
93 222 534 864 2793 3849
1968 2489 2655 2856
3274 3287 4371
1859 3230
568 711 1491 4261
113 762
205 585
2209 2624
1659 1684 1703
842 1602 1722 2412 4363
270 352 356 1977
3034 3824
229 1002 3035 3920
342 1296 1598 2199 2620
414 2232 4008 4340 4352
3923 4280
2770 3094 3980
1164 3416
493 3414
1128 3813
1022 2249 4184
274 832 982
4234 4404
1514 4374
2597 4186
40 2457 3143
766 1003
534 3017
2643 3746
511 1876 1913
1378 2669 4417
714 908 1923
801 1285 1716 2634
95 2571 3043 3427 3710 3711 4013
459 3335
1065 1881 2361 4083
865 2872 4024
26 1027 1092 1714 2062 2707 3576 3859 4284
2164 2535 2833
456 2508
351 419 555 1492 2396 2624 4249
392 1817 1889
1450 3179
243 2920
253 678 4380
953 1105 3085
2532 3561 4144
2585 2753 3363
333 1203 1239
353 2985
1336 1473 4273 4302 4404
652 2989
118 1074 2637 3008 4166
72 241 1284 1827 2721 4146
173 777 1094 3424
543 711 3462
175 723 4074
1059 4413
3064 3600
804 1315 2018 2552
321 969
372 1103 1598 2199 2459 3218
1027 2309 3030 4391
699 3512 4073
249 1116 3764 3772
421 715 843 1443
1346 1526 2172 4084
929 1447 1709 3849
878 3831 4320
1798 2864 3808 4079
768 817 2069 2648 3402
886 1124 1966 2898
3090 4400
34 2177 3350 3502 4308 4380
2739 2876 3566
2302 2905 4158
1112 3249 3869
1442 4098
935 2586 2660 3440
184 618 1762 2633 2743
818 1303 3777
215 223 2329 2380 3138
3067 4389
1578 1624 2588 2866 2915 3605 3970
1285 2488 3571 3732
1325 1703 1919 2697 3203
1154 1985 4002
28 768 2001 4286
559 2590 2725
2366 2402 2609
29 2273 3140 3431 3606 4374
2122 2552 3583 4289
925 3567 3681
483 3361 3396 3505 3948 4178
1457 3764
740 3306
1209 1350 3233 3720
2395 4078
968 1078
336 635 872
592 4063
1454 1739 3029 3485
1287 3126 3683
2847 3194 3816 4307
3513 4133
1757 2819
970 3415
1373 2255 2441 4330
84 3864
97 1135
1225 2027 2868
1879 2406
1881 2978
4374 4422
1054 2920
220 358 1191 1900
481 1074 1301 1799 1849 2588 2837 3008 3891 3924
2152 2570 3033
1164 2552 3474
2354 2666 3230
407 429 2171 3313 4262
352 2266
4015 4174
371 511
238 2349
90 3683
2015 2374
2017 3539
343 3591
2206 3057 3530
1285 4089
357 815
345 2084 3126
2566 2651 2904
303 2222 3734
455 3611
3952 3962
2617 3431
177 968 2452
21 475 1755
767 1815 2601
2355 2733 3332 3995
295 1345 1864 3675
609 2948
2246 3530
1688 1922
794 2838
1415 3295
71 1040 2473 2535
2252 3640
1759 3962
1609 3617
2217 3402
416 2961 3274 3960 4107
1526 2906 4027
1756 1790 3298
615 1226 3040 3371 3608
3150 4300
703 906 1468 2748
491 637 2753 3383
421 2452
145 1348 2876 3744 4077
2701 3926 4162
1213 1478
116 211 1650
282 3998
91 2506 3547 4215
2493 3534
579 2022 2865 4334
1308 2326 3653
1861 4241
1173 2929
402 2796
496 3766
151 2048
1418 2903
1167 2409
1665 1681 2935
1001 2618
2000 2371
1471 4322
3066 4194
2177 2248
2323 2443
305 3273
136 3967
3975 4339
274 2597 3681
624 635 798
107 1014 3189 3762
293 1570 1724 4376
396 542 1361 4007
1708 2293 2806 4166
2104 2784
1041 2541 3070
1597 1632
1933 2007 2052
1224 4374
1182 1986 2731
242 3563
623 1959 3671 3952 4213
211 1992
329 366 2013
2048 2563 2758 3714
635 709
1500 1820 2763
55 645 3032
756 2359 3015 3940
104 1910 2928
2704 2936 4014
784 4298
2554 2972 3831
1558 2463
896 1337 1776
323 1080 2186 4122
1136 1730 2761 3274
742 3112 3764 4024
921 1045 2666
86 1297 1822 2136 3704
2250 2504
1252 2130
965 1024 1315
336 1826
137 2583 3359
497 1166 1483 1985
641 2115 3882
162 2074 3266
489 1379 3120
1568 1617
168 1331 3846
1334 2225
2302 3318
433 802 2197
1591 3224
1122 1385 1817
578 1028 1412 2958 3193 3836
2150 2847 3800
580 1803 3961
1046 2460 3956
231 1556 1935 4274
2960 3504 3594
2880 3454
338 1619 3183
568 2115 4231
2215 3905
921 2436
411 2875 4193
1109 1740
1303 1846
2623 3760
178 486
3001 4098
1638 2212 3347
3317 3465 3928 4264
172 922
381 1737 3708
1174 1369 1756 3784
264 2636 3925
1242 2200
474 3566
711 4374
2605 2810 3817
307 1528 3590
1930 2054
664 3218
15 2446 3703
2124 2654 2743 3226 3700
694 1058 1108 3728
618 3421 3489 3500
148 1841 3374
402 3297
1737 1863 4074
2063 2290 2578 3017 3905
272 2979
242 3116
2003 2116
215 1345 1413 3981 4180
398 685 1377 1936 2158 2294
353 1860 3785
156 3814
2091 2266 2284 4081 4364
211 1425 2251 3821 4423
1659 2393 2794
1595 4001
2833 4339
1176 3716
1203 3332 3624
434 2967
626 2747
2706 2940 3043
1736 2976 4024
931 1776
1941 2597
624 791
143 1205 1706 4104
3908 3995
2948 3720 4166
1457 1496 2110 2445 2623
116 919 1838 1925 2060 3876
149 2186
343 1768 1792 2988
346 574 3652
792 2022 2198
1225 2518 3740 4207
486 3560
1305 2834
83 994
430 620 1760
1188 2840
2382 4319
2255 3983
1394 3743
626 2151 2937
416 2157 2705
699 2942
165 1603 2266 2365 2990
297 1553
3720 3928 4133
5 3626 3778
1611 3734
1010 1201 1381 2909
465 1243 2715 3161 3316
689 3303 4081
1667 2121
1923 2690 4049 4073
585 4105 4334
3290 3547 3568
283 819 3603
809 2667
3053 4414
51 2342
823 2212 3274 3377
6 4020 4089
1288 2671
3498 3879
1025 1093 3929 3962
1017 2374
46 3423 3766 4409
159 1584 1614 4408
847 2206
3374 3725
1464 1771 2920
2873 2950
646 660 2272 3550 3846
3216 3372 3590 3668 4224
1090 1201 1549 1582 3428
3730 4239
1244 2229 2839 2915
2696 3113 3852 4359
346 1609
1128 1865 4008 4132
799 3399
786 3562
2353 3368 3474
988 1316 3166
1067 2680 4247
209 811 2924 3927 4243
1148 2442 2887
1837 2398
445 1083
1635 3610 3881
1928 2530 3824
125 2049
743 967
1482 3662
1042 3891
710 743 1101 1597 3637
904 1176 2560 4086
84 3224
144 1429 2001 2810 3985
1267 2110
152 411 1465
2394 4237
660 1073
2877 3745 3979
2424 4122
160 3282 3687
249 1838
4030 4275
2087 3353
121 252 3390
1806 2929
707 4014
3417 4129
2884 2974 3232
759 1124 3150 3700 4109
485 3526
1040 1654 3715
1820 2019 2601
27 1408 2327 3077
1070 2744
482 1521 2368 2455 3653
1179 2571
1079 2062 3685
505 1602 3653
1094 2898
309 955
55 326 1516 1621 2433
975 3381
2979 4087
630 1583 2612
974 1016 1429 2703 2809
172 3232
4 417 2306 3870
1011 1678 2194 3411
936 2186 4074
636 1015 1432
2331 4169 4188
207 2897 2979
877 1045 2102 3665 4224
1155 1739
4089 4261
1319 1567
3138 3532
1271 1654 2469
83 2028 3956 4306
672 1023
686 1925
2133 3248 3696
1669 2451 3373
431 487 4363
1633 4235
775 1867 2143
1195 2790
318 1036 3210
920 3084
64 1258 2925 3718 3869
1465 1791
3198 3399 3718
840 1570 3379
1250 2365 4093
2149 3953
1386 2602
1916 1923 3061
180 1689 2615 3177 3571
1922 2833 3058 3507
823 837 1811 2519 2879 3045 4201
1381 1450
273 966 1344 3177
3331 3588
1966 4086
358 4137
1475 3884
1139 2804 2996 3837
1065 1978
2615 3545
61 1963 2210
2179 3040
2607 2796
3435 3444
910 2133
13 1756 2538
133 1266 2063 3520
623 2289 4060
1077 2233
1957 2271
1081 1662 1970
426 642 1663 3221
663 2326 2839 3416
340 398
1156 1547
702 1299 3246 3497
321 793 3891
2808 4313
196 657 2729
245 1602 1832
1681 2208 2299 3194
9 1019 1933 2382 3474 4115
45 798 1090 2647 2660 4303
808 1222 1979 4200 4203
1099 1573 3301
303 1398
408 949 1584 2005
867 2284
307 3711
284 2159
1049 1309 2573 4407
1659 2356
1708 1870
1566 3833 3849 4064
963 2083 3675
156 1298
1674 2673
1743 2345 3230 4387
1953 2959 3353
1743 2693 2696
2231 3481
57 2819
482 1756 2158 2717 2732 3118
2681 3032
1286 1563 3188
2841 2874 3094
1358 1918 4378
114 245
817 842 2119 3339
119 1321
975 3976
304 1185 4386
1750 2782
543 1319 3788
615 2394
200 672 3298
808 3205
603 1359 1989 2433
189 760 1832 2581 3286
499 511 1383 3225 3890
19 1630 2949
253 4215
574 1085 1292 2399
14 1880 2305
1790 3773 4006
214 354 2653
1299 3061 4111 4292
415 2927
30 449 2819
501 568 1330
3654 4112
1045 1592
899 2001 2296 3157
3698 4257
196 3792
2792 3591
1002 3787
11 1788 2863
351 1514 2725 2972
2569 2713
1555 2987 4049 4069
738 1372 2439
2780 3006 3860
2042 2566
3200 4174
83 2467 2569 2628
159 982 1937
1877 3180 3487
813 3587
1245 2204
468 724 1698
1119 1853 1893
977 1389 4322
70 466 1052 2634 2681
54 848 1929 2725
212 4009
1204 1788
58 1987 3762 4394
1023 1049 1677 3820
992 4044
2838 2848
4256 4320
590 1110 3223 3438 3736
3407 3948
297 740 953 1249
2958 3188
512 1478
2802 3284 3805
542 937 1012 1143 4194 4390
403 1210
316 673 858 1933 4015
1917 2726
437 4263 4404
300 1961 2041 3218 4279
1185 1192
367 2670
364 433 4129
336 630 961 1496 1814 1904 3088 4173
3140 3451 4200
1885 2385
10 2856 3327
376 406 691 3281
844 2370 3736
2820 2941 4095
261 2076 3675
1596 2704
822 1275 1872 3662
822 4294
23 976
216 653 3301
473 1436
3382 3948 4278
2306 2905 3260 3714
2481 2654
1788 2381 4243
565 707 2196
1010 3211
2683 3205 3241 3351 4317
811 2930
6 771 2236 2949 3081
673 1634
1274 2153 2326 3100 3515 4054
3615 3842
2093 3022
2306 3302 3557 4405
1071 1090 3253
617 2833
371 630 1465
179 217 844 3737 3866
470 1059 2778 2906
659 3580
2130 2784 2807 4374
335 1027 2726
1680 2693 3927
199 1330 1520 2577
220 1507 2419 3359
1173 4318
77 3748
363 2098 2461 2944 4042
2295 3485 4286
404 2739
218 757 1277 1643 3003
301 1591
487 3521
2623 3070
148 3921
411 519 1269 1778
474 1160 1921 2161 2314 4012 4343
2012 3352 3973
952 1793 2064 2284 2802
2359 2531 3271
1250 4054
663 1338 4367
3787 3837 4065
237 2992 3163
2088 2971 3621 3880
2438 2686
1780 2191
1377 3308 3425
2019 2987
1631 1849
623 1540 2117
1015 2393 4325
338 360
660 1659
1926 2849 3301 4095 4316
33 490 1767 4010
1897 1980 2209
1895 2739 3025 3226
2010 2852 4211
399 905 1366 2169 4055
227 292 2632 4197
2926 4163
2397 3898 3948
1138 2372 2641 2768 2879
1114 1446 3593 4320
1038 1949 2407 4020
535 1224 1989 4064 4305
1883 2865 3546
628 796 3302
536 2685 4191
102 473 1113 1897 3227
1416 2173 2289 3436 3733
1162 1903
871 2313
485 4206
3905 4135
1628 3252
3237 4163
1093 2640
3359 4041
3595 4016
856 2863 3980
1540 4354
535 745
1280 2004 2480 3104 3771
889 1294 1555 3114
453 620 2824 3166 3505
25 3118
284 2535 3736
343 578 2842
1787 2756
115 1517 3731
2147 3853
1201 3816
2309 4236
2251 2636 2885
1527 1567
3967 4091
289 2392
346 1745 2266
877 3526
819 2910 4324
2858 2993 3165
449 1037
2145 3555
11 2300 3118
199 3468 3705
771 1143 3416 3957 4374
3216 3494
1240 3132 3656 4065 4124
2024 3188 4418
103 1892 3322 3463
30 3971
903 1243 4262
2458 3224
1099 2263 3633
2721 2747 4180
55 656 2465 4349
814 1144 1718 3981
1748 2663 3385
1574 3355
768 1503 1923 2230 2454 3407
2125 2168
340 1135 3532 3743 3753
459 1317 2260 2478
589 1495 1775 3658
3158 4410
1873 2023
267 492 560 922 2098 2574 3464
2330 2858 3837
442 1085 1201
463 859 1166 3423
476 858 1041 2054 3856
899 4309
1198 2641
2070 4039
1734 3735 4093
10 3476
718 1242 1284 3793
120 2638 4097
936 1342
58 96 605 1726 2949 3114
3118 3817
2128 3561
2184 3058 4400
1947 2262 2953 2986 3773
992 1162 4333
1627 2294 2578
392 417 929 3700
2244 3615
1813 2110 4020
245 893 1649
461 738 2251 2507
1311 1613
831 987 4042
2117 2433
2417 3763
1284 2539 2662
1027 2642
381 1450 1859 3750
234 925 3147
2695 3011
1904 4072
380 821 919
1270 3058 3083 4067
508 541 3384
349 3903
191 2371
2833 2873
1518 2371 4019
849 1312 2087 2463 4116
731 4362
1542 4087
3536 3793
1702 3476
1568 4137
3235 3367 3918
388 3931
3049 3545 4234
2992 3332 3403
1602 3294
1124 1135 1575 2232 3279 3326
304 772 1617
278 3262 3668
239 1481
107 1051 2290 4331
122 556 694
740 741 1738 2483
653 2999 3014
3521 3548 3668
141 3969
442 1738
374 3550
999 1503 1951 2558 4418
262 394
26 989 1079 2904
371 794
155 1573 2358 2945
1527 3192
110 1063 3379 3553
96 1078 2871 3616
1413 1862 2455 4212
1381 3864
9 3135 4412
945 2392 4422
2645 3854
1653 1982
3689 4174
233 4037
1945 1948 2620 3705 4054 4401
1769 3546
2432 3787
1269 1986 2263 2708
3265 3276
1957 3233
319 564 2533
158 460 1629 3055 3887
725 1185 3912 4220
251 3231 3718
813 3494
1764 2955
1544 1973 2005 2859
557 4385
66 3869 3892
1473 3115
1001 2316 3794 4219
39 2039
1476 3786
277 2197
963 1568 3532 3587 4246
731 891 2154 3438 3570
1020 3409 3510
3300 3968
38 750 3107 4171
2457 3007 3456
1036 3399 3809
1958 1969 3477
3185 3318 3338 3638
1565 4072
786 2166 3589
735 3617 4182
154 252
1248 4005
808 1715 4310 4422
262 505 2292 3043
420 1684
631 1467
1504 1790 1835 3002
671 2005 3424
148 325 724 1218 2317 3655
1544 3068
1543 2405 3037 3110
4340 4346
732 1900
583 2294 3040
35 3789 3949 4000 4118 4316 4338
1719 1894 3959
158 424 780 2257
184 820 2483 3637
747 1008
1108 2954 3789 4121
383 671 1297 2565
1757 4318
771 1697 2040
186 4251
805 3299
1583 1676
536 2007 2074 3745 3970
229 858
982 2740 4180
1718 4055
139 354 483 1341 2357 2656 3110
845 1300 4394
3165 3408
1631 3515
641 1660
1413 2300 2394 2758 2850 3232 3841
2640 3139 4146
1359 2664
1477 2355 2785 4384
955 1180
2582 3521
411 1861 3098
1006 3817 4144 4222
1077 4087
1294 1985 2392 3105
381 1448 3881
1198 2930
859 1478 1780
965 2921 4233
224 3688
1462 2324 2933 4353
21 322 3272
554 3243
281 2716 3191 3400 3740
775 3553 4306
554 796
2299 2414 2556 2923
454 764 801
2120 4367
3147 3315
800 1052 3372 3501
1383 1675 3499
271 1626 2605 3287
378 2994 3289 3723
447 3018 4295 4322
537 1379 2359 3762 3809
252 303 2672 4268
3375 3813
149 1417 2283 4185
704 923 1737
147 786 3155 3646
3101 3661
423 3258 4216
542 1544 3680
1002 2384 2944
135 809
870 2683
3096 3484
787 1707 2143 4398
892 1393
2233 2917 3767 4332
1605 1635 2031 3568 3987
1947 2773 2908
1277 3801 4401
1338 2370 2720 4379
742 1916 1966 4138 4402
1214 2898
1441 1488 3608
3634 3838 4105
169 431
605 1567 2366 3698
1684 4022
1922 2426 3388 3614 4002
140 3978 4205
1069 1436 1868 1874 2460 2880
2087 2370 3690
3413 3844
1587 2486
1098 3425
849 2291 3141 4127
27 2224 2792
1038 1687 1991 3325
1565 1571 2743 2781
1204 1935 4380
1090 3367
414 2736
857 1997 2560
2030 2037
2589 3019 3824
606 1337 4172 4250
240 1542 2049 2164 3787 4122
1578 2478 2491
556 2720
443 3945
815 875 1400 3506 4372
110 4367
4213 4273
1131 2824
1787 2668 3572 3583 4244
647 3561
3545 4093
2010 3397
1554 1782 2673
42 1803 2986 3814
143 233 3457
2537 4304
72 376 3863
83 2124 2607
599 1327 1842 2267 4288
691 733
763 3828
791 1048 1963 3168
150 986 2808
1015 1473
2437 2949
136 3931
1726 1762
678 2135
73 885 1186 1291 3640
548 2537
1001 1675
2990 3335
941 2362
2332 3018
2865 3782
644 1048
582 3130
211 738 2334 3446 3487
1 3230
974 3047 3102 4262
266 2845 3142 3224 3837
224 670 1281 3517
1810 4060
1316 1727 4192
45 2430
901 2056
55 2259 2580
2223 2532 2764 2955
864 934 1725
195 1670
1813 3145 4060
278 654 2192 2267 3615
8 2100
904 1365 3497
882 1849 2000
2269 4235 4421
573 3290 3614 3975
1331 1432 2132 2460 3603
464 1183 1305
3581 4331
177 1269
2682 2821 3741
2904 3756
1467 2354 2503
1203 3867
918 2813
2397 2909 3072
207 1408
1433 1573 1585 3804
1794 2756
1031 1792 2969
321 778 1166 1381
2232 2925 3141 4002
852 4148 4216
703 3977 4022 4157
261 352 3879
2743 3573
2241 3972
1961 4260
137 659 874 3382
739 880
359 1323 3270
1141 1715 1811 3306
482 618 887 1743 1960 2085 2691
1629 1789
1875 1955 4060
384 1087 1183 2144 2151
2358 2781 3360 3881
287 1519 2183 3632 4280
985 3895
829 4415
551 2416 2919
808 2083
460 912 2435 3548 4074
26 1862 2019 2555
84 1423
3782 4313
886 1793
2658 3366
903 1789 2268
1836 2563 3337
554 865 1476
108 1703 4412
653 2639 3313 3553
1127 2031 2255 2609 3792 4064
1918 2025
456 2944 4137
209 602 2020
573 1414 3007
901 1350 3605
1558 3067 3131
461 1523 2105 3423 3834
414 972 3177 3290
2732 2977
305 2937 3089 4016
421 1587 3029
710 2087
670 2066
1335 2702 3396 3706
2126 2552
483 592 3713 4083
882 1060 3082
2068 3798
219 1571 2246 4029
1575 2486 3860
426 488 1291
158 242
1107 2014 2580 4001
2584 3991
470 1292 2786 3689
1 1846 2773
1519 3032 3203
2392 2811
651 2151
2484 3185
326 1924
666 1716
946 1642 3362 3981
175 1503 2970
70 3184 3340
142 2524 3379 4350
2690 3303
1171 1337
1380 4097
63 2443 2803 4008
2453 2529 2654 3005 3010 3051 3605
2919 3471
3140 3282 3319
1455 1529 1638 3460
851 1979
289 423
349 1927
2 1257 3187 3837 3849 4127
2115 2544 2717 2842
910 1943
1143 3191 3224
788 2486 2778 4296
58 914 2496
765 1280
200 432 1253 1913
1315 1545 1687 3740
1437 1848 3394
1074 2620 3066
1048 2183 2994 3441
574 2877
771 1285 1429 2911 3641 3739
373 1077 4010
1187 2696
584 960 1055
215 1599 1608
454 3445
867 2433 3381
1850 3853
1050 3669
2022 2189 2465
1428 1715 1922 3034 4335
1119 3037 3225
1531 2647 3101 4071
228 1090 2157 2879
1297 3894
13 16 2673
2814 2975
378 973 3344 3700
257 1762
335 1550
2963 3830 3983
994 1455 4248
741 1521 2226
166 1227 1474 1631 2062 2101 4220
617 2306 2338
906 2289 2758
1051 1201 1935 4122 4358
42 4066
1062 1791
2214 3736
1455 2073
1365 2199 3068
918 1712 3327 3936
34 241 3441 3861
454 3677
323 325
2005 2188 4375
1398 2684
952 1617 1711 2390
955 4237
122 1152
587 1978 2682
906 933 2028
181 2057 3203 3250
353 2386 3259
1556 4055
667 862
788 794 1316 2333 2572 2698 2998
1852 4145
3077 3561
1025 2228 2562
3710 4204
1036 2057 2947 3481
130 389 1474 3175
1163 2588
435 2348 2477 3261
2821 3030
1609 3617
1183 2409
1674 2006 3539 3904
1235 2695
1344 2630 4030
2528 2734 3214
1763 2134 2894 4411
467 2303 2418 2906 3237
465 1725 2411
2194 2794 2873
137 3112 3939
2780 3024 3956
3933 4226
2661 2854 3993
2101 2245 4137
1398 3224 3647
735 1648 2278
1407 1414 1554 4217
2659 2670
1144 2515
619 2171 3303
3934 4002
1773 4051
842 2186 2888
1401 2017 2492
1587 2947
95 723 4109
19 4008
1865 4058
9 902 1704 2269 2439 3313 3747
1137 2537 3359
1506 2576 4195
719 1444
1383 3802
759 1588 3688
3009 3219
4 1651 2059 2344
369 1584 1866 2528
622 2269
1488 4222
506 923 1137
598 3882 4054
301 324 599 2555 2850 3340 3460
261 1727 2753
1327 1678 2128
526 916 2081 2221 2533 3810
2519 3300 3746
2360 3127
540 638
2030 2654 3617
1015 1058 1426 3744
1380 2614
645 1709
267 446 3366
95 1688 1707 3218 4112
2758 3024 3502 3946
1065 1382 1439 2084 3384
174 697
547 1460
590 1933 3045 3450 3455
898 2624
1488 2082 2936 3558
98 1204 2297
2334 4305
819 3077 3746
438 2875 4332
168 230 3418
2751 4271
567 1075 1871 3804
1497 3307 4049
114 1181 1252 3221
2535 2971 3248
124 1867
42 119 813
999 1451 1464 1476 1481 2837
1397 1524 1853 2548
3783 4143
1959 3118
608 676 2955
815 1596 2323
2502 4065
2557 3085
1301 2836
3166 4222
368 935
898 2418
1495 1662 4303
2017 3294
443 1742
104 570 1578 1696
1511 3378 4109
953 1334
130 1161 4253
1728 1897 1948
699 2960
3264 3803
1175 2386 2992 3237 3263 3423 3599
114 2495 2942
3007 3580 4062
2116 2400 3207 3327
335 745 1884 4260
410 454 3582 3637
2316 2336 2767
1329 1798 2505 4086 4207
31 175 3755
1203 2521 3781
2931 3302 4399
624 3519
2419 3920
223 494 744
1971 2037 3592
1558 2135
931 1330 3686
2538 4179
767 783
2696 3114 4251
206 635 1646 2401
343 1426 2956
1267 3579 4174
1205 3299
769 1303 4384
1722 2391
2446 4337
2288 2413 2803
2180 3428
517 1563 1702 2367
215 1883 1968
2380 2729 3772
3465 3935
718 2688 2889 3557 3730 4173
1539 2129
2495 3516 3881 4357
269 497
1964 4181
1244 3369
651 817 1238 3036 3649
3580 3674
2263 2814
1707 2976 3326
3144 3220
1037 1092 1375
275 718 1188
875 1543 2999
1239 2019
95 1317 2037 2178
1197 1297 1717 2161
149 1227 1762 4267
2765 3100
1174 1720 2940
224 1304 2648 2829 3716 4301
2914 3317 3387
1585 1970
739 2110 3247
569 2119 3376
2881 3594
1775 3593 3744 3828
815 4213 4346
140 254 2841 4296
958 3938
2733 3726
2114 2319 4005
349 528 1216 2691 4387
1660 4198
2194 3087
1457 3267
558 3053
1408 1503 2888 4083
1818 1918
155 705
2753 3589
1380 2131 2496
2092 2790 4087 4134
1164 1578 1859 2854
1688 1689 3223
2032 4397
1753 2474 2486 3701
389 2373 3694 3967
857 2144
567 1297
1819 3492
126 3883 4160
707 3156 4340
580 1658
581 1337 2898 3029 3388 3463
1245 4404
676 3566
1600 3289
1588 2056 2930 3162 3357
165 648 2488 3658
1238 2263 2499 2502 4064 4333
1787 2587
1239 1591 2532
1316 3501 3512 4097
2141 4236
3726 4352
2556 4360
538 1097 1806 2403 2419 3691
3375 3444
818 1859 2169 2764 3280
493 1821 2928 3213 4005
798 3213 4343
2259 3784
2200 3758
3315 3347 3825
518 1279 2569 4158
249 3798
362 2527 2540 3181
676 1213 2452 3753
90 1587 3738
984 1108 2182 3472
1743 2105 3203 4045
1295 1750
1458 1952
620 1792 2042 2338 3264
1945 2675 2928
1318 3448 3476 3745 4247
48 233 513 2839 3028
2709 4208
43 3252 3448 3677
1803 3117 3126
1000 1968 3590
1564 2537 4248
755 1421 1943 1961
284 1696 3944
314 965 1119 2746 3163 3232
477 1456 1555 3402
2046 3575
1113 3617
127 536 3784 3951
1830 4302
1748 2541 2570 2784 3317
1588 3525
48 4346
378 1697 2391 2398
223 2325 2804
2248 3272
185 193 1381 3543 4017 4047 4107
28 162 1537 2050 2228 2707
691 3720
441 1245 2395 3195
2089 2713
972 1877
2169 2648 3572 4392
283 1881 3238
1849 2853 3253
581 3138 3412
1870 3907
139 562 3421 3889
719 2372 3182
992 3824 4311 4393
2375 2457
2640 2838
688 731 1437
61 490 957
1042 2098 2683 3869
1585 2304
3229 3311
167 1547 3534
2903 3005 4264
281 1146 2367
220 1888
1991 3591
1529 4044
300 2923 3967
910 1342 1634 2132 3754
1259 2532 4362
9 1631 2992 3061 3113
1707 2105 3329
1493 2794 2927 3948
1298 1722
1385 1869
2704 3144
257 3857
435 3060
1132 1723
2015 3439
438 1252 3151 3875
351 2032 2510
1893 2809 3860
3936 4245
312 3779
994 1260 1658 1837
726 1492 3513 3818 4371
637 1686 2937 3009 3402 3544 3598
40 3743 3841 3913
297 2781 3772 3904 4365
159 2177 2629
342 3812 3993
2958 3334
123 1206 1728
1415 1448 2223
321 3105 3703
2140 2474 3026
146 765 2938 4268
744 1195 1940
1599 2445 2477 4138
315 840
2773 4006 4333
975 1260 1951 2504 3353 4360
1202 3419
417 3988 4189
1148 3471
243 271 940 1131 1282 1901 2682
1114 3625
1313 3364 3953
1036 3387 3568
290 4129 4279 4377
281 1091 3812 4225
2535 4221
1427 2738
1588 2763
1099 1929 2688
515 2466 3019
2344 2764 3071 4293
3831 3943
2858 4070
472 2968 4147
1205 1895
641 3707 4425
499 2114 4020 4118
347 1427
98 1781
1294 1303 2272 2542 3286
1451 2293
2193 3434 4159
1178 1716
2063 3518
312 1070 2511 2976
362 1823 2332
2262 3883
1809 3269
320 1217 1688
1119 1965 3071 3696
2134 4103
544 701 1738
1660 2020 2136 3793
1268 1300 1392 2143 2290 3803
2095 2583
1425 4041
1819 2634
617 2147 2804
1598 3291
410 3768
603 2342
966 2056 3678
1570 2495 2899
665 2522 3711 4414
697 2662 4124
901 3511 3690
1031 1977
2753 3017
1464 2291 2344
162 4112
922 1020 1175 2342 4305
1259 2105 2551
1631 1852 3757 4053
1518 4097 4194
860 2005
972 2002
1819 3748
98 1596
692 2481
444 984 1063 2693 2817
684 1417 4316
647 1909 2565 3521
313 702 1569
934 2338
724 1129 1805 1893
2404 2883 4099
1150 1396 4082
2776 3404
3758 4218
560 2281 2954 3575
492 609 2788 2975 3788 3878
892 1560 2228 3182 3387 3517
188 369 880 921 4219
396 3141
3325 3350 3402
3199 3732
1907 2628 2888
1890 3223
25 955
123 367 1632 3637
234 578 3340 3704
723 1147
1729 1957 2243 2915
1201 1657
2765 3970
370 1514
3208 3217
3271 3594
997 2297
570 2050 2328 4042
1207 2317 4394
456 1339
66 706 3766
1736 1859
3862 4035
2206 4383
66 341 1373 3082 3360
3909 4250
1219 2900
717 1871 2046
3302 3757
850 1513 2568
957 1211 1431 2918 3555
855 1266
151 2031 2039
103 743 2062 3170 3225
118 3681
2416 2459
707 1601 2699
900 3214
73 77
2016 2589 4198
238 493 1049
1071 3267 3804
2255 2751 3085 4258
928 3151
2538 3664
866 902 2982
30 3033 3125 3170 3260
554 982
2120 4073
435 739 1499 2827
1079 2937 3585
672 835 2392 4104
687 1887 2627 2868 3064 4202
2324 2785 4075
2964 4144
212 1120 3041
2013 3468
1880 3550
1359 2807
546 636
190 910 2327
3445 3807 3992
744 2335 3179 4045
122 1126
472 790 2890 3415 4097 4180
1383 1540 1901 2317
2329 3816
62 65 1696 2660 3454
2450 2724 4160
327 2393 3321
544 1641 2675
417 1004 1575
597 2537 3015
2148 4150
708 1765
220 3227
1857 4131 4250
891 1980
1538 2102 2679
3039 3420 4195
747 2300 2573
703 726 932 3365 3964
1342 2858
1809 2472 2804
1425 1860
672 1770 3175
613 1986 3717 3866
1843 4373
2908 4206
348 481 3094 3778
1147 4331
520 4327
2691 4326
1188 2489
1736 2555
84 1753 2115 3454
578 960 1635 3694 3730
1263 4140
2252 2595
1546 2605
254 2337
451 2796 4107 4352
120 1029 1891 2493 3073 3301
154 198 1847 3559 4163
2963 3939
2509 3511 4312
1653 2746 3105 4385
2674 3726 4258
2075 2327 3882
1383 2117 2750
232 559 921 1711 2540
3733 4344
44 1183 1354 3257
197 263 1284 2645
701 2049 2206
480 2113 2877
622 1692 2814 3471
612 3593
1864 2453 2669 3672
501 2834
910 1960 3896
455 821 2062 3088
1343 1678 2938
154 970
1108 2300 3134 4178
2896 3611
533 959 3247 4261
2609 3649
1321 2886
306 2532
1810 3746 3866
2279 2614
2183 2316 2881 3328 4334
2130 2188
707 3807
481 2715
522 670 1084
1257 2340
1291 1989 3718
1603 2379 3133 3592 4149
392 827
2649 3168 3497
3340 4358
2919 3699 3739 3764
215 434 752 1213 1237
847 3689
285 771 1260 2498
451 1099 2453 2888
1371 2867
322 1914
148 2296
887 2085 3778
1867 2790 3559
241 3791
1651 2098 2239 2399
268 1371 1726
517 2565 4143
1993 3968
1617 4069
44 1867 3409
1775 2982 3698
1565 4286
1932 1935 3534
266 892 1647
424 1292 3573
123 136 1486
2428 3312 3914
3937 4096
1716 2395 2554 4148
2907 3883 4269
66 1285 2280 3546 4400
760 2877
699 1527 3202 3263 4121
525 2740 2841
111 1886
2478 3259
257 1042
1172 2102
709 1200 4290
1673 1921 3477 4415
536 1308
835 1350
1747 2181 2698
917 1269 2314 4412
1826 2090 3492 3510
1043 2654
102 552 2917 4376
1696 1820 1860 2322 2991 3148 4257
429 3221
1278 1560 3533
2982 3239 4125 4261
512 1885
1147 3063
51 1284
159 2013 2527 4332
814 953 2144 2761
196 939 3850
2478 2661 3233 3789
1769 2394 3706
619 1435 2476
292 412 1517 4203
2269 2434 3230 3712
713 923 3702
1773 2246
2218 2262
1936 2040 2490 2904 4203
966 1430 4211
70 451 1655
416 2990 3394
526 3303
1980 4321
1343 1573 2178 2258 3483 4301
2018 3111
1901 3945
404 778 4343
1109 2248 2848 3097 4283
884 893
1390 1867 2474
331 999 1863 3009 3103 4267
1206 1982 2065 3469
453 4083 4392
2769 3998
451 1149 4367
269 2316
412 3625
205 613 836 3026
1684 2767 4149
2811 3839
1352 1939 2103 2466
1283 2351 3699
70 864
456 1321 2469 2519
208 1845 3914 4193
203 297
1570 3652
1757 4415
1296 1636 2653 3565
86 1053 1787 1848
30 244 3525 3949
1389 2968
222 499 1173 2746
282 3544
863 1675 2054
808 2043 3511
1643 3387
1011 2587 3090
589 2329 3569
49 299
576 1820 3595 4124
727 3065
1055 1423 2573 3558 3807
1046 2359
1151 1896 2398 2486 2916 3726
1350 1448 2314 2933
2917 3325 4023
913 2536 3780
164 1745
1403 1796
396 2565 3275
1256 1758 3995 4190
1430 2097 3130
1458 2968 4406
284 2669 3384
443 1449
2345 4392
605 1989 2962 3228 3287
123 2375 4416
1007 1758 2824 3076 3634 4420
805 1072 2577 3436
1409 2476 4148
713 1485 3265
1364 3517
761 927 950 2760 3215
74 1821 2117 3547 4028
400 3669
162 3102 3458
307 438 2311
833 949 2979 3106 3567 3889
121 872 1728 2892
918 1522
1293 2594 4288
98 2257 3168 3337
281 2852
1254 2324
614 1519 1771 3221 4043
1445 2173 3326
3814 4407
1785 2640
30 4217
2341 3617 3844
845 1929 1934 2934
49 283 1016 1131 2858
2848 4088
198 464 4115
1307 2085 2336 3023 4325
1525 2295 3028 3356 3594 4396
1745 2387
566 1256
587 1583 4299
2223 2284 3179 3214 3717
431 1713 2050 3729
1501 2742
1994 2875
243 2562
1115 1227 4092
899 1773 2536 3923
1408 1652 2231
374 683 3541 3836
798 1791 1926 2825
345 1994 3639 4114
2156 3554
2365 2754
3485 3657
617 2779
110 1408
186 927 1145
930 1810
1267 4089 4107
1391 2925
2 1158 1483 1858
107 495 1227 1609 3312 4205
888 1093 1575 3142 3734
67 2715
606 1826 2336 3740
55 394
1634 3958
837 855 1375 1412 1583
3083 3176
1262 3140
343 2347
1044 1298
180 859 2321 4175
2530 2832 3834
275 596
864 903 1815 2875 4057
663 1089 1390 2165 2895
455 3269
1783 2517 2862
1433 3520
1895 3979
3307 4116
1994 3029
2385 4231 4371
121 4237
1240 1495 2496 3950
3593 3633
172 1387
1753 2311 3327
2235 3799
2981 3010
679 1390 2864
2369 2874 3863
1983 2358 2496
587 1874
193 1518 3192
66 1619 2556 3126
1650 3744 4396
2720 3213
3725 3738
762 3344
3445 4202
3006 3046
422 1162 1241 3547 3678
1349 1365 3486
23 1515 2459 3838 4370
2147 4135
496 3733
1533 2838 3572
459 2514 2633
3513 4233
171 3893
1003 1403 2419 3452
829 4111 4222
134 3313 4149
1538 2158
2303 2708
2175 2292 3457
433 548 2650 3182
3912 4152
400 1220 4211
2460 2747 3177 4405
487 1996 2355 3519
479 1135
1932 3796
1046 1090 3033
1292 1325 2423 2775 2837
1006 1135
628 2763 4303
741 1203 1378 3400 3756 4310
542 551
3649 4103
2200 2484 3594 3616
527 2152 4088
118 569
810 2303 2917
2114 3119
2983 4094
218 878
504 1092 1617 2296 2329 4338
1145 2770
1258 1371 2922
459 1257 1719
3109 3213 3225 3381 3515
1318 2619 4222
137 823 855 2989
296 520
270 347 763 1022 1162 1505
1122 1514 2909 3202
2000 2269 3115
2968 3391 4369
56 3967
308 3253 3662 4346 4399
3152 3794
1247 3196 4114
503 1148 1871 3814
823 2416 4201
131 1505 2203 3242 3326 3332 4194
644 2948 3814
193 539 1431 1554 2634 3238 3950
61 77 117 1946 4213
1097 1901 2001
1304 1315 1667 2837 3767
3954 4086
522 2301 2431 2697
34 427
1156 1450 3604
822 3604
2495 4181
2455 2529 3704 4201
712 3976 4281
1044 1119 3459 3735
731 1461
579 1362 3182
249 1211
65 2132
800 1607 1634 3041
2441 3317 3558 4326
1809 3361
63 1993 3757 4009 4152
2433 4287
914 1632 3882
1626 2296 3545 4364
1795 2876
1373 2180 4392
649 836 1129
1267 2077 3167
691 888 3078
510 798 1718
1306 1890 3740
1133 1147
1034 2171 2830 3345
1003 1410
99 931 4373
197 232
33 236 513 2458 2935
533 1208
161 1424 3651 3865
291 2762
294 3647
560 1134 1655 1920 4379
1652 4115
89 1706 1731 2011
700 1304 3402 3677
1701 1922
1006 1045 1885
1373 1960
1070 4118
1305 1979
2393 3226 3247
2271 2539
241 512 2945
137 820
398 2056 2380
198 403 3094
605 2156 2309 4193
2145 3285
423 1028 1897 2776 3558
1345 4093
331 358 1724 2056 3185
667 1579 3883
569 1088
520 1146 3255
1602 2179 4378
830 1898
2835 2963 3579 3858
1042 1409 2159 3707 3970
2496 3263 3278 3562
359 596 1518 1916
405 747 774 2678 2938
248 1260 1568 1769 2588
389 1027 3419
2695 3625
527 1970 2367 2713
403 3108 3357 3776 3954
188 810 3342 4168 4291
2872 4252
1081 1589 1697 3063
2111 3378 4041
694 1194 3225
2234 2532
2333 2612
287 3287 3705
1272 3072 3492 4249
399 483 3745
31 501 4294
50 4277
1279 2847
353 1427
2714 3073 3507
1867 2322
1032 3094
2732 4254
839 1226 2664
1143 1326 3675
2436 4387
2955 3081 3356
635 1081 2256
514 3173
732 1038 3795
46 3887 4042
836 1418 3787
430 3991
3802 4293
561 1375 1548
2003 3207 3410 3756 4302
1112 2864 3053 3319 3972
1332 3586
449 1502 1611 2303
249 1446
487 3202
2776 3944
137 629 2615 3108 3136
831 3604
1033 3932 4217
2326 3575
2420 3183 3612
855 1521 1998 2803 3743
1412 2263 2581
424 1531 2583
56 2029
245 1732
150 349 1237 3448
2893 3016 4188
36 2928 3706 3807 3989
1919 2335 2533 3446
10 1441
2103 2343 2636 2739
295 355 911 2122 2505 3392
510 963 4070
1949 3865
1507 2329 3366
1579 2157 3204 3690 3772 4040
750 1160 1608 2630
77 432 1148 1408 1409 2831 2928 3139
194 2557 4363
664 1829 3344 3885
2404 3300
1482 3298
97 3969 4097
925 3270 3271
1777 4183 4343
1740 2459 4249
2235 2645 2757 4149
734 902 3397 4264
110 2214 4089
1210 2886 3128
349 2279 3834
1096 2116 4404
253 1188 2471 4340
2387 3059
2900 3055 3302
3422 3829
1747 3459 3558
344 513 1321 2204 3802
1706 2715
1101 1579 3150
923 1693
61 338 709 1600 2395
1434 1650 2155 3081 3276 3417 3433
2104 3002
1194 1330 2859
573 4040
646 1746 2028 2751
2366 2828
2670 3173 3992 4090
147 1573 1959 4387
2045 2497
621 3731
591 1224 2528 3980
1371 2269
1596 3235 3493 3741
98 940 1496 1745 2074 3559 3883
512 3692
691 4119
2435 3164
1486 2268 3619 4020
659 3771
1050 1650 2855
1023 3980
95 2782
1 2751
799 2803 3487 4102
144 349 1020 2925
3031 4139
118 4187
102 109
2162 3070
561 2493 3816
1007 1130 1545 1993 2942
2054 3363 3885 4076
1979 3378
229 1112
1724 3273 3644 4156
403 3940
910 1814
1687 3344
1280 2970 3238
1695 2193 3690
3282 4370
1058 2404
849 1871 3109
2411 3033
536 1597
3100 4009
912 929 2314 3486 3696 4330
1664 4216
556 3611
1129 1722 2094
1079 1345 1697
2013 3397
228 745 1569
2209 4011
537 833 2565
1022 3171 3778
986 2286
1810 4279
427 3824 3975
113 1149 1232
1874 2850 3410 3870
2581 3216
224 466 1803 2258 3158 3437
872 1125 4139
1649 2098
437 1062 1312 3595 3689
2428 3287 3444
637 1038 3747
1163 3210 4127
1062 2869 3260 3782
16 586 1036 1768
1439 2372 2856 4230
1540 3116 4169
1476 3067
2533 3811 4005
1381 2425 4297
403 656 1174 1989
1166 2519 4424
1940 2062 2177
123 1012 4191
1370 4134 4206
1102 3554
743 1926 2447
2180 2886 3194
2727 3545
1620 2254
2009 2772
600 3461
2000 3429
825 2193 3845
786 1034 2189 3891 4365
3390 3968
1996 3340 3605
400 1409 3153
402 560
1127 2834 3567
1545 2219 2393
94 767 1012 3071 3769
171 3980
1134 2199 3287
1783 2115
2320 4108 4224
466 2770 3159
551 2924 3145 4212
747 2649
1078 1167 2443 2467 2960 3502
399 604 804
3228 3572 3600 4241
2416 3105
1134 3411
3398 3684 4075
456 578 2666 2963 3705
154 2014 2028 3008
1582 2335
411 1107 2540
130 182 413 3876 4204
2551 4005 4047
2354 2675 3946
2770 4134
284 4308 4376
834 1281 1563
691 1821 2386 3021 3214 3932
2003 2289
1340 2781 2805
1199 2320 3024
1490 1797 2835
629 3567
2287 4071
1119 3914
1225 3569 4422
850 2813
2183 3572 4383
1083 2102 2612 2953 3494 3808 3970
1875 4300
462 2885
1329 2338 4216
1527 2801
466 609 3920
2772 2968
1349 2157 3102 3293 4367
501 940 3160 4201
213 3259
1378 2565 2850
503 3191
2421 4138
149 206 3373 3761 4287
2083 3504 4130
703 2704 3094 4319
584 3507 3907 4115
454 2393
724 1055 2382
1722 4406
3066 3130 4343 4384
259 3179
172 3474 3858
535 2694
1301 3706
889 3769
150 1750 3120
969 1136
321 1228 2557
282 4415
69 767
3510 3995 4101
222 2063
713 3087 3120
1984 2253 3074
635 2836 2969 3063
3661 3929
176 443 966 1043
33 3426 4264
535 1423
1966 2087
1347 1747 3804
1414 1998 3436 3712
196 513 2333 3772 3809
393 646 1667 2027 3527
244 2663 2824 3216
102 3258 4369
462 525 3162
1390 1915 3312 3480 3551
750 3617
1993 3158 4336
29 1706 3220
668 1753
74 709 2138 3539 3870
447 527 1722 1724 3564
828 2390
452 2710 2792 3338 4345
1162 1458 1890
601 2450 2716 2946 4366
503 2158 2733 3131 3360 3471
1207 1323 3982
663 1815
646 3732
1728 2423 3990
275 2417
1568 1876 4196
1453 2748
2173 2486
2892 3303 4235
142 2706
1495 1862 3542
1301 3939 4028
657 3115
596 2504
132 3368
132 1391
2135 4413
399 583
1124 1849
379 716 2037 2568
182 362 2221 3576 3731
1801 1802
858 1121 3884 4191
429 948 1515 2193 3229 3759
239 609 1502 2343 2576 3793
173 3443
1872 3039 3231 3236
2001 2841 3393
500 2110 2965 3681 3787
771 1417 1728 3354 4173
1145 3183
1661 1716 2039
230 809 1116 1597 4018
1072 3205
397 3205 3229
2138 2773 2908
413 1272 2087
322 2048
1014 1798 2146
2622 2725 3257
1561 2660 3600 3954
1288 2705 3972
553 3972
18 343 3387
95 1901 3382 3762
1429 3620
3596 4265
15 738 864 1143 4143
2075 2918 3144
71 2470 3159
792 3260 3389 4091
2423 3633
934 2566 3776 4314
927 1595 2759 3485
1584 4127 4155
710 949 3057
2132 3301 4285
1113 2014
2206 3933
802 934 1161 3930
3281 3659
525 2482
1009 3036
741 1170 1310
2692 3014 4136
2536 3485
536 1814 3292 3592
3140 3381
1421 1854 2308
1130 1511
1919 3748
408 848 2006
173 418 2277
695 838 906
2067 3100 3118
425 496 1378
1158 2194
1437 1460 1753 2094 2637 3205 4063 4335
712 714
232 1736 3286 4382
860 3736
1196 1493
1026 2322 3266 4398
2896 3772
436 3561
804 2500
117 3112 3201
3347 3648 3696
643 1345 2656
97 579 1067 1405 3623 4178
81 1056 3314 3373 3376
675 2180 3723
1227 1569 3383 4183
316 2118 2385 3577
209 307 2732 3794
1785 2119 2859 4370
1256 1297 1776 4029
435 4113
374 2528
1281 2229
976 1799
600 1596
1180 2218 2388 3225
3137 3563
683 2132
1877 3651 4025
95 155 1880
3350 4268
2416 4088
1409 3085 3553
2726 3891
531 892 1401 4300
738 3124 3877 4132
122 2968
1135 2214
314 1224 2435 2682 3066 3450
154 765
3234 4191
260 1498 3091 4241
1081 2131
557 1641 1899
170 353 641
832 3970
1217 4221
1180 1202 2341
886 1421 1561 1921 3212 4206
1458 1489 2847 3299 4212
158 655 1416
304 3520
2374 4337
31 1565 4067
805 1526
1433 3047
325 2386 2734 3796
540 3414 4361
1457 1631
1347 1963
535 3958 4357 4359
141 662 1135 1412 1835 4126
923 2790
1998 2103 2484 2735 4188
406 623 1792 2785
3189 3369 3860 4177
1302 1800 2735
1292 1527 2518 3879
1732 2512 2866 3361
86 1204 1926 2260
761 2547
784 3053
1455 2863
586 4168
380 681 919 1010 4229
1757 3208
608 752 1049 2444 2650 2919 3627
811 1278
281 1288
2164 2864
5 395 4417
1797 2526 2562 3985
127 2604
497 2076 2316
832 1709 3330 3738
329 392 1547 3084 3406 3870
379 1044 1720 2147 4354
27 2116 3961 4312
833 3991
2401 3194
2879 2932 4234
3141 3533
3351 3811
1723 1959 2324 2933 3563 3588
3883 4324
1478 2150 4279
1440 2417
557 648 1449 2469 3377
3103 3632
1597 3755
109 4304 4421
1383 2197
2684 4316
1053 1886 1986 2949
1033 4191
198 241
2285 2833 4214
1122 1665 4237
2299 4337
54 3600 3639
1419 1703 3786
750 1041 3810
3447 4389
1086 2219 3067
342 1340
3022 3544
556 3249
106 2157 4099
2017 2560 4208
228 842 4323
307 3131 4057 4254 4312
494 854 3520
2043 3240
22 2180 4332
229 2626 3516 4007
168 847
1233 2077 2738 3733
901 1467 3109
103 3341
395 1676
990 1879 3982
968 2853 3346 3466
1312 1880 1884 2481 3229
2262 2612
71 2406 3082 3647
687 2431 3027
53 1816
1410 1785 2365 2939 4264
142 4051 4334
126 2584
716 1041 2887
670 3362 3398
135 1893 2536 3033
1118 2768 3420
222 1404
2360 3431
743 3743
2158 3882
477 1661 3621
3252 3711
241 1945
477 3962
225 610 2142 2957 3836
217 3248
2824 4334 4391
963 3164 4198
2699 2998 4188
623 1639 2590
2270 2451 3272
1695 2957
1870 2683 3914 4232 4364
230 2281 2876
1117 2734
130 1728 1795 1926 3386
1314 2680 3401
680 1369 1396 2362 2495 3813 4072
580 2335 4174
1526 2611 4325
423 698 742 2235 2249 2552
399 775 2666 3891
1290 3602 4296
262 2710 3528
1147 3955
451 541 4306
845 2115 2278 2354
1049 2125
567 2953 3730 4241
756 1220 2981
1557 3055
1500 3581
976 1797 2083 2560
1891 2151
433 2811
855 968 1036 3072 3792
3645 4083
1456 2030
1946 2083 2175
3518 4142
889 2107 2933 3587
541 3529
1680 2359 3254
709 2890
442 3197
1354 3474 3592 4113
2239 3642
629 2253 2885 3692 3878
376 617 1113 1641
421 2717 4056
809 4199
1874 2010 3560 3908
882 3810
233 322
1403 3333 3737
2509 2879 3590
1020 3046
372 676 845
2786 3112
512 1553 3694 3905 4271
165 494 1845 3411
4004 4259
828 2006
637 4361
1563 2465
469 1666 2590 3210 3552
609 891 1643
270 501 1152 2467 4352
86 351
1848 1955 3985
497 1020 1515 3948
3003 4214
859 3017 3533
2222 2753 3289
456 1393 3048
520 2117 3379
1727 4101
2166 2338 2953 3580 3581 4313
498 1797 2428 3414
3109 3460 4032
1758 2835 3870 4290
528 1052
2168 3536 3576
2854 3115
1352 1535 3445
2129 3409
2009 4288
566 706 748
773 902 1647
2181 2418
2738 2892
1380 1550 3259
282 286 1259
715 1357 4251
1177 3794
2479 3080 3347 4369
959 3087 3110 3550
1878 2041 2918 2940 3671 4424
143 1103 1465 3511
1021 3259 3712 3791 3833
2391 2456 2932
975 3058 4149
1568 1944 2725 3277 4233
365 1304 3686 4186
1385 1849 1924 3351 4124
181 2268 3243
949 2127
557 699 3679 4357
2748 3151 3510
775 3762
1505 2434 3776
969 1978
2717 3910
2710 2712 2894
2245 2982 3885
94 3617 3905
709 3665 3977
3085 3753
278 1293 3400 3726
1136 1814 2414
1037 1718 2196
91 1864 2363 2648
804 2107
102 3776 4113
1676 2858
2724 3318 3360
1242 3631
972 3535 3664 4191
1188 2064 2489 3068
1926 4113
821 2668 2952
1937 2841 3621 3689
713 1681 1962 2443
301 1910 3165
1807 3017 4233
547 3216 4326
598 1262 1314 1942 3295 3394 4394
2039 4231 4236
402 3591 3824 4224
771 1256 1824 2770 2851 3180 4119 4208
1849 2001 2338
944 1451
1847 2680 3549 3675
3183 3629
1078 3983
1911 1993 2626 2731 3090
2609 3266 4261
493 2367
2821 3145 4348
322 1300 3817
504 3299 3386
2220 2238 3545 4391
1865 2416 3545 4355
176 759 863 963 1391 2634 3467
1746 2010 3174 3283
1269 4350
2940 3683 3879
2437 3718 3983 4205
752 1537 4095
1877 3037
2576 4048
203 606 3033
1532 3984 4277
698 2704
636 1827 3705 4296
909 1681 1690 3024
2492 2871
1974 1997 2892
717 3992 4116 4227
50 134 296 3045
314 3468
1447 3848
431 1294 1373 1393 1434 2629
3243 3834 4195
1255 1478 1869 2755
60 367 2290 2485 3826 3869 4373
1074 1178 1894 3685
697 1686 1711
1379 2703 3098 4094
371 1231 3207
1097 1174 2343 3232
798 3680 3864
561 777 934 1193 3699
574 1057 2319 3803
404 2022 4299
1552 3086
2263 3138
976 1211 2119
358 550
948 2615 3581
879 1472 1590 4369
1628 1740 3457
147 1648 2813 3244 3537 3742
201 959 2499 2635 3421 3925 4405
1434 2135
491 628 680 3467
1112 2068
2813 2839
1425 2923
475 1167
3479 4093
2614 2971 4257
456 1146
130 139 4195
104 1228 1327
766 3996
557 1544 2715 4319
1720 2719 3481
2676 4130
1543 1851 4245 4381
1236 1416 3579 3654
275 3035
3077 3876
375 1512
537 1807 2726
339 977 2077 2794 3844
1598 1921
3191 4016
683 1069 3012 4106 4166 4327
18 1545
1291 3237
605 1689 2633 3384
1561 2079
3823 3978 4105
189 2048 2385 2859
1240 4097
1193 2002 2128 3679
227 4414
381 2782
2803 2866
196 1516 3173 3335
355 1031
214 254 868 1370 2165 4366
595 2506
386 583 972 1433 1497 1502 1807 2194 2513 3586
3112 3809 3858 4383
909 1071 3110
2778 2837 4174
48 2214
3874 4174 4222
808 1144 4102
2642 4228
375 2311 3306 3604 4361
54 2041
3441 3917 4123
445 3878
1731 2720
157 657 1715 3367
847 2034 2189 3176 3437
540 3822 3856
665 1198 3731
647 2017 2168 2269
62 238
1177 2046
29 2360 2635
1049 1322 1848 2787 4133
210 1965 2113 2780
2640 3026 3055 3194
231 789 2960 3067 3320
1223 2871 4295
1136 3115
248 2642
1366 1749 2581
1945 2955
603 1202 2287 2556 3640
884 1143 2160 3502
1476 3572
971 2846 3209
784 1231 1668 3926
71 2496 2691
54 169 362
2175 3987 4028
856 3482
3000 4247
156 481 586 861 3444 3702
609 836 1769 2279
1245 2772 3180
972 1057
2465 2632 4267
367 1033 3888
569 1855
1271 2819 2906 4357
98 4343
453 2231
421 1848 4004
487 1088 2128
874 1219 3292
1665 2125 3277 3313
1115 3137 3443 4362
102 4184
2212 2577
389 871 1545 3119
142 1180
528 1992 4323
868 900 2407
154 1250
389 2050 3276
275 1326 2728 3557 3981
2386 3311
1058 1283
2721 3303 3796
124 413
908 2134 2504 3003 4379
216 1033
1554 3020
2750 3870
768 1042 1621 1833
974 1187 2934 3166 3655
453 577
2622 4018
280 568 981 1680 2553 3627 3986
976 2235 3873
186 899 1530 2112 3260 4370
1201 3369 3726 4360
1563 2574 3592
2104 3665
1430 3367
835 2344
34 749
169 1222 1378 1784 2032 2311
110 2008 3456 4143
51 1198 2551
476 2921 3917
326 1581 1927
177 768
548 743 3712
1560 2915 4052
1673 1809
691 807 921 3655 4180
957 1229 2264
1933 3704
196 837
254 1015 1136
1502 1954 2235
1004 2681 3827 4034
572 2217 2868 4129
196 668 4008
809 1827
1621 3593
2073 2934 3182 3722
1038 2103 2864
1019 1038 2763
1810 2263 4238
2023 2910
1808 3359
1369 2650
33 222 1985 2359 3792
27 3025 3082
542 2999 3417
764 1986 3831
1653 2480
3408 3724
1107 2531 3207
1001 2039 2594 4071 4360
2967 3397
29 3130 3307
389 3576 3605
583 710 3940
1979 2055 2619 4081 4256 4352
2382 2548 3892
121 4271
919 1928
1580 1604
478 1591 3288
1629 2064 3105
190 808 2329 4405
93 333 534 1614
182 799 3189
2750 3649 4280
905 1117 2542
1290 1725 2873
2865 3777 4339
1158 2065 2181 2218 3205 3492 4113
27 202 2355 4065
2895 2905 3155
497 1309 1380 2712 2756
2450 2839 4345
906 2340 3064
714 881 1582
2474 3129
2928 3444 3511 4189
1771 2589 2691 3145
774 3146
3647 3690 3861
1195 3564
142 2132
1964 3076 3791
19 926 2502 2831
576 2183 3041 3074
1207 2570
2204 3488
1894 2341 3455
2813 3939
554 2317 2925
167 226 2111
2750 3931
2578 3052
1494 3370 3579
2271 3965
977 2584 3803
203 567 2049
992 3644
448 2346
518 642 1454 3300
1338 2161 2831 3752 4210
23 1998
2151 3306 4210
668 4350
3568 3820
3276 4010
1531 2652 2782
3 641 1934
440 1043 2718 3852
367 2532
1710 2856 4403
1889 2524 3644
13 318 750 1955 3753 4210
2078 3578 4077
1240 4301
2315 3194
2172 2805
1470 3745
1988 2978
673 2483 3302
147 757 2393 3811
2735 2872 4027
751 2904
2568 2969 3242
119 1752
1646 2336
4326 4405
690 3825
1961 2036
447 2182 4182
1240 2810
1846 3709 3716
1094 2767
1652 2646 2934 3769 4244
90 633 1356 2975
965 2339
783 2846 3629
460 1366 2664 3771
936 2365
392 968 1351 2290
752 1826 4351
1904 3189 3599 4364
1161 2901 3009
539 906 1977 3029 3856 4174
318 781 1492 2049 3166 3636
58 457 1437 4405
1283 2718
1212 3335 3978
301 4132
2386 3867
109 1201 1388 3161 4285
1486 2704 3899
568 3730 4217
479 1667
563 1262
739 1006
744 985 1535 3090 3167 3947 3954
328 2726 3960
2675 2971
1119 1778
1973 3064 3466
2621 4214
1051 2708
633 1066 2173
1310 3033
1521 1964
169 672
16 1553 2426 3325
1275 2920 3627 3683 4176
75 3064
450 544
1750 2037
775 3609
1194 1293 3214
2616 2871 3679
223 1582 1805 3763
3721 4030
1411 4095 4199
1058 3940
2772 4175 4188
3563 3843
105 3977 4358
383 3048
2003 2274 2692 3130 3308
2110 3683
2403 3792
245 1423 2198 2854
267 3240
965 2409 2898
1287 1779 2755 3153
401 3214 3288
2728 3628
403 780 1915 3594 4222
173 566
56 881 2093 2452 2646 4371
629 4104 4297
3083 3537
1359 2927
12 276 1624 1925
1252 1448
1549 3170 3240
920 3680
50 2221 3130 4382
385 2461
347 1529 3394
759 2283 3739
735 1377 2335 2484
521 2522 3695
596 908 1332 3553 4137
336 566 3211 3806 4377
2296 3856
790 928
1114 2896 3888
884 2551
2616 3313
251 1324
50 1824 3264 3437
1258 2558
1084 1903
1666 2187 2619
1202 3263 3555 3706
24 2624 3271
2645 2788 4276
1433 1797 1950 2139
2437 4011 4246
1117 3658
324 453 1668 2192 2260 2680 3531
1763 2872
428 1047
602 2446
526 1946 3185 3336
236 2223
2882 4153
468 831 1456 3484
794 1360 2415 2710 3663
285 878 1326 2214 2438 3905
22 714 1254 1682 3245 3694 3856 4377
626 2303
1366 1894 2061 3498
2281 2360
3995 4089
1817 3061 4268
862 1160
3543 4158
598 1845 2053
614 2688
316 3689
919 3299 3620
686 2474
426 2279 3637
2077 3655
1043 1356 2103
856 1370 1869
991 1483 2835 3770
195 3546
557 4137
702 3003
2551 2772
1436 1478
136 2260 3996
603 1607 2586 3574 3721
594 3315
2446 3844
549 2352 3552
1155 3247
430 4327
735 893 2190
1934 3259
1553 2884 2920 3960 4034
465 516 965 3224
506 604 1296 1605
1650 3813
866 1217 2772 2960
441 998 1480 4400
1792 1951 2571
575 866
2329 2613 3520 3812
1407 4091
205 2215 2441 2948 3237 3653 3714
696 3104
2646 3029 3295 4389
2654 2840 3419
1272 1281 4082
1791 2038
2214 4273
314 3595
838 2391 4232
678 1749 1790 2919 4366
354 3048
1531 3154
957 2015 3376 4301
1526 2841 3076
1632 3038 3868
3494 3539
820 1398
2154 3002
516 1920
623 999
1928 2993 3267
1438 2108 2418 2927 3062 3186 3408
272 3641 3827
525 1986 2490
2005 3611 4000
849 2300 3532 3590
363 769 2187 2563 3048 3377 3552
657 2229
3215 4263
1962 3397
2741 2748 3209 3826
342 2360 2859 3120 4010
2240 3344
480 2226
3075 3829 3965 4284
117 451 2904 3312 4173
1231 2830
1391 3087 4109 4254
1738 2364 2639 3039 3359 3675 3879 4094
20 1085
2752 3741 4129 4421
686 1958 2974 4027
303 636 3034 3390
2144 3853
466 871 936 2776 4095 4317
254 1375
213 981 3248
1697 1825 4073 4246
1035 1154
426 3332
1769 3206
63 2712 4338 4413
837 3248 3833
4258 4356
815 2388
1691 3089 3477
310 2482
2609 2923 2924
1134 2763 4046
44 2192
3632 3869 4144
534 1406
707 2473 2565
1914 2009
1453 4351 4406
1569 4151
923 2137 2144
34 1142 1893 1908 2394
1841 2907
1065 1531 2534 4364
455 989 2273 2469 4155
963 2568
2929 3141
58 959 1171 1790
781 2681
195 4218
283 4310
2010 2493 4381
1128 1173 1381 2540
25 734 2549 4269
242 3036
583 997 2153 3580 3733
236 408 699 1649 2848 2905
506 1787 3176
649 1665 4051
1518 2174 2306 3017
209 439
228 2510 3020
1004 4306
905 2382
592 3451 3986
2033 2572
729 1792 2420
847 1975 3660 4144
2262 3847
650 1688 1718
1063 3274
1319 3220
591 4162
692 873 1586 2342 4052
1727 2404 3046 4219
398 2344
65 2550 2990
1136 1437
8 664 749 3030
881 1555
2334 3147
1217 2332 3008
2250 3533
342 1259 1394
1563 1737 3771
568 1271
823 2143 4366
201 1178 1781 1832 2188 3199
378 1519
1001 1135 1350 4384
1302 2627
396 470 643 3216 3586 3782
456 1723 2296 2592 3577 4363
14 3784
947 1481 2505 3467
165 304
433 4161 4279
1379 3996
1919 1992
80 2937
478 532 1404
2159 3411 3703
899 1545 2166 4354
800 1884 2858
1136 2506 4317
96 761 1888
411 1079 2776 4383
1521 3551
1139 2234 3649
3272 3348
2791 3319 3951
294 1016 1294 1967 1992 2452 2808
1566 2658 3077
3960 3972
107 3950 4034
424 1549
2493 3861
1657 1772 3024 3225 4270
122 2365 3397
656 732
665 762 3367 3428
2325 2548 2654 2668
700 2267 4082 4265
2174 2908 3473
346 1992
465 3530 4407
1420 1900 2976
548 865 2836
1085 2247 3007
614 1053 3294 4187
1024 1573 2363 3371
73 3119
31 1074 3072
2461 3033 3947 4214
525 2927
3180 3296 4164
263 3784 4327
473 3979
2669 3057 4351
579 1916
203 2129
214 1018 1836
2254 2348
3032 3088 3782
25 1195
1651 3443 4293
800 1860 4165
1533 2397 2578 3844
3233 3383
46 574 3081
1511 2792 3337
2102 2128 3683 4183 4398
814 1011 2809 4045
3046 4083
1713 2502 2859 2899
2696 3163 3405
2195 2615 4105
1788 2089 2803 2927 3015
1763 3482
