1000 2563
1 637
1 182
2 467
2 637
2 952
2 647
3 361
4 467
4 968
4 824
4 334
4 898
4 829
4 907
4 537
4 76
4 684
4 323
4 186
5 467
5 968
5 529
5 655
6 467
7 775
8 467
8 968
8 334
8 20
8 903
8 770
9 467
9 338
10 467
10 968
10 637
10 824
10 565
10 318
10 965
10 169
10 719
10 861
10 859
10 114
10 860
10 460
11 637
11 65
13 968
13 334
13 20
13 834
14 467
14 968
14 182
15 66
16 904
16 529
17 824
17 143
17 934
18 637
18 334
19 467
19 968
19 913
19 629
19 228
19 179
20 467
20 968
20 637
20 824
20 334
20 913
20 508
20 182
20 261
20 368
20 894
20 354
20 850
20 461
20 584
20 858
20 134
20 373
20 156
21 968
21 913
24 400
25 334
25 326
26 467
27 731
28 177
29 467
29 968
29 637
29 824
29 909
29 119
29 472
29 525
29 243
30 772
31 467
31 824
31 553
31 98
32 108
34 467
35 968
35 334
35 793
36 467
36 637
36 261
36 803
36 610
37 41
37 816
38 467
38 968
38 898
38 957
39 659
40 467
40 968
40 637
40 824
40 334
40 898
40 829
40 508
40 904
40 439
40 750
40 752
40 769
40 834
40 497
40 509
40 675
40 877
40 691
40 175
40 312
40 311
40 434
40 828
40 791
41 467
41 968
41 824
41 904
41 182
41 321
41 780
42 467
42 338
42 188
43 467
43 829
43 904
44 637
45 467
45 508
45 870
46 531
46 806
48 904
49 467
50 467
50 898
50 926
51 467
51 968
51 446
51 357
52 856
52 705
53 334
54 467
54 242
54 428
55 968
55 913
55 856
55 812
56 338
57 637
57 708
60 467
60 228
61 447
62 334
63 467
63 824
64 467
65 467
66 467
66 968
66 898
66 508
66 86
66 833
66 148
66 175
66 269
66 475
66 561
67 467
67 334
67 933
67 692
68 904
68 242
68 480
69 467
69 968
69 856
69 446
69 933
70 467
70 829
70 508
70 856
70 357
70 430
70 102
70 382
71 467
71 637
71 824
71 334
71 701
71 906
72 467
72 968
72 334
73 467
73 637
73 320
73 321
73 850
74 116
76 467
76 637
76 334
76 898
76 361
76 439
77 467
77 331
78 467
78 779
79 968
80 467
80 566
81 909
82 982
84 824
85 467
86 467
86 968
86 637
86 824
86 334
86 898
86 829
86 143
86 147
86 856
86 870
86 446
86 471
86 830
86 821
86 207
87 467
88 535
89 467
89 637
89 898
89 182
89 724
89 936
90 467
90 637
90 824
90 334
90 143
90 684
90 522
93 467
93 143
93 695
93 204
94 637
94 604
95 467
95 508
95 236
96 637
97 467
98 467
99 467
100 375
102 983
103 467
104 404
105 467
105 913
105 747
105 509
106 467
106 334
106 829
107 467
107 968
107 637
107 824
107 829
107 508
107 982
107 377
107 188
107 681
107 524
108 529
109 467
110 467
110 909
111 904
111 981
111 307
112 695
113 976
114 354
114 496
116 467
116 824
116 913
116 1000
117 467
117 334
117 856
118 824
118 334
118 829
119 467
119 968
119 824
119 338
119 715
119 190
119 872
121 467
121 261
122 670
123 280
125 467
125 968
125 723
125 713
125 557
126 467
126 361
127 467
127 824
127 334
127 672
127 320
129 968
130 467
130 968
130 637
130 913
130 982
130 669
130 553
130 671
130 847
130 478
130 914
131 467
131 968
131 637
131 904
131 529
131 750
131 242
131 605
131 691
131 496
131 561
132 467
132 598
133 637
135 467
136 904
136 321
137 467
137 304
138 467
138 824
138 985
139 508
139 728
139 969
139 641
140 472
141 467
141 637
141 242
141 894
142 467
142 182
143 467
143 968
143 637
143 824
143 334
143 898
143 829
143 913
143 508
143 361
143 529
143 856
143 659
143 672
143 446
143 320
143 242
143 961
143 565
143 669
143 321
143 566
143 357
143 747
143 519
143 834
143 855
143 715
143 868
143 718
143 449
143 229
143 581
143 563
143 457
143 664
143 162
143 304
143 749
143 432
143 525
143 362
143 847
143 287
143 948
143 298
143 820
143 753
143 633
144 467
144 637
145 467
145 592
146 467
146 824
147 467
147 968
147 637
147 824
147 334
147 898
147 829
147 913
147 904
147 361
147 659
147 934
147 909
147 439
147 750
147 320
147 958
147 907
147 604
147 565
147 548
147 752
147 669
147 400
147 911
147 715
147 515
147 170
147 497
147 278
147 428
147 473
147 556
147 479
147 707
147 799
147 908
147 440
147 209
147 434
147 676
147 163
147 499
148 467
148 829
148 244
148 691
148 274
148 554
148 955
149 467
150 467
150 824
151 898
151 417
151 687
152 467
152 637
152 833
152 548
153 467
153 637
157 467
157 968
157 242
158 949
159 467
159 637
159 182
159 558
160 467
160 829
160 368
160 218
160 177
161 467
161 898
161 446
161 917
162 467
162 968
162 824
162 992
162 711
163 898
164 467
164 824
164 898
164 913
164 591
167 467
167 224
167 472
169 467
169 320
169 767
170 467
170 637
170 334
170 898
170 548
170 531
171 467
173 968
173 637
174 467
174 829
175 467
175 968
175 254
175 476
176 467
177 467
177 856
177 254
177 724
177 524
178 637
179 467
179 968
179 824
179 898
179 280
179 961
179 723
179 639
179 183
180 990
181 467
181 913
181 670
181 823
181 601
181 785
182 467
182 968
182 637
182 824
182 334
182 898
182 508
182 361
182 529
182 280
182 446
182 750
182 752
182 769
182 519
182 745
182 316
182 890
182 930
182 881
182 210
182 795
182 235
184 467
185 637
185 829
185 909
185 991
185 990
185 935
186 850
187 467
187 412
188 467
188 672
188 799
188 699
188 854
189 467
189 446
189 982
189 721
190 695
193 467
193 368
193 234
194 467
195 467
195 242
196 789
197 467
197 898
199 467
199 637
199 957
200 968
201 377
202 467
202 968
202 949
202 961
202 254
202 368
202 519
202 400
202 715
202 966
202 810
202 743
202 720
202 678
204 824
204 877
205 467
205 898
206 467
206 338
206 331
206 238
207 467
208 467
209 467
210 467
210 968
210 906
211 977
212 467
212 949
213 467
213 508
213 992
214 913
215 467
215 826
216 467
216 436
218 467
218 968
218 824
218 334
218 913
218 659
218 870
218 604
218 669
218 354
218 238
218 674
218 392
219 904
220 467
220 824
220 361
221 467
221 280
221 244
221 500
222 334
222 617
223 467
223 968
223 334
223 945
223 876
223 593
224 467
224 968
224 637
224 334
224 750
224 275
225 467
225 840
226 965
226 375
226 794
227 467
227 229
228 467
228 968
228 244
228 531
229 467
229 483
231 467
231 968
231 846
231 692
232 711
233 299
234 467
234 719
236 467
236 829
236 529
236 261
236 519
236 784
238 467
238 573
242 467
242 968
242 637
242 824
242 334
242 361
242 856
242 909
242 446
242 439
242 750
242 244
242 894
242 566
242 537
242 358
242 699
242 748
242 900
242 918
242 453
243 508
244 467
244 968
244 637
244 824
244 334
244 898
244 508
244 338
244 320
244 535
244 254
244 548
244 903
244 656
244 590
244 381
244 636
245 637
245 824
246 611
247 467
247 637
247 801
247 408
248 467
252 467
252 968
252 898
252 924
253 467
253 968
254 467
254 968
254 637
254 829
254 361
254 329
254 599
254 511
254 426
254 356
255 467
256 968
256 440
259 467
259 898
260 829
261 467
261 968
261 637
261 824
261 334
261 904
261 856
261 695
261 943
261 957
261 524
262 731
262 954
263 467
263 968
264 467
264 637
264 982
264 884
265 467
265 320
267 467
267 898
267 829
267 534
267 711
268 903
269 467
270 334
271 467
271 898
271 338
271 675
271 789
271 618
273 467
273 449
274 467
274 824
274 825
277 467
278 467
278 982
278 566
278 409
278 628
278 730
279 467
280 467
280 968
280 637
280 824
280 334
280 898
280 829
280 913
280 529
280 695
280 604
280 368
280 669
280 519
280 796
280 310
280 671
280 655
280 846
280 343
280 494
280 710
280 488
281 467
281 968
281 637
281 934
283 824
283 675
284 467
284 968
284 553
284 515
285 467
286 467
286 824
286 904
288 467
288 968
288 767
288 926
289 467
289 695
290 467
290 968
290 508
290 361
290 856
290 934
290 582
291 467
291 968
291 334
291 856
292 991
293 467
293 338
293 695
293 859
293 757
296 467
297 467
299 467
302 637
302 824
302 529
303 968
303 952
304 898
305 637
305 829
306 467
307 467
308 904
308 752
308 790
310 467
310 968
310 913
310 850
310 662
311 467
312 968
312 824
312 913
312 582
312 918
313 467
313 637
314 467
315 898
316 467
316 637
317 467
317 581
318 467
318 637
318 334
318 508
318 904
318 529
318 934
318 701
318 582
318 876
318 781
318 386
319 467
320 467
320 968
320 637
320 824
320 334
320 898
320 361
320 934
320 750
320 377
320 515
320 684
320 806
320 746
320 878
321 467
321 968
321 637
321 824
321 584
321 546
321 389
322 467
322 824
324 467
324 361
324 668
324 708
326 467
326 548
327 467
327 611
328 904
329 467
329 968
329 824
329 565
329 736
329 447
329 941
330 467
330 958
331 467
331 968
331 637
331 334
332 467
334 467
334 968
334 637
334 824
334 898
334 829
334 913
334 508
334 904
334 361
334 529
334 856
334 659
334 934
334 338
334 695
334 909
334 672
334 870
334 446
334 439
334 750
334 701
334 949
334 982
334 907
334 535
334 961
334 833
334 604
334 368
334 721
334 565
334 669
334 357
334 537
334 747
334 608
334 553
334 400
334 911
334 796
334 724
334 906
334 715
334 767
334 336
334 933
334 671
334 509
334 480
334 649
334 472
334 585
334 998
334 972
334 994
334 863
334 691
334 744
334 950
334 763
334 699
334 823
334 609
334 739
334 494
334 942
334 435
334 827
334 784
334 930
334 341
334 897
334 425
334 469
334 342
334 564
334 521
334 652
334 971
334 554
334 676
334 661
334 589
334 845
334 488
334 613
334 820
336 467
336 508
336 338
336 949
336 961
336 605
336 343
336 728
336 641
336 666
337 467
337 488
338 467
338 968
338 637
338 824
338 898
338 829
338 913
338 529
338 439
338 701
338 949
338 769
338 834
338 767
338 449
338 480
338 585
338 424
338 716
338 598
338 366
338 458
338 356
338 857
339 467
339 856
340 467
340 637
340 408
341 467
341 695
342 446
342 720
343 467
343 529
343 368
343 566
343 614
344 968
346 467
347 898
347 818
348 968
348 856
348 769
348 901
349 829
349 608
350 467
350 461
350 762
351 467
351 958
351 716
352 907
353 467
354 467
354 824
354 934
354 949
354 507
354 931
355 467
355 968
355 637
355 898
355 961
355 894
355 769
355 835
355 746
355 776
355 905
356 467
357 467
357 968
357 824
357 898
357 535
357 534
357 556
357 775
357 816
357 421
358 467
358 824
358 608
358 933
358 556
359 467
361 467
361 968
361 637
361 824
361 898
361 829
361 913
361 508
361 904
361 529
361 856
361 695
361 672
361 701
361 961
361 548
361 377
361 669
361 566
361 769
361 531
361 599
361 850
361 991
361 709
361 616
361 803
361 510
361 429
361 369
361 831
361 636
363 810
366 467
366 377
367 467
367 637
367 824
367 508
367 608
367 556
367 771
367 727
368 467
368 968
368 637
368 824
368 898
368 553
368 736
368 906
368 972
369 467
369 968
369 402
370 467
370 976
371 467
371 637
372 467
372 824
373 467
375 467
375 968
375 898
375 515
375 647
376 637
377 467
377 968
377 824
377 904
377 906
377 719
377 890
377 615
377 536
378 637
381 467
381 637
381 898
381 829
381 539
382 637
383 400
383 793
383 835
383 781
384 619
385 976
386 604
387 637
388 467
388 917
388 700
389 467
390 479
390 707
391 467
392 467
392 968
393 467
393 898
393 829
394 606
395 467
396 467
396 968
396 522
397 467
399 467
399 968
399 904
399 695
399 909
399 668
399 762
400 467
400 637
400 824
400 829
400 750
400 649
400 964
401 467
401 725
402 467
402 913
403 467
403 637
403 829
404 467
405 467
406 467
406 829
408 467
408 637
408 913
408 424
409 467
409 824
409 449
413 467
413 968
413 958
416 467
417 467
417 736
418 898
418 894
420 467
420 968
420 982
421 467
423 467
423 695
424 467
424 535
424 586
424 575
425 750
426 793
428 467
428 569
429 829
430 467
432 467
433 467
433 898
435 467
435 650
437 467
437 824
437 856
438 467
439 467
439 968
439 637
439 824
439 913
439 904
439 961
439 716
440 467
441 467
441 968
441 637
441 950
442 968
442 449
443 467
443 446
444 467
446 467
446 968
446 637
446 824
446 898
446 829
446 856
446 934
446 982
446 721
446 793
446 810
446 569
446 851
447 467
447 968
447 898
447 718
447 939
447 574
448 548
449 467
449 968
449 721
450 672
451 467
451 968
451 913
451 904
451 903
452 829
454 467
455 467
455 829
455 894
457 467
457 968
457 553
458 856
460 553
461 467
461 898
461 913
461 909
461 980
461 839
462 467
462 868
463 467
463 829
463 701
465 467
465 824
466 467
466 529
467 968
467 637
467 824
467 898
467 829
467 913
467 508
467 904
467 529
467 856
467 659
467 934
467 695
467 909
467 672
467 870
467 750
467 701
467 949
467 958
467 982
467 907
467 535
467 961
467 833
467 604
467 721
467 565
467 548
467 752
467 669
467 894
467 566
467 537
467 747
467 608
467 769
467 553
467 519
467 500
467 952
467 629
467 736
467 834
467 723
467 911
467 796
467 724
467 903
467 855
467 534
467 906
467 715
467 767
467 966
467 868
467 515
467 639
467 531
467 772
467 497
467 670
467 926
467 718
467 599
467 850
467 965
467 793
467 933
467 991
467 671
467 705
467 509
467 992
467 655
467 473
467 586
467 556
467 675
467 485
467 810
467 480
467 605
467 709
467 656
467 569
467 649
467 980
467 472
467 846
467 663
467 891
467 581
467 731
467 877
467 585
467 563
467 479
467 606
467 998
467 719
467 972
467 826
467 917
467 994
467 681
467 771
467 590
467 956
467 786
467 468
467 560
467 745
467 986
467 650
467 863
467 873
467 691
467 990
467 511
467 619
467 653
467 744
467 551
467 865
467 505
467 977
467 711
467 737
467 950
467 729
467 874
467 763
467 707
467 683
467 947
467 799
467 533
467 908
467 924
467 699
467 835
467 823
467 684
467 542
467 806
467 496
467 584
467 576
467 582
467 616
467 573
467 944
467 634
467 761
467 880
467 876
467 792
467 624
467 528
467 978
467 738
467 483
467 609
467 470
467 722
467 645
467 739
467 854
467 510
467 746
467 544
467 861
467 954
467 664
467 623
467 849
467 984
467 981
467 943
467 851
467 614
467 700
467 781
467 559
467 742
467 890
467 568
467 665
467 814
467 827
467 815
467 716
467 878
467 858
467 611
467 830
467 802
467 896
467 506
467 598
467 760
467 668
467 801
467 482
467 910
467 784
467 762
467 922
467 727
467 592
467 930
467 987
467 788
467 740
467 662
467 822
467 578
467 881
467 764
467 962
467 897
467 859
467 832
467 540
467 651
467 583
467 789
467 886
467 882
467 525
467 912
467 627
467 730
467 748
467 692
467 538
467 993
467 825
467 743
467 957
467 682
467 883
467 702
467 774
467 941
467 777
467 678
467 693
467 618
467 996
467 622
467 712
467 929
467 821
467 756
467 521
467 704
467 893
467 795
467 921
467 476
467 828
467 899
467 641
467 936
467 971
467 517
467 491
467 778
467 631
467 770
467 632
467 765
467 554
467 995
467 848
467 543
467 983
467 979
467 530
467 872
467 813
467 489
467 875
467 918
467 685
467 931
467 953
467 733
467 887
467 713
467 674
467 481
467 755
467 552
467 710
467 809
467 588
467 698
467 600
467 773
467 520
467 811
467 477
467 866
467 620
467 797
467 574
467 486
467 493
467 555
467 791
467 892
467 940
467 589
467 999
467 654
467 935
467 867
467 484
467 857
467 836
467 717
467 963
467 923
467 946
467 492
467 660
467 501
467 785
467 932
467 732
467 902
467 516
468 637
468 898
470 508
472 968
472 829
472 752
472 974
473 904
473 659
475 637
476 560
478 916
479 637
479 898
479 508
479 489
480 968
480 637
480 934
482 637
482 824
482 508
482 833
483 726
483 640
485 898
485 659
485 769
485 519
488 500
488 924
489 824
489 898
489 747
490 637
490 695
491 913
492 710
494 968
494 824
496 721
497 968
497 824
497 508
497 909
497 669
497 623
498 537
498 883
500 968
500 637
500 707
502 824
502 709
503 987
505 968
505 898
505 904
506 968
506 898
506 508
507 968
507 637
507 829
507 702
508 968
508 637
508 824
508 898
508 829
508 913
508 904
508 659
508 934
508 909
508 535
508 833
508 566
508 747
508 911
508 906
508 586
508 810
508 877
508 771
508 985
508 851
508 794
508 941
509 968
509 824
509 695
510 829
511 968
511 905
515 968
515 566
515 799
516 991
517 924
518 898
519 968
519 913
519 933
521 724
522 909
522 906
523 529
524 637
528 707
529 968
529 637
529 824
529 898
529 829
529 904
529 659
529 672
529 870
529 982
529 604
529 747
529 906
529 670
529 671
529 605
529 877
529 745
529 979
529 923
531 904
531 555
533 637
534 968
534 824
534 909
534 608
534 726
535 968
535 637
535 824
535 898
535 934
535 982
535 736
535 980
535 536
537 968
537 637
537 934
537 747
537 956
537 614
541 913
544 824
545 546
547 968
547 698
548 968
548 637
548 824
548 913
548 904
548 670
548 908
551 968
551 976
552 639
552 584
553 968
553 829
553 934
553 952
556 968
556 669
556 834
556 875
558 968
560 913
560 715
561 672
563 898
563 958
563 769
565 968
565 637
565 913
565 949
565 907
565 723
565 724
565 975
566 968
566 637
566 824
566 829
566 961
566 669
566 744
566 797
566 595
568 968
568 913
568 629
568 663
569 968
569 709
569 744
569 621
570 904
570 912
572 904
573 968
573 835
576 637
576 907
577 961
579 949
581 982
581 608
581 629
581 903
582 968
582 637
582 868
584 637
584 700
585 968
585 750
585 721
587 913
587 934
592 608
594 637
596 802
596 668
597 968
597 637
598 870
598 611
599 968
599 637
599 824
599 604
599 865
599 880
602 716
604 968
604 637
604 824
604 898
604 829
604 870
604 894
604 926
604 781
604 872
605 992
606 904
608 968
608 824
608 898
608 913
608 904
608 924
608 716
610 904
611 824
616 968
616 829
616 769
616 718
617 637
617 870
618 752
619 731
620 721
621 637
623 968
623 949
623 765
625 968
628 968
628 1000
629 968
629 824
629 898
629 829
629 913
629 659
629 934
630 800
631 637
631 913
634 769
634 731
635 898
636 705
637 968
637 824
637 898
637 829
637 913
637 904
637 856
637 659
637 934
637 695
637 909
637 672
637 870
637 750
637 701
637 949
637 958
637 982
637 907
637 961
637 833
637 752
637 669
637 894
637 747
637 769
637 834
637 796
637 715
637 868
637 772
637 933
637 675
637 709
637 731
637 917
637 771
637 956
637 873
637 691
637 977
637 737
637 950
637 684
637 880
637 876
637 739
637 664
637 878
637 807
637 842
637 822
637 816
637 905
637 831
637 765
637 733
637 817
637 755
637 759
637 688
637 773
637 646
637 999
637 963
638 810
639 898
639 856
639 659
639 961
639 793
639 944
640 958
640 767
640 861
641 824
641 882
642 824
645 968
645 824
645 891
646 659
647 824
648 968
649 659
649 833
650 824
650 913
650 707
651 824
653 968
653 721
655 968
658 968
659 968
659 824
659 898
659 829
659 913
659 856
659 934
659 695
659 949
659 907
659 709
659 728
659 815
659 840
663 968
664 672
667 934
667 907
668 968
669 968
669 824
669 829
669 870
669 982
669 682
669 708
670 968
671 934
672 968
672 824
672 898
672 829
672 913
672 991
672 731
672 711
672 881
673 824
674 766
675 968
675 695
679 968
680 898
683 750
684 751
685 829
686 824
690 824
690 769
694 730
695 968
695 824
695 898
695 829
695 909
695 701
695 833
695 721
695 903
695 793
695 707
695 858
695 818
699 942
700 909
700 750
701 968
701 824
701 898
701 913
701 904
701 752
704 829
704 870
705 824
705 917
706 904
707 968
707 824
707 814
708 907
709 968
709 904
709 992
711 961
711 992
711 973
715 968
715 773
716 913
716 975
717 766
718 824
718 913
718 870
718 891
721 968
721 824
721 904
721 856
721 976
721 764
723 968
723 898
723 958
723 982
723 849
724 968
724 824
724 1000
725 968
726 829
727 968
727 793
728 824
728 913
728 904
729 968
729 849
731 856
731 881
735 992
736 968
736 824
736 898
736 870
739 898
740 968
740 904
742 824
742 796
742 865
743 934
745 968
745 903
746 968
747 968
747 824
747 898
747 829
747 904
747 962
750 968
750 824
750 949
750 906
750 846
752 968
752 898
752 829
752 856
752 772
752 893
754 825
755 968
756 968
756 868
761 898
762 829
763 968
763 824
763 904
763 810
767 983
769 968
769 878
769 962
770 913
771 870
772 982
775 829
784 830
793 898
794 829
794 984
796 968
801 898
802 829
806 968
806 824
806 898
808 829
815 968
815 829
816 870
822 968
823 834
824 968
824 898
824 829
824 913
824 904
824 856
824 934
824 909
824 870
824 949
824 958
824 982
824 907
824 961
824 833
824 894
824 952
824 834
824 868
824 926
824 850
824 933
824 991
824 846
824 826
824 990
824 950
824 835
824 876
824 851
824 930
824 941
824 831
824 844
824 975
824 948
824 964
824 866
826 968
829 968
829 898
829 913
829 904
829 856
829 934
829 870
829 949
829 958
829 907
829 961
829 833
829 952
829 834
829 966
829 992
829 956
829 873
829 977
829 950
829 896
832 968
833 968
833 909
834 856
834 835
836 968
839 943
845 858
846 968
850 855
851 856
851 903
855 898
856 968
856 898
856 913
856 904
856 949
856 958
856 907
856 911
858 968
861 968
863 976
867 968
868 968
870 968
870 898
870 909
872 968
874 968
877 991
877 946
878 904
879 934
880 968
881 913
884 968
885 924
888 968
891 968
891 904
891 989
894 968
894 898
894 904
894 961
895 898
896 968
898 968
898 913
898 904
898 934
898 909
898 949
898 958
898 907
898 906
898 965
898 933
898 976
899 934
899 988
900 968
903 968
904 968
904 913
904 934
904 949
904 958
904 907
904 961
904 941
904 946
907 968
907 934
907 992
908 968
909 968
909 952
909 918
911 968
911 913
912 945
913 968
913 934
913 949
913 958
913 926
913 919
917 962
924 968
930 972
933 986
934 968
949 968
952 968
958 968
958 961
961 968
961 966
968 982
968 992
968 980
968 976
968 996
968 969
968 1000
968 983
