1000 3235
1 249
1 870
2 249
3 249
3 867
3 180
3 913
3 765
3 807
3 445
3 405
3 619
3 435
4 89
5 867
7 867
8 487
8 250
8 180
8 948
8 361
9 487
9 23
11 249
11 487
11 180
11 948
11 583
12 249
12 487
13 765
14 249
14 217
14 409
14 83
14 789
15 867
15 180
15 322
15 173
16 487
16 948
17 249
17 487
17 180
17 992
17 553
17 188
17 191
17 742
17 575
17 545
18 249
18 977
18 217
18 913
18 730
19 249
19 719
20 516
20 992
20 710
22 180
22 771
23 249
23 487
23 250
23 867
23 180
23 948
23 44
23 977
23 516
23 771
23 327
23 949
23 553
23 78
23 831
23 625
23 298
23 285
24 249
24 487
24 250
24 867
24 180
24 948
24 44
24 977
24 516
24 642
24 747
24 430
24 327
24 872
24 83
24 130
24 639
24 653
24 84
24 367
24 338
24 845
24 852
24 551
24 146
25 291
25 473
25 437
25 466
26 867
27 249
27 487
27 291
27 777
28 939
29 249
29 487
29 949
30 487
30 250
30 180
31 249
31 180
32 487
32 867
32 831
33 249
33 564
33 636
37 487
37 180
37 86
37 399
38 250
38 44
38 789
38 959
39 249
40 249
40 487
40 250
40 867
40 180
40 948
40 44
40 473
40 765
40 344
40 97
40 187
40 445
40 636
40 493
40 592
41 250
41 900
42 250
44 249
44 487
44 250
44 867
44 180
44 948
44 977
44 516
44 217
44 497
44 771
44 642
44 322
44 992
44 801
44 495
44 747
44 913
44 291
44 430
44 473
44 327
44 790
44 409
44 173
44 872
44 53
44 65
44 602
44 949
44 907
44 712
44 827
44 89
44 318
44 678
44 765
44 167
44 650
44 404
44 788
44 900
44 564
44 651
44 543
44 78
44 810
44 83
44 97
44 937
44 171
44 811
44 359
44 552
44 843
44 702
44 370
44 594
44 975
44 863
44 165
44 340
44 653
44 864
44 993
44 954
44 382
44 620
44 410
44 287
44 48
44 253
44 792
44 742
44 381
44 484
44 166
44 806
44 478
44 926
44 405
44 164
44 68
44 275
44 719
44 352
44 859
44 186
44 233
44 611
44 530
44 874
44 619
44 673
44 55
44 813
44 209
44 875
44 775
44 179
44 877
44 463
44 113
44 857
44 887
44 349
44 58
44 63
44 143
44 836
44 446
44 631
44 266
44 878
44 469
44 216
44 973
44 579
44 498
44 894
44 548
44 697
44 308
44 675
44 454
44 879
44 455
44 226
44 570
44 871
44 274
44 67
44 412
44 830
45 249
45 867
45 948
46 746
46 763
46 310
48 249
48 487
48 180
48 948
48 497
48 145
49 250
50 180
50 948
50 771
51 249
51 487
51 250
51 867
51 180
51 948
51 872
51 83
51 873
51 171
51 122
52 250
52 602
53 249
53 487
53 250
53 867
53 180
53 948
53 977
53 217
53 497
53 327
53 712
53 538
53 620
53 361
53 88
53 733
53 312
53 996
53 81
53 818
54 249
54 250
54 180
54 78
54 831
56 487
56 250
56 937
56 731
57 180
57 65
57 949
57 252
58 249
58 180
59 249
59 867
60 250
60 948
61 249
61 487
61 250
61 867
61 497
61 642
61 430
61 318
62 173
62 933
63 249
63 827
63 64
64 250
64 409
65 249
65 487
65 250
65 867
65 180
65 948
65 977
65 516
65 217
65 497
65 495
65 747
65 430
65 473
65 327
65 318
65 651
65 130
65 639
65 235
65 85
65 566
65 962
65 558
65 733
65 312
65 408
66 771
68 249
68 487
68 250
68 867
68 180
68 771
68 964
69 249
69 487
69 250
69 948
69 712
70 487
70 948
72 249
72 250
72 497
72 771
72 553
73 180
73 593
73 964
74 307
74 737
75 948
75 731
76 250
76 867
76 948
77 230
78 249
78 487
78 250
78 867
78 180
78 948
78 977
78 992
78 236
78 390
78 738
78 823
78 247
78 256
78 241
78 903
79 487
79 534
80 249
80 250
80 867
80 409
80 849
80 882
81 828
82 249
82 250
82 948
82 322
82 992
82 678
82 330
83 249
83 487
83 250
83 867
83 180
83 948
83 497
83 642
83 907
83 338
84 249
84 487
84 250
84 867
84 180
84 497
84 564
84 645
84 193
85 249
85 487
85 250
85 801
85 126
85 777
85 121
86 249
86 487
86 250
86 516
86 217
86 992
86 602
86 646
87 771
88 250
88 948
88 510
89 249
89 487
89 250
89 867
89 180
89 948
89 497
89 327
89 409
89 827
89 873
89 842
89 598
90 249
90 250
90 867
90 180
90 948
90 516
90 188
90 171
91 430
92 249
92 867
92 850
93 249
93 217
93 382
93 259
93 669
94 409
96 602
96 154
97 249
97 487
97 250
97 867
97 180
97 977
97 771
97 173
97 404
97 429
97 148
97 410
97 586
97 102
97 499
97 169
97 503
98 660
99 250
100 977
100 747
100 788
101 249
101 487
101 867
101 948
101 771
101 801
101 291
101 872
101 699
102 487
102 250
102 867
102 948
102 148
102 608
104 487
104 302
105 948
106 862
106 272
107 249
107 487
107 810
108 249
108 487
108 497
108 327
108 735
109 495
109 451
109 577
111 487
111 872
113 249
113 487
113 801
114 250
114 495
114 522
114 388
114 492
116 487
116 867
116 180
116 327
116 749
116 554
116 259
116 876
117 249
117 867
117 180
117 872
118 859
120 177
121 249
121 250
121 867
121 948
121 992
121 409
122 249
122 487
122 250
122 867
122 948
122 977
122 409
122 602
122 805
122 587
123 992
124 249
124 381
126 249
126 487
126 250
126 867
126 771
126 678
126 900
128 487
128 180
128 164
129 249
129 693
130 249
130 487
130 250
130 867
130 180
130 948
130 516
130 217
130 167
130 633
130 808
131 487
132 249
132 487
132 250
132 867
132 180
132 948
132 642
132 949
132 344
132 346
132 305
133 249
133 487
136 650
137 948
138 867
138 807
138 344
138 236
138 717
139 487
140 249
140 487
140 250
140 867
140 180
140 948
140 771
140 642
140 291
140 602
140 949
140 553
140 993
140 566
140 338
140 915
140 154
140 911
140 558
140 526
140 356
141 316
142 249
142 867
143 913
144 249
144 487
144 948
144 430
144 602
144 220
145 771
146 646
146 434
147 249
147 487
147 867
147 180
147 322
147 539
147 825
148 249
148 487
148 250
148 180
148 948
148 977
148 322
148 495
148 409
148 765
148 937
148 215
149 250
150 516
152 249
152 487
152 867
152 948
152 923
153 250
153 977
153 883
154 250
154 180
154 872
154 556
157 948
157 977
157 173
157 636
158 487
158 250
159 180
159 948
159 977
159 842
159 687
160 487
160 180
162 249
162 864
164 249
164 487
164 180
164 307
164 696
165 249
165 487
165 250
165 867
165 217
166 249
166 487
166 867
166 180
166 948
166 430
166 746
166 375
166 192
167 249
167 487
167 250
167 867
167 180
167 948
167 977
167 497
167 771
167 801
167 473
167 550
167 636
167 828
167 714
167 740
167 791
168 487
168 807
169 249
169 487
169 710
169 241
170 250
170 948
170 801
170 173
170 527
171 249
171 487
171 250
171 867
171 495
171 473
171 173
171 934
172 249
172 487
172 250
172 867
172 948
172 992
172 430
172 318
172 496
172 954
172 461
173 249
173 487
173 250
173 867
173 180
173 948
173 977
173 217
173 771
173 430
173 765
173 788
173 651
173 370
173 185
173 947
173 954
173 470
173 316
173 916
173 687
173 288
175 977
175 473
176 249
176 250
176 180
176 495
176 543
176 494
177 250
177 948
177 771
177 784
177 970
178 249
178 487
178 318
179 867
179 318
179 643
179 633
180 249
180 487
180 250
180 867
180 948
180 977
180 516
180 217
180 497
180 771
180 642
180 322
180 992
180 801
180 495
180 747
180 913
180 291
180 430
180 473
180 327
180 790
180 409
180 872
180 602
180 949
180 907
180 712
180 827
180 318
180 678
180 553
180 765
180 188
180 650
180 317
180 404
180 788
180 900
180 807
180 564
180 651
180 543
180 278
180 344
180 496
180 810
180 870
180 831
180 920
180 937
180 873
180 811
180 187
180 307
180 345
180 359
180 437
180 660
180 552
180 843
180 236
180 370
180 445
180 594
180 975
180 881
180 185
180 863
180 235
180 746
180 555
180 683
180 653
180 191
180 947
180 864
180 789
180 625
180 382
180 620
180 593
180 470
180 410
180 335
180 749
180 527
180 550
180 367
180 804
180 399
180 389
180 566
180 742
180 381
180 484
180 684
180 316
180 338
180 234
180 405
180 302
180 976
180 971
180 777
180 832
180 695
180 962
180 622
180 186
180 849
180 731
180 641
180 534
180 729
180 530
180 874
180 984
180 856
180 190
180 441
180 955
180 813
180 819
180 911
180 258
180 927
180 735
180 200
180 325
180 996
180 400
180 462
180 710
180 247
180 756
180 423
180 366
180 214
180 536
180 262
180 855
180 305
180 360
180 681
180 284
180 589
180 754
180 741
180 582
180 488
180 289
180 878
180 418
180 760
180 638
180 751
180 206
180 203
180 547
180 329
180 416
180 358
180 921
180 670
180 231
180 512
180 559
180 310
180 879
180 483
180 688
180 674
180 576
180 450
180 847
180 885
180 669
180 491
180 632
180 243
180 690
180 608
180 224
180 930
180 220
180 504
181 633
182 487
184 867
185 249
185 487
185 250
185 948
185 977
185 516
185 217
185 771
185 949
185 702
185 555
186 487
186 250
187 249
187 487
187 250
187 867
187 948
187 278
187 254
187 498
188 249
188 487
188 250
188 867
188 948
188 977
188 642
188 322
188 495
188 870
188 437
188 639
188 429
188 594
188 685
188 738
188 275
188 300
188 924
190 250
190 977
190 642
191 249
191 487
191 250
191 867
191 948
191 771
191 409
191 602
191 235
191 383
191 459
191 782
192 771
193 249
193 370
193 431
194 487
195 487
195 250
196 487
196 345
197 250
198 249
199 424
200 249
200 334
200 803
201 650
201 307
202 771
202 992
202 678
202 694
203 487
204 516
204 327
204 361
205 487
205 250
206 249
206 250
206 867
208 487
208 867
208 872
209 250
209 867
209 977
209 827
210 487
210 867
210 217
211 249
211 487
211 728
215 250
215 516
215 789
215 759
217 249
217 487
217 250
217 867
217 948
217 977
217 516
217 497
217 771
217 642
217 322
217 992
217 801
217 495
217 747
217 913
217 291
217 430
217 473
217 327
217 790
217 409
217 872
217 602
217 949
217 827
217 318
217 765
217 650
217 317
217 900
217 870
217 831
217 811
217 660
217 236
217 779
217 789
217 954
217 694
217 390
217 451
217 287
217 425
217 586
217 578
217 234
217 668
217 646
217 510
217 611
217 575
217 698
217 503
217 230
217 295
217 423
217 631
217 634
217 812
217 329
217 816
217 770
217 301
217 837
219 592
220 515
221 487
221 497
221 382
222 404
223 867
224 250
224 948
226 948
226 992
227 249
227 977
228 249
228 487
228 250
228 977
228 747
230 249
230 487
230 250
230 948
230 788
231 249
231 948
232 497
233 250
233 630
234 249
234 487
234 747
234 398
235 249
235 487
235 250
235 867
235 948
235 977
235 913
235 807
235 365
235 756
236 249
236 487
236 250
236 867
236 291
236 430
236 538
236 636
236 622
236 272
237 487
238 249
238 375
238 592
239 487
240 771
244 487
245 487
246 867
247 487
247 470
248 487
248 250
248 765
248 975
249 487
249 250
249 867
249 948
249 977
249 516
249 497
249 771
249 642
249 322
249 992
249 801
249 495
249 747
249 913
249 291
249 430
249 473
249 327
249 790
249 409
249 872
249 602
249 949
249 907
249 712
249 827
249 318
249 678
249 553
249 765
249 650
249 317
249 404
249 788
249 900
249 807
249 564
249 651
249 543
249 278
249 344
249 496
249 810
249 870
249 831
249 920
249 937
249 873
249 811
249 307
249 345
249 359
249 437
249 660
249 552
249 538
249 539
249 843
249 639
249 702
249 429
249 370
249 445
249 594
249 975
249 881
249 863
249 805
249 746
249 555
249 683
249 396
249 340
249 653
249 947
249 779
249 864
249 993
249 254
249 277
249 789
249 954
249 834
249 625
249 382
249 694
249 825
249 620
249 593
249 470
249 390
249 410
249 451
249 335
249 749
249 440
249 554
249 527
249 287
249 965
249 550
249 842
249 636
249 431
249 804
249 298
249 425
249 586
249 389
249 566
249 792
249 742
249 381
249 677
249 828
249 361
249 806
249 684
249 316
249 478
249 338
249 590
249 493
249 405
249 275
249 302
249 976
249 759
249 668
249 777
249 643
249 832
249 962
249 352
249 290
249 957
249 320
249 895
249 499
249 883
249 633
249 849
249 285
249 731
249 477
249 1000
249 518
249 729
249 964
249 897
249 646
249 823
249 510
249 402
249 530
249 874
249 328
249 691
249 856
249 952
249 448
249 523
249 656
249 350
249 916
249 545
249 403
249 558
249 698
249 882
249 417
249 778
249 699
249 990
249 258
249 503
249 845
249 927
249 300
249 743
249 388
249 906
249 851
249 271
249 996
249 485
249 462
249 857
249 283
249 887
249 295
249 710
249 910
249 991
249 748
249 349
249 601
249 366
249 676
249 262
249 392
249 989
249 490
249 796
249 428
249 855
249 284
249 319
249 758
249 582
249 654
249 292
249 488
249 836
249 565
249 935
249 753
249 415
249 662
249 901
249 544
249 435
249 985
249 736
249 567
249 983
249 519
249 267
249 750
249 974
249 573
249 373
249 434
249 890
249 416
249 486
249 994
249 770
249 572
249 894
249 438
249 665
249 610
249 635
249 282
249 351
249 903
249 987
249 459
249 715
249 815
249 925
249 420
249 442
249 659
249 802
249 294
249 700
249 703
249 902
249 505
249 797
249 632
249 401
249 833
249 686
249 791
249 930
249 689
249 922
249 839
249 323
249 413
249 504
250 487
250 867
250 948
250 977
250 516
250 497
250 771
250 642
250 322
250 992
250 801
250 495
250 747
250 913
250 291
250 430
250 473
250 327
250 790
250 409
250 872
250 602
250 949
250 907
250 712
250 827
250 318
250 678
250 553
250 765
250 650
250 317
250 404
250 788
250 900
250 807
250 564
250 651
250 543
250 278
250 344
250 496
250 810
250 870
250 831
250 920
250 937
250 873
250 811
250 307
250 345
250 359
250 437
250 660
250 552
250 538
250 539
250 843
250 639
250 702
250 429
250 370
250 445
250 594
250 975
250 881
250 863
250 805
250 746
250 555
250 683
250 396
250 340
250 653
250 947
250 779
250 864
250 993
250 254
250 277
250 789
250 834
250 625
250 382
250 694
250 825
250 620
250 593
250 470
250 410
250 451
250 335
250 749
250 554
250 287
250 367
250 842
250 636
250 399
250 425
250 586
250 389
250 566
250 792
250 578
250 381
250 677
250 784
250 828
250 684
250 478
250 685
250 338
250 923
250 590
250 314
250 427
250 738
250 405
250 302
250 976
250 776
250 971
250 643
250 352
250 957
250 320
250 915
250 499
250 883
250 849
250 945
250 731
250 477
250 729
250 897
250 510
250 611
250 464
250 952
250 448
250 441
250 350
250 281
250 773
250 819
250 312
250 259
250 882
250 258
250 877
250 503
250 263
250 927
250 569
250 906
250 271
250 735
250 339
250 334
250 996
250 331
250 466
250 963
250 354
250 953
250 349
250 898
250 536
250 600
250 796
250 428
250 886
250 745
250 421
250 603
250 708
250 931
250 446
250 968
250 269
250 634
250 901
250 557
250 621
250 599
250 435
250 983
250 943
250 507
250 267
250 750
250 841
250 573
250 579
250 434
250 547
250 799
250 358
250 489
250 894
250 438
250 377
250 670
250 308
250 546
250 542
250 326
250 310
250 659
250 294
250 333
250 455
250 703
250 584
250 461
250 663
250 343
250 674
250 762
250 506
250 690
250 914
250 661
250 766
250 988
250 504
251 253
253 487
253 867
253 390
254 487
254 867
254 747
254 409
254 675
256 487
256 409
256 870
256 731
258 487
258 359
258 805
258 726
259 487
259 867
259 516
261 867
261 810
261 714
261 360
263 948
263 399
263 926
263 644
264 487
264 271
266 487
267 712
268 327
269 867
269 497
270 861
270 623
271 402
273 487
275 653
275 665
277 487
277 948
277 977
277 497
277 771
277 322
277 742
278 487
278 867
278 948
278 771
278 872
278 811
278 554
278 636
278 784
278 314
278 962
278 635
278 657
278 581
279 685
279 402
280 487
280 731
281 896
283 867
283 473
283 731
283 938
285 516
285 893
286 771
286 538
287 487
287 867
287 948
287 516
287 747
287 327
287 827
288 807
288 750
289 601
291 487
291 867
291 948
291 977
291 516
291 497
291 642
291 322
291 495
291 430
291 473
291 790
291 409
291 949
291 900
291 538
291 539
291 298
291 695
291 421
291 356
291 961
292 948
292 462
293 678
293 835
295 487
295 440
297 497
298 487
298 948
298 977
298 992
299 487
300 487
302 867
302 948
302 516
302 495
305 977
306 906
307 487
307 867
307 977
307 516
307 497
307 651
307 746
307 480
307 933
312 790
312 849
313 867
313 409
314 867
314 495
314 602
316 487
316 867
316 977
316 954
316 804
316 963
317 487
317 867
317 948
317 977
317 771
317 642
317 553
317 381
317 590
317 938
317 780
318 487
318 867
318 948
318 977
318 322
318 495
318 327
318 553
318 870
318 805
318 804
318 895
318 874
318 557
318 341
319 747
320 487
320 867
320 948
320 516
321 867
322 487
322 867
322 948
322 977
322 516
322 497
322 771
322 642
322 992
322 801
322 495
322 747
322 790
322 827
322 765
322 564
322 496
322 947
322 550
322 586
322 784
322 719
322 723
322 729
322 897
322 984
322 453
322 417
322 655
322 717
322 568
324 487
324 948
327 487
327 867
327 948
327 977
327 516
327 992
327 801
327 747
327 473
327 827
327 564
327 843
327 429
327 370
327 445
327 683
327 834
327 477
327 964
327 745
327 329
328 487
328 948
330 487
331 427
331 510
334 810
334 560
335 487
335 867
335 495
335 344
335 975
335 990
335 906
337 441
338 948
338 497
338 430
338 564
339 867
339 367
339 472
340 487
340 867
340 948
340 977
340 516
342 487
342 790
344 487
344 867
344 948
344 642
344 992
344 779
345 487
345 867
345 948
345 977
345 497
345 495
346 867
346 516
346 756
347 419
351 487
352 948
352 496
354 867
354 913
355 487
355 948
356 487
359 487
359 867
359 948
359 473
359 790
359 765
359 543
359 382
359 634
361 487
361 867
361 642
361 747
361 920
361 517
363 907
363 628
365 678
365 873
366 948
367 487
367 948
367 430
367 544
368 867
369 516
370 487
370 867
370 977
370 642
370 747
370 543
370 873
370 539
372 487
373 611
374 487
375 872
375 744
376 845
379 487
379 788
380 867
381 487
381 771
381 913
381 473
381 417
381 770
382 487
382 867
382 948
382 977
382 747
382 827
382 423
385 948
386 660
387 487
388 487
389 867
390 487
390 948
390 516
390 602
390 775
390 501
392 487
393 948
394 497
394 642
395 642
395 720
396 487
396 948
396 495
396 430
396 557
396 434
398 487
398 538
399 487
399 867
399 948
399 497
399 801
399 843
399 759
400 487
400 867
402 516
402 965
403 487
403 949
404 487
404 867
404 948
404 642
404 801
404 913
404 602
404 660
404 843
404 753
405 487
405 867
405 948
405 516
405 875
407 771
408 867
409 487
409 867
409 948
409 977
409 516
409 497
409 642
409 430
409 650
409 805
409 683
409 653
409 451
409 749
409 965
409 964
409 417
409 710
410 487
410 867
412 487
414 916
416 678
417 867
417 731
418 867
421 790
422 867
424 487
425 497
425 949
425 765
425 900
425 784
425 798
427 487
427 642
429 487
429 867
429 948
429 771
429 806
430 487
430 867
430 948
430 977
430 516
430 497
430 771
430 642
430 747
430 552
430 975
430 746
430 779
430 625
430 550
430 611
430 655
430 573
431 487
431 867
431 977
431 516
431 913
431 683
431 723
432 867
433 760
435 788
436 742
437 487
437 867
437 801
437 907
437 463
438 492
440 487
440 867
440 948
440 977
440 516
440 790
440 714
441 487
441 948
442 977
443 487
443 977
445 487
445 867
445 948
445 516
445 771
445 642
445 747
445 949
447 863
448 487
448 801
451 487
451 948
451 463
452 977
456 954
457 977
457 642
457 841
458 669
459 867
460 948
462 948
463 977
463 602
464 497
465 867
465 768
466 694
467 487
470 487
470 771
470 907
470 788
470 895
471 487
473 487
473 867
473 948
473 977
473 516
473 497
473 642
473 992
473 495
473 496
473 853
473 852
473 855
473 899
474 867
474 677
476 487
477 487
477 497
477 788
478 487
478 771
478 801
478 653
479 867
480 881
482 814
484 867
484 569
485 867
485 552
487 867
487 948
487 977
487 516
487 497
487 771
487 642
487 992
487 801
487 495
487 747
487 913
487 790
487 872
487 602
487 949
487 907
487 712
487 827
487 678
487 553
487 765
487 650
487 788
487 900
487 807
487 564
487 651
487 543
487 496
487 810
487 870
487 831
487 920
487 937
487 873
487 811
487 660
487 552
487 538
487 539
487 843
487 639
487 702
487 594
487 975
487 881
487 863
487 805
487 746
487 555
487 683
487 653
487 947
487 779
487 864
487 993
487 789
487 954
487 834
487 625
487 694
487 825
487 620
487 593
487 554
487 527
487 965
487 842
487 636
487 804
487 586
487 566
487 578
487 742
487 677
487 784
487 828
487 838
487 806
487 590
487 926
487 493
487 738
487 556
487 976
487 759
487 971
487 668
487 643
487 832
487 695
487 962
487 957
487 895
487 849
487 945
487 731
487 641
487 534
487 729
487 964
487 510
487 645
487 874
487 575
487 656
487 673
487 813
487 875
487 730
487 764
487 819
487 911
487 698
487 877
487 503
487 845
487 798
487 743
487 853
487 851
487 887
487 710
487 829
487 910
487 972
487 756
487 991
487 748
487 536
487 490
487 796
487 855
487 529
487 589
487 754
487 606
487 924
487 800
487 654
487 931
487 753
487 734
487 878
487 662
487 932
487 944
487 812
487 780
487 599
487 736
487 818
487 705
487 713
487 786
487 679
487 928
487 707
487 547
487 890
487 524
487 509
487 498
487 585
487 956
487 640
487 635
487 549
487 772
487 717
487 541
487 925
487 982
487 598
487 761
487 667
487 688
487 902
487 783
487 869
487 576
487 648
487 711
487 591
487 830
487 588
487 791
487 998
489 992
492 553
493 516
493 495
493 712
493 965
493 515
494 867
495 867
495 948
495 977
495 516
495 497
495 771
495 642
495 790
495 949
495 678
495 564
495 539
495 954
495 965
495 923
495 962
495 710
495 754
495 670
495 703
496 867
496 948
496 977
496 651
496 538
496 789
496 735
497 867
497 948
497 977
497 516
497 771
497 642
497 992
497 801
497 949
497 712
497 827
497 765
497 650
497 788
497 900
497 564
497 937
497 873
497 811
497 660
497 881
497 694
497 590
497 633
497 955
497 819
497 515
497 910
497 855
497 544
497 705
497 817
497 572
497 614
497 794
497 717
497 587
497 629
499 867
499 771
499 644
500 639
501 569
503 765
504 867
505 979
506 948
507 747
509 867
510 867
513 867
515 642
516 867
516 948
516 977
516 771
516 642
516 992
516 801
516 747
516 913
516 790
516 872
516 712
516 827
516 678
516 650
516 900
516 564
516 870
516 920
516 937
516 811
516 594
516 805
516 746
516 555
516 954
516 593
516 759
516 622
516 897
516 530
516 874
516 984
516 764
516 698
516 706
516 814
516 710
516 745
516 968
516 630
516 610
516 987
516 692
516 905
516 727
518 867
518 977
518 811
518 868
521 702
521 847
522 867
522 948
523 948
523 954
524 801
526 867
527 867
527 872
527 920
529 977
529 843
530 867
530 779
530 842
530 546
532 948
534 867
534 948
534 977
534 771
535 611
536 806
537 948
538 867
538 977
538 913
538 650
538 863
539 867
539 948
539 977
539 810
539 925
541 872
541 875
542 977
542 833
543 867
543 977
543 949
543 954
543 677
543 840
545 642
545 699
545 812
550 867
550 948
551 996
551 985
552 867
552 948
552 837
553 867
553 948
553 977
553 992
553 913
553 790
553 778
553 796
554 867
554 977
554 790
554 712
555 867
555 685
555 819
555 601
556 867
556 864
558 948
561 913
562 948
562 947
562 722
564 867
564 948
564 801
564 790
564 738
564 565
566 867
566 948
566 977
566 642
566 913
566 670
567 771
567 693
569 747
572 867
573 992
573 759
574 948
575 881
576 948
576 642
578 867
578 977
578 777
578 585
580 827
582 948
582 771
582 706
582 708
583 867
583 977
586 977
586 771
589 789
590 948
590 992
590 827
590 838
593 867
593 948
594 867
594 948
594 642
594 790
594 788
594 779
594 984
599 867
600 867
602 867
602 948
602 977
602 771
602 642
602 992
602 651
602 677
602 964
602 775
602 739
602 818
602 808
602 613
605 801
607 867
609 678
609 764
610 913
611 867
611 913
613 948
613 992
614 872
619 873
619 671
620 867
620 948
620 977
620 747
624 913
625 867
625 948
625 977
627 907
628 801
628 895
629 964
632 977
633 867
633 992
633 851
635 673
636 948
636 719
638 892
639 867
639 977
639 771
639 949
639 810
639 660
639 745
641 867
642 867
642 948
642 977
642 771
642 992
642 801
642 913
642 790
642 872
642 907
642 827
642 900
642 881
642 863
642 834
642 976
642 962
642 646
642 798
642 676
642 758
642 687
642 837
643 867
643 801
644 765
644 996
645 771
646 948
649 948
649 810
650 867
650 948
650 977
650 790
650 764
650 934
651 867
651 771
651 949
651 863
651 733
651 754
653 867
653 948
653 838
654 977
658 975
660 867
660 948
660 977
660 913
660 827
660 864
660 708
661 878
666 977
667 867
668 867
668 790
668 733
669 780
670 867
672 867
673 867
673 954
673 926
673 691
674 771
674 712
676 765
677 867
677 992
678 867
678 948
678 977
678 801
678 747
678 993
678 851
678 850
679 867
681 867
682 801
683 867
684 867
684 948
684 992
684 712
684 815
685 948
685 872
686 907
687 936
688 864
691 790
694 872
694 827
694 922
695 992
695 913
700 977
702 867
702 948
702 843
702 881
702 825
708 973
711 977
712 867
712 948
712 977
712 771
712 872
712 776
712 903
714 747
716 867
717 913
719 867
719 948
722 867
722 948
724 867
724 945
727 867
728 948
731 867
731 801
735 948
736 926
738 867
739 867
741 948
744 771
746 867
746 915
746 943
746 880
747 867
747 948
747 977
747 992
747 801
747 790
747 949
747 907
747 811
747 975
747 834
747 828
749 948
749 870
753 867
753 977
754 898
755 807
757 977
759 977
765 867
765 948
765 977
765 992
765 896
767 867
769 867
770 867
771 867
771 948
771 977
771 992
771 801
771 913
771 827
771 810
771 965
771 777
771 955
771 906
771 876
771 891
772 867
775 867
775 784
776 867
779 867
779 947
779 809
782 948
783 867
783 992
788 867
788 948
788 992
788 790
788 805
788 924
789 867
789 977
790 867
790 948
790 977
790 992
790 801
790 913
790 872
790 864
790 915
790 916
792 810
794 913
800 867
801 867
801 948
801 977
801 992
801 807
801 870
801 937
801 843
801 955
801 813
801 808
801 815
803 948
804 867
804 960
805 867
805 948
805 977
806 867
806 977
806 870
806 920
806 906
807 867
807 948
807 827
808 992
809 948
810 867
810 948
810 873
810 823
810 822
811 867
811 948
811 825
811 959
812 993
814 947
823 948
825 867
825 977
825 827
825 957
827 867
827 948
827 920
827 859
828 867
829 858
831 867
831 948
831 977
831 992
834 867
834 948
838 842
839 948
842 948
842 872
843 867
843 916
845 948
857 867
857 948
861 867
861 948
863 867
863 948
864 913
864 872
864 965
865 948
867 948
867 977
867 992
867 913
867 872
867 949
867 907
867 900
867 870
867 920
867 937
867 873
867 975
867 881
867 993
867 954
867 965
867 923
867 976
867 971
867 1000
867 897
867 984
867 910
867 968
867 959
867 892
867 942
867 889
867 979
867 933
869 948
870 948
870 977
870 993
872 948
872 977
872 992
873 948
875 948
875 911
880 977
881 948
882 948
883 992
884 948
887 928
888 975
898 948
899 948
900 948
900 977
907 948
907 977
907 993
907 953
911 992
913 948
913 977
913 937
913 976
917 977
918 962
919 977
920 948
920 977
931 948
934 977
937 948
945 977
947 948
947 977
948 977
948 992
948 949
948 975
948 993
948 965
948 976
948 955
948 990
948 972
948 953
948 974
949 977
949 992
949 975
949 962
949 985
954 992
965 977
977 992
977 993
