1000 2573
1 406
1 237
2 406
2 324
2 330
3 406
3 834
3 617
3 614
3 591
3 890
3 264
3 160
3 612
3 241
3 879
3 287
3 532
3 357
3 940
4 264
4 793
5 780
6 406
6 834
6 780
6 677
6 591
6 741
6 735
6 647
6 820
6 110
7 406
8 406
9 406
9 834
9 617
9 591
9 990
9 42
9 836
9 456
10 406
10 834
10 617
10 677
10 87
10 731
10 359
10 431
12 406
12 617
13 406
14 406
14 834
14 780
14 990
14 662
15 406
18 406
18 780
18 208
18 389
18 836
20 406
22 614
22 677
23 406
24 406
25 406
26 406
27 406
27 834
27 677
27 741
28 406
28 584
29 406
30 406
30 584
30 185
31 406
31 834
31 614
31 566
31 793
31 938
31 150
32 406
32 535
33 406
33 614
33 241
34 406
35 406
36 406
36 834
36 617
36 677
36 691
36 923
36 658
36 386
37 406
37 584
38 406
39 406
39 617
39 216
40 406
41 406
41 807
41 618
41 802
41 950
42 406
42 834
42 617
42 614
42 780
42 677
42 591
42 324
42 612
42 652
42 85
42 75
42 56
42 671
42 425
42 158
42 487
42 759
42 297
43 406
44 406
44 735
45 406
45 394
45 116
46 406
46 834
46 807
46 389
46 820
47 617
47 780
47 412
47 932
48 406
48 433
48 817
48 493
49 406
49 556
50 406
50 861
50 890
50 390
51 406
51 834
51 591
51 566
51 955
51 753
52 406
52 834
52 617
52 614
52 677
52 324
52 939
52 865
52 171
52 241
52 563
52 392
52 915
52 846
53 462
54 741
55 406
55 617
56 406
56 614
56 195
57 406
57 566
57 264
59 617
60 406
60 780
60 229
60 785
61 406
61 617
61 591
61 324
61 264
61 686
61 713
61 455
62 406
62 591
62 667
63 406
63 617
63 65
65 406
65 834
65 617
65 614
65 780
65 677
65 591
65 861
65 312
65 741
65 865
65 595
65 893
65 424
65 716
65 567
65 658
65 187
65 116
65 333
65 743
66 406
66 861
66 400
67 406
67 647
67 853
68 406
68 614
68 551
69 406
71 406
71 617
71 522
71 845
72 406
72 834
72 617
72 780
72 591
72 566
72 312
72 604
72 612
72 953
72 87
72 944
72 881
72 428
72 909
72 927
73 406
73 834
73 780
73 83
73 893
74 834
75 406
75 614
75 780
75 677
75 993
75 490
76 406
76 617
76 614
76 574
77 406
77 834
78 406
78 614
80 406
80 834
80 179
81 406
81 617
81 677
81 893
82 406
82 834
82 614
82 595
82 208
82 601
83 406
83 834
83 890
83 522
83 464
83 242
84 406
84 834
85 406
85 941
85 692
85 575
85 964
86 406
86 834
86 617
86 614
86 780
86 229
86 425
86 221
86 926
87 406
87 834
87 617
87 614
87 780
87 807
87 741
87 160
87 604
87 383
89 406
89 566
89 845
90 406
90 264
91 406
91 265
93 406
93 617
95 584
95 990
96 406
96 780
96 160
97 406
97 834
98 406
98 107
99 406
99 286
99 956
100 406
100 834
100 604
100 202
100 442
101 406
102 406
102 617
102 780
103 406
103 780
103 807
103 324
104 406
104 614
105 406
105 834
105 617
105 591
105 669
105 376
105 412
105 608
105 874
105 318
105 257
105 622
106 406
106 834
106 760
107 406
107 617
107 302
108 312
108 481
109 406
109 993
109 657
109 723
109 453
110 406
112 406
112 807
114 406
116 406
116 834
116 807
116 566
116 584
116 989
118 406
118 591
119 406
119 617
119 614
119 731
119 202
119 126
119 862
119 423
120 406
120 636
121 406
122 406
122 614
122 522
122 332
122 252
122 152
123 406
123 617
123 780
123 950
124 406
124 965
125 406
125 376
126 406
126 834
126 591
126 464
127 406
127 834
128 406
128 617
128 612
128 918
130 406
131 406
132 406
132 179
133 406
133 780
134 406
134 834
134 617
134 614
134 780
134 677
134 312
134 574
134 686
134 689
134 267
134 310
134 326
134 759
134 409
135 406
135 785
136 406
136 617
137 406
138 406
139 406
139 933
139 863
140 406
140 990
141 617
141 890
142 406
142 566
143 406
144 406
144 780
144 332
145 406
145 793
145 608
145 729
145 430
145 571
145 334
146 406
146 472
148 406
149 406
149 614
149 861
149 890
150 406
150 522
151 406
151 834
151 617
151 533
151 347
152 406
152 617
153 406
153 677
153 656
155 406
155 604
156 406
156 834
156 324
156 245
156 290
156 906
157 406
157 834
157 780
157 332
158 406
158 595
160 406
160 834
160 617
160 614
160 780
160 677
160 918
160 574
160 490
160 874
160 647
160 562
160 963
160 718
160 306
160 960
161 617
162 406
162 617
162 468
163 406
163 834
163 617
163 614
163 677
163 861
163 939
164 807
165 406
165 780
165 677
165 933
166 406
167 406
167 621
168 406
168 834
168 174
168 991
168 910
171 406
171 617
171 865
171 839
171 601
171 420
171 294
172 406
172 834
172 953
173 406
173 479
174 406
174 834
174 617
174 741
174 386
175 406
176 406
176 617
176 614
176 324
177 591
177 540
178 406
178 834
178 522
178 939
178 226
178 888
178 530
179 406
179 834
179 617
179 566
179 584
179 933
179 890
179 953
179 731
179 185
179 411
179 941
179 926
180 406
180 677
182 406
182 834
182 780
183 406
183 807
183 939
183 242
184 406
184 479
185 406
185 834
185 617
185 614
185 677
185 584
185 522
185 264
185 669
185 893
185 836
185 325
186 406
187 406
187 677
187 591
187 890
187 377
188 406
188 617
188 741
188 576
190 210
190 511
191 406
191 834
191 991
192 406
192 735
193 406
194 406
194 566
194 270
195 677
196 406
198 834
199 406
200 406
200 677
201 406
201 432
201 757
202 406
202 834
202 780
202 584
202 312
202 574
202 696
203 406
203 741
203 890
203 412
203 647
204 406
205 406
205 229
208 406
208 834
208 617
208 614
208 780
208 807
208 566
208 595
208 376
208 864
208 332
208 377
208 380
208 920
208 237
208 551
208 649
209 406
210 406
210 741
210 530
211 406
211 264
211 838
213 406
213 614
215 406
215 312
216 406
216 617
216 614
216 385
216 553
217 406
217 677
218 406
219 222
220 406
220 993
220 236
221 406
221 566
221 394
221 746
221 282
222 933
223 406
223 617
223 305
223 882
224 406
224 834
224 780
224 490
226 406
226 834
226 617
226 780
226 574
227 406
227 780
228 406
228 591
228 807
229 406
229 807
229 525
229 492
229 688
230 406
231 406
231 398
233 406
234 834
234 881
235 677
236 406
236 617
237 406
237 834
237 614
237 677
237 347
238 406
239 406
239 477
240 834
241 406
241 617
241 677
241 566
242 406
242 834
242 617
242 807
242 933
242 522
242 385
242 363
243 406
244 406
244 604
245 406
246 406
247 406
247 566
247 999
248 406
248 614
249 406
249 614
249 531
251 382
252 406
253 584
254 406
254 614
254 861
254 324
254 839
254 695
256 482
257 406
258 406
258 617
258 318
259 406
259 834
259 614
259 591
259 394
259 691
259 468
259 938
259 545
259 889
259 398
260 406
260 595
260 608
261 406
261 288
262 406
263 406
263 614
263 890
263 298
263 579
264 406
264 834
264 617
264 614
264 780
264 677
264 591
264 933
264 612
264 376
264 349
264 533
264 380
264 275
264 479
264 334
265 406
265 939
265 647
266 406
266 890
266 447
267 406
267 595
267 533
267 601
267 442
268 406
269 406
269 780
269 669
269 490
269 713
269 401
270 406
270 677
270 789
271 406
271 760
272 406
272 426
273 807
274 406
275 406
275 617
275 780
275 677
275 864
275 918
275 289
276 406
276 689
277 406
277 834
277 354
278 834
279 406
281 834
282 406
282 834
282 614
282 358
283 406
283 865
284 406
284 990
284 825
285 406
286 406
287 406
287 604
288 834
288 614
289 406
289 312
289 731
289 839
289 864
290 406
290 677
290 636
291 617
292 406
292 834
292 990
292 735
292 760
292 648
292 797
293 406
293 834
293 855
293 365
294 406
294 617
294 573
294 557
295 406
295 566
296 406
296 591
296 474
298 406
298 780
298 376
299 406
300 406
302 406
302 681
302 666
303 406
303 677
303 807
303 595
303 344
304 406
304 780
304 591
305 406
305 834
305 993
305 526
306 406
306 591
307 406
307 834
307 617
307 614
307 780
307 677
307 591
307 522
307 990
307 939
307 893
307 878
307 841
307 850
307 311
307 803
308 406
309 406
310 406
310 780
310 933
311 406
312 406
312 834
312 617
312 614
312 780
312 677
312 591
312 584
312 376
312 864
312 874
312 343
312 421
312 888
312 962
312 808
312 984
312 922
314 406
314 968
315 406
315 834
315 617
316 406
317 477
318 406
318 584
319 406
319 691
320 406
321 406
321 834
322 406
323 406
323 834
323 614
324 406
324 834
324 617
324 614
324 780
324 677
324 591
324 807
324 861
324 741
324 522
324 990
324 604
324 612
324 433
324 918
324 574
324 601
324 411
324 542
324 529
324 494
324 958
324 740
324 445
324 538
324 771
325 406
325 394
326 406
326 617
326 525
327 406
328 406
328 566
329 939
330 834
330 715
331 406
331 951
332 406
332 834
332 614
332 677
332 793
332 839
333 406
334 406
334 507
335 406
335 834
335 933
335 411
336 406
336 584
338 406
338 617
338 762
339 406
340 406
340 786
340 956
341 406
341 617
341 665
343 406
343 614
343 780
343 798
344 406
344 834
344 617
344 614
344 939
344 490
345 406
345 462
347 406
347 780
348 718
349 406
349 834
349 617
349 780
349 591
349 807
349 394
349 691
349 883
349 736
349 707
350 406
350 834
350 677
351 406
351 456
352 945
353 406
353 591
354 406
354 807
355 406
355 780
355 542
357 406
359 406
359 834
359 614
360 406
360 591
360 643
360 913
360 710
361 406
361 780
361 793
361 731
361 395
362 614
362 591
362 933
363 406
363 834
363 839
363 414
364 406
364 394
365 406
365 834
365 617
365 865
365 923
365 371
366 834
366 614
366 609
367 406
368 406
368 614
368 462
368 380
368 782
369 406
369 591
370 406
371 406
371 483
371 464
373 406
373 834
373 780
374 406
374 933
375 406
375 617
375 807
375 923
375 918
376 406
376 834
376 617
376 614
376 780
376 677
376 807
376 394
376 584
376 793
376 601
376 836
376 729
376 848
376 470
377 406
377 614
377 780
377 591
377 950
378 406
378 591
379 406
379 834
380 406
380 834
380 617
380 780
380 737
380 868
381 406
381 614
382 406
382 834
382 677
382 993
383 406
383 566
383 865
383 433
384 406
384 591
384 914
385 406
385 505
385 598
386 406
386 834
386 614
387 406
387 614
387 924
387 665
387 712
388 834
388 780
389 406
389 834
389 780
389 793
389 601
390 406
390 861
390 953
390 762
391 406
391 780
391 566
392 406
392 834
392 475
393 406
394 406
394 834
394 617
394 614
394 780
394 677
394 591
394 807
394 741
394 990
394 735
394 865
394 412
394 955
394 416
394 859
394 762
394 804
394 634
394 594
394 513
394 670
394 936
395 406
395 617
396 406
396 780
396 716
397 406
398 406
399 406
400 406
400 617
400 780
402 406
402 834
402 612
403 406
403 677
404 406
404 944
405 406
405 807
406 834
406 617
406 614
406 780
406 677
406 591
406 807
406 566
406 861
406 584
406 933
406 741
406 890
406 522
406 990
406 939
406 735
406 865
406 793
406 669
406 604
406 612
406 953
406 595
406 483
406 433
406 691
406 993
406 731
406 657
406 839
406 944
406 864
406 923
406 739
406 676
406 893
406 918
406 447
406 717
406 533
406 462
406 881
406 574
406 883
406 412
406 746
406 478
406 490
406 601
406 760
406 464
406 424
406 955
406 648
406 608
406 468
406 580
406 874
406 471
406 822
406 686
406 690
406 652
406 838
406 821
406 689
406 647
406 411
406 421
406 836
406 681
406 713
406 563
406 716
406 992
406 631
406 414
406 973
406 456
406 416
406 907
406 482
406 422
406 879
406 444
406 863
406 737
406 505
406 817
406 572
406 633
406 531
406 919
406 708
406 855
406 573
406 859
406 479
406 920
406 756
406 878
406 959
406 548
406 441
406 930
406 762
406 882
406 671
406 799
406 491
406 428
406 568
406 481
406 729
406 540
406 786
406 896
406 567
406 598
406 590
406 870
406 848
406 506
406 606
406 425
406 841
406 658
406 888
406 516
406 667
406 477
406 485
406 442
406 711
406 769
406 723
406 541
406 430
406 542
406 618
406 562
406 666
406 868
406 831
406 804
406 701
406 813
406 662
406 989
406 467
406 546
406 963
406 576
406 837
406 551
406 941
406 785
406 497
406 484
406 911
406 507
406 448
406 634
406 915
406 594
406 835
406 632
406 972
406 718
406 802
406 487
406 525
406 508
406 492
406 885
406 764
406 640
406 552
406 952
406 931
406 943
406 901
406 532
406 768
406 582
406 458
406 850
406 967
406 750
406 685
406 892
406 846
406 621
406 938
406 982
406 912
406 577
406 420
406 434
406 692
406 622
406 825
406 854
406 596
406 946
406 977
406 660
406 455
406 586
406 903
406 954
406 979
406 480
406 730
406 884
406 777
406 909
406 809
406 545
406 832
406 754
406 523
406 597
406 644
406 443
406 559
406 820
406 630
406 556
406 454
406 706
406 539
406 629
406 643
406 790
406 588
406 611
406 521
406 908
406 962
406 513
406 727
406 475
406 486
406 639
406 824
406 510
406 857
406 514
406 636
406 529
406 895
406 536
406 721
406 806
406 719
406 684
406 544
406 673
406 494
406 714
406 530
406 579
406 928
406 474
406 557
406 981
406 755
406 415
406 958
406 728
406 789
406 998
406 431
406 987
406 985
406 678
406 829
406 534
406 734
406 570
406 627
406 426
406 736
406 609
406 975
406 537
406 587
406 460
406 929
406 828
406 897
406 811
406 765
406 561
406 995
406 860
406 964
406 886
406 791
406 489
406 980
406 502
406 659
406 784
406 619
406 965
406 407
406 849
406 519
406 715
406 620
406 787
406 465
406 757
406 705
406 957
406 499
406 642
406 871
406 453
406 707
406 558
406 924
406 439
406 904
406 427
406 417
406 704
406 862
406 616
406 872
406 555
406 665
406 654
406 526
406 722
406 773
406 889
406 801
406 560
406 463
406 797
406 753
406 774
406 493
406 696
406 593
406 851
406 610
406 983
406 766
406 655
406 994
406 733
406 709
406 906
406 891
406 880
406 818
406 913
406 961
406 986
406 461
406 564
406 452
406 726
406 984
406 473
406 782
406 991
406 935
406 966
406 869
406 910
406 628
406 724
406 578
406 916
406 781
406 663
406 710
406 646
406 615
406 778
406 670
406 470
406 937
406 712
406 500
406 437
406 927
406 653
406 549
406 600
406 695
406 940
406 847
406 697
406 767
406 504
406 978
406 668
406 603
406 408
406 917
406 413
406 816
406 902
406 936
406 925
406 951
406 969
406 687
406 418
406 921
406 520
406 547
406 459
406 679
406 613
406 894
406 914
406 844
406 932
406 527
406 607
406 819
406 812
406 469
406 866
406 702
406 949
406 775
406 583
406 827
406 511
406 512
406 1000
406 446
406 800
406 725
406 569
406 535
410 617
411 834
411 614
412 834
412 617
412 614
412 780
412 584
412 883
412 562
412 579
412 740
414 617
414 591
414 990
415 614
415 483
416 576
417 807
417 836
418 604
419 483
421 729
421 430
422 834
422 614
424 834
424 594
424 463
425 677
425 902
426 617
426 618
426 764
427 780
428 648
428 786
429 834
430 786
431 677
431 522
432 677
433 834
433 617
433 614
433 780
433 677
433 566
433 483
433 821
433 992
433 590
433 841
433 711
433 720
433 653
434 545
435 834
444 614
444 780
445 566
447 834
447 617
447 614
447 780
447 677
447 591
447 933
447 490
447 508
447 492
447 565
448 861
448 659
448 550
453 834
453 602
454 826
455 834
456 780
456 591
456 876
456 616
457 890
458 807
458 637
459 865
460 617
460 604
461 614
462 780
462 522
462 793
462 595
462 964
464 834
464 614
465 834
467 617
467 780
467 591
467 627
468 834
468 617
468 780
470 834
471 834
471 614
471 677
471 893
471 569
472 834
474 617
475 566
475 631
475 511
477 780
477 529
478 834
478 617
478 993
478 601
479 780
480 834
480 614
481 939
481 874
482 807
482 533
483 834
483 617
483 614
483 780
483 677
483 591
483 807
483 861
483 669
485 874
486 591
486 848
487 834
490 834
490 566
490 933
490 963
491 780
491 861
493 834
493 617
494 807
495 614
497 834
503 834
505 834
505 617
505 807
505 760
506 614
506 566
506 890
508 617
508 614
508 901
510 677
511 807
512 834
512 677
512 574
512 802
513 834
514 834
514 677
516 834
516 756
518 990
520 834
522 834
522 617
522 614
522 780
522 677
522 591
522 807
522 933
522 735
522 865
522 953
522 760
522 754
522 575
522 752
522 528
523 591
525 834
525 746
527 780
527 677
530 834
530 617
531 933
531 601
533 834
533 614
533 591
533 604
533 944
533 947
534 780
535 614
536 807
536 892
539 838
540 834
540 617
540 591
540 566
540 741
540 990
541 617
541 933
541 957
542 677
542 591
543 834
543 617
545 780
545 861
545 820
547 677
547 797
548 617
548 591
550 807
553 834
554 807
555 793
556 834
556 614
561 834
562 780
563 614
563 677
563 591
564 577
566 834
566 617
566 614
566 780
566 677
566 591
566 807
566 584
566 865
566 793
566 691
566 883
566 822
566 689
566 671
566 622
566 977
566 581
566 649
566 965
566 585
567 807
567 584
568 884
569 920
570 780
571 780
573 591
573 807
574 834
574 617
574 614
574 780
574 677
574 807
574 939
574 633
574 803
575 834
576 834
576 614
576 918
577 834
577 861
579 834
580 677
580 861
581 834
584 834
584 617
584 614
584 780
584 677
584 591
584 807
584 691
584 731
584 601
584 874
584 950
585 834
586 890
587 617
588 834
588 614
588 846
590 617
590 861
590 669
591 834
591 617
591 614
591 780
591 677
591 807
591 861
591 933
591 890
591 990
591 939
591 669
591 612
591 691
591 657
591 839
591 923
591 893
591 918
591 601
591 822
591 631
591 973
591 907
591 879
591 671
591 729
591 606
591 667
591 941
591 632
591 802
591 660
591 809
591 908
591 805
591 921
591 819
592 993
593 863
595 834
595 617
595 614
595 780
595 677
595 861
595 741
595 612
595 731
595 648
595 713
595 931
596 834
598 807
599 780
600 617
600 918
601 834
601 617
601 880
603 614
604 834
604 617
604 614
604 780
604 677
604 839
604 676
604 647
604 919
604 870
604 724
606 617
607 959
608 617
608 614
608 741
608 713
608 716
609 677
610 834
612 834
612 617
612 614
612 780
612 677
612 933
612 735
612 992
612 882
612 667
612 849
612 887
613 780
614 834
614 617
614 780
614 677
614 807
614 861
614 933
614 741
614 890
614 990
614 939
614 735
614 865
614 793
614 669
614 953
614 691
614 993
614 731
614 657
614 944
614 864
614 923
614 739
614 893
614 918
614 881
614 746
614 955
614 648
614 690
614 652
614 838
614 821
614 713
614 973
614 907
614 863
614 919
614 959
614 762
614 799
614 658
614 666
614 785
614 632
614 943
614 685
614 854
614 903
614 979
614 777
614 754
614 908
614 636
614 929
614 886
614 776
614 757
614 665
614 880
614 840
614 668
614 905
617 834
617 780
617 677
617 807
617 861
617 933
617 741
617 890
617 990
617 939
617 735
617 865
617 793
617 669
617 953
617 691
617 993
617 731
617 657
617 923
617 676
617 893
617 918
617 881
617 883
617 746
617 955
617 874
617 822
617 686
617 690
617 652
617 836
617 879
617 863
617 737
617 817
617 859
617 756
617 878
617 799
617 711
617 618
617 804
617 718
617 912
617 854
617 644
617 820
617 630
617 629
617 744
617 620
617 872
617 773
617 797
617 751
617 726
617 991
617 966
617 656
617 781
617 803
617 770
617 877
618 865
618 713
621 907
624 834
633 677
634 677
636 865
637 780
640 861
644 677
647 933
648 780
648 893
648 881
649 807
651 993
652 890
652 990
656 834
657 834
657 677
657 990
657 953
657 691
657 686
657 863
657 889
660 889
662 834
662 933
663 677
664 834
666 669
666 993
669 834
669 780
669 677
669 807
669 861
669 944
669 923
669 699
670 780
670 952
672 919
673 834
675 807
676 780
677 834
677 780
677 807
677 861
677 933
677 741
677 890
677 990
677 939
677 735
677 865
677 793
677 953
677 691
677 731
677 864
677 893
677 955
677 838
677 689
677 836
677 681
677 920
677 786
677 868
677 892
677 773
677 986
677 910
677 900
677 844
677 922
678 741
681 839
681 971
684 834
686 834
686 861
686 786
687 807
688 881
689 834
689 780
689 912
690 834
690 691
690 796
691 834
691 780
691 839
691 864
691 975
691 876
692 834
694 780
698 834
701 807
708 834
709 893
711 944
713 939
715 963
716 731
716 737
717 834
717 741
717 864
717 978
718 861
718 727
718 898
719 834
719 731
722 780
723 834
723 811
727 964
728 834
728 780
729 960
730 808
730 936
731 834
731 780
731 893
731 894
732 990
733 944
735 834
735 780
735 741
735 865
735 746
735 760
735 777
735 862
736 807
737 780
737 958
739 834
739 780
739 939
740 762
741 834
741 780
741 861
741 933
741 865
741 864
741 923
741 893
741 918
741 971
741 947
741 914
743 759
743 751
744 834
744 990
746 834
746 780
746 939
746 853
748 834
749 865
750 990
754 834
756 780
760 834
760 939
761 834
762 834
767 780
768 864
771 834
772 883
776 998
777 834
780 834
780 807
780 861
780 933
780 890
780 990
780 939
780 865
780 793
780 953
780 993
780 839
780 944
780 864
780 923
780 893
780 881
780 822
780 838
780 992
780 855
780 882
780 799
780 911
780 912
780 903
780 979
780 985
780 829
780 794
780 818
780 875
780 842
780 949
786 834
790 861
793 834
793 933
793 882
793 837
794 915
797 835
798 907
804 834
806 834
807 834
807 861
807 890
807 939
807 865
807 870
807 929
807 847
807 873
807 887
807 970
812 893
814 993
816 834
817 861
820 944
821 834
821 838
825 834
828 834
829 861
834 861
834 933
834 890
834 990
834 939
834 865
834 953
834 993
834 839
834 944
834 864
834 923
834 893
834 918
834 883
834 838
834 973
834 879
834 863
834 855
834 920
834 930
834 896
834 848
834 841
834 911
834 943
834 977
834 954
834 909
834 897
834 886
834 986
834 869
834 898
834 916
834 905
834 942
834 877
836 890
836 919
837 939
837 842
838 931
841 933
841 990
848 859
855 870
857 861
861 933
861 990
861 993
861 864
861 884
865 953
865 955
865 911
878 963
881 890
881 938
883 980
890 893
890 919
890 971
896 962
901 965
917 939
917 993
923 941
933 953
938 990
