1000 2845
3 514
3 958
3 413
3 698
4 514
4 958
4 875
4 934
5 514
7 958
7 875
7 354
7 666
7 748
7 530
8 514
8 972
8 193
9 514
9 717
9 527
10 514
10 972
10 419
11 354
12 514
12 958
12 875
12 865
13 514
13 822
13 812
13 242
16 514
16 527
16 858
17 717
18 514
18 717
18 993
19 514
19 875
21 354
21 253
21 480
21 916
22 514
23 958
23 354
23 972
23 369
23 698
23 526
24 514
24 354
26 79
27 514
28 717
29 958
30 875
32 514
32 958
32 354
32 972
32 193
32 753
32 181
32 185
32 450
34 958
34 875
34 108
34 130
35 429
36 514
36 958
36 875
36 354
36 972
36 512
36 385
36 366
37 514
37 310
38 804
39 169
40 901
41 958
41 354
42 514
44 514
44 958
44 516
44 767
44 860
44 568
45 514
46 514
46 354
46 907
46 409
47 514
47 958
47 875
47 354
47 889
48 943
48 836
49 717
49 413
50 514
50 263
51 514
51 875
51 972
51 391
51 335
51 299
53 514
53 958
53 875
53 354
53 717
53 369
53 698
53 440
53 328
53 997
53 567
53 169
53 786
53 88
54 514
54 527
55 354
56 514
56 958
56 875
57 514
57 958
57 875
57 717
57 314
58 972
59 514
59 958
59 875
59 354
59 972
59 413
59 227
59 503
60 875
60 354
60 323
61 354
62 514
62 958
62 466
62 962
63 514
63 958
63 875
63 941
64 514
64 958
64 527
65 514
65 958
65 717
65 413
65 320
66 514
66 544
67 514
67 958
67 717
67 413
69 514
69 958
70 958
70 875
70 586
71 958
72 875
72 354
73 514
73 991
74 514
74 958
74 233
75 514
75 972
76 514
76 717
76 135
77 514
77 958
78 514
78 562
79 514
79 958
79 875
79 354
79 717
79 972
79 527
79 233
79 698
79 543
79 101
79 671
79 476
81 514
81 354
82 514
82 875
83 514
83 958
83 875
83 717
83 190
83 916
84 875
85 717
85 291
86 514
86 958
86 972
87 514
87 339
89 514
89 221
90 514
90 958
90 875
90 354
90 717
90 972
90 991
90 230
90 584
90 692
90 102
91 354
92 958
94 514
94 527
94 413
95 354
95 413
95 239
95 718
96 519
97 514
97 875
97 354
97 339
99 717
99 822
100 514
100 958
100 875
100 354
100 717
100 972
100 527
100 369
100 226
100 123
101 958
102 514
102 354
102 717
102 477
102 423
102 666
103 514
103 717
106 514
106 958
107 514
107 717
107 537
107 672
108 514
108 958
108 875
108 354
108 717
108 972
108 527
108 991
108 233
108 837
108 537
108 113
108 384
108 345
108 895
108 262
109 514
109 958
109 875
109 354
109 527
109 822
109 971
109 841
110 514
110 958
110 875
110 527
110 889
111 514
111 958
111 875
111 354
111 717
111 972
111 527
111 413
111 369
111 855
111 698
111 837
111 822
111 253
111 941
111 328
111 934
111 146
111 943
112 514
112 958
112 354
112 440
112 746
113 514
113 958
113 875
113 354
113 717
113 413
113 440
113 822
113 888
113 738
113 199
113 392
115 514
115 958
115 875
115 354
115 972
115 527
115 822
115 920
116 514
116 958
116 875
116 354
116 717
116 527
116 385
116 737
116 627
116 361
116 738
116 747
117 514
118 514
118 958
118 423
118 800
118 406
119 514
119 958
119 875
119 166
119 621
119 679
120 514
120 958
120 354
120 516
120 146
120 431
121 527
123 514
123 875
123 889
123 263
124 514
124 958
124 875
124 354
124 424
124 536
125 958
125 354
125 643
127 958
127 875
128 514
128 958
128 925
128 856
128 935
129 354
130 514
130 855
131 514
131 958
131 875
131 413
131 666
132 514
132 958
132 302
132 330
133 514
133 958
134 514
134 958
134 369
134 905
135 514
135 958
136 533
137 717
138 527
138 413
139 514
139 958
139 875
139 354
139 972
139 413
139 477
139 337
139 667
141 514
141 905
142 514
143 712
144 514
144 958
144 875
144 354
144 972
144 609
145 514
146 514
146 958
146 972
146 638
146 158
146 609
146 998
147 514
147 875
147 413
147 973
147 271
149 514
149 354
149 308
150 514
150 875
150 354
150 800
151 514
152 514
152 875
152 662
154 514
154 958
154 875
154 717
155 514
155 958
155 875
155 354
155 527
155 413
155 855
155 837
155 519
155 943
156 369
157 413
158 514
158 958
158 875
158 717
158 527
158 947
159 514
159 958
159 875
161 514
161 958
161 875
161 354
161 717
161 957
161 263
161 678
161 987
162 514
162 958
162 875
162 354
162 527
162 478
162 574
162 474
163 958
163 875
163 320
164 354
164 957
164 444
165 514
165 698
166 514
166 958
166 875
166 354
166 717
166 527
166 889
166 440
166 822
166 466
166 560
166 797
166 365
166 504
166 776
166 789
166 442
167 514
167 875
167 941
167 481
168 478
169 514
170 514
170 354
170 991
170 233
171 514
171 958
171 354
171 641
171 290
172 514
172 875
173 514
173 643
174 514
176 514
176 331
177 514
177 958
177 413
177 855
177 837
177 572
178 958
178 875
179 514
179 875
180 514
180 958
180 354
180 717
180 527
180 733
180 943
180 574
181 514
181 958
181 875
181 354
181 717
181 971
181 395
181 591
181 611
182 514
182 991
183 514
183 958
183 941
184 514
185 514
185 875
185 354
185 643
185 749
185 792
185 459
186 972
187 958
187 875
188 514
188 958
188 875
190 514
190 958
190 875
190 354
190 717
190 972
190 527
190 413
190 855
190 889
190 583
190 516
190 443
190 498
190 644
190 650
190 490
190 618
190 249
191 514
191 958
193 514
193 958
193 875
193 354
193 717
193 972
193 527
193 413
193 369
193 855
193 991
193 889
193 698
193 837
193 957
193 429
193 544
193 973
193 641
193 444
193 480
193 395
193 797
193 594
193 558
193 829
193 987
193 229
193 396
193 592
194 641
195 514
195 875
195 512
196 717
197 897
198 391
199 514
199 230
200 514
200 717
201 354
201 226
201 861
202 514
202 413
202 430
204 514
204 822
205 514
205 958
205 972
206 514
206 958
206 875
206 354
206 512
207 875
208 514
208 889
209 514
210 958
213 514
213 875
213 991
213 216
215 514
215 354
217 958
218 514
218 958
218 875
218 889
219 514
219 972
220 958
220 928
221 958
221 504
222 514
222 283
223 958
223 972
223 480
225 514
225 717
226 514
226 958
226 875
226 354
226 717
226 837
226 797
226 349
226 870
227 514
227 958
227 875
227 354
227 717
227 527
227 871
228 514
228 958
229 514
229 958
229 875
229 717
229 527
229 941
229 480
229 460
229 920
230 514
230 958
230 875
230 354
230 972
230 413
230 369
230 855
230 643
230 904
231 514
232 514
232 958
233 514
233 958
233 875
233 354
233 717
233 972
233 527
233 413
233 369
233 855
233 991
233 889
233 745
233 583
233 957
233 733
233 933
233 822
233 485
233 638
233 385
233 797
233 365
233 688
233 977
233 430
233 891
233 300
233 287
233 899
233 908
233 282
233 661
233 802
233 600
234 514
234 413
235 514
235 875
236 514
236 958
236 875
236 527
236 991
236 543
238 514
238 868
239 514
239 958
239 875
239 354
239 717
239 413
239 485
239 385
239 634
240 514
240 527
240 797
241 514
242 514
242 958
243 514
243 875
244 514
244 512
245 875
245 972
246 514
246 875
246 527
247 514
248 514
248 395
249 514
249 253
250 413
251 514
251 354
252 514
252 429
252 444
252 977
253 514
253 958
253 875
253 354
253 717
253 972
253 527
253 413
253 643
253 477
253 537
253 619
253 398
253 925
253 865
253 781
254 514
255 514
255 527
257 717
257 466
258 514
258 477
258 386
259 514
259 354
261 514
261 944
262 354
262 934
262 812
263 514
263 958
263 875
263 354
263 717
263 527
263 855
263 991
263 339
264 514
264 905
265 717
266 875
266 527
267 514
267 958
267 354
267 369
267 889
267 698
268 527
268 601
270 514
270 354
270 583
271 514
271 402
272 875
275 514
275 958
275 429
275 971
276 514
276 735
277 514
277 958
277 875
278 958
278 354
278 382
280 514
280 354
281 514
281 958
281 850
282 717
282 440
283 643
283 574
284 328
285 514
285 875
285 889
285 837
285 933
285 594
286 514
287 514
287 413
288 514
288 958
288 875
288 717
288 466
288 776
290 354
291 514
291 717
291 888
292 514
292 958
292 875
292 354
292 527
292 991
292 619
294 514
294 875
294 837
294 544
294 328
294 395
296 514
296 941
296 443
296 582
297 426
298 514
298 958
298 875
298 972
298 889
298 526
298 743
299 514
300 514
300 958
300 875
300 717
300 734
301 514
301 958
302 514
302 958
302 875
302 698
302 638
302 423
302 533
302 665
303 514
303 958
303 972
303 413
303 839
304 958
305 514
305 958
306 958
306 745
306 542
308 514
308 958
308 875
308 354
308 717
308 972
308 991
308 698
308 485
310 958
310 449
312 958
312 328
312 572
313 777
314 514
314 467
315 958
315 417
316 514
317 514
317 958
317 354
317 738
318 738
318 552
319 514
319 354
319 527
320 514
320 958
320 875
320 527
320 889
322 413
322 512
323 514
323 958
323 875
323 354
323 717
323 972
323 544
323 760
323 776
324 527
325 514
325 958
325 354
325 413
325 369
325 785
326 958
326 527
326 592
328 514
328 958
328 875
328 354
328 717
328 972
328 527
328 413
328 991
328 957
328 733
328 519
328 357
328 846
328 400
330 514
330 958
330 875
330 354
330 717
331 514
331 544
332 354
333 514
333 991
334 514
334 717
334 934
334 406
335 514
337 958
338 958
339 514
339 958
339 875
339 354
339 527
339 733
340 514
341 958
341 413
341 753
342 733
342 619
343 514
343 875
343 354
344 886
345 514
345 717
345 365
346 514
347 860
348 514
348 859
349 958
349 889
350 855
351 514
353 514
353 736
354 514
354 958
354 875
354 717
354 972
354 527
354 413
354 369
354 855
354 991
354 889
354 643
354 698
354 745
354 583
354 837
354 957
354 429
354 733
354 440
354 512
354 933
354 544
354 822
354 888
354 477
354 360
354 973
354 753
354 478
354 485
354 641
354 941
354 444
354 466
354 516
354 519
354 971
354 480
354 638
354 537
354 934
354 871
354 974
354 460
354 423
354 443
354 385
354 572
354 560
354 997
354 543
354 619
354 797
354 402
354 799
354 398
354 391
354 800
354 663
354 498
354 946
354 769
354 758
354 594
354 750
354 905
354 737
354 947
354 558
354 977
354 479
354 554
354 768
354 829
354 893
354 647
354 406
354 692
354 987
354 495
354 891
354 531
354 580
354 590
354 857
354 725
354 577
354 482
354 612
354 869
354 625
354 559
354 726
354 851
354 564
354 936
354 428
354 700
354 361
354 782
354 908
354 431
354 548
354 574
354 371
354 948
354 530
354 474
354 789
354 687
354 450
354 814
354 734
354 414
354 588
354 766
354 441
354 712
354 410
354 624
354 579
354 764
354 435
354 929
354 802
354 411
354 846
354 911
354 378
354 655
354 695
354 775
354 923
354 528
354 976
354 667
354 607
354 723
354 662
354 377
354 765
354 815
354 808
354 839
354 866
354 433
354 484
354 963
355 837
356 514
356 958
356 875
357 514
357 958
357 875
357 717
357 527
357 369
358 875
358 745
359 514
360 514
360 958
360 875
360 717
360 972
360 527
360 369
360 855
360 837
360 641
360 974
360 479
360 531
360 590
360 952
360 710
360 734
361 514
362 958
365 514
365 958
365 717
366 514
367 514
367 958
367 745
367 675
368 514
368 958
368 875
368 717
368 582
368 1000
369 514
369 958
369 875
369 717
369 972
369 527
369 413
369 855
369 991
369 889
369 643
369 698
369 745
369 583
369 837
369 733
369 512
369 822
369 888
369 477
369 753
369 485
369 516
369 519
369 971
369 934
369 663
369 594
369 891
369 767
369 504
369 806
369 475
369 599
369 621
369 899
369 549
369 588
369 828
369 410
369 439
369 445
369 557
369 471
369 600
370 384
371 514
371 958
371 933
373 514
373 958
373 679
374 514
375 514
375 875
376 514
376 958
377 583
378 958
378 972
379 514
380 514
381 837
382 958
382 717
382 855
382 721
383 527
384 514
384 958
384 875
384 972
384 643
384 512
385 514
385 958
385 875
385 527
385 889
385 698
385 583
385 733
385 537
386 514
386 413
386 432
388 514
389 514
389 717
389 905
390 514
390 717
390 992
391 514
391 958
391 875
391 717
391 516
391 974
391 737
391 454
391 813
392 717
392 884
393 514
393 633
395 514
395 958
395 875
395 527
395 413
395 889
395 698
395 440
395 907
396 717
397 537
398 514
398 958
398 717
398 413
398 643
398 581
399 855
400 972
401 875
401 443
401 765
402 514
402 958
402 875
402 717
402 641
402 901
404 958
405 514
405 875
405 413
406 514
406 875
407 958
407 875
408 514
408 958
409 527
411 514
411 875
413 514
413 958
413 875
413 717
413 972
413 527
413 855
413 991
413 889
413 643
413 698
413 745
413 583
413 837
413 957
413 429
413 733
413 440
413 512
413 933
413 544
413 888
413 477
413 753
413 478
413 444
413 466
413 516
413 971
413 638
413 871
413 460
413 997
413 591
413 905
413 558
413 602
413 692
413 725
413 627
413 943
413 609
413 860
413 838
413 738
413 895
413 526
413 903
413 986
413 687
413 886
413 586
413 535
413 805
413 571
413 921
413 561
414 514
414 958
415 958
415 875
415 717
416 514
416 958
416 875
416 517
417 514
418 514
418 717
418 889
418 837
418 682
419 514
419 717
419 946
420 514
420 958
420 822
420 478
420 485
421 514
422 514
422 958
423 514
423 958
423 875
423 717
423 855
423 991
423 973
423 753
424 514
424 958
425 514
426 514
426 958
426 875
426 933
426 608
427 958
427 963
428 514
428 957
429 514
429 958
429 875
429 717
429 972
429 527
429 991
429 643
429 698
429 837
429 466
429 797
429 799
429 779
429 644
429 856
429 496
429 658
429 747
429 587
429 976
429 538
430 514
430 958
430 875
430 775
431 514
431 958
432 514
434 514
434 958
437 958
437 731
438 514
438 958
438 875
439 958
439 987
440 514
440 958
440 875
440 717
440 972
440 527
440 855
440 889
440 822
440 485
440 480
440 934
440 871
440 759
440 831
440 989
440 897
440 929
441 514
441 717
442 514
443 514
443 958
443 875
443 717
443 972
443 859
443 462
443 531
443 975
444 514
444 958
444 875
444 717
444 583
444 957
444 544
444 638
444 883
444 985
445 991
445 954
446 958
447 875
450 514
450 958
450 875
451 958
451 855
452 958
453 514
453 958
454 514
454 958
454 636
455 514
455 958
456 958
457 958
458 991
460 514
460 958
460 875
460 717
460 745
460 933
460 517
460 775
460 522
462 514
462 958
462 875
462 717
462 698
462 837
462 663
463 514
464 958
465 958
465 717
466 514
466 958
466 875
466 717
466 972
466 745
466 957
466 933
466 485
466 971
466 980
466 488
467 514
467 958
467 875
467 717
468 717
470 514
471 514
471 958
472 514
472 717
472 574
473 514
474 717
474 475
475 514
475 958
475 875
475 855
476 958
477 514
477 958
477 875
477 717
477 972
477 527
477 855
477 991
477 933
477 544
477 638
477 647
477 860
477 879
478 514
478 958
478 875
478 717
478 972
478 527
478 855
478 991
478 643
478 745
478 971
478 916
478 725
478 734
478 764
479 514
479 958
479 875
479 717
479 973
479 871
480 514
480 958
480 875
480 717
480 670
481 514
482 514
482 958
482 875
482 494
484 717
485 514
485 958
485 875
485 717
485 972
485 527
485 889
485 822
485 888
485 591
485 504
485 766
485 615
485 882
487 514
487 544
488 514
489 514
489 958
489 889
489 984
490 666
491 958
491 717
492 514
492 958
492 860
493 875
495 514
495 875
495 717
496 514
496 958
496 875
498 514
498 958
498 875
498 717
498 972
498 619
499 875
500 514
500 958
500 875
502 514
503 514
503 958
503 875
503 905
504 514
504 958
504 875
504 527
504 855
504 606
505 514
506 514
506 958
507 958
507 855
508 958
510 514
510 958
510 888
511 958
512 514
512 958
512 875
512 717
512 972
512 527
512 855
512 889
512 837
512 859
512 554
512 848
512 813
512 719
512 794
512 727
513 514
513 991
514 958
514 875
514 717
514 972
514 527
514 855
514 991
514 889
514 643
514 698
514 745
514 583
514 837
514 957
514 733
514 933
514 544
514 822
514 888
514 973
514 753
514 641
514 941
514 516
514 519
514 971
514 638
514 537
514 934
514 871
514 974
514 572
514 560
514 997
514 543
514 907
514 619
514 797
514 591
514 799
514 785
514 800
514 859
514 663
514 916
514 946
514 769
514 758
514 688
514 594
514 713
514 750
514 905
514 737
514 584
514 947
514 558
514 977
514 779
514 554
514 697
514 731
514 884
514 768
514 829
514 893
514 761
514 818
514 759
514 602
514 647
514 692
514 810
514 678
514 925
514 812
514 987
514 666
514 891
514 531
514 580
514 590
514 767
514 831
514 857
514 708
514 657
514 725
514 920
514 577
514 965
514 627
514 811
514 806
514 874
514 943
514 883
514 599
514 704
514 644
514 612
514 869
514 760
514 970
514 609
514 625
514 860
514 879
514 967
514 621
514 656
514 940
514 740
514 660
514 559
514 901
514 995
514 567
514 562
514 633
514 853
514 676
514 830
514 851
514 984
514 564
514 899
514 848
514 877
514 776
514 936
514 904
514 856
514 596
514 813
514 865
514 952
514 582
514 878
514 989
514 700
514 517
514 533
514 608
514 610
514 876
514 838
514 736
514 782
514 885
514 908
514 548
514 574
514 938
514 748
514 738
514 895
514 903
514 948
514 986
514 530
514 679
514 756
514 710
514 770
514 565
514 549
514 836
514 581
514 975
514 632
514 909
514 573
514 606
514 722
514 814
514 854
514 993
514 671
514 872
514 682
514 728
514 672
514 784
514 603
514 858
514 593
514 917
514 653
514 849
514 553
514 935
514 964
514 954
514 794
514 712
514 992
514 714
514 828
514 739
514 749
514 661
514 980
514 730
514 568
514 764
514 645
514 604
514 832
514 892
514 961
514 763
514 615
514 960
514 910
514 802
514 545
514 589
514 864
514 709
514 630
514 757
514 520
514 696
514 819
514 805
514 775
514 743
514 835
514 795
514 949
514 706
514 636
514 659
514 652
514 707
514 620
514 529
514 824
514 724
514 823
514 595
514 587
514 956
514 578
514 618
514 701
514 890
514 746
514 845
514 607
514 751
514 716
514 968
514 598
514 953
514 771
514 862
514 820
514 629
514 913
514 673
514 762
514 534
514 521
514 702
514 906
514 815
514 674
514 1000
514 556
514 524
514 631
514 791
514 727
514 601
514 988
514 772
514 592
514 563
514 693
514 715
514 561
514 547
515 875
516 958
516 875
516 717
516 527
516 583
516 957
516 653
517 875
519 958
519 875
519 717
519 972
519 527
519 583
519 544
525 649
527 958
527 875
527 717
527 972
527 855
527 991
527 889
527 643
527 698
527 745
527 583
527 837
527 957
527 733
527 933
527 544
527 888
527 973
527 641
527 971
527 638
527 871
527 572
527 560
527 997
527 543
527 688
527 558
527 920
527 612
527 776
527 582
527 885
527 938
527 986
527 756
527 719
527 909
527 542
527 858
527 680
527 739
527 980
527 640
527 615
527 996
527 696
527 949
527 950
527 852
528 693
529 855
531 958
531 875
531 717
533 991
535 958
537 958
537 875
537 717
537 837
537 641
537 584
537 838
539 875
539 907
540 897
541 717
541 799
542 717
542 972
542 698
543 958
543 875
543 888
544 958
544 875
544 717
544 972
544 991
544 698
544 745
544 733
544 897
547 958
548 958
548 753
549 972
549 946
550 875
552 745
554 958
554 875
554 717
554 972
555 822
555 812
556 958
557 875
558 958
558 717
559 958
560 958
560 875
560 584
560 849
562 958
562 875
565 875
567 717
567 893
572 958
572 875
572 717
572 855
572 753
572 663
572 776
572 842
574 875
575 717
575 800
577 958
577 875
577 717
577 972
577 871
580 958
580 875
580 916
581 648
582 671
583 958
583 875
583 717
583 972
583 991
583 871
583 797
583 800
583 750
583 737
583 904
583 728
583 802
583 637
583 896
583 754
584 958
584 717
584 851
586 713
588 958
588 719
589 958
590 958
590 875
590 599
591 958
591 875
591 717
591 972
591 822
591 907
591 784
591 723
593 717
593 972
594 958
594 875
594 797
594 849
595 698
596 958
598 972
599 958
602 958
602 875
602 733
603 958
603 957
608 958
608 717
608 933
609 958
609 875
610 875
610 731
612 958
612 825
619 958
619 875
619 717
619 938
619 659
621 923
624 856
625 719
626 875
626 698
627 717
629 958
631 958
632 958
633 958
635 958
635 643
635 957
635 771
638 958
638 875
638 717
638 972
638 745
638 888
638 732
640 717
641 958
641 875
641 717
641 695
643 958
643 875
643 717
643 972
643 855
643 991
643 745
643 837
643 957
643 973
643 941
643 769
643 758
643 697
643 731
643 761
643 940
643 929
643 846
643 923
643 648
643 723
645 958
647 958
647 875
647 717
649 941
650 958
652 991
653 717
654 958
655 958
659 717
660 958
660 875
663 958
664 889
665 875
666 958
668 700
669 958
670 875
671 958
671 893
672 958
673 972
676 875
677 958
677 972
678 875
679 871
680 875
681 717
681 759
682 958
683 958
684 717
685 958
685 875
686 958
687 889
688 958
688 875
688 837
688 798
689 893
692 958
692 710
695 958
696 958
697 958
697 717
697 837
697 888
697 977
697 967
698 958
698 875
698 717
698 972
698 855
698 991
698 889
698 933
698 822
698 831
698 801
699 875
700 958
700 875
704 958
704 875
704 972
704 799
705 972
705 871
707 875
708 958
708 750
709 958
709 875
710 717
711 837
712 958
712 875
712 717
713 958
713 875
713 717
713 831
717 958
717 875
717 972
717 855
717 991
717 889
717 745
717 837
717 957
717 733
717 933
717 822
717 888
717 973
717 753
717 941
717 971
717 934
717 871
717 974
717 797
717 799
717 785
717 800
717 859
717 946
717 769
717 758
717 779
717 768
717 818
717 759
717 810
717 891
717 767
717 857
717 943
717 869
717 940
717 830
717 813
717 952
717 878
717 816
717 782
717 885
717 719
717 858
717 917
717 788
717 992
717 929
717 960
717 910
717 825
717 793
717 923
717 843
717 924
717 834
717 820
717 839
717 994
717 752
718 958
721 796
722 958
722 875
722 828
724 958
724 972
725 958
725 825
726 875
730 822
731 958
733 958
733 875
733 972
733 991
733 889
733 957
733 941
733 769
733 884
733 903
733 951
733 744
734 958
736 972
736 855
736 806
737 958
737 855
737 991
738 875
740 991
743 958
743 933
744 958
744 875
745 958
745 875
745 972
745 991
745 889
745 822
745 973
745 753
745 799
745 987
745 856
746 875
746 972
747 958
749 958
750 958
750 875
750 855
751 958
752 958
753 958
753 875
753 972
753 889
755 875
755 761
756 875
756 782
757 875
758 958
758 875
759 958
759 855
760 958
761 958
761 875
762 958
767 958
767 972
768 958
768 855
769 958
769 875
770 958
770 923
773 958
776 958
779 958
783 958
785 958
785 875
785 934
789 855
794 875
795 855
797 958
797 875
797 972
797 855
797 822
797 799
797 860
799 958
799 875
800 958
800 875
800 972
800 991
800 934
801 958
801 991
802 958
802 875
802 925
804 875
806 958
806 821
809 958
809 972
809 855
810 958
810 855
811 958
811 972
812 958
812 875
812 947
813 958
818 958
818 875
819 875
821 958
821 890
822 958
822 875
822 972
822 855
822 991
822 871
822 916
822 848
822 877
822 852
823 973
825 875
825 972
828 958
829 958
829 871
829 988
830 958
830 875
830 901
831 958
831 875
831 973
832 958
837 958
837 875
837 972
837 855
837 991
837 971
837 853
838 958
840 875
841 888
842 958
843 958
845 875
846 875
847 958
848 958
852 958
853 958
854 958
854 875
855 958
855 875
855 972
855 991
855 889
855 888
855 973
855 946
855 874
857 875
858 958
859 958
859 875
860 957
861 875
864 958
865 958
867 958
869 958
871 958
871 875
871 933
871 971
872 875
875 958
875 972
875 991
875 889
875 957
875 933
875 888
875 973
875 941
875 971
875 934
875 974
875 997
875 907
875 916
875 946
875 905
875 947
875 893
875 925
875 987
875 965
875 984
875 936
875 878
875 989
875 885
875 908
875 897
875 986
875 954
875 992
875 898
875 926
875 921
875 922
881 991
883 907
883 946
884 972
888 958
888 972
888 991
889 958
889 972
889 991
889 973
889 941
889 997
889 920
889 911
889 890
892 972
893 958
899 958
899 972
899 902
901 958
901 991
905 958
906 958
907 958
907 991
909 958
910 965
912 958
916 958
917 958
917 973
920 958
922 972
923 958
924 958
925 958
929 938
933 958
933 972
933 991
933 973
934 958
934 972
935 958
936 972
940 958
941 958
942 958
946 958
947 958
948 958
952 958
957 958
957 972
957 991
957 965
958 972
958 991
958 973
958 971
958 974
958 997
958 977
958 965
958 970
958 967
958 984
958 989
958 992
958 990
958 962
960 973
970 991
971 975
972 991
972 973
972 977
972 981
972 998
972 988
974 991
