200 509
1 111
1 150
1 10
2 133
3 100
4 111
4 133
4 150
4 83
4 148
4 100
4 73
4 14
4 158
4 77
4 126
4 108
4 106
4 25
4 189
4 113
4 170
4 135
4 184
4 85
4 185
4 71
4 98
4 144
4 166
4 29
7 133
7 150
7 108
8 111
8 133
8 83
8 105
8 14
8 175
8 30
9 38
10 111
10 133
10 150
10 83
10 100
10 73
10 13
10 174
10 41
10 168
10 35
10 115
10 124
10 175
10 28
10 164
10 81
10 26
10 84
10 88
10 19
11 41
11 35
12 133
12 91
12 53
13 111
13 133
13 83
13 148
13 100
13 73
13 117
13 158
13 77
13 174
13 91
13 106
13 124
13 155
13 167
14 111
14 133
14 150
14 83
14 148
14 73
14 174
14 38
14 91
14 28
14 58
14 24
15 111
15 133
15 108
16 84
17 41
18 111
18 192
19 111
22 148
22 117
22 77
22 123
23 174
24 111
24 150
25 111
25 133
25 100
25 126
25 194
25 155
26 133
26 199
27 83
28 111
28 133
28 83
28 100
28 73
28 38
28 101
28 97
28 51
30 111
30 105
31 111
31 133
31 83
31 117
31 33
32 100
33 150
33 77
33 44
33 39
34 111
34 100
34 135
34 154
34 120
35 133
35 150
35 148
35 77
35 50
36 123
37 70
38 150
38 148
38 161
38 174
39 83
39 175
40 168
41 111
41 133
41 83
41 148
41 161
41 77
41 175
41 71
42 133
42 150
42 91
43 150
43 83
43 73
44 123
44 62
45 150
47 146
48 123
48 85
49 150
49 161
49 193
50 111
50 83
50 73
53 133
53 148
54 133
54 160
55 100
55 184
56 111
56 170
56 112
57 73
57 64
58 111
58 133
58 150
58 64
58 163
58 116
61 111
61 133
63 111
63 133
63 174
64 111
64 133
64 150
64 83
64 148
64 100
64 160
64 105
64 174
64 178
64 170
64 81
64 128
64 190
64 149
64 80
65 100
65 105
65 77
67 133
67 150
67 132
68 127
69 150
69 118
71 77
71 81
73 111
73 133
73 150
73 83
73 148
73 100
73 160
73 158
73 91
73 159
73 131
73 122
73 88
74 178
75 105
75 161
75 77
75 174
75 108
76 111
77 111
77 133
77 150
77 161
77 158
77 123
77 115
77 178
77 185
77 99
77 169
78 133
78 81
79 111
79 133
79 148
79 160
79 123
79 108
80 111
80 167
80 186
80 200
81 124
83 111
83 133
83 150
83 148
83 100
83 160
83 105
83 161
83 91
83 194
83 86
83 129
83 145
83 156
83 190
83 177
83 102
84 150
84 100
84 106
85 133
85 160
86 111
88 104
91 111
91 133
91 148
91 100
91 161
91 117
91 120
91 179
93 111
94 194
94 191
94 109
96 133
96 195
97 133
99 121
100 111
100 133
100 150
100 148
100 160
100 105
100 132
100 123
100 124
100 131
100 121
100 189
100 113
100 129
100 101
100 195
100 154
100 140
101 111
103 155
103 127
104 133
104 164
104 122
104 135
105 111
105 133
105 150
105 148
105 160
105 117
105 108
105 124
105 178
105 107
106 111
106 133
106 150
106 168
106 178
107 150
107 110
108 111
108 133
108 161
108 158
108 137
109 133
109 150
109 117
110 148
110 171
111 133
111 150
111 148
111 160
111 161
111 117
111 132
111 158
111 123
111 126
111 174
111 159
111 194
111 115
111 124
111 131
111 164
111 113
111 170
111 171
111 135
111 146
111 137
111 195
111 163
111 118
111 176
111 119
111 112
111 143
111 162
111 177
111 120
111 187
111 149
111 125
111 138
111 196
111 200
111 180
112 133
112 150
113 150
113 160
113 124
113 190
113 179
114 115
114 165
115 162
115 127
115 141
116 150
116 159
117 133
117 150
117 148
121 126
122 133
122 150
122 163
123 133
123 148
124 148
124 132
126 133
128 150
129 133
129 158
131 132
131 158
131 195
131 184
131 183
132 133
132 150
132 148
132 170
132 154
132 193
132 172
133 150
133 148
133 160
133 161
133 158
133 174
133 168
133 159
133 194
133 155
133 189
133 135
133 191
133 145
133 156
133 162
133 190
133 153
133 196
139 150
139 148
139 160
140 156
147 148
148 150
148 161
148 158
148 175
148 164
148 163
148 176
148 167
148 200
148 165
149 159
150 160
150 161
150 158
150 174
150 168
150 159
150 175
150 171
150 151
150 200
153 174
153 188
155 174
159 167
160 174
160 189
161 164
161 163
163 198
164 182
167 175
170 189
185 194
