200 190
1 14
2 16
2 174
2 75
3 194
4 179
4 189
5 38
6 9
7 114
7 161
9 184
9 111
10 105
10 21
11 141
11 155
11 42
15 101
15 55
16 137
16 198
17 184
17 175
18 41
19 156
19 35
20 142
22 57
22 184
22 143
22 33
22 78
22 111
23 43
23 122
25 29
25 97
27 156
27 95
27 49
27 196
27 149
30 173
31 88
32 116
32 104
33 114
33 198
34 45
34 49
35 99
36 74
36 148
37 120
37 188
37 65
37 157
37 58
37 161
40 125
40 80
41 168
41 56
42 83
44 68
45 74
45 57
45 68
45 65
45 109
45 111
45 196
45 112
45 171
47 49
47 187
48 168
48 49
48 123
49 97
49 158
51 53
53 163
54 63
55 180
56 74
57 176
57 106
57 160
58 182
59 145
60 173
60 166
61 187
61 157
61 196
62 92
63 168
65 171
66 173
67 93
68 184
68 102
68 75
68 99
70 74
70 102
71 200
71 175
72 119
72 79
74 124
74 121
77 82
78 156
78 138
78 81
80 156
81 196
82 184
82 181
83 187
84 156
85 114
86 175
86 196
88 156
89 131
90 168
92 168
93 161
95 156
95 179
95 104
95 105
95 106
95 182
96 156
99 193
101 187
101 179
101 107
102 125
103 116
103 111
106 157
106 158
107 176
107 164
107 144
108 199
109 174
110 156
110 180
111 126
112 184
112 176
114 120
114 140
114 185
116 159
116 195
116 198
119 162
119 130
120 155
124 159
124 172
127 148
129 156
134 163
137 163
138 156
141 156
143 147
144 145
146 148
146 167
149 165
152 156
152 189
153 168
166 195
167 168
168 177
172 179
173 174
173 185
195 197
