200 145
1 97
2 125
5 27
5 52
5 130
6 52
7 87
7 171
8 13
8 15
8 104
8 131
9 28
9 65
10 127
10 143
10 146
12 26
14 15
14 60
14 91
18 37
19 140
19 171
20 138
22 70
23 27
23 58
23 123
23 182
23 186
24 66
24 126
25 39
25 80
25 158
26 170
27 176
29 193
30 180
31 69
32 75
33 67
33 95
34 62
34 83
34 121
34 123
34 193
35 81
35 189
35 190
36 78
36 151
37 159
37 181
38 52
38 80
38 104
39 40
39 100
39 110
39 128
39 138
40 133
42 84
42 93
43 55
44 82
44 151
44 160
45 143
47 106
47 154
48 67
48 135
50 191
51 125
51 195
55 84
56 195
57 170
58 90
61 79
61 192
62 168
64 83
64 95
64 188
67 153
68 80
68 157
68 181
70 82
71 158
71 186
72 120
72 197
74 177
77 174
79 200
80 85
81 127
81 200
83 145
86 96
86 113
86 146
87 104
90 195
91 143
91 183
92 100
95 170
96 132
97 176
103 109
104 184
105 115
105 162
112 160
113 139
114 121
116 135
120 128
120 130
120 133
122 127
122 140
123 188
130 163
131 153
131 176
131 194
132 147
132 149
133 142
133 154
137 170
144 177
152 169
164 195
167 178
181 197
192 194
