200 612
1 54
1 70
1 172
1 33
1 49
1 147
1 188
1 151
1 8
1 123
2 54
2 70
2 172
2 184
2 177
2 33
2 28
2 147
2 175
2 58
2 188
2 83
2 100
2 173
2 85
2 101
3 54
3 184
3 28
4 54
5 70
5 33
6 54
6 70
6 172
6 184
6 177
6 33
6 28
6 49
6 197
6 147
6 32
6 96
6 192
6 52
6 56
6 20
6 71
6 103
6 175
6 146
6 115
6 51
6 140
6 100
6 88
7 13
7 133
10 192
11 54
12 70
12 83
13 54
13 70
13 172
13 119
13 143
14 54
14 172
14 177
14 32
15 54
16 54
16 70
16 172
16 197
16 158
16 149
16 165
16 75
17 54
17 70
17 172
17 119
18 41
20 54
20 70
20 184
20 177
20 30
20 158
20 35
20 55
20 84
22 172
22 113
22 82
23 54
23 30
23 149
24 54
24 172
24 112
24 40
24 115
24 149
24 75
27 54
27 70
27 184
27 177
27 147
27 140
28 54
28 70
28 172
28 184
28 177
28 33
28 49
28 197
28 30
28 96
28 119
28 192
28 52
28 56
28 71
28 114
28 127
28 38
28 29
28 140
28 149
28 62
28 117
29 54
29 172
29 33
29 145
29 122
29 55
30 54
30 70
30 172
30 184
30 177
30 33
30 32
30 158
30 52
30 86
30 34
30 100
30 151
30 190
30 67
30 107
30 129
31 54
31 184
31 33
31 71
31 41
32 54
32 70
32 172
32 184
32 177
32 33
32 147
32 91
32 119
32 52
32 71
32 115
32 77
32 80
32 142
33 54
33 70
33 172
33 184
33 177
33 49
33 197
33 147
33 158
33 96
33 119
33 52
33 56
33 112
33 145
33 86
33 187
33 115
33 128
33 165
33 43
33 148
33 200
33 164
33 129
33 186
34 54
34 70
34 172
34 96
34 86
34 127
34 100
35 54
35 70
35 95
36 54
36 147
37 54
37 49
37 144
37 102
38 54
38 184
38 177
38 170
38 98
38 153
39 172
40 54
40 70
40 177
40 122
41 172
41 168
42 54
42 184
42 49
42 112
42 145
42 161
43 70
43 187
43 68
43 170
44 54
44 184
44 177
44 71
44 68
44 151
44 122
45 70
45 119
45 182
46 54
46 70
46 172
46 184
46 49
46 52
46 188
47 54
47 130
48 54
48 172
48 197
48 185
49 54
49 70
49 172
49 184
49 177
49 197
49 147
49 96
49 91
49 56
49 58
49 51
49 113
49 150
49 180
49 67
49 105
49 63
49 182
49 82
49 129
49 195
49 163
51 54
51 172
51 177
51 68
52 54
52 70
52 172
52 184
52 177
52 197
52 147
52 96
52 56
52 112
52 68
53 54
53 192
54 70
54 172
54 184
54 177
54 197
54 147
54 158
54 96
54 91
54 119
54 192
54 56
54 112
54 71
54 145
54 103
54 86
54 187
54 175
54 58
54 188
54 114
54 161
54 146
54 127
54 68
54 97
54 115
54 154
54 83
54 185
54 144
54 77
54 168
54 69
54 140
54 100
54 151
54 128
54 133
54 149
54 121
54 136
54 193
54 173
54 165
54 170
54 80
54 134
54 113
54 110
54 166
54 98
54 169
54 190
54 67
54 126
54 105
54 122
54 130
54 55
54 90
54 62
54 107
54 200
54 164
54 75
54 159
54 61
54 57
54 78
54 152
54 167
54 135
54 79
54 123
54 194
54 143
54 101
54 160
54 108
54 156
54 109
54 195
54 81
54 84
55 172
56 70
56 172
56 184
56 177
56 71
56 154
58 70
58 184
58 147
58 158
58 119
58 175
59 172
59 146
59 155
61 172
62 172
63 123
65 125
67 172
67 184
68 172
68 184
68 158
68 94
69 70
69 172
69 192
70 172
70 184
70 177
70 197
70 147
70 158
70 96
70 91
70 119
70 192
70 112
70 71
70 145
70 103
70 86
70 175
70 161
70 127
70 97
70 115
70 83
70 144
70 140
70 80
70 113
70 126
70 174
70 89
70 82
70 159
70 102
70 99
70 163
70 138
70 81
71 184
71 177
71 197
71 192
71 187
71 188
71 116
75 112
79 170
80 184
80 121
80 166
81 96
82 152
83 192
83 133
83 136
83 94
83 200
84 188
86 172
86 177
89 145
89 130
91 172
91 184
91 177
91 197
91 112
91 145
92 102
94 172
95 197
95 100
96 172
96 184
96 177
96 103
96 133
96 121
96 193
96 176
96 125
97 172
98 172
99 115
100 154
100 165
102 119
102 140
103 172
103 197
103 147
103 112
103 128
103 171
105 198
107 172
107 119
107 188
107 182
108 192
109 127
109 182
112 172
112 177
112 147
112 127
112 136
112 180
114 172
114 147
114 161
114 115
114 151
115 177
115 197
115 128
115 199
115 129
117 197
117 183
119 172
119 184
119 177
119 158
119 192
119 144
121 172
121 177
122 172
123 172
124 152
125 172
126 169
127 188
128 177
129 177
130 172
130 187
133 184
133 147
135 169
137 197
140 184
144 188
144 169
145 177
145 197
146 172
146 184
146 177
147 172
147 184
147 177
147 188
148 197
149 154
150 172
151 184
151 177
154 172
154 163
157 172
158 172
158 177
158 194
160 187
161 184
161 169
163 184
165 184
165 197
171 191
172 184
172 177
172 197
172 192
172 187
172 188
172 182
172 199
175 184
175 177
175 192
177 184
177 197
177 188
182 191
184 197
184 192
184 187
192 193
194 197
