100 150
50 88
50 7
50 91
88 25
88 59
35 66
35 23
35 89
66 62
66 87
5 10
5 39
5 36
10 68
10 58
36 98
36 96
98 94
98 65
8 91
8 4
8 62
91 13
20 65
20 37
20 41
65 3
30 33
30 52
30 12
33 40
33 85
29 77
29 37
29 100
77 64
77 60
41 42
41 3
42 80
42 85
18 86
18 15
18 78
86 58
86 54
6 84
6 67
6 99
84 69
84 48
80 53
80 45
53 3
53 15
14 73
14 47
14 51
73 15
73 93
16 79
16 76
16 44
79 44
79 89
54 63
54 34
63 12
63 71
40 21
40 34
9 58
9 57
9 95
45 57
45 43
57 4
47 51
47 38
51 59
12 25
44 22
28 55
28 96
28 49
55 23
55 64
68 21
68 72
22 97
22 37
97 62
97 85
27 74
27 60
27 82
74 94
74 13
39 76
39 23
76 96
72 82
72 11
82 78
26 48
26 19
26 56
48 52
4 75
75 17
75 1
17 31
17 92
25 78
38 61
38 11
61 83
61 59
21 93
93 92
89 90
67 69
67 24
69 83
83 64
60 2
24 43
24 7
43 81
94 87
31 32
31 90
1 99
1 100
99 49
13 70
52 95
7 34
90 100
32 70
32 46
11 49
70 81
81 71
2 19
2 46
19 87
46 71
56 95
56 92
