100 150
68 78
68 36
68 80
78 37
78 76
5 74
5 88
5 64
74 86
74 56
57 75
57 49
57 11
75 21
75 73
35 38
35 94
35 48
38 36
38 59
1 88
1 56
1 90
88 83
19 66
19 37
19 94
66 17
66 61
45 94
45 40
45 15
26 44
26 23
26 82
44 81
44 39
83 96
83 51
96 77
96 97
40 91
40 15
91 49
91 50
11 55
11 32
55 41
55 16
47 51
47 60
47 52
51 18
33 61
33 49
33 82
61 73
60 54
60 70
12 81
12 69
12 4
81 95
76 93
76 29
93 53
93 3
8 77
8 10
8 14
77 52
36 27
34 50
34 82
34 62
50 70
86 2
86 9
56 65
4 18
4 54
18 67
31 69
31 53
31 73
69 37
24 85
24 63
24 3
85 30
85 67
22 97
22 42
22 10
97 10
32 43
32 29
43 13
43 28
42 27
42 13
41 39
41 65
58 71
58 98
58 2
71 20
71 2
7 62
7 23
7 25
62 100
15 72
53 92
59 28
59 95
30 87
30 95
3 46
46 23
46 80
20 39
20 63
70 84
84 64
84 13
6 90
6 48
6 25
90 98
67 100
17 79
17 92
54 25
28 52
21 29
21 99
87 9
87 99
80 65
27 89
98 92
14 72
14 16
72 79
100 79
48 64
9 63
16 89
99 89
