100 150
50 88
50 20
50 38
88 18
88 69
37 54
37 47
37 61
54 7
54 20
25 98
25 62
25 32
98 36
98 58
36 66
36 17
27 95
27 23
27 46
95 17
95 11
42 59
42 75
42 68
59 83
59 69
74 82
74 70
74 72
82 90
82 3
83 94
83 19
94 13
94 69
34 64
34 2
34 93
64 10
64 52
10 65
10 32
23 13
23 41
41 51
41 90
51 86
51 2
18 31
18 84
31 5
31 75
5 80
5 6
24 44
24 29
24 40
44 56
44 73
81 96
81 78
81 40
96 62
96 57
47 39
47 48
11 92
11 57
92 12
92 4
2 14
68 71
68 79
71 76
71 12
3 33
3 63
33 80
33 89
20 49
49 66
49 61
43 60
43 73
43 22
60 22
60 29
76 93
76 30
30 99
30 100
99 79
99 15
39 35
39 79
70 89
70 87
89 77
66 75
93 7
90 87
57 8
1 56
1 26
1 78
56 65
13 100
6 97
6 14
97 40
97 29
16 65
16 35
16 28
45 80
45 21
45 58
62 53
22 85
14 86
86 67
17 63
21 67
21 8
77 84
77 48
9 46
9 85
9 73
46 55
48 84
78 15
85 72
26 61
26 7
19 35
19 28
52 55
52 100
55 8
38 72
38 87
28 91
91 58
91 67
12 4
63 32
4 53
15 53
