200 2037
1 2
1 15
1 17
1 20
1 21
1 29
1 41
1 43
1 48
1 62
1 96
1 103
1 105
1 106
1 110
1 120
1 123
1 129
1 130
1 138
1 150
1 167
1 176
2 5
2 7
2 10
2 31
2 41
2 51
2 64
2 72
2 84
2 88
2 103
2 104
2 112
2 120
2 125
2 144
2 145
2 165
2 168
2 169
2 191
2 192
3 22
3 30
3 33
3 59
3 64
3 72
3 79
3 90
3 93
3 139
3 157
3 169
3 171
3 191
4 6
4 10
4 14
4 21
4 25
4 38
4 40
4 46
4 54
4 56
4 70
4 80
4 97
4 112
4 117
4 142
4 145
4 161
4 164
4 172
4 199
4 200
5 10
5 13
5 26
5 30
5 67
5 95
5 106
5 143
5 146
5 158
5 171
5 173
5 177
5 199
6 14
6 24
6 30
6 38
6 59
6 64
6 67
6 72
6 91
6 94
6 103
6 114
6 116
6 158
6 168
6 188
6 196
6 197
7 9
7 13
7 23
7 26
7 32
7 33
7 50
7 51
7 68
7 71
7 90
7 125
7 152
7 158
7 164
7 175
7 176
8 20
8 23
8 24
8 73
8 82
8 101
8 103
8 133
8 135
8 139
8 142
8 145
8 146
8 152
8 189
8 198
9 14
9 19
9 45
9 48
9 50
9 74
9 131
9 137
9 139
9 144
9 152
9 159
9 161
9 163
9 176
9 179
9 181
9 186
9 191
9 194
9 195
9 198
9 199
10 13
10 16
10 19
10 20
10 55
10 78
10 98
10 101
10 105
10 130
10 135
10 140
10 157
10 161
10 179
10 183
11 15
11 32
11 38
11 50
11 54
11 57
11 61
11 80
11 87
11 90
11 93
11 95
11 104
11 106
11 120
11 177
11 188
11 199
12 15
12 17
12 36
12 58
12 63
12 74
12 107
12 108
12 124
12 135
12 150
12 151
12 152
12 158
12 160
12 167
12 172
12 174
12 176
13 15
13 18
13 19
13 65
13 71
13 82
13 95
13 102
13 107
13 109
13 124
13 125
13 135
13 137
13 143
13 146
13 147
13 148
13 160
13 163
13 171
13 175
13 176
13 188
13 190
13 199
14 21
14 25
14 46
14 60
14 62
14 69
14 71
14 87
14 93
14 98
14 99
14 108
14 122
14 125
14 128
14 179
14 188
14 193
15 23
15 31
15 40
15 47
15 53
15 72
15 73
15 80
15 84
15 95
15 98
15 102
15 103
15 117
15 138
15 140
15 144
15 176
15 177
15 188
16 18
16 22
16 24
16 25
16 28
16 36
16 40
16 42
16 45
16 67
16 70
16 74
16 75
16 76
16 82
16 92
16 106
16 110
16 122
16 149
16 157
16 160
16 162
16 179
16 186
16 192
17 22
17 23
17 29
17 31
17 37
17 44
17 53
17 63
17 69
17 71
17 75
17 82
17 84
17 107
17 111
17 119
17 121
17 133
17 140
17 142
17 148
17 174
17 192
18 30
18 40
18 47
18 61
18 73
18 78
18 86
18 108
18 114
18 121
18 137
18 146
18 148
18 159
18 163
18 174
18 189
18 196
19 28
19 34
19 38
19 42
19 50
19 51
19 67
19 71
19 89
19 90
19 104
19 105
19 129
19 151
19 156
19 158
19 167
19 170
19 174
19 196
20 44
20 71
20 85
20 90
20 91
20 93
20 95
20 97
20 106
20 110
20 114
20 122
20 128
20 147
20 172
20 176
20 187
20 191
20 192
20 196
21 26
21 44
21 58
21 74
21 96
21 102
21 110
21 118
21 119
21 121
21 137
21 143
21 144
21 146
21 153
21 158
21 164
21 169
21 176
21 180
21 181
22 50
22 53
22 59
22 63
22 64
22 95
22 96
22 120
22 128
22 146
22 158
22 161
22 170
22 175
22 180
22 185
23 28
23 43
23 63
23 71
23 72
23 85
23 99
23 114
23 137
23 141
23 150
23 159
23 160
23 163
23 167
23 184
23 190
23 192
24 27
24 35
24 50
24 55
24 57
24 63
24 76
24 86
24 106
24 130
24 134
24 151
24 161
24 189
25 36
25 65
25 69
25 70
25 71
25 79
25 89
25 102
25 112
25 130
25 132
25 138
25 145
25 151
25 154
25 158
25 159
25 187
26 31
26 41
26 55
26 57
26 87
26 106
26 110
26 126
26 136
26 138
26 147
26 157
26 161
26 191
26 195
26 199
27 33
27 40
27 41
27 54
27 57
27 65
27 77
27 81
27 83
27 99
27 101
27 107
27 114
27 116
27 121
27 123
27 129
27 148
27 151
27 163
27 170
27 182
27 183
28 31
28 33
28 73
28 106
28 113
28 125
28 141
28 147
28 161
28 169
28 175
28 180
28 191
28 196
28 200
29 37
29 38
29 39
29 46
29 51
29 66
29 73
29 74
29 78
29 81
29 92
29 101
29 107
29 114
29 132
29 133
29 150
29 159
29 172
29 184
29 187
29 195
30 31
30 41
30 49
30 59
30 60
30 66
30 68
30 70
30 75
30 79
30 95
30 97
30 118
30 127
30 132
30 137
30 151
30 153
30 159
30 168
30 171
30 172
30 174
30 175
30 198
31 38
31 43
31 45
31 51
31 70
31 80
31 89
31 96
31 107
31 132
31 156
31 159
31 161
32 33
32 39
32 72
32 75
32 89
32 95
32 98
32 121
32 132
32 155
32 157
32 158
32 165
32 166
32 178
32 182
32 185
32 186
32 194
32 196
33 35
33 42
33 54
33 66
33 76
33 88
33 107
33 111
33 116
33 140
33 156
33 158
33 161
34 35
34 51
34 107
34 116
34 119
34 129
34 136
34 142
34 159
34 178
34 186
34 193
35 47
35 54
35 67
35 90
35 100
35 130
35 151
35 158
35 181
35 186
35 189
35 197
35 198
36 40
36 81
36 82
36 92
36 95
36 96
36 97
36 107
36 108
36 119
36 129
36 140
36 142
36 159
36 168
36 174
36 185
37 42
37 58
37 67
37 85
37 90
37 92
37 95
37 103
37 115
37 121
37 126
37 131
37 144
37 153
37 155
37 168
37 179
37 187
37 189
38 59
38 64
38 76
38 94
38 110
38 124
38 133
38 136
38 145
38 178
38 198
39 48
39 53
39 58
39 68
39 71
39 74
39 100
39 108
39 118
39 120
39 138
39 169
39 181
39 191
40 42
40 43
40 64
40 89
40 105
40 116
40 121
40 153
40 165
41 48
41 53
41 70
41 81
41 92
41 97
41 99
41 103
41 104
41 112
41 122
41 124
41 138
41 140
41 146
41 150
41 170
41 185
41 198
42 63
42 68
42 76
42 80
42 81
42 82
42 94
42 99
42 108
42 112
42 116
42 123
42 134
42 157
42 162
42 183
42 194
43 73
43 88
43 90
43 116
43 130
43 138
43 145
43 153
43 181
43 198
44 46
44 47
44 56
44 68
44 69
44 75
44 100
44 102
44 115
44 151
44 158
44 166
44 173
44 183
44 186
45 52
45 60
45 62
45 73
45 76
45 88
45 94
45 107
45 112
45 116
45 117
45 120
45 122
45 136
45 141
45 143
45 159
45 168
45 171
45 180
45 189
45 192
45 193
46 47
46 49
46 53
46 58
46 64
46 67
46 69
46 93
46 109
46 111
46 124
46 125
46 127
46 135
46 146
46 152
46 160
46 185
46 186
46 193
47 61
47 64
47 65
47 69
47 76
47 88
47 92
47 94
47 103
47 111
47 118
47 126
47 131
47 137
47 140
47 160
47 180
47 183
47 186
47 196
47 199
48 66
48 71
48 78
48 89
48 92
48 96
48 105
48 125
48 135
48 139
48 152
48 180
48 188
49 52
49 54
49 56
49 83
49 85
49 87
49 90
49 91
49 92
49 96
49 104
49 134
49 150
49 152
49 155
49 156
49 157
49 160
49 163
49 166
49 171
49 193
49 196
50 81
50 82
50 84
50 89
50 97
50 104
50 107
50 119
50 123
50 124
50 135
50 140
50 155
50 158
50 161
50 174
50 179
50 180
50 182
50 185
51 75
51 76
51 79
51 84
51 89
51 129
51 135
51 136
51 140
51 143
51 158
51 168
51 186
51 189
51 190
51 192
51 199
52 63
52 67
52 77
52 105
52 108
52 112
52 123
52 137
52 149
52 152
52 154
52 156
52 174
52 179
52 194
52 195
52 198
52 200
53 57
53 69
53 78
53 85
53 94
53 108
53 112
53 152
53 160
53 164
53 168
53 187
53 193
54 57
54 59
54 72
54 76
54 89
54 90
54 91
54 99
54 101
54 108
54 109
54 121
54 124
54 138
54 152
54 162
54 180
54 181
54 189
54 191
55 56
55 73
55 77
55 78
55 95
55 97
55 127
55 136
55 137
55 141
56 67
56 77
56 78
56 82
56 87
56 88
56 95
56 107
56 110
56 123
56 133
56 136
56 138
56 154
56 156
56 161
56 164
56 169
56 186
57 58
57 76
57 77
57 81
57 122
57 127
57 140
57 150
57 151
57 155
57 168
57 174
58 64
58 69
58 97
58 98
58 103
58 105
58 120
58 122
58 133
58 141
58 145
58 186
58 189
58 193
58 197
59 71
59 80
59 85
59 98
59 102
59 114
59 118
59 125
59 132
59 158
59 161
59 166
59 189
60 67
60 71
60 72
60 97
60 106
60 119
60 122
60 150
60 170
60 187
60 191
61 69
61 70
61 78
61 85
61 89
61 126
61 134
61 149
61 174
61 175
61 188
61 189
62 68
62 75
62 96
62 98
62 102
62 113
62 116
62 118
62 120
62 127
62 149
62 160
62 170
62 173
62 176
62 186
63 67
63 69
63 104
63 108
63 148
63 167
63 181
63 189
63 197
64 65
64 76
64 80
64 94
64 113
64 118
64 128
64 143
64 149
64 155
64 157
64 163
64 165
64 180
64 183
64 188
64 189
64 192
64 194
65 68
65 70
65 74
65 77
65 78
65 82
65 86
65 96
65 105
65 128
65 162
65 168
65 170
65 171
65 178
65 188
65 190
65 198
66 74
66 76
66 95
66 118
66 126
66 147
66 188
66 194
67 73
67 75
67 82
67 92
67 109
67 122
67 126
67 150
67 169
67 194
68 111
68 112
68 116
68 118
68 120
68 144
68 152
68 154
68 161
68 169
68 172
68 174
68 182
68 192
68 199
69 80
69 86
69 96
69 100
69 124
69 126
69 131
69 141
69 145
69 165
69 176
70 71
70 72
70 73
70 85
70 86
70 90
70 91
70 95
70 101
70 140
70 155
70 157
70 170
70 175
70 178
70 184
70 194
71 89
71 90
71 100
71 104
71 105
71 107
71 128
71 129
71 131
71 132
71 134
71 149
71 150
71 165
71 173
71 176
71 187
71 188
71 190
71 200
72 73
72 79
72 93
72 108
72 117
72 142
72 144
72 178
72 179
72 182
72 185
72 188
72 196
73 75
73 79
73 99
73 114
73 127
73 134
73 164
73 176
73 179
73 188
74 77
74 85
74 94
74 103
74 135
74 137
74 142
74 150
74 182
75 89
75 97
75 112
75 120
75 122
75 123
75 127
75 137
75 138
75 141
75 150
75 152
75 163
75 166
75 167
75 173
75 179
75 186
75 187
75 193
75 194
75 198
76 86
76 87
76 88
76 97
76 101
76 106
76 111
76 112
76 119
76 129
76 137
76 140
76 147
76 151
76 173
76 178
77 90
77 105
77 121
77 136
77 137
77 152
77 161
78 85
78 114
78 127
78 148
78 153
78 156
78 160
78 162
78 176
78 186
79 113
79 117
79 119
79 142
79 144
79 151
79 158
79 163
79 176
79 184
79 194
80 92
80 107
80 113
80 118
80 119
80 145
80 147
80 160
80 163
80 172
80 184
81 96
81 108
81 113
81 125
81 133
81 173
81 190
82 89
82 91
82 128
82 145
82 160
82 179
82 185
82 186
82 189
82 196
83 101
83 108
83 109
83 117
83 121
83 139
83 144
83 155
83 162
83 184
84 108
84 110
84 117
84 128
84 139
84 158
84 161
84 176
84 180
84 193
85 87
85 95
85 109
85 111
85 123
85 127
85 145
85 160
85 182
85 192
85 199
86 88
86 99
86 120
86 121
86 126
86 131
86 174
86 187
87 92
87 98
87 103
87 107
87 111
87 117
87 121
87 127
87 138
87 143
87 153
87 154
87 160
87 163
87 168
87 183
87 184
88 90
88 105
88 106
88 120
88 138
88 152
88 161
88 162
88 163
88 190
88 196
89 109
89 113
89 119
89 129
89 146
89 151
89 155
89 172
90 100
90 116
90 143
90 155
90 158
90 168
90 197
90 198
91 98
91 104
91 115
91 116
91 118
91 121
91 125
91 127
91 134
91 164
91 180
91 191
91 192
91 197
91 198
92 95
92 104
92 110
92 132
92 137
92 160
92 169
92 193
92 194
92 195
92 200
93 109
93 115
93 116
93 131
93 139
93 165
93 184
93 195
94 97
94 113
94 114
94 132
94 158
94 162
94 175
94 189
95 105
95 107
95 109
95 114
95 123
95 124
95 127
95 130
95 139
95 144
95 150
95 164
95 167
95 178
95 181
95 197
95 200
96 115
96 121
96 158
96 167
96 171
96 173
97 99
97 103
97 110
97 129
97 134
97 182
97 188
97 191
97 197
98 107
98 139
98 167
98 171
98 182
98 190
98 191
99 113
99 117
99 132
99 143
99 150
99 162
99 168
99 182
100 102
100 104
100 107
100 126
100 130
100 136
100 137
100 157
100 163
100 168
100 175
100 177
100 184
100 193
100 194
100 196
101 103
101 110
101 130
101 132
101 133
101 143
101 147
101 154
101 157
101 175
102 110
102 116
102 121
102 122
102 134
102 137
102 154
102 157
102 164
102 165
102 170
102 173
102 174
102 193
103 111
103 116
103 118
103 121
103 147
103 152
103 159
103 199
104 107
104 134
104 135
104 145
104 151
104 163
104 167
104 177
104 181
104 185
105 128
105 135
105 140
105 148
105 162
105 177
105 179
105 189
105 191
105 194
106 114
106 116
106 124
106 133
106 138
106 139
106 141
106 144
106 151
106 153
106 176
106 177
106 178
106 185
106 186
107 113
107 130
107 131
107 133
107 145
107 146
107 156
107 168
107 173
107 174
107 190
107 193
107 195
107 196
108 117
108 135
108 139
108 146
108 153
108 162
108 171
108 174
108 189
108 193
108 198
109 138
109 148
109 166
109 183
109 190
109 196
110 115
110 137
110 138
110 143
110 147
110 149
110 155
110 161
110 167
110 170
110 179
110 180
110 184
111 117
111 132
111 136
111 140
111 147
111 154
111 161
111 164
111 174
111 176
111 191
111 194
112 114
112 120
112 130
112 131
112 165
112 171
112 188
112 189
112 191
113 118
113 143
113 151
113 190
113 192
114 141
114 143
114 167
114 195
115 118
115 137
115 147
115 149
115 169
115 175
115 200
116 124
116 129
116 133
116 139
116 166
116 173
116 187
116 188
116 196
117 140
117 145
117 148
117 164
117 168
117 169
117 173
117 176
117 186
117 192
117 193
117 195
118 127
118 131
118 140
118 142
118 146
118 147
118 155
118 159
118 179
118 186
118 195
118 196
118 199
119 137
119 140
119 143
119 157
119 170
120 129
120 155
120 156
120 164
120 178
120 180
120 181
120 185
121 123
121 133
121 143
121 144
121 146
121 150
121 168
121 170
121 173
121 186
121 191
121 192
122 130
122 167
122 182
122 191
122 192
123 137
123 146
123 164
123 173
123 180
123 184
124 141
124 172
124 173
124 185
124 199
125 137
125 139
125 150
125 154
125 163
125 172
125 191
126 138
126 168
126 193
126 197
127 136
127 138
127 140
127 150
127 158
127 161
127 165
127 168
127 179
127 184
127 188
127 189
127 190
127 194
128 135
128 136
128 141
128 181
128 188
128 191
128 200
129 166
129 175
129 192
129 199
130 132
130 134
130 140
130 142
130 146
130 147
130 150
130 151
130 152
130 169
130 181
130 185
130 186
130 189
130 196
131 145
131 189
131 192
131 196
131 199
131 200
132 150
132 176
132 181
132 188
133 149
133 162
133 181
133 184
133 189
133 195
134 136
134 145
134 159
134 165
134 183
134 190
134 200
135 149
135 151
135 160
135 180
135 185
135 197
136 145
136 147
136 160
136 166
136 171
136 173
136 177
136 182
137 139
137 141
137 153
137 154
137 155
137 159
137 167
137 178
137 181
137 185
137 196
137 197
138 161
138 162
138 175
138 180
138 185
139 142
139 146
139 157
139 167
139 169
139 192
140 145
140 157
140 167
140 176
140 192
141 147
141 149
141 160
141 165
141 176
141 189
142 152
142 153
142 156
142 169
142 176
142 183
142 198
143 153
143 160
143 164
143 167
143 178
143 183
144 148
144 157
144 160
144 162
144 165
144 171
145 156
145 164
145 175
145 180
145 181
145 191
146 158
146 174
146 184
146 198
147 149
147 150
147 157
147 158
147 167
147 176
147 177
147 180
147 181
147 183
147 188
147 190
147 193
148 152
148 154
148 173
148 184
148 193
149 150
149 178
149 196
149 197
149 198
150 167
150 186
150 192
151 156
151 167
151 170
151 181
151 196
151 198
152 157
152 166
152 176
152 189
153 170
153 177
153 188
154 160
154 168
154 177
154 185
154 190
155 157
155 162
155 169
155 187
156 176
156 179
156 195
157 175
157 184
157 195
157 197
158 184
158 186
158 190
158 194
159 182
159 190
159 197
160 173
160 187
160 190
161 179
161 180
161 183
161 197
162 166
162 180
162 182
163 168
163 176
163 177
163 188
164 165
164 171
164 181
164 185
164 200
165 185
165 192
165 200
166 170
166 176
166 184
167 168
167 173
167 185
167 189
167 192
167 195
167 199
168 171
168 172
168 185
168 194
169 179
169 180
169 186
169 192
170 178
170 182
171 178
171 181
171 183
171 191
171 195
172 184
173 175
173 176
173 178
173 183
173 194
173 200
174 183
174 199
175 178
175 189
175 198
176 177
177 183
177 191
177 195
177 197
178 182
178 187
178 199
179 187
179 189
180 192
180 197
182 190
182 198
183 192
184 191
184 195
185 193
188 195
188 197
189 196
190 199
