2664 3901
1204 1615
129 1256 1634
114 298 652 2500
395 1599
103 221
105 2206
2001 2107 2479
397 1468 2264
481 587 1761
904 1266
2200 2595
324 1005 1425 1465 1820
385 788 860 1885 2613
1305 1883
383 2007
48 311 1597
744 874 2290 2360
1040 1090 1163 2587
2037 2660
993 1413 1540
323 1155 1166
478 548 1256
39 2563
904 2329 2569
281 417 2622
1617 2228
620 1970
303 1482
1546 1971 1985
1418 1493 2619
120 318 1807 2054
525 880 1389
280 282
32 394 1279 1480 1482 1565 1843 2390
42 548 628 1136 2145
1304 2412 2463
611 1107
634 2477
948 1532
1632 1809
127 412 608 1172
176 958 1786 2382
493 1048 1304 1646 1911 2052
154 548
585 1095 1186
1955 2008
411 461 769 2583
258 2508
800 2594
529 2251
405 1730
990 1900
1201 1273
486 896 1558
99 794 2193 2507
1166 2639
229 439
1320 1390 2051
76 604 963
232 1091 1698 1730 1970 2488
765 957 1064 1095 1955
1702 1955 1977
742 1605
74 520
135 721 1195 1487
1160 2077 2542
608 831 1415 1743
372 863 919 2173 2393
1108 1502 2007
837 1473 2152
83 163 1784 2245
588 1569
655 1578 2030 2313
1276 2080 2131 2459 2550
602 919
330 638
734 1837 1945
1221 2361
239 2468
898 1715
261 1911
923 1741 2444
716 1062
328 589
286 693 1477 1792 2194
944 1120 1200 1378 1574 2446
1256 1733
279 1880 1951 2146 2283
72 498 553 1574 1895 2437
75 2197
1729 1843
705 1623
391 982 1719 2297
1401 2553
779 2388
822 2063 2501
360 1704
765 1154
430 1374
358 911 1439 1990
1731 2626
1831 2021 2386
1314 1881 2419
1400 2170 2487
149 706
114 775
118 1755
202 1850
1447 2240 2521
2484 2563
544 1144 1415 2168
926 1717 1798
292 1955 2009
409 2037
458 2480
1053 1229 1748
604 1114 2313 2354
296 1140 1258 1357
534 1334
99 1180 1377
499 2290
1430 2437
104 703 1320 1854 2154 2448
81 636
147 726
2389 2467
522 1302
395 1677 1957
989 2417
363 1081 2181 2476
742 934 1003 1180 1923
170 1496 1942 2468
100 1219 1619
694 1999
589 1991 2034
1160 1854
879 1916
965 1767 2151
30 96 662 1193 2385
811 1423
931 1460
2477 2627
732 2086
1416 2452
381 1053 1653 2115
1738 1885
534 2240
321 348 844 1073
1746 1814
1553 1610 1733 2526
1371 1651 2203 2482
434 2579
95 934 1545
797 2543
357 359 657 1500
918 2454
1800 2062
333 1537 1684
10 1678 1821 2125 2262
1275 2639
686 1499
740 773 2234
383 744 758 922 1566
1006 2402
206 234 567 703 1447 2528
859 1456 2219
1377 1581 2527
809 1034 1199
100 125 262 576 2046 2504
187 820 1826 2269
1143 1592
1306 1882
163 1890
309 1264 2417
650 1160
1041 1422 1924 2153
646 2484
98 250
301 1351
1494 2476
125 340
594 1167 2008
1323 2135
374 1136 2148
1168 1708 2608
132 2374
364 1004 2245
76 1644
1245 2562
270 873 1160 1408 2110
419 850 1518
2532 2621
253 373 1540
870 2153
486 2161
602 2637
231 346 428 1104 1369 1398 2105
304 628 669
207 235 421 1020
1399 2063
240 828 1633
1292 1826 2050 2657
501 1735 2576
39 883 2269
53 1629 2181
93 475 836
881 1652
99 1762 2360
329 1995
542 1293
902 2572
6 343 779 814 1030 2482
350 1803 2376 2481
1650 1795
193 767 1856
717 736 1146
602 1966 2165
676 917
253 2421 2558
984 2032
541 1561 2126
326 2122
1493 2441
2343 2383
749 1539
13 2600
57 267
1840 2000 2162
583 2100
496 1444
147 578 1464 1721
294 1427 1774 2127
240 898 1372 1420 2200
756 1632
517 2361 2611
774 940
11 2497
1562 2018 2617
721 1497
48 182 855 2330
432 501 887
37 1564 1782
2213 2465
897 1418
203 800 2256
781 789
2140 2625
432 735 1880
1460 1564 1868
230 986 1097 1110 1426 1632
130 1942 2179
601 1098 2218
97 277 498
799 1925
583 1058 1282 2068 2075 2148 2356 2581
30 201
459 791 1246 1487 1718
554 1304
928 1521
2358 2627
214 1473
124 375 662 1296
485 576 762 2409
56 1287 1664
536 1289 1313 2477 2539
273 1224 1828 2086
261 418 769 2100
1553 1913 2011 2140
675 1074 1715
297 2012 2231 2499
92 243 818 2392 2539
1031 2307
1744 1961
363 1868
1410 1643 1659
1164 1914 2109
80 1497 1564 1585 2072
515 569 1390 2253 2494
1409 2461
456 2126
730 1648 2537
1162 1477 1838
1149 1187 2148 2500
347 1119 1755 1761 2446
132 822 1196 2125
411 593 839 1151 1792
2513 2660
1037 1720
125 456 1745 2274
748 883 949
776 851 2005 2402
663 685
317 1252
25 881 1753 2387
550 1934
1214 1361 2249
176 521 1101 2484
281 1149
326 877 1254 1372 2356
596 759 1859
699 1294 2489
850 1978
1135 1420 1595 2226
1064 1800 2558
622 1554
875 1248
726 1583
215 2399
1237 2160 2327
243 1390 2560
1592 2166 2214
854 2151 2170
381 989 1672 2156 2269
1569 2365
573 713 2090 2140
14 1687 1843
577 1178 1447
319 775
904 1222
1875 2380
69 1006 1267 1607 2255
629 1945 2108
898 1486
851 1078 2442 2493
884 2097 2279
244 517 684 711 1747
649 662 890 2238
306 1074 1137 2183
735 1167 1257
807 2657
330 426 480 752 764 1817
166 1784 2608
376 1350 2469
1034 2634
1825 2051 2354 2379
1508 1645
1892 2600
330 1847 2023
1784 2655
1339 1662 1741 2077
2052 2084 2407
728 1551
363 414 835 1641 1691 2579
981 1780
830 1862
333 738 931 1145
142 1638
973 1536 2197
334 1259 1892 2620
1305 2023 2651
394 2175
131 1682 2655
992 2286
159 2167 2445 2576
690 789 1023 1909
144 961 1893
13 2005 2277 2634
32 1092
1200 2189
1913 1927 2305
1477 1899 2345
708 710
820 1928
1117 1307 1371 2473
1393 1981 2232
399 1932
1604 2025
1842 2349
1876 2394
881 1425
562 846
218 262 484 1747 1848
267 735 1799
261 1026 2045 2291
118 1623
1249 1713
336 2568
1644 2266
37 607 943
52 602 1745 1857
1382 1524 2111 2516 2624
860 1069 1617 1909 2548
261 1154 2409 2658
589 2567
190 264 2189
1676 2056
657 915 1411 2394
1718 2456
915 1336 1848
591 1220 1443 1693
649 661
636 1179 2248
266 1815 2416 2504
195 757 1859 2243 2548
248 526 889 1026 1788
1140 1418 1734
107 197
400 570 2421
128 573 1462 2184 2331 2609
347 368 1805 2595
476 1421 1721 2161
2544 2641
378 1707 2180
319 929 1320 1528 1815
507 587 1202 2524
133 785
139 778 1123 1147 1691 2108 2480
1169 1452
1675 2026 2576
2129 2345
157 1994
1917 2640
1153 1316 1469 1518 1622 1649 1855
660 2313
419 432 1398 2249
1411 2358
1276 1437
138 2305
658 902
783 1409 1920
1818 2621
135 1719 1745
336 653 864 2427
1036 1224 1609 2107
114 226 527 1962
694 1714 2368
2 1135
53 1574
574 2578 2586
9 476 1194 1834
528 1483 2595 2618
253 501 1998
1777 2355
1305 1850 2027 2535
536 1649
50 2569
742 1617 1697 1724 2427 2507
1208 2005
177 571
513 2580
260 803 1071 1141 1510
522 1416
2068 2302
1406 2252
224 293 1357
276 2311
448 1026 1330 1490
33 504 1328
396 819 1326
235 1101
1804 2176
1185 2431
404 456 1129
530 2657
647 1575 2097 2560
554 2440
610 1885 2444
416 445 2173 2607
2249 2265
579 874 1639 1964 2103 2127
883 1878 1925
414 579
1165 1853
826 2057
853 1201 1236
1530 2204
171 1195 2144 2162
1599 1609
455 523 841 1527 1798
693 2479
9 533 777 943 1339 2274 2621 2633
2011 2657
1081 1222
1008 1385 1540
721 2341
2366 2539
1638 1817
57 1323 1430
50 2086 2627
1157 1535 2523
285 2242
2144 2659
818 826 830 1003 2056
628 1706
156 926 1324
303 332 1746 1799
317 1134 1560 2475
265 1383
1020 2216 2623
458 1919 2482
564 569 1957
1960 2282
96 1085 1282
533 656 908 922
1516 2406
1298 2026
366 1250 1543 1612 2179
326 1326 2296
609 922
179 306 754 773 1323 1640
990 2368
663 2018
731 1280 1968 2632
1254 1322
336 1390 2136
60 1450
1011 2450
1151 1377 1397 1649 2285
232 502 2608
740 2208 2379
342 766 2284
1185 1803 2205
293 884 1284 1705 2599 2653
1606 1649 1651
682 710 1288 1604 1878
933 1941
435 1180
275 411 1864 2145
62 288 385 614 733 774 1653 2126
286 498 564 2401
77 937 2184 2237 2266
870 977 1815
1769 2366
82 358 925 1524
892 1814
300 1026 1538
477 669 984 2496
53 1219 2005
636 1513
28 42 1416
860 2150 2429
343 489 2275 2508
55 1142
1610 1753
194 2194 2414
923 1064 1649
1172 1376 2649
693 1469 1764 2416
773 2021
472 1632
162 260 1437 2253 2539
720 1767 1777 1949 2195
205 874 2362
1540 1919
1069 1737 2610 2636
894 2508
1295 2223
1022 1357
481 873 1299 1720
839 2536
250 392
363 738
362 679 1363
2 201 505 1901
47 1564
22 575
849 879 1413 2184
523 549 578 2462
1074 1291
645 873 1282 1659
150 258 1372 1504 1723
54 1162
1720 1782 2163
607 1602 2019
982 1121 1359 1632
339 1780
1107 1120 1911
709 1017 1109 2445 2523
323 391 2084 2549
188 879 976
1124 2248
9 520
572 1435 1457 2567 2626
346 925 990
429 534 689
2098 2515
541 856
320 728 998 1773 2571 2628
518 596 2083
901 1350 2065
915 2503
438 2198
1074 1328
343 2355
593 2459
117 1328
70 356 2087
372 562 2461
568 2456
583 923 1592 1852 2265
2183 2440
206 281 335 1035 1379 1615 2286
214 657 733 1052 1293
211 766 1023 1747
36 2158
1314 2141
179 692 2204
461 1811
608 1365 1842
41 378
1218 2098
859 1414
335 1180 1603
354 1524
351 712 836
1672 1807
711 1070
794 2354
425 446
1640 2136 2631
547 2546
570 722
511 566 1322
1213 1444 2099 2316 2376
94 2358
17 784 992 1326 2337
309 428 1409
639 657
619 2218 2658
314 350 635 830 2080
534 1312 1379 2407 2498
584 1162 2433 2448
146 1488
154 1444
2294 2480
358 1558
1454 1457 1637 2083 2166
2149 2225
768 1607 1838
1383 1776 2449
449 589
587 964 1313
1296 1314 1553 1772
1675 2437
1033 1602 2047
1091 1585 1774
1087 1756
613 619 1387 1764 2502
764 797 1185 1330 1850
1667 1668 2201 2389 2651
663 1483
302 1245 2561
1707 1825
309 1201 2662
156 1096 2467
1619 2543
82 437 1872
988 1407 2244
206 797
971 1176 2337
1293 2380
1757 2357
283 342 551 1753
211 1693
260 1059
637 2214 2365 2449 2513
529 1180 1882 2011
278 2254
1273 2559
59 241 416
396 1024 1376 2156
344 564 868 1124 1163
962 2483
341 1776 2568
21 504 1247 1270 2501
253 1108 1635 1717 2149
701 1298
1362 1769 1818 1903
84 152 740
637 1959 2159 2620
155 1092 2514
2136 2505
50 541 547 635 1201 2294
1321 1714 2105
750 2024 2446
873 2117
1340 2207 2527
888 1154
346 383 1440 1768
34 942 1240 1681 1701
2 1656
1253 2230 2360
237 1408 1524
1707 2064 2313 2418
1917 1938
564 1079
398 1199 2082
885 1915 2234 2255 2521
170 341 360 2628
216 575 693 705 1076 2274
902 1483
1683 1913 2368
807 1472
306 413 2213
778 1100 1955
891 1422 1859 2262
62 799 1623 2406 2469
356 683
728 1078
1066 2196 2539
591 803 2384
101 1238 1821 2359
1003 2145
2412 2642
550 1415 2543
455 1854
119 1607 1675
517 1175 1630 1698 1707 2495
758 1967
1019 1689 1964
1408 1654 1764 2168
42 614 1035 1545
264 746 891 2170 2219
1169 2066 2469
1249 1416 1513
271 2160 2614
228 234 2584
384 1058 1344
357 2442
788 826 1918
129 449 1995
39 526 553
224 662 2086
1132 1489 1697 2279
249 700 784 1061
1897 2289
621 741
827 2478
14 685
1877 2445
959 996 2268 2539
1559 2103
516 981 1149 2061
122 1022 1623 2491
394 954 1462 1730
52 958 1025 2431
2339 2401
1122 2397
112 200 1025 1275 2603 2612
2 723 762 1346 1522
346 1308
1291 2444 2655
203 1124 2369
1805 1866 2369
1487 1772 1806
490 709 1336 2158 2233
332 710 1117 1710 1741
779 1700 2204
148 843 1911
164 1530 1985 2437
726 1798
937 1486 1966 2524
574 887 2289
375 491
650 2637
329 1107 2502
457 964 2528
844 901
20 758 2328
415 505 595 884 1621
321 2467 2602
827 1475
149 1178
21 461
636 800 961 1969 2046
226 1129 1159 1946
1879 1956 2034
2126 2478
94 797 1007 2389
964 1333 1440 1791
186 1156 1181 1650 1921 2284
245 1397 2392
456 592 918 1013 1319 1472 2280
542 1202
784 2146
659 832 1288
215 1430
992 1149 1907
153 533 1895
1528 1831
1621 1957
371 1240
826 1578 2343
597 775
1461 2649
61 781 1804 1842 2327 2451 2528
484 1013
963 2648
800 2108
505 1113 1344
1430 1968 2492
1091 2136 2278
1302 1500 1639
691 1475 2386
908 2127
567 852
780 995 2110 2276
54 1720
1240 1852 2554
149 1212 1673 2123
182 475
1703 2642
172 837
421 1024 1239 1819
2149 2607
1074 1900 2425 2426 2447 2606
756 1128
529 933 1805
94 362
877 1942
1313 2105 2345
23 1878
1775 2295 2451
289 700
475 1916 1967
416 492 1731 1788
1133 1668
828 1887
402 2043
1137 1717
1074 1758 1927
326 358 937 1656
1303 1718
520 608 1516
543 590 1806 2476
1086 1158 1464 2619
19 284 673 1085
439 933 1971
1466 1559
82 949 2179
732 1804 2335
469 877 1780
1931 2492 2546
460 1800 2026
1422 1777 2079
195 528 1429 1888 2129
118 869 1237
1792 2286
1935 2098
1622 2213 2341
45 2247
2250 2561 2638
297 2029
1034 1699 1856 2514
913 2092
243 374 452 567
1343 2003
53 471 1276
30 65 750 1222 2516
1659 1903 2614
932 939 2343
151 2270
134 547 1315 1907 2227
1318 1881
147 378 626 1594
556 1729
149 2157
84 1072 2249 2365
347 1923
273 2073
1574 1745
96 1682
1147 1339
331 2352
376 780 1457
909 2240
423 713 1349 1447 1744
91 645
2164 2451 2484 2563 2620
52 605 1464 2383
147 157 432 910 2473
1035 2374
666 725
330 1162
130 1528 1563 1593 1656
475 1115 2615
2068 2500 2628
801 2031
767 1216
929 2106
1296 1558 1627 1801
425 478 1401 1673
1292 1776 1846
953 2265 2327 2507 2636
1271 1697 2126 2138
1560 2364
1608 2225 2227 2322
2348 2623
886 1206
1694 2042
1371 1926
70 410
518 948 2294
879 1495
157 2051
2075 2651
164 335 1207 1670 2576
249 851 1433 2161
1664 2239
570 2659
982 1836
558 1186 2160 2537
784 1060 2328
998 1599
733 2098 2344
345 395 1373
1101 2368
1376 1815 2074
795 878
1585 2227
696 1450
319 1154
1216 1420 2207
771 1280
1548 1947
706 1223 1465 1490 1716 2338
35 146 711 1406 1908
198 350 996 1781 2272
546 706 731 866 1166 1265 1290 1826 1869 2554
350 448 1071
116 1222 2120
152 679
441 576 752
73 1003 1748
623 669 1377
639 1974 2085
802 1501
130 1035 1178
172 478 562 1637
164 1426 2525
11 708 2366 2478
212 216 2634
901 965
68 942 1371 2058 2567
53 2560 2605
1327 1494
415 1134
447 842 1425 2113 2138
1330 1970 2399
675 1269 2497
1675 1895
360 596 1280
149 2166
574 1134 2274
446 662 727 1377
637 1351 1693 1815 2462 2501
308 1463 1957
155 346 2177 2451
974 1610 2101
1474 1598
913 1402 1806
295 527 1426 1496 2654
185 1050
1254 1798 2422
815 2386
725 2229 2291
87 640
1444 2223
1561 2545
360 1357
349 385
266 948 1989
197 472 1180 2614
1321 1880 2082 2604
83 595 892 1807 2479
179 1880
588 1022 1976
393 916
985 1748
407 664 949
109 2204 2392
315 1259
1293 2034
221 303 580 2082
409 2606
1131 1853 1980 2135 2582
297 1224
1775 2299
234 538 1621
732 1654
1302 1619
15 105 475 589 1745
239 1820 2267 2568
421 529 1402
1065 1098
2076 2260
531 779 1717
135 1703
953 2411 2501
97 449 1216 2040
481 2194
1654 1757
1352 2406 2598
794 1356 1749 2266
186 578 1668
785 1409 1543 1942 2189
281 1563 1580
193 778 1237 1712
728 977 2371
158 447 931 1055 1122 1400 2603
334 1355 1924 2130
238 263 2246
915 1406
47 992 1043 2534 2625 2628
398 588 1847
2078 2287
523 1593 1809 2532
1412 1781
843 1283 1648
2161 2390
310 398 1898 2547
1882 2121
1427 2612
563 2179 2252
1094 1774
775 937 2217 2316
535 546 879
608 1337
964 1248 1321
786 1504 1686 2234 2438
1644 2345
150 244
1693 2542 2571
15 693
290 786 1071
254 1208 1664 2367
285 1493
706 2655
607 1040 1779
1159 1475
509 1815 2282
709 1518
115 970 1130 2162
444 522
671 1009 2166 2422 2536
1237 1660 2277
100 793 1406 1776 1914
205 1713 1932
542 714 1976 2282
278 1851 2649
138 150 1823 2518
1528 2214
84 135 1104 2026
196 214 1476
121 2237
160 519
1470 2367
862 1152 2042
1021 1650
1219 1248
41 694 1799 2104 2445
689 853 1062
1304 1963 2383
922 1200
924 1141 1439 1787 1815
585 2110 2377
292 2101
366 619
712 986 1926
1458 1523 1934 2199 2443
882 1081
97 1828 2120 2288
994 1533 1576 2525
750 2079 2546
1344 1371
891 2620
1037 2051 2308
180 983
1200 2490
814 1453
853 2580
1014 2351
908 1560
1628 2574
979 1212 2622
1422 1587
1403 2484
217 1742 2300
58 1879
1179 1677
164 516 1206 2644
964 2504
1755 2415
1240 1621 1643
444 1732
341 576 850 2077 2180 2325
1685 1881 1944
486 591
232 941 1356 2393 2427
404 1667 2113
1924 2436 2465
297 752 1158 1459 1614
844 1426
224 1021 1179 2062 2380 2463
1955 2491
831 1814
1341 1914
975 1841 1977 2081 2464 2555
190 1403
207 639 2432 2610
587 606 803 1258 1881
493 1684 2140 2521
398 669 1226 1890 2226 2313 2402
490 1878
253 1144 1735 1747
42 1014
1069 1239 1458 2165
585 624 794 1219 2016
80 1324 1843
338 371
1128 1357
875 1907
204 336 1534
206 258 938 1923 1957
1041 1265
465 2386
183 340 1269 1285
803 2657
272 333 713 838 2367
1627 2349
180 386 2368
169 1592 2208
618 1006 2511
308 1049 1058 1253
1943 2270
1795 2084
72 1914
469 973 1402 1740
687 1678 1944
24 1504
968 1237
2238 2643
187 195 1044
75 444 2270
311 360 691 1026 1068
43 277 1655 2188
780 1009 2347
1519 1827
372 1221 1729
70 188 1248 1463 1968
165 2145 2404
1006 1497 1513 1529
446 489 1841
2369 2664
494 1318 2097 2576
910 1806 2072
109 2330
441 896 1794 2180
545 1292 2122 2321 2372 2640
1042 1130 1801
137 1365
1199 1272
730 1198 1621
111 831
59 986 1455 1514
2158 2237
514 751 1053
864 1813
1377 1529
1012 1651 1986 2633
321 349 807 1294 1615 2029
549 1965
1250 1794 2623
565 1164 1620 1934 2081
134 265
2077 2236 2345
101 233 609 789 1713
409 503
158 1771 2399
96 1119
1223 2185
148 1563 1916 1985
1919 2499
1256 1301 1682 2170
585 1907
908 1538 1829 2383 2420 2617
547 1329
1941 2497
251 953 1454
63 1040 1434 1867 2242
2041 2227
115 547 593 601 2058
447 635
8 28 437 1050
2039 2167
1877 2168
24 413 609
764 2324
281 1034 1315 1418 1435 1847 2215
743 1359 2427
893 2516
278 579 896 1117 1252 2399
187 1534 1781
392 2657
1299 2009
611 902 2603
114 2554
201 691 1202 2356
31 1341
1015 1269 2258 2364 2403 2623
755 1273
119 1957
1832 2452 2494
322 1070 1710 2398
366 2072
442 448 1018
949 1294 1748
2011 2059
1058 2584
852 2340 2569
975 2516
1837 2046
475 767 1275 1460 2231 2240
62 1803 2537
1661 2613
1137 1340
329 382
360 503 1532 1639 2492
428 519 1176
889 1221
187 652 1361 1707
67 418 2482 2615
2132 2211 2293
324 1462 1864
1117 1440
9 374 1811
1571 2637
1272 2659
1070 1460
611 645 2009 2319
626 654 1278
440 1298 2488
788 2343
1710 2234
325 1183 1618 1635
1299 1734 1865
133 448 1582
30 242 831 1040 2082 2262
121 502 505 876 1254
187 378 1687
156 430 1527
252 1470 2002
398 2024 2059 2592
982 1217 1340 1963
1804 1907 2446
1943 2564
1589 1717 2333
111 248 1044 2487
1131 1248 2289
812 2315 2426
942 1130
241 1106 2035 2431
1885 1919
1954 2187
1386 1795
28 738 1822
410 550 822 1120
318 420 1342
841 2102
487 2108
1585 1625 1694 1943 2445
195 729
26 56 612 805 1695
880 1065
1212 2199
722 974 1166
1059 1064
312 1206
324 801 1249
402 1424
532 2078
611 1076 2516
282 1036 1059
500 1594 2216
319 482 999
35 445 1344
228 833 1353 1919
431 1331 2110
158 770 1132
65 720 1475 1701
189 2407
971 2180
282 412 487 534 1202
25 474 1223 1697 2650
275 1155 1433 1626
359 2567 2601 2634
719 1775
883 949 1753 1858
655 1111 1705
746 779 1831
67 216
975 2129
874 2543 2605
683 1842
234 865 919 1354
1653 2333
133 456 623 952 1514 2578
1594 1873
60 963
189 705 1211 1216 2581
2289 2415
844 1216
1065 1451
1391 2031
91 189 312 522 975
1652 1851
105 641 699 1778 2110 2398 2441
1007 1504
520 911 1025 2078 2236
253 2086
298 1116 1188
395 436 1300
1583 2112
77 689 1245 1667
796 1804
1112 2271
1324 1458 1672
1266 2375
2195 2535
139 227 411 1722
1532 2029
661 1320
473 697
11 216 1664 1896 2416
212 1155
1926 2133
178 226 2301
1191 2103
1180 1396
676 811 2150 2171 2328
16 450 589 2389
632 1293 1788 2112 2296
174 2422
737 975 1431
367 493 1177 1644 1664 2623
750 1271
2082 2576
488 953
357 2381
154 2170 2509
852 1513 2504
540 1303 1508 1885
123 1140 2270 2356
215 643 1175 1921 2189
293 652
288 641 1539
955 2109
295 2367
731 1451
819 976 1090 2523
560 1723 2553
365 539
1548 1835
476 1730
238 533 705 1708
1450 2194 2487
790 1933
1128 1969
411 844 2114
835 1112 1321 2124
1267 2173
1114 1990
299 718 772
1995 2046
54 558 635 1804 1950
233 1883 2023
864 1229 2388
127 246 857 2289
915 1791 2527
490 621
130 738 1468 2180 2325
1409 2494 2593 2609
774 1067 1390 2067 2605
1208 1885
577 1315 1460 2056 2084
393 814 2362
877 1055 1634
454 498 1864
997 1686 2179
29 814 1192 1581 2537
1582 2330 2511
318 648 1026 1928 2154
344 1410 1866 2528
702 1471 1834
1493 2201
372 766 1108 1535 2010 2162
265 2306 2315 2469
268 1287 1553
266 1701 2013 2549
124 2295
474 1387 1686 2253
142 1519 1581 1687 2478
231 272
1016 1282 2437
1427 2347
898 1132 1403 1993
904 2613
990 1697 2197
1377 1799
246 1133 1555
595 757 1969
339 1197
370 809 1881
516 1557 1691 1718
640 1009
402 1159 1432 1871
105 899 1685 2023 2328
942 1131 1533
229 2107
331 729 1207 1611 1655
244 2094 2156
234 2102 2277 2640
1545 2146 2546
1692 2447
469 1406
368 2387 2525
518 2599
100 744 1064 1689
384 2198 2506
1376 2419
444 510 1840 2491
191 201 1040 1295 2402
99 1753
189 960 1137 1678 2118
484 690
190 788 1028 2050
820 896 1196 1814 2599
97 873 988 2463
430 1386
564 1511 1809 2658
481 575 1176 1395
23 318 478 552 1084 2318 2657
682 700 917 1470 1548
676 942 1037 1553 1798 2431
392 560 1391 1736 2250
469 709 1686
395 510
1069 1880 1921
230 894 2554
805 1355 1922 2304
47 50 288 1805
574 988 2248
682 1081
210 652
1514 1546 2139
1827 2350
102 1052
684 920 1348
1547 1749
811 1348 1766
609 2625
376 433 1440 2122
624 628 1249
808 1143
210 1411 2052
452 933 2160
877 1238 1280 1795 2161 2264
1473 1893 2272
468 990
705 890 1139
2300 2410 2581
1943 2630
2529 2563
739 1135 2397
613 1947
193 1339
270 1996
1257 2462
128 857
503 1921 2031
329 1718
345 1265 2305
72 160 619
749 1297
418 423 1908 2514
24 594 732 1403
1880 2400
231 333 1329
1571 1584
942 1098 2432
374 1852 1988
1136 2206
1 901 1223 2605
90 1944 2239 2545
524 2108 2218
1287 1386 2040
1204 1577 1832
1031 1407 2401 2471
446 2601
1497 2648
675 779 1915 2330
275 843 1731
1132 2502
459 1901 2132 2426
845 1967
129 401
1574 2195
159 1376 2390
262 1515 2641
426 507
508 645 684 929 1860 2634 2652
30 1652
606 1731 1981 2148
419 716 874 1095 2326
438 741 1450
1100 1493 1659 1673
1122 1684
635 995 1416
930 2015
1260 1412 2455
457 843 1521
1713 1864
98 266 1638 1892
306 1770
51 343 1459 2221
931 2615
1535 1572 2280 2560
181 1633
636 1430 1560
461 1319
933 1646
73 1265 2412
870 2373
361 758 1529
495 1983
220 340 447 648 2120
959 1166 1210
1788 2518
1379 1452
956 1837 2187
902 1834
887 1962 2406
832 1990
98 676 754 851
1024 1054 2497
856 1126 2562
1364 2165
329 392 1008
338 1388 1418
1191 2446
1446 1502 1715 2028
601 734
884 2224 2360
197 412 709 1884
50 2122
14 889 1468 1596 1804
1095 2363 2494
1317 1784 1857
901 1133 1209 1789
280 1006 2020
391 1375
2342 2482
1190 1518
1143 1348
1487 1853 2213
1629 1654 1960 2643
1315 2069 2575
2513 2560
1581 2413
994 1253 1929 2317
267 1219 1495 1883 1999 2601
774 1988
462 1191 1580 2521
124 247 1122 1559
950 1230 1574 2362
193 722 759 2584
264 836 2393 2421
331 737 989 1936
1955 2255 2261 2546
986 1384 1705 1769 2550
504 582 610 876 1181 1651
1815 2113
706 789
1038 1691 1988
306 344 1068 1519
1419 1908
726 925 1831
386 437 790
726 1559
7 898 977 2543
1282 1367 1623
196 2096 2274
1858 2540
1293 1422 1886 1926 2294 2314 2367
1674 1885
381 1006 1295 1665 2492
298 483 605 2285 2305
854 1877
1007 1267 2488
1719 2434
247 447 1773
679 1685
144 1125
325 2359
609 894
199 497
966 1395 1483
619 709 860
517 2030
262 367 539 854 1493 2029
1329 2375 2400
197 2111 2646
87 1039 1314 2485
399 1200
67 1031 1518 1801
1595 1727
9 850 1409 1936
293 1226 1389
88 209 703
399 1406
287 1873 2522
1438 1479 2172 2615
682 959 1490
1219 1237 2025 2042
190 412 506 768 1021 2029
128 2403
1708 2268 2472
203 741 1232 2219
1855 2444
1517 1657 2129
185 378 548 1093 1665 1764
1391 2299
451 606 1539
1073 2609
390 1588
327 702 914
1455 1691 2576
428 704 2386
2149 2566
1965 2176 2572
177 284 579 1817 1883
775 1402
307 383 2200
876 2561
1588 1924
327 1319 1703
409 1671 1718 2230 2335
233 1002 1207 1227 1423
427 1950 2618
176 1443 1496 2422 2511
1637 1877 2177
18 466
90 245 1624 1836 2293 2599
12 83 2102
307 835
1641 1838
25 1021
156 844 1619
1316 1322 2361
2365 2530
329 465 597 1994
478 1102 2645
847 1271 1991
1323 1839
52 541 577 1516 1683 2022 2410
163 2548
445 602 2201
1914 2159
1237 1713
1592 2187
120 890 1038 1160 1948
864 1584 2322
1071 1302
750 1477 1961
396 931
493 816
209 1383 1569 2588
57 680 2447
46 345 1070 2264
143 1433 1618
189 1667 2188 2297
1161 1632 1767 1809 1966
31 1310 1803 2651
1653 1976 2209
451 1463 1956
806 1021 1592 2065
584 688 1682 1704
374 1397
751 1375
321 1543 1692 1861 2030
797 850 2617 2664
2187 2329
198 907 1189 2013 2071
1648 2064
966 1721 2337 2581
1039 2650
1758 1874 2031
1034 2527
867 1112 1128 2065
2045 2577
59 1659 1922 1923
720 744 1477
402 466 761 995 1080
1253 1278
687 1319 1645 2144 2160
781 2046 2399 2627
370 2287
868 1487 2601
418 1167 2033 2638
1513 1953 2275
147 929 1516
1120 1639
58 840 1836 2442
821 1733 1932
300 911 959 1366 2374
80 520
125 1220
786 2044 2164 2416
1859 2334
707 959
215 900 1090
261 1623
99 618 1901
496 2057
520 1641
2335 2475 2510
379 1149 1545 1736 2110
487 848 976 2069
868 2365 2508
2288 2364
1375 1786 2412
14 789 1697 2046
864 1037 1229
19 328 1928
677 2377
1298 1636
727 2183 2539
1535 2390 2581
367 804 1656 2023 2589
659 907 1178
511 1294
303 1268 1351
641 795 2480
2083 2100 2527
792 1187 1761
14 114 427 2059 2534 2606
970 1544
167 679 748 2000 2581
784 1526
127 684 1810 1986
1227 2173 2659
206 2442
349 386 2356 2592
327 2070
676 682 786 1038 2411 2650
941 1401
1479 1780 2136 2302
36 105 1614 2214 2421
573 2658
971 1069
19 2422
89 240 822 2203
342 2266 2302
293 818
2129 2487
1499 1708
343 533 1139
218 443 1729
24 2011
1175 1384 1432 2291
572 917 1772
91 113 912 1649 1768 2545
1131 2038
505 1006 1727
1280 2173
667 1041 1514 1852
30 952 1043 2381 2628
413 2390
1285 1856 2132
1411 2496
610 1188 2222
908 1230 1570
246 893
404 1795 2134
254 1617 2501
367 1802 1809
1222 1547 1958 2307
265 2297 2544
154 677
923 1544 2357
881 1338
277 2249
19 1881
2000 2227
969 2106
381 429 977 1822
992 1171
709 1753 1770 2659
1 2067
1593 1638 1703 2454
974 2549
534 810 1122 1547
773 1738 2409
772 868
1051 1641 1666 1895 2176
498 500 2064
94 1117 1365
1132 1336 1645
1531 1963 2230
438 2042
1476 2073
347 859
1296 1974
25 887 1413 2639
826 970 1104 2444
24 657 711 898 1963
152 1826 2514
30 1024
198 1727
1415 2660
1255 2245
458 2354
1002 1212
1104 2069 2430
953 1588
129 1376 1531
1496 2441
570 1221 1465 1482 1582 1981 2079 2449
1037 1285 1848
14 1326
635 985
252 2311
246 1046 1458 2151 2496
31 1549 2073
439 553 1908
357 1785
106 1259 1560
1041 1945
713 881
1792 2520 2604
266 1337
925 1093 2304 2408
1341 2499
827 1970 1984 2482
917 2262 2572
1522 2586
179 265 376 502 621
1184 2140
2013 2091 2375
60 572 2361
89 1205
147 1225
640 974 1166 1763 1852
1537 2114
158 585 961 984
294 969 1283 1983 2207 2590
2022 2502
1512 2523
501 538 1136 2204
1416 1854 2159
68 1230 1634 2652
1979 2052
374 610 1390 1928
1689 2061
602 2263
340 775 1182 2203
340 1705 1919 2197
61 835 916 1263 1896 1955
384 1877 2478
637 1612 2180
732 2038
539 1484 1713
501 1217 2094
1258 2390
645 1970
562 1308
746 761
1432 1687
416 1382 2063 2298
120 154
461 660 1688
2004 2537
226 498
310 2479
717 973
767 1281
722 1488 1847
1842 1910
135 401 452 2140
1135 2559
366 570 591 890 1065
261 610 1737
1604 2091
2011 2119
1261 1592
237 700 780 1393 2148
441 2339
1278 1490
1041 1462 2650
993 2588
418 932 1382 2613
1232 1334 2278
971 1477
2318 2321
570 1625 2111
379 1703 2109
336 1392
426 1178 1668
959 1397
135 1570
713 2118 2306 2427 2538
1649 2051 2548
1013 1351 1742 1768
897 1359 1444
285 716
1519 1642 1924
1519 2288
1824 2592
396 650 954 2154
1095 1832
6 500 895 2115
255 389 1957 2365 2548
363 874 2608
816 1451 2517
742 1145 1942
1150 1653 1776
164 717 1487
1539 2416
277 1584
2159 2359
254 1019 1854
786 1610 2126 2213 2635
1488 1948
1116 1610 2164
1552 1599 1923
2479 2652
2151 2353
150 310 449
837 1516 1934
9 653 1949
733 1928 2229
877 1639
199 216 513 890
565 2244 2535
1686 2197
476 686 1718 1842 2149
633 1238 2520 2651
5 427 555 1089 1866
1148 1805
239 951 2000 2194 2524
722 2542 2639
458 1940
860 1611 2498
418 810 1223 2083
323 911 1047 2177
1247 1674 2403
814 1302 1692
514 1147 1828 2541
124 1999
467 1382 2240
382 2046 2251
1650 1916 2637
927 1489
99 543 2546
349 925 1502 1691 2096 2195
575 1755
312 601 1388
107 1265 2156
1038 1808 2000 2330
774 1460 1968 2096
189 366 590 825 1169 2037 2158
1905 2613
233 236 1095 1401 1504 2654
192 649 960 1258
150 253 1133 1204 2430
1125 1677 2488
325 585 1117
130 1460
98 1058 1907
127 600 668 994
75 79 898 2504
1078 2299 2444
679 2563
146 236 621 705 842 2476
1470 1911
336 2351
504 612 1222
1912 2559
544 1687
547 1873 2260
4 2168 2629
354 1764 1807 2233
1358 1710 2200
1204 2399
36 1820
920 1389 2009 2170
811 1265
542 2116
1118 2292
1542 1971 2121
136 1408 1440 1524 2270
1136 1150 1390 1396 2531
155 343 1627 1891
127 129 213 1849
128 1021 1081 1956 2142
646 1280
101 1457
1188 1358 1995 2446
1055 1675 1883 2640
188 823 1840
762 1331
250 1071 1148
1262 1543 1864 1916
1706 2496
1046 2647
396 503 1800 1872
804 995 1276 2409 2595
739 2168 2487
1037 2644
2402 2634
2132 2275
503 1910 2079 2541
357 641 1078 1347 1744
549 1701
104 766 877 907 1713 1845 1960
2113 2495
459 1767
259 260 497 1448 1884
77 671 1189 1323 2060
1340 2329
215 749 828 1535 1639
1025 2076 2359 2651
616 2120 2527
1761 2228 2317
854 1384
272 1634
193 1089 1911
1131 2207 2264 2404
1270 2550
228 577 933 1203 1688
334 1361 1657 1825
575 1709
142 2366
1341 1954
82 423 1954 2309
757 839 2271
47 316 529 1769
1160 1610 2264
490 1156 1731
842 1290
937 1707
188 1131 1207 1542 1663
473 1352
954 1622 2246
1589 2178 2234
385 835 1404
784 2422
66 541 663 1478 2622
877 1939
32 2195 2552
473 1447 1686
391 2242 2494 2508
224 772 803 840 890 1340
3 469
778 1040
1352 1969
25 606 932 1055
1741 1767
13 713
1384 2205
1102 2007
290 1416 2419
232 953
1926 2161 2271
1313 1758 1769
312 398 1570
1927 2618
657 1813 1991 2439
169 493 2033 2601
472 1742
2 502 1243 1633 1732
187 394
1350 1719
1655 1678
849 1694 1983 2236
1739 1977
611 1368 1497 1665 1681
551 1541 1847
1331 1736
37 912 1771
711 728 2480
239 991
98 466 750 759 2526
162 1433
759 852 1020 1740
96 432 496 588 2107 2462 2663
506 552 2302
1940 2528
1196 1939
410 1092
1462 2313
1003 1007 2122 2185
469 1657
2241 2440
352 572
856 962
158 500
32 887
308 591 1033 1800 2517
332 1799
797 857 961 979 2072
802 1416 1531 1938 2166
616 2088
1 883 1698
127 979 1032 2368
176 619 721 1182 1901
811 1694 2008 2376
276 971 1094
731 1013 1094 1376
693 1640 1705 2309
1554 2056 2121
73 148 1234 1562
70 1883
103 517 1301
126 851 1429
67 439 771 825 1305 1486
1997 2646
190 2089
355 1165 1866 1890
424 2477
880 1490 2449
1165 2585
880 1190 1646
363 384 892
352 912 2374
1457 1740 2484
1468 2309
885 1046 1311
49 529
785 1336
244 1386
105 570 911 1037
84 876 904 1125 2055 2638
1273 1389 1921 2478
33 407 2024
481 1339 1482
124 934 2095
795 812 1964 2183 2446
760 1313 2297
58 1444 2375
1 193 399 464 1903
163 1276 2377
822 1127
440 605 818 2186 2305
581 780 2375
237 368 428 522 1680
4 2426
577 1963 2471
1355 1579
1023 2282
623 1520
1889 2136 2245
306 548 598 776
221 636 781 811 903 1534
396 1080 1805 2291
658 1921
637 671 1478 1480
964 1775
299 406
702 2517
912 1094 1570 2221
1081 2075
787 1903 2143
382 760 2032
2190 2452
762 1892 1972 2448
38 1585 1672 2077
448 1059 2499
555 1604 2234
689 971 1898 2086
178 2269
352 586 1088
549 2009
1496 2171
146 2573
1154 1313 1902
662 673 1233 1446
399 1287
768 851 998 2419
949 1709 2351 2512 2629
633 1836
186 844 2358
299 1529 1756
617 934 1090
59 408 1090
48 1170 1573
335 1141 2042
392 2600
1588 2095
397 1134 1302 2591
288 673 2304
1103 2293 2378 2404
1832 2643
1132 1868 2057 2249
105 2480 2561
532 1717 2350
1451 1863 1864
189 319 568 2014
1896 2030
1568 2426
77 957 1537 1581 2353
52 969 1058 2444 2642
1233 1239
692 1373 2061
1668 2018 2587 2635
519 1681
1092 1260
963 1002
860 1513
289 402
310 1240 1387 2561
1888 1914 1999 2358
188 1144 2417
443 1084 2202
535 1535 1925 2485 2616
269 562
1631 1934
317 1932 2649
1302 1498 1604 2121
643 925
397 861 2190
595 875 1028 2461
5 77 2030 2279
293 932 1402 1464 1985
1092 1370 1468 2484
574 1052 1255 1472 2230 2450
959 1098
578 818
286 879 1770
1434 2074
251 902 1147 2523
385 516 1162
160 782 2154
1075 2287
199 1024 2357 2588
548 730 1151
1832 2516
716 2305
496 1960 2149
764 1700
1483 1881
459 2179
937 1322 1382
464 841 1904 2170
1083 1176 1190 1315 2381
36 1920 2545
2389 2622
713 1774 1871 2661
685 867 2625
8 630
443 1502 1764 2661
607 1113 1740 2336
767 956
523 1260 2336
784 982 1118 1492 2304
2171 2627
936 1716 1802
691 1561
457 518 1532
412 430 2656
1572 1925
719 1736 2493
50 281 573 1581 2214
55 418 2624
656 2052
292 830 1970
1826 2564
434 1592 1977
771 1435 2278
1480 2560
1578 1863 2364 2597
444 1598 2354 2508
1534 2229
209 2551
1953 2058 2286 2339
2133 2490
1799 2488
3 249 2096
963 1138 1962
425 579 626 1279 2044
189 1108 2524
565 1137 1812 2081 2535
42 225 272 1842 2218
317 1321
447 2252
583 1557 2507
258 734
540 572 1271 1751
186 362 1172 1612 2073
10 182 641 931 1567 2296
299 930 1260
954 2137 2176
2166 2199
188 976
1797 2117
378 537 1857 2624
535 763 1244 1248
193 1149 2342
1067 2416
894 2047 2660
2045 2094
691 2354 2638
68 1830 2113
501 1794 2228
960 1848
310 601 1297 1453 2458
84 270 1051 1681 1741 1761 2319
148 440 679 2104
520 943 1637
391 2296 2342 2444
451 522 930
1538 2061
1184 1281 2421
855 2626
2526 2557
420 2159
2115 2618
201 1633 1642 2185 2429
294 458 1566 1722 1765 2568
199 2450
575 793 1526 1937 2434
920 2233
106 1100
1814 2661
1439 1892
389 1848 2465
1719 1915 2226 2422
140 2254 2420
1143 2578
1465 2604
972 2661
602 1067 1879
1447 2381 2539
385 1992 2257 2280
231 1272
40 332 432 1240
120 1335
1025 1273 1530 2542
152 526 1100 1728
107 1100 1525 1881
1559 2230
605 630
2031 2603
1218 1223
1468 2051
1646 1812
522 2063
87 584 596 1404 1635
1702 2007 2123
1780 2124
36 321 1550 2230
158 969 2160 2296 2567
917 1080
449 1296
697 1252 1365
101 247 283 350 441 1450 1674 2429
97 1413 1704 1878
1621 2271 2549
1473 2591
571 953 1419
496 636 1221
177 1408 1650 2664
452 1002 1405 1530
231 2560
580 969 1457
773 798 1600
516 2030
97 208 389 1140 1480
1274 1638
1657 1697 1743
1272 1469
1443 2014 2194 2635
331 1773
206 549 1747 1913
502 1462
1159 1644 1647
9 1125 2227 2641
86 111 735 1178
757 2544 2595
1228 1551 2490
719 1154 1254 2470
706 946 2408
1604 1739 1998 2507
282 792 930 2386
1034 1648 2547
1498 2017 2516
31 2122
1582 2162
377 595 618
799 1472
569 1858 1901
1055 1911
1277 1494
39 500 1119 2050
1220 2084 2101 2431
1327 2035 2268
10 833 1092 1179 1413 1466
1172 1699 2133
1154 2412
639 755
163 274 536 1657 1679 2547
305 1257 2080
11 831 1013 1591 2444
389 1521
504 1470 2402
602 2262 2477
545 1530 1840 2227
344 1860 1878
829 1716 2263
1475 1586
769 1240
195 1290
243 2534
59 297 704 1207 1710
577 650 2072
26 161 576 871 1362 2016 2318
1664 2281 2308 2486
919 1197
434 501 1940 2132
33 1003 1364 1521 1664 1971 2658
711 1646
434 1725
92 108 1336 2268 2410
172 1082 1386 1396 1680
1425 2084
815 1185 1580
1295 2020
236 738
408 1388 2095
47 260 580 733 851 907 2213 2286 2655
143 976
607 1215
435 1480 1856 2497
389 560 1308 1345
1194 1217 1326
856 867 2208
83 864 1260 1840 1860 2623
614 1922
1269 1337 2314
152 1590 1775
1769 2185 2328
1255 1758
282 875 1616
333 1788
690 1322
1465 1532 1574
2103 2661
202 1048
55 484
1383 2629
1042 1710 1722
960 1711 2480
818 2362 2383
2421 2476
235 2083
1406 2590
350 812 2584
1486 1500 1655 1867 2423 2657
350 1261 1431
1053 1324 1646
186 1427
1292 1553
1397 1932
1198 2101 2295
152 1092 1764
1130 1820 2193
2148 2393 2592
1326 1503
1377 1415 2112 2600
331 859 1034 2295
411 722 848 1155 1260 1483 2644
447 636 1867
474 922
689 2086
25 45
833 1539
835 1478
263 785 1131
441 1824 1835
612 1672 2140
208 1131 2232
56 1811
1653 1898
551 2636
595 999
278 1588 1894
2363 2568
635 1262 2086
133 1566 1965 1967 2223
1835 2349
245 744 2583
1356 1651 2279
281 638 677 921 2504
222 1501 2477
885 1075 2430
878 2511
628 743 1076 2580 2637
199 1478 2361
45 926 1174 1916 2535
164 989 1129 2325
899 1736 2624
1420 2121
674 1050
271 806 1466 2164 2169
359 1447 2382
1250 1915
1109 1742 2207 2242 2526
1437 2127
901 2158
426 1522 1574
987 1403 1494 1849
437 734 873
563 1599 2396
538 949 1291
1991 2107 2310
1413 1951
673 958 2272
767 1042 2381 2580
434 1062 1684
487 2302
1231 2387
628 1139 1230
855 952 1835
157 2535
283 502 2576
538 923
731 966 1292 2393
16 487 1413 2522
434 654
26 2236
1158 1251 1614 2634
1620 1982
352 456 1050 1978
286 406 735 1259
1430 1604
172 867 1102 1479 1521 1699
86 1056 2138 2598
675 1192 1575 1795
36 1501 2204 2491
328 495
66 1309 1543 2417
98 416 1365
440 716
803 1279
533 1787 2115
1362 1792 2325
1244 2036
55 381 1134 2307
1102 2357
706 1195 2028 2623
359 650 2180 2218
187 683 1085
125 1883
932 2179 2273 2279
1031 1270
1355 2220
1459 2154
1371 1491
410 1921 2297 2463
1100 1475 2210
352 416 502
326 1270 1355
551 1494
335 730
2165 2381
396 1990
970 1099 2356
313 2174 2395
878 904 1481 1680 2356 2402
1096 1484 2330
272 856
230 1330 1707
630 2254 2364
480 1226
1545 1650
1096 1473 1662
1552 1584 1913 1928 1977 2376
2021 2097 2107
230 1873 1957
1694 2238
1035 1184
301 2269
2018 2364
179 1509 2228 2238 2423
445 1056 1242 2098
148 180 819 990 1267 1372 1541
220 388 1078 2215
28 531 630
569 1402 1645 2079
1006 1191 1749
13 1532 1659
231 575 948 1948 2638
681 1059 1132 1547 1639
1096 2063 2378
768 770
924 1539 2492
710 818 1041
928 1033 1488
232 318 2280
63 641
1235 1802 2063 2065 2151 2549
382 640 1742 1820 1849
516 1806 2394 2566
1056 2228
227 514 1919 2436
112 1854
300 537 573 740 920 2271
1773 2647
26 2458
630 899 1965
850 1262 2299
852 1970 2148
85 1068
1740 2191
420 1619 2442
1766 2133
1733 1759
830 1892 2018 2650
71 1286 1858
915 1153
1281 1837 2008 2014 2362 2480
161 291 701 1777
700 934 2496
289 1441
626 2354 2456
434 464 1736
2154 2471
638 679 1701
1079 1565
1498 1717 2024
127 567 2413
1475 1927
7 1678 2130
1275 1872
33 293 1241
1482 1602
350 1704 1897
1771 2585
200 1806 2152
240 957 2519
2220 2520
36 1095 2379
35 1468 1693 1840 2147
1825 2081
687 1458
713 2648
1945 2429 2638
1287 1530
1684 2004
781 925
1183 2315
422 1368 1485
1259 2482
1511 1843
241 2138 2167 2342
49 198 2277
100 1833
937 1830
539 1172 1933 2082
825 1459 2457
148 215 278 547 1173 1188 1313
669 742 2140
148 317 1464 1922
1194 1601
620 2618
1942 2176
1434 2509
1017 1473 2424
1563 2160 2284
933 947 990 1677 2551
1093 1181 1708
551 1456 1837 1903
1324 1565
321 1292 1402 1837
561 1242
1012 1079 2208
353 868
1045 1528 1966
27 326 1437 2207
916 1393 2043 2421
1185 2523
1745 2462
379 491 1262 1423 2334
912 915 2468
1499 1531 1823 2033
720 1102
1541 1569 2352
258 1456 2179 2437 2440
338 372 472 1092
380 474 999
201 488
1795 1797
84 527
125 905 2281
2177 2548
1344 2185
1232 1456 2073
832 922 2083 2462
272 371 1508
1840 2195 2664
249 549 1972 2395
711 1057
64 846
246 515 1255 1867 1905
1129 2055
677 1451 1871
448 1379
1159 2019
1686 1875
137 559
1337 2291
299 1226 1798
1328 1938 1967
780 1084 1755
366 1552 1709
408 519 982 1035
321 599 1507 2056
232 1158 1392 2437 2441
33 2133 2299 2619
1040 1393 1485
942 1133
401 1961
429 1605 1982
153 1639
403 1001 1130
105 1732
266 2369
1204 1272
431 976 1021 1192 2030 2151 2238 2595
1188 1611 2606
1194 1952
85 656 2455
440 914 2499
1622 1956
271 1250 1719
1620 2335
1729 2370
425 443 949 1501
836 1356 2372
714 2043
1150 1983
68 1800
756 1405
29 1117 1307 1990
292 429 1409 1803
112 1430
129 2024 2490
2242 2354 2399 2492
315 1651 1908 2008
1065 2163
530 538 1325 1511 2038 2298
412 546 1687
308 1813 2420
722 2127
913 1553 2327 2616
1259 2571
1031 1158
176 815 1876 2218
641 1285 1287 1417
315 619 818 1011 1031 1504 2206
178 453 2121 2393 2621 2636
159 1904 1907 1975
161 386 1620
1249 2440 2468
1076 1274
5 965 2316 2579
260 1667
731 1229
42 2327
663 1774 2416
1673 2389
263 2287
43 703 713
2321 2664
569 971 1078 1149 1337
78 81 1299 1590 1956 2533
656 894
1565 2526 2530
332 841 1491
1651 2374
676 1324 1644
733 2109
288 1625 1983
148 555 778 1027 2386
334 503 1403 1974 2495
800 817 1787 2124 2463
840 929 1742
66 286 2080 2228
549 1055
958 1787
1713 2298 2580
978 1702
249 251 308 539 683
53 132
1741 2122 2582
453 1740
352 1403 2265
2298 2401
550 1038
161 1120 2552
58 360 965 1353
818 1706 1989
276 2245
223 1507 1871 2627
716 1728
122 157 700 2391 2496
408 2169 2500
425 1860 2034
2500 2651
366 450 496 842
75 1149 1995 2287
1260 1415
900 2181
876 929
113 1620 1704 2137 2456
961 2052 2185
170 2069 2605
139 196
1119 2322 2461 2473
901 1163 1560 2542
13 2073
748 1474
555 708
246 1258 2564
295 702 772 1572 1651 2584
44 594 1182 1190 2195 2360
238 614 1134
854 2024
847 1230
391 2255 2435
208 429 610 834 1885
157 303 1226 2174 2207
1013 1348 2433 2618
318 445 650 961 2048
623 695 2354
28 1836 1899
69 1559 1708
383 535 1150 1549 2435
579 1525 2620
89 2194
992 1073 2307
72 464 868
892 1748
1402 2069
546 998 2051
240 761
29 434 1129 1313
299 1053
31 227 920
684 1341 2647
535 569 577 1234 1448
1426 2220
32 1368
545 1948
212 375
658 1175 1276 1677
237 1397
842 1158
169 536 1741
14 25 755 768 2031
932 1357 1543 1943
724 2302
778 1701 2203
554 1711
1052 1429
440 1707 1895
317 384 2285 2395 2571
466 2661
1207 1463
666 820
995 1001
564 747
1230 2515
17 920 2096
26 2184 2556
397 2101
71 867 911 2310
1074 1205
785 2022
1476 2480
1866 2258 2389
418 701 1554 1877
1516 1641
68 192 753 1731 2103 2341 2528
1913 2363 2421 2520
672 1128 1493
16 1293 1294 2294
870 1045 1249 1864
814 1484
1545 1586 2473
868 996 1118 1143
39 2313
606 628 2353
87 1212 1844
32 1848
1306 1654 2615
1129 1281
38 584 878 1029 1262 1890
382 980 2170
115 682 1462 1610
1333 1411
651 685 820 1776 2584
1059 2315 2345
348 1694 2141
696 948 2172
300 666 2251
439 804 1176 1287 2009 2509
206 456 1722 2572
172 414 646 1699 2037
120 406 1634
1093 1534 1674 2507
1169 1492 1777
1464 1680
120 293 1689 2109
953 1574 1788 2371
301 667 922 1131 1498
712 2592
54 164
1038 1744 2037 2125
473 1635
112 1336 1912
614 1178 2466
1836 2233
880 2456
174 1108 1120
232 2657
288 1712 2021 2314
2279 2445 2588
560 766
37 141 1357 1924 2463
244 1193 1796
41 625
272 1068
261 826 1247
961 1257 2233
710 1365 2077 2529
245 1199
1952 2584
208 596 643
21 2284
719 2209
142 923 1361 1673 1717 2588
1791 2234 2530 2624
767 1485 2545
703 2186 2498
601 1261 1955
1893 2377
707 1155
189 347 1948
351 2545
1318 1563
187 904
1308 2028 2133
75 869 1254
883 1380
310 439 1058 2080 2529
349 788 1233 1592 1895 2643
494 1621
572 2361 2514
533 1694
297 2046 2508
671 1946 2449
184 500
945 1472 2081 2484
19 1476 2470
186 1154 1773
1269 1398 1772 2111
391 637 959 1087 1272 1599 2368 2547
892 1307
506 1274 2262 2317
332 1383 1681
111 515 2212
208 2310
206 1536 1940 2625
77 492 1197
858 2005 2622
729 2563
121 126 915 1876
1510 2638
1584 1925 2318
67 714 967 1302 1615
515 2277
1617 2120 2179
391 906
517 625 2057 2649
472 1291
861 2580
516 1750 1771 2045
558 1585 2171
2403 2514
2183 2421 2558
496 701
337 392
423 583 631 2269
1117 2059 2392
429 1640
197 405 2352
176 837 2298 2310 2627
48 403 1072 1432
740 1432 2430 2542 2567
203 1743 2032
160 1070 2100 2514
201 518 775 2075 2333
684 2109
237 1305 1662 2124
1200 2375
112 332 1172
292 2497
102 137 227 1023 1919 2401
501 1626 2535
13 578 1443 2089
1324 1521 2105
708 992 1660 1760 1974 2252
130 1290 2358
69 1605
268 2340
1609 1749 1848 2596
866 1116 1532
416 420 1078
1055 2408
847 1903 2497
1247 1539 2627
752 2628
157 2359
1720 1767
261 265 643 1144 2461 2543
811 920 2109 2636
595 1936
332 929 2295 2404
197 1305
1130 1974 2213
756 810
536 670 1341 2006
712 1167 1497 1656 2636
1505 1633
817 2242
1741 2365
546 1083
170 193
553 2655
745 2328
282 1795 1940
94 2008
236 754
198 273 544 993
402 2593
652 2317
421 1683 1828
109 2159 2285
1417 2018
535 848
374 679 1268
43 885 1170 2019
384 1321 1591 2111 2394 2493
328 2013 2479
727 1880 2427
757 774
1885 2599 2603
621 2303
1744 2167
755 1293 2129 2341 2426
147 1130 1287
1334 1732
222 1098
275 1249 1450
338 376 1657
528 733
452 1023 1525 2525
484 903 1155 2276
1514 2348 2520
1257 2374 2508
40 205 1012
222 548 2643
2468 2622
650 1374
449 1446 2000
631 835 1354 1516 1859 2050
793 1190 1936
335 1927
258 1625 1814 2171
75 2513
21 1291 1637
1583 2573
163 2430
121 797
854 1923
66 1123
830 1489
1137 1930
230 1327
754 1498 2056
1526 1933
142 1355
498 794 1349
246 2659
221 751 2189
184 1090 1616 2266
563 808 976 1459 2512
864 1332 2245 2317
2360 2387
877 1037 2582
371 2113 2226
1011 1415 1573 2511
2302 2363
350 661 1164 1876 2572
53 1830 2073
650 2313
1020 1162 1166 1362 1906 2134 2323 2644
970 1788 2079
1379 1891
309 395 668 849
562 922 1843 2077
433 605 1572 2040
1263 2395 2559
284 765
1370 1999
1155 1651
1964 2026 2229
329 1070
238 593 1434 1544
1249 1842
117 378
898 2023
1449 2375
615 676 1742 1893
2359 2632
1147 2127 2304
896 2659
706 965 1050
2171 2499
1060 1689
791 889 1466 1662 1835 2318
426 1872
1426 2643
933 1004 1209 1982 2304
357 574 1111 2567
615 1761 1981
5 89 1595 2378
404 1128 2390
2183 2268 2407
517 1570 1900
743 1226 1583 2584
94 446 1270 2136
701 1743 1814
512 699 1999 2474
392 443 588
217 1797 2306
1361 2628
772 1029 1042
235 1681 2321 2497
40 1632
714 2149
430 1594
410 2581
1060 2424
1633 2058
1154 1206
363 1752
1656 1709
145 578
934 1425 1814 2014 2042
57 240 904 1188 2190 2460
177 306 1743
823 1223
96 279 657 1710 1870 2595
124 1141 1295 1870
1692 2230
152 328 2173
111 717 863 1816
343 421 1055 1402
936 2037
255 295 1559 2574
936 1437 1496
358 732 960 2277
961 1860 2299 2300
1463 1926 2598
928 990 2080 2165
838 973 2530
830 897 992 1431
507 2145 2246
669 726 942 1253 1536
338 2096
622 1965 2145
218 1051 1580 2491
477 855 1412
347 428 2003 2004 2156 2346
555 2640
689 937
481 1731 2625
36 760 1492 1530
1973 2531
13 351 2000 2379
197 309 1279 2616
495 1387
1296 1442
70 2183
464 1181
550 970 1324 1782 2226 2395 2514
466 719
871 1808
198 736 1130 1584 2355 2431 2440
234 815 1781
498 935 1843
385 2494 2560
1265 1386 1710
443 445 694 786 2558
470 1936
204 1858
624 1071 1147
24 58 243 1373 1393 2162
1074 1515 2600
607 2325
873 1588 2563
112 1057 1856
169 544 768 1543
465 493 495 603 1024 1999 2137
853 2555
18 2449
1301 2104
701 1366
1804 2361
570 2106 2147
964 2294
199 614 838
432 2215
488 1103 2514
1021 1123 2195
661 1459 2049 2322
30 320 465 673
1258 1615 1707 2034
119 1479 1791 2420 2452
1653 1987
128 1614 2395
1031 2229 2378 2391
638 1270
899 961 1749 2273
362 706 955 1531
822 2198 2605
360 948 2392
1503 1789
238 860
376 868
975 2586
532 1803
1654 1979
2029 2368 2380
168 576 1085 2282
907 1117
505 2393
1584 2274
127 291 994 1057 1487 1974
444 637 1758
72 766 1188 1413
202 271 2167
1211 1381
1898 2247
1019 1033 1873
77 316 1831
2177 2225
715 1394
451 1773
770 1511 2554
960 1326
351 590 1207 2167
1128 1386 1837 2308 2558
205 588 2021
127 434 839
550 1445
325 1065 2364
522 752
839 1763
1443 2199 2321
975 2312
372 1237 1253
548 1198 1922 2147
460 1505 1740
1201 2523
873 2392
2144 2437
298 2302 2456
1705 1786 2329
70 1606 2188 2195 2540
7 259 433 1736
673 1620 1776 2361
106 767 2076
31 1056 1589 2492
5 1533 1783 2387
2086 2332 2352
398 2530 2570
503 1546 1857
1356 1893 2553
76 1311
1974 2149
172 461 941 1471 1989
1306 1620
304 370 926 1959
919 2588
60 132 760 2530
1281 1449
347 981 1311 2618
396 418 594 824 1169 1856 2249
448 1563 2274
978 1028 2340
969 1705 2069 2188
226 1862
550 1407
843 1914
292 1867 2428
578 2447
785 2029
2138 2252
1626 2351
299 373 1162 1920 2057 2150
974 1523 2058 2286
1036 1190 1504 1788 2383
1669 2415
876 1206
125 555 1222
357 691 1570 2229
1144 2226 2394
813 958 1334 1353
657 2431
25 1456 1556 2417
1778 1899 1939
78 205 926
191 800 2330 2467
896 1309
2177 2292
270 1764
1196 2258
323 1350 2192
24 282 533 964 1254
384 2527
1444 2140
25 755
1504 2620
1461 2462
241 1576 2362
1653 2198 2394
1617 2548
735 1360 1711 1743 1793 1864
256 1277 1578 2525 2642
1804 2053
1276 2022
1498 2335 2352
1143 1352 1536 1747 2305
170 362 2461
748 1491 1932 2165
661 1790 1817
342 752 1526 2245
682 804 1657 1914
142 607 1701 2176
738 1488 2407
91 1916 2120
59 1599 1713 1862 2259
28 816
227 498
437 1629 2172
382 1374 1543 1654
307 707 2541
187 1012 1107
328 1047 1951
969 1384
545 1149 1817 2333
168 1904
1444 2075 2632
562 2132
518 659 831 1988 2185 2317 2337
373 1580 2325
266 281 1495 2336
804 1847 1907 2541
413 1890 1988 2328 2645
41 193 338 448 2267
719 1784
918 2561
1348 1361 1812 2130
1325 1854
3 792
1644 2362 2607
349 395 1105 2513
1090 2241
106 150
582 2124
303 504 1183 1702
1120 2374 2595
639 908 2085
10 502 1467 2213
510 1034
652 1447
1013 1391
658 1200 1471
1328 2493
624 1586
1344 1410 1523
1609 2491 2564
609 771
1584 2237
995 1496 2509
319 362 1093
43 1345 1665 1720
371 1262 2635
717 1904 2642 2659
569 2375
131 812 826
36 359 1567
451 667 1220 2164
536 1305 2458 2542
1477 2327
639 819 2054 2580
161 1170 1741
301 1459 1491
610 1070
595 1928
37 429 768 1000 1670 2293
506 1484 2339
1256 2263 2469
163 515
815 1032
585 1511
1183 1404 2194
1220 1478
207 1726 2001
1388 2299
236 1000
319 1036 1736
79 1201
557 2588
175 826 1872 2357 2468
157 1918 2013 2285
1338 1513 2530
1292 2605
765 1133 1229 1999
107 510 923 1299
676 754
604 970
237 1853
767 1907
782 957 1080 1767
174 2162
1360 2120 2587
1945 2016
111 414 627 2512
264 1295 2131 2304
26 1013 1094 1903
864 2409 2507
580 1593 2430
573 2180
219 363 1551 2622
1925 2387
1016 1750
1514 2277
662 1838 2618 2660
468 1588
428 2289
984 1046 1232 1832 1942 2136 2172
866 2045 2057 2258
929 1326
371 2009 2210
1943 2019 2162
866 1496
345 588 600 1296 1699 1828 2534 2549 2664
2250 2273
1156 1248 2255
320 1190
1787 2578
605 1078
119 307 450
1023 1316 1964
81 110 365 1282
904 1007 1298 1319 1357
1495 2553
488 2019
5 986
1749 1948
637 1089 2622
885 1729
1087 1673 1899
340 2193
567 2330
699 1090 1365 1428 1548 1832 2458
306 1045 2519
506 2060 2242
260 1807 2340 2575
588 644 1214 1341 2636
23 596 741 1206
1333 2152
1578 1878
119 406 1855
315 835 1426
939 1158 1179
131 766
914 2465
748 2304 2453
1077 1706
419 1220
224 2117
717 954 1233
486 2175 2359
1674 2427
2175 2448 2578
889 1580 1927 2234
57 387 1121 1438
966 1827 1838 2461
931 957 1351 2318 2563
2242 2535
860 2470
977 1460 2494
258 1800
501 735 2094
856 1570
83 1191
1393 2286
289 363 1039 1046
83 637 1797 2613
399 408 1964 1998
283 507 1108 1689
1067 2394
1007 1847 2415
808 1619
1812 2018 2034 2565
1209 1610
6 389
1507 1565 1597 1854
1337 2618
1188 2109
56 301
533 1319 1708 2334 2413
685 1466
392 673 1340 2026
236 1262 1728 2609
31 1450 2274
93 1046 2122
1482 2043
924 1317 1582 2561
274 927 957 2311
508 742 1067
458 1273 1819
486 1664
478 1059
809 2244
1258 2277
238 1422 2369
298 2051
433 1656
63 1025 1675 1818
475 784 1422 1522 2100 2380
147 670 1388 1817
423 464
954 2031
1024 2141 2297
854 1942
205 708 1800 2512
734 2416
105 384 621
1036 2155
433 578
1114 1323 2592
545 1365
1114 1234
1822 2083
630 726 1183
1199 1466 1545 1747 1991
243 2206 2223
1456 2401
1566 1638 2294
1465 2542
960 1068 2505
173 1096 1473 2272 2531
437 1879
1421 1556 2225 2309
2064 2523
1696 1733 2321
1871 2405
1312 2136
572 1273 1422
222 734 924 2603
2 1195 2375
974 1589 2144 2557
335 1350
665 1856
1071 1932 2423
356 704 749
527 1957 2351
1612 1990
61 154 445 551
1279 1654 1932 1995 2369 2405 2558
231 1768 1968
719 1777 1990 2636
1967 2039
1213 1967 2016
346 1407
340 1641 2286
1393 2589
494 591 702 1003 1340 1547 2466 2664
126 466
414 659 2506
107 1151
308 678 2271
42 2364
292 686 1216 1640 1743 2177
2126 2531
125 819 1943
1259 1733 2596 2616
742 808
497 1455
87 511 2219
830 857 2009
1115 2073
2442 2458
9 115 941 2320
188 1922 2083 2260
108 985 1258 1560 1643
778 1135 1425
96 1026
711 1221 1634 1709 2031 2096
691 815 1139
424 1134 1519
49 712 1971 2092
232 626 806 894 1687 1881 2532
685 1436 2000
323 2164
460 550 681 2438
1227 1743
851 1262
1304 1689
1018 2171 2404
861 2336
13 90 297 1828 2515 2550
35 109 406
719 956 1496
698 872 1507
512 553 836 1817 2287
2151 2340
398 1787 2182
1470 2573
84 578 1259 1383 1450 1537
285 1540 2295 2360
460 1578 1636 1917
575 1094
1415 2244
1869 1922
866 1273 1347 1428 1795
1051 1851
2005 2080 2169 2393
741 1924 2594
409 698
709 755 1506
536 1348 1733
31 1983
10 746 1644 2433 2528
1317 1767 1883 2302 2329 2614
328 2448
1690 2118
999 1009 1200 1355 2628
875 1646 1959 2396
179 645 661 2456 2465
333 903 2379
469 2069
272 1368 1616 1657 2066 2558 2573
520 1139 1851 2238 2255
1602 1978 2627
1128 2150 2639
155 440 1750 2580
751 1674 1823 2441
98 649 1070
1311 1694 2166 2411
339 2329
1436 2174
121 593 700 901
1108 1734 2293
991 1313 1720 2028 2154 2552
485 1786 2607
50 1856
1270 1383
1691 2101
123 815 1328 1797 2014
49 479 1621
81 172 197 329 541 1662 2214
283 458 2415
250 801 2096
666 1278 1493
780 973 1658
89 773 822 1700
2201 2494
130 430
1326 1777
66 990 2330 2429
484 1608 1700 1900
47 338 544 2081
1589 1687 2173 2183
123 1923
1970 2568
278 310 2023
14 1395 2247
258 2042
318 392 496 1371 1375 1892
535 2130 2543
741 862 1704 2058 2399 2624
265 2013
1774 2210
1 1348
1670 2462
617 625 631
325 721
548 866 1039 1348
1104 2087
634 794 1089
1672 1940 2307
1364 2174 2599
556 1178 2082 2617 2654
1050 1433
162 775 852 1377
171 214 1553
793 1811
39 266 472 2345
1216 2387
408 2276
958 1404
267 484 1729 2216 2476
833 888 2241
37 441 796 1953 2023
1115 1832 2272
1074 1946 2271 2503
53 478 869
1 31 267 755 1198 2301
707 1544
408 1613 2440
259 1566
1586 2289
1928 2516
769 1499 2623
1308 2192
610 917 956 1622 2145 2294
744 1182 1259 1776 2085
97 1214 1756 1859 2526 2659
897 2016
1873 2024
683 1529 1825
309 854
1107 1864
1230 1507 2172
665 2652
196 1253 1476 2268
18 1344
1152 2044
711 1863 2422
30 267 1386 2207 2578
27 69 734 1281
648 1141 2527
2235 2389
301 495 1912 2306
1699 2029 2042 2613
438 1960
269 504 667 1771
618 1471
64 832 982 1092 1915 1953
256 2582
306 734 2411 2446
112 233 1599
95 1124 2573
522 1038
765 1247 1539 2248
2014 2344
22 2554
927 1150 2510
1374 1820
369 615 1626 2093
596 605 1288 1755
677 1063
18 848 1972
576 2083
660 1384 2383
1266 1417
925 1029
1439 1917
574 2439
57 960
68 1318 1521
180 1143
228 309
632 1271 1705 2316
666 1278
108 2499
1443 1902
550 1328 1418
37 177 484 1076
795 1184 2334
833 1223 1579
1214 1531 1926 2188 2573
177 1872
315 367 1866
1067 2653
1296 1889
331 1080 1102 1390
741 926
512 2452
1274 1434
196 1680 2589
859 1923
1125 1458 1588 2056 2568
511 1316 2347
981 2268
1671 2490
233 2236 2266
1196 1336
192 507 1064 1678
289 693 965 2128 2298
288 665 1144 1573
109 288 444 566 677 1570
915 1180
1384 1573
429 496 785 1250 2120
1287 1479 2149
1338 1361 1435
10 1475 1515
160 771
56 1443 1812 2111
114 764 1898
340 1434
106 442 463 611 933
21 885 974 1999
40 745 1348
75 751 1544 2528
810 1815 1852
90 1400
292 2590
55 720
1853 2125
555 1102
94 565 1045
1391 1729
585 683 1843
1181 2526
750 2403
735 2004
257 1514
47 292 1501 2468
165 962 1691 2046 2198 2280
1664 1917
527 797 1603
1563 2023 2293
1694 1744 2502
970 2110
51 519
869 1878 2349
618 1569
1072 1369
551 599 912 1016
911 2225
504 1102 2165
962 2395
1260 1564
1461 1660
447 680 859 930
1108 1253 2096 2587
142 721 1227 1311 2574
334 1298 2303 2586
443 625 1070 1141
1769 2319 2634
493 1206
68 1400 1423
26 278 748 2132
1856 2265
349 529 2010
1652 2032 2103
238 572 1484 2208 2402
579 1926 2227 2650
1867 1888
624 720 1139 1393
84 1306
783 2218
477 1754
476 639 853 2016 2361
1009 1433 2009
600 2552
317 774 1337 1830
335 1961 1971
1010 1101
1848 2608
682 911 2485 2631
317 853 1159
642 970 2545 2597
222 435
205 419 803 1430 1481 1786 2110
775 1776
220 562 2301
965 1292 1306
303 1832 2288
156 743
121 487 2022
119 1422
398 930 1145 1212 1333 1425
635 693 1233 1311
395 2224 2297
435 1857 2005
469 1207 2005
407 1717 1983
107 806 1267 1946 2163
555 829 1852
197 349 1113 1361 2458
411 1652 1656 2293 2335 2468 2578
