4000 10000
415 3402
415 1896
415 2263
415 186
415 2430
3402 2205
3402 2565
3402 3306
3402 3755
993 2884
993 621
993 2776
993 728
993 811
2884 3542
2884 150
2884 2068
2884 3081
244 3254
244 407
244 816
244 1053
244 2289
3254 2256
3254 2025
3254 584
3254 3479
1663 3847
1663 1336
1663 1487
1663 3692
1663 772
3847 346
3847 478
3847 745
3847 548
2318 3024
2318 503
2318 3315
2318 3976
2318 898
3024 3064
3024 3028
3024 2141
3024 1196
2184 2795
2184 648
2184 2292
2184 3149
2184 3908
2795 3006
2795 625
2795 3547
2795 989
511 2063
511 2059
511 3932
511 3006
511 719
2063 1064
2063 2477
2063 2492
2063 677
463 3069
463 3854
463 1807
463 2783
463 1731
3069 636
3069 2606
3069 1246
3069 1374
1903 2516
1903 1913
1903 3739
1903 727
1903 155
2516 665
2516 3299
2516 2267
2516 3761
1371 2692
1371 3712
1371 577
1371 2189
1371 1267
2692 3849
2692 3963
2692 3246
2692 2207
872 3762
872 1045
872 100
872 3295
872 1418
3762 2296
3762 2114
3762 911
3762 1544
1295 1650
1295 3983
1295 763
1295 406
1295 118
1650 802
1650 1431
1650 2437
1650 649
1054 3510
1054 3061
1054 1696
1054 600
1054 1172
3510 3111
3510 2779
3510 315
3510 2527
772 1609
772 1142
772 3221
772 1553
1609 3925
1609 3551
1609 2319
1609 3520
2105 2916
2105 3137
2105 3088
2105 1612
2105 1381
2916 1106
2916 1694
2916 241
2916 239
286 632
286 2225
286 1538
286 352
286 1198
632 216
632 2335
632 2792
632 3037
1764 2357
1764 1753
1764 1092
1764 1580
1764 1005
2357 1639
2357 2158
2357 2083
2357 1934
1270 3808
1270 3227
1270 1209
1270 2756
1270 3311
3808 536
3808 2898
3808 771
3808 1789
2785 3843
2785 3623
2785 2081
2785 3100
2785 122
3843 2648
3843 3023
3843 1531
3843 2144
369 1835
369 2183
369 401
369 1566
369 222
1835 972
1835 3835
1835 3540
1835 2642
1443 3699
1443 1664
1443 3351
1443 1731
1443 2109
3699 2082
3699 1548
3699 3454
3699 3635
2009 2161
2009 3265
2009 796
2009 1897
2009 3108
2161 3226
2161 3280
2161 3816
2161 1287
598 1429
598 186
598 1151
598 102
598 3709
1429 2380
1429 472
1429 2525
1429 2166
3330 3377
3330 2936
3330 2406
3330 3121
3330 1917
3377 1572
3377 3065
3377 2056
3377 3309
1776 2862
1776 1860
1776 3155
1776 658
1776 3054
2862 1555
2862 3215
2862 1050
2862 2093
3674 3712
3674 3220
3674 999
3674 3175
3674 261
3712 3775
3712 933
3712 1621
1831 3286
1831 1623
1831 2030
1831 2933
1831 3256
3286 3986
3286 2224
3286 2810
3286 3901
3283 3827
3283 3391
3283 2768
3283 1234
3283 2241
3827 581
3827 1948
3827 3371
3827 1973
1034 1959
1034 1585
1034 675
1034 135
1034 3020
1959 3539
1959 3573
1959 853
1959 787
2283 3861
2283 2618
2283 2556
2283 913
2283 1701
3861 671
3861 1659
3861 3296
3861 2869
1331 3643
1331 2650
1331 2216
1331 3626
1331 1038
3643 3282
3643 2420
3643 66
3643 503
2938 3792
2938 539
2938 3037
2938 982
2938 1647
3792 1631
3792 344
3792 2659
3792 3290
3406 3897
3406 1605
3406 1322
3406 18
3406 3391
3897 51
3897 3579
3897 220
3897 2298
1008 1714
1008 996
1008 1755
1008 3952
1008 2632
1714 385
1714 1241
1714 1586
1714 1414
2048 3405
2048 1762
2048 1005
2048 3512
2048 2693
3405 11
3405 1832
3405 259
3405 3831
2239 2744
2239 3465
2239 2511
2239 3615
2239 3605
2744 1262
2744 1999
2744 383
2744 895
274 2621
274 2726
274 2175
274 1976
274 96
2621 3634
2621 3944
2621 2822
2621 33
773 2076
773 2672
773 3755
773 1235
773 2004
2076 2683
2076 668
2076 2620
2076 3021
2786 3142
2786 386
2786 1103
2786 3658
2786 732
3142 1998
3142 1269
3142 2258
3142 698
2321 2517
2321 857
2321 1681
2321 788
2321 1142
2517 2223
2517 1386
2517 232
2517 2185
2381 3093
2381 2756
2381 2259
2381 309
2381 3094
3093 602
3093 3922
3093 1713
3093 1396
521 1037
521 3390
521 1786
521 2846
521 2828
1037 1044
1037 80
1037 1940
1037 1082
1345 1484
1345 3568
1345 3301
1345 299
1345 2219
1484 2261
1484 1320
1484 789
1484 802
2792 3859
2792 1902
2792 3178
2792 407
3859 2617
3859 296
3859 2591
3859 3175
679 3838
679 1308
679 3255
679 207
679 3916
3838 3976
3838 2442
3838 2911
3838 497
935 3535
935 253
935 1186
935 3423
935 2752
3535 1588
3535 158
3535 2259
3535 1977
2174 2992
2174 819
2174 1239
2174 2544
2174 621
2992 930
2992 5
2992 2428
2992 2806
2680 3618
2680 2067
2680 3851
2680 554
2680 1883
3618 3184
3618 3750
3618 1179
3618 3617
606 2084
606 116
606 672
606 2662
606 1965
2084 2728
2084 2894
2084 2933
2084 3407
482 2506
482 3367
482 2562
482 2547
482 3776
2506 2593
2506 3053
2506 1830
2506 924
1442 2585
1442 2708
1442 431
1442 3540
1442 3588
2585 2043
2585 3912
2585 1614
2585 3302
2553 2796
2553 229
2553 1198
2553 2637
2553 1317
2796 1497
2796 622
2796 1692
2796 862
509 2380
509 3442
509 2452
509 2928
509 1106
2380 1047
2380 3003
2380 3370
1543 3125
1543 3494
1543 748
1543 2865
1543 2140
3125 960
3125 143
3125 3166
3125 1368
3 2508
3 1314
3 1384
3 1350
3 1774
2508 2432
2508 1881
2508 3314
2508 3048
866 2654
866 1960
866 1962
866 3782
866 1610
2654 1260
2654 3059
2654 3241
2654 3235
985 1851
985 7
985 3913
985 1858
985 3393
1851 1980
1851 1364
1851 790
1851 855
23 945
23 817
23 1698
23 3090
23 2287
945 1529
945 2193
945 3181
945 2855
1332 3881
1332 3487
1332 3769
1332 587
1332 3079
3881 1824
3881 153
3881 788
3881 2919
406 2898
406 319
406 211
406 2378
2898 1875
2898 3209
2898 422
903 3475
903 3767
903 2519
903 1823
903 3702
3475 3794
3475 1740
3475 3675
3475 1467
591 3846
591 3793
591 2552
591 2386
591 3912
3846 1233
3846 3424
3846 1311
3846 2217
2143 3571
2143 402
2143 1151
2143 3340
2143 3200
3571 1658
3571 638
3571 959
3571 3375
1336 2539
1336 485
1336 2675
1336 1889
2539 2021
2539 1936
2539 3515
2539 1312
3810 4000
3810 1884
3810 3421
3810 714
3810 611
4000 109
4000 3733
4000 1203
4000 3963
2313 3982
2313 906
2313 1266
2313 1804
2313 3472
3982 2237
3982 3912
3982 3893
3982 1043
1778 2655
1778 662
1778 2431
1778 2624
1778 2910
2655 2157
2655 2914
2655 2790
2655 3914
1676 2873
1676 2995
1676 1364
1676 3122
1676 1537
2873 3203
2873 2285
2873 2413
2873 3364
1020 1256
1020 1515
1020 2993
1020 3946
1020 799
1256 2696
1256 3478
1256 3965
1256 224
471 1980
471 1619
471 3568
471 298
471 1327
1980 1174
1980 1716
1980 3766
805 1102
805 1504
805 2498
805 3353
805 139
1102 1338
1102 3376
1102 1753
1102 3169
77 363
77 3809
77 29
77 1641
77 1373
363 2824
363 2931
363 194
363 3206
2205 3703
2205 3812
2205 1181
2205 1477
596 2914
596 614
596 2079
596 2924
596 1199
2914 868
2914 2700
2914 147
3622 3885
3622 1196
3622 2970
3622 2255
3622 2852
3885 1738
3885 1141
3885 645
3885 1039
2144 3880
2144 643
2144 473
2144 178
3880 1736
3880 96
3880 2653
3880 3247
1711 3769
1711 2458
1711 1625
1711 1817
1711 3457
3769 3924
3769 3350
3769 2042
1477 3602
1477 3657
1477 2596
1477 2137
3602 179
3602 948
3602 1368
3602 2045
2191 2945
2191 1269
2191 1491
2191 516
2191 1044
2945 1668
2945 1656
2945 1995
2945 3772
93 3498
93 2494
93 2395
93 3310
93 94
3498 3399
3498 2604
3498 2752
3498 847
824 3717
824 3258
824 357
824 2126
824 1618
3717 3645
3717 3338
3717 527
3717 3635
3279 3667
3279 2728
3279 2625
3279 3549
3279 2933
3667 962
3667 3726
3667 3611
3667 1648
1644 1729
1644 2289
1644 2078
1644 379
1644 1035
1729 419
1729 3304
1729 3990
1729 1067
1408 2950
1408 583
1408 1211
1408 1227
1408 2520
2950 527
2950 1506
2950 378
2950 815
42 1466
42 2247
42 3168
42 2371
42 1912
1466 2679
1466 3448
1466 931
1466 3259
642 3905
642 3972
642 1855
642 731
642 1574
3905 3682
3905 1728
3905 1292
3905 418
248 1571
248 2541
248 2850
248 777
248 267
1571 3639
1571 1617
1571 1970
1571 3815
1638 3412
1638 3205
1638 2597
1638 321
1638 744
3412 3932
3412 3987
3412 3978
3412 3587
994 3310
994 705
994 767
994 1518
994 2479
3310 2674
3310 1743
3310 3605
447 468
447 2289
447 1382
447 2662
447 3242
468 3419
468 700
468 22
468 2433
2558 2594
2558 2121
2558 959
2558 3101
2558 2901
2594 1394
2594 485
2594 2030
2594 3146
498 1453
498 584
498 3574
498 3391
498 2396
1453 3484
1453 1220
1453 2993
1453 804
1843 2060
1843 473
1843 199
1843 2359
1843 654
2060 3267
2060 3513
2060 1561
2060 2751
3104 3262
3104 544
3104 3259
3104 3199
3104 1372
3262 3172
3262 3302
3262 703
3262 1171
315 2463
315 3506
315 3365
315 3100
2463 3840
2463 2623
2463 865
2463 3740
2837 2918
2837 3485
2837 1383
2837 3751
2837 2603
2918 651
2918 3705
2918 782
2918 37
2296 486
2296 3408
2296 116
2296 970
775 1172
775 3936
775 2889
775 2433
775 2042
1172 1074
1172 3444
1172 647
1905 3877
1905 2258
1905 1724
1905 683
1905 3257
3877 3576
3877 2378
3877 3551
3877 1434
563 764
563 759
563 3195
563 1030
563 3483
764 1510
764 1050
764 67
764 43
392 882
392 3393
392 2103
392 1514
392 1454
882 100
882 3077
882 3666
882 432
1195 2963
1195 1777
1195 2674
1195 1422
1195 3650
2963 812
2963 2880
2963 3831
2963 909
11 3327
11 1173
11 3447
11 2979
651 1816
651 1193
651 2588
651 2800
1816 2703
1816 2509
1816 3991
1816 3236
842 3333
842 2179
842 726
842 1310
842 2029
3333 1527
3333 689
3333 336
3333 3725
1738 170
1738 878
1738 162
1738 2040
792 1526
792 257
792 995
792 494
792 3324
1526 108
1526 1036
1526 1568
1526 1475
888 1463
888 3759
888 2634
888 2757
888 1032
1463 1465
1463 3919
1463 455
1463 3030
812 2636
812 1440
812 3361
812 747
2636 3477
2636 1107
2636 1627
2636 1640
253 723
253 3952
253 2148
253 3066
723 462
723 2686
723 3541
723 2427
810 2334
810 3504
810 1707
810 3829
810 3994
2334 790
2334 2272
2334 1694
2334 3969
357 780
357 106
357 3176
357 3577
780 2726
780 1726
780 2022
780 3984
2397 2474
2397 970
2397 3429
2397 3870
2397 3169
2474 3304
2474 475
2474 1957
2474 1225
1074 1626
1074 631
1074 2638
1074 2377
1626 2418
1626 2064
1626 3130
1626 1629
420 3051
420 1615
420 3445
420 38
420 1393
3051 2074
3051 1604
3051 3765
3051 851
1354 1909
1354 3092
1354 627
1354 2966
1354 1993
1909 2590
1909 2917
1909 1840
1909 1730
2775 2834
2775 3373
2775 715
2775 975
2775 1455
2834 258
2834 3012
2834 202
2834 1263
2716 3688
2716 3263
2716 2336
2716 121
2716 1194
3688 462
3688 1673
3688 2093
3688 1685
352 1870
352 2829
352 224
352 3611
1870 2707
1870 2689
1870 2177
1870 2722
2373 2531
2373 752
2373 2701
2373 1278
2373 3669
2531 2647
2531 1800
2531 2182
2531 2423
1248 1927
1248 3817
1248 3133
1248 3298
1248 3940
1927 520
1927 3440
1927 3295
1927 12
1998 1799
1998 1012
1998 562
1998 1499
1640 3434
1640 3327
1640 2953
1640 3560
3434 3508
3434 306
3434 3787
3434 1475
1321 2900
1321 2671
1321 2369
1321 3099
1321 3237
2900 2376
2900 1679
2900 1122
2900 1544
2400 2893
2400 2305
2400 691
2400 3669
2400 597
2893 954
2893 366
2893 207
2893 3550
1068 2454
1068 3573
1068 2387
1068 3053
1068 3857
2454 9
2454 1974
2454 1206
2454 602
2671 1737
2671 801
2671 2070
2671 729
1999 2320
1999 690
1999 3802
1999 2127
2320 579
2320 2709
2320 3340
2320 1029
756 3387
756 3966
756 1324
756 3470
756 2416
3387 1010
3387 1188
3387 618
3387 414
1002 2625
1002 2011
1002 3786
1002 1066
1002 327
2625 3241
2625 1750
2625 3953
1912 3075
1912 166
1912 2209
1912 1935
3075 348
3075 1596
3075 1684
3075 2453
1857 3139
1857 3450
1857 1550
1857 3240
1857 607
3139 459
3139 139
3139 1142
3139 3433
1566 2209
1566 1093
1566 1932
1566 2339
2209 3716
2209 2466
2209 1587
2200 2495
2200 423
2200 3385
2200 976
2200 1773
2495 3048
2495 3162
2495 2059
2495 1410
1496 2379
1496 910
1496 51
1496 3999
1496 3369
2379 2232
2379 3500
2379 3850
2379 2214
254 1190
254 1979
254 1110
254 3555
254 2628
1190 550
1190 3071
1190 326
1190 3354
2707 3989
2707 2345
2707 3705
2707 3034
3989 1217
3989 2691
3989 2064
3989 578
1393 3678
1393 1494
1393 3163
1393 3076
3678 3203
3678 300
3678 3598
3678 2468
2306 3416
2306 2264
2306 3352
2306 27
2306 1686
3416 239
3416 2388
3416 562
3416 2316
413 1183
413 2664
413 1706
413 1520
413 3616
1183 1468
1183 3536
1183 3152
1183 3833
1755 2081
1755 1146
1755 272
1755 2985
2081 3876
2081 3182
2081 241
1724 3963
1724 2151
1724 1478
1724 3851
3963 1259
3963 3494
537 2710
537 660
537 666
537 576
537 200
2710 1965
2710 2673
2710 990
2710 3689
937 1863
937 347
937 287
937 1199
937 3240
1863 1298
1863 92
1863 116
1863 585
839 1291
839 264
839 1826
839 2110
839 3291
1291 1426
1291 926
1291 84
1291 3187
2261 2859
2261 2465
2261 2405
2261 2150
3094 3876
3094 3423
3094 1492
3094 2507
3876 12
3876 223
3876 3844
1223 3388
1223 3143
1223 2025
1223 3131
1223 3637
3388 561
3388 210
3388 2041
3388 316
958 3871
958 3886
958 37
958 3463
958 2163
3871 1752
3871 3337
3871 1564
3871 3753
1119 2513
1119 3301
1119 2561
1119 3465
1119 970
2513 460
2513 1461
2513 2645
2513 557
5 2004
5 2505
5 738
5 676
2004 1114
2004 3442
2004 273
846 2354
846 3997
846 1900
846 1207
846 2803
2354 828
2354 3673
2354 1372
2354 684
921 2942
921 3528
921 2733
921 292
921 3985
2942 592
2942 925
2942 3587
2942 3273
2137 3435
2137 3441
2137 778
2137 1105
3435 957
3435 1532
3435 3892
3435 3925
404 2423
404 3956
404 1285
404 2272
404 1238
2423 2069
2423 2555
2423 1184
125 3008
125 2727
125 36
125 1314
125 730
3008 3743
3008 840
3008 62
3008 365
1725 2444
1725 2302
1725 2596
1725 2956
1725 2971
2444 2936
2444 1841
2444 1285
2444 3496
1683 2447
1683 3194
1683 3629
1683 1503
1683 3472
2447 1390
2447 807
2447 1859
2447 1066
212 3650
212 433
212 3589
212 2208
212 954
3650 1347
3650 3117
3650 1361
790 3398
790 2412
790 1152
3398 2177
3398 989
3398 3686
3398 144
1588 3378
1588 2930
1588 1541
1588 1680
3378 3418
3378 1569
3378 316
3378 1819
1657 2983
1657 2294
1657 2670
1657 1303
1657 445
2983 3154
2983 977
2983 858
2983 2657
690 2421
690 1707
690 734
690 555
2745 3705
2745 3766
2745 3889
2745 3508
2745 1573
3705 813
3705 1182
3677 3944
3677 3207
3677 3503
3677 1412
3677 510
3944 2688
3944 3531
3944 2446
1567 3440
1567 240
1567 454
1567 3799
1567 1814
3440 1604
3440 1937
3440 3619
734 2419
734 1555
734 29
734 2846
2419 3452
2419 3577
2419 817
2419 3029
1739 2234
1739 1313
1739 1699
1739 2458
1739 2888
2234 2182
2234 569
2234 1436
2234 3309
813 3237
813 2956
813 123
813 1095
3237 262
3237 1616
3237 3805
2165 2342
2165 3988
2165 2932
2165 1061
2165 1029
2342 3145
2342 1363
2342 657
2342 3720
239 2591
239 2164
239 2031
416 2783
416 1846
416 1218
416 973
416 2800
2783 1532
2783 2325
2783 613
1197 3348
1197 3537
1197 1362
1197 3495
1197 2131
3348 1707
3348 3036
3348 2155
3348 3948
292 3013
292 3726
292 3628
292 3698
3013 2966
3013 3444
3013 2486
3013 639
2201 3204
2201 120
2201 3652
2201 3454
2201 566
3204 381
3204 1425
3204 648
3204 2679
284 1846
284 3620
284 1514
284 1253
284 1985
1846 3201
1846 2746
1846 1877
2070 3687
2070 1483
2070 542
2070 1395
3687 3886
3687 2754
3687 2748
3687 3438
833 856
833 659
833 3593
833 1664
833 434
856 2250
856 2909
856 2588
856 2715
308 742
308 1895
308 2491
308 332
308 3771
742 3036
742 2402
742 2578
742 109
1643 1893
1643 2919
1643 300
1643 240
1643 496
1893 470
1893 40
1893 3680
1893 3634
572 2249
572 944
572 2237
572 1267
572 2146
2249 1624
2249 766
2249 540
2249 478
579 3191
579 2750
579 516
579 456
3191 1790
3191 2543
3191 3526
3191 1892
2122 3325
2122 3683
2122 1944
2122 3577
2122 191
3325 939
3325 3470
3325 2355
3325 2637
2676 2679
2676 1536
2676 936
2676 1163
2676 732
2679 2439
2679 2635
1623 2180
1623 942
1623 1898
1623 251
2180 1409
2180 143
2180 497
2180 1266
1108 2000
1108 2773
1108 157
1108 710
1108 1378
2000 2743
2000 1096
2000 3576
2000 880
1380 2422
1380 1792
1380 3067
1380 2629
1380 2382
2422 2270
2422 1885
2422 1632
2422 1941
689 2016
689 3857
689 2854
689 2975
2016 1470
2016 879
2016 1233
2016 3839
859 2198
859 3480
859 3771
859 2151
859 144
2198 3834
2198 2018
2198 1230
2198 3730
167 3368
167 387
167 3538
167 1314
167 2821
3368 1351
3368 2287
3368 427
3368 198
3087 3189
3087 3171
3087 1709
3087 1689
3087 778
3189 1431
3189 306
3189 57
3189 1238
654 1500
654 3347
654 1805
654 599
1500 368
1500 3800
1500 2976
1500 3822
1997 3266
1997 2766
1997 3246
1997 1639
1997 2910
3266 1574
3266 2369
3266 1828
3266 3589
2410 2681
2410 2549
2410 3210
2410 2717
2410 59
2681 3632
2681 3458
2681 595
2681 542
1658 418
1658 2008
1658 2975
1658 152
448 2829
448 2973
448 2907
448 1369
448 3210
2829 210
2829 1098
2829 3647
1000 1090
1000 260
1000 3042
1000 3719
1000 754
1090 1918
1090 372
1090 529
1090 346
303 933
303 2145
303 1487
303 1405
303 32
933 3599
933 146
933 1717
2350 3798
2350 387
2350 2005
2350 1305
2350 16
3798 2640
3798 1082
3798 159
3798 3689
762 1447
762 2819
762 405
762 3592
762 1096
1447 256
1447 46
1447 2791
1447 1328
281 622
281 1662
281 2159
281 3196
281 2618
622 1271
622 2863
622 555
1356 3354
1356 864
1356 2479
1356 1315
1356 221
3354 1014
3354 3351
3354 1325
960 3430
960 2132
960 2818
960 1750
175 2855
175 1357
175 225
175 1637
175 867
2855 367
2855 289
2855 3232
2250 2865
2250 3521
2250 2665
2250 2062
808 1041
808 624
808 1727
808 1788
808 3131
1041 587
1041 3895
1041 3863
1041 982
584 3548
584 2155
584 2390
3548 1092
3548 3869
3548 526
3548 1718
1014 1375
1014 246
1014 3025
1014 163
1375 3754
1375 1882
1375 2007
1375 3779
707 3884
707 729
707 975
707 1892
707 2483
3884 635
3884 2330
3884 3784
3884 1860
567 1100
567 35
567 1019
567 3783
567 2835
1100 1665
1100 428
1100 2396
1100 2254
3754 2848
3754 469
3754 1121
3754 1490
580 1039
580 2822
580 2573
580 2885
580 497
1039 947
1039 17
1039 1967
530 1218
530 2548
530 891
530 2349
530 3682
1218 2941
1218 1517
1218 978
232 3739
232 561
232 3706
232 2280
3739 573
3739 713
3739 2188
722 3603
722 924
722 1099
722 26
722 777
3603 834
3603 3840
3603 2890
3603 2337
1503 3939
1503 1365
1503 2917
1503 3223
3939 720
3939 1751
3939 1170
3939 2005
2050 2351
2050 1083
2050 2146
2050 1677
2050 791
2351 2033
2351 2739
2351 1222
2351 1896
164 3312
164 3758
164 595
164 2218
164 152
3312 3040
3312 434
3312 2526
3312 2637
3710 3787
3710 3588
3710 966
3710 2039
3710 3466
3787 97
3787 3683
3787 3047
520 3904
520 2485
520 53
520 1515
800 1981
800 275
800 570
800 2920
800 884
1981 883
1981 699
1981 378
1981 1024
3793 2514
3793 3784
3793 1873
3793 1282
3170 3321
3170 3164
3170 1838
3170 1966
3170 2243
3321 2259
3321 1602
3321 1886
3321 3243
3657 3238
3657 1066
3657 941
3657 88
3316 3375
3316 1389
3316 2563
3316 3268
3316 1249
3375 3034
3375 1335
3375 1823
90 1821
90 794
90 1458
90 589
90 2013
1821 1219
1821 439
1821 1214
1821 1525
45 358
45 910
45 1655
45 2827
45 1830
358 2487
358 2854
358 3091
358 552
1886 2135
1886 1673
1886 3040
1886 3730
2135 2159
2135 789
2135 3539
2135 3853
992 3319
992 1647
992 3573
992 3317
992 1861
3319 3086
3319 2523
3319 3380
3319 423
1377 1440
1377 695
1377 2901
1377 128
1377 3187
1440 1929
1440 1274
1440 686
962 1198
962 1206
962 2798
962 3347
1198 1152
1198 2052
2870 3968
2870 1078
2870 3140
2870 2173
2870 1940
3968 2600
3968 2365
3968 2319
3968 1906
370 1057
370 1754
370 3533
370 1995
370 2439
1057 1703
1057 3828
1057 2142
1057 3309
1457 3126
1457 3449
1457 2434
1457 3261
1457 1723
3126 927
3126 49
3126 388
3126 2169
1433 2540
1433 2779
1433 3553
1433 2551
1433 1510
2540 3563
2540 2551
2540 573
2540 546
934 2856
934 1150
934 3017
934 2757
934 1591
2856 986
2856 2921
2856 3653
2856 1614
218 1454
218 1027
218 655
218 195
218 1573
1454 3296
1454 2563
1454 2894
1527 3599
1527 421
1527 508
1527 1662
3599 2182
3599 3703
3599 217
56 372
56 1877
56 1876
56 2538
56 1844
372 1971
372 1028
372 3292
54 1760
54 2417
54 3895
54 735
54 1152
1760 761
1760 3645
1760 1392
1760 3578
1158 3244
1158 2267
1158 1031
1158 976
1158 2535
3244 814
3244 3614
3244 1879
3244 3700
1600 1899
1600 2248
1600 2666
1600 1103
1600 2771
1899 2571
1899 1519
1899 891
1899 940
657 1272
657 1044
657 3529
657 3804
1272 1522
1272 1801
1272 2667
1272 2713
984 3616
984 3473
984 385
984 1185
984 982
3616 84
3616 540
3616 3161
2394 2403
2394 185
2394 55
2394 1135
2394 2670
2403 3076
2403 2815
2403 1358
2403 3296
510 1976
510 2951
510 3484
510 2492
1976 440
1976 1488
1976 137
2714 3576
2714 2659
2714 2083
2714 3804
2714 3002
3576 2304
3576 1759
4 3336
4 3569
4 1871
4 826
4 1498
3336 3920
3336 3805
3336 874
3336 2275
1790 2816
1790 200
1790 160
1790 2534
267 1989
267 3037
267 681
267 2924
1989 1379
1989 1599
1989 356
1989 802
3036 3958
3036 2398
3036 3186
514 2620
514 3399
514 2651
514 2224
514 3364
2620 1249
2620 2080
2620 3182
2590 3408
2590 2661
2590 2831
2590 3136
1804 2308
1804 2127
1804 3034
1804 3811
2308 1277
2308 698
2308 3950
2308 1937
3367 3848
3367 2183
3367 3517
3367 3991
3848 3122
3848 361
3848 1579
3848 452
917 2515
917 2310
917 1302
917 1721
917 3681
2515 1992
2515 3207
2515 2331
2515 3641
3059 3466
3059 1439
3059 2640
3059 806
3466 399
3466 493
3466 1036
1627 1628
1627 2141
1627 500
1627 1596
1628 445
1628 835
1628 2169
1628 209
2953 3979
2953 2677
2953 2227
2953 2768
3979 2637
3979 2667
3979 1542
3979 3501
1757 2906
1757 588
1757 944
1757 2700
1757 2163
2906 1900
2906 2496
2906 1931
2906 339
793 3617
793 2811
793 1698
793 2737
793 1594
3617 1418
3617 307
3617 3924
2032 2845
2032 2770
2032 3868
2032 3778
2032 3472
2845 1888
2845 2883
2845 2079
2845 2503
1390 1392
1390 2007
1390 2326
1390 3689
1392 2101
1392 2831
1392 1134
1044 2970
1044 2920
2970 1266
2970 3492
2970 1056
581 1748
581 3697
581 205
581 1848
1748 2247
1748 3597
1748 2488
1748 2677
1875 3923
1875 3562
1875 1310
1875 3411
617 3391
617 294
617 3002
617 1891
617 825
3391 1012
197 590
197 1565
197 949
197 3837
197 26
590 143
590 3181
590 149
590 2758
2659 3495
2659 585
2659 1796
1069 2505
1069 2861
1069 2003
1069 1576
1069 3298
2505 3445
2505 1276
2505 1134
608 1127
608 3873
608 3081
608 3745
608 821
1127 1322
1127 117
1127 2782
1127 2100
1012 3957
1012 3607
1012 1240
3957 397
3957 741
3957 3150
3957 3451
88 1357
88 349
88 2561
88 293
1357 3570
1357 2452
1357 630
423 3791
423 494
423 1173
3791 1316
3791 436
3791 2153
3791 3902
1913 1930
1913 360
1913 1253
1913 2058
65 1602
65 2646
65 1157
65 716
65 3345
1602 3889
1602 2225
1602 1826
185 2687
185 1710
185 3308
185 374
2687 2753
2687 3560
2687 1768
2687 860
2489 3471
2489 314
2489 671
2489 3604
2489 1687
3471 2072
3471 1661
3471 2034
3471 1809
925 2231
925 2830
925 2631
925 2843
2231 2925
2231 3492
2231 2646
2231 1848
868 3683
868 3289
868 63
868 3976
3683 2359
3683 806
134 655
134 852
134 325
134 2284
134 3819
655 3047
655 1742
655 94
2264 504
2264 13
2264 538
2264 2562
987 2557
987 1523
987 410
987 533
987 900
2557 338
2557 412
2557 2897
2557 2300
2154 2434
2154 3821
2154 190
2154 2091
2154 593
2434 3198
2434 879
2434 3648
115 147
115 694
115 3575
115 543
115 82
147 2677
147 2065
147 3422
2293 3532
2293 3574
2293 237
2293 2881
2293 961
3532 916
3532 26
3532 110
3532 543
1133 2382
1133 2800
1133 2798
1133 3085
1133 3694
2382 1825
2382 835
2382 85
2593 163
2593 1159
2593 3562
2593 1132
2848 623
2848 2258
2848 976
2848 229
3743 3433
3743 3770
3743 1621
3743 3817
2838 3066
2838 3431
2838 3736
2838 3854
2838 3207
3066 3039
3066 3888
3066 98
484 3922
484 1709
484 1343
484 969
484 2880
3922 2091
3922 3578
3922 3053
561 1884
561 3597
561 3503
1585 1397
1585 3533
1585 1529
1585 103
1017 1941
1017 2479
1017 3218
1017 433
1017 1513
1941 2251
1941 1619
1941 1257
638 2503
638 1042
638 1902
638 2887
2035 2190
2035 1553
2035 1210
2035 2407
2035 3741
2190 1780
2190 1947
2190 698
2190 3426
545 3114
545 2203
545 564
545 2195
545 3002
3114 1298
3114 2277
3114 952
3114 3232
1006 1523
1006 1029
1006 3376
1006 2023
1006 499
1523 1179
1523 947
1523 3318
2737 3428
2737 2418
2737 1107
2737 3776
3428 570
3428 3209
3428 3437
3428 20
2735 2830
2735 1200
2735 1515
2735 2405
2735 41
2830 2529
2830 224
2830 1222
2012 2206
2012 320
2012 3290
2012 327
2012 1581
2206 1250
2206 864
2206 66
2206 2725
489 1004
489 3396
489 3563
489 474
489 733
1004 2998
1004 3741
1004 472
1004 3780
964 2051
964 70
964 2204
964 577
964 629
2051 2029
2051 1474
2051 1138
2051 58
953 3619
953 1986
953 1435
953 258
953 1710
3619 3131
3619 211
3619 2204
683 1772
683 1759
683 2147
683 2393
1772 2948
1772 1547
1772 1245
1772 487
130 1071
130 336
130 1368
130 255
130 515
1071 2111
1071 1537
1071 310
1071 1151
2563 3248
2563 2435
2563 2682
3248 1689
3248 975
3248 3909
3248 3479
293 311
293 3684
293 422
293 3959
311 2605
311 371
311 1052
311 438
470 3797
470 34
470 20
470 2646
172 2236
172 3459
172 2295
172 3335
172 3554
2236 3768
2236 68
2236 2618
2236 2475
1779 2385
1779 2164
1779 236
1779 71
1779 1088
2385 1690
2385 2116
2385 192
2385 1568
977 2929
977 1490
977 1208
977 2323
2929 2113
2929 1775
2929 266
2929 2581
280 1540
280 3606
280 3651
280 754
280 2040
1540 2013
1540 1685
1540 1634
1540 1387
233 1428
233 2222
233 2024
233 3004
233 3906
1428 2695
1428 1531
1428 3533
1428 2435
2074 3205
2074 2242
2074 2311
2074 136
3205 2089
3205 3032
3205 1719
1616 2098
1616 2905
1616 2271
1616 3507
2098 279
2098 2399
2098 72
2098 3744
148 2552
148 1045
148 3803
148 3352
148 1810
2552 3365
2552 2926
2552 3079
832 1464
832 2568
832 2332
832 3196
832 784
1464 1845
1464 3444
1464 3723
1464 2937
1178 1872
1178 3395
1178 529
1178 3557
1178 3438
1872 3636
1872 2880
1872 2627
1872 3894
777 3514
777 2509
777 157
3514 3019
3514 1642
3514 103
3514 2238
630 2003
630 304
630 3500
630 2147
2003 2753
2003 2729
2003 3258
3759 86
3759 2984
3759 2167
3759 2561
373 2118
373 2487
373 6
373 1524
373 474
2118 2150
2118 3541
2118 3595
2118 1449
633 3240
633 1509
633 2984
633 2521
633 3962
3240 2988
3240 386
2694 3300
2694 3911
2694 3097
2694 1539
2694 1990
3300 1216
3300 1734
3300 693
3300 1499
2571 1817
2571 1668
2571 3363
2571 3464
2247 1122
2247 3052
2247 3524
997 3931
997 89
997 685
997 119
997 1427
3931 710
3931 3646
3931 1568
3931 2136
1363 2039
1363 2586
1363 1944
1363 3305
2039 3460
2039 3956
2039 3947
3373 788
3373 3747
3373 2971
3373 3420
89 3527
89 3937
89 3284
89 2487
3527 1239
3527 2470
3527 2083
3527 1983
1052 1359
1052 3443
1052 3007
1052 2312
1359 437
1359 871
1359 3001
1359 3728
1703 1171
1703 1929
1703 3840
1703 178
2736 3418
2736 1280
2736 2534
2736 1400
2736 3496
3418 1736
3418 166
3418 2678
1918 3200
1918 2826
1918 1946
1918 2123
3200 3102
3200 2841
3200 1226
915 2522
915 1167
915 1460
915 2683
915 817
2522 141
2522 3912
2522 3353
2522 259
371 3361
371 1255
371 1230
371 46
3361 1436
3361 3649
3361 2090
2702 2787
2702 1954
2702 3512
2702 2263
2702 237
2787 99
2787 3872
2787 271
2787 2086
272 615
272 1358
272 2194
272 1076
615 3063
615 1204
615 3770
615 174
1056 2646
1056 1911
1056 3814
1056 1982
2646 1476
2348 3952
2348 626
2348 3360
2348 3980
2348 1038
3952 516
3952 2592
784 2712
784 853
784 1153
784 1652
2712 3894
2712 1096
2712 2951
2712 1610
720 2956
720 3888
720 2316
720 2175
2956 940
2956 38
3077 3832
3077 380
3077 3662
3077 1948
3832 3273
3832 2808
3832 2660
3832 1501
1334 2361
1334 428
1334 1269
1334 2969
1334 699
2361 1293
2361 2326
2361 2518
2361 2044
2139 3320
2139 3362
2139 270
2139 1590
2139 2001
3320 2790
3320 2214
3320 1648
3320 2981
523 1136
523 2182
523 1227
523 107
523 288
1136 2123
1136 3290
1136 2216
1136 646
609 1139
609 3061
609 2053
609 2955
609 3685
1139 787
1139 2215
1139 1695
1139 1459
165 1162
165 1080
165 3969
165 3346
165 440
1162 3949
1162 459
1162 2529
1162 3831
3026 3786
3026 3211
3026 249
3026 213
3026 2266
3786 1109
3786 3328
3786 3530
1465 876
1465 3935
1465 2272
1465 3106
728 3985
728 1196
728 2598
728 1476
3985 1759
3985 1731
3985 2556
1177 3057
1177 3422
1177 3397
1177 208
1177 1362
3057 3401
3057 1333
3057 2392
3057 72
83 571
83 2526
83 2660
83 2251
83 1370
571 3444
571 1055
571 2066
571 1258
3185 3550
3185 290
3185 3461
3185 541
3185 3502
3550 983
3550 1915
3550 1836
1930 2179
1930 1192
1930 2169
1930 2353
1156 2476
1156 2763
1156 1125
1156 3112
1156 2044
2476 3302
2476 206
2476 2667
2476 2290
1619 3621
1619 1038
1619 3901
211 2971
211 2863
211 1928
2971 1005
2971 3758
2091 2968
2091 3019
2091 1283
2781 2908
2781 3631
2781 3756
2781 2623
2781 2820
2908 2892
2908 853
2908 2964
2908 1960
394 1372
394 2355
394 2658
394 104
394 1744
1372 2999
1372 663
557 3056
557 854
557 2047
557 2226
3056 1402
3056 817
3056 1060
3056 118
215 875
215 2042
215 1028
215 2688
215 1330
875 3998
875 2228
875 1115
875 2389
478 3729
478 1536
478 854
3729 329
3729 155
3729 3448
3729 43
2441 3217
2441 1563
2441 3565
2441 1003
2441 1639
3217 2102
3217 1819
3217 2466
3217 887
73 1694
73 3704
73 3455
73 2751
73 227
1694 2839
1694 2821
140 1455
140 3256
140 3566
140 1458
140 1972
1455 932
1455 196
1455 2225
1103 3000
1103 3274
1103 2271
3000 3572
3000 3807
3000 2031
3000 3696
2398 3557
2398 1128
2398 682
2398 216
3557 2414
3557 2995
3557 1301
854 3427
854 1051
854 1109
3427 52
3427 3655
3427 157
3427 105
1260 490
1260 2097
1260 49
1260 3414
46 2207
46 1775
46 2315
2207 2972
2207 3766
2207 3276
1509 2902
1509 2719
1509 1745
1509 1979
3537 759
3537 2648
3537 2302
3537 419
840 2253
840 301
840 681
840 532
2253 2698
2253 37
2253 3998
2253 2572
2801 2863
2801 3047
2801 3329
2801 2421
2801 2760
2863 3839
2863 3911
79 3323
79 893
79 3044
79 3299
79 3148
3323 1852
3323 758
3323 3463
3323 1883
533 3493
533 2252
533 1706
533 768
3493 576
3493 1879
3493 1765
3493 2591
588 1214
588 818
588 3396
588 1180
1214 753
1214 47
1214 3403
1030 1330
1030 3745
1030 904
1030 688
1330 3135
1330 3426
1330 3773
2432 3855
2432 3901
2432 3960
2432 2527
1759 3691
1759 990
3691 3326
3691 27
3691 3867
3691 560
1891 3581
1891 102
1891 2010
1891 944
3581 179
3581 1881
3581 2391
3581 122
1187 3465
1187 145
1187 3163
1187 2533
1187 710
3465 1314
3465 3196
3305 3564
3305 1339
3305 2644
3305 870
3564 1025
3564 1986
3564 3874
3564 1397
144 419
144 1083
144 1405
419 1303
419 3363
558 1456
558 1672
558 3213
558 2887
558 3018
1456 3816
1456 3070
1456 2311
1456 2433
21 3503
21 36
21 1740
21 544
21 3750
3503 3338
3503 1747
2708 302
2708 3381
2708 2685
2708 2299
2025 2763
2025 3088
2025 3815
2763 1001
2763 714
2763 3672
666 760
666 3511
666 1984
666 3171
760 3582
760 2874
760 3461
760 1608
2011 3353
2011 479
2011 2280
2011 2633
3353 2240
3353 3062
913 2852
913 1154
913 3480
913 2309
2852 1917
2852 2065
2852 2721
85 226
85 1294
85 196
85 1533
226 3624
226 1322
226 1926
226 1376
467 3031
467 2525
467 70
467 283
467 1728
3031 3297
3031 697
3031 1655
3031 32
374 2049
374 2840
374 2082
374 3226
2049 527
2049 528
2049 1031
2049 3285
1313 3054
1313 704
1313 317
1313 1098
3442 1282
3442 695
3442 3836
1293 3258
1293 3776
1293 3146
1293 237
3258 685
3258 3202
2936 1557
2936 2833
2936 1615
437 1287
437 390
437 1121
437 438
1287 3311
1287 2360
1287 749
2270 1900
2270 291
2270 3003
2270 313
1951 3874
1951 585
1951 2311
1951 778
1951 2168
3874 1726
3874 2367
3874 1806
382 2290
382 2960
382 1418
382 1502
382 821
2290 87
2290 1448
2290 867
2345 3764
2345 2643
2345 3549
2345 1641
3764 2607
3764 3534
3764 3942
3764 1412
3574 1593
3574 1063
3574 3740
705 1710
705 2638
705 3990
705 3046
1025 3058
1025 969
1025 452
1025 2965
2322 3228
2322 476
2322 2256
2322 114
2322 3987
3228 3044
3228 1680
3228 3805
3228 3439
1317 3709
1317 2904
1317 390
1317 946
3709 3585
3709 2685
3709 2762
952 2268
952 1024
952 1766
952 3023
2268 696
2268 2288
2268 182
2268 2778
319 1859
319 1181
319 1668
319 1723
395 3168
395 1551
395 541
395 2266
395 2241
3168 2392
3168 3781
3168 3644
570 1937
570 1193
570 2282
1937 2823
1937 353
3061 3567
3061 377
3061 156
3567 3338
3567 110
3567 2
3567 2844
210 3247
210 2530
210 801
2187 2545
2187 3750
2187 2129
2187 1568
2187 1360
2545 1347
2545 2704
2545 3299
2545 3974
1469 2265
1469 1244
1469 2005
1469 3824
1469 708
2265 2405
2265 3925
2265 418
2265 3474
2043 2766
2043 1781
2043 656
2043 745
2766 1924
2766 3462
2766 513
980 3040
980 3097
980 71
980 2583
980 2088
3040 2803
3040 3404
1520 2725
1520 631
1520 1675
1520 1458
2725 2288
2725 2643
2725 517
2559 3585
2559 1171
2559 2633
2559 2799
2559 3172
3585 2996
3585 265
3585 2565
785 815
785 2648
785 2824
785 1333
785 3913
815 3399
815 3275
815 948
269 3702
269 2754
269 1699
269 2421
269 2115
3702 3083
3702 2922
3702 223
40 1083
40 3293
40 2660
40 3757
900 3505
900 3930
900 2130
900 711
3505 2568
3505 2895
3505 2087
3505 1538
3164 783
3164 1346
3164 2241
3164 2774
700 2168
700 3891
700 1651
700 3122
2168 2146
2168 3303
2168 86
3003 3747
3003 3039
3003 135
3747 1765
3747 2822
3747 1060
2111 3757
2111 2045
2111 336
2111 323
76 3509
76 2943
76 2747
76 1386
76 3331
3509 3748
3509 2993
3509 2819
3509 161
807 3499
807 3665
807 3713
807 1280
3499 2698
3499 2943
3499 1032
3499 3737
2271 3303
2271 1745
2271 1441
3303 930
3303 330
3303 3726
1299 1975
1299 740
1299 1810
1299 3280
1299 2530
1975 3162
1975 2532
1975 2160
1975 502
1987 3544
1987 3327
1987 2275
1987 2082
1987 1142
3544 345
3544 2255
3544 3287
3544 2968
3504 1351
3504 431
3504 3309
3504 2859
1491 1916
1491 2639
1491 3610
1491 1394
1916 1687
1916 2575
1916 2387
1916 2875
1415 3089
1415 3623
1415 3046
1415 2484
1415 3526
3089 2866
3089 1832
3089 1561
3089 814
1174 3538
1174 2134
1174 2605
1174 3518
1506 2682
1506 1493
1506 908
1506 827
2682 3060
2682 2809
2682 2446
1741 2027
1741 1283
1741 781
1741 131
1741 2170
2027 837
2027 2623
2027 14
2027 3044
879 2291
879 3415
879 3179
2291 2020
2291 2390
2291 512
2291 1713
2509 1040
2509 3369
2509 2542
3857 497
3857 1065
3857 831
709 1062
709 324
709 2564
709 2
709 1329
1062 47
1062 1138
1062 1232
1062 3129
669 1929
669 1677
669 605
669 1932
669 1316
1929 1822
1929 969
3463 3560
3463 2029
3463 3270
3560 3193
3560 828
1167 3338
1167 1467
1167 2823
1167 1811
318 3163
318 3195
318 911
318 2028
318 789
3163 2333
3163 1005
1333 2912
1333 19
1333 3080
2912 1261
2912 1337
2912 3690
2912 2046
2904 2468
2904 3569
2904 375
2904 1595
1168 2286
1168 799
1168 2192
1168 3053
1168 97
2286 996
2286 1011
2286 841
2286 2949
3539 549
3539 1746
3539 2778
550 1046
550 3171
550 1758
550 1681
592 1830
592 1524
592 1631
592 3664
1830 1297
1830 611
2457 2769
2457 383
2457 1021
2457 2957
2457 3073
2769 1560
2769 3628
2769 2812
2769 2995
3459 3681
3459 1058
3459 680
3459 821
1362 2502
1362 2729
1362 1968
2502 3570
2502 3583
2502 2254
2502 327
290 3403
290 1685
290 154
290 3536
1551 2172
1551 1679
1551 3484
1551 3552
2172 3084
2172 971
2172 446
2172 1736
3362 469
3362 3410
3362 330
3362 386
910 3915
910 525
910 35
146 3177
146 3124
146 1874
146 719
3177 123
3177 1954
3177 1144
3177 1259
3092 1923
3092 1221
3092 2204
3092 2698
798 3103
798 2548
798 636
798 2809
798 963
3103 48
3103 3364
3103 1058
3103 2626
1818 3950
1818 1292
1818 620
1818 3141
1818 111
3950 3263
3950 1597
3950 644
3054 3734
3054 3579
3054 1209
2482 2718
2482 2176
2482 1873
2482 3698
2482 3220
2718 1524
2718 1367
2718 1259
2718 3735
2652 3129
2652 1188
2652 3421
2652 2961
2652 3517
3129 1143
3129 1815
3129 3252
1217 104
1217 3349
1217 3230
1217 2292
761 1084
761 995
761 2333
761 3804
1079 2335
1079 2849
1079 1173
1079 914
1079 942
2335 2031
2335 3728
2335 1541
843 3519
843 619
843 2337
843 2772
843 3363
3519 1742
3519 1130
3519 2807
3519 479
2089 2494
2089 3930
2089 2124
2089 3731
2494 2068
2494 3697
2494 671
1502 2926
1502 169
1502 3173
1502 2196
2926 2724
2926 3841
2926 2886
2549 1762
2549 3785
2549 3173
2549 2979
3449 3938
3449 1910
3449 1137
3449 1497
2800 2624
2800 838
285 1013
285 2717
285 1122
285 2094
285 2132
1013 2598
1013 2895
1013 2349
1013 983
2935 3188
2935 3400
2935 86
2935 3192
2935 2142
3188 1665
3188 3260
3188 3382
3188 1097
768 3870
768 3921
768 2341
768 2338
3870 1854
3870 2797
3870 3794
3206 3422
3206 973
3206 850
3206 3732
3422 1750
3422 2556
736 2117
736 25
736 279
736 1505
736 97
2117 3317
2117 1493
2117 1159
2117 685
863 1892
863 3862
863 3738
863 399
863 2059
1892 1055
1892 634
3834 1549
3834 2606
3834 103
3834 988
1928 3973
1928 1450
1928 706
1928 2624
3973 1681
3973 1488
3973 330
3973 678
3083 575
3083 203
3083 1419
3083 3789
246 1206
246 1562
246 927
246 972
1206 2024
1206 3424
263 3590
263 3146
263 3243
263 1140
263 108
3590 1113
3590 2396
3590 791
3590 3098
972 2917
972 3809
972 2630
3886 1733
3886 1983
3886 2546
1493 2998
1493 1027
1493 3659
2998 3549
2998 1672
2998 1715
3006 2299
3006 1086
3006 551
3159 3431
3159 2528
3159 1730
3159 3494
3159 128
3431 501
3431 2977
3431 959
55 1611
55 1800
55 1163
55 1252
1611 1813
1611 3887
1611 2160
1611 895
951 2126
951 710
951 1672
951 1478
951 678
2126 2073
2126 336
2126 3306
1548 2116
1548 1678
1548 1182
1548 1305
2116 1205
2116 3280
2116 1050
3265 1635
3265 1727
3265 2278
3265 1576
118 3128
118 3329
118 1396
3128 3812
3128 2520
3128 111
3128 637
1654 3037
1654 2235
1654 1328
1654 809
1654 1844
3037 3860
205 1555
205 939
205 170
205 2715
1555 1145
1555 1225
1166 2990
1166 733
1166 1915
1166 91
1166 3120
2990 1688
2990 2911
2990 422
2990 3384
3495 1594
3495 586
3495 1124
1475 3974
1475 2986
1475 1065
3974 2841
3974 1351
3974 1781
3423 2565
3423 2761
3423 667
3641 3821
3641 1401
3641 3497
3641 3211
3821 3656
3821 183
3821 3121
1301 2360
1301 1444
1301 3210
1301 763
2360 1203
2360 2640
2360 3371
1060 1251
1060 2418
1060 265
1251 466
1251 2022
1251 906
1251 845
189 1961
189 2578
189 3856
189 2666
189 3396
1961 2635
1961 3136
1961 181
1961 3224
2484 3908
2484 462
2484 3955
2484 2934
3908 2759
3908 2978
3908 2524
1023 3355
1023 2844
1023 2461
1023 3134
1023 1220
3355 24
3355 2604
3355 2439
3355 3441
2541 721
2541 1667
2541 2751
2541 1075
2287 2576
2287 2740
2287 1470
2576 2019
2576 3122
2576 3830
2576 1439
1340 2244
1340 3888
1340 324
1340 2370
1340 1018
2244 1576
2244 1116
2244 411
2244 1874
636 2128
636 3399
636 3436
2128 351
2128 626
2128 2890
2128 282
1625 3396
1625 3627
1625 1955
1625 1128
3396 2277
774 3001
774 124
774 1138
774 1902
774 2078
3001 3263
3001 2952
3001 3365
1808 3746
1808 1672
1808 2326
1808 1545
1808 1311
3746 2303
3746 1022
3746 1911
3746 1569
3956 3383
3956 861
3956 3137
380 1384
380 341
380 208
380 2194
1384 2167
1384 1337
1384 422
469 2890
469 2085
469 1242
2890 2416
2890 3158
135 1324
135 1435
135 1521
1324 2535
1324 2448
1324 2617
682 968
682 1131
682 2311
682 128
968 2726
968 1716
968 1281
968 377
1320 3928
1320 2442
1320 781
1320 2413
3928 3015
3928 1516
3928 255
3928 698
1203 3818
1203 3123
1203 1179
1535 3587
1535 3481
1535 34
1535 986
1535 2749
3587 3027
3587 1399
1917 3689
1917 3659
1917 2894
3689 1852
1202 2660
1202 1145
1202 3429
1202 1988
1202 2535
2660 214
1112 1949
1112 3363
1112 1939
1112 3777
1112 461
1949 2462
1949 902
1949 2251
1949 2427
2216 3167
2216 1756
2216 3253
3167 431
3167 2055
3167 878
3167 2157
251 3835
251 2119
251 3197
251 2734
3835 1487
3835 1234
3835 3235
1084 1621
1084 3644
1084 3723
1084 1312
1621 1906
1621 2632
1715 3410
1715 492
1715 2153
1715 2632
3410 3090
3410 177
3410 2657
643 2399
643 1594
643 1557
643 2524
1744 1896
1744 2448
1744 2018
1744 2613
1896 1996
1896 2651
3101 3331
3101 3977
3101 2015
3101 2085
3331 1869
3331 1406
3331 2132
1924 1712
1924 826
1924 3397
1924 3651
1743 3923
1743 2975
1743 2106
1743 845
3923 881
3923 2305
3923 3227
950 2560
950 283
950 1483
950 665
950 1825
2560 3086
2560 2653
2560 2132
2560 1124
2443 3102
2443 2155
2443 53
2443 3429
2443 8
3102 459
3102 1784
3102 488
2814 3274
2814 3883
2814 3165
2814 1938
2814 2047
3274 1018
3274 3141
3274 3154
264 283
264 2366
264 3049
264 2195
283 304
283 2569
1059 2732
1059 1419
1059 1542
1059 1099
1059 3135
2732 1182
2732 2866
2732 2740
2732 3547
1086 2835
1086 2592
1086 1460
1086 3426
2835 2408
2835 2109
2835 3937
883 2402
883 1163
883 1083
883 2858
3145 3788
3145 59
3145 3199
3145 3100
3788 433
3788 3554
3788 2599
3788 1460
2193 3341
2193 1212
2193 1726
2193 1849
3341 313
3341 2934
3341 1681
3341 1488
1212 305
1212 3767
1212 3996
1212 1840
360 662
360 1318
360 1186
360 3275
101 1164
101 3073
101 112
101 2764
101 850
1164 1040
1164 3062
1164 1094
1164 1836
1856 3655
1856 459
1856 1124
1856 342
1856 3919
3655 1807
3655 3411
3655 712
2085 954
2085 1737
2085 1884
531 2734
531 2252
531 3180
531 170
531 1812
2734 3289
2734 1596
2734 2525
381 3250
381 1545
381 1958
381 495
1451 3606
1451 2617
1451 3343
1451 2724
1451 2375
3606 173
3606 2663
3606 3074
1048 2435
1048 3044
1048 1620
1048 2595
1048 2958
2435 2656
2435 3716
3636 74
3636 1335
3636 3809
3636 3918
1823 2431
1823 667
1823 624
2431 3399
2431 3955
2431 1769
2222 625
2222 3447
2222 1577
2222 3635
1807 2774
1807 2310
1807 2741
871 1984
871 2842
871 2491
871 2673
1984 1731
1984 2037
1984 3409
613 3446
613 3074
613 1501
613 3630
3446 2871
3446 2
3446 3925
3446 1117
124 2840
124 3620
124 1339
124 3172
3326 1789
3326 3818
3326 1873
3326 3993
3768 487
3768 3277
3768 1091
3768 1564
2528 2897
2528 2536
2528 2426
2528 1556
260 1049
260 347
260 111
260 3594
1049 3735
1049 238
1049 3954
1049 2907
2750 3760
2750 693
2750 2031
2750 1712
3760 3842
3760 1673
3760 1622
3760 1406
659 3269
659 3432
659 343
659 2969
3269 2568
3269 2944
3269 3477
3269 49
1853 3249
1853 1773
1853 575
1853 1355
1853 3386
3249 1787
3249 2192
3249 2363
3249 2240
1196 3046
1196 3693
2826 665
2826 3967
2826 2917
2826 3891
1216 3308
1216 2570
1216 954
1216 2601
3308 2309
3308 2171
3308 1770
2411 3927
2411 203
2411 1645
2411 429
2411 2213
3927 3572
3927 141
3927 645
3927 1716
2724 117
2724 1298
2724 2595
2399 3784
2399 426
2399 3562
1145 1563
1145 2415
1145 105
1563 1656
1563 541
1563 1952
460 1460
460 1958
460 3349
460 751
1460 1077
47 3401
47 1971
47 1208
2554 3417
2554 3045
2554 1159
2554 2715
2554 154
3417 2631
3417 1325
3417 2021
3417 1288
3352 3138
3352 1907
3352 3525
2323 2767
2323 1894
2323 2921
2323 1423
2767 2477
2767 3084
2767 349
2767 133
852 3970
852 2751
852 1765
852 3289
3970 338
3970 1848
3970 1531
3970 582
2600 3533
2600 1795
2600 2943
2600 458
3533 2799
660 3230
660 1474
660 240
660 1938
1635 3147
1635 3751
1635 2651
1635 443
3147 72
3147 3647
3147 1323
3147 2909
2905 3047
2905 3379
2905 3392
2905 1957
932 1568
932 2417
932 1682
932 553
132 2597
132 408
132 918
132 3625
132 1318
2597 3555
2597 3340
2597 225
1565 3088
1565 1140
1565 1024
1565 3153
3088 538
3088 1387
472 3685
472 1736
472 1111
3685 1722
3685 3019
3685 1267
3135 3813
3135 1096
3135 3971
3813 2339
3813 620
3813 3501
3813 594
3295 3802
3295 2925
3295 3627
3802 1786
3802 3383
3802 1402
1404 3665
1404 196
1404 3879
1404 559
1404 673
3665 674
3665 249
3665 526
3681 2987
3681 2044
3681 3157
1709 3596
1709 57
1709 396
1631 2615
1631 3864
1631 2365
3978 3980
3978 2879
3978 825
3978 2822
3980 430
3980 605
3980 627
1149 2328
1149 1888
1149 2211
1149 113
1149 171
2328 1826
2328 1793
2328 1328
2328 3039
366 899
366 270
366 3025
366 3383
899 129
899 1735
899 2958
899 849
1825 1716
1825 1028
1825 126
1276 3335
1276 1538
1276 2705
1276 2805
3335 3865
3335 1877
3335 1777
677 2518
677 3993
677 3668
677 1613
2518 1297
2518 989
2518 1423
3345 3515
3345 688
3345 154
3345 2145
3515 1545
3515 2301
3515 2503
389 1822
389 2932
389 354
389 3757
389 712
1822 1679
1822 1753
1822 1419
291 496
291 3795
291 138
291 1935
496 1011
496 2106
496 1099
466 1389
466 206
466 3520
466 3480
715 1992
715 1131
715 2527
715 1085
1992 1956
1992 3761
1992 2346
799 2467
799 2127
799 2608
1723 3502
1723 1019
1723 3855
3502 1854
3502 2002
3502 398
1033 1106
1033 848
1033 150
1033 3845
1033 1766
1106 300
1106 3317
947 3281
947 3227
947 2307
3281 441
3281 3938
3281 1688
3281 2690
1900 3623
1900 282
3090 1580
3090 3356
3090 2818
3656 3863
3656 1813
3656 3542
3656 95
1594 1556
1594 2409
378 2077
378 704
378 3981
2077 1994
2077 2224
2077 2697
2077 3525
1704 2442
1704 2388
1704 1147
1704 302
1704 2282
2442 744
2442 1130
231 2818
231 1775
231 3837
231 3344
231 670
2818 2948
2818 3453
750 902
750 1271
750 2366
750 2425
750 1589
902 1137
902 2220
902 1649
1815 3212
1815 1967
1815 17
1815 2685
3212 2572
3212 1610
3212 1043
3212 2278
1707 1630
1707 217
603 3629
603 2452
603 2196
603 949
603 2095
3629 2857
3629 3043
3629 1673
499 502
499 2647
499 1693
499 3734
502 3867
502 171
502 2067
2696 920
2696 3521
2696 2242
2696 887
3124 860
3124 439
3124 335
3124 3693
1684 3668
1684 3996
1684 1524
1684 3004
3668 3806
3668 1355
3668 1294
2372 3251
2372 1026
2372 2020
2372 2469
2372 648
3251 3079
3251 2388
3251 522
3251 1547
946 1487
946 198
946 1067
946 3777
1487 2197
667 2072
667 704
667 3986
2072 3297
2072 3085
2072 1118
990 1268
990 3914
990 697
2480 2784
2480 923
2480 3578
2480 1089
2480 1586
2784 2697
2784 1347
2784 1661
2784 610
2459 3664
2459 1077
2459 2709
2459 359
2459 1226
3664 3775
3664 67
3664 1974
2125 2327
2125 938
2125 177
2125 2230
2125 3659
2327 1376
2327 2555
2327 2054
2327 1045
1550 1867
1550 3701
1550 1319
1550 3174
1867 446
1867 1128
1867 998
1867 1422
1097 3053
1097 3035
1097 1774
1097 1721
2458 508
2458 28
2458 1966
1007 2113
1007 475
1007 1785
1007 2825
1007 1689
2113 3983
2113 2033
2113 641
1492 3450
1492 2272
1492 2368
1492 2631
3010 3134
3010 1952
3010 1300
3010 1346
3010 3942
3134 3841
3134 1699
3134 1578
2514 3721
2514 2211
2514 2773
2514 2944
3721 3670
3721 3234
3721 3961
3721 407
1449 3397
1449 2336
1449 3911
1449 2980
3397 2333
3397 2700
971 2604
971 1922
971 3358
971 1921
2604 2109
2604 1003
317 2080
317 2412
317 2943
317 3941
2080 2153
2080 2384
2080 2742
535 1485
535 1227
535 3516
535 458
535 1695
1485 3790
1485 2677
1485 289
1485 2913
2145 258
2145 3073
2145 3680
145 1559
145 3839
145 235
145 3414
1559 741
1559 1957
1559 1312
1559 1756
1402 3772
1402 138
1402 2343
1388 1926
1388 1618
1388 3234
1388 3384
1388 746
1926 2197
1926 444
1926 2727
2203 1072
2203 1053
2203 1642
2203 329
2981 3372
2981 3634
2981 1745
2981 3738
3372 1883
3372 3492
3372 1215
3372 3707
240 2101
240 1735
2282 3334
2282 1686
2282 1670
3334 2233
3334 1285
3334 3050
3334 686
1858 3272
1858 3941
1858 1406
1858 3851
3272 2214
3272 658
3272 1864
3272 1869
891 2059
891 1403
891 3672
2059 721
851 2889
851 3477
851 2927
851 625
2889 2982
2889 2177
2889 3684
1150 3451
1150 2485
1150 582
1150 3007
3451 2186
3451 3727
3451 3073
1131 1201
1131 1416
1131 1791
966 2876
966 940
966 1241
966 2017
2876 2485
2876 1005
2876 565
2876 2901
1027 3801
1027 2173
1027 1229
1439 14
1439 2810
1439 28
95 2088
95 1236
95 2997
95 2008
2088 3630
2088 3337
2088 2455
2233 355
2233 731
2233 1958
2233 1556
1978 2815
1978 3349
1978 560
1978 412
1978 3315
2815 3653
2815 2389
2815 1157
3063 1701
3063 68
3063 1
3063 2658
1489 1604
1489 611
1489 601
1489 3708
1489 3701
1604 1583
1604 3915
527 3421
527 2288
1117 3947
1117 1341
1117 2738
1117 3512
3947 3749
3947 3841
3947 1525
3485 981
3485 2754
3485 1181
3485 1803
930 2314
930 600
930 2166
204 1213
204 836
204 1668
204 3458
204 3713
1213 2429
1213 2567
1213 970
1213 1411
2797 3268
2797 3004
2797 1562
2797 1211
3268 409
3268 1405
3268 701
1879 2405
1879 199
1879 288
2405 1337
528 3673
528 1649
528 1026
528 398
3673 539
3673 3419
3673 2471
1800 517
1800 3906
1800 2820
329 390
329 3236
329 1308
1740 2246
1740 1675
1740 2924
2246 1389
2246 3534
2246 7
2246 2451
1361 1432
1361 1104
1361 3934
1361 1153
1432 3455
1432 1983
1432 3986
1432 3990
3238 1947
3238 1662
3238 1726
3238 3117
351 1798
351 1219
351 3052
351 3601
1798 1239
1798 3158
1798 3765
1798 3011
755 1622
755 2803
755 759
755 3615
755 71
1622 956
1622 2839
1622 1953
442 1391
442 3445
442 1450
442 12
442 2773
1391 234
1391 1722
1391 2960
1391 443
956 1612
956 3526
956 1274
956 112
1612 3620
1612 1310
1612 376
927 2336
927 1601
927 179
349 3149
349 1120
349 3506
3149 3062
3149 3966
3149 2107
791 1279
791 3609
791 957
1279 41
1279 2329
1279 2813
1279 1574
2073 109
2073 483
2073 3820
2073 295
348 975
348 974
348 1770
348 877
975 3720
1580 2001
1580 2030
1580 1827
2001 1805
2001 2742
2001 3337
1129 1311
1129 718
1129 2033
1129 3614
1129 328
1311 664
1311 1192
480 865
480 1794
480 3487
480 3058
480 3112
865 1191
865 2066
865 57
1956 70
1956 2472
1956 2523
1956 3561
91 1578
91 3298
91 1557
91 3932
1578 304
1578 3433
1578 626
170 1871
170 991
1871 2839
1871 820
1871 2999
1364 3329
1364 841
1364 354
106 166
106 3119
106 1880
106 1307
166 3043
166 2805
1338 2616
1338 619
1338 1670
1338 3271
2616 92
2616 3256
2616 586
2616 75
28 2690
28 1400
28 3604
2690 676
2690 1728
2690 3842
296 2212
296 60
296 3994
296 2853
2212 3895
2212 2891
2212 3371
2212 2473
886 3246
886 2069
886 1630
886 1495
886 1467
3246 2481
3246 19
1089 3080
1089 1575
1089 1693
1089 1993
3080 3255
3080 2566
3080 18
2157 1075
2157 3381
2157 1766
304 507
304 779
1706 2719
1706 3165
1706 1366
2719 1570
2719 2667
2719 375
1620 3470
1620 2780
1620 1179
1620 1801
3470 3522
3470 2455
733 2634
733 2202
733 1878
2641 2704
2641 3561
2641 2499
2641 2882
2641 2924
2704 1782
2704 199
2704 3058
543 1042
543 3302
543 2448
1042 1229
1042 1481
1042 435
1546 3706
1546 2148
1546 1828
1546 2911
1546 2913
3706 2416
3706 1832
3706 3904
481 2150
481 830
481 2305
481 3541
481 297
2150 3987
2150 618
2726 3751
2726 322
3751 3875
3751 1688
835 1812
835 1063
835 702
1155 1569
1155 876
1155 3282
1155 2790
1155 3545
1569 794
1569 2882
838 1633
838 1430
838 2955
838 1837
1633 3906
1633 1438
1633 3565
1633 114
2013 3586
2013 2614
2013 2298
3586 2169
3586 3624
3586 1341
3586 1720
34 2104
34 703
34 3780
2104 3879
2104 393
2104 1111
2104 2028
904 1169
904 3639
904 804
904 828
1169 2850
1169 996
1169 3547
1169 1877
2672 2478
2672 2086
2672 403
2672 2302
939 3966
939 549
939 3322
174 1589
174 1448
174 3231
174 1486
1589 1720
1589 2511
1589 2460
747 3208
747 757
747 1914
747 37
3208 912
3208 3374
3208 3891
3208 2622
2030 2937
2030 3814
2937 3640
2937 2450
2937 2566
2803 2228
2803 1244
2520 3767
2520 3097
2520 625
3767 1584
3767 3921
665 2092
665 2498
2092 1035
2092 2183
2092 3713
2092 2854
704 2532
704 2955
594 3609
594 1573
594 1982
594 2407
3609 1521
3609 1530
3609 424
539 3910
539 2731
539 3111
661 3141
661 1781
661 1649
661 1667
661 3707
3141 3496
3141 969
1078 3429
1078 3732
1078 2281
1078 2449
3429 51
2573 2583
2573 2897
2573 1753
2573 515
2583 3528
2583 2054
2583 662
203 2028
203 2550
203 3478
2565 3369
2565 3232
1180 2393
1180 1836
1180 576
1180 461
2393 2944
2393 2010
2393 3277
2339 1382
2339 1264
2339 277
699 3783
699 3666
699 554
3783 1701
3783 1067
3783 1521
3863 2839
3863 2485
3863 1257
2819 3800
2819 2802
2819 2762
1281 3384
1281 1573
1281 154
1281 2415
3384 820
3384 1634
1286 1513
1286 199
1286 2849
1286 3511
1286 3562
1513 3672
1513 2176
1513 1751
2267 3724
2267 3997
2267 923
1598 2273
1598 2075
1598 1350
1598 26
1598 918
2273 1329
2273 652
2273 2238
2273 493
27 3097
27 1797
27 2470
1343 1754
1343 2146
1343 1411
1343 3201
1754 2266
1754 3067
1754 3344
3044 1032
184 3458
184 488
184 3610
184 2978
184 3105
3458 1326
3458 2047
1515 894
1515 1123
1250 2761
1250 3313
1250 301
1250 384
111 3882
111 1969
3882 2324
3882 2678
3882 1399
3882 3380
1040 3070
1040 159
1040 63
1731 3264
2550 2841
2550 3692
2550 2570
2550 2612
2841 3160
2841 3695
12 64
12 1554
1618 1508
1618 2959
1618 1462
3572 2096
3572 1141
3572 3901
2448 575
2448 3294
2315 3469
2315 1300
2315 3735
2315 3725
3469 30
3469 3298
3469 874
3469 3736
68 464
68 1634
68 928
3408 2901
3408 905
3408 3225
1606 2743
1606 2173
1606 1228
1606 2896
1606 1241
2743 350
2743 2806
2743 495
1277 3736
1277 2836
1277 2772
1277 2965
3736 1985
3736 908
897 1300
897 2954
897 713
897 1501
897 432
1300 907
1300 3936
3338 3342
3716 3116
3716 3801
3716 3198
2114 2661
2114 2839
2114 3456
2114 3924
2661 2015
2661 2978
2661 802
2568 884
2568 1138
1200 1877
1200 2794
1200 2108
1200 2774
3639 1837
3639 2683
3639 2343
2387 3722
2387 3708
2387 3322
3722 2462
3722 2341
3722 187
3722 245
2258 439
2258 627
544 2075
544 1028
544 1645
2859 1780
2859 2317
2859 2996
3621 3903
3621 430
3621 385
3621 2041
2618 2512
2618 2359
547 2355
547 676
547 1043
547 1437
547 3662
2355 3028
2355 24
411 1262
411 3600
411 2023
411 3724
1262 3180
1262 848
1262 14
1710 402
1710 513
1537 1838
1537 783
1537 238
809 1308
809 2966
809 3484
809 1445
1308 2148
1308 193
2799 2885
2799 2147
2799 1266
2885 1516
2885 216
2885 1366
1419 519
1419 623
276 2242
276 3526
276 3084
276 1667
276 3483
2242 568
2242 2853
3758 1834
3758 2109
3758 2053
3906 3359
3906 1636
738 2007
738 1593
738 3062
738 506
2007 505
2007 1534
2228 3588
2228 1134
2228 713
710 513
612 1373
612 2910
612 2186
612 3530
612 681
1373 698
1373 2860
1373 626
3239 3830
3239 391
3239 44
3239 3178
3239 3468
3830 635
3830 2596
3830 341
3998 1184
3998 1163
3998 1191
71 2483
71 3652
2483 1305
2483 39
2483 607
475 2307
475 1255
475 1470
2307 2362
2307 3600
2307 1224
2259 2861
2259 3322
3095 3822
3095 2280
3095 1170
3095 1015
3095 2052
3822 1309
3822 2748
3822 342
1476 1946
1476 3186
1476 670
75 2602
75 3589
75 2663
75 273
2602 827
2602 2352
2602 3196
2602 2879
1538 794
1538 1888
238 1842
238 769
238 2810
1842 2828
1842 3117
1842 1584
1842 2363
3256 2418
3256 2555
1461 2523
1461 2395
1461 3565
1461 1770
2523 3715
2523 3192
441 3598
441 1736
441 1685
441 1887
3598 1865
3598 3580
3598 1824
625 1204
1204 2292
1204 2226
1204 1671
122 3064
122 3594
122 2110
3064 653
3064 2022
3064 3252
2758 2860
2758 3282
2758 1273
2758 1539
2860 2994
2860 1366
2860 1671
2462 1403
2462 3596
2462 1827
1309 2686
1309 978
1309 1319
1309 1670
457 2788
457 819
457 3651
457 861
457 578
2788 1557
2788 2530
2788 2729
2788 1586
1468 354
1468 3002
1468 2392
1468 2501
684 1784
684 1601
684 3512
684 505
1784 3826
1784 881
1784 3229
1847 2451
1847 2742
1847 151
1847 893
1847 1351
2451 1401
2451 3953
2451 355
16 867
16 3121
16 82
16 3085
867 1922
867 1935
377 1795
377 3708
377 3630
1865 3222
1865 3280
1865 3902
1865 2455
3222 2185
3222 2218
3222 3763
3222 2199
1058 895
1058 3632
1058 2492
3473 2219
3473 229
3473 3972
3473 2635
3841 802
3841 763
2366 1396
2366 2967
2366 1787
2871 3676
2871 787
2871 3953
2871 3935
3676 1771
3676 87
3676 2812
3676 1682
266 749
266 152
266 1094
266 3488
749 1448
749 3108
749 1494
398 905
398 998
398 1599
905 196
905 2471
905 2699
1389 2921
1389 3949
1946 3332
1946 2177
1946 3349
3332 3613
3332 2865
3332 3580
3332 187
336 1247
1639 1382
1639 2503
288 3662
288 3954
288 2507
3662 1933
3662 3153
1556 1605
1556 361
1605 3027
1605 2151
1605 3181
1576 3506
1576 923
3506 96
3506 2340
1424 3637
1424 2095
1424 559
1424 3214
1424 1990
3637 845
3637 896
3637 3883
1486 2300
1486 3825
1486 2628
1486 1572
2300 2347
2300 2170
2300 268
1664 1977
1664 2960
1664 1968
3627 1775
3627 149
3627 2292
995 1245
995 1410
995 2635
1245 2071
1245 3218
1245 126
1143 3962
1143 3964
1143 1931
1143 1490
3904 121
3904 3467
3904 885
692 978
692 81
692 3573
692 1353
692 2701
978 1921
978 2215
473 3049
473 3534
473 1921
2790 908
2790 1481
911 1022
911 3360
911 24
1022 209
1022 2606
1022 919
161 295
161 2433
161 72
161 1501
295 864
295 2765
295 3745
305 1095
305 182
305 3850
305 1848
2968 3851
2968 3107
2968 1965
3851 3779
338 1064
338 107
338 1652
2406 2564
2406 2869
2406 3842
2406 2612
1019 3381
1019 385
1019 1244
776 3951
776 493
776 2038
776 3626
776 1841
3951 593
3951 51
3951 1799
3951 171
3263 96
3263 1264
3925 2798
279 2456
279 2257
279 1765
1702 1901
1702 3926
1702 3917
1702 80
1702 3202
1901 3349
1901 979
1901 345
1901 299
3481 2488
3481 568
3481 3991
3481 721
1908 3992
1908 2309
1908 2124
1908 1828
1908 2521
3992 1530
3992 2941
3992 359
3992 896
2925 725
2925 1544
2925 778
2630 2930
2630 628
2630 3376
2630 155
2930 2301
2930 3043
2930 3156
1107 1728
1107 2551
1107 2046
1728 2813
2378 2401
2378 1829
2378 1696
1911 3270
1911 3019
1911 3021
783 3967
783 1742
783 1766
3967 3447
3967 1967
3967 876
1416 3651
1416 2229
1416 3844
1416 1247
3651 1221
344 1153
344 3613
344 998
344 1792
1153 2204
1153 2607
1510 84
1510 331
1510 1615
151 2973
151 2466
151 2018
151 2756
2973 1782
2973 1595
2973 2453
3445 1426
3445 2429
2452 1246
2452 3099
409 3807
409 1512
409 1072
409 2464
3289 3919
3289 1897
3919 1947
3919 1055
3490 3909
3490 2497
3490 2928
3490 2877
3490 942
3909 2761
3909 3815
3909 1732
2485 386
2263 3523
2263 2599
2263 757
3523 3039
3523 2375
3523 611
3523 1257
200 2047
200 2155
200 1836
2047 2071
418 3438
418 2504
3438 3654
3438 3575
788 2217
788 1881
2217 1425
2217 855
2217 50
454 2866
454 1437
454 2173
454 3143
2866 1947
2866 928
414 3733
414 236
414 2465
414 1596
3733 2525
3733 131
3733 559
3703 1539
3703 1615
3703 3339
3569 2675
3569 2952
3569 3601
3632 1805
3632 1669
3632 3437
3631 3740
3631 13
3631 221
3631 560
3740 2882
3740 136
3347 3981
3347 823
3347 1072
3981 3591
3981 2650
3981 297
3854 1421
3854 2175
3854 2008
1524 3491
105 3917
105 3462
105 2749
3917 2100
3917 1554
3917 1629
1667 2078
1667 2504
2078 3107
2078 3704
1412 1788
1412 1353
1412 719
1788 2689
1788 1381
1788 753
3097 3315
459 546
3339 3753
3339 1264
3339 965
3339 39
3753 3806
3753 1423
3753 1426
1885 2162
1885 2903
1885 909
1885 641
104 2874
104 2438
104 236
2874 582
2874 2875
2874 221
2038 3647
2038 2896
2038 431
2038 2949
3647 2188
3647 3670
737 831
737 2729
737 3455
737 2023
737 121
831 1781
831 1531
831 819
542 1824
542 183
542 3350
1824 2297
1824 3686
86 508
86 931
1789 3845
1789 393
1789 656
3845 770
3845 1082
3845 2162
3413 3675
3413 2123
3413 1944
3413 629
3413 1617
3675 922
3675 3538
3675 1
223 3993
223 1323
223 3079
3993 3078
3993 2100
1501 2395
2395 3091
2395 3996
1817 2897
1817 334
1817 2199
2897 2946
3329 2980
3329 2532
13 1647
13 1888
13 1191
573 675
573 2526
573 397
2525 64
1883 2592
1883 2262
1750 3486
1750 634
3486 3692
3486 2730
3486 1828
3486 3374
1011 3392
1011 967
1011 2987
1881 1101
1881 150
2902 2878
2902 675
2902 2504
2902 3887
3812 2777
3812 50
3812 2822
2386 2946
2386 724
2386 3748
2386 3873
2946 1403
2946 1574
2946 1651
142 1422
142 3081
142 2949
142 3938
142 1080
1422 1215
1422 3476
1430 2986
1430 3421
1430 803
1430 1793
2986 1662
2986 1241
2986 1480
1055 3634
1055 1032
3634 3430
604 1712
604 2079
604 1898
604 524
604 1794
1712 782
1712 58
375 3875
375 2269
375 3282
3875 245
3875 1435
3875 1118
3801 3896
3801 1549
3801 364
2119 3317
2119 2220
2119 3394
2119 1608
3573 2295
1957 3671
1957 3652
3671 1915
3671 1411
3671 3943
3671 3690
1110 2752
1110 3425
1110 3610
1110 2843
2752 2632
2752 3067
3462 3701
3462 1462
3462 1933
769 2230
769 3382
769 735
769 2352
2230 2294
2230 149
2230 2665
3298 878
2500 3546
2500 662
2500 1348
2500 880
2500 3934
3546 3775
3546 2426
3546 412
3546 981
2467 3140
2467 1294
2467 2599
2467 2979
3140 795
3140 2219
3140 644
3058 150
3058 2326
3060 3654
3060 983
3060 820
3060 522
3654 2067
3654 1283
3654 3719
1974 3207
1974 173
1974 1780
3207 3055
857 2693
857 2521
857 1533
857 849
2693 766
2693 1820
2693 1478
217 3824
217 2684
217 2430
3824 907
3824 3930
3824 3032
458 732
458 2811
458 214
732 3707
732 2931
2697 3287
2697 150
2697 3796
1532 3276
1532 2055
1532 2504
3276 2828
3276 1545
3276 2437
1232 1294
1232 3750
1232 1774
1232 3865
1294 3119
2487 1802
2487 3679
2572 2789
2572 2665
2572 3614
2789 1560
2789 1969
2789 3382
2789 564
22 552
22 1278
22 1081
22 2739
552 3990
552 1522
552 3579
2635 873
1895 3035
1895 1016
1895 3626
1895 1783
3035 1114
3035 38
3035 629
2019 1101
2019 275
2019 3715
2019 3033
1786 2807
1786 228
1786 426
1534 2046
1534 2881
1534 3890
1534 1253
2046 1073
2046 1665
2753 3120
2753 3130
2753 895
2691 3127
2691 1109
2691 757
2691 718
3127 3731
3127 2428
3127 1126
3127 2535
2401 2536
2401 3814
2401 1472
2401 3257
2993 399
2993 3797
486 1073
486 2226
486 173
486 3803
1073 1593
1073 3608
1073 3342
817 1734
3419 3714
3419 2586
3419 1137
342 3014
342 714
342 672
3014 48
3014 3441
3014 2465
3014 518
1246 1700
1246 3849
1246 3645
1700 403
1700 129
1700 1157
1700 2995
3551 599
3551 1151
3551 3511
3073 1717
1101 1075
1101 2793
1101 299
739 1374
739 1495
739 2445
739 3566
739 3779
1374 137
1374 250
1374 3890
1938 3913
1938 2669
1938 3695
3913 242
3913 1315
2421 740
2421 797
1490 2999
1490 1677
2999 157
2999 3015
2219 2391
2219 697
2391 702
2391 628
2391 1516
94 2804
94 687
94 3192
2804 2965
2804 2097
2804 3796
2804 919
429 1562
429 1860
429 694
429 3994
1562 3711
1562 1258
1645 3287
1645 3559
1645 1379
3287 3259
3287 2754
3162 919
3162 3068
3162 1016
566 3782
566 2670
566 1306
566 1662
3782 3245
3782 3017
3782 2626
1888 3199
1505 2755
1505 306
1505 2428
1505 3862
2755 298
2755 873
2755 2102
2755 1417
1495 368
1495 3858
1495 1698
31 3623
31 301
31 1035
31 884
31 2218
3623 3151
3707 2807
3707 1994
983 2017
983 2140
3566 3663
3566 1383
3566 2535
1138 1080
752 2793
752 1761
752 410
752 2416
320 464
320 1636
320 778
320 92
464 2148
464 63
464 2068
1029 2910
1029 2739
2910 1923
3775 1596
3775 1219
1691 3524
1691 1122
1691 3660
1691 309
1691 1319
3524 2115
3524 2437
3524 2891
433 1296
433 3453
1954 3741
1954 3169
1954 2424
674 2453
674 3106
674 2727
674 1734
2453 393
2453 2069
1140 1960
1140 2997
1140 2241
1960 2134
1960 30
1632 1387
1632 652
1632 508
1632 2064
2069 277
2069 2794
2208 3750
2208 440
2208 1111
2208 2872
1922 3267
1922 1991
1922 2197
2770 3969
2770 198
2770 1735
2770 2134
306 230
306 3997
350 1130
350 2608
350 2832
350 1118
1679 1161
1679 3144
2754 724
981 2529
981 2221
981 3866
2299 2232
2299 781
2299 2020
1583 1010
1583 2330
1583 3543
1583 3842
3682 1979
3682 1751
3682 3195
492 2274
492 339
492 553
492 3071
2274 2623
2274 3179
2274 343
2274 3201
1194 2317
1194 3460
1194 1242
1194 219
2317 228
2317 3640
2317 556
1533 1783
1533 2923
1533 2325
1783 969
1783 3911
1783 862
3203 1874
3203 2221
3203 548
2886 3971
2886 574
2886 343
2886 2456
3971 2922
3971 2601
3971 1394
3043 893
3043 3009
2251 2780
2251 2202
137 2756
137 2210
137 3556
2756 3074
321 1116
321 1472
321 516
321 2972
1116 1081
1116 3684
1116 536
393 1693
393 1132
2142 3409
2142 1964
2142 3366
3409 2438
3409 3521
3409 3879
2868 3284
2868 3817
2868 99
2868 1785
2868 941
3284 2896
3284 2329
3284 725
440 1636
440 379
1549 455
1549 1413
1549 811
602 3960
602 2460
602 1948
3960 2746
3960 2412
3960 2913
1967 103
1967 1316
3494 1273
3494 3958
860 2040
860 1705
860 1120
2040 3041
2040 3278
367 3568
367 1350
367 3004
367 1525
3568 3556
3568 986
3306 1966
3306 1312
3306 136
324 717
324 2223
324 3456
717 2820
717 3773
717 2589
717 1852
546 3570
546 2664
546 2099
3570 1519
3570 1955
300 2346
300 3869
2346 258
2346 487
2346 2816
3779 3997
3779 3878
2777 3612
2777 2181
2777 128
2777 1970
1080 1225
1080 2186
1225 2806
1225 2821
3076 745
3076 3038
3076 3580
3317 2123
1001 1346
1001 325
1001 724
1001 3390
1346 3144
1346 2762
1777 3553
1777 3152
1777 2773
3553 652
3553 2952
3553 3517
1296 2728
1296 1962
1296 1693
1296 1297
2728 2879
2728 3260
1504 1674
1504 2099
1504 1497
1504 2138
1674 3374
1674 1587
1674 3658
1674 3441
513 1528
513 17
1528 1882
1528 2867
1528 3106
1528 585
631 1339
631 2365
631 786
452 1289
452 1147
452 3894
1289 3803
1289 3732
1289 1425
1289 1152
2336 3297
2336 2612
3895 2276
3895 1353
1852 668
1852 3910
1358 926
1358 2720
1358 2877
153 3615
153 3646
153 436
153 180
1266 222
3807 1791
3807 2445
3807 1758
2095 2130
2095 1349
2095 2277
1647 712
1647 3420
1410 1931
1410 914
1410 1365
1931 341
1931 3554
811 1114
811 2438
811 2178
1114 954
1114 914
7 3009
7 3945
7 1235
3009 3414
3009 1470
3009 1409
1075 2584
1075 1539
2584 1732
2584 1365
2584 431
2584 2827
2813 3482
2813 1866
2813 3789
3482 3545
3482 3202
3482 3856
3482 3157
1687 2210
1687 506
1687 2629
1126 3340
1126 1290
1126 914
1126 1641
3340 2747
1652 2861
1652 1587
1652 2939
2861 796
2861 405
2295 1411
2295 1240
2295 3180
1985 2778
1985 3033
1985 3868
2778 3582
2778 2020
2580 3890
2580 3448
2580 2587
2580 3250
2580 3034
3890 635
3890 3518
1745 1964
1745 3156
2607 2252
2607 1378
2607 1329
1813 726
1813 2854
1813 3452
881 1624
881 3183
881 2470
62 1376
62 781
62 3916
62 1395
1376 2888
1376 2853
156 2701
156 2709
156 2699
156 920
2701 1261
2701 1425
10 1186
10 3153
10 779
10 2927
10 1147
1186 2919
1186 3959
2121 1522
2121 3225
2121 1607
2121 3369
402 412
402 1045
402 1231
536 2464
536 289
536 1841
2464 767
2464 15
2464 1448
1561 3389
1561 2374
1561 3630
3389 3343
3389 1152
3389 491
3389 3180
301 2543
301 1304
3620 814
3620 618
2965 3995
2965 1637
209 2108
209 3907
209 1907
1179 3648
2591 2156
2591 1767
136 1675
136 2806
1675 2066
1675 961
3441 3160
3600 3403
3600 1445
3600 1352
3840 337
3840 1396
2055 3121
2055 3174
2055 2948
2722 3542
2722 2566
2722 3816
2722 1427
3542 628
3542 2864
836 3749
836 1584
836 2820
836 1699
3749 2533
3749 271
3749 195
81 2955
81 1222
81 3186
81 1690
1144 2404
1144 2779
1144 474
1144 2367
2404 427
2404 2266
2404 297
2404 2579
325 1318
325 1284
325 347
1318 3068
1318 524
920 1193
920 3778
920 1310
753 1536
753 3379
753 2413
1536 3591
1536 731
1542 1444
1542 3961
1542 2831
2256 287
2256 3727
2256 3234
759 1021
759 1965
1021 2006
1021 3108
1021 907
1839 1919
1839 2941
1839 3166
1839 445
1839 569
1919 701
1919 1191
1919 1426
1919 2254
3562 2632
2917 2420
455 3713
455 2195
455 1240
390 177
390 445
1673 2825
2099 2223
2099 1996
2099 494
2223 3488
2223 3241
479 3074
479 3301
479 1920
3074 2101
143 403
143 2425
19 3318
19 3698
19 3018
3318 60
3318 3194
3318 1323
2966 3497
2966 337
275 1159
275 2062
275 575
3771 3935
3771 3660
3771 597
3935 2747
3935 3460
14 6
14 2941
3480 3433
3480 257
955 1727
955 262
955 503
955 2429
955 2189
1727 2960
1727 1316
3033 3082
3033 644
3033 3829
1441 2115
1441 3350
1441 906
1441 1720
2115 2987
2115 3961
2954 495
2954 2277
2954 3658
2954 3780
1716 365
3182 3661
3182 2511
3182 2733
3661 3718
3661 3045
3661 2020
3661 1593
1243 2544
1243 2733
1243 26
1243 3130
1243 312
2544 48
2544 1570
2544 3165
2182 3123
3612 869
3612 3714
3612 1047
3612 3745
2159 2877
2159 2426
2159 2542
2297 1718
2297 2466
2297 885
2297 979
490 1973
490 2570
490 3795
490 1637
3558 3948
3558 3943
3558 2878
3558 3474
3558 2969
3948 3356
3948 2316
3948 2542
2768 3563
2768 1963
2768 2891
3563 2486
3563 3225
827 3370
827 680
827 3184
2002 2303
2002 2041
2002 3176
2002 3839
2303 2179
2303 2332
2303 876
3045 1253
3045 1288
3045 1995
3068 3680
3068 2989
3068 605
1322 1092
1322 2449
397 2151
397 3752
397 724
3448 1803
3448 2881
2392 3437
2392 18
695 2567
695 2663
695 2598
2567 1734
2567 2241
2567 2138
2347 1368
2347 2473
2347 1887
2347 649
2075 3833
2075 2475
2075 1146
3360 1713
3360 754
3360 2353
333 3383
333 1099
333 1088
333 2974
333 2108
3383 2991
1271 3042
1271 3233
1271 3638
3670 252
3670 2730
3670 265
1829 3930
1829 3592
1829 1541
1829 401
3930 1378
714 2028
714 534
2028 313
346 3046
346 270
346 1092
1624 1734
1624 2928
1624 1876
3425 229
3425 1577
3425 1907
3425 1560
1093 2658
1093 3253
1093 3110
1093 551
1990 3245
1990 1708
1990 804
3245 2613
3245 228
3245 2140
796 1050
796 3852
796 1239
1050 2581
3497 2153
3497 3400
3497 1210
1045 1866
181 639
181 3700
181 1733
181 2492
639 179
639 2331
639 1446
3415 3737
3415 1409
3415 1552
3415 540
3737 3856
3737 1494
3737 3929
2338 2881
2338 501
2338 314
2338 1421
2881 1943
1649 2931
1649 1507
2640 1349
2640 1993
1613 1659
1613 2472
1613 400
1613 982
1659 2570
1659 182
1659 2919
3363 1581
3450 3731
3450 1314
3450 548
3731 2488
3731 3131
1678 495
1678 3920
1678 2371
1678 1098
3554 3107
3554 3954
87 1125
87 1098
87 2944
1125 271
1125 2427
1125 1668
2112 3477
2112 2542
2112 1077
2112 379
2112 1833
3477 1480
2850 1925
2850 1081
2850 822
623 1630
623 1812
623 188
1630 400
1630 2329
1705 2601
1705 2134
1705 3110
1705 131
2601 3552
2601 225
2615 1614
2615 3653
2615 702
2615 3823
2901 529
3556 681
3556 3315
3556 2939
820 1915
820 2445
1915 2530
3297 1342
3297 3294
3487 1680
3487 2455
3487 2087
2599 2496
2599 1747
1122 2812
3865 208
3865 2498
3865 1767
554 2173
554 434
554 1994
3154 3096
3154 3816
3154 2052
1699 2440
1109 3136
1109 3028
711 1864
711 334
711 1252
711 565
1864 3858
1864 3447
1864 2751
1827 2153
1827 1085
1827 2503
108 1305
108 1690
108 2928
1305 828
1947 2471
1787 2329
1787 3872
1787 298
3534 3937
3534 1398
25 522
25 898
25 2730
25 2896
1669 2210
1669 559
1669 3304
1669 1268
2210 837
2210 3210
1337 1508
1337 3230
1508 243
1508 963
1508 2349
3915 963
3915 1689
3915 3081
2211 3110
2211 337
2211 2240
242 3456
242 2037
242 3151
242 1066
3456 3941
3456 1677
1553 1347
1553 1696
1553 2614
3837 3860
3837 2631
3837 2872
3860 3799
3860 2730
3860 1721
2149 2325
2149 391
2149 1749
2149 3752
2149 451
2325 428
2325 3050
3986 1265
3986 43
1593 673
1083 3194
779 1365
779 1782
779 388
1365 3271
245 3624
245 2006
245 3862
298 1254
298 1344
2289 1904
2289 998
3883 32
3883 58
3883 957
3236 2847
3236 476
3236 2922
3803 453
3803 202
401 2294
401 2827
401 3357
2294 1226
2294 3328
1383 1866
1383 1160
1383 3723
1866 658
1866 1227
2068 194
2068 970
627 3280
627 1859
44 2959
44 1811
44 227
44 2305
2959 3659
2959 2662
2959 1554
1193 1904
1193 335
3350 3984
3350 2356
3984 1237
3984 2947
3984 2102
222 1016
222 1539
222 1219
1016 48
1016 256
3479 3869
3479 2194
3479 3659
3869 3726
3869 127
922 2181
922 2214
922 3872
922 219
2181 3453
2181 3508
2181 3873
1302 1648
1302 3589
1302 2715
1302 1348
1648 3521
1648 3457
3748 3850
3748 176
3748 3231
1826 2
1826 213
322 3583
322 1104
322 109
322 1717
3583 3030
3583 1986
3583 3474
1775 408
819 801
819 1121
938 2606
938 3144
938 2510
938 3253
3766 1763
3766 3591
2433 2551
99 169
99 2185
99 576
3165 3773
3165 159
109 828
3888 1907
3888 1091
2412 3169
2412 183
721 3672
721 2232
1474 3273
1474 3132
1474 2811
3273 2141
3273 2061
1379 3011
1379 1595
1379 3224
503 3072
503 1796
678 1124
678 2903
678 3817
1124 3938
648 2723
648 741
384 1845
384 1610
384 2729
384 1285
1845 2136
1845 3785
1845 517
1233 2285
1233 3946
1233 2127
2285 2579
2285 1154
2285 2984
765 2705
765 3867
765 847
765 3233
765 1132
2705 3443
2705 3230
2705 3593
2045 3920
2045 880
2045 2887
3920 1521
3920 3640
830 848
830 220
830 3105
830 3042
848 2645
848 3302
845 229
845 129
2123 2609
1239 3584
113 3193
113 1591
113 8
113 258
3193 3221
3193 1749
3193 408
152 640
152 2053
640 1887
640 72
640 574
640 1369
1292 763
1292 1511
1292 3781
337 1541
337 2499
853 3187
853 1751
3227 2065
3227 568
1026 3271
1026 1795
1026 1792
3247 2415
3247 647
3247 3439
2237 2079
2237 1994
2237 1747
461 614
461 345
461 3855
614 1717
614 477
614 2439
2130 3856
2130 2546
2130 2427
3856 1696
1385 2948
1385 3924
1385 3858
1385 3800
1385 1160
2948 2629
1259 2314
1259 2109
2314 686
2314 2733
2314 559
3079 410
2430 2805
2430 2023
2430 1953
2805 119
2805 1810
885 1844
885 450
885 316
1844 1400
1844 620
243 2377
243 2614
243 1473
243 3694
2377 2305
2377 1773
2377 2706
635 2437
635 2921
3615 2146
3615 2248
2333 1273
2333 3900
39 103
39 564
39 3452
3250 2698
3250 2934
3250 928
1171 3369
1171 3344
3858 3593
3858 3929
991 3933
991 3002
991 2538
991 967
3933 1070
3933 1854
3933 637
3933 1948
1120 3818
1120 2106
1120 9
3818 2586
3818 823
1175 2064
1175 227
1175 1793
1175 2138
1175 3669
2064 3814
1438 2703
1438 2171
1438 1306
1438 64
2703 2674
2703 133
2703 611
963 3605
963 1435
3605 2479
3605 2450
2982 1838
2982 556
2982 1010
2982 2166
186 3684
186 3936
186 907
3684 3400
2980 2235
2980 199
2980 3464
41 822
41 3461
41 979
822 2229
822 1719
822 1105
1545 3179
3179 3732
3179 1482
2278 3996
2278 3850
2278 506
3996 92
3911 996
2127 1607
2023 2555
2733 3390
3047 446
1421 3005
1421 3561
1421 3301
3005 943
3005 3395
3005 959
3005 741
3221 1971
3221 2316
3221 680
1873 2082
1873 1036
2082 356
1280 1315
1280 3041
1280 3155
600 2977
600 1261
600 3105
2977 1018
2977 61
2977 2996
2284 2821
2284 2994
2284 3029
2284 2976
2821 2666
3949 2931
3949 3385
3949 1910
465 574
465 3720
465 821
465 2782
465 1459
574 3825
574 309
3444 541
60 2058
60 2612
60 3110
1730 2420
1730 1141
1730 658
2420 3642
2420 2798
1582 3488
1582 3100
1582 2352
1582 2324
1582 149
3488 1945
3488 255
1733 2867
1733 3964
1733 2802
3666 2408
3666 3411
3666 1653
795 3374
795 126
795 593
795 3601
3374 1220
2438 1952
2438 443
3660 593
3660 1053
3660 943
2747 864
2747 29
825 3216
825 2096
825 702
3216 2465
3216 1603
3216 1579
3216 187
3540 3800
3540 1435
3540 307
3800 271
501 3255
501 2269
501 1252
1473 3437
1473 3975
1473 1088
1473 1996
3437 3277
236 2592
236 3864
2592 2587
1966 3155
1966 234
376 2343
376 1579
376 2501
376 3030
2343 8
2343 3999
2097 743
2097 2875
2097 162
1088 2808
1088 2964
2808 1105
2808 1876
2808 1953
988 1409
988 1304
988 3173
988 3130
1409 1558
2921 3260
621 3049
621 1238
621 1148
3049 3868
3049 3294
595 2927
595 2257
595 206
2192 3366
2192 1796
2192 1752
3366 634
3366 3559
3366 3016
1782 38
1782 1420
1 1247
1 1043
1 1091
1247 3784
1247 3007
892 3404
892 2238
892 1369
892 2836
892 870
3404 1995
3404 2131
3404 3744
262 2374
262 271
262 2911
864 3314
52 3780
52 1303
52 3018
52 2507
1201 2927
1201 3476
1201 1940
1201 2669
2927 3940
688 578
688 2037
688 2036
619 1525
619 1581
619 2005
1525 2152
2575 3777
2575 583
2575 2221
2575 3178
3777 3307
3777 2988
1766 3379
3379 974
3379 456
386 341
3171 1278
3171 3648
2276 767
2276 1898
2276 1511
2276 2543
2262 2499
2262 1123
2262 3211
2262 1719
2499 3975
2499 3314
758 3296
758 1560
758 3873
758 2825
3296 616
2521 3120
2521 194
2163 3725
2163 3638
2163 1398
3725 1695
3725 1064
1244 436
1244 3290
2383 3728
2383 1771
2383 1237
2383 2888
2383 330
3728 1939
3728 3902
3864 3811
3864 3311
3864 1087
485 2649
485 1686
485 1284
2649 2501
2649 2465
2649 782
2649 92
2426 3842
2426 1801
1672 1719
3492 1923
3492 855
2252 3452
2252 663
1708 3153
1708 3290
1708 3357
1708 3346
188 2254
188 8
188 1427
188 228
2254 3959
2603 3071
2603 2292
2603 2974
2603 2402
3071 2473
3071 2341
2892 1592
2892 3197
2892 1228
2892 1722
1350 3679
1350 1222
3679 2706
3679 1634
3679 61
179 3055
432 1796
432 3016
432 1135
1796 2260
117 986
117 427
117 525
3521 2006
2424 3742
2424 1205
2424 3084
2424 3516
3742 2864
3742 1983
3742 1907
3742 1462
2723 3257
2723 2288
2723 587
2723 494
3257 3921
3257 1802
2878 2779
2878 3529
2878 740
794 3582
794 3259
3582 1570
3582 2759
1394 2628
1394 1209
3645 2169
3645 1226
1095 120
1095 3734
1095 889
1597 2364
1597 504
1597 2919
1597 2782
2364 2189
2364 1572
2364 806
2364 3432
1347 1407
2214 340
158 1570
158 3588
158 3878
158 2645
1570 1763
1038 138
1038 2061
662 314
1971 517
1971 2958
1450 3975
1450 3017
1450 3744
1722 53
1722 3663
1994 650
2148 213
1742 3468
1742 1160
610 1973
610 1209
610 1923
610 1988
1973 1425
1973 2721
1838 3512
1838 2586
1351 3478
3692 2167
3692 3436
3109 3161
3109 2240
3109 2638
3109 928
3109 797
3161 2213
3161 3823
3161 1135
1094 3483
1094 400
1094 519
3483 2957
3483 3962
3987 1031
3987 3901
252 3433
252 931
252 1395
252 3181
155 3155
155 1307
3889 1666
3889 3432
3889 3426
2221 3638
2221 421
3638 3151
3638 1395
576 1339
1252 3776
1252 3016
3776 139
3809 2979
3809 837
116 3508
116 61
3508 887
1141 1833
1141 1797
3814 3531
767 3501
767 2279
1268 214
1268 59
1268 3626
2533 3351
2533 1072
2533 173
3351 3597
3351 1304
2418 2842
2793 3046
2793 3547
2793 3829
2670 2015
2670 532
973 3234
973 2010
973 3785
314 1522
314 2086
2164 519
2164 249
2164 3892
676 1685
676 1278
2131 2940
2131 3393
2131 2537
2940 1360
2940 2538
2940 1587
2940 353
782 3611
782 3022
3611 1135
3611 1053
1448 3025
183 895
183 3853
334 1544
334 929
334 2577
1701 890
1701 2488
1923 1341
787 3964
787 2595
541 1418
1418 3815
2526 3218
2526 2178
3194 3086
3194 2759
2656 3700
2656 1303
2656 1349
2656 2167
3700 949
3700 3907
1290 1878
1290 3472
1290 2961
1290 1850
1261 2579
1261 66
2061 3261
2061 1284
2061 948
3261 1188
3261 1686
3261 3500
154 129
3414 2349
3414 754
2556 3892
2556 1519
3644 3696
3644 2057
3644 3050
3696 3132
3696 3918
3696 2170
2319 2375
2319 1398
2319 924
1855 3543
1855 383
1855 2764
1855 1629
3543 1366
3543 1806
3543 3752
647 3628
647 3304
647 1132
3628 3663
3628 410
2794 160
2794 2363
2794 1479
1890 2746
1890 51
1890 2281
1890 1519
1890 2029
2746 2776
2746 965
1470 2160
2160 944
2160 201
1081 2776
1081 33
2810 735
2810 123
1752 3041
1752 2044
1752 2094
3041 1656
3041 78
929 1018
929 3146
929 2833
929 1446
1018 3085
3912 1221
2496 1161
2496 1721
2496 3120
3230 2934
1601 361
1601 2501
1601 1529
1497 2643
1497 2738
2643 1130
2643 1344
261 2666
261 2668
261 3926
261 340
2666 3529
1303 2721
1519 43
1445 3392
1445 3176
1445 3536
3392 2493
3392 20
2675 3029
2675 2107
2675 505
3029 2065
3029 1882
339 1367
339 1205
339 2358
36 2669
36 898
36 1862
2669 697
2669 3118
1765 2367
495 2340
1188 2491
1188 2183
195 3852
195 3275
195 2833
3893 3976
3893 399
3893 289
3893 924
2637 2858
2858 713
2858 340
2858 307
2888 1483
2888 1884
3983 1366
3983 1003
3983 249
2079 2298
2310 2864
2310 628
2310 126
1557 1349
2761 3833
2761 2989
3833 3017
3833 3642
741 497
3713 1478
2507 3953
2507 1629
3953 368
2409 3381
2409 2582
2409 2497
2409 597
3381 2215
869 1781
869 3252
869 15
869 307
1315 1104
1315 687
1753 1452
2005 2147
2683 3584
2683 3197
2759 2224
2759 3755
898 2189
898 944
2189 2202
1670 1514
1670 2158
637 2791
637 844
637 1692
2791 880
2791 540
2791 234
2429 3826
2429 1459
234 940
234 2057
1995 491
2854 2967
2269 2196
2269 193
2269 1215
593 3242
1979 2427
1979 2248
3282 488
517 1265
916 3267
916 3313
916 477
916 1210
1805 2587
1805 2243
858 3032
858 3197
858 230
858 1400
3032 855
3032 1680
880 3708
706 3658
706 2101
706 1642
706 3672
3658 3635
474 2103
474 1488
2103 3772
2103 2686
2103 982
1636 449
1636 2134
3234 2141
1952 2491
1952 364
9 770
9 829
9 3961
3259 2021
3588 1902
1681 2961
2961 84
2961 1940
3430 2235
3430 3995
3430 3078
385 2574
119 1767
119 1735
119 3765
1767 487
1767 1407
139 2685
139 1352
2685 2390
1758 2363
1758 278
1758 426
2363 2407
3484 664
1146 3536
1146 896
1146 2840
3136 323
3136 3559
1955 1518
1955 1304
1955 2667
1773 3337
1773 2140
2302 2648
2302 3795
2648 1355
3143 3007
3143 2846
3143 1406
412 400
3121 214
3826 1579
3826 1718
3826 2257
2090 3078
2090 1087
2090 3110
2090 192
3078 926
3078 178
2402 687
2402 1584
3794 2066
3794 2510
3794 2010
2332 1420
2332 2689
2332 2867
701 829
701 2110
701 3386
829 2922
829 1558
829 3106
2129 2962
2129 1319
2129 2352
2129 3823
2962 2967
2962 1861
2962 974
2962 1076
1812 2275
1812 1229
250 664
250 3226
250 896
250 1224
664 1785
664 3819
227 1906
227 2446
1249 213
1249 3150
1249 2579
589 3513
589 2812
589 3357
589 2225
3513 3264
3513 1061
3513 694
3811 861
3811 1666
3811 3839
1920 3727
1920 646
1920 3695
1920 2613
3727 1651
3727 193
626 3132
361 2831
361 2739
2831 2344
2238 3199
2238 2166
2780 33
2780 3224
2780 3133
427 507
427 564
2644 2711
2644 645
2644 3113
2644 649
2711 425
2711 1472
2711 444
2711 3714
2408 2475
2408 2352
2408 2764
2277 2741
2536 1255
2536 847
2536 3772
449 3065
449 3898
449 629
449 2232
3065 3900
3065 2510
3065 3015
2058 278
2058 396
2058 3625
1488 407
1689 3219
3914 3761
3914 2642
3914 3407
1697 3547
1697 98
1697 2225
1697 1499
1697 3555
3653 1868
3653 2627
2066 3070
2581 2668
2581 1104
2581 1471
2668 2067
2668 67
2668 873
1135 3635
2931 1617
2915 3187
2915 277
2915 789
2915 312
2915 483
3187 568
3646 3042
3646 1521
3646 2811
277 3190
277 1969
2375 3151
2375 3455
2524 2807
2524 362
2524 1459
2807 538
1836 2879
1378 2989
1378 1265
2989 347
2989 3850
745 3844
745 2094
2281 3022
2281 999
2281 507
3022 3796
3022 207
3022 2939
694 518
694 726
645 1677
645 506
525 2255
525 1698
525 901
2255 3407
2255 2757
3584 3344
3584 1880
3584 331
2266 538
3107 1170
3107 2695
634 2688
634 1165
1360 1780
1360 2809
1360 2042
1780 425
191 3025
191 3390
191 2356
191 1698
3025 624
3226 2749
3226 841
1070 725
1070 894
1070 562
1070 3371
1686 1950
1950 844
1950 3575
1950 3496
1950 3607
141 989
141 3380
141 2749
989 221
407 719
507 1046
507 3292
1046 1184
1046 1254
1046 1850
3421 2985
356 2605
356 3220
356 1370
2031 1934
1235 1906
1235 1115
1235 3878
1906 3173
1854 1653
1854 1575
3131 2344
3180 3969
3969 2664
2586 504
2548 3394
2548 3899
2548 1063
586 2665
586 731
586 3867
2665 2220
18 3376
18 2577
3376 2340
876 2626
112 2727
112 1367
112 1173
2037 1407
2037 3781
3209 2596
3209 3004
3209 3198
176 2622
176 2369
176 3231
176 2309
2622 652
2622 2924
2622 3395
1325 3965
1325 3525
1325 2587
1220 1840
1220 3596
1840 1269
1840 1932
2896 2365
1236 1458
1236 3549
1236 1189
1236 2920
3701 2362
3701 641
1118 3778
1118 362
3778 941
3778 3403
2491 3235
3235 2196
3235 2486
3624 597
3624 873
3711 2534
3711 3424
3711 1945
3711 1939
540 1482
287 2574
287 190
287 2802
2574 1517
2574 3358
2574 526
2779 1312
2960 1306
421 3291
421 3196
421 1165
2542 599
328 3285
328 241
328 2527
328 2887
3285 2530
3285 6
3285 3132
2179 3994
2179 214
48 850
2215 3946
2215 3048
3946 2731
3946 98
766 1943
766 3720
766 3215
2156 2356
2156 889
2156 3464
2156 1427
2356 877
2356 607
3698 3604
3698 3995
2529 1942
2529 583
192 3626
192 1211
192 162
1666 1282
1666 3965
1666 3604
2987 107
2987 1797
2647 1810
2647 2985
2647 2232
578 2349
578 2512
1522 2543
3015 2843
3015 2833
1717 1646
29 3899
29 1047
355 491
355 2324
355 1806
1547 3271
1547 3020
1547 362
3271 877
770 3892
770 3218
770 844
70 3977
70 2765
3732 1483
1274 2624
1274 439
1274 1113
2624 1479
1269 2280
2280 487
697 2054
2054 58
2054 1925
1761 2471
1761 940
1761 1617
1761 1413
1925 2955
1925 803
1925 2196
294 2880
294 3804
294 3790
294 3836
1771 221
1771 2460
1771 405
3039 312
1134 2994
1134 2477
2994 3796
2994 3708
1574 656
53 2891
53 2199
2891 2577
133 2362
133 712
133 456
2362 2610
2362 1414
2739 3942
3942 187
3942 2974
2824 1264
2824 556
2824 870
1185 2414
1185 2010
1185 687
1185 3195
2589 2951
2589 1479
2589 1770
2589 1564
2951 3734
2951 82
3589 834
1128 2922
1128 663
2006 3307
2006 2772
914 2721
2436 2894
2436 299
2436 3229
2436 2720
2436 1327
2894 2903
1653 3680
1653 3816
1653 3592
3680 2096
849 1936
849 3117
849 3972
1936 826
1936 1530
1936 986
2774 3118
2774 3738
3118 2551
3118 1988
3118 965
3936 3111
3936 1091
3198 1507
3198 3346
979 3190
979 2301
3457 477
3457 2472
3457 823
2663 3426
2663 2213
2623 712
2041 2202
2041 500
3714 2609
3714 2934
1157 2353
1157 3805
255 500
255 2367
500 3148
500 1181
417 1087
417 235
417 1794
417 1170
417 426
1087 3528
1087 1211
387 740
387 3201
387 1423
362 3780
362 2446
797 3937
797 1105
797 1837
3937 2120
3190 2631
3190 1774
3190 601
2865 2449
2865 1932
1411 3202
2596 2949
814 1862
814 3133
2658 2510
2658 1762
504 2368
504 1737
3718 477
3718 3959
3718 1970
3718 1467
1651 2923
1651 672
2923 3852
2923 1897
2923 3580
1211 138
1688 273
1688 2588
3380 1148
3380 3152
1077 2836
1077 494
2836 2102
2836 3994
2359 1199
2359 2952
834 3561
834 505
834 771
2490 3614
2490 2840
2490 936
2490 202
2490 3613
3614 1590
575 1228
1349 2477
2477 2738
98 2015
98 2598
63 3016
63 1205
2698 1161
2498 999
2498 691
3255 1431
3255 3975
220 532
220 3964
220 2101
532 3172
532 1199
2151 1130
1352 1849
1352 1963
1352 2802
1849 3945
1849 2260
1849 323
582 1794
582 138
3468 2243
3468 3633
3468 1614
713 3555
3555 1032
3797 3686
3797 219
3797 3594
1996 2301
1996 110
2301 1512
786 3545
786 3531
786 3223
786 2471
3545 2229
3545 1517
1436 198
1436 1811
1436 3461
2083 3796
2083 157
3887 3608
3887 2846
3887 1575
1726 3781
1968 3407
1968 2248
1968 1762
3407 2628
1015 3489
1015 3491
1015 2952
1015 169
3489 49
3489 2501
3489 959
3489 703
2309 3294
999 730
999 943
2057 3829
2057 616
2057 247
3829 2851
2106 2975
2106 748
1413 2969
1413 69
1413 2619
1161 2245
1161 1353
3910 3552
3910 1977
3910 265
17 1061
17 763
1061 1834
1061 476
1584 1273
123 208
123 3520
1472 359
1472 1326
343 1231
343 2260
1231 2478
1231 450
1231 1690
2879 2833
1310 1693
1010 1275
1010 3183
1237 2979
1237 1226
1237 2842
996 1342
3862 2056
3862 1326
668 3394
668 1437
668 456
3394 3157
3394 2939
430 1028
430 3293
430 1255
297 556
297 2713
2445 391
2445 2337
2417 3580
2417 2152
2417 2842
2932 3386
2932 912
2932 961
1564 2633
1564 159
2633 744
2633 672
1297 3311
1297 1820
877 3918
877 2473
3918 3385
3918 3730
2341 718
2341 3892
2186 1329
2186 1434
259 607
259 3873
259 1746
607 326
3108 2887
3108 3178
2762 3752
2762 874
3752 672
3894 3166
3894 1993
1082 2094
1082 1803
66 3595
66 3082
3595 2093
3595 1512
3595 3704
3565 1910
3565 396
512 3123
512 1811
512 2367
512 388
3123 2071
3123 1148
2344 20
2344 127
2344 2587
1255 1833
524 3591
524 67
524 3370
3591 265
3526 2218
462 491
462 1792
228 149
2943 3820
1367 3072
1367 821
3062 391
488 901
488 1397
901 3593
901 1273
901 2742
870 1003
870 2578
1003 3160
114 202
114 3878
114 3138
202 3756
2245 2455
2245 1242
2245 1983
2245 1319
519 2008
519 644
340 3137
340 446
3137 436
3137 2227
696 2018
696 2978
696 2243
696 3962
2018 2639
942 3242
942 110
3242 3018
3242 1944
2235 3253
2235 207
1820 3291
1820 1592
1820 3084
729 1148
729 1426
729 801
1148 3072
719 1894
1894 1882
1894 2678
1894 3214
15 1512
15 526
15 1732
1512 1969
2639 3156
2639 3214
2639 1737
2650 2177
2650 2014
2650 1085
249 3158
2369 3359
2369 160
400 2096
2488 894
1660 2825
1660 1163
1660 1592
1660 3538
1660 121
2825 78
529 3642
529 2414
1098 3219
1189 3176
1189 1642
1189 3517
1189 1184
3176 3048
224 2036
224 641
2036 2907
2036 2167
2036 2034
2162 1774
2162 3900
2162 2760
391 1814
587 1811
587 3610
2997 3500
2997 3577
2997 2947
3500 2699
1199 2371
345 434
345 100
3900 650
3900 3461
3197 2021
2224 2124
3757 1208
3757 2547
3218 653
1151 3411
1444 1414
1444 708
1444 257
2823 3594
2823 2100
2823 3370
1837 751
1837 3977
1751 2175
2175 1617
967 1275
967 302
967 3213
1275 1335
1275 331
1275 2188
2967 1942
2967 3148
3804 3007
3390 1036
2828 2909
2828 1795
2340 2316
2340 2582
2456 3902
2456 1498
2456 2577
2248 2034
2984 3152
2984 3021
1964 3693
1964 310
1964 1746
3693 2709
3693 1182
691 3772
691 3017
691 2194
568 1283
1283 1481
3972 1306
3972 2933
201 3741
201 2857
201 1207
201 3815
3741 3934
1339 2614
3019 2026
1861 3943
1861 3988
1861 2124
687 1348
3511 3175
3511 2664
74 1962
74 2331
74 889
74 3594
208 3215
3106 1459
379 3454
379 2883
3454 2570
3454 2298
1227 3929
3393 1446
3393 1682
2944 2760
3607 3805
3607 2748
3607 443
2802 3649
2229 2957
2229 1154
2957 1063
2957 3105
2188 3828
2188 131
3828 3021
3828 1341
3828 1192
2811 1307
3924 3694
837 2588
837 2324
2588 1328
1841 3231
1841 2642
1063 3098
1316 1641
435 1009
435 3663
435 2847
435 438
1009 2371
1009 3232
1009 693
1009 3270
2329 748
918 3866
918 2608
918 1369
3866 3086
3866 2657
3866 3233
505 206
491 2847
3530 3991
3530 3359
3530 3260
1369 2872
1043 3577
2840 3601
3561 3642
302 2024
302 312
1695 1814
1695 3364
1814 744
1814 2909
3507 1544
3507 3072
3507 1859
3507 2481
1355 309
1355 1655
1184 3959
110 673
673 1799
673 1607
841 1646
841 331
1646 1552
1646 599
1646 219
3028 8
3028 3096
120 3578
120 3934
120 1554
3975 1904
1834 3155
1834 1403
1834 2564
2610 3439
2610 2195
2610 1176
2610 1850
3439 2504
3439 2817
2042 1735
1142 2468
1382 2700
1382 1953
383 1590
383 1370
3267 1680
3267 3765
2132 3292
2717 816
2717 3774
2717 3467
949 3552
949 2851
3954 1240
3954 2985
675 2664
675 1586
1991 1386
1991 2595
1991 1452
1991 3806
408 1603
408 1592
518 1154
518 2619
518 129
1154 3215
3016 3955
3955 3988
3955 3202
1479 3436
1479 3496
2024 1608
2024 716
2384 2695
2384 1498
2384 3288
2384 1284
2695 718
2695 2765
907 1747
439 3715
1792 69
2673 3966
2673 3474
2673 3945
3966 1756
1224 2713
1224 2497
1224 1267
2713 3288
2713 1387
3411 2365
477 3260
2612 1637
235 3138
235 3610
235 3420
3138 2324
3138 1718
2995 1348
100 2684
100 2304
2684 1399
2684 3327
2684 207
2844 2740
2844 3899
2844 1970
3943 331
3943 313
2731 1942
2731 335
2731 1398
1219 3314
2185 49
2185 289
2120 2598
2120 57
2120 3932
2120 3853
2857 3122
2857 168
2857 3579
789 3552
410 2577
1874 1405
1874 2396
3903 3531
3903 620
3903 169
3903 178
3738 3436
3738 3855
2996 2880
2996 2972
2903 2428
2903 1590
3491 3359
3491 3150
3491 1209
399 931
3578 3343
3726 3183
748 2376
748 3293
730 803
730 3175
730 1746
2337 3976
2337 1661
1575 1933
1575 2014
597 3052
3241 422
3241 804
943 2087
943 726
2195 912
3697 50
3697 3522
3697 2133
3806 2895
3806 3270
2538 2720
2538 3011
2720 326
2720 3836
850 3400
850 3160
3400 1051
2510 3219
1434 2899
1434 735
1434 1629
2899 3055
2899 919
2899 3977
2899 3020
1737 3770
2812 3579
257 2869
257 746
50 3516
50 3067
3365 3522
3365 757
3522 718
3522 908
493 121
493 332
3172 3652
3652 1065
2481 3460
2481 936
2481 2947
3436 3773
3344 553
1387 2547
2376 3704
2376 3867
2376 1962
2312 3144
2312 3048
2312 2511
2312 2972
3144 743
1603 3916
1603 2107
1603 2699
3916 3990
3916 3243
2155 3105
2709 1192
2479 2062
2067 1862
2816 1254
2816 3183
2816 1963
1529 2909
1529 2634
403 3195
403 2653
2029 3686
3086 1982
3593 1417
2100 3030
1446 3420
1446 3358
2461 2849
2461 2330
2461 823
2461 3669
2849 2304
2849 3328
2562 873
2562 1696
2562 1228
35 1869
35 2742
35 896
1096 3311
3327 3173
3447 2014
1405 2611
1221 2470
1221 3774
2470 456
526 2875
3613 2220
3613 2026
96 3934
2124 424
2472 1910
2472 3744
2466 3156
2096 57
2619 3116
2619 2686
2619 1481
3020 1381
3020 2497
1285 3724
1414 534
1414 3117
658 2414
1869 3735
1869 3648
1530 3467
1530 3763
3288 2158
3288 1264
3288 2614
884 1972
884 1518
583 1067
583 1482
82 3112
82 555
3112 671
3112 2026
2204 341
725 131
725 3067
685 1577
685 3464
1577 61
1577 3042
855 241
3608 2034
3608 2864
3608 3111
3382 816
3382 629
2578 908
2578 3999
2093 2425
2093 1592
2425 893
2425 2617
2428 2949
2988 3233
2988 2613
2988 2440
1690 771
2053 1165
2053 3781
3784 1208
32 3898
32 2358
3153 3694
3694 2847
187 3831
708 3119
708 2609
708 1242
3119 162
3119 3744
3642 2493
3231 3223
2564 3420
2564 80
1368 2194
3018 58
256 716
256 241
256 2851
716 1113
716 3940
551 1307
551 1977
551 649
1307 1031
69 1499
69 2407
69 1344
1552 2820
1552 3356
1552 169
173 364
1986 1948
1986 1170
2450 3964
2450 1809
2450 1904
743 2416
743 1749
743 1661
1403 3720
3385 1878
3385 1258
230 555
230 247
230 2388
555 1323
1031 6
3926 3467
3926 1342
3926 316
2806 3186
1887 3695
1887 3443
585 2178
3229 3823
3229 1921
3229 3275
3823 2872
1770 193
2056 3902
2056 3995
2056 2388
1207 3723
1207 3879
1207 2275
428 2877
428 1323
61 2026
1400 3799
273 3648
273 2611
1104 826
3211 1326
3211 3213
2311 2662
436 3790
3790 24
3790 2782
974 3763
974 3023
2330 1481
2330 3891
3528 1769
3528 1427
686 3184
686 2469
3184 577
3184 1763
2688 3337
2688 3012
826 2440
2440 180
2440 926
2304 1768
2304 1860
2782 2275
646 1732
646 3625
646 1462
59 2389
59 3836
2389 3520
2389 1176
2170 735
2170 3945
2582 1516
2582 327
2582 3027
3343 3516
3343 3795
1452 1791
1452 3907
1452 2415
1791 2326
1791 3346
3531 3625
3625 1965
3977 332
2136 3686
2136 1257
2136 1335
453 2171
453 1395
453 3115
453 1064
2171 2741
2171 1880
1665 3292
1665 1799
1718 3055
2757 3157
2757 3148
3157 33
3359 957
206 2974
3160 3358
656 1265
656 438
3111 3223
2634 2864
2634 2609
803 806
803 3293
806 1945
1591 171
1591 2537
1591 127
2629 751
2629 1471
3756 3220
3756 3773
3756 1802
3520 1868
310 2226
310 1253
310 3219
2226 3844
1397 1176
1397 3443
247 1819
247 1065
247 693
2414 1756
1541 1801
2798 931
2972 3082
163 2519
163 2985
163 1682
553 887
553 1229
196 1494
1962 2875
1860 2611
1898 3132
1898 2478
1614 3518
3518 965
3518 2976
1819 2166
1819 368
1065 3853
1420 3100
1420 3719
1420 644
2645 2913
2645 3150
556 1615
1482 746
1482 3299
1746 2748
2748 3264
3991 1610
2353 887
2353 1692
1732 1215
2700 2272
2651 353
2651 3795
1560 3820
126 1229
1241 353
1132 2939
2178 3988
2178 1810
965 3472
1833 1335
1833 1076
2512 3166
2512 1797
2512 1282
3166 1105
3763 1749
3763 168
3199 445
3252 3186
3252 1972
3453 335
3453 1641
3070 3113
3070 3395
1306 3995
538 1342
1072 3961
3879 1051
20 78
948 1507
948 3099
2809 180
2809 476
1859 3201
3120 2958
3962 1399
2108 1417
2108 2638
757 1159
3774 1963
3774 434
3774 562
1573 2913
620 1914
957 1671
702 3592
2183 2605
3443 2609
1258 2730
1258 3761
102 1608
102 177
102 3476
1608 2368
1793 1763
1793 2764
2749 1047
1298 3278
1298 2534
3116 862
3116 1514
3116 2566
2199 3356
2199 2537
516 844
844 1934
2107 2674
2107 2478
3868 80
3868 2846
2390 2771
2390 1581
2771 2197
2771 1215
2771 353
2288 3789
890 1756
890 1238
890 1480
890 2843
926 3401
3270 1304
1329 483
2511 862
3038 1099
3038 2374
3038 801
3038 2817
3724 2976
3724 628
3965 2920
3965 268
3517 1868
2883 1977
2883 3151
2883 2368
1599 2213
1599 2152
1599 3175
3640 3115
3640 2628
3091 560
3091 3529
3091 515
1797 1417
2371 663
2740 3243
2740 2279
2374 67
2374 562
33 894
237 2546
237 1769
2546 3012
2546 906
1386 3278
1386 3012
3278 2087
3278 549
3604 1137
2608 781
2608 1769
670 1795
670 127
670 2827
3849 1113
3849 1988
3849 30
1768 3501
1768 2678
1768 3785
3501 2895
1958 2760
1958 549
2882 3192
2882 405
3192 2843
3183 1431
2662 3941
2478 326
1458 3474
80 2087
2606 893
3210 1801
159 3478
2776 823
2776 2869
1558 2446
1558 1067
1558 1868
1884 2227
1963 2240
816 1165
816 64
1165 889
451 515
451 1066
451 1437
451 2543
515 2133
3852 1572
3852 1889
3907 3549
3907 740
3150 177
332 2974
332 313
2969 405
3575 1267
3575 1721
641 2638
2611 1396
2611 2760
2626 3921
2626 2907
2015 1595
1147 1399
1147 746
3293 1024
3322 3695
3322 1494
3072 3291
3291 1914
368 1655
3820 1498
3820 3152
1511 1982
1511 2034
1511 3052
1982 323
2197 1953
2044 3999
1868 1381
30 3113
30 731
3113 3082
3113 3596
444 1935
444 1344
444 1407
1935 3633
3735 312
2764 2158
746 483
906 1471
1471 3219
1471 2765
307 2832
2832 2017
2832 1876
2832 616
912 3233
912 1254
1499 2642
3275 3307
3052 2867
1972 2555
1972 2475
3027 1587
3027 359
213 2537
2537 3538
1478 2493
3649 909
3649 1799
3649 1889
1401 928
1401 2133
1401 923
3872 3899
3872 3460
3356 1498
1762 1572
3536 2519
2741 1720
2741 2678
3559 3755
3559 2627
3755 1914
1939 754
1939 522
3034 909
2727 2370
1586 3115
1904 2460
624 6
624 2014
190 1945
190 649
190 1942
1024 3213
1462 3342
653 2370
653 3730
653 2907
3663 1988
1176 2689
1176 2867
726 3313
3313 3098
3313 3455
3478 2358
3855 278
1282 2569
160 894
160 1806
2437 3115
3115 1933
2532 605
2532 2141
354 97
354 2895
1348 577
1880 1862
1880 1713
168 1692
168 1064
168 299
1692 1642
1076 1803
1076 2227
1803 3264
506 650
3761 2469
2298 3050
3050 425
818 2218
818 1769
818 225
818 2475
549 3225
3225 2110
2493 2243
2493 2627
560 1579
3799 2677
3799 1123
671 1263
1263 2460
1263 1230
1263 426
1518 3023
1518 1483
335 650
650 3601
3401 2176
3401 3156
2202 64
1407 1850
1234 3277
1234 1848
1234 268
3277 3896
1942 1656
1480 1882
1480 3174
2605 2566
3395 1111
3941 2008
3938 270
1934 2331
1934 107
2331 1341
2772 2657
2772 270
1137 1208
1051 2657
1051 3023
3891 878
1191 3997
1794 1943
3476 1607
3476 194
1344 1431
1862 2213
2102 1878
3148 216
3525 1210
3525 2110
2773 2947
771 3715
771 2227
1933 2613
2617 1327
1749 3342
861 3304
861 3011
3364 2827
652 1288
1850 1423
2941 2928
2176 1656
2176 3432
1945 171
3516 2033
2653 3817
2653 2497
3055 909
616 1747
616 2842
3467 2527
3158 2158
3158 3770
3315 703
1531 2065
178 1288
681 180
1113 2415
2439 3324
3081 2094
3899 936
483 1590
577 1507
3988 1257
3958 1115
3958 2991
3958 663
97 862
476 936
38 3328
3301 2071
450 2413
450 2147
450 1897
3011 3253
2686 2
2021 3690
1914 2279
1238 2964
37 323
24 1230
3307 1278
3307 727
1035 2519
1035 1327
1910 3386
2519 193
3085 874
3464 1671
1254 1806
3082 128
1173 1182
162 1342
2561 446
2561 3730
365 3098
365 424
365 2872
3098 182
1092 889
976 3243
976 1326
2721 3896
1228 1720
804 680
1240 1115
1897 703
1763 2279
1554 3592
2022 2869
2022 548
1222 2220
3021 618
330 605
1993 1406
1085 1123
1085 2062
1902 1943
2279 3096
3096 2911
3096 680
1210 3770
1265 2052
1036 1921
1713 2370
3264 347
1607 2958
1514 3825
198 3596
3133 3130
3133 1719
1802 874
1802 2817
3765 3940
182 3324
180 3386
3452 3030
3734 327
1671 2138
2138 727
1507 3223
1581 3669
1828 1370
3220 744
724 388
1181 1932
2052 3232
43 2738
919 1595
1121 2017
1121 3294
2715 3597
3597 1889
1192 1053
3719 1637
3719 1111
1205 3370
3541 2449
3541 1467
618 569
1288 3403
3328 3633
278 2413
278 3690
2469 3099
2469 941
3099 3945
1969 3181
1889 2026
2947 3214
1437 2853
847 1417
847 1047
1661 2765
1328 1160
127 225
3825 3785
3825 569
2847 3214
2579 2817
107 1940
1381 3371
425 3690
425 2396
3921 2877
2492 3424
3012 216
522 961
2468 3898
2468 534
2689 282
1809 2260
1809 2978
1809 316
2976 1655
2627 2706
3999 1284
3424 3215
2407 2033
2486 3831
2486 3819
3745 1115
2017 3342
3704 2152
309 2933
534 2991
534 3169
2991 961
2991 1785
1516 924
3898 268
3898 1160
2140 2473
878 2547
3146 1517
194 3529
1682 3819
2071 3357
727 1398
727 2706
388 3224
2257 565
2257 78
923 601
599 3357
2133 443
2133 2152
2920 3844
3299 1944
998 396
2674 3715
3346 3819
1123 1943
2062 2964
3432 3178
1230 508
3723 751
282 2706
282 601
2370 3896
2260 2569
326 3633
3932 569
364 1832
364 2014
1832 3314
1242 3358
2642 565
2817 3836
2964 1634
3853 693
2699 84
3929 2547
3929 3213
268 3896
3878 1878
3224 2358
2975 2595
601 1370
1970 2534
565 1327
438 2449
2086 2851
2086 1091
424 941
424 548
396 3940
2368 3633
1517 3789
3324 2569
3324 2853
78 3630
3174 3292
3174 3789
2738 219
2358 3309
1785 1353
359 2569
1876 751
564 2851
