3000 7500
310 905
310 1752
310 2844
310 914
310 954
905 1996
905 2535
905 2836
905 1465
1307 1768
1307 778
1307 1127
1307 2255
1307 131
1768 2959
1768 726
1768 1311
1768 570
942 1081
942 712
942 485
942 2566
942 1697
1081 95
1081 2388
1081 1107
1081 2070
164 787
164 857
164 120
164 1674
164 2459
787 113
787 878
787 1553
787 2346
625 1145
625 1560
625 1683
625 2214
625 1451
1145 2153
1145 1495
1145 1668
1145 267
1936 2464
1936 325
1936 2923
1936 2918
1936 111
2464 2632
2464 889
2464 2879
2464 301
1022 2538
1022 1713
1022 1893
1022 669
1022 1305
2538 1319
2538 2481
2538 348
2538 1815
688 1201
688 407
688 1237
688 2341
688 2698
1201 288
1201 2628
1201 1187
1201 1899
682 898
682 940
682 1357
682 2876
682 1712
898 1248
898 1065
898 1647
898 1581
78 1915
78 2225
78 2769
78 235
78 2007
1915 2218
1915 2186
1915 1429
1915 2883
264 910
264 1629
264 2299
264 1235
264 2323
910 879
910 1031
910 636
910 2198
1019 2469
1019 777
1019 2571
1019 1279
1019 1508
2469 1157
2469 265
2469 1399
2469 2421
2218 2793
2218 260
2218 2718
2218 548
2793 2529
2793 761
2793 2825
2793 2813
23 1750
23 482
23 1707
23 1274
23 2659
1750 343
1750 2806
1750 1009
1750 2521
401 1373
401 1616
401 1118
401 2039
401 479
1373 2866
1373 2331
1373 89
1373 1806
2075 2744
2075 1767
2075 1193
2075 2227
2075 2384
2744 390
2744 18
2744 2409
2744 2568
1832 2757
1832 1623
1832 1636
1832 1843
1832 838
2757 800
2757 2559
2757 2619
2757 650
1557 2000
1557 2732
1557 2911
1557 2587
1557 67
2000 212
2000 735
2000 2913
2000 1809
83 690
83 2221
83 2401
83 116
83 1735
690 701
690 2911
690 2086
690 25
615 965
615 2269
615 2659
615 2423
615 1524
965 303
965 2779
965 415
965 1713
962 2995
962 1374
962 2542
962 505
962 1464
2995 2652
2995 2116
2995 2743
2995 2868
807 1135
807 2071
807 885
807 2741
807 6
1135 1350
1135 2774
1135 1628
1135 709
1728 1774
1728 2484
1728 263
1728 2530
1728 693
1774 1050
1774 148
1774 136
1774 532
1352 2655
1352 507
1352 991
1352 295
1352 2596
2655 2536
2655 521
2655 866
2655 2700
416 984
416 2324
416 2315
416 2816
416 1139
984 2829
984 1962
984 877
984 70
1075 1852
1075 1493
1075 1666
1075 1538
1075 499
1852 2214
1852 26
1852 1258
1852 2781
851 912
851 1239
851 610
851 410
851 26
912 2047
912 1596
912 2205
912 445
1066 2823
1066 2937
1066 1190
1066 2245
1066 567
2823 2076
2823 873
2823 86
2823 2183
605 1445
605 503
605 1058
605 2829
605 2700
1445 2669
1445 644
1445 836
1445 1484
1133 1830
1133 2600
1133 1238
1133 2031
1133 147
1830 204
1830 1009
1830 1392
1830 154
890 1843
890 881
890 978
890 1443
890 1481
1843 765
1843 2604
1843 2784
432 2914
432 323
432 2889
432 384
432 532
2914 974
2914 1055
2914 406
2914 2135
1158 2826
1158 469
1158 74
1158 2718
1158 2962
2826 211
2826 927
2826 1632
2826 2216
1087 2357
1087 2351
1087 535
1087 1351
1087 1497
2357 1538
2357 2100
2357 1006
2357 1216
1037 2536
1037 1591
1037 2567
1037 651
1037 67
2536 316
2536 2548
2536 2439
2396 2812
2396 2851
2396 230
2396 2886
2396 1314
2812 1841
2812 946
2812 2956
2812 2693
378 1402
378 2141
378 2656
378 664
378 1719
1402 196
1402 2843
1402 1020
1402 1286
925 1800
925 2701
925 818
925 437
925 1653
1800 1920
1800 1076
1800 2514
1800 2979
434 745
434 2090
434 842
434 1448
434 950
745 2166
745 2588
745 2959
745 2076
546 986
546 1647
546 753
546 627
546 2239
986 638
986 194
986 224
986 2422
1039 2316
1039 364
1039 1542
1039 2389
1039 1654
2316 935
2316 118
2316 1504
2316 2437
267 2739
267 2020
267 463
267 518
2739 2179
2739 684
2739 2754
2739 554
1434 2293
1434 1987
1434 1347
1434 1739
1434 1013
2293 1364
2293 1282
2293 614
2293 733
677 2085
677 2852
677 2049
677 1688
677 988
2085 1720
2085 746
2085 1021
2085 155
1601 2470
1601 169
1601 1136
1601 115
1601 930
2470 1074
2470 2186
2470 1612
2470 2079
117 930
117 1973
117 483
117 2752
117 2794
930 395
930 435
930 2210
1585 1967
1585 1073
1585 217
1585 1948
1585 44
1967 2213
1967 135
1967 510
1967 953
1232 2603
1232 1426
1232 1119
1232 2457
1232 2737
2603 2333
2603 675
2603 1887
2603 1540
10 575
10 1738
10 1639
10 1625
10 448
575 2351
575 1849
575 19
575 153
225 2449
225 1315
225 767
225 635
225 1297
2449 529
2449 1220
2449 383
2449 2313
1758 1895
1758 2349
1758 1623
1758 1778
1758 1032
1895 826
1895 870
1895 2888
1895 853
383 2806
383 1196
383 686
383 1025
2806 2451
2806 1053
2806 2416
1878 1960
1878 2674
1878 1713
1878 796
1878 1858
1960 152
1960 2827
1960 2118
1960 2839
271 2336
271 2633
271 2359
271 2170
271 1043
2336 2764
2336 568
2336 38
2336 1103
436 2403
436 1194
436 2407
436 550
436 2083
2403 2814
2403 2432
2403 42
2403 1055
1394 1618
1394 2641
1394 2467
1394 1763
1394 754
1618 1526
1618 1163
1618 482
1618 583
748 2904
748 1718
748 558
748 2327
748 2861
2904 412
2904 1722
2904 405
2904 1916
292 2395
292 178
292 369
292 360
292 185
2395 2977
2395 2507
2395 1291
2395 1425
2221 13
2221 586
2221 182
2221 1527
518 1395
518 2875
518 620
518 2023
1395 689
1395 1745
1395 1486
1395 2161
1132 2786
1132 147
1132 1901
1132 1164
1132 1561
2786 883
2786 1860
2786 60
2786 284
717 2278
717 889
717 1214
717 628
717 2311
2278 2980
2278 972
2278 1366
2278 2831
1059 1749
1059 19
1059 2215
1059 165
1059 599
1749 2004
1749 2307
1749 1149
1749 2203
1064 2093
1064 477
1064 412
1064 1918
1064 1412
2093 871
2093 602
2093 2456
2093 1725
1487 2196
1487 2992
1487 2526
1487 1602
1487 1638
2196 1964
2196 604
2196 2610
2196 1231
398 2269
398 2442
398 1326
398 1664
398 2206
2269 424
2269 207
2269 423
1344 2147
1344 1695
1344 907
1344 2400
1344 2791
2147 1733
2147 2997
2147 1361
2147 1164
163 2106
163 433
163 1824
163 2455
163 1571
2106 1032
2106 261
2106 143
2106 1476
660 2683
660 2227
660 1881
660 2862
660 2985
2683 2939
2683 806
2683 2092
2683 1941
2542 3000
2542 288
2542 728
2542 2766
3000 509
3000 2503
3000 2910
3000 2984
1435 2908
1435 2646
1435 2564
1435 2247
1435 2807
2908 2630
2908 1409
2908 2151
2908 2911
1752 1070
1752 247
1752 13
1752 1897
752 2622
752 770
752 1070
752 2696
752 110
2622 914
2622 823
2622 2780
2622 105
1472 2682
1472 1694
1472 413
1472 1015
1472 1463
2682 1877
2682 262
2682 2184
2682 2949
577 820
577 1101
577 59
577 1877
577 2424
820 1952
820 1034
820 949
820 663
503 2197
503 1433
503 736
503 2577
1796 2779
1796 562
1796 304
1796 594
1796 31
2779 1167
2779 827
2779 1882
387 2645
387 1633
387 2006
387 1016
387 2721
2645 349
2645 22
2645 1619
2645 1085
1753 1914
1753 1425
1753 1270
1753 1300
1753 1124
1914 2695
1914 2805
1914 62
1914 115
1413 2260
1413 235
1413 2770
1413 698
1413 1097
2260 1906
2260 69
2260 103
2260 2502
1404 2669
1404 1189
1404 394
1404 903
1404 2999
2669 573
2669 1770
2669 2143
617 2289
617 2037
617 1660
617 393
617 2563
2289 2233
2289 2318
2289 2670
2289 1555
701 2926
701 2833
701 2525
701 859
2926 1515
2926 1945
2926 936
2926 1835
281 2340
281 498
281 2706
281 1641
281 1850
2340 116
2340 1415
2340 1375
2340 128
152 1205
152 2594
152 1736
152 1972
1583 1853
1583 2844
1583 2283
1583 2565
1583 118
1853 2732
1853 2548
1853 350
1853 1501
293 2579
293 969
293 2051
293 517
293 1731
2579 1826
2579 1671
2579 311
2579 2945
797 2112
797 2896
797 846
797 528
797 671
2112 2118
2112 2296
2112 102
2112 1580
1189 611
1189 1339
1189 2856
1189 238
440 1057
440 819
440 691
440 1956
440 1630
1057 692
1057 2527
1057 1154
1057 2394
29 2011
29 339
29 684
29 2095
29 1155
2011 332
2011 1207
2011 856
2011 2570
381 1645
381 331
381 1933
381 2417
381 2105
1645 442
1645 936
1645 1924
1645 2063
2339 2546
2339 1043
2339 858
2339 1840
2339 987
2546 17
2546 2029
2546 2851
2546 1681
231 654
231 1582
231 80
231 2659
231 430
654 1403
654 138
654 2630
654 1279
1542 2202
1542 461
1542 517
1542 2850
2202 1917
2202 1912
2202 2569
2202 622
124 2248
124 2737
124 1235
124 2110
124 245
2248 1182
2248 1195
2248 2497
2248 2752
368 2874
368 2988
368 2613
368 1559
368 1018
2874 2604
2874 1137
2874 133
2874 1709
2959 2766
2959 2445
2959 2436
125 672
125 1521
125 1084
125 997
125 118
672 2038
672 2895
672 2831
672 1385
1196 1580
1196 1922
1196 1159
1196 87
1033 1278
1033 1822
1033 2190
1033 2842
1033 2215
1278 2256
1278 988
1278 1029
1278 2845
770 1744
770 1484
770 857
770 1277
1963 2380
1963 2388
1963 1836
1963 2473
1963 24
2380 823
2380 2463
2380 687
2380 1569
1966 2385
1966 245
1966 2435
1966 1061
1966 2586
2385 2143
2385 2003
2385 2818
2385 1152
47 2186
47 2028
47 2756
47 1724
47 706
2186 1524
2186 1262
391 2713
391 1476
391 2695
391 1573
391 2548
2713 638
2713 2521
2713 1640
2713 808
558 2890
558 1302
558 2944
558 1531
2890 833
2890 1519
2890 1803
2890 852
795 2574
795 768
795 452
795 1305
795 487
2574 681
2574 1239
2574 1418
2574 137
655 1776
655 530
655 2184
655 647
655 854
1776 2664
1776 1277
1776 2353
1776 980
1705 1977
1705 40
1705 2815
1705 160
1705 1310
1977 41
1977 2840
1977 1140
1977 1875
838 2126
838 640
838 462
838 2390
2126 1790
2126 2514
2126 1712
2126 2410
1209 2298
1209 2090
1209 367
1209 2696
1209 2068
2298 1270
2298 2666
2298 177
2298 1906
2141 2159
2141 1342
2141 1093
2141 2036
2601 2788
2601 2600
2601 1192
2601 1814
2601 1299
2788 2590
2788 2820
2788 239
2788 1681
1613 2913
1613 1611
1613 1973
1613 2795
1613 767
2913 1571
2913 2591
2913 1058
288 2160
288 1820
288 2726
255 1024
255 1387
255 512
255 2777
255 1812
1024 445
1024 184
1024 1121
1024 279
100 1904
100 397
100 1157
100 2219
100 2399
1904 196
1904 739
1904 1291
1904 2494
1719 2814
1719 1228
1719 1011
1719 875
2814 408
2814 1230
2814 975
258 504
258 129
258 2724
258 1391
258 2365
504 1165
504 1178
504 455
504 317
74 683
74 561
74 2328
74 5
683 468
683 2209
683 1671
683 1723
1631 2701
1631 1896
1631 1246
1631 1499
1631 2090
2701 2539
2701 266
2701 1783
629 2662
629 1643
629 1899
629 1996
629 1979
2662 1463
2662 2909
2662 1668
2662 2211
54 216
54 462
54 1555
54 1559
54 1846
216 343
216 1959
216 1908
216 2636
1848 2406
1848 513
1848 621
1848 2854
1848 213
2406 1173
2406 2989
2406 646
2406 1369
1483 1756
1483 399
1483 2453
1483 1405
1483 1184
1756 93
1756 2875
1756 1140
1756 2268
1567 2393
1567 896
1567 1273
1567 341
1567 2825
2393 2053
2393 2702
2393 824
2393 119
1242 2596
1242 883
1242 584
1242 2690
1242 67
2596 370
2596 1667
2596 1131
976 1659
976 920
976 2705
976 2064
976 1803
1659 2709
1659 1608
1659 107
1659 2906
1817 2046
1817 454
1817 2017
1817 2808
1817 1562
2046 2379
2046 2451
2046 2489
2046 2588
134 855
134 773
134 1888
134 2565
134 44
855 2598
855 2850
855 2148
855 62
2195 2864
2195 491
2195 430
2195 36
2195 1441
2864 2005
2864 1984
2864 2957
2864 2317
2401 2740
2401 1572
2401 1423
2401 363
2740 1835
2740 1345
2740 2967
2740 1001
151 1438
151 1433
151 2656
151 1459
151 2437
1438 2996
1438 482
1438 2827
1438 2022
778 1782
778 1669
778 550
778 316
1736 2471
1736 1283
1736 2129
1736 1510
2471 1047
2471 2167
2471 2368
2471 1312
2047 2858
2047 2855
2047 825
2047 542
2858 1696
2858 2658
2858 2792
2858 2187
1381 2768
1381 2253
1381 1120
1381 1355
1381 2725
2768 2998
2768 513
2768 2008
2768 2423
2308 2404
2308 285
2308 2691
2308 1244
2308 1983
2404 2934
2404 1007
2404 1167
2404 2889
699 2182
699 2052
699 2961
699 1111
699 757
2182 2045
2182 1180
2182 2773
2182 1253
344 1954
344 2575
344 1738
344 2734
344 1931
1954 1430
1954 1707
1954 384
1954 1747
1896 2635
1896 1807
1896 304
1896 1716
2766 2710
2766 723
2766 1499
923 2304
923 1938
923 2896
923 2703
923 1697
2304 1999
2304 431
2304 805
2304 1125
2105 2984
2105 1214
2105 2975
2105 3
2984 2782
2984 2956
2984 2781
1332 2997
1332 2113
1332 1083
1332 2616
1332 1169
2997 1649
2997 1754
2997 206
1387 2759
1387 1964
1387 2921
1387 1023
1368 2425
1368 1813
1368 1492
1368 1002
1368 266
2425 419
2425 896
2425 208
2425 2555
2808 2811
2808 671
2808 2518
2808 2507
2811 1540
2811 2804
2811 1664
2811 179
143 1038
143 718
143 1873
143 1565
1038 2903
1038 2102
1038 868
1038 1015
222 1102
222 1401
222 1511
222 2715
222 1274
1102 1501
1102 2458
1102 1237
1102 51
707 2837
707 853
707 2315
707 2950
707 1467
2837 96
2837 2555
2837 1165
2837 34
242 2966
242 2537
242 92
242 2688
242 1882
2966 2018
2966 486
2966 465
2966 2035
521 2152
521 534
521 2230
521 360
2152 1677
2152 1299
2152 1194
2152 269
283 2738
283 1106
283 800
283 616
283 1900
2738 184
2738 2230
2738 2207
2738 2069
573 1036
573 2048
573 1170
573 620
1036 2193
1036 1953
1036 1876
1036 2616
107 2283
107 2641
107 1697
107 2024
2283 1175
2283 2204
2283 1556
1165 816
1165 2555
1165 884
108 2922
108 536
108 1311
108 809
108 2531
2922 842
2922 2582
2922 1403
2922 858
244 302
244 1711
244 342
244 704
244 1420
302 2432
302 2245
302 837
302 218
796 1044
796 1549
796 2976
796 2639
1044 1720
1044 2907
1044 2199
1044 768
916 1375
916 1267
916 639
916 353
916 610
1375 1525
1375 462
1375 1226
2225 1669
2225 2675
2225 609
2225 741
2134 2466
2134 2162
2134 2175
2134 1828
2134 1100
2466 2078
2466 2194
2466 1673
2466 2350
1501 2617
1501 471
1501 2477
2137 2885
2137 2634
2137 609
2137 2670
2137 2893
2885 1607
2885 1553
2885 2833
2885 749
418 2037
418 2023
418 2073
418 2244
418 1693
2037 1406
2037 2899
2037 2967
2166 1486
2166 2088
2166 1250
2166 599
1377 2608
1377 2727
1377 2513
1377 1648
1377 1255
2608 1437
2608 511
2608 2429
2608 1691
1267 2050
1267 2009
1267 969
1267 1884
692 2505
692 1459
692 611
692 2472
2505 1350
2505 596
2505 2827
2505 2386
205 1929
205 1799
205 1265
205 2327
205 2181
1929 2429
1929 2640
1929 1105
1929 739
590 2265
590 1581
590 809
590 427
590 2516
2265 453
2265 2386
2265 2213
2265 2239
712 323
712 2957
712 227
712 749
366 2520
366 1500
366 856
366 18
366 2448
2520 1532
2520 762
2520 901
2520 772
2038 14
2038 981
2038 338
2038 2322
1687 2541
1687 637
1687 162
1687 1610
1687 711
2541 431
2541 2725
2541 735
2541 2129
500 1288
500 2405
500 594
500 106
500 922
1288 2525
1288 1177
1288 211
1288 2359
2063 2828
2063 2429
2063 606
2063 274
2828 878
2828 1328
2828 2080
2828 1653
2849 2983
2849 2761
2849 609
2849 1578
2849 467
2983 1325
2983 1535
2983 1940
2983 1518
1178 628
1178 1126
1178 212
1178 570
667 2633
667 1805
667 1537
667 1046
667 1710
2633 269
2633 1268
2633 2884
1114 1861
1114 2337
1114 1274
1114 785
1114 1186
1861 2219
1861 908
1861 2762
1861 1190
405 1401
405 956
405 2543
405 1233
1401 2897
1401 2138
1401 1271
1795 2488
1795 2799
1795 1731
1795 1598
1795 515
2488 764
2488 1649
2488 1986
2488 1791
2430 2770
2430 1599
2430 1139
2430 2972
2430 754
2770 470
2770 1513
2770 1336
346 1989
346 944
346 2230
346 37
346 2707
1989 2912
1989 1545
1989 2681
1989 460
831 2741
831 2668
831 836
831 184
831 72
2741 1271
2741 586
2741 352
371 2985
371 2006
371 989
371 5
371 714
2985 2830
2985 447
2985 90
1004 2632
1004 2925
1004 1198
1004 1597
1004 1838
2632 1149
2632 2566
2632 593
774 1160
774 1032
774 2896
774 2467
774 2326
1160 536
1160 1730
1160 2635
1160 415
2098 2418
2098 435
2098 1530
2098 2969
2098 936
2418 487
2418 2191
2418 322
2418 864
919 1743
919 458
919 1000
919 2775
919 2712
1743 1358
1743 901
1743 944
1743 1213
1872 2600
1872 2699
1872 2712
1872 1390
1872 39
2600 2919
2600 2079
325 775
325 2873
325 816
325 1582
775 106
775 1094
775 1588
775 2605
698 1286
698 848
698 1509
698 571
1286 2241
1286 2366
1286 1236
1058 1945
1058 2822
1058 1522
1240 1340
1240 720
1240 1874
1240 664
1240 2819
1340 2661
1340 2156
1340 1684
1340 2240
581 2687
581 1252
581 738
581 2592
581 2065
2687 829
2687 1362
2687 583
2687 2071
1214 759
1214 423
1214 794
336 1836
336 2379
336 1206
336 291
336 2448
1836 2953
1836 330
1836 1791
530 716
530 2276
530 2337
530 374
1106 1754
1106 1367
1106 433
1106 1592
1754 490
1754 1547
1754 1282
443 1935
443 2412
443 1172
443 911
443 403
1935 2180
1935 1049
1935 34
1935 2081
2027 2070
2027 478
2027 964
2027 653
2027 1877
2070 272
2070 788
2070 2879
535 2167
535 567
535 1028
535 2733
2167 2002
2167 1688
2167 792
96 1073
96 2617
96 1291
96 89
1073 337
1073 1640
1073 1624
696 2758
696 14
696 2562
696 2483
696 1063
2758 1953
2758 914
2758 2405
2758 1588
1811 2216
1811 1884
1811 572
1811 404
1811 1928
2216 2434
2216 84
2216 1408
128 1779
128 411
128 1297
128 2361
1779 769
1779 821
1779 1626
1779 1842
1581 241
1581 2059
1581 353
1440 2919
1440 170
1440 1179
1440 2883
1440 553
2919 1268
2919 946
2919 928
1646 2499
1646 570
1646 2573
1646 2792
1646 2595
2499 874
2499 1283
2499 847
2499 254
2525 452
2525 52
2525 2899
238 1772
238 2258
238 981
238 2162
1772 1330
1772 2305
1772 2835
1772 473
935 2932
935 1456
935 2397
935 1770
2932 465
2932 781
2932 1001
2932 1715
2721 2787
2721 2767
2721 1858
2721 2356
2787 706
2787 1295
2787 2916
2787 802
1184 1421
1184 2377
1184 2748
1184 1619
1421 1518
1421 491
1421 1545
1421 869
1317 2970
1317 1586
1317 1460
1317 719
1317 834
2970 2151
2970 2728
2970 1369
2970 2455
147 297
147 1815
147 2
21 1959
21 2445
21 1744
21 1251
21 72
1959 1226
1959 1950
1959 454
1737 2509
1737 596
1737 2115
1737 2277
1737 361
2509 2201
2509 177
2509 220
2509 2978
547 2419
547 479
547 1417
547 2554
547 1920
2419 215
2419 475
2419 30
2419 564
1311 1354
1311 1675
1311 802
1354 199
1354 1408
1354 2756
1354 1293
843 1249
843 1990
843 1055
843 1912
843 633
1249 2119
1249 2545
1249 1801
1249 2343
2537 2314
2537 2968
2537 1671
2537 1253
2148 2494
2148 1503
2148 2346
2148 1731
2494 499
2494 2477
2494 1901
1747 2150
1747 2710
1747 2151
1747 1765
2150 1699
2150 2261
2150 1367
2150 2712
938 2240
938 459
938 2734
938 2107
938 592
2240 1643
2240 1837
2240 1043
735 1423
735 2083
735 1831
1423 1656
1423 402
1423 458
1941 2689
1941 1228
1941 2839
1941 257
2689 2999
2689 1202
2689 236
2689 2847
2068 2730
2068 1363
2068 476
2068 653
2730 1450
2730 2463
2730 1350
2730 226
602 2062
602 501
602 2973
602 2276
2062 1204
2062 589
2062 1266
2062 1827
323 1712
323 1816
323 944
1696 1847
1696 2817
1696 813
1696 956
1572 2297
1572 349
1572 1636
1572 566
2297 595
2297 2511
2297 1269
2297 1227
1666 1932
1666 1042
1666 953
1666 243
1932 1511
1932 2235
1932 2901
1932 1330
836 2643
836 1944
836 2500
2643 1186
2643 1130
2643 783
2643 1243
69 2501
69 261
69 2322
69 1153
2501 1669
2501 407
2501 1379
2501 2282
1280 2125
1280 512
1280 2222
1280 2705
1280 2086
2125 549
2125 2508
2125 691
2125 1526
1409 1781
1409 943
1409 314
1409 689
1781 1287
1781 1560
1781 609
1781 40
870 1998
870 2805
870 960
870 2625
1998 1281
1998 2854
1998 2399
1998 178
1376 1604
1376 1584
1376 1457
1376 144
1376 88
1604 1556
1604 2614
1604 2361
1604 552
42 1321
42 2611
42 2936
42 538
1321 1109
1321 1092
1321 2618
1321 1042
505 1082
505 1005
505 2049
505 729
1082 365
1082 2379
1082 1489
1082 45
2641 1485
2641 474
2641 2675
647 1431
647 1312
647 1809
647 1551
1431 394
1431 1224
1431 1702
1431 2679
2073 2700
2073 713
2073 2479
2073 233
2700 2391
2700 422
1310 2943
1310 933
1310 296
1310 460
2943 2170
2943 517
2943 149
2943 1122
1492 1937
1492 1069
1492 1700
1492 1582
1937 2102
1937 2649
1937 2567
1937 1847
1239 2474
1239 228
1239 2512
2474 1870
2474 2900
2474 2160
2474 2921
437 2789
437 928
437 1648
437 1384
2789 2417
2789 1294
2789 1225
2789 1308
261 2792
261 1619
261 1742
2792 1665
2792 248
1849 2174
1849 364
1849 127
1849 2597
2174 570
2174 2733
2174 1256
2174 1244
1476 2831
1476 2684
1476 2676
2831 2903
2831 422
768 1703
768 771
768 2341
2759 2947
2759 985
2759 494
2759 369
1177 2949
1177 645
1177 1069
1177 465
2949 1636
2949 2954
2949 2515
1294 2302
1294 1369
1294 2602
1294 884
2302 2320
2302 2927
2302 2857
2302 2859
179 2386
179 2711
179 1879
179 12
2386 642
2386 1505
2617 926
2617 2628
2617 113
1789 2244
1789 1517
1789 2025
1789 2614
1789 991
2244 2761
2244 1909
2244 2665
342 1855
342 974
342 2203
342 2178
1855 668
1855 2131
1855 419
1855 330
1228 645
1228 2666
1228 2345
966 1948
966 2136
966 315
966 138
966 1782
1948 496
1948 2566
1948 111
1054 2586
1054 1701
1054 1323
1054 119
1054 2591
2586 426
2586 273
2586 2042
519 1259
519 2084
519 58
519 2013
519 2307
1259 1124
1259 236
1259 419
1259 2711
307 814
307 2050
307 1970
307 2231
307 2751
814 2192
814 45
814 740
814 1292
300 1858
300 1335
300 2452
300 1143
300 2745
1858 2807
1858 1479
1654 2056
1654 670
1654 399
1654 2583
2056 2559
2056 2663
2056 1153
2056 1319
193 1732
193 1813
193 1419
193 158
193 633
1732 340
1732 217
1732 2359
1732 308
153 2333
153 2698
153 740
153 913
2333 278
2333 1715
2333 279
723 1668
723 878
723 1113
723 2387
1668 2311
1668 1672
90 1755
90 744
90 1925
90 1162
1755 865
1755 1880
1755 347
1755 1626
5 1388
5 1266
5 2251
1388 109
1388 946
1388 2756
1388 2813
375 2153
375 2815
375 1885
375 2127
375 2558
2153 254
2153 2329
2153 2256
1615 2249
1615 419
1615 724
1615 1890
1615 2498
2249 1961
2249 2843
2249 2321
2249 1197
2451 2750
2451 2109
2451 232
2750 2219
2750 740
2750 728
2750 1224
663 2031
663 239
663 644
663 2123
2031 19
2031 410
2031 1684
446 1804
446 2347
446 773
446 1883
446 2284
1804 2991
1804 2920
1804 1079
1804 1678
2934 2009
2934 1147
2934 2318
2934 1287
793 1094
793 2270
793 2503
793 2606
793 121
1094 2480
1094 1945
1094 1799
2665 2975
2665 133
2665 45
2665 652
2975 1869
2975 2964
2975 2534
414 2495
414 2866
414 1621
414 1992
414 2559
2495 706
2495 1475
2495 409
2495 1958
679 1746
679 2111
679 945
679 1000
679 665
1746 1076
1746 1546
1746 2214
1746 1047
493 1098
493 1139
493 628
493 937
493 545
1098 825
1098 2130
1098 2666
1098 2646
197 2268
197 759
197 1309
197 2164
197 233
2268 201
2268 1845
2268 309
411 1260
411 1970
411 1662
411 1088
2667 2755
2667 2981
2667 295
2667 1589
2667 1900
2755 2043
2755 2486
2755 839
2755 975
1648 2776
1648 2022
1648 2376
2776 38
2776 817
2776 1284
2776 603
1526 55
1526 2384
1526 2428
758 1517
758 1927
758 1353
758 104
758 1591
1517 1694
1517 1721
1517 1530
329 2801
329 2631
329 2496
329 943
329 2591
2801 2426
2801 845
2801 818
2801 1685
670 2865
670 2928
670 847
670 1210
2865 2197
2865 2121
2865 853
2865 1148
2219 2887
2219 924
409 2272
409 1588
409 2957
409 1597
2272 2025
2272 2952
2272 1797
2272 1484
706 1862
706 1371
14 1034
14 2824
14 2023
212 940
212 2484
212 168
940 791
940 2362
940 1933
480 1923
480 1553
480 282
480 63
480 1333
1923 2834
1923 908
1923 2629
1923 156
1605 2069
1605 1236
1605 1175
1605 362
1605 1357
2069 2526
2069 494
2069 2638
1283 2018
1283 35
1283 2295
2018 2447
2018 248
2018 2660
2190 2722
2190 926
2190 1159
2190 155
2722 1782
2722 2058
2722 347
2722 2421
1829 2945
1829 2259
1829 1824
1829 1163
1829 850
2945 2916
2945 813
2945 2893
1400 2539
1400 1498
1400 684
1400 2024
1400 526
2539 1014
2539 1577
2539 2839
803 2320
803 2797
803 990
803 373
803 2465
2320 1564
2320 708
2320 87
92 834
92 2688
92 195
92 2224
1456 2476
1456 1452
1456 2021
1456 1282
1358 2313
1358 1809
1358 1909
1358 2637
2313 551
2313 1695
2313 392
1002 1217
1002 626
1002 1104
1002 906
1217 958
1217 871
1217 1124
1217 1783
1349 2493
1349 2329
1349 1205
1349 1999
1349 2986
2493 2751
2493 2529
2493 2942
2493 294
2782 2078
2782 2217
2782 209
2782 1099
459 1124
459 2514
459 1025
459 2694
431 1630
431 531
431 1692
1630 2193
1630 333
1630 961
448 1045
448 1965
448 2559
448 2072
1045 2483
1045 2353
1045 1905
1045 958
1065 1916
1065 2531
1065 1466
1065 2111
1916 1821
1916 1247
1916 1333
7 548
7 2139
7 2616
7 1933
7 1994
548 640
548 1926
548 2715
87 2234
87 1611
87 2598
2234 2980
2234 1295
2234 2262
2234 1794
1276 1870
1276 1993
1276 704
1276 1000
1276 2163
1870 2408
1870 1101
1870 1254
2050 1531
2050 1930
2050 1884
200 1882
200 1496
200 487
200 1274
200 950
1882 2325
1882 1313
408 2618
408 517
408 156
408 413
93 1139
93 393
93 2765
93 2443
50 891
50 2734
50 1123
50 2452
50 2016
891 2246
891 1586
891 1016
891 1565
215 734
215 1281
215 25
215 580
2652 2711
2652 417
2652 766
2652 2433
1144 2855
1144 1523
1144 2381
1144 2007
1144 782
2855 2475
2855 2830
2855 1447
101 2290
101 1905
101 424
101 2809
101 810
2290 1839
2290 1957
2290 2185
2290 1711
1582 858
1582 934
883 2584
883 674
883 2933
1650 1909
1650 235
1650 285
1650 884
1650 103
1909 2728
1909 2817
119 2832
119 2871
119 194
2832 337
2832 2096
2832 2267
2832 154
468 2986
468 1234
468 1893
468 2012
2986 60
2986 324
2986 46
1798 2561
1798 420
1798 788
1798 733
1798 1893
2561 620
2561 512
2561 1988
2561 137
1588 1851
1588 1343
961 2101
961 1412
961 372
961 360
2101 900
2101 1383
2101 979
2101 77
1797 2373
1797 1873
1797 2279
1797 2387
2373 287
2373 769
2373 2611
2373 949
2130 2253
2130 1533
2130 1520
2130 2819
2253 630
2253 1154
2253 2007
129 473
129 343
129 2802
129 765
1285 2161
1285 1188
1285 2830
1285 1901
1285 219
2161 175
2161 2057
2161 2519
2006 750
2006 1930
2006 190
2664 1803
2664 112
2664 1223
2664 1262
1927 2567
1927 2681
1927 2842
1927 977
2567 2021
2567 776
867 1126
867 1007
867 1573
867 1441
867 354
1126 635
1126 1890
1126 1324
860 2170
860 644
860 908
860 2550
860 332
2170 817
2170 1850
1949 2097
1949 2019
1949 1068
1949 360
1949 2353
2097 2729
2097 1575
2097 162
2097 1265
192 1711
192 479
192 1470
192 1947
192 2367
1711 1222
1711 94
217 492
217 1136
217 874
492 2276
492 135
492 1399
492 1579
1260 588
1260 208
1260 2003
1260 1235
132 1845
132 1642
132 896
132 2884
132 992
1845 763
1845 1568
1845 1969
839 2232
839 1837
839 2870
839 2301
2232 1313
2232 2675
2232 1695
2232 1766
1441 2566
1441 835
1441 1040
2566 1338
1656 2454
1656 844
1656 466
1656 520
2454 1086
2454 1806
2454 2001
2454 337
1611 2977
1611 1115
1611 1761
2977 115
2977 2527
2977 275
1702 2341
1702 445
1702 2193
1702 729
2341 626
2341 527
1600 2559
1600 1614
1600 1873
1600 1115
1600 911
509 666
509 2990
509 1840
509 1474
2529 120
2529 475
2529 1464
567 2941
567 2368
567 800
2941 2128
2941 2614
2941 2599
2941 17
2159 1424
2159 1104
2159 16
2159 970
2484 332
2484 2057
2484 1917
635 1791
635 1576
635 1320
497 2882
497 2329
497 1195
497 1854
497 932
2882 1924
2882 2528
2882 895
2882 1969
953 1701
953 2718
953 2626
1701 2080
1701 560
1701 2246
1514 1997
1514 274
1514 1735
1514 2649
1514 1846
1997 475
1997 2460
1997 1016
1997 1886
161 1206
161 1569
161 2002
161 2569
161 1570
1206 570
1206 148
1206 2944
338 2071
338 1710
338 278
338 1255
2071 1889
2071 1551
52 1219
52 959
52 1315
52 2699
1219 2049
1219 1416
1219 2155
1219 1950
170 1695
170 2128
170 2413
170 732
1330 2242
1330 327
1330 2850
638 1968
638 88
638 2556
568 2654
568 2456
568 2197
568 2676
2654 2719
2654 2485
2654 2370
2654 2009
1516 2164
1516 2026
1516 1181
1516 2128
1516 624
2164 2323
2164 1999
2164 2263
2467 1422
2467 2291
2467 685
2051 2508
2051 1950
2051 1069
2051 112
2508 1318
2508 1673
2508 66
834 1312
834 619
834 1762
1312 760
1312 2491
328 457
328 1662
328 2590
328 123
328 2002
457 937
457 400
457 973
457 2334
1802 2935
1802 331
1802 1072
1802 506
1802 1415
2935 106
2935 713
2935 2049
2935 825
1987 1315
1987 1911
1987 2522
1987 2377
61 1510
61 2693
61 2363
61 1371
61 1773
1510 1322
1510 253
1510 2605
1325 2061
1325 1979
1325 66
1325 1831
1134 1200
1134 234
1134 1110
1134 62
1134 2510
1200 2780
1200 628
1200 126
1200 260
382 2090
382 2160
382 2830
382 1591
382 1844
2090 783
551 400
551 2888
551 2573
551 1704
1337 2993
1337 290
1337 301
1337 2958
1337 2086
2993 1078
2993 653
2993 642
2993 1502
1447 2599
1447 979
1447 641
1447 1166
2599 2261
2599 967
2599 65
1569 1345
1569 11
1569 1698
424 2208
424 1103
424 1241
2208 522
2208 2280
2208 2405
2208 1213
2201 2211
2201 2629
2201 2250
2201 947
857 897
857 2004
857 2360
406 619
406 2110
406 1968
406 2969
619 1096
619 2365
619 2291
265 643
265 2902
265 1353
265 1907
643 978
643 2365
643 2433
643 988
1155 1380
1155 2121
1155 1185
1155 253
1380 819
1380 1899
1380 2154
1380 2756
410 1263
410 2910
410 2699
1263 2452
1263 1838
1263 2250
1263 2295
520 869
520 1561
520 2354
520 2475
869 537
869 2241
869 2472
871 1621
871 2145
871 1318
1621 782
1621 1926
1621 2640
1411 2016
1411 1934
1411 563
1411 630
1411 2084
2016 2400
2016 438
2016 2552
2246 2753
2246 1847
2246 2636
2104 2468
2104 172
2104 840
2104 2424
2104 661
2468 597
2468 1378
2468 1864
2468 165
1695 1984
956 2375
956 2334
956 1348
2375 2080
2375 2644
2375 2115
2375 711
2428 2528
2428 1868
2428 1362
2428 830
2528 732
2528 404
2528 2891
853 333
853 1414
1827 2833
1827 1898
1827 1913
1827 1191
2833 626
2833 708
1985 2224
1985 2953
1985 627
1985 656
1985 1553
2224 1410
2224 2408
2224 1566
1697 2989
1697 1335
2989 2030
2989 2194
2989 1315
2083 2089
2083 915
2083 1148
926 1614
926 2342
926 964
566 2799
566 1182
566 1495
566 2223
2799 49
2799 2680
2799 2899
1562 2306
1562 996
1562 713
1562 1226
2306 1273
2306 1880
2306 2453
2306 361
2939 1013
2939 2717
2939 2431
2939 218
993 1331
993 1678
993 22
993 664
993 805
1331 2540
1331 2764
1331 593
1331 340
1464 2902
1464 1318
1464 308
2902 43
2902 2066
2902 725
168 171
168 38
168 934
168 2723
171 1955
171 2894
171 1715
171 1662
1521 1850
1521 1788
1521 367
1521 1444
1128 2953
1128 2998
1128 921
1128 2881
1128 2803
2953 1452
2953 2783
606 1336
606 234
606 1793
606 2887
1336 2895
1336 1539
1336 55
379 879
379 1179
379 2281
379 2623
379 1327
879 1759
879 2612
879 1183
680 2039
680 2151
680 1900
680 102
680 1816
2039 1593
2039 1740
2039 2087
51 525
51 1787
51 997
51 236
525 1520
525 1207
525 2128
525 1241
1109 1627
1109 2968
1109 1320
1109 1905
1627 226
1627 827
1627 2370
1627 700
1814 2877
1814 206
1814 1792
1814 2259
2877 924
2877 2745
2877 2709
2877 2736
515 1154
515 1384
515 2059
515 2676
1154 512
1154 2703
145 2109
145 2165
145 2589
145 1226
145 1030
2109 604
2109 183
2109 2146
1168 2207
1168 2077
1168 980
1168 2327
1168 584
2207 2251
2207 980
2207 2572
1185 1393
1185 2052
1185 1305
1185 582
1393 2065
1393 1363
1393 2905
1393 1335
311 600
311 897
311 2477
311 932
600 812
600 893
600 1543
600 204
2432 2697
2432 2731
2432 2276
2697 2515
2697 1766
2697 1007
2697 2813
149 1999
149 2355
149 2842
149 798
1999 2096
818 2094
818 578
818 897
2094 2132
2094 363
2094 806
2094 1238
1599 744
1599 1063
1599 1392
1599 2193
864 1981
864 2765
864 295
864 1139
1981 2753
1981 2742
1981 2790
1981 2979
1813 2374
1813 1942
1813 1180
454 1123
454 349
454 81
2052 2412
2052 2422
2052 1422
2412 1506
2412 1679
2412 1348
2235 2762
2235 1892
2235 2937
2235 2897
2762 1427
2762 1156
2762 2663
172 2220
172 2206
172 779
172 2921
1965 2672
1965 2024
1965 2257
1965 2783
2672 1640
2672 2199
2672 1919
2672 900
1594 2436
1594 613
1594 2378
1594 2045
1594 262
2436 1143
2436 218
2436 485
2947 458
2947 2670
2947 2848
2947 1072
944 274
944 2402
960 2564
960 2191
960 997
960 2140
2564 1365
2564 314
2564 2117
475 241
475 1760
1850 2427
1850 2767
1910 2305
1910 2019
1910 28
1910 661
1910 897
2305 716
2305 2676
2305 2263
211 979
211 1379
211 1419
613 2506
613 1366
613 1018
613 48
479 2456
479 2521
496 2912
496 2572
496 2868
496 1018
781 2575
781 2797
781 157
781 928
2575 1541
2575 1563
2575 1570
630 716
630 616
630 2694
716 1552
716 1026
2228 2735
2228 730
2228 280
2228 991
2228 430
2735 2588
2735 734
2735 1008
2735 254
903 2043
903 833
903 397
903 1056
2043 469
2043 2674
2043 2287
1775 1972
1775 2452
1775 1208
1775 2609
1775 990
1972 2724
1972 2281
1972 1085
1042 2121
1042 2356
1042 540
2121 1367
2121 2720
1408 2444
1408 1945
1408 731
2444 2439
2444 2433
2444 1608
2444 2761
1315 1957
2875 1190
2875 2485
2875 376
1918 2960
1918 367
1918 2708
1918 1674
2960 1306
2960 392
2960 2906
2960 2077
2805 537
2805 2346
2805 1825
746 2473
746 1917
746 45
746 2064
2473 1006
2473 902
2473 2544
1424 2154
1424 2863
1424 121
1424 122
1410 1251
1410 1050
1410 1471
1410 1130
876 1536
876 1670
876 967
876 2676
876 2353
1536 1121
1536 1725
1536 313
1536 1078
1364 526
1364 1885
1364 1503
1364 664
813 1187
813 514
813 2263
1187 1443
1187 931
1187 1211
1931 2111
1931 2004
1931 277
1931 2438
2111 2044
2111 884
296 668
296 2204
296 1218
296 862
668 1220
668 1083
668 2937
628 1979
150 385
150 829
150 321
150 749
150 1246
385 297
385 2727
385 1251
385 2795
1586 2342
1586 488
1586 1222
2342 2638
2342 2974
2342 2547
694 2929
694 1459
694 1867
694 2337
694 1171
2929 1548
2929 555
2929 372
2929 2394
811 1299
811 731
811 1027
811 2860
811 937
1299 286
1299 1437
155 1897
155 260
155 557
1897 447
1897 1450
1897 1103
15 1099
15 2944
15 1477
15 1951
15 1524
1099 2870
1099 1111
1099 1405
162 2021
162 1271
162 915
2021 250
2021 2942
2870 2055
2870 1635
2870 545
1493 776
1493 1925
1493 511
1493 1329
251 2251
251 1051
251 2262
251 911
251 471
2251 2589
2251 1785
2267 2797
2267 278
2267 1255
2267 393
2797 1152
2797 316
1639 2181
1639 747
1639 2532
1639 2158
2181 2279
2181 428
2181 28
1670 862
1670 2954
1670 183
1670 369
1686 2936
1686 1246
1686 695
1686 1117
1686 1734
2936 2515
2936 1208
2936 678
922 2540
922 1323
922 951
922 539
2540 2771
2540 2952
2540 1661
158 1390
158 2067
158 2780
158 2331
1390 1212
1390 359
1390 1491
1111 1244
1111 718
1111 2405
1244 1786
1244 1379
1884 396
1884 2300
1541 2060
1541 64
1541 1161
1541 2853
2060 2710
2060 2703
2060 2951
2060 1468
2992 2458
2992 1607
2992 1723
2992 1181
1612 1940
1612 476
1612 384
1612 659
1940 917
1940 2332
1940 56
39 1146
39 1823
39 1623
39 1537
1146 1993
1146 2245
1146 538
1146 1314
2255 2800
2255 2165
2255 1382
2255 203
2800 317
2800 1473
2800 2711
2800 822
469 2716
469 1563
469 689
2716 767
2716 1603
2716 564
2716 2760
801 1203
801 1433
801 2343
801 981
801 2892
1203 2847
1203 2895
1203 233
1203 228
596 2863
596 1257
596 2572
1426 913
1426 1714
1426 458
1426 254
1151 1730
1151 2647
1151 49
1151 60
1151 1251
1730 882
1730 1533
1730 899
848 2483
848 2261
848 1017
848 2055
2483 1742
2483 2417
892 1735
892 1548
892 1803
892 1968
892 1010
1735 2796
1735 1253
1826 268
1826 356
1826 927
1826 241
2445 2014
2445 1180
2445 1766
2118 207
2118 1323
2118 9
76 2088
76 1958
76 1759
76 2558
76 875
2088 460
2088 175
2088 1575
1607 1086
1607 2187
1607 1480
201 1093
201 1699
201 1250
201 2965
19 1793
19 220
545 2795
545 2323
545 1634
2795 417
2795 499
1142 2556
1142 720
1142 2628
1142 1273
1142 2117
2556 435
2556 2998
2556 1729
1786 757
1786 1603
1786 2480
1786 144
514 2435
514 583
514 2860
514 1030
2435 1370
2435 2169
2435 2443
2389 2813
2389 1538
2389 2631
2389 805
2813 2533
1105 1856
1105 2314
1105 2685
1105 1763
1856 2708
1856 1718
1856 2894
1856 2704
2347 2816
2347 1500
2347 2899
2347 708
2816 1951
2816 195
2816 1418
1951 1717
1951 2976
1951 304
1480 2965
1480 2990
1480 710
1480 268
2965 2381
2965 1008
2965 1637
1624 2421
1624 2988
1624 1088
1624 2287
2421 99
2421 1647
435 1634
435 1455
634 1453
634 2301
634 103
634 1620
634 1481
1453 1429
1453 1077
1453 182
1453 2370
241 2453
241 1355
1691 2367
1691 740
1691 987
1691 2402
2367 2783
2367 2901
2367 943
1080 2967
1080 278
1080 2704
1080 1072
1080 1688
2967 120
2967 1652
445 743
445 421
527 2266
527 2142
527 1029
527 1502
2266 206
2266 1092
2266 1116
2266 2533
55 995
55 541
55 939
995 751
995 1250
995 2388
995 187
331 2215
331 1722
331 1458
1706 2611
1706 2274
1706 203
1706 2680
1706 572
2611 616
2611 1865
415 2964
415 1212
415 243
2964 2089
2964 676
2964 221
1635 1913
1635 1519
1635 1296
1635 2354
1913 639
1913 2415
1913 2344
2698 2446
2698 2157
2698 2630
1969 2203
1969 1539
1969 263
2203 2296
2203 1553
1437 1726
1437 1577
1437 809
536 1745
536 1685
536 1363
190 2472
190 38
190 2610
190 931
2472 2072
2472 762
195 921
195 1838
195 1721
720 2328
720 235
720 2656
334 1699
334 1866
334 2886
334 1828
334 1020
1699 516
1699 2411
57 896
57 886
57 1108
57 1968
57 36
896 6
981 1281
981 1885
1281 160
1281 2479
471 1179
471 994
471 856
1179 1316
1179 1500
583 2639
583 2857
2405 971
1990 2790
1990 954
1990 744
1990 872
819 2171
819 1543
819 2802
897 1871
1677 1210
1677 1589
1677 2854
1677 2717
644 2275
644 30
2275 1528
2275 1818
2275 1587
2275 2903
878 939
878 177
1993 1494
1993 1793
1993 1584
1710 226
1710 640
1710 1053
109 426
109 2942
109 94
109 1041
426 2286
426 24
426 2064
2110 2271
2110 676
2110 1986
53 2480
53 1287
53 789
53 1738
53 2613
2480 491
2480 1946
1007 2634
1007 180
1164 2691
1164 513
1164 2747
2691 2578
2691 2615
2691 2841
167 2996
167 1266
167 2178
167 1718
167 2581
2996 1357
2996 1504
2996 1495
1005 1684
1005 1971
1005 2199
1005 2273
666 18
666 2448
666 374
666 888
859 2176
859 1119
859 1973
859 472
2176 2362
2176 2678
2176 2414
2176 229
740 1595
477 186
477 1976
477 2961
477 597
198 1383
198 2924
198 1362
198 250
198 2312
1383 2061
1383 1777
1383 730
726 332
726 2479
726 1113
726 173
213 1957
213 223
213 59
213 2376
1957 1463
1957 1489
113 2318
113 1175
113 1425
75 266
75 1181
75 1246
75 2200
75 97
266 491
266 2327
340 2948
340 1238
340 1748
465 1675
465 2591
1471 1629
1471 1578
1471 1665
1471 412
1629 2209
1629 2398
1629 989
616 849
616 1297
849 1978
849 13
849 1780
849 2492
2102 788
2102 2345
2102 1757
1486 364
1486 1444
1486 2580
1403 2397
1403 388
1403 2462
2397 320
2397 764
2397 183
2291 2859
2291 330
2291 43
2859 1540
2859 1632
2859 2230
64 317
64 2780
64 1733
64 2916
2295 2978
2295 639
2295 403
2978 352
2978 1334
2978 1729
2002 2830
2002 2343
2179 1546
2179 2522
2179 148
2179 945
245 597
245 1994
245 2007
1716 2749
1716 1230
1716 963
1716 1384
2749 2679
2749 1245
2749 2
2749 2026
1548 1499
1548 319
1548 1048
1076 1894
1076 12
1076 1603
1894 2950
1894 1163
1894 97
1894 2041
2252 2500
2252 1502
2252 1297
2252 1148
2252 587
2500 1773
2500 2212
2500 2026
1559 1984
1559 2880
1559 2809
1984 1392
1984 1616
1127 304
1127 1742
1127 863
1127 2648
2658 1642
2658 627
2658 82
2658 2954
41 2846
41 1365
41 2014
41 1140
2846 2066
2846 1505
2846 284
2846 830
388 1907
388 140
388 2131
388 989
1907 1035
1907 135
1907 1277
458 335
1277 2057
1277 714
2634 1092
2634 1222
2634 84
1049 2821
1049 157
1049 1866
1049 206
2821 256
2821 1657
2821 2044
2821 2285
419 196
1226 2463
1657 2411
1657 1017
1657 715
1657 1012
2411 681
2411 2188
2411 618
1662 2526
1662 456
2526 817
2526 844
1304 2818
1304 1685
1304 2553
1304 1301
1304 1027
2818 2245
2818 1444
2818 2588
1531 1777
1531 2205
1531 983
1777 1159
1777 2719
1777 1108
462 1620
462 1279
1953 2409
1953 2866
1953 1300
2409 157
2409 2584
2409 951
1026 1497
1026 1009
1026 2033
1026 2281
1497 386
1497 2348
1497 934
2053 2532
2053 2593
2053 1301
2053 1609
2532 861
2532 2604
2532 2263
1799 2497
1799 1365
1799 555
978 1678
978 2962
978 12
950 1623
950 353
950 589
1623 531
765 2209
765 574
765 1129
2693 180
2693 1306
2693 2524
1782 339
1782 1903
2917 2987
2917 1136
2917 396
2917 291
2917 169
2987 974
2987 1515
2987 1503
2987 727
1068 2029
1068 1107
1068 1161
1068 1952
2029 1803
2029 1224
2029 2924
20 1874
20 1726
20 358
20 1693
20 951
1874 1587
1874 2893
1874 2627
880 2732
880 755
880 594
880 427
880 724
2732 909
2732 2001
1355 1564
1355 2460
1355 1684
1564 240
1564 1942
1564 247
2132 1113
2132 1522
2132 2065
2132 2294
206 783
550 1810
550 2034
550 2368
1810 1234
1810 1496
1810 1614
1810 947
417 463
417 2954
417 2767
463 2400
463 2274
463 48
2699 2748
2699 2969
1170 2952
1170 764
1170 252
1170 365
2952 947
2952 345
141 2285
141 1637
141 1641
141 16
141 2220
2285 71
2285 2560
2285 1787
1880 2065
1880 687
1880 2004
2065 2543
116 2457
116 1584
116 1760
2457 1704
2457 1208
2457 2136
658 1757
658 1663
658 2030
658 730
658 1644
1757 786
1757 303
1757 1979
1857 2835
1857 791
1857 2461
1857 1451
1857 2974
2835 1617
2835 894
2835 1801
747 1048
747 413
747 422
747 719
1048 1561
1048 2796
1048 815
303 1300
303 1759
303 237
1300 1876
1300 483
623 1507
623 2606
623 1167
623 2582
623 488
1507 2143
1507 2144
1507 957
1507 2429
263 2921
263 741
263 2263
2921 608
920 1389
920 1617
920 2898
920 30
13 2042
13 1544
565 2963
565 2107
565 2725
565 2878
565 909
2963 544
2963 447
2963 2798
2963 571
2160 1028
2160 1665
1298 2319
1298 907
1298 2491
1298 1314
1298 1157
2319 1930
2319 1614
2319 1313
2319 1889
188 2747
188 2923
188 945
188 221
188 2576
2747 2353
2747 798
2747 1143
914 882
914 971
33 2873
33 337
33 243
33 1161
33 2025
2873 2898
2873 354
2873 194
1614 2030
2030 22
2030 246
2515 1345
2515 1570
812 2345
812 1020
812 737
812 2836
2345 591
2345 1945
341 710
341 295
341 1457
341 1844
710 420
710 1121
710 1968
1406 498
1406 166
1406 2850
1406 1974
2113 2653
2113 106
2113 451
2113 122
2653 364
2653 2948
2653 1822
2653 402
946 2281
946 2017
2281 1473
782 2856
782 2156
782 1571
450 882
450 2767
450 2577
450 2271
450 1580
882 421
882 2377
572 2299
572 390
572 1465
539 1634
539 1143
539 256
539 1417
1634 757
1634 970
804 885
804 1384
804 718
804 219
804 1955
885 524
885 1887
885 895
2712 2677
2712 1655
2998 423
2998 1928
751 1595
751 844
751 968
751 1812
1212 272
1212 656
1212 2565
1432 1622
1432 540
1432 2972
1432 528
1432 1137
1622 2178
1622 2597
1622 2807
1622 1534
1694 783
1694 1023
1694 1428
1191 1681
1191 678
1191 1597
1191 1873
1681 2115
1681 189
2456 641
2456 1419
874 2133
874 1625
874 816
2815 1374
2815 17
2815 1718
2628 2923
2628 2058
46 1593
46 2301
46 1805
46 2465
1593 1523
1593 1473
1593 1003
1877 2724
1877 1724
2351 199
2351 1759
2351 1149
2374 2957
2374 1322
2374 846
2374 584
330 2851
330 43
1173 1519
1173 2666
1173 306
1173 240
1519 1237
1519 2629
219 2423
219 1792
219 557
2423 2562
2423 194
1917 1665
1917 1072
81 2489
81 1976
81 237
81 2825
2489 144
2489 1678
2489 540
772 1589
772 2149
772 356
772 1369
1589 1834
1589 578
1727 1812
1727 1771
1727 1008
1727 1759
1727 1454
1812 889
1812 742
140 854
140 1449
140 395
140 247
854 2751
854 1442
854 2852
578 2477
578 2955
578 2570
2477 2784
2728 872
2728 2592
2728 937
350 1078
350 2163
350 2576
350 2887
1078 1682
1078 802
1012 2217
1012 1152
1012 1620
1012 1309
2217 2933
2217 1748
2217 1092
784 1535
784 1602
784 467
784 2420
784 380
1535 1014
1535 1097
1535 1261
614 2292
614 809
614 1095
614 1943
2292 2408
2292 2032
2292 2107
2292 226
657 2928
657 1290
657 790
657 2817
657 780
2928 2460
2928 2853
2928 1211
648 893
648 1801
648 2901
648 1268
648 1879
893 1371
893 275
893 1675
553 1787
553 1821
553 1015
553 1669
1787 1215
1787 2168
1425 2284
1425 2220
2670 2577
2670 538
1713 2884
1713 1272
1712 2585
1712 364
8 159
8 755
8 1243
8 248
8 1766
159 2760
159 237
159 2116
159 314
2032 2286
2032 1551
2032 2550
2032 2497
2286 2711
2286 1450
2286 299
1851 2211
1851 1595
1851 24
1851 2287
2211 2503
2211 2923
2044 1943
2044 1533
2044 1272
2381 958
2381 227
2381 176
491 2198
2198 921
2198 845
2198 963
1255 2365
1255 2891
2365 1324
1704 918
1704 1690
1704 985
337 727
1638 2103
1638 1131
1638 2318
1638 649
2103 510
2103 900
2103 2620
2103 2237
1513 2108
1513 2580
1513 351
1513 983
2108 2213
2108 2086
2108 2434
2108 2019
1103 1944
1103 2551
1944 1457
1944 1489
1944 1892
1282 1946
1282 2114
1946 2078
1946 2120
1946 455
1905 2256
1905 2597
538 2660
538 2162
2660 2348
2660 399
2660 253
339 1119
339 2022
339 2431
791 239
791 1389
791 1806
2476 2862
2476 2338
2476 1449
2476 1013
611 2916
611 1976
611 1397
2162 872
2162 1628
1841 934
1841 2481
1841 1523
1841 1822
77 2450
77 2214
77 1454
77 1013
2450 2630
2450 214
2450 1215
2450 1439
861 1350
861 1794
861 2077
861 2637
1296 2460
1296 824
1296 2637
1296 2368
2460 1502
2555 2569
2555 1661
2569 2796
2569 115
2119 1892
2119 1978
2119 1448
2119 1903
2233 447
2233 786
2233 2189
2233 684
2937 2718
2937 632
2753 1427
2753 348
2753 2081
2734 1110
2734 587
928 2158
928 970
1658 1765
1658 2254
1658 136
1658 2183
1658 1520
1765 1429
1765 2287
1765 2968
822 1264
822 704
822 705
822 2955
1264 1361
1264 766
1264 1580
1264 1707
1498 1547
1498 1284
1498 2439
1498 1120
1547 1324
1547 2679
1547 1994
2124 2238
2124 106
2124 2452
2124 256
2124 1821
2238 828
2238 999
2238 725
2238 326
624 1693
624 2220
624 2264
624 2624
1693 2869
1693 1978
632 1783
632 1793
632 1653
632 1511
1783 757
1783 1221
2751 355
2751 489
221 1919
221 1028
221 478
1919 2041
1919 2553
1919 2909
269 523
269 2880
269 2605
404 2222
404 2041
404 543
954 1689
954 2971
954 276
1689 1764
1689 2678
1689 1741
1689 1193
618 1740
618 1552
618 308
618 210
1740 737
1740 516
1740 534
771 2736
771 2243
771 1204
771 939
2736 542
2736 2359
2736 312
1511 742
1511 2131
389 2442
389 887
389 6
389 80
389 1093
2442 2067
2442 270
2442 773
27 777
27 2606
27 441
27 776
27 105
777 1041
777 1566
777 1889
1609 2825
1609 1764
1609 319
1609 1386
2825 2881
2895 1194
2895 579
174 652
174 1956
174 2550
174 2587
174 2708
652 58
652 186
652 2581
2309 2647
2309 154
2309 73
2309 979
2309 1328
2647 34
2647 349
2647 761
1072 407
2724 449
2724 2076
30 2346
30 1785
501 2215
501 2777
501 2371
501 828
2215 2635
1225 2017
1225 863
1225 2317
1225 1210
2017 2657
2017 2324
2923 917
741 1823
741 1446
741 2807
1823 1512
1823 705
1823 2583
945 835
945 2382
207 2416
207 1303
207 1532
913 2280
913 2524
913 1089
2280 873
2280 2502
2280 673
674 1769
674 2321
674 1023
674 1532
1769 2931
1769 1482
1769 1715
1769 478
1181 687
1181 2312
806 1925
806 1738
806 1097
1925 977
1925 1822
357 1833
357 2677
357 1060
357 322
357 49
1833 79
1833 1086
1833 522
1833 352
742 2169
742 2171
742 2013
2169 866
2169 1001
2169 2010
576 2402
576 753
576 1069
576 1546
576 918
2402 453
2402 1908
1835 2236
1835 1107
1835 2684
2588 2767
1672 2490
1672 1906
1672 189
1672 494
2490 429
2490 2644
2490 949
2490 2392
2128 99
592 2760
592 1001
592 642
592 2122
2760 2884
2760 2636
1119 2478
1119 968
1465 1867
1465 2087
1465 2486
1867 2651
1867 123
1867 686
467 1533
467 1341
467 715
1533 306
470 16
470 187
470 1982
470 862
2988 1433
2988 1840
2988 840
2080 11
2080 2930
2033 2553
2033 805
2033 1842
2033 1110
2553 1692
2553 363
1854 2322
1854 902
1854 2972
1854 1290
2322 1186
2322 1808
488 1592
488 969
488 1871
1592 686
1592 1129
1592 1417
1821 2746
1821 286
1129 2857
1129 730
1129 444
2857 1725
2857 2040
750 1271
750 2241
750 1384
750 2398
273 886
273 1561
273 1188
273 2139
886 38
886 2330
886 2503
309 2300
309 584
309 2117
309 332
2300 2898
2300 756
2300 788
2771 1016
2771 1236
2771 537
2771 1961
355 2416
355 25
355 2360
355 1491
2416 287
2416 461
1032 662
1032 697
736 1061
736 816
736 1671
736 2145
1061 181
1061 845
1061 1649
881 243
881 237
881 2774
881 2210
826 2940
826 2973
826 1043
826 2274
2940 594
2940 2287
2940 2135
2940 612
2188 2733
2188 373
2188 2748
2188 2694
2733 2332
2733 187
2177 2840
2177 2844
2177 1484
2177 461
2177 1319
2840 2413
2840 376
2840 165
523 2350
523 753
523 2531
523 2312
2350 1069
2350 430
2350 1257
2149 2512
2149 585
2149 673
2149 1284
2512 485
2512 511
2512 2578
562 2951
562 1346
562 948
562 631
2951 2595
2951 973
2951 262
789 1947
789 2189
789 1862
789 1398
1947 1238
1947 1653
1947 2714
1047 560
1047 2513
1047 1637
1346 2804
1346 1770
1346 2066
1346 2565
2804 2784
2804 1504
2804 270
2379 1254
2379 1343
594 2785
2014 2486
2014 2426
2014 2041
713 2142
713 1955
2461 1050
2461 1617
2461 794
2461 2433
444 902
444 1509
444 1287
444 1717
902 1265
902 1347
1470 2695
1470 1891
1470 2872
1470 1074
2695 2580
2695 1921
609 2642
588 2513
588 2438
588 384
588 734
290 1386
290 800
290 291
290 1529
394 180
394 2082
394 2175
2189 2707
2189 2798
2189 2007
2241 214
2241 2903
274 2912
274 2507
2597 2742
2597 1558
2742 2661
2742 429
2742 1218
1606 2303
1606 1560
1606 873
1606 396
1606 2387
2303 537
2303 810
2303 395
2303 142
2562 2710
2562 2703
2562 1552
637 428
637 275
637 320
637 2144
2061 2504
2061 2593
2061 1760
2618 347
2618 1729
2618 2879
413 1123
413 1744
2077 2994
2077 249
22 236
22 1692
363 543
363 2496
1898 650
1898 2356
1898 2479
1898 2680
2296 2999
2296 2481
2296 738
37 123
37 272
37 2621
37 1819
123 2802
123 1490
1052 2841
1052 2438
1052 2627
1052 1137
1052 1574
2841 2441
2841 2845
2841 1703
1086 1671
1086 2155
1633 1079
1633 473
1633 2624
1633 840
320 1378
320 2974
320 1549
317 1574
317 2688
1574 1027
1574 169
1574 2973
2631 276
2631 998
2631 142
2151 1577
1879 2475
1879 1720
1879 282
2475 1733
2475 2242
511 2909
511 1386
301 1504
301 428
301 2706
872 2321
872 32
2321 2668
2321 1992
98 483
98 2867
98 268
98 2282
98 684
483 1579
483 2133
994 2942
994 1138
994 2794
994 2294
522 2707
522 289
522 166
1738 1673
2326 2642
2326 2420
2326 2485
2326 1825
2642 1446
2642 2352
2642 1469
25 502
25 278
863 2131
863 2122
863 552
1726 1327
1726 1499
1726 2089
1322 137
1322 246
1322 2024
762 1816
762 1938
762 2897
1816 1006
1816 2383
97 2860
97 2257
97 1174
2860 939
2860 289
2595 2434
2595 2915
2595 2715
753 651
753 2212
1000 2663
1000 2212
1742 1478
1742 2491
2589 1359
2589 2620
2589 326
931 1975
931 1679
931 2819
1975 1030
1975 2227
1975 1261
1975 1153
2131 608
1443 2015
1443 2247
1443 2794
71 2168
71 1171
71 533
71 73
2827 2898
2827 2003
370 2352
370 351
370 1096
370 1017
2352 2398
2352 2040
2352 1491
2078 1676
2078 1053
352 1207
352 1881
510 917
510 676
510 841
591 2994
591 2915
591 2609
591 665
2994 1573
2994 2074
2994 2690
240 2242
240 2615
240 2496
2242 2142
2242 2719
2710 653
2314 911
2314 2933
2314 2719
626 2191
626 1502
1314 2571
1314 1924
2571 194
2571 972
2571 798
1050 1292
1050 2422
2155 1412
2155 2059
2155 202
969 1341
969 2552
1341 2383
1341 2820
1341 2692
1123 2462
1123 72
1741 2086
1741 1640
1741 2790
1741 1370
2790 2338
2790 1348
312 1485
312 1353
312 2863
312 2361
1485 1902
1485 1866
1485 2714
365 559
365 2226
365 650
2429 209
1584 691
1584 828
1348 2276
1348 2407
400 2271
400 544
400 1509
887 56
887 299
887 933
887 451
734 1484
734 73
865 2568
865 2054
865 1110
865 58
1350 1138
377 1708
377 139
377 1308
377 85
377 1269
1708 2900
1708 1361
1708 1971
1708 2197
234 2372
234 704
234 574
599 1784
599 2214
599 1188
1784 68
1784 484
1784 2311
1784 1537
452 1763
452 2746
452 1808
985 2424
985 2646
985 1460
502 62
502 2223
502 1566
502 842
1809 2876
1809 1120
833 1131
833 499
833 1901
2025 1053
2025 2972
1237 2453
1237 2523
2318 2163
1422 176
1422 888
1422 111
154 1077
154 1644
2197 2955
358 1550
358 2915
358 821
358 1494
1550 1338
1550 1503
1550 2335
1550 2931
2323 2803
2323 2884
137 2074
137 640
1764 852
1764 2880
1764 1505
407 35
407 361
974 1715
974 2803
1578 2920
1578 2867
1578 1637
392 1319
392 1734
392 2497
1319 622
2143 89
2143 2284
305 2074
305 1911
305 1926
305 384
305 373
2074 844
2074 495
685 2066
685 2784
685 1807
685 2462
2066 2522
1430 270
1430 102
1430 1983
1430 2042
569 2120
569 1994
569 2096
569 754
569 2462
2120 927
2120 2752
2120 376
846 2657
846 1385
846 506
2657 2578
2657 1180
2657 749
130 272
130 2852
130 1644
130 2517
130 2440
272 1469
1587 2156
1587 642
1587 1956
1958 2099
1958 1215
1958 1886
17 144
17 1250
120 1254
120 466
297 1222
297 1532
297 2686
1651 2798
1651 952
1651 1449
1651 1338
1651 2178
2798 2064
2798 99
732 2580
732 2981
732 1251
744 1452
744 662
429 1860
429 1543
429 472
921 2803
921 847
253 2848
253 1162
1248 675
1248 2485
1248 1818
1248 622
2598 2803
2598 1147
2598 2171
1718 1991
2942 178
1 508
1 1172
1 1663
1 967
1 2005
508 127
508 1216
508 2236
508 1257
763 794
763 277
763 1928
763 929
794 2649
794 36
1620 1982
1620 1436
1067 1205
1067 393
1067 67
1067 1488
1067 541
1205 322
1205 367
2447 2236
2447 2580
2447 737
2447 2325
1116 1363
1116 2517
1116 249
1116 2498
1363 1859
1085 2013
1085 2310
1085 2478
2013 2708
2013 1258
1943 783
1943 1071
1943 1199
1369 2523
540 1222
540 114
367 1900
595 2270
595 1088
595 2307
595 203
2270 157
2270 2745
2270 118
1751 1995
1751 719
1751 1194
1751 2946
1751 918
1995 2694
1995 56
1995 2231
1995 1035
1683 2763
1683 2178
1683 1982
1683 1245
2763 2440
2763 2639
2763 1062
2763 2640
702 1844
702 2099
702 2413
702 1389
702 169
1844 586
1844 2262
1892 2331
1892 239
1224 2172
1224 2413
2172 2927
2172 645
2172 1539
2172 927
2927 335
2927 2482
2927 1190
673 2082
673 686
673 494
2082 888
2082 2288
2082 1619
2668 756
2668 528
2668 2743
2116 481
2116 1152
2116 2530
433 1575
433 2968
433 2462
1575 1616
1575 1420
2915 1460
2915 2387
556 1911
556 1890
556 2621
556 257
556 2783
1911 1342
1911 94
1323 2433
1323 627
420 321
420 798
420 476
900 608
900 1617
507 1235
507 724
507 1682
507 2726
837 998
837 2129
837 1392
837 2361
998 2334
998 1221
998 425
386 1062
386 2848
386 252
386 779
1062 2506
1062 1034
1062 1865
1506 2325
1506 1988
1506 289
1506 2878
2325 422
2325 181
2551 1538
2551 1289
2551 2081
2551 1258
1780 2012
1780 2650
1780 1792
1780 686
2012 2372
2012 959
2012 376
759 1761
759 1428
759 1275
980 2820
980 1762
1092 2163
2163 3
2920 2924
2920 2503
2920 1269
2924 877
2924 2329
697 2802
697 678
697 1490
697 899
2802 2140
1788 563
1788 166
1788 645
1788 1942
1503 286
579 1763
579 223
579 785
579 1040
1763 1382
4 1303
4 2681
4 2194
4 1268
4 2899
1303 2843
1303 187
1303 1063
2099 2765
2099 627
2099 2681
1523 1568
1523 529
1568 642
1568 2079
1568 1532
1055 2135
1055 1183
2362 2848
2362 1579
2362 191
1665 543
2171 2869
2171 442
1385 2506
1385 1372
1385 1980
2506 390
2506 1272
585 2453
585 2514
585 700
585 1544
2434 1269
2434 199
1365 761
1365 1539
208 665
208 1100
208 2100
665 1801
665 2916
304 2648
396 138
396 2026
2681 842
43 899
43 516
1367 1563
1367 2577
1563 1149
1563 28
2413 1439
2107 1215
2107 766
1956 2250
1956 3
2364 2426
2364 1778
2364 1838
2364 1031
2364 1674
2426 63
2426 476
2524 1176
2524 1018
2524 2817
1329 2210
1329 2443
1329 2446
1329 1035
2210 1162
2210 2035
1930 1761
1930 2602
1528 142
1528 703
1528 133
1528 1353
1767 2557
1767 1641
1767 439
1767 1962
2557 1293
2557 557
2557 934
2557 2704
1318 2465
1318 270
2465 2891
2465 506
144 1881
2140 1071
2140 373
2140 2824
1546 2329
1546 2481
1238 728
957 2459
957 313
957 1138
957 2891
2459 2028
2459 315
2459 289
2388 1888
2388 1150
650 2175
650 2907
1433 2690
2573 1883
2573 2511
2573 526
844 1842
2912 662
2912 2607
451 907
451 2446
451 2087
907 2651
907 1454
2630 291
1093 1313
1093 2674
1313 498
1545 2871
1545 2781
1545 2644
2871 832
2871 1153
2871 1208
1166 2057
1166 1302
1166 1667
1166 1961
2057 645
285 1734
285 1831
285 2690
2257 6
2257 2872
2257 1223
455 2587
455 2702
455 59
2848 2769
693 790
693 315
693 2911
693 1356
790 2507
790 2114
790 439
1500 86
1500 1077
118 622
376 2720
49 230
49 2796
230 2028
230 996
230 649
1009 173
1009 1140
721 1791
721 2545
721 2650
721 1397
721 442
1791 2311
356 1141
356 121
356 1828
1141 210
1141 1597
1141 1524
1141 1442
2356 1515
2356 689
2173 2332
2173 1343
2173 2417
2173 973
2173 936
2332 182
2332 1512
2004 2330
343 2390
343 2084
2139 2684
2139 1974
2139 1444
2684 2778
2684 2930
1690 2592
1690 2772
1690 2560
1690 2133
2592 1792
2592 1306
397 1273
397 544
397 2307
229 282
229 2680
229 2427
229 1118
282 1231
282 687
327 1379
327 1529
327 598
327 2685
1379 1773
91 2563
91 2862
91 449
91 2783
91 1056
2563 847
2563 60
2563 173
2209 1490
2209 646
2115 555
2115 2980
486 1372
486 1362
486 1100
486 2072
1372 1398
1372 799
1372 2894
973 224
973 1610
1888 2055
1888 2931
1888 709
2055 715
2055 708
1887 2059
1887 2527
1887 1636
2059 1382
533 2615
533 1360
533 1295
533 1839
2615 754
2615 67
2271 439
2271 279
512 1971
1790 474
1790 2414
1790 2583
1790 580
597 1095
597 1308
1095 1176
1095 1488
1095 2906
254 1490
2310 345
2310 252
2310 1544
2310 1979
186 1324
186 345
186 9
2725 1871
2725 975
1143 1256
544 1619
544 2519
757 2666
2661 157
2661 1994
2661 1805
1684 182
574 2400
574 705
574 1598
2400 2146
6 313
2227 2931
2227 1418
2931 2516
1096 464
1096 2991
1096 1551
259 295
259 63
259 2288
259 220
259 202
173 2003
173 1396
1353 2577
1866 1499
1866 2544
1509 979
1509 715
1107 963
1107 79
2548 2878
2548 1216
2878 2516
2878 2344
199 948
199 2838
16 2644
16 2570
2644 2091
2144 2199
2144 2898
2144 136
2199 99
2944 2390
2944 1642
2355 1462
2355 104
2355 1455
2355 2311
640 823
1043 2621
1182 1558
1182 703
1182 1598
349 223
196 1420
196 805
1420 2956
1420 1577
799 932
799 1886
799 442
799 2685
932 1473
932 1407
2067 2259
2067 541
2067 86
987 1397
987 2015
987 313
1397 1442
1397 1241
2363 972
2363 2777
2363 982
2363 1063
204 722
204 1488
204 1407
722 1079
722 2521
722 2705
722 1721
2383 2619
2383 792
2383 322
1136 2294
1136 495
224 1603
224 2410
224 1748
1603 908
2677 1881
2677 494
2677 1970
631 1469
631 1723
631 1041
631 2222
1469 2810
1469 2648
586 2624
586 2621
1703 671
1703 390
1703 675
964 1120
964 287
964 1003
1120 2845
786 1261
786 909
786 1824
34 1040
34 1198
1247 2869
1247 1461
1247 1333
1247 2717
2869 711
2869 761
287 612
287 2962
612 2593
612 2441
612 1101
1412 2518
1412 1554
868 1008
868 1933
868 2510
868 189
1008 1512
1669 1115
270 1481
2138 2969
2138 2769
2138 1933
2138 1871
2969 82
2243 646
2243 2045
2243 2838
2243 1236
1324 481
351 1428
351 1608
351 1010
1428 1679
1428 2620
1345 760
1345 2158
2810 656
2810 2530
2810 1266
2810 2288
1515 1771
1515 815
1973 2343
1973 560
2343 1046
2299 399
2299 1739
2299 1761
2707 2820
2707 808
1955 2709
1955 904
191 621
191 1991
191 2974
191 1117
621 1122
621 40
621 324
1555 484
1555 1643
1555 1147
2894 927
2894 2534
1186 1785
1186 256
2656 2036
2656 2384
1374 2671
1374 1360
1374 1370
1771 1262
1771 2358
1771 1229
461 218
461 2168
755 1494
755 983
755 2743
1494 2688
1494 1988
2518 1468
2518 2254
2518 1446
99 2092
2092 362
2092 2930
2092 2558
828 26
828 1885
1357 1270
1357 412
769 661
769 1573
769 2607
1512 1685
1512 1876
1271 442
324 345
324 1309
324 65
345 2731
1653 2438
571 2962
571 1479
571 1655
2962 877
1707 2558
1707 1418
704 2547
2578 2678
2578 531
2678 298
2678 2552
156 2087
156 2867
156 1508
2087 1570
2852 524
2852 1396
2015 2422
2015 65
2015 126
1100 1626
1100 2184
1626 1326
1626 1223
185 280
185 1370
185 915
185 2522
280 438
280 754
280 1723
651 1113
651 636
651 2745
1452 941
1452 2317
733 1051
733 2576
733 60
1051 2576
1051 1326
1051 800
1561 593
1006 2378
1006 1113
2378 2907
2378 1700
2378 1688
1461 2958
1461 2192
1461 1642
1461 439
2958 877
2958 737
2958 1496
1084 2971
1084 1351
1084 1837
1084 2206
2971 1210
2971 2533
2971 832
691 2891
691 2497
689 2901
2003 1261
1463 2491
1463 894
28 2817
28 2036
298 2369
298 564
298 2398
298 669
959 841
959 2392
959 779
1273 943
2769 399
2769 2437
1530 2886
1530 184
1530 1869
2886 2743
2886 2408
1869 2315
1869 1868
1869 354
2315 2392
2315 1210
2843 2399
2843 1183
177 1396
177 901
169 1195
1676 1939
1676 2607
1676 2205
1676 1952
1003 1046
1003 2009
1003 428
1046 210
1046 1525
2866 2639
2866 2184
641 1596
641 1640
641 2576
1596 1602
1596 175
1596 498
1459 138
1459 603
678 402
678 2091
1147 1175
1147 1922
1175 1171
127 1725
127 1104
127 1828
1725 2889
1268 2671
506 1529
506 2415
1529 2761
1529 1233
133 2415
133 2605
2415 1478
2415 3
1077 1449
1077 114
2041 2568
487 374
487 9
316 2229
316 498
1419 35
1419 1034
730 2602
139 2122
139 2366
139 1227
139 2510
2122 1130
2122 1773
858 1543
858 1279
1543 2925
2587 975
2587 2772
1938 1427
1938 1525
1938 260
1270 1680
1270 646
1571 1468
1571 700
649 1140
649 1733
649 2222
403 1902
403 2005
403 2492
1902 31
1902 1479
1902 2390
1724 2337
1724 2229
1724 103
2337 1157
2417 1534
2844 2604
2844 1309
1518 122
1518 1667
1518 977
246 1785
246 1974
246 2517
1159 1560
1159 495
2420 2979
2420 9
2420 714
2979 1252
2979 2022
284 1025
284 560
284 126
1025 2485
1025 1308
2229 2504
2229 719
2229 582
66 802
66 2010
66 2887
802 1770
675 676
675 1193
2372 830
2372 2487
2372 992
1893 423
1893 1698
1643 662
1643 1839
2609 2019
2609 561
2609 473
126 560
126 2448
725 1148
725 2856
725 1591
1148 1926
1900 160
563 2547
563 2834
563 44
2547 1060
2547 2231
2371 2686
2371 1015
2371 1891
2371 2154
2686 1265
2686 1805
2686 862
1034 1903
1903 841
1903 1083
2205 2394
2205 1556
2394 760
2394 1112
476 714
1074 1908
1074 2239
1074 1328
559 2778
559 2338
559 1801
559 1964
2778 103
2778 2354
2778 2729
319 322
319 1229
319 1901
1766 1580
1560 1522
990 2183
990 1863
990 2893
2183 1610
2183 2646
2206 2861
2206 731
2861 2889
2861 1579
2861 1554
1275 1534
1275 580
1275 1478
1275 2427
1534 380
1534 1454
2479 1820
2279 1731
2279 1405
2279 247
1016 1031
1837 481
1837 1258
2366 1496
2366 1241
2366 2136
1924 1231
1924 102
1734 1243
1734 65
2446 474
2446 1343
875 2502
875 1862
875 2704
2502 2999
2502 2492
908 982
2516 2544
2516 114
1991 1195
1991 2727
1991 2961
1698 2431
1698 1908
1698 2881
2431 2247
2431 2511
2708 2990
1602 464
1602 656
2360 2523
2360 2200
2360 528
2523 1190
2523 1309
1041 2142
1041 2679
2659 2819
2659 148
2819 2348
788 2955
1101 1876
1101 1162
2910 2258
2910 2154
2910 1060
1451 1628
1451 111
1451 48
1628 2554
1628 2146
1396 2
1396 1663
2168 997
2168 952
2410 2123
2410 948
2410 2330
2220 2054
1256 2328
1256 1415
1256 1156
2328 1468
2328 815
760 1343
760 1554
1398 1859
1398 209
1398 2391
1859 1744
1859 2222
1859 2212
1356 1862
1356 2791
1356 2338
1356 2200
1862 214
524 2005
524 1860
524 1846
2005 2900
773 425
773 904
1131 1407
1131 252
1407 1172
1407 2008
2154 1475
873 785
873 441
877 248
2948 949
2948 1819
2948 438
276 1014
276 2839
276 2028
1014 1974
1014 2584
1685 142
2348 2223
2348 989
1023 2764
1023 2200
85 894
85 1577
85 2729
85 847
894 2145
894 2549
1508 1865
1508 1202
1508 968
1865 1389
1865 1454
532 832
532 1290
532 2872
832 549
832 2905
513 2519
513 951
659 2822
659 970
659 2824
659 2911
2822 970
2822 2709
2822 2673
1063 975
250 899
250 711
250 1986
2545 232
2545 552
2545 971
2236 2946
2236 1305
967 2133
967 1371
2133 1163
421 2145
421 1934
421 2399
2145 2498
32 2514
32 2879
32 2584
32 1060
1873 95
2679 2982
299 2384
299 1156
299 2946
2384 1460
1950 2847
1950 1525
2226 2629
2226 2527
2226 958
2226 992
2629 1952
1720 866
1720 2127
115 1204
2593 2623
2593 2407
2981 1871
2981 2387
2981 2391
89 1466
89 1632
2009 2752
2752 580
1556 2955
1556 601
102 2892
1504 1721
2950 2685
2950 850
2950 1992
2458 2492
2458 1591
2458 2407
589 1153
589 1641
589 2616
422 279
2422 708
26 2504
26 131
2504 2440
2504 2023
2862 1192
2862 1537
1875 1890
1875 601
1875 1773
1875 2156
1890 427
393 2675
2675 1227
639 2612
639 1908
2261 472
2261 1339
2200 2344
1235 1347
809 2946
823 888
823 1366
1964 1748
1964 1520
1199 2896
1199 2441
1199 534
1199 2554
2896 1415
2513 2639
2513 1996
2909 2638
2909 178
1334 2976
1334 2648
1334 1570
1334 1820
2976 582
2976 2084
1389 756
2193 543
2820 636
1152 2594
59 2640
59 2204
2640 1192
73 24
73 1001
1881 2549
1342 2441
1342 947
1342 1739
1978 2231
1978 1544
181 2165
181 2517
181 587
122 1649
122 2745
1649 2187
543 1262
958 1655
1655 1474
1655 2772
2972 1171
427 1467
427 2294
1467 830
1467 1245
1467 1565
918 1692
918 715
561 2184
561 695
561 2590
63 2358
63 1018
2358 70
2358 939
2358 2517
2443 1362
2443 380
18 2982
18 1939
453 2772
453 40
453 982
2772 1625
1793 84
1539 1883
924 1118
924 1831
924 24
1118 2781
1118 1868
1229 2626
1229 776
1229 2262
2626 2534
2626 2796
2626 2590
2705 105
2705 1351
1920 237
1920 866
1920 2930
1980 2036
1980 2273
1980 430
1980 2737
2036 1161
767 1906
767 610
2635 2906
2635 2058
2906 1652
1427 2377
1427 466
901 2288
901 2554
481 1652
481 1544
1525 2620
2531 2204
2531 257
466 2845
466 808
2845 1466
1391 2408
1391 2704
1391 110
1391 2312
1243 1490
1243 738
1457 2185
1457 478
2991 555
2991 1680
2991 824
2023 1292
2123 2973
2123 36
2123 2888
2973 1885
517 131
2245 909
1163 2570
347 2264
347 68
2264 845
2264 1010
2264 2961
176 2382
176 1663
176 1590
2382 2158
2382 2627
2382 705
1327 952
1327 2498
1327 2610
1010 2019
1010 289
2034 2212
2034 2809
2034 326
2034 1527
949 2026
1124 210
821 1221
821 2692
821 1405
1221 2230
1221 2072
1258 1474
1642 633
1678 2754
1017 2035
1017 275
2035 810
2035 79
1316 1860
1316 1549
1316 1863
1316 1211
2702 294
2702 1326
2702 1834
2346 1899
482 829
482 1889
829 40
829 2330
2072 2671
1172 2883
1172 1439
842 1522
1522 669
1416 1794
1416 425
1416 2761
1416 2491
1794 633
1794 1673
1847 840
1847 1252
671 68
671 1121
1889 2095
2338 1660
2719 1475
2142 2544
2544 1824
2590 1169
2399 2853
1475 827
1475 2040
148 1089
1122 2727
1122 2581
1122 1474
989 1289
1289 1156
1289 112
1289 1970
1335 1608
1335 2839
1538 2478
528 1079
1079 1097
1429 2114
1429 2020
1482 2511
1482 1617
1482 1912
1482 915
2511 2040
1250 112
2582 2829
2582 1992
2582 121
2829 1150
2829 983
1029 2650
1029 318
1029 1748
2650 1846
2650 2918
2619 1942
2619 1455
2619 11
1934 86
1934 1674
1934 1360
2824 2089
2824 2581
464 1876
464 2010
464 996
142 1551
1595 825
1595 1213
333 2010
333 2498
333 31
1176 2156
1176 1230
1176 516
423 1579
256 2001
473 1180
1261 2223
1169 2414
1169 1477
1169 2288
2414 2427
2414 948
1266 2129
2534 2560
2534 484
610 318
610 495
1616 580
1616 2765
359 2045
359 202
359 2439
359 1213
2980 676
2980 2720
2974 1661
999 1198
999 380
999 2185
999 56
1198 2175
1198 1864
2612 1970
2612 2158
2612 1257
1265 260
2649 447
2649 2549
2045 2651
460 997
460 1414
2867 1661
2867 1488
2042 1448
2042 2954
209 1688
209 2836
587 2277
587 1174
2277 114
2277 1675
2277 2834
1982 2247
1982 1731
2247 1378
816 1125
2482 2570
2482 1667
2482 1820
2482 35
218 1921
80 1996
80 1565
80 1807
48 952
48 1899
952 1785
1011 2726
1011 933
1011 607
1011 1399
2726 2231
2726 1174
1021 1458
1021 3
1021 700
1021 607
1458 1436
1458 1174
1458 2191
1520 1241
439 112
2968 2335
756 412
756 1306
711 2851
2851 2933
294 1479
294 131
294 1818
1479 2606
2344 1700
2344 1366
687 915
36 138
761 131
1661 815
243 555
542 948
542 425
542 516
1682 2552
1682 971
1682 1223
2049 1762
1231 456
1231 703
1926 552
1460 2100
2674 472
2674 2746
79 1290
79 1089
257 1839
257 1647
1839 2791
1860 1632
335 1211
335 1213
335 2117
1808 2610
1808 1328
1808 1188
1996 1448
1527 2982
1527 2331
1527 537
2982 2856
2982 1339
268 904
268 2096
728 2905
728 792
534 669
534 780
669 739
12 35
12 1717
275 2889
2089 2648
1976 2284
1976 449
1608 1505
449 369
449 1439
2560 1183
2560 2349
2773 2842
2773 1883
2773 1138
2773 1202
2842 1590
2028 2008
135 2530
135 1745
582 2938
582 2610
2938 808
2938 1415
2938 2256
2938 2636
1838 1912
1252 2282
1252 852
2439 1641
888 780
653 182
1262 2834
933 2727
933 2535
318 1673
318 441
318 955
1138 2731
815 58
472 2729
917 2888
917 2621
2604 2897
2136 361
2136 1230
1220 1723
1220 489
1220 1610
766 2455
766 1540
2455 845
2455 2368
1663 2185
2185 727
2709 2024
1031 737
1031 1625
314 1284
314 780
1284 165
2194 86
2194 841
2327 1028
308 1819
308 738
1819 1537
1819 1035
1339 1652
1339 236
111 214
1647 1566
2554 1660
2165 1807
2165 2519
1576 2135
1576 1820
1576 428
1576 852
2135 681
2519 2533
2533 1060
175 2369
175 824
2568 2887
2568 2946
1347 1495
1347 1091
1868 2696
1868 971
584 604
780 729
1436 729
1436 228
1436 1674
1174 2723
718 2696
718 2081
2010 1197
2847 1197
2847 1382
835 1928
835 1439
835 1359
2040 1481
1942 2369
1807 1644
1272 1886
1272 554
1230 2765
1834 1664
1834 1961
1834 526
1477 1371
1477 695
1477 2349
1573 2100
2872 279
2872 889
228 2737
228 2187
2737 2905
1442 484
1442 1108
719 1254
1254 2091
808 661
764 2651
764 2081
996 603
996 1652
1207 1361
1207 1071
220 2
220 478
2391 2549
2391 1597
104 348
104 2180
104 1115
348 2673
348 2850
380 1680
1680 313
1680 2692
1952 2729
2377 2720
2606 1462
2703 1112
2187 2673
2307 1540
841 1709
1717 2694
1717 2522
2223 840
2076 1125
2076 1130
700 2048
2048 1293
2048 2764
2048 1245
549 2583
549 1714
549 2096
729 2602
248 2100
1234 1091
1234 2463
1234 598
977 2335
977 1399
889 1183
2999 1056
1625 1636
390 321
31 743
31 369
2334 607
2334 1446
1194 2095
899 84
226 2680
2258 56
2258 1218
2258 1462
681 2774
681 2001
2706 724
2706 636
2706 2746
1246 2715
2294 1660
2651 992
776 2487
1108 1414
1108 1090
1414 603
1414 1906
1822 2331
633 214
2774 1328
2774 2646
484 850
2284 485
2438 991
262 2743
262 1223
2903 2496
1211 2492
1805 646
1306 2146
1333 937
1333 249
1326 1983
607 1912
607 988
982 1035
982 2478
326 2572
326 146
2572 180
2521 227
1392 2717
2717 2301
1466 2437
1466 1195
2437 2613
2900 2785
2900 1320
2256 1928
604 1590
604 2370
1590 1202
1590 2692
490 1679
490 695
490 2262
490 955
1744 2671
2764 249
656 955
1301 1015
1301 2392
1301 1455
1806 743
1806 2581
1028 1020
2282 2324
2282 88
1761 1565
62 2192
1013 68
1215 1962
291 739
739 1359
2627 1840
2627 2692
1070 2552
1070 1056
1070 2157
936 1361
991 2054
1496 1137
662 1971
1204 1293
1204 2854
441 9
441 2020
2777 531
2777 695
1091 1825
1091 968
1091 2091
1825 1891
1825 749
239 2685
110 906
110 1150
110 817
906 564
906 2623
906 70
1056 2565
1446 1815
1818 731
1818 2673
1295 146
1295 1824
1320 2594
1320 1233
622 2613
1302 2663
1302 165
1302 1770
531 2273
395 2892
395 2535
827 2775
827 2614
2775 2008
2775 456
2775 2274
866 1386
593 2273
593 1478
1939 1360
1939 2602
1939 1083
2527 2794
1287 105
2585 2918
2585 2507
2585 2441
2585 1378
2918 529
2918 2117
2001 2638
2638 727
1831 2715
1863 2933
1863 402
1863 1216
1088 2543
1088 315
552 2785
2584 2312
2907 1921
2907 2594
2549 1778
2008 315
1667 2956
731 1338
485 2856
2901 709
1192 1030
1192 183
1921 1961
1921 95
941 1739
941 1598
941 2834
941 661
2990 2510
2990 1883
541 360
541 1405
1417 1090
1417 1722
1988 1418
1988 2591
2688 2392
2250 2671
2250 2756
2317 2324
2317 1444
2324 2785
1202 1167
2301 1386
862 2370
1448 2354
474 44
474 373
1552 792
1552 2361
904 306
904 353
598 779
598 705
598 1236
779 2876
372 1053
372 88
372 1488
1156 374
2624 2723
2624 1922
2723 2127
2723 1549
2496 2809
1359 2718
1359 1664
82 1112
82 792
82 121
2157 146
2157 2427
2157 189
2191 438
2204 2535
362 929
362 160
362 830
929 203
929 2407
929 1474
1632 1709
724 2607
2607 1040
992 1338
554 1112
554 232
554 2883
1112 601
58 2535
1700 2714
1700 1121
2714 1167
2714 223
306 1922
306 1778
1922 1974
895 2731
895 223
895 402
2731 1864
353 1792
785 1040
785 1089
1292 160
1292 2239
1027 2888
1027 2273
988 277
84 1297
2720 1610
2486 2127
2486 1733
2892 1197
2892 1351
1378 1117
1104 943
1104 1150
1090 1291
1090 166
1090 2079
2836 2925
2836 2335
2192 2084
2192 2335
2424 1505
2424 856
1489 963
1489 2129
1150 2605
2613 1778
2781 810
850 1983
850 1558
1983 963
1679 1291
2956 968
1171 1253
714 2594
2478 2550
825 2583
1216 1125
321 955
321 2114
425 72
235 1962
1745 247
1745 2930
1020 1815
2359 183
824 210
1524 2690
2213 1962
2213 1709
1864 354
1864 1308
68 1370
2637 202
2637 1554
252 1558
1891 727
1891 2791
178 1828
2530 1558
911 1842
983 1722
1992 1360
1675 2880
2961 603
286 1089
286 1382
2146 1197
1455 810
1549 2254
2254 2876
2254 1495
2780 2746
184 2376
2180 2754
2180 1110
2180 65
2127 2239
526 2463
2784 1279
2785 2673
703 146
703 2376
1449 1986
1886 2022
1842 2636
947 2754
1478 2237
2349 1366
2349 1137
232 1815
232 2095
1071 1274
1071 2054
1117 909
1117 738
1161 1714
1097 2838
2481 2058
1462 203
1462 1709
2558 2623
2957 1714
70 1986
70 2863
1660 1233
1450 1714
1450 743
1739 951
1468 374
608 2876
608 2623
2883 1115
564 1218
2794 233
2369 2881
2369 2625
2448 489
743 2620
2259 1130
2259 72
2853 1193
2853 11
1473 2809
1030 2905
1245 2237
2543 2550
2543 2020
2881 1162
11 2330
884 2376
2754 529
1846 2625
146 166
1293 972
2880 136
2058 1722
1566 277
2925 1729
2925 180
1188 1637
2748 456
2748 529
1644 2440
2440 1491
601 1760
601 489
2614 1840
202 1083
2663 44
1149 2897
1664 620
1157 2893
45 2095
1721 2863
557 1227
557 88
2175 2868
2398 798
856 2020
620 2354
1971 664
1227 2838
2838 2616
1218 636
1692 1125
1351 817
489 1233
2791 354
1193 2625
2625 709
1491 1257
495 2054
955 2079
2064 361
709 1598
136 1762
2390 2487
95 2807
95 2487
2 233
2114 2237
249 2274
1399 227
1290 94
1554 499
277 227
105 1208
2879 2091
1760 2237
1305 972
187 114
1481 189
2854 1729
1762 94
2696 852
1269 2868
2868 438
1253 2487
456 2510
