500 1250
365 426
365 315
365 253
365 247
365 279
426 54
426 464
426 122
426 356
59 240
59 141
59 386
59 312
59 471
240 83
240 423
240 60
240 47
158 362
158 396
158 454
158 125
158 25
362 11
362 217
362 18
362 450
185 316
185 497
185 214
185 41
185 107
316 219
316 439
316 251
316 75
242 441
242 111
242 238
242 416
242 306
441 498
441 401
441 437
441 422
356 463
356 193
356 133
356 297
463 61
463 101
463 29
463 81
108 361
108 390
108 203
108 78
108 74
361 151
361 81
361 394
361 320
32 222
32 80
32 438
32 398
32 56
222 116
222 499
222 150
222 164
265 344
265 334
265 477
265 111
265 290
344 196
344 67
344 377
344 444
351 384
351 65
351 292
351 276
351 115
384 147
384 197
384 341
384 307
243 442
243 110
243 421
243 119
243 404
442 458
442 101
442 244
442 76
54 317
54 3
54 274
54 16
40 82
40 448
40 150
40 94
40 78
82 427
82 285
82 198
82 69
264 357
264 379
264 448
264 307
264 319
357 245
357 173
357 218
357 282
216 280
216 305
216 330
216 310
216 453
280 490
280 424
280 309
280 135
94 439
94 255
94 309
94 77
439 420
439 469
439 425
284 456
284 73
284 109
284 162
284 443
456 411
456 287
456 393
456 136
165 355
165 201
165 445
165 283
165 200
355 225
355 26
355 121
355 239
433 435
433 261
433 446
433 181
433 296
435 378
435 65
435 16
435 422
33 56
33 37
33 491
33 481
33 43
56 326
56 376
56 333
236 415
236 29
236 232
236 44
236 246
415 452
415 329
415 444
415 204
5 339
5 475
5 322
5 139
5 42
339 389
339 68
339 12
339 256
193 310
193 112
193 482
193 6
310 197
310 414
310 393
396 489
396 117
396 95
396 290
489 160
489 91
489 269
489 281
167 437
167 358
167 214
167 91
167 407
437 366
437 174
437 324
168 402
168 102
168 53
168 34
168 233
402 129
402 464
402 138
402 151
334 329
334 486
334 274
334 253
432 447
432 99
432 340
432 6
432 350
447 170
447 282
447 416
447 175
170 407
170 245
170 147
170 311
85 345
85 472
85 430
85 104
85 290
345 292
345 348
345 156
345 404
2 490
2 160
2 205
2 187
2 188
490 198
490 90
490 36
225 453
225 195
225 130
225 183
121 154
121 114
121 479
121 203
154 215
154 172
154 302
154 47
43 91
43 213
43 152
43 79
91 34
91 139
219 270
219 249
219 383
219 104
291 341
291 485
291 465
291 346
291 266
341 286
341 481
341 303
163 421
163 234
163 500
163 182
163 63
421 470
421 44
421 100
120 459
120 98
120 320
120 418
120 49
459 36
459 416
459 95
459 458
145 223
145 337
145 331
145 288
145 267
223 278
223 224
223 313
223 318
201 248
201 160
201 233
201 150
202 470
202 475
202 320
202 375
202 404
470 289
470 232
470 372
302 328
302 134
302 105
302 299
328 423
328 126
328 218
328 57
453 206
453 256
453 324
125 286
125 474
125 25
125 448
286 285
286 488
286 457
110 112
110 233
110 28
110 136
274 494
274 367
274 26
494 166
494 315
494 380
494 65
375 397
375 28
375 106
375 322
397 70
397 176
397 198
397 30
93 190
93 255
93 129
93 83
93 309
190 3
190 346
190 326
190 21
103 383
103 79
103 482
103 449
103 78
383 180
383 203
383 373
88 111
88 153
88 227
88 380
88 24
111 285
111 480
28 209
28 467
28 267
209 486
209 367
209 156
209 315
228 234
228 53
228 152
228 199
228 237
234 62
234 485
234 300
27 244
27 146
27 360
27 130
27 428
244 419
244 311
244 115
134 227
134 272
134 440
134 386
227 271
227 44
227 46
211 410
211 149
211 171
211 84
211 199
410 483
410 19
410 401
410 109
486 155
486 319
486 267
23 130
23 480
23 400
23 26
23 226
130 213
130 306
42 229
42 363
42 61
42 64
229 349
229 254
229 485
229 311
448 135
448 237
139 427
139 4
139 246
427 48
427 25
427 171
270 77
270 445
270 369
270 119
279 321
279 379
279 181
279 248
321 475
321 378
321 368
321 414
1 493
1 340
1 9
1 64
1 148
493 377
493 38
493 41
493 305
324 472
324 159
324 92
472 400
472 95
472 475
149 488
149 45
149 461
149 253
206 224
206 217
206 282
206 218
224 458
224 138
224 281
7 127
7 67
7 322
7 132
7 104
127 496
127 312
127 488
127 17
13 58
13 192
13 173
13 220
13 278
58 133
58 422
58 413
58 96
400 467
400 301
400 73
467 306
467 157
467 436
480 116
480 394
480 342
263 349
263 34
263 29
263 46
263 497
349 317
349 15
349 431
12 358
12 479
12 215
12 330
358 107
358 106
358 440
267 468
267 292
468 78
468 73
468 403
468 92
105 406
105 144
105 386
105 454
406 369
406 323
406 452
406 74
11 465
11 301
11 146
11 238
30 412
30 303
30 293
30 350
412 71
412 398
412 218
412 100
282 461
282 86
112 338
112 329
112 4
416 336
416 475
174 276
174 181
174 401
174 161
276 350
276 340
276 261
79 124
79 137
79 277
124 454
124 102
124 380
124 218
70 304
70 408
70 409
70 500
304 340
304 114
304 180
304 275
250 500
250 326
250 305
250 212
250 77
500 387
500 317
479 182
479 215
479 457
20 74
20 342
20 102
20 455
20 29
74 179
74 38
18 379
18 178
18 366
18 213
379 31
379 469
217 359
217 277
217 312
359 327
359 262
359 370
359 495
49 366
49 51
49 198
49 210
366 438
366 251
233 97
233 191
164 469
164 297
164 387
164 288
469 498
469 37
71 241
71 388
71 215
71 118
241 22
241 268
241 231
241 492
203 460
203 300
460 153
460 471
460 446
460 393
363 249
363 414
363 454
363 208
26 129
26 252
214 391
214 482
214 21
22 473
22 278
22 322
22 484
15 116
15 172
15 198
15 477
116 189
116 430
53 252
53 199
53 418
192 200
192 392
192 290
192 381
137 294
137 418
137 255
137 353
299 405
299 196
299 177
299 232
405 87
405 99
405 160
405 495
248 425
248 92
248 191
293 331
293 269
293 144
293 352
331 413
331 117
331 115
340 102
150 128
150 381
66 288
66 140
66 407
66 295
66 451
288 272
288 220
194 473
194 332
194 161
194 389
194 78
473 156
473 220
473 159
138 429
138 256
138 122
429 188
429 46
429 47
429 373
52 389
52 106
52 204
52 436
52 100
389 466
389 314
292 487
292 424
487 237
487 17
487 266
487 347
308 431
308 444
308 156
308 371
308 409
431 221
431 147
431 31
141 249
141 395
141 55
141 417
144 376
144 390
144 36
140 330
140 245
140 161
140 481
330 318
330 462
255 497
255 260
464 72
464 157
464 220
230 260
230 252
230 419
230 60
230 422
260 68
260 337
260 172
24 420
24 48
24 403
24 353
420 177
420 478
420 245
179 443
179 55
179 348
179 187
443 259
443 352
443 272
160 314
419 461
419 485
419 376
461 215
461 277
444 39
444 484
268 408
268 205
268 87
268 104
408 289
408 323
408 162
360 491
360 481
360 266
360 283
491 476
491 62
491 72
411 98
411 239
411 169
411 69
35 62
35 64
35 153
35 156
35 169
62 403
62 129
353 451
353 123
353 466
451 440
451 239
451 422
386 207
386 385
220 336
336 326
336 142
336 238
153 418
153 374
285 348
285 338
171 187
171 409
171 450
187 403
187 350
99 278
99 319
99 176
317 131
317 226
10 247
10 17
10 184
10 98
10 354
247 252
247 75
247 68
326 281
166 17
166 497
166 474
166 418
114 392
114 495
114 44
391 76
391 47
391 8
391 89
143 367
143 135
143 258
143 346
143 142
367 221
367 175
481 434
332 382
332 417
332 135
332 208
382 471
382 169
382 455
382 249
425 364
425 19
425 371
72 428
72 395
72 207
428 436
428 176
428 392
477 38
477 409
477 338
212 322
212 97
212 176
212 352
182 159
182 235
182 385
14 343
14 388
14 315
14 148
14 142
343 272
343 123
343 266
343 497
133 294
133 295
133 87
294 109
294 271
294 399
200 417
200 4
200 300
440 378
440 261
3 449
3 388
3 107
449 275
449 445
449 306
189 496
189 25
189 152
189 65
496 188
496 151
496 16
97 350
97 283
97 298
8 155
8 235
8 335
8 83
155 83
155 303
155 104
159 172
159 113
73 175
73 414
180 261
180 387
180 313
278 296
305 157
305 393
272 176
86 195
86 398
86 76
86 38
195 327
195 132
195 251
178 314
178 39
178 196
178 63
314 80
314 254
36 213
36 68
80 146
80 257
80 287
413 392
413 205
413 89
75 307
75 106
75 423
307 303
307 372
318 119
318 60
318 372
37 51
37 208
37 161
51 465
51 409
51 368
261 231
333 458
333 186
333 253
333 346
458 478
239 183
239 290
17 338
338 245
380 390
380 146
390 342
390 457
4 364
4 191
269 45
269 395
269 57
226 368
226 61
226 157
368 169
368 186
19 118
19 296
19 478
118 370
118 372
118 254
98 126
98 320
256 476
256 311
476 251
476 257
476 311
392 281
65 499
499 151
499 369
499 100
424 55
424 450
424 319
395 399
395 237
89 484
89 498
89 306
484 188
484 295
55 342
55 313
342 315
471 63
471 298
122 252
122 191
122 271
498 177
498 237
45 273
45 67
45 210
83 152
152 309
183 128
183 287
183 172
287 296
287 128
296 184
352 462
352 430
462 407
462 483
462 303
454 231
196 385
196 298
329 9
329 126
9 430
9 132
9 205
488 346
488 84
76 414
76 371
157 175
129 57
177 25
177 16
87 64
87 102
401 452
401 221
452 483
452 90
191 69
298 445
298 115
445 181
482 146
482 457
281 142
327 81
327 109
327 259
188 295
370 208
370 301
370 61
126 398
126 254
34 57
34 46
131 69
131 50
131 430
131 354
249 474
135 387
213 438
259 394
259 173
259 483
376 119
376 84
61 325
388 21
388 347
407 492
378 404
378 162
117 251
117 210
117 313
50 197
50 16
50 474
50 6
197 466
197 90
169 319
438 423
438 385
253 417
417 184
483 325
210 312
210 377
312 90
207 68
207 466
207 246
258 107
258 313
258 434
258 69
29 41
474 113
39 354
39 257
39 90
446 273
446 115
446 136
64 31
147 205
147 283
175 289
95 404
95 221
465 101
465 31
132 295
132 364
403 106
199 231
199 38
309 262
113 323
113 374
113 67
323 301
323 393
377 100
377 128
478 277
478 81
369 277
369 399
204 77
204 262
204 337
47 186
385 246
399 148
399 455
273 347
273 434
273 381
231 364
275 455
275 31
275 372
455 235
119 492
301 423
364 84
257 221
257 436
96 381
96 492
96 262
96 373
381 450
136 148
136 371
283 297
297 492
297 335
128 161
21 184
21 186
184 387
266 374
436 466
354 92
354 48
173 289
173 238
289 123
81 84
232 101
232 485
235 271
235 348
495 101
495 60
148 335
48 374
48 123
320 181
238 77
142 335
394 450
394 41
57 457
347 271
347 434
374 398
44 63
348 325
60 337
337 254
41 300
300 325
109 186
107 46
63 371
92 162
262 246
335 208
151 373
67 123
434 6
162 373
6 325
