2000 5000
1886 1933
1886 155
1886 409
1886 1089
1886 1119
1933 135
1933 1930
1933 1588
1933 1583
22 438
22 10
22 1760
22 1086
22 1937
438 1367
438 983
438 1945
438 1570
1283 1411
1283 1043
1283 68
1283 1301
1283 1293
1411 855
1411 887
1411 514
1411 1393
562 1614
562 1422
562 609
562 654
562 1973
1614 754
1614 1334
1614 9
1614 857
355 1550
355 1802
355 750
355 222
355 756
1550 1000
1550 899
1550 31
1550 1821
159 443
159 990
159 189
159 964
159 824
443 138
443 125
443 1819
443 391
1213 1840
1213 292
1213 92
1213 1942
1213 1481
1840 1680
1840 1175
1840 15
1840 1566
1188 1258
1188 1598
1188 1154
1188 183
1188 1450
1258 1326
1258 366
1258 492
1258 64
731 790
731 1419
731 1060
731 1042
731 1231
790 1770
790 1963
790 1440
790 1683
923 960
923 1201
923 1746
923 36
923 31
960 1571
960 701
960 1106
960 1416
720 860
720 1792
720 714
720 1112
720 1252
860 632
860 1273
860 1570
860 618
320 1155
320 1775
320 1642
320 1549
320 612
1155 1096
1155 1429
1155 1978
1155 60
1612 1707
1612 1828
1612 431
1612 610
1612 979
1707 1119
1707 1998
1707 1400
1707 1334
460 677
460 910
460 840
460 289
460 747
677 1813
677 545
677 1610
677 515
1606 1892
1606 659
1606 1800
1606 399
1606 728
1892 1408
1892 921
1892 1978
1892 1791
708 927
708 1523
708 1967
708 229
708 387
927 1015
927 941
927 250
927 1666
584 1386
584 1575
584 1738
584 1564
584 1211
1386 1995
1386 1419
1386 1017
1386 172
551 1209
551 261
551 815
551 1030
551 533
1209 249
1209 1201
1209 356
1209 544
1828 1934
1828 1125
1828 785
1828 1051
1340 1369
1340 1249
1340 121
1340 1471
1340 1693
1369 475
1369 865
1369 1173
1369 1909
53 932
53 133
53 618
53 447
53 1135
932 217
932 1703
932 535
932 900
1543 1728
1543 78
1543 147
1543 1999
1543 1665
1728 1950
1728 700
1728 402
1728 516
57 1576
57 832
57 1058
57 199
57 1711
1576 1585
1576 406
1576 556
1576 1059
800 866
800 662
800 516
800 871
800 1183
866 1527
866 1716
866 1200
866 209
8 637
8 707
8 1687
8 1350
8 660
637 870
637 995
637 464
637 1541
1355 1384
1355 1272
1355 83
1355 801
1355 223
1384 242
1384 255
1384 968
1384 1422
207 1520
207 1064
207 40
207 335
207 480
1520 378
1520 1969
1520 531
1520 1328
508 694
508 27
508 1559
508 930
508 793
694 1462
694 35
694 1063
694 1039
826 1040
826 487
826 377
826 1329
826 1625
1040 1293
1040 1264
1040 808
1040 962
146 1281
146 1872
146 318
146 1046
146 1
1281 821
1281 1095
1281 410
1281 1259
70 468
70 727
70 779
70 1993
70 628
468 568
468 1282
468 1512
468 963
217 174
217 950
217 1916
217 805
65 1063
65 1826
65 1388
65 1251
65 1856
1063 1179
1063 1854
1063 319
746 1690
746 764
746 853
746 1958
746 1711
1690 1046
1690 321
1690 596
1690 1623
238 991
238 400
238 1127
238 1551
238 1931
991 330
991 1879
991 1497
991 1732
876 982
876 1912
876 601
876 652
876 175
982 1487
982 903
982 1591
982 1276
836 1849
836 225
836 14
836 1672
836 173
1849 1991
1849 1721
1849 1615
1849 354
760 807
760 75
760 1162
760 1271
760 1120
807 748
807 1103
807 1479
807 1602
68 1977
68 1004
68 852
68 1799
1977 523
1977 1158
1977 465
1977 396
1331 1562
1331 591
1331 183
1331 495
1331 1042
1562 371
1562 1749
1562 1303
1562 1858
1438 1661
1438 642
1438 1185
1438 1108
1438 1536
1661 1938
1661 465
1661 689
1661 428
1505 1836
1505 1339
1505 1705
1505 1966
1505 450
1836 1394
1836 1431
1836 137
1836 1057
1426 1506
1426 1404
1426 928
1426 867
1426 268
1506 17
1506 302
1506 203
1506 172
764 670
764 709
764 583
764 1718
1243 1570
1243 1798
1243 1800
1243 1537
1243 973
1570 337
1570 776
181 1746
181 454
181 732
181 969
181 1498
1746 1578
1746 1649
1746 1931
852 1685
852 416
852 912
852 1380
1685 1131
1685 425
1685 1959
1685 1584
759 1457
759 1648
759 1632
759 1941
759 1117
1457 868
1457 1535
1457 700
1457 822
1196 1229
1196 66
1196 326
1196 1807
1196 1422
1229 641
1229 1592
1229 422
1229 914
454 1760
454 411
454 573
454 1844
1760 359
1760 1404
1760 517
650 1177
650 17
650 314
650 553
650 1134
1177 827
1177 1393
1177 1940
1177 939
646 1701
646 362
646 1810
646 1107
646 142
1701 1664
1701 1967
1701 1273
1701 133
24 1654
24 572
24 1185
24 804
24 1835
1654 1786
1654 843
1654 93
1654 649
371 944
371 769
371 114
371 652
944 1872
944 1164
944 687
944 894
202 1926
202 256
202 489
202 586
202 1616
1926 645
1926 1935
1926 1820
1926 1445
596 1062
596 924
596 401
596 1553
1062 825
1062 1100
1062 1724
1062 1398
1036 1334
1036 1083
1036 1178
1036 1806
1036 285
1334 1140
1334 1166
1511 1627
1511 378
1511 107
1511 925
1511 1402
1627 2
1627 208
1627 461
1627 474
346 887
346 1486
346 1841
346 1348
346 533
887 1821
887 1178
887 882
277 299
277 1449
277 397
277 640
277 1481
299 289
299 1001
299 33
299 300
266 369
266 1496
266 1980
266 1054
266 59
369 737
369 1451
369 1006
369 1116
251 1000
251 127
251 1298
251 54
251 526
1000 975
1000 1595
1000 303
80 364
80 1041
80 1113
80 1573
80 1066
364 1790
364 1807
364 487
364 1294
612 898
612 1555
612 1484
612 201
898 231
898 1796
898 322
898 327
1462 726
1462 1306
1462 1663
1462 1261
1015 1288
1015 332
1015 1401
1015 419
1288 529
1288 1518
1288 38
1288 210
155 1827
155 1158
155 880
155 129
1827 1573
1827 1786
1827 1649
1827 1860
100 1891
100 1086
100 40
100 234
100 41
1891 1327
1891 1952
1891 1096
1891 1763
902 1532
902 872
902 357
902 1548
902 1253
1532 247
1532 1960
1532 413
1532 1392
1127 1879
1127 445
1127 1180
1127 314
1879 1225
1879 74
1879 1120
1516 1691
1516 389
1516 1405
1516 1320
1516 1112
1691 310
1691 449
1691 187
1691 1370
616 1663
616 851
616 1803
616 1486
616 619
1663 384
1663 349
1663 1850
1030 1946
1030 1380
1030 992
1030 1918
1946 651
1946 799
1946 882
1946 727
375 1951
375 1768
375 1396
375 397
375 36
1951 1969
1951 936
1951 1873
1951 600
984 1012
984 687
984 1251
984 1859
984 1544
1012 285
1012 1035
1012 1325
1012 1114
949 1994
949 942
949 409
949 1812
949 395
1994 588
1994 853
1994 1010
1994 1257
864 1361
864 171
864 1901
864 1227
864 1500
1361 1297
1361 1910
1361 1823
1361 725
1724 1990
1724 1266
1724 1877
1724 272
1990 239
1990 895
1990 1464
1990 791
149 332
149 1713
149 1028
149 344
149 154
332 1079
332 119
332 1655
1451 1831
1451 1304
1451 1972
1451 958
1831 175
1831 306
1831 1203
1831 1877
384 791
384 122
384 1987
384 1347
249 888
249 1261
249 946
249 67
1086 1406
1086 964
1086 387
339 1368
339 1678
339 674
339 1784
339 1694
1368 611
1368 1082
1368 1689
1368 1823
946 1551
946 1407
946 1145
946 968
1551 163
1551 773
1551 1704
110 498
110 1307
110 1471
110 1877
110 890
498 1308
498 931
498 387
498 1377
896 912
896 1033
896 1121
896 115
896 1394
912 776
912 617
912 50
1214 1487
1214 913
1214 473
1214 501
1214 1986
1487 1029
1487 614
1487 673
162 1856
162 1024
162 291
162 847
162 685
1856 453
1856 1455
1856 1938
408 1094
408 907
408 122
408 1112
408 672
1094 1983
1094 666
1094 569
1094 1397
1529 1764
1529 178
1529 1590
1529 884
1529 1280
1764 1796
1764 250
1764 446
1764 1935
213 1269
213 1980
213 1364
213 382
213 216
1269 1664
1269 345
1269 614
1269 1145
1033 183
1033 558
1033 937
1033 1793
261 522
261 1443
261 1285
261 327
522 697
522 55
522 360
522 96
367 689
367 356
367 1533
367 242
367 540
689 142
689 983
689 458
1314 1960
1314 36
1314 1636
1314 576
1314 174
1960 1291
1960 611
1960 1811
1730 1875
1730 670
1730 38
1730 1003
1730 1501
1875 838
1875 1673
1875 1866
1875 1629
577 1667
577 46
577 117
577 1989
577 1494
1667 1978
1667 1870
1667 1981
1667 4
1408 1595
1408 607
1408 835
1408 1956
1595 1947
1595 1502
1595 246
274 1629
274 1311
274 685
274 724
274 29
1629 1913
1629 972
1629 1748
561 676
561 1228
561 915
561 1077
561 1594
676 1815
676 564
676 1846
676 1409
72 219
72 1376
72 1664
72 968
72 657
219 1193
219 885
219 1357
219 774
1376 1791
1376 1771
1376 1356
1376 267
1791 172
1791 482
1791 588
1950 874
1950 633
1950 1687
1950 1027
845 1603
845 1483
845 1326
845 1770
845 230
1603 1284
1603 1870
1603 1475
1603 436
692 1095
692 916
692 1135
692 1929
692 232
1095 940
1095 624
1095 502
788 803
788 811
788 119
788 656
788 1066
803 733
803 640
803 1301
803 1541
239 1564
239 248
239 1324
239 1945
1564 1404
1564 1111
1564 381
466 523
466 1864
466 174
466 1035
466 1103
523 423
523 49
523 1442
117 1803
117 1234
117 84
117 1020
1803 862
1803 267
1803 815
254 1808
254 1452
254 1456
254 49
254 571
1808 1282
1808 710
1808 1454
1808 1862
625 1455
625 327
625 391
625 1988
625 94
1455 58
1455 1813
1455 188
1104 1197
1104 1286
1104 761
1104 1702
1104 208
1197 1563
1197 1433
1197 1780
1197 1265
744 854
744 1022
744 29
744 77
744 1855
854 693
854 1573
854 1014
854 317
1113 1394
1113 1261
1113 60
1113 771
1394 165
1394 258
101 933
101 908
101 1959
101 1811
101 1988
933 1504
933 579
933 1796
933 1481
997 1448
997 1652
997 1007
997 1057
997 1175
1448 169
1448 1330
1448 1403
1448 158
1575 1991
1575 45
1575 87
1575 1658
697 1628
697 1230
697 1357
697 1722
1280 1507
1280 1370
1280 724
1280 228
1507 14
1507 347
1507 111
1507 1025
633 1925
633 160
633 198
633 722
1925 440
1925 822
1925 1759
1925 1834
92 295
92 32
92 1490
92 1111
295 1037
295 480
295 372
295 719
148 1358
148 985
148 432
148 1936
148 199
1358 1993
1358 263
1358 1659
1358 863
888 505
888 585
888 1025
888 1246
434 1055
434 129
434 170
434 1023
434 1816
1055 426
1055 114
1055 1686
1055 1998
66 1073
66 999
66 1418
66 62
1073 1456
1073 1194
1073 723
1073 547
1567 1964
1567 493
1567 672
1567 1737
1567 1917
1964 409
1964 1301
1964 560
1964 673
284 1417
284 411
284 347
284 50
284 1919
1417 1630
1417 414
1417 389
1417 262
593 711
593 1021
593 250
593 450
593 839
711 1484
711 570
711 1593
711 394
628 1163
628 276
628 1513
628 869
1163 736
1163 762
1163 422
1163 515
1216 1333
1216 969
1216 1405
1216 1321
1216 787
1333 1903
1333 1191
1333 1695
1333 1937
237 783
237 1565
237 1863
237 1616
237 29
783 824
783 1309
783 1372
783 831
1282 362
1282 1146
1282 655
356 994
356 1132
356 1712
748 1120
748 212
748 45
748 594
1120 47
1120 290
20 381
20 1788
20 1233
20 1898
20 1072
381 655
381 1454
381 1748
166 206
166 872
166 733
166 796
166 396
206 1584
206 1935
206 1244
206 1045
224 1608
224 976
224 81
224 1753
224 1389
1608 1907
1608 913
1608 954
1608 1824
878 1351
878 979
878 404
878 1981
878 328
1351 1778
1351 879
1351 43
1351 552
491 905
491 1160
491 431
491 152
491 1003
905 1142
905 178
905 1922
905 440
907 1869
907 360
907 467
907 30
129 1492
129 132
129 1119
1492 1607
1492 750
1492 920
1492 469
40 1154
40 601
40 1038
1154 1432
1154 315
1154 1590
504 1783
504 1381
504 1124
504 1847
504 1660
1783 1678
1783 298
1783 475
1783 1346
34 1605
34 993
34 1776
34 1390
34 839
1605 660
1605 41
1605 1207
1605 60
1223 1241
1223 1539
1223 724
1223 768
1223 338
1241 268
1241 1736
1241 109
1241 1780
636 1710
636 502
636 509
636 1531
636 1825
1710 1944
1710 967
1710 1382
1710 318
1249 1644
1249 579
1249 580
1249 259
1644 423
1644 549
1644 1326
1644 1508
729 1083
729 192
729 1137
729 1607
729 795
1083 1914
1083 1236
1083 157
411 1447
411 361
411 840
1447 1344
1447 256
1447 416
1447 136
662 1099
662 1222
662 105
662 1176
832 1477
832 524
832 967
832 1928
1477 1675
1477 765
1477 190
1477 269
1060 1075
1060 1820
1060 1976
1060 49
1075 875
1075 688
1075 1609
1075 1371
1308 682
1308 1885
1308 58
1308 1149
527 1780
527 1465
527 1191
527 1377
527 1478
1780 903
1780 154
989 1545
989 1802
989 263
989 1894
989 915
1545 626
1545 1679
1545 526
1545 1165
680 1729
680 348
680 1601
680 1432
680 797
1729 906
1729 1846
1729 914
1729 464
74 1919
74 810
74 658
74 1434
1919 690
1919 950
1919 1537
17 1385
17 620
17 717
1385 1713
1385 726
1385 1144
1385 374
512 1098
512 656
512 607
512 957
512 120
1098 1074
1098 1807
1098 736
1098 1566
318 1498
318 1292
318 1962
1498 98
1498 341
1498 1005
1160 1554
1160 1225
1160 151
1160 1257
439 970
439 1172
439 470
439 1024
439 705
970 1360
970 124
970 819
970 1757
480 742
480 1646
480 1504
742 861
742 795
742 1149
742 109
732 1488
732 1703
732 1958
732 1986
1488 1132
1488 1668
1488 1353
1488 363
1738 99
1738 1996
1738 893
1738 837
455 1853
455 1395
455 1634
455 1737
455 1004
1853 926
1853 209
1853 61
1853 1653
283 349
283 1637
283 1432
283 1071
283 971
349 102
349 1530
349 524
1341 1717
1341 1019
1341 1744
1341 1294
1341 873
1717 1835
1717 1180
1717 1204
1717 1796
167 403
167 1930
167 1530
167 716
167 1402
403 728
403 643
403 379
403 1232
1678 582
1678 1403
1678 413
1290 1900
1290 1947
1290 1023
1290 739
1290 576
1900 1453
1900 557
1900 591
1900 396
185 1211
185 131
185 893
185 1867
185 1319
1211 220
1211 808
1211 1041
350 524
350 900
350 1245
350 1901
350 1904
524 1600
524 1404
673 1968
673 1396
673 1763
1968 1593
1968 1639
1968 280
1968 174
487 758
487 279
487 1476
758 1200
758 1439
758 1893
758 1822
45 413
45 1525
45 242
413 606
413 1641
1718 1825
1718 1336
1718 945
1718 23
1825 665
1825 1862
1825 449
969 1966
969 1563
969 1239
1966 1525
1966 1443
1966 675
651 1805
651 1415
651 302
651 1662
1805 1742
1805 1637
1805 241
1805 797
344 1096
344 851
344 399
344 980
1096 1103
1096 316
1328 1495
1328 775
1328 33
1328 1625
1495 1374
1495 1715
1495 1572
1495 1349
1796 1444
90 950
90 1383
90 663
90 1026
90 718
950 1799
950 1395
1628 1134
1628 177
1628 1917
1628 1208
1312 1672
1312 1913
1312 1014
1312 452
1312 495
1672 653
1672 1210
1672 1641
1766 1842
1766 766
1766 1364
1766 1126
1766 529
1842 589
1842 1699
1842 1115
1842 1756
1020 1271
1020 1563
1020 46
1020 1056
1271 1863
1271 586
1271 1684
956 1744
956 1366
956 1706
956 1450
956 953
1744 1953
1744 49
1744 1317
1432 1444
1432 1775
1444 465
1444 1634
1444 1708
1187 1613
1187 1812
1187 1905
1187 1267
1187 1174
1613 1441
1613 835
1613 1353
1613 1867
11 1192
11 1420
11 164
11 1580
11 1932
1192 173
1192 63
1192 1252
1192 309
1260 1862
1260 605
1260 1110
1260 1247
1260 453
1862 678
1862 12
141 484
141 1720
141 137
141 1256
141 808
484 961
484 993
484 1483
484 1530
1273 1801
1273 188
1273 606
1801 1080
1801 132
1801 351
1801 913
526 820
526 482
526 1144
820 267
820 463
820 1514
820 629
567 592
567 1324
567 892
567 271
567 867
592 357
592 1256
592 1555
592 886
656 1656
656 1237
656 1162
400 1647
400 1041
400 412
400 627
1647 503
1647 1202
1647 1294
1647 158
544 645
544 1546
544 426
544 118
645 348
645 844
645 432
718 1929
718 1124
718 1262
718 1897
1929 331
1929 1179
1929 228
699 1687
699 69
699 603
699 1097
699 385
1687 1652
1687 799
7 1837
7 1176
7 1785
7 122
7 1052
1837 312
1837 608
1837 583
1837 696
1228 1806
1228 840
1228 1415
1228 615
891 1857
891 91
891 1845
891 1392
891 170
1857 182
1857 639
1857 623
1857 1659
1428 1981
1428 1222
1428 901
1428 1777
1428 271
1981 399
1981 528
1775 1956
1775 170
1775 1326
39 1762
39 1779
39 908
39 755
39 935
1762 280
1762 414
1762 710
1762 272
900 1829
900 1138
900 163
828 1693
828 557
828 1480
828 442
828 1463
1693 477
1693 841
1693 1574
580 1362
580 1148
580 745
580 517
1362 76
1362 486
1362 948
1362 501
423 1064
423 812
423 1781
627 885
627 150
627 1051
627 881
885 37
885 25
885 883
1289 1758
1289 814
1289 1138
1289 1238
1289 1058
1758 829
1758 1170
1758 1611
1758 755
838 839
838 1195
838 1265
838 1108
839 342
839 824
822 831
822 1317
822 1161
831 791
831 908
831 297
197 779
197 316
197 1656
197 1651
197 540
779 1474
779 1395
779 1327
1224 1814
1224 458
1224 1193
1224 1316
1224 76
1814 1008
1814 521
1814 376
1814 306
1585 1756
1585 909
1585 542
1585 1194
1756 973
1756 1699
1756 926
28 741
28 426
28 1133
28 1742
28 1623
741 1682
741 1739
741 538
741 1547
540 1118
540 245
540 1215
1118 1741
1118 262
1118 435
1118 606
910 1883
910 1322
910 382
910 846
1883 1740
1883 317
1883 107
1883 291
46 1549
46 334
46 1242
1549 419
1549 865
1549 171
1124 954
1124 143
1124 1159
1698 1818
1698 1617
1698 1028
1698 383
1698 1088
1818 549
1818 1429
1818 69
1818 246
901 1245
901 1721
901 1212
901 1705
1245 1366
1245 1953
1245 1105
589 1424
589 1526
589 952
589 814
1424 617
1424 1789
1424 69
1424 1276
2 1052
2 194
2 712
2 13
611 1708
611 1043
611 570
1708 1009
1708 281
1708 1655
231 707
231 1985
231 10
231 730
1615 1941
1615 1983
1615 1166
1615 490
1941 170
1941 1497
1941 604
37 1032
37 338
37 140
37 1255
1032 534
1032 1601
1032 530
1032 1436
1021 1572
1021 855
1021 1526
1021 667
240 1391
240 695
240 179
240 241
240 275
1391 771
1391 588
1391 936
1391 307
784 1720
784 513
784 1578
784 1896
784 602
1720 599
1720 663
1720 965
605 1489
605 1039
605 288
605 338
1489 1347
1489 749
1489 164
1489 424
145 1504
145 446
145 947
145 1403
145 1876
1504 1610
1504 644
538 1435
538 1866
538 1922
538 1552
1435 653
1435 1618
1435 1293
1435 1170
1219 1833
1219 1794
1219 1093
1219 499
1219 368
1833 738
1833 659
1833 1873
1833 433
582 724
582 1090
582 1665
582 1176
724 1305
1205 1898
1205 1140
1205 333
1205 1934
1205 1757
1898 120
1898 308
1898 430
1387 1646
1387 1896
1387 1681
1387 492
1387 1300
1646 366
1646 79
1646 1230
409 1203
409 352
603 1722
603 604
603 461
603 1666
1722 260
1722 825
1722 837
837 1852
837 1942
837 1343
1852 1031
1852 1519
1852 1974
1852 1366
1484 1379
1484 1346
1484 1976
99 1105
99 1912
99 1366
99 1657
1105 681
1105 1963
1105 1107
737 321
737 1373
737 1227
737 1407
1790 1074
1790 1335
1790 652
1790 1755
218 275
218 1515
218 1182
218 1231
218 294
275 733
275 147
275 449
653 139
653 1588
653 1750
1158 398
1158 488
1158 1894
1906 1958
1906 599
1906 940
1906 1830
1906 292
1958 23
1958 889
1381 1844
1381 1404
1381 1116
1381 620
1844 1874
1844 796
1844 1669
289 865
289 1410
289 1961
865 114
865 1420
127 1998
127 1247
127 773
127 1812
1998 280
1998 1278
706 1382
706 133
706 310
706 144
706 421
1382 1600
1382 1182
1382 1582
73 715
73 1190
73 1851
73 1152
73 1208
715 661
715 119
715 1781
715 392
1294 1552
1294 644
1552 258
1552 1207
1552 869
222 286
222 778
222 1123
222 1556
286 269
286 847
286 723
286 536
3 1410
3 473
3 87
3 1140
3 1310
1410 459
1410 1486
1410 392
314 1043
314 609
314 965
1043 19
1043 104
1031 608
1031 568
1031 38
1031 1122
1471 1895
1471 116
1471 911
1895 418
1895 925
1895 547
1895 682
707 158
707 1016
707 1686
1317 1657
1317 811
1317 610
1657 702
1657 1599
1657 179
1572 1681
1572 886
1572 586
1681 447
1681 1634
1681 1797
398 716
398 1087
398 617
398 1923
668 753
668 407
668 604
668 761
668 606
753 773
753 710
753 1795
753 1907
850 1696
850 665
850 918
850 1227
850 1826
1696 1774
1696 150
1696 1389
1696 43
595 1406
595 177
595 290
595 422
595 1974
1406 309
1406 1943
1406 1794
639 1863
639 1688
639 1138
639 777
1863 1588
1863 513
868 1754
868 1674
868 1971
868 208
1676 1896
1676 1880
1676 1470
1676 287
1676 1329
1896 679
1896 1673
824 1244
824 1464
812 1296
812 1392
812 940
812 1609
1296 806
1296 1624
1296 1085
1296 528
842 1175
842 1769
842 955
842 453
842 1246
1175 712
1175 1689
1007 1508
1007 1136
1007 1742
1007 200
1508 920
1508 786
1508 294
432 1011
432 1877
432 1556
1011 678
1011 1526
1011 150
1011 1388
228 952
228 1807
228 785
952 1854
952 227
952 1373
477 557
477 1851
477 830
477 230
1019 1747
1019 190
1019 2000
1019 934
1747 1081
1747 311
1747 210
1747 1499
1172 1542
1172 644
1172 10
1172 566
1794 1972
1794 1914
1794 33
1972 83
1972 767
1972 1517
695 1771
695 558
695 985
695 4
1771 770
1771 1639
1771 81
78 963
78 91
78 647
78 1867
96 136
96 1232
96 1645
96 461
136 795
136 1835
136 977
528 1779
528 942
528 330
1779 324
1779 44
1779 1607
1648 1774
1648 943
1648 1993
1648 810
170 1253
1253 1788
1253 233
1253 1044
135 774
135 290
135 1636
135 590
774 1367
774 693
774 108
76 1461
76 406
76 98
1969 1793
1969 1686
1969 769
98 855
98 1149
98 735
855 1181
855 531
1983 50
1983 810
1983 510
655 951
655 1634
655 300
644 1259
644 1735
663 1307
663 86
663 1274
1307 1318
1307 1311
1307 1359
220 966
220 781
220 1207
220 619
966 770
966 1240
966 559
966 1957
294 1440
294 1383
294 642
1440 165
1440 601
1440 315
128 1902
128 108
128 467
128 1636
128 1378
1902 1342
1902 904
1902 647
1902 924
16 678
16 1168
16 1070
16 1190
16 263
678 1443
678 1528
62 1319
62 187
62 849
62 406
1319 1143
1319 871
1319 1773
405 1887
405 1706
405 529
405 937
405 1733
1887 1311
1887 1458
1887 734
1887 947
716 452
716 497
716 373
778 1122
778 1904
778 1903
778 703
1122 925
1122 1144
1122 1861
437 563
437 226
437 709
437 1992
437 1180
563 1490
563 1292
563 1456
563 469
312 797
312 1170
312 1458
312 1565
797 531
797 794
1318 1480
1318 182
1318 772
1318 64
1480 184
1480 545
1480 48
321 1785
321 345
321 1067
1785 1322
1785 496
1785 497
1740 1405
1740 1607
1740 587
1740 211
372 555
372 1210
372 647
372 1251
555 552
555 657
555 1270
555 1734
1284 537
1284 138
1284 264
1284 1375
183 669
183 772
1778 1752
1778 1499
1778 670
1778 957
150 1347
150 335
793 962
793 1061
793 1357
793 811
962 728
962 751
962 1165
358 1559
358 205
358 1732
358 1894
358 264
1559 602
1559 959
1559 1028
67 858
67 1087
67 1571
67 36
858 18
858 1257
858 1309
858 345
435 1025
435 884
435 789
435 412
1025 329
1025 765
1598 1655
1598 1383
1598 1392
1598 1274
1655 626
1655 1295
242 1221
242 954
1573 1298
1573 1637
1473 1889
1473 939
1473 1419
1473 445
1473 1360
1889 1631
1889 1748
1889 1819
1889 1832
172 1554
172 972
1554 481
1554 313
1554 1278
652 730
652 205
730 928
730 1594
730 1169
18 750
18 756
18 1660
18 1666
587 749
587 536
587 1278
587 1286
749 32
749 50
749 1110
1786 178
1786 1976
1786 685
733 1726
733 1908
63 1503
63 1674
63 1194
63 608
1503 298
1503 1932
1503 829
1503 293
233 1914
233 554
233 1390
233 1403
1914 1132
1914 990
176 1151
176 268
176 705
176 1235
176 1911
1151 1412
1151 1139
1151 618
1151 1616
1132 958
1132 867
1049 1719
1049 1967
1049 1947
1049 709
1049 1745
1719 535
1719 1535
1719 1542
1719 103
1276 1846
1276 352
1276 1924
1846 1255
1846 1090
851 916
851 122
851 396
916 939
916 310
916 1533
1537 1658
1537 1485
1537 12
1658 1561
1658 967
1658 1597
1912 302
1912 578
1912 1586
979 1101
979 1137
979 922
1101 1577
1101 1359
1101 856
1101 669
343 631
343 564
343 1711
343 1393
343 935
631 1
631 137
631 1589
631 1995
1142 1509
1142 1077
1142 1776
1142 576
1509 14
1509 1130
1509 1942
1509 60
713 1332
713 600
713 558
713 1609
713 1373
1332 844
1332 351
1332 1286
1332 1961
501 924
501 1479
501 1141
924 792
924 780
736 1501
736 1804
736 152
1501 298
1501 116
1501 1327
703 1324
703 387
703 89
703 621
1324 579
1324 691
672 698
672 1795
672 546
698 313
698 1816
698 1490
698 43
250 1463
250 214
1463 25
1463 1874
1463 390
322 814
322 785
322 921
322 531
814 1931
814 705
270 883
270 1692
270 993
270 1711
270 1161
883 1590
883 1539
883 1275
1802 1456
1802 300
1802 1957
1866 590
1866 192
1866 1851
1523 994
1523 1054
1523 1313
1523 1517
1593 1916
1593 1128
1593 1616
1916 1583
1916 518
1916 930
300 1176
300 1873
1176 1954
1639 1739
1639 809
1639 1389
1739 1416
1739 10
1739 497
64 118
64 330
64 629
118 15
118 497
118 157
802 1050
802 1085
802 1812
802 1419
802 1621
1050 926
1050 253
1050 303
1050 1485
420 948
420 897
420 1178
420 374
420 442
948 1259
948 920
948 1602
632 1807
632 1029
632 71
632 1502
649 1939
649 1819
649 1445
649 751
1939 1871
1939 1757
1939 1254
1939 282
1240 1626
1240 1502
1240 1809
1240 385
1626 613
1626 243
1626 893
1626 1830
173 1070
173 1910
173 27
811 1220
811 348
1220 232
1220 882
1220 401
1220 1185
1754 441
1754 195
1754 196
1754 618
727 988
727 476
727 1221
131 1705
131 330
131 1431
131 1864
789 1582
789 111
789 848
789 1468
1582 1618
1582 469
1582 1499
182 798
182 521
182 1928
594 1757
594 397
594 1662
594 863
1757 1860
974 1749
974 1995
974 205
974 362
974 965
1749 643
1749 1263
1749 1553
728 690
728 847
265 269
265 252
265 1167
265 1089
265 947
269 1195
269 768
1664 1377
1664 1510
31 856
31 1830
31 102
856 1433
856 456
856 1621
1526 1996
1526 1586
1996 530
1996 1067
1996 787
1652 681
1652 190
1652 329
194 739
194 1787
194 1954
194 1697
739 1793
739 1167
739 549
827 1306
827 621
827 1146
827 1643
1372 1650
1372 573
1372 1363
1372 142
1650 223
1650 190
1650 1338
1650 622
690 1064
690 175
690 1452
1064 1068
1064 88
1643 1884
1643 683
1643 618
1643 1824
1884 904
1884 1114
1884 535
1884 1973
1874 1293
1874 378
1874 1733
446 1236
446 930
446 1522
525 1899
525 1712
525 892
525 942
525 120
1899 125
1899 843
1899 1184
1899 1765
509 1137
509 1557
509 1725
509 1949
1137 1201
1137 1797
56 108
56 1733
56 178
56 1695
56 236
108 1465
108 1190
138 667
138 1500
138 200
659 1336
659 909
659 890
754 493
754 1212
754 1005
754 216
1675 1930
1675 624
1675 1711
1675 1540
1930 1937
1930 988
1045 1534
1045 961
1045 1705
1045 590
1534 113
1534 428
1534 1279
1534 154
260 302
260 1868
260 47
260 1300
1360 579
1360 1865
1360 1297
1099 107
1099 1373
1099 542
1099 139
495 922
495 1635
495 449
922 1206
922 1560
922 1379
395 755
395 925
395 643
395 193
755 1038
755 247
1305 1959
1305 12
1305 1928
1305 714
1959 241
1959 1824
348 1993
348 337
721 1679
721 986
721 210
721 798
721 571
1679 1815
1679 963
1679 534
357 1402
357 1135
357 309
1402 1811
1402 767
862 1363
862 1166
862 1586
862 1454
1322 765
1322 1339
1322 1072
515 1961
515 1619
515 1482
1961 1538
1961 1215
262 1515
262 1465
262 1157
1515 1078
1515 144
1515 1596
687 1847
687 1870
687 818
669 1610
669 204
669 1396
1610 27
1610 1659
473 1822
473 1461
473 1949
1854 1659
1854 1034
1854 1829
75 763
75 85
75 1423
75 1703
763 1048
763 1897
763 1558
763 1010
704 1459
704 481
704 609
704 1787
704 1845
1459 47
1459 999
1459 1344
1459 1210
1531 1911
1531 934
1531 1565
1531 1347
1911 1540
1911 178
1911 1811
1078 1377
1078 1323
1078 1092
1078 1039
1377 1225
85 404
85 338
85 1915
85 1070
404 1233
404 1823
404 191
1443 406
1443 873
559 1980
559 334
559 436
559 1325
1980 1581
1980 462
1359 1804
1359 1997
1359 532
1804 1370
1804 1855
1804 1052
712 701
712 278
712 740
1349 1732
1349 843
1349 875
1349 597
1732 133
1732 973
1583 1670
1583 786
1583 1553
1670 1770
1670 492
1670 1765
1670 833
903 1682
903 5
903 859
1682 1970
1682 622
1682 1917
235 994
235 425
235 955
235 757
235 123
994 1026
994 461
1446 1557
1446 1439
1446 514
1446 436
1446 541
1557 614
1557 1300
1557 841
139 1927
139 1975
139 1106
1412 1680
1412 263
1412 257
1412 867
1680 418
1680 1189
1680 489
1109 1642
1109 1074
1109 1300
1109 1024
1109 1577
1642 88
1642 157
1642 776
305 541
305 776
305 547
305 1715
305 1580
541 621
541 199
541 1254
69 264
69 370
264 79
264 1039
456 710
456 1556
456 750
456 1042
710 1057
1768 1174
1768 841
1768 1148
1768 634
1370 1256
1370 781
1712 230
1712 847
1712 496
938 1881
938 1003
938 1315
938 1004
938 1700
1881 985
1881 530
1881 1116
1881 1059
881 1761
881 996
881 1352
881 1734
1761 503
1761 1165
1761 1580
1761 859
1250 1335
1250 1482
1250 536
1250 1669
1250 396
1335 516
1335 195
1335 1102
939 1222
939 1429
1769 1641
1769 77
1769 1587
1769 410
1169 1935
1169 1056
1169 1624
1169 1861
1935 1001
1074 602
1074 1081
786 1645
786 1315
786 973
1645 122
1645 1917
1645 1327
125 999
125 1847
125 184
1782 1869
1782 1792
1782 380
1782 1302
1782 1938
1869 942
1869 602
1869 1179
1383 389
1383 1843
738 571
738 1638
738 1535
738 444
126 259
126 1957
126 833
126 1274
126 58
259 1091
259 959
259 1587
1029 1461
1029 919
1029 1574
189 1776
189 1954
189 1820
189 1597
1776 1449
1776 1871
1300 1987
1987 794
1987 1189
1987 1134
1656 83
1656 1085
1656 766
186 1212
186 1699
186 1244
186 1855
186 1409
1212 981
1212 292
363 1784
363 1755
363 1491
363 1191
1784 1763
1784 1878
1784 1716
1266 1292
1266 1843
1266 893
1266 1034
1292 1130
1292 1422
1967 89
1967 909
1792 1005
1792 1704
1792 1159
191 1677
191 1812
191 591
191 1321
1677 1548
1677 5
1677 168
1677 499
232 415
232 331
232 1235
614 212
614 1270
1304 1705
1304 539
1304 340
1304 943
770 941
770 1041
770 1640
1468 1547
1468 315
1468 1363
1468 410
1547 379
1547 1301
1547 26
244 1166
244 1225
244 1201
244 520
244 112
1166 1985
83 801
83 105
693 1357
693 1590
693 51
1482 937
1482 1184
1482 1538
1126 1904
1126 1850
1126 475
1126 1633
1904 769
1904 1773
1143 661
1143 1817
1143 906
1143 1159
415 79
415 211
415 1584
415 1750
77 1524
77 635
77 1034
1524 1427
1524 41
1524 93
1524 481
1953 393
1953 1111
1953 1179
1041 607
1449 671
1449 171
1449 374
482 1180
482 407
482 389
338 142
362 1945
362 1936
1799 929
1799 377
1799 1725
327 1535
327 340
407 1291
407 1641
407 879
1291 1392
1291 1860
1291 1423
641 1418
641 257
641 351
641 986
160 81
160 1405
160 1409
160 1893
685 1272
685 890
1272 116
1272 1320
1272 553
1080 12
1080 1956
1080 390
1080 565
821 1584
821 1821
821 1184
821 1485
79 959
79 1059
278 1298
278 1592
278 347
278 35
1298 648
1298 1027
133 1277
1255 1923
1255 835
1255 55
1923 762
1923 292
1923 1018
1607 424
389 225
1546 1843
1546 1133
1546 1399
1546 1858
1843 799
1843 1579
1741 1789
1741 877
1741 535
1741 1102
1789 1379
1789 1018
1789 465
536 1162
536 1467
1162 1353
1162 1434
1396 1013
1396 394
1577 1207
1577 180
1577 1734
961 485
961 1979
961 1239
1150 1735
1150 1845
1150 44
1150 1084
1150 806
1735 1921
1735 1702
1735 296
925 196
496 945
496 1635
496 1581
945 1513
945 1838
945 1865
1815 870
1815 560
1815 26
781 258
781 471
781 818
564 1345
564 30
564 1727
1345 1398
1345 550
1345 834
1345 1416
493 647
493 192
493 1521
647 1689
1198 1631
1198 1927
1198 1125
1198 657
1198 93
1631 361
1631 1458
1631 1566
904 1184
904 725
904 1971
1184 539
255 1004
255 256
255 1106
255 1737
1004 1217
511 701
511 1574
511 1533
511 998
511 360
701 152
701 1743
29 1186
29 26
1186 319
1186 392
1186 1374
1186 1921
457 1367
457 1569
457 414
457 1478
457 1342
1367 1666
1367 775
1811 823
1733 1097
1733 463
1079 1061
1079 1013
1079 1864
1079 648
1872 534
1872 19
1872 1135
1365 1636
1365 325
1365 1922
1365 311
1365 361
1636 279
1659 391
391 1337
391 1199
664 771
664 335
664 1316
664 1415
664 1465
771 1604
771 1416
1398 671
1398 629
1398 188
951 505
951 25
951 1237
951 1339
1009 431
1009 451
1009 1238
1009 1053
184 548
184 1476
184 675
548 586
548 1420
548 1475
548 1591
870 971
870 1168
870 1592
1405 1697
1414 1649
1414 205
1414 23
1414 1399
1414 479
1649 459
1649 470
875 1683
875 19
875 1535
507 679
507 1297
507 433
507 1195
507 1065
679 1108
679 345
679 86
539 897
539 1622
539 1604
897 1809
897 1924
897 1470
226 914
226 1338
226 81
226 48
1991 993
1991 1940
1991 520
1200 1046
1200 1850
1200 1042
670 1901
670 1940
21 1321
21 1861
21 930
21 248
21 116
1321 1420
1321 955
661 777
661 1788
661 310
602 804
1168 1714
1168 578
1168 1867
1714 1752
1714 1669
1714 112
1714 517
459 1668
459 743
459 440
1668 1374
1668 1864
1668 1502
810 1016
810 273
171 971
171 1066
1262 1152
1262 1742
1262 494
1262 1111
341 1275
341 272
341 986
341 1909
1275 1076
1275 1528
1275 1100
198 472
198 329
198 1165
198 1206
472 1743
472 1003
472 1533
472 1112
337 1237
337 95
337 834
1561 1592
1561 252
1561 1146
1561 317
82 1694
82 1299
82 1586
82 475
82 1323
1694 1026
1694 1465
1694 490
957 1894
957 1189
957 928
1894 1954
816 1918
816 1721
816 1522
816 895
816 726
1918 109
1918 683
1918 1927
768 975
768 417
768 1022
975 1191
975 931
975 1388
1222 1787
1222 97
342 988
342 215
342 1876
342 1878
988 366
988 1346
799 1174
799 1215
1008 1199
1008 1942
1008 1437
1008 421
1199 1356
1199 419
1199 1035
640 378
640 750
640 806
993 660
123 1479
123 465
123 514
123 390
1479 947
1479 654
330 1512
1297 1114
1297 1044
188 534
188 1988
534 1997
684 1115
684 1037
684 1965
684 1434
684 140
1115 604
1115 568
1115 696
1190 1542
1190 26
200 1002
200 476
200 1164
1002 1940
1002 463
1002 1839
1002 1231
1461 42
1461 51
1418 848
1418 1010
1418 1210
88 1700
88 1770
88 390
1700 978
1700 1071
1700 817
1574 268
1574 995
726 1264
726 313
1893 1955
1893 757
1893 1141
1955 290
1955 448
1955 1634
1955 208
752 818
752 84
752 462
752 448
752 382
818 1409
818 1723
886 1928
886 156
886 1490
1870 1971
1870 597
1971 1082
1971 1375
280 1442
280 1268
1584 469
414 1522
414 4
290 1878
607 740
607 894
1363 1313
1363 996
617 1409
617 1496
71 433
71 1910
71 1839
71 33
433 1084
433 58
506 1822
506 658
506 359
506 1456
506 23
1822 1913
1822 419
688 1982
688 481
688 686
688 1085
806 1343
806 1202
968 1129
968 246
1129 1069
1129 857
1129 931
1129 431
967 1619
967 1745
335 215
335 103
1601 301
1601 1153
1601 1117
1441 1699
1441 1795
1441 441
1441 486
1699 1832
256 359
256 658
773 1121
773 971
84 385
84 958
84 104
385 1434
385 87
745 1851
745 417
745 1568
745 545
1851 1820
908 978
908 549
1944 980
1944 565
1944 804
1944 1130
1068 1723
1068 929
1068 42
1068 809
1723 691
1723 1609
1723 792
1569 353
1569 1491
1569 1059
1569 761
1592 1945
205 796
796 1336
796 638
660 153
660 1302
1871 292
1871 1167
1871 1527
353 462
353 293
353 1413
353 179
1189 1841
1189 1625
1841 120
1841 1839
1841 243
830 1908
830 1903
830 954
830 1053
1908 575
1908 554
1908 1510
937 815
937 1890
1028 1600
1028 1295
1600 352
1600 304
14 426
14 94
547 1970
547 383
1970 1
1970 1620
1970 1310
1692 1890
1692 230
1692 1378
1692 1242
700 751
700 273
700 1774
751 1731
751 1051
121 519
121 1984
121 196
121 1047
234 1061
234 553
234 1910
234 1591
134 1279
134 474
134 221
134 702
134 1979
1279 1798
1279 1848
1279 1082
1152 671
1152 1400
1152 630
180 1920
180 479
180 1888
180 416
1920 572
1920 486
1920 1956
1920 1513
211 1753
211 397
211 1544
308 1287
308 1476
308 787
308 756
1287 1715
1287 1934
1287 1995
1287 221
1835 565
1835 675
241 479
241 1350
479 1070
479 50
324 1416
324 1001
324 1246
324 621
503 298
503 1231
503 291
1264 1745
1264 316
1264 1638
1745 1088
1745 86
474 556
474 1915
474 373
1845 115
1845 1014
1527 1566
1527 1624
1527 1905
1566 735
422 877
422 258
877 1263
877 1357
877 619
359 1876
359 532
1379 780
1379 911
1697 1337
1697 1989
1697 1602
1179 859
113 1596
113 1995
113 272
113 570
1596 599
1596 326
1596 844
1422 124
505 392
505 1140
505 1034
4 606
4 1173
386 1425
386 230
386 1238
386 1838
386 1466
1425 115
1425 1006
1425 857
1425 1882
1476 666
1476 1521
247 215
247 345
247 1973
417 1943
417 1858
417 1809
1943 1090
1943 1054
1943 1834
1578 1864
1578 323
1578 801
871 1130
871 1420
871 243
1130 1464
1820 276
370 1602
370 833
370 204
370 1181
1602 485
634 665
634 622
634 1472
634 467
665 1161
665 1517
120 212
1364 1413
1364 1047
1364 798
1413 1144
1413 285
1413 397
517 1248
517 1999
1248 201
1248 983
1248 1013
1248 1536
1330 1765
1330 1233
1330 227
1330 834
1765 1436
1765 1421
1673 1548
1673 1182
1673 1632
725 1005
725 1431
725 1006
1337 1706
1337 1763
1337 1571
1934 382
1934 1193
1195 705
1195 1800
485 1751
485 635
485 823
163 920
163 81
163 835
13 560
13 1467
13 630
13 1813
560 1371
560 1965
147 1348
147 1683
147 209
1954 236
767 1436
767 111
767 1084
1436 1880
1436 1430
545 1323
545 1439
1323 1226
1323 965
558 297
558 1984
1770 1703
702 928
702 328
702 813
591 829
591 990
717 1147
717 293
717 642
717 921
1147 1217
1147 192
1147 1755
1147 1684
1102 1483
1102 193
1102 1948
1483 89
1483 869
671 1496
671 1984
1660 1666
1660 834
1660 1772
906 499
906 1071
906 377
1148 1491
1148 1121
1148 1023
1491 740
1491 681
1217 1044
1217 757
1217 533
35 1621
35 1119
35 340
1621 1753
1621 368
872 1512
872 500
872 936
1356 996
1356 1018
1356 823
416 1986
416 1235
1986 578
1986 919
1201 483
986 1709
986 444
566 1637
566 889
566 1470
566 333
1637 1752
990 894
990 853
426 629
630 1514
630 941
630 1037
1514 1982
1514 55
1514 734
549 808
657 1388
657 1568
1388 1285
947 1156
638 1230
638 303
638 333
638 296
1230 1114
1230 325
1522 87
1522 130
440 1056
440 1442
1366 819
1038 1056
1038 825
1038 972
1056 216
502 1985
502 1558
502 1472
1985 1325
1985 104
909 1299
909 271
884 1071
884 214
884 583
104 1952
104 1017
1952 1686
1952 1202
1952 624
412 1839
412 296
412 1689
1839 987
1427 667
1427 1106
1427 421
1427 1236
1174 1227
1174 195
276 1133
276 1421
276 500
1133 570
1133 1767
1703 825
1121 1975
1121 399
377 892
377 532
892 271
892 1982
1494 1591
1494 1622
1494 1302
1494 1149
1591 1599
1244 1868
1244 1378
32 1544
32 2000
32 1674
1753 1173
1753 834
212 1619
212 311
1619 1490
1619 1237
1016 1342
1016 1203
1016 1371
175 1706
175 847
51 102
51 1868
51 1538
102 492
102 581
780 1238
780 1493
780 987
221 1131
221 1277
221 293
1 1274
1 844
1315 765
1315 193
1315 977
431 740
378 1521
1336 1880
1336 1378
6 1877
6 1431
6 1474
6 1146
6 402
537 388
537 471
537 1183
537 929
302 1076
30 1453
30 161
30 823
1453 153
1453 1452
1453 971
1103 1138
1103 165
1070 1905
1905 1865
1905 1882
97 581
97 336
97 813
97 1704
581 941
581 1183
581 1727
675 1046
675 674
1046 1352
1878 1859
1878 1430
376 935
376 1731
376 1022
376 59
935 543
935 1087
1519 326
1519 1512
1519 470
1519 572
1481 1560
1481 874
1560 1993
1560 475
1560 1131
955 1221
955 489
1221 168
1221 843
1540 1742
1540 334
1540 686
846 1988
846 59
846 1268
846 1206
1988 393
1787 1788
1787 530
1788 861
1203 1737
1203 598
1737 1027
1344 1251
1344 365
1344 1464
132 1329
132 1817
132 1604
1081 1067
1081 1838
1081 1090
1236 889
1236 1467
1907 499
1907 1800
1907 766
331 1848
331 483
331 1653
1193 1076
1193 1518
488 1354
488 848
488 1265
488 1180
1354 329
1354 441
1354 643
1354 1725
215 441
215 199
441 1047
225 329
225 1433
225 1182
1997 1375
1997 849
1997 1571
1706 1611
1131 1556
1131 1371
599 1218
599 1924
36 859
204 288
204 388
204 992
921 1089
921 106
1006 1936
1006 1067
1936 1247
1936 1309
10 352
1763 93
89 1024
89 1215
1556 424
1251 1339
985 1890
985 999
1890 1226
1890 86
1090 861
187 1092
187 486
187 1669
1092 374
1092 1239
1092 1599
107 1039
107 1597
1225 772
142 1767
1380 94
1380 1721
1380 1748
196 1978
196 992
393 1439
393 427
393 406
1439 1454
1859 1303
1859 164
1859 1401
980 1909
980 546
980 1976
1909 977
1909 1810
1085 1072
1026 1947
1026 52
915 981
915 1139
915 1630
769 1847
769 1806
1847 983
929 859
929 1702
467 987
467 817
987 1472
987 59
169 1293
169 529
169 1695
169 1620
578 743
578 953
315 1052
315 1945
223 336
223 1088
223 209
570 1399
365 1999
365 743
365 450
365 775
1999 1671
1999 586
654 1873
654 1017
654 1252
1873 1821
326 1311
326 500
1830 1024
1830 325
1563 252
1563 1027
1138 243
1302 1397
1302 380
1397 1500
1397 1541
1397 490
470 943
470 1913
119 1084
119 91
1581 19
1581 550
1581 667
1533 95
263 1888
1913 1082
111 965
111 316
597 1702
597 379
597 546
1702 1141
794 873
794 532
794 1974
776 1518
857 1518
857 1136
1518 287
1528 1982
1528 722
1528 682
1982 849
1218 1231
1218 1620
1218 1071
1218 1123
1715 1688
1715 983
41 1141
41 1393
978 1931
978 1469
978 546
658 747
658 333
130 1310
130 137
130 115
130 823
1310 782
1310 1430
1261 1423
1261 1633
608 214
608 600
609 1932
609 1235
1460 1824
1460 248
1460 849
1460 719
1460 600
1824 1880
379 1721
379 168
91 271
91 552
309 1433
309 1003
1433 1395
1401 1594
1401 1232
1401 1301
1594 1525
1594 352
1948 1992
1948 1927
1948 1493
1948 1834
1992 1077
1992 899
1992 471
1542 873
1542 273
590 894
590 747
894 1378
848 1513
848 542
1609 1809
1054 1942
1054 1037
489 114
489 1965
604 1252
520 798
520 782
520 425
798 1395
1555 959
1555 140
1555 1061
392 1726
583 1793
583 913
1793 622
1128 1108
1128 368
1128 298
1128 1499
959 86
1265 1390
1265 964
296 918
296 452
918 1651
918 953
918 1671
448 574
448 143
448 565
516 1755
516 1638
1087 1178
1087 1329
1052 542
1558 1632
1558 429
1558 1114
1226 1452
1226 1346
1226 1467
1618 1517
1618 428
1618 1709
1620 529
1620 1400
1173 674
1173 1709
1635 1450
1635 1725
1635 44
601 199
601 1726
1798 401
1798 1353
1798 1500
1233 1497
1233 1136
1497 424
1497 1352
366 1974
366 992
116 782
1161 273
1161 683
95 1106
95 747
95 1541
681 1674
681 15
889 60
889 323
1400 666
1400 635
461 494
920 451
530 48
1061 1632
1632 42
248 214
248 1589
1781 1813
1781 1342
1781 682
1813 236
1191 714
554 42
554 1743
554 513
12 463
1267 1713
1267 177
1267 1065
1267 813
1713 1242
1713 1865
667 1339
42 1144
1940 421
1630 1759
1630 835
1630 281
1171 1897
1171 1116
1171 486
1171 105
1171 54
1897 691
1897 1204
1119 1876
626 1901
626 787
626 880
1306 1963
1306 336
1306 1759
976 1167
976 44
976 112
976 953
940 1597
940 354
1597 635
1089 809
1089 1599
52 1579
52 1342
52 1777
52 613
1579 1604
1579 54
1579 1157
1674 1393
1091 719
1091 882
1091 471
1091 1665
914 1112
914 1072
195 1500
195 576
106 1263
106 1139
106 1860
106 1237
1263 518
1263 1110
518 1207
518 815
518 942
1686 1502
1136 1485
1136 1848
1485 1077
568 1285
568 1478
1795 1048
1795 917
1880 1374
1210 1478
930 1013
478 882
478 1810
478 1544
478 227
478 1816
740 1957
861 1922
861 1048
267 301
267 829
579 1809
154 879
154 418
879 1206
879 815
19 425
425 1962
1974 1725
1167 1622
709 598
709 297
1956 572
600 334
931 43
931 1464
1525 943
1525 569
1922 1111
1623 1979
1623 291
1623 1239
1979 179
1979 1989
236 963
236 1921
1017 301
1017 995
1415 722
1415 201
1227 801
1181 1716
1181 1348
1181 268
140 152
140 340
152 1156
1928 1538
492 1772
1772 1731
1772 444
1772 919
380 334
380 1350
380 1640
319 157
319 1671
319 623
1651 1051
1651 1587
1651 795
1931 1536
5 1316
5 1861
5 1774
1084 306
192 229
513 1949
513 1082
1978 1299
1726 1882
1726 253
1149 1641
1047 1829
1047 585
787 1962
1962 1259
1962 919
791 453
791 998
624 1633
624 880
1204 1469
1204 893
1204 552
1469 1924
1469 252
1469 1259
1374 777
571 1834
571 1445
1731 15
1731 1671
1108 1653
1927 165
137 648
419 1268
928 1466
1316 620
1316 1110
747 1683
1716 94
1716 1093
164 333
164 880
1170 1442
1170 445
1963 575
1963 998
458 1256
458 245
458 209
792 1743
792 813
792 49
1743 863
1134 623
1134 193
1373 1910
313 168
313 735
25 424
25 1295
1023 1797
1023 1194
1797 1048
1797 973
1810 576
1810 510
1800 1067
1088 1633
1088 297
1633 1819
535 430
1568 1309
1568 483
1568 1947
245 282
245 1010
245 165
310 998
621 1156
157 316
1005 1973
613 1767
613 1493
613 1470
1767 1270
1767 919
1097 1816
1097 1437
1097 1153
1816 598
1254 1921
1254 174
1254 1327
1921 401
103 325
103 1421
103 972
325 890
61 328
61 1139
61 1472
61 723
328 1665
328 347
285 1486
285 1278
1421 819
1421 48
258 368
1512 1587
1640 1704
1640 1183
1640 168
1704 304
765 500
462 777
462 911
648 1548
648 1141
1548 1848
936 1159
936 1823
1037 1774
531 1164
719 451
719 203
252 1684
981 1313
981 556
981 430
287 1755
287 629
287 1689
1140 880
193 723
574 1467
574 494
574 519
574 1917
190 899
428 585
428 1123
1285 311
1285 1638
1976 819
926 1932
926 1521
1932 109
1159 451
1493 1750
1493 387
1750 1206
1750 1458
825 1107
588 1057
588 383
214 124
229 785
229 1858
229 1915
785 958
177 216
177 124
1247 109
1247 1539
1242 801
1242 354
1536 27
1536 1832
48 686
686 1065
686 1442
1450 714
1450 59
1353 1973
743 1868
743 1051
1587 521
1429 1751
1429 1246
642 1590
642 1202
1903 1611
1903 1399
360 151
360 1882
1901 1938
782 1325
782 1472
1286 1486
1286 243
1110 1313
1034 1157
1157 151
1157 890
514 569
514 452
569 1065
569 934
1076 575
1076 105
805 1684
805 557
805 257
805 1164
1684 216
1868 1599
829 1407
1571 1829
1407 1145
1407 115
1876 1350
1107 1338
1107 1499
1338 1727
1338 304
1194 1751
1751 336
1751 1617
1544 429
849 1058
307 1662
307 557
307 1093
307 533
1662 533
1662 399
934 227
934 874
293 1093
895 153
895 1182
895 598
382 323
1116 1399
1010 354
963 1077
153 1100
153 452
1100 682
1100 1589
913 373
1539 1419
1539 761
317 1208
317 817
1208 1586
1208 54
1496 1819
1496 1604
674 124
674 1125
1565 573
1565 546
27 1984
1984 1058
1146 550
1093 1611
58 691
447 253
447 445
447 521
347 917
1669 151
1975 1035
1975 1117
1975 281
257 450
257 390
1058 734
43 992
556 1156
556 1001
1156 442
463 2000
1821 144
1035 1452
430 429
430 1252
954 1178
279 1470
279 476
279 2000
23 1513
1311 1989
94 38
1860 26
899 1521
899 1053
1232 867
1232 1688
1309 943
1622 2000
1622 1855
1165 1145
253 383
253 1475
585 1014
585 288
1014 449
819 1888
1371 1538
575 1257
575 114
288 1885
288 766
519 615
519 1625
519 394
291 761
161 1759
161 543
161 1832
161 610
1759 210
158 757
158 809
573 1437
573 615
445 1185
1773 1861
1773 543
1773 471
666 972
666 410
1517 1153
1135 696
1752 1403
1752 840
210 723
156 1653
156 1320
156 1066
156 1125
1653 112
1044 361
1044 1185
450 442
494 722
494 1346
722 1777
418 756
418 311
297 619
552 282
843 1826
817 1617
817 1295
1617 464
1617 705
1850 47
1850 336
1329 1625
144 1937
144 1478
361 87
1458 373
762 483
762 1949
762 772
869 1268
869 775
1268 833
1638 227
620 1695
620 1117
1695 55
572 340
844 304
683 1069
683 757
1303 1430
1303 208
1303 354
481 273
272 442
1123 1278
1123 1053
1806 1938
1806 1915
1320 1454
1320 996
696 1027
696 1117
623 1295
623 735
1588 429
1588 368
941 610
1069 1834
1069 427
1069 775
853 55
853 402
1445 1434
1445 306
874 766
874 714
1022 281
1022 917
1430 622
999 451
1048 476
203 1475
203 1474
203 500
1475 1777
47 543
421 804
1139 615
1817 841
1817 1888
1817 1826
383 1510
1823 510
1313 1202
401 301
388 1347
388 1510
388 1688
550 1709
550 1270
1234 1235
1234 1736
1234 795
1234 521
734 490
734 1326
1474 33
1474 1937
44 323
1589 813
1589 1865
301 911
833 543
1145 1734
808 469
1989 1352
1510 93
374 1616
105 964
643 863
1215 1277
841 1053
453 1888
1915 1624
1256 1375
1375 1688
1683 201
1580 427
1580 1949
553 598
553 497
772 351
998 303
1348 1343
1348 1553
510 1530
510 1277
1530 996
1325 964
1553 777
476 1270
1431 427
977 1423
977 9
1423 9
1965 1885
1965 911
282 863
282 1748
1611 436
1437 1838
1437 1352
873 281
809 1665
303 1013
429 1125
1057 619
1153 1838
1153 1059
1777 373
490 1858
532 1671
995 1727
995 304
1277 635
1624 1238
1867 9
1343 1239
1343 917
1183 427
1826 1736
1065 1018
691 1957
953 1466
610 958
1390 464
1390 306
1018 246
542 1042
151 1389
1350 917
1299 179
1299 1736
840 1885
483 1001
615 1885
54 1389
323 1829
464 756
1848 9
1164 804
201 499
15 112
1855 1882
1727 143
565 436
402 1924
402 394
1072 1466
1466 1541
143 444
143 1736
38 1734
1832 1066
1709 444
351 394
1274 1257
735 1246
246 410
