1000 4976
1 6
1 76
1 329
1 330
1 412
1 612
1 865
1 964
2 21
2 66
2 151
2 333
2 498
2 576
2 637
2 813
2 844
2 872
2 930
2 959
3 90
3 115
3 146
3 159
3 203
3 367
3 418
3 507
3 787
3 832
3 917
3 961
4 61
4 127
4 207
4 216
4 236
4 306
4 386
4 417
4 488
4 576
4 921
5 118
5 137
5 383
5 469
5 720
5 899
5 952
6 171
6 357
6 381
6 480
6 565
6 673
6 702
6 713
6 789
6 806
6 836
6 876
6 925
6 958
7 9
7 10
7 227
7 334
7 410
7 678
7 761
7 772
7 826
7 845
7 895
8 22
8 25
8 122
8 428
8 535
8 599
8 609
8 640
8 848
8 955
9 47
9 177
9 184
9 298
9 316
9 538
9 584
9 590
9 791
9 889
9 938
9 996
10 218
10 227
10 445
10 514
10 564
10 904
11 72
11 289
11 328
11 338
11 372
11 463
11 578
11 588
11 773
11 874
11 974
12 58
12 313
12 315
12 566
12 667
12 693
12 736
12 831
13 47
13 82
13 290
13 402
13 495
13 742
13 934
14 128
14 133
14 345
14 522
14 572
14 591
14 614
14 639
14 700
14 942
14 988
15 97
15 283
15 333
15 347
15 623
15 731
15 859
15 919
15 947
15 993
16 104
16 150
16 514
16 965
17 59
17 410
17 721
17 831
17 858
17 900
17 957
18 43
18 118
18 228
18 276
18 488
18 520
18 574
18 576
18 700
18 702
18 706
18 792
18 984
19 43
19 162
19 228
19 355
19 383
19 430
20 164
20 312
20 324
20 325
20 802
20 925
20 983
21 63
21 181
21 192
21 459
21 501
21 508
21 759
21 898
21 939
22 47
22 56
22 307
22 339
23 88
23 99
23 141
23 233
23 291
23 337
23 397
23 467
23 670
23 713
23 796
23 863
23 899
23 930
23 997
24 95
24 147
24 281
24 330
24 340
24 347
24 699
24 767
24 780
24 804
25 48
25 272
25 366
25 513
25 524
25 674
25 778
25 784
25 791
25 874
25 915
26 60
26 122
26 233
26 471
26 512
26 553
26 629
26 651
26 885
26 895
26 901
27 124
27 378
27 407
27 551
27 772
27 948
27 999
28 41
28 165
28 193
28 288
28 298
28 381
28 399
28 498
28 564
28 597
28 674
28 760
28 805
28 908
29 47
29 201
29 402
29 478
29 504
29 607
29 652
29 796
29 800
29 971
29 985
30 157
30 269
30 315
30 385
30 484
30 838
30 882
31 69
31 344
31 462
31 491
31 625
31 643
31 695
31 734
31 740
31 783
31 930
31 959
32 45
32 80
32 121
32 147
32 241
32 298
32 342
32 445
32 625
33 99
33 100
33 110
33 195
33 246
33 282
33 303
33 373
33 405
33 574
33 806
33 846
33 865
33 937
33 940
34 166
34 215
34 325
34 388
34 405
34 524
34 781
34 818
35 92
35 115
35 174
35 192
35 261
35 314
35 331
35 610
35 635
35 779
35 806
35 813
36 62
36 196
36 296
36 335
36 450
36 524
36 542
36 593
36 751
36 776
36 947
37 139
37 250
37 281
37 288
37 313
37 353
37 889
38 140
38 205
38 250
38 257
38 265
38 343
38 416
38 431
38 515
38 704
38 783
38 810
38 980
38 993
39 50
39 103
39 109
39 159
39 267
39 313
39 354
39 357
39 376
39 381
39 403
39 633
39 952
39 954
40 245
40 280
40 537
40 949
40 970
41 425
41 640
41 663
41 769
42 49
42 163
42 955
43 247
43 314
43 635
43 859
43 916
44 87
44 206
44 345
44 495
44 574
44 649
44 691
44 752
44 766
44 955
45 193
45 335
45 358
45 629
45 647
45 819
45 934
46 50
46 75
46 135
46 293
46 329
46 459
46 462
46 625
46 732
46 758
46 763
46 918
47 153
47 411
47 428
47 569
47 656
47 737
47 809
47 986
47 1000
48 68
48 257
48 300
48 390
48 409
48 464
48 490
48 585
48 741
48 867
48 974
48 989
49 162
49 189
49 282
49 384
49 450
49 760
49 773
49 888
49 895
49 961
49 1000
50 178
50 182
50 282
50 293
50 394
50 417
50 424
50 579
50 588
50 824
50 964
50 985
51 69
51 111
51 113
51 149
51 531
51 545
52 133
52 284
52 295
52 308
52 623
52 989
53 96
53 247
53 422
53 596
53 625
53 695
53 716
53 869
54 59
54 151
54 172
54 319
54 630
54 917
55 70
55 116
55 332
55 386
55 406
55 459
55 638
55 690
55 770
55 859
55 889
55 920
56 275
56 278
56 417
56 482
56 490
56 605
56 610
56 667
57 158
57 466
57 511
57 599
57 777
57 902
58 125
58 351
58 363
58 365
58 435
58 459
58 572
58 654
58 775
58 808
58 947
58 982
59 147
59 377
59 399
59 569
59 986
60 112
60 172
60 191
60 195
60 239
60 322
60 362
60 469
60 497
60 604
60 735
60 923
60 929
61 69
61 220
61 239
61 267
61 306
61 319
61 370
61 525
61 607
61 707
61 709
61 781
61 849
61 954
62 198
62 205
62 372
62 385
62 441
62 633
62 679
62 734
62 808
63 312
63 315
63 320
63 337
63 358
63 360
63 361
63 457
63 742
63 815
63 841
63 855
64 156
64 159
64 381
64 383
64 387
64 462
64 546
64 567
64 689
64 783
64 857
64 929
65 77
65 145
65 151
65 438
65 460
65 496
65 512
65 557
65 667
65 884
65 897
65 959
66 190
66 202
66 281
66 386
66 449
66 497
66 558
66 799
66 818
66 931
67 76
67 130
67 344
67 366
67 543
67 750
67 951
68 221
68 239
68 434
68 619
68 735
68 768
68 784
68 786
68 805
68 816
68 923
69 155
69 310
69 393
69 406
69 567
69 568
69 674
69 678
69 880
70 93
70 119
70 291
70 399
70 524
70 682
70 708
70 709
71 149
71 244
71 275
71 584
71 593
71 639
71 731
71 758
71 769
71 942
71 986
72 202
72 218
72 525
72 662
72 739
72 754
72 805
72 943
72 978
73 84
73 260
73 281
73 381
73 388
73 420
73 464
73 609
73 619
73 626
73 781
73 827
74 234
74 289
74 327
74 391
74 593
74 700
74 778
74 892
75 161
75 189
75 254
75 417
75 509
75 622
75 692
75 694
75 712
75 800
75 830
75 835
76 165
76 185
76 401
76 683
76 688
77 204
77 265
77 437
77 455
77 540
77 630
77 677
77 751
77 817
77 855
77 877
77 936
77 953
78 208
78 293
78 347
78 415
78 499
78 567
78 588
78 638
78 649
78 680
78 973
79 81
79 132
79 203
79 313
79 337
79 341
79 343
79 423
79 449
79 483
79 563
79 642
79 669
79 690
79 763
80 143
80 247
80 472
80 539
80 708
80 709
80 774
80 808
80 825
80 853
80 887
80 930
80 985
81 786
81 790
81 899
81 977
82 95
82 113
82 190
82 195
82 304
82 311
82 353
82 417
82 514
82 569
82 641
82 995
83 252
83 321
83 450
83 490
83 524
83 536
83 552
83 904
84 173
84 417
84 494
84 609
84 656
84 731
84 748
84 768
84 774
84 970
85 345
85 570
85 596
85 803
86 158
86 239
86 370
86 431
86 486
86 759
86 880
86 938
87 144
87 185
87 235
87 262
87 490
87 555
87 617
87 720
87 753
87 841
87 857
87 890
87 936
87 997
88 163
88 262
88 307
88 498
88 583
88 673
89 268
89 508
89 520
89 582
89 636
89 675
89 816
89 841
89 905
90 306
90 469
90 748
90 773
90 777
90 881
91 385
91 500
91 568
91 668
91 715
91 852
92 464
92 484
92 487
92 589
92 709
92 946
93 108
93 324
93 490
93 536
93 551
93 608
93 621
93 639
93 800
93 801
93 847
93 884
94 115
94 503
94 637
94 683
94 741
94 917
94 987
94 997
95 351
95 360
95 483
95 538
95 633
95 672
95 766
95 903
96 203
96 205
96 239
96 253
96 307
96 494
96 532
96 580
96 630
96 640
96 683
96 691
96 764
96 803
96 946
97 206
97 207
97 211
97 281
97 322
97 450
97 464
97 482
97 497
97 752
97 810
97 853
97 870
97 1000
98 134
98 285
98 410
98 456
98 711
98 889
98 902
99 245
99 259
99 303
99 493
99 563
99 565
99 580
100 116
100 152
100 160
100 370
100 404
100 466
100 486
100 708
100 827
100 964
100 976
101 164
101 225
101 259
101 412
101 506
101 876
102 206
102 301
102 447
102 611
102 613
102 733
102 765
102 846
102 866
103 133
103 322
103 367
103 469
103 787
103 948
104 132
104 165
104 197
104 298
104 311
104 394
104 447
104 497
104 654
104 664
104 691
104 692
104 694
104 780
104 883
105 266
105 369
105 441
105 464
105 598
105 826
105 886
106 113
106 171
106 273
106 296
106 331
106 339
106 518
106 582
106 877
106 953
107 198
107 326
107 381
107 396
107 455
107 478
107 547
107 665
107 754
107 855
107 958
108 143
108 191
108 244
108 470
108 603
108 791
108 852
108 864
108 872
108 973
109 224
109 255
109 309
109 375
109 461
109 482
109 548
109 886
110 132
110 159
110 214
110 230
110 676
110 705
110 896
111 162
111 346
111 386
111 392
111 465
111 554
111 594
111 603
111 757
111 826
111 858
111 882
112 242
112 251
112 325
112 333
112 372
112 374
112 572
112 575
112 590
112 715
112 837
113 117
113 235
113 316
113 322
113 419
113 725
113 734
113 776
113 862
113 897
113 989
114 143
114 209
114 355
114 475
114 541
114 634
114 724
114 847
115 299
115 497
115 553
115 554
115 755
115 763
115 809
115 865
115 950
116 137
116 330
116 361
116 480
116 484
116 533
116 573
116 770
116 814
116 844
116 956
117 166
117 191
117 328
117 375
117 565
117 591
117 682
117 689
117 732
117 815
117 853
117 887
117 946
117 996
118 222
118 337
118 356
118 393
118 414
118 427
118 486
118 503
118 569
118 664
118 801
118 915
119 258
119 262
119 499
119 529
119 560
119 759
119 797
119 877
120 324
120 529
120 631
120 709
120 712
120 810
121 124
121 135
121 212
121 236
121 512
121 545
121 572
121 600
121 702
121 731
121 783
121 888
121 931
121 980
121 996
122 152
122 189
122 300
122 365
122 411
122 526
122 529
122 549
122 552
122 789
122 897
122 912
122 941
123 382
123 446
123 550
123 649
123 678
123 738
123 764
123 826
124 217
124 569
124 915
124 919
124 928
124 959
124 977
125 214
125 247
125 285
125 305
125 526
125 696
125 758
125 786
125 825
125 969
125 985
126 163
126 434
126 668
126 702
126 754
126 909
127 247
127 401
127 419
127 494
127 566
127 599
127 708
127 983
127 991
127 995
128 411
128 425
128 460
128 492
128 504
128 668
128 811
128 916
128 950
128 952
129 173
129 186
129 487
129 517
129 792
129 814
129 912
129 961
130 288
130 361
130 418
130 524
130 780
130 831
130 950
131 162
131 239
131 259
131 292
131 301
131 391
131 403
131 456
131 476
131 560
131 623
131 767
131 946
131 978
132 171
132 340
132 489
132 633
132 654
132 837
132 845
132 863
132 904
133 304
133 471
133 545
133 583
133 630
133 636
133 752
133 866
134 240
134 302
134 332
134 460
134 640
134 678
134 988
135 284
135 379
135 651
135 707
135 952
135 981
136 310
136 339
136 367
136 418
136 446
136 509
136 725
136 823
136 916
136 929
136 934
137 143
137 168
137 245
137 378
137 453
137 537
137 663
138 195
138 252
138 372
138 521
138 623
138 633
138 640
138 880
138 983
139 168
139 216
139 254
139 577
139 736
139 796
139 983
140 192
140 310
140 377
140 445
140 555
140 607
140 637
140 737
140 753
140 755
140 776
140 880
140 895
141 190
141 224
141 293
141 379
141 498
141 578
141 609
141 724
141 796
141 859
141 980
142 372
142 458
142 621
142 636
142 649
142 733
142 744
142 804
142 880
142 889
142 900
142 985
143 351
143 451
143 922
144 167
144 279
144 478
144 626
144 663
144 739
144 753
144 897
145 219
145 225
145 430
145 441
145 470
145 512
145 715
145 775
145 778
145 810
145 936
145 982
146 219
146 632
146 636
146 900
147 170
147 256
147 374
147 589
147 723
147 789
147 794
147 801
147 808
148 240
148 409
148 414
148 458
148 481
148 743
148 783
148 838
148 851
148 855
148 887
148 938
149 201
149 306
149 521
149 522
149 706
149 879
149 923
150 392
150 455
150 476
150 498
150 573
150 633
150 782
150 868
151 293
151 377
151 381
151 418
151 523
151 562
151 616
151 623
151 632
151 911
152 182
152 202
152 256
152 266
152 506
152 551
152 559
152 649
152 868
152 980
152 987
153 199
153 375
153 544
153 673
153 675
153 796
153 842
153 903
153 966
154 356
154 371
154 460
154 548
154 653
154 695
154 814
154 896
155 173
155 198
155 264
155 318
155 374
155 394
155 450
155 525
155 573
155 581
155 721
155 723
155 859
156 262
156 407
156 466
156 693
156 881
157 562
157 576
157 805
157 809
157 871
158 160
158 645
158 657
158 692
158 768
158 903
159 192
159 221
159 318
159 570
159 677
159 985
160 293
160 312
160 495
160 532
160 600
160 774
160 933
161 176
161 328
161 476
161 497
161 577
161 712
161 951
161 992
162 165
162 761
162 771
162 891
163 180
163 244
163 304
163 622
163 638
163 645
163 852
163 999
164 206
164 344
164 383
164 494
164 524
164 786
164 957
165 192
165 232
165 392
165 459
165 471
165 658
165 827
165 894
165 975
166 195
166 243
166 260
166 264
166 274
166 360
166 578
166 592
166 871
166 906
166 973
167 175
167 235
167 354
167 355
167 558
167 569
167 614
167 643
167 654
167 685
167 758
167 884
167 989
168 178
168 242
168 274
168 358
168 424
168 481
168 529
168 555
168 782
168 801
168 858
168 882
168 930
168 972
169 207
169 253
169 292
169 355
169 475
169 551
169 652
169 758
169 768
169 850
169 887
170 184
170 286
170 289
170 317
170 332
170 491
170 528
170 576
170 778
170 837
170 863
170 970
171 306
171 381
171 584
171 695
171 764
171 797
171 951
172 276
172 377
172 378
172 413
172 434
172 495
172 547
172 610
172 811
172 897
173 218
173 242
174 179
174 266
174 295
174 453
174 575
174 635
174 657
174 705
174 724
174 900
175 239
175 504
175 545
175 711
175 744
175 764
175 898
176 180
176 191
176 517
176 523
176 529
176 686
176 721
176 777
176 797
176 802
176 859
176 886
176 888
176 915
176 988
177 204
177 336
177 358
177 373
177 392
177 631
177 699
177 802
177 849
177 850
177 889
177 919
177 957
177 962
177 996
178 260
178 344
178 364
178 463
178 532
178 709
178 800
178 850
179 349
179 591
179 603
179 621
179 660
179 789
179 804
179 861
180 347
180 456
180 619
180 627
180 720
180 742
180 792
180 815
180 919
180 942
181 207
181 416
181 456
181 505
181 907
182 308
182 437
182 518
182 570
182 590
182 737
182 810
183 310
183 353
183 472
183 660
183 661
183 680
183 736
183 888
184 418
184 442
184 945
184 974
184 994
185 350
185 354
185 535
185 716
185 747
185 837
185 909
186 548
186 712
186 758
186 932
186 979
187 637
188 591
188 729
188 754
188 833
188 906
188 969
189 279
189 389
189 546
189 755
189 974
190 589
190 833
190 904
191 338
191 379
191 528
191 578
191 646
191 714
191 731
191 748
191 947
192 332
192 442
192 491
192 588
192 614
192 947
192 962
192 989
193 277
193 339
193 445
193 450
193 526
193 596
193 619
193 678
193 695
193 802
193 919
194 223
194 237
194 405
194 525
194 559
194 690
194 744
194 886
195 303
195 517
195 681
195 772
195 802
195 825
195 836
195 865
195 962
195 974
196 342
196 351
196 361
196 440
196 455
196 526
196 565
196 578
196 697
197 344
197 368
197 516
197 765
197 890
197 943
197 985
198 308
198 382
198 508
198 574
198 603
198 689
198 753
198 826
198 936
198 985
199 252
199 394
199 497
199 567
199 640
199 641
199 708
199 722
199 920
200 281
200 307
200 325
200 462
200 572
200 635
200 648
200 712
200 804
200 831
201 217
201 292
201 388
201 456
201 497
201 741
201 913
201 956
202 337
202 400
202 455
202 831
202 897
202 961
203 397
203 639
203 705
203 710
203 757
203 764
204 214
204 254
204 408
204 753
204 814
204 856
204 887
204 998
205 347
205 382
205 568
205 577
205 651
205 733
205 753
205 927
205 936
205 942
206 327
206 378
206 570
206 583
206 959
207 288
207 293
207 314
207 355
207 465
207 499
207 685
207 776
207 780
208 278
208 434
208 609
208 721
208 781
208 868
209 266
209 414
209 538
209 568
209 851
209 995
210 286
210 295
210 341
210 441
210 583
210 907
210 915
210 998
211 278
211 437
212 335
212 388
213 350
213 406
213 412
213 486
213 491
213 739
214 289
214 345
214 423
214 519
214 598
214 626
214 710
214 729
214 858
214 945
215 332
215 359
215 377
215 728
215 851
215 864
215 964
216 232
216 250
216 341
216 360
216 405
216 509
216 945
217 232
217 299
217 523
217 537
217 717
217 788
217 817
218 333
218 383
218 395
218 520
218 576
218 594
218 660
218 777
218 889
218 908
218 927
218 994
219 377
219 451
219 498
219 554
219 618
219 669
219 877
219 989
220 254
220 285
220 301
220 351
220 554
220 596
220 606
220 625
220 650
220 965
221 441
221 565
221 640
221 642
221 653
221 702
221 736
221 821
221 853
221 889
222 386
222 391
222 539
222 574
222 637
222 917
222 963
223 244
223 399
223 437
223 513
223 563
223 650
223 727
223 766
223 817
223 885
223 915
223 917
224 256
224 399
224 475
224 624
224 631
225 229
225 267
225 347
225 368
225 502
225 522
225 549
225 729
226 251
226 388
226 402
226 514
226 645
226 719
226 905
226 977
227 240
227 270
227 282
227 291
227 471
227 527
227 588
227 658
227 690
227 736
227 747
227 755
227 823
227 978
227 981
228 250
228 298
228 455
228 583
228 591
228 655
228 698
228 701
228 899
228 936
229 293
229 315
229 367
229 423
229 504
229 518
229 948
230 384
230 438
230 493
230 530
230 632
230 817
230 861
231 404
231 494
231 612
231 667
231 741
231 892
231 920
231 976
231 984
231 998
232 258
232 323
232 429
232 481
232 501
232 572
232 911
233 257
233 683
233 839
233 848
233 962
234 400
234 440
234 480
234 641
234 649
234 724
234 823
234 890
235 246
235 276
235 371
235 532
235 534
235 573
235 586
235 704
235 759
235 763
235 768
235 846
235 952
235 991
236 451
236 463
236 465
236 587
236 589
236 705
236 898
237 296
237 392
237 557
237 570
237 723
237 906
237 935
237 973
238 348
238 396
238 466
238 815
238 961
239 271
239 743
239 950
239 997
239 999
240 275
240 396
240 449
240 577
240 618
240 893
240 924
241 344
241 348
241 441
241 664
241 721
242 343
242 449
242 456
242 491
242 574
242 620
242 638
242 841
243 309
243 331
243 340
243 450
243 465
243 535
243 661
243 674
244 337
244 354
244 552
244 631
244 687
244 787
244 878
245 617
245 629
245 687
245 710
245 724
246 478
246 613
246 640
246 706
246 752
246 981
247 266
247 267
247 273
247 343
247 353
247 363
247 612
247 653
247 661
247 862
247 907
248 461
248 482
248 577
248 584
248 716
248 812
248 885
249 276
249 333
249 338
249 519
249 579
249 680
249 751
249 754
249 858
250 405
250 463
250 524
250 546
250 578
250 657
250 729
250 780
250 950
251 640
251 947
252 290
252 302
252 338
252 508
252 541
252 706
252 840
253 354
253 425
253 482
253 522
253 574
253 835
253 894
254 411
254 741
254 790
254 887
255 268
255 309
255 324
255 334
255 407
255 657
255 666
255 687
255 700
255 733
255 777
255 829
256 287
256 367
256 466
256 511
256 555
256 600
256 608
256 666
256 896
257 299
257 527
257 710
257 729
257 974
258 460
258 517
258 541
258 675
258 709
258 978
259 261
259 689
259 772
259 819
259 874
259 982
260 435
260 444
260 453
260 611
260 635
260 898
261 288
261 446
261 495
261 669
261 709
261 712
261 770
261 771
261 925
262 270
262 365
262 652
262 736
262 883
262 896
262 969
262 982
263 272
263 446
263 455
263 543
263 592
263 634
263 952
263 959
264 340
264 663
264 740
264 782
264 824
264 900
264 944
265 336
265 465
265 835
265 862
265 879
265 927
265 988
266 502
266 570
266 662
266 665
266 694
266 935
267 418
267 440
267 582
267 587
267 720
267 937
268 399
268 417
268 612
268 652
268 671
268 681
268 718
268 752
269 275
269 406
269 436
269 577
269 591
269 699
269 702
269 764
269 775
270 382
270 399
270 526
270 583
270 613
270 663
270 700
270 772
270 780
270 865
270 967
270 978
271 317
271 359
271 391
271 610
271 674
271 859
271 889
272 299
272 328
272 409
272 469
272 478
272 680
272 732
272 834
272 851
272 857
272 930
273 639
273 689
273 727
273 965
274 387
274 410
274 450
274 518
274 690
274 724
274 873
274 979
275 311
275 319
275 356
275 444
275 575
275 815
275 820
275 902
275 978
275 986
276 332
276 337
276 397
276 439
276 473
276 519
276 701
276 715
276 853
277 304
277 334
277 335
277 339
277 434
277 595
277 622
277 790
277 811
278 285
278 400
278 448
278 462
278 473
278 486
278 502
278 637
278 691
278 796
278 958
279 285
279 671
279 696
279 844
279 872
279 957
280 442
280 492
280 673
280 754
280 799
280 814
280 976
281 288
281 340
281 419
281 637
281 664
281 671
281 740
281 761
281 781
281 819
281 845
281 994
282 284
282 529
282 649
282 699
282 720
282 723
282 802
282 819
282 832
282 931
283 385
283 401
283 405
283 430
283 585
283 628
283 869
283 934
284 409
284 504
284 669
284 790
284 936
285 503
285 625
285 785
285 840
286 289
286 381
286 457
286 459
286 533
286 593
286 773
286 924
287 661
287 688
287 820
287 851
288 300
288 365
288 379
288 455
288 756
289 316
289 381
289 409
289 455
289 830
289 866
289 908
290 314
290 415
290 440
290 590
290 810
290 812
290 815
290 820
290 900
290 925
291 341
291 779
291 794
291 874
292 447
292 462
292 476
292 622
292 714
292 883
292 943
293 546
293 549
293 689
293 825
293 843
293 938
293 950
294 320
294 432
294 460
294 578
294 580
294 636
294 768
294 804
295 450
295 457
295 507
295 520
295 576
295 639
295 652
295 676
295 832
295 887
295 890
295 952
296 309
296 360
296 437
296 483
296 542
296 547
296 736
296 813
296 823
296 975
297 365
297 389
297 516
297 770
297 797
297 851
298 598
298 661
298 703
299 337
299 360
299 409
299 446
299 591
299 735
299 759
299 796
299 894
300 404
300 870
300 918
300 953
301 308
301 613
301 615
301 668
301 762
301 823
301 972
301 984
302 312
302 318
302 336
302 643
302 693
302 766
302 773
302 834
302 880
302 889
302 966
303 358
303 420
303 443
303 543
303 704
303 722
303 723
303 804
303 910
304 422
304 513
304 785
304 923
304 935
305 355
305 453
305 486
305 514
305 564
305 660
305 779
305 838
305 888
305 906
306 328
306 364
306 480
306 629
306 762
306 878
306 908
306 914
307 366
307 483
307 510
307 687
307 712
307 791
307 905
307 992
308 333
308 344
308 427
308 582
308 772
308 980
308 981
309 388
309 407
309 474
309 531
309 614
309 833
309 914
309 963
309 966
310 330
310 409
310 601
310 629
310 638
310 830
310 926
310 981
311 611
311 634
311 932
312 318
312 518
312 556
312 656
312 664
312 796
312 822
312 876
312 881
312 946
313 414
313 482
313 491
313 828
313 981
314 430
314 439
314 527
314 672
314 694
314 756
314 801
314 869
315 553
315 619
315 682
315 886
315 940
315 949
315 986
316 392
316 399
316 438
316 862
316 916
317 380
317 404
317 405
317 425
317 571
317 601
317 638
317 680
317 695
317 742
317 762
317 969
318 484
318 617
318 674
318 701
318 780
318 823
318 862
319 434
319 692
319 843
319 982
320 391
320 493
320 498
320 532
320 718
320 825
320 966
321 432
321 659
321 661
321 737
321 770
321 826
321 831
321 868
321 942
322 368
322 422
322 429
322 447
322 487
322 557
322 599
322 620
322 968
323 331
323 557
323 566
323 570
323 574
323 684
323 770
323 860
323 999
324 377
324 391
324 481
324 564
324 704
324 806
324 842
324 865
324 887
324 899
325 409
325 448
325 454
325 502
325 516
325 577
325 621
325 672
325 706
325 722
325 733
325 751
325 792
325 845
325 865
325 881
325 904
326 438
326 481
326 494
326 641
326 741
326 782
326 791
326 839
326 984
327 345
327 428
327 506
327 529
327 630
327 637
327 655
327 727
327 859
327 872
327 976
327 992
328 396
328 427
328 539
328 569
328 578
328 723
328 734
328 836
329 422
329 676
329 695
329 760
329 807
329 902
329 934
329 991
330 336
330 376
330 533
330 673
330 809
330 841
330 862
330 884
330 936
331 707
331 708
331 913
332 359
332 433
332 506
332 668
332 915
332 976
333 550
333 614
333 670
333 978
334 410
334 534
334 579
335 385
335 580
335 583
335 587
335 623
335 670
336 408
336 538
336 880
336 969
336 989
336 999
337 384
337 490
337 574
337 719
337 748
337 886
337 900
337 971
338 407
338 460
338 487
338 564
338 704
338 745
338 779
338 864
339 468
339 595
339 827
340 352
340 357
340 358
340 388
340 397
340 549
340 626
340 843
340 860
341 437
341 636
341 679
341 853
341 919
342 539
342 626
342 712
342 759
342 805
342 850
342 879
342 923
342 976
343 464
343 498
343 720
343 743
343 775
343 851
343 880
343 927
344 437
344 449
344 587
344 615
344 883
344 949
344 999
345 523
345 533
345 629
345 787
345 964
346 366
346 478
346 935
347 381
347 440
347 585
347 668
347 725
347 745
347 845
347 877
347 923
347 953
347 976
347 991
348 438
348 529
348 555
348 802
349 370
349 505
349 684
349 925
350 425
350 484
350 536
350 577
350 865
350 935
351 411
351 546
351 707
351 809
351 909
351 914
352 487
352 491
352 500
352 712
352 715
352 729
352 913
353 410
353 638
353 667
353 669
353 820
353 827
353 906
354 447
354 481
354 499
354 504
354 641
354 649
354 797
354 925
355 661
356 408
356 417
356 498
356 564
356 573
356 611
356 919
356 927
356 938
356 971
357 402
357 649
357 675
357 818
357 985
358 381
358 485
358 518
358 546
358 635
358 686
358 693
358 796
358 889
359 383
359 540
359 667
360 397
360 491
360 558
360 571
360 688
360 804
361 485
361 783
361 831
361 865
362 533
362 589
362 707
362 745
362 858
363 366
363 400
363 720
363 768
363 791
363 837
363 930
364 390
364 407
364 445
364 612
364 614
364 634
364 648
364 666
364 672
364 783
365 371
365 455
365 475
365 822
365 844
365 937
365 973
366 448
366 543
366 579
366 778
366 808
366 974
367 400
367 535
367 581
367 879
368 547
368 651
368 739
368 826
368 971
369 520
369 540
369 724
369 735
369 742
369 759
369 812
370 397
370 460
370 478
370 713
370 831
370 852
370 878
370 944
370 949
371 387
371 401
371 584
371 693
371 872
371 964
372 383
372 465
372 509
372 600
372 657
372 710
372 729
372 745
372 783
372 818
372 888
372 953
373 538
373 591
373 594
373 929
374 420
374 493
374 533
374 552
374 855
375 445
375 576
375 597
375 717
375 958
375 971
375 998
376 437
376 569
376 621
376 832
376 957
377 581
377 664
377 666
377 923
378 451
378 453
378 742
379 400
379 656
379 727
379 766
379 938
380 419
380 746
380 780
380 838
380 981
380 988
381 417
381 495
381 543
381 619
381 801
381 994
382 432
382 533
382 542
382 577
382 582
382 612
383 647
383 867
383 870
383 891
383 947
384 389
384 456
384 485
384 544
384 584
384 587
384 618
384 697
384 956
385 400
385 539
385 659
385 706
385 711
385 733
385 885
386 499
386 506
386 694
386 784
386 917
386 933
386 955
387 715
387 723
388 455
388 538
388 569
388 609
388 635
388 704
388 903
388 917
388 976
389 605
389 649
389 941
389 949
389 983
389 988
390 489
390 528
390 586
390 845
391 623
391 711
391 772
391 774
391 788
392 403
392 535
392 667
392 710
392 875
392 885
392 909
393 472
393 493
393 638
393 698
393 865
393 981
394 527
394 644
394 673
394 736
394 949
395 554
395 589
395 641
395 701
395 724
395 782
395 843
395 870
395 892
395 985
396 444
396 598
396 668
396 868
396 953
396 992
397 405
397 630
397 634
397 983
397 991
398 435
398 580
398 743
398 769
398 779
398 873
398 974
399 460
399 531
399 725
399 864
399 883
399 897
399 968
399 991
399 1000
400 628
400 677
400 684
400 690
400 838
400 936
401 470
401 621
401 645
401 669
401 698
401 718
401 763
401 988
402 613
402 694
402 713
402 730
402 853
402 993
403 583
403 624
403 772
403 819
403 896
404 409
404 435
404 584
404 807
405 585
405 806
405 845
405 924
406 683
406 737
406 749
406 820
406 828
406 927
407 434
407 457
407 701
407 704
407 763
407 835
408 524
408 658
408 737
408 817
408 914
409 499
409 541
409 669
409 694
409 722
409 856
409 882
409 983
410 416
410 473
410 536
410 538
410 657
410 713
410 721
410 812
411 415
411 474
411 765
411 766
411 818
411 952
411 992
412 673
412 834
412 900
413 457
413 483
413 529
413 549
413 659
413 720
413 755
413 816
413 856
413 877
413 954
413 963
413 971
414 750
414 776
414 888
414 923
415 420
415 485
416 503
416 511
416 542
416 564
416 623
416 669
416 671
416 689
416 693
416 719
416 808
417 481
417 534
417 541
417 576
417 900
417 970
418 451
418 497
418 558
418 621
418 704
418 707
418 722
418 802
419 728
419 845
420 713
421 527
421 587
421 693
421 749
421 805
421 870
421 981
422 436
422 571
422 688
422 787
422 795
422 798
422 884
423 502
423 542
423 666
423 720
423 730
423 739
423 760
424 445
424 520
424 599
424 821
424 836
424 880
425 551
425 901
426 498
426 517
426 537
426 693
426 782
427 506
427 602
427 659
427 771
428 495
428 545
428 559
428 605
428 749
428 765
428 786
429 453
429 481
429 652
429 748
429 858
429 902
429 962
430 518
430 628
430 897
431 501
431 654
431 702
431 720
431 731
431 797
431 889
431 936
431 952
432 677
432 683
432 685
432 870
432 888
432 910
432 945
432 963
432 988
433 503
433 505
433 532
433 568
433 712
433 965
433 997
434 450
434 564
434 611
434 725
434 870
434 916
434 944
435 577
435 645
435 760
435 810
435 930
435 935
436 574
436 690
436 702
436 817
436 897
436 979
437 692
437 794
438 494
438 511
438 695
438 760
438 937
438 963
438 994
439 640
439 655
439 668
439 809
439 824
439 832
439 887
439 893
439 953
440 565
440 618
440 656
440 683
440 712
441 500
442 560
442 728
442 979
443 485
443 507
443 576
443 682
443 697
443 715
443 726
443 818
444 446
444 541
444 620
444 694
444 763
444 764
444 778
444 822
444 823
445 450
445 592
445 615
445 632
445 706
445 794
445 924
445 985
446 673
446 764
446 855
446 861
446 994
447 699
447 835
447 875
447 940
448 569
448 631
448 987
449 531
449 535
449 544
449 876
449 978
449 979
450 498
450 648
450 675
450 723
450 815
451 767
451 818
451 846
451 884
451 913
452 540
452 562
452 639
452 725
452 733
452 756
452 789
452 921
453 485
453 488
453 615
453 752
453 827
453 960
453 985
454 492
454 717
454 814
455 463
455 593
455 706
455 816
455 891
455 976
456 519
456 534
456 623
456 640
456 646
456 765
456 802
456 837
456 852
457 531
457 571
457 622
457 694
457 916
457 942
458 459
458 478
458 511
458 593
458 609
458 612
458 616
458 942
459 502
459 506
459 513
459 524
459 845
460 631
460 834
460 875
460 918
461 614
461 680
461 706
461 726
461 853
461 898
461 913
461 950
462 789
462 832
462 869
462 898
463 658
463 660
463 751
463 848
463 910
463 927
464 494
464 581
464 598
464 896
464 960
465 520
465 692
465 706
465 717
465 805
465 861
465 922
466 538
466 547
466 565
466 693
466 796
467 685
467 713
467 784
467 788
467 832
467 960
468 491
468 791
469 484
469 513
469 669
469 791
469 826
469 868
469 994
470 707
470 894
470 983
471 607
471 625
471 714
471 921
471 943
471 953
472 540
472 846
472 868
472 925
472 994
473 648
473 710
473 725
473 791
473 804
473 899
473 909
473 919
474 545
474 574
474 608
474 679
474 806
474 944
475 553
475 581
475 645
475 687
475 744
475 862
475 983
476 492
476 541
476 632
476 803
476 835
476 851
476 897
477 490
477 500
477 788
478 796
478 849
478 903
479 619
479 856
479 911
479 971
480 593
480 696
480 769
480 770
480 834
480 937
480 952
481 586
481 616
481 707
481 842
481 846
482 506
482 513
482 603
482 607
482 676
482 768
482 821
483 593
483 621
483 937
483 941
483 990
484 593
484 881
484 882
484 933
485 775
486 629
486 779
486 804
486 843
486 942
487 630
488 490
488 498
488 683
488 736
489 614
489 615
489 633
489 730
489 851
490 663
490 731
491 724
491 979
491 991
492 505
492 529
492 683
492 700
492 775
493 594
493 620
493 623
493 628
493 757
493 792
493 824
493 924
494 593
494 630
494 700
494 721
494 802
494 881
494 973
495 531
495 535
495 618
495 667
495 788
495 847
495 992
495 993
496 527
496 720
496 743
496 772
496 909
497 731
497 767
497 783
497 953
498 562
498 593
498 623
498 637
498 713
498 831
498 844
499 664
499 674
499 786
499 859
499 949
499 954
500 518
500 530
500 591
500 607
500 705
500 751
501 821
502 536
502 719
502 855
503 641
503 696
503 698
503 717
503 719
503 759
503 899
503 952
503 953
503 961
504 758
504 805
504 870
505 554
506 565
506 611
506 875
507 592
507 637
507 795
507 841
507 859
507 900
507 918
508 644
508 857
508 864
508 867
508 980
509 656
509 723
509 772
509 862
509 902
510 580
510 607
510 672
510 819
510 858
511 817
512 951
513 516
513 586
513 590
513 605
513 740
513 793
513 854
513 924
513 963
513 965
514 537
514 600
514 809
514 863
515 551
515 591
515 731
515 790
515 878
516 720
516 733
517 576
517 629
517 668
517 751
517 796
517 874
518 548
518 603
518 639
518 674
518 714
518 766
518 885
518 918
519 521
519 591
519 960
520 588
520 592
520 623
520 803
520 854
520 962
521 999
522 620
522 674
522 711
522 722
522 724
522 754
522 800
522 821
522 867
522 887
522 906
523 612
523 654
523 674
523 704
523 789
523 812
523 927
524 697
524 780
524 898
524 926
524 958
525 674
525 703
525 822
525 938
526 568
526 738
526 849
526 974
527 650
527 813
527 878
528 872
528 989
529 565
529 585
529 722
529 756
529 792
529 821
529 973
530 565
530 571
530 718
530 822
530 827
530 915
530 989
531 619
531 749
531 763
531 857
531 875
531 977
532 574
532 603
532 607
532 656
532 667
532 801
532 818
532 866
532 937
533 563
533 585
534 586
534 626
534 675
534 803
534 877
534 1000
535 693
535 722
535 843
535 882
535 964
536 693
536 943
537 684
537 698
537 755
537 840
537 894
537 988
538 607
538 800
538 820
538 955
539 746
539 806
539 868
540 700
541 571
541 615
541 622
541 772
541 884
542 555
542 614
542 636
542 709
542 872
542 968
543 952
543 958
544 857
544 893
544 895
545 646
545 804
545 851
545 976
546 615
546 713
546 754
546 819
546 855
546 859
546 938
546 977
547 686
547 735
547 836
547 855
547 885
547 909
547 942
547 947
547 986
548 635
548 768
548 863
548 866
549 595
550 619
550 851
551 636
551 655
551 820
551 935
552 707
552 724
552 776
552 828
552 842
552 865
552 972
553 573
553 670
553 683
553 749
553 916
554 590
554 614
554 627
554 705
554 773
554 873
554 894
555 669
555 997
556 631
556 648
556 687
557 725
557 888
557 894
558 709
558 900
559 587
559 596
559 598
559 677
559 715
560 622
560 955
561 851
562 794
562 812
563 647
563 718
563 724
563 945
563 983
563 992
564 834
565 593
565 659
565 804
565 884
565 965
566 607
566 882
566 940
567 624
567 841
567 845
568 661
568 888
569 674
569 714
569 953
569 973
570 679
570 730
570 806
570 819
570 948
570 980
571 787
572 646
572 722
572 774
572 817
572 964
572 990
573 640
573 704
573 827
574 585
574 588
574 848
575 870
576 640
576 823
576 858
576 877
576 881
576 907
576 913
576 967
577 644
577 768
577 835
577 999
578 828
579 705
579 867
579 981
580 596
580 926
580 936
580 983
581 628
581 827
581 888
581 955
581 980
582 667
582 697
582 715
582 791
582 822
582 835
582 899
582 917
583 601
583 966
584 672
584 686
584 760
584 837
584 868
584 991
585 767
585 877
585 933
585 938
586 631
586 751
586 829
586 851
586 953
586 996
587 628
587 773
587 843
587 879
588 622
588 652
588 683
589 881
589 882
590 602
590 691
590 746
590 772
590 849
590 878
591 623
591 838
592 849
592 961
592 1000
593 723
593 726
593 775
593 782
593 932
594 642
595 652
595 752
595 815
595 833
595 835
595 891
596 669
596 941
597 681
597 683
597 743
597 794
598 645
598 902
598 931
599 660
599 744
599 972
600 671
600 734
600 741
600 825
600 870
600 992
601 907
602 779
602 961
602 1000
603 606
603 1000
604 635
604 859
604 895
604 900
604 955
604 962
605 611
605 774
605 785
605 895
605 901
605 928
606 608
606 646
607 769
607 776
609 703
610 825
611 644
611 667
611 700
611 748
611 791
611 948
612 651
612 662
612 918
613 717
613 787
614 752
614 853
615 783
616 708
616 724
616 755
616 805
616 904
617 673
617 731
617 813
617 814
617 816
617 911
617 963
617 991
618 768
619 706
619 853
619 901
620 837
620 964
620 975
621 818
621 938
621 948
622 772
623 898
624 717
624 982
625 935
625 942
626 657
626 684
626 734
626 810
626 912
626 942
627 804
627 886
627 917
628 651
628 660
628 780
628 948
629 754
629 760
630 646
630 670
630 708
630 738
630 764
631 763
631 914
632 739
632 818
633 775
633 924
634 700
634 801
634 899
634 909
635 662
635 674
635 700
636 697
636 741
636 979
637 741
637 784
637 844
637 977
638 688
638 828
638 834
638 927
638 967
638 971
639 841
640 953
640 991
640 1000
641 961
641 963
642 836
642 886
643 697
643 844
643 865
643 922
643 928
643 946
643 954
644 654
644 790
644 858
644 937
644 945
645 907
645 934
645 950
645 955
646 715
646 833
646 938
646 979
647 720
647 862
648 742
648 930
649 789
649 998
650 678
650 704
650 763
650 825
651 683
651 811
651 905
652 832
652 865
652 901
653 692
654 749
654 751
654 775
654 777
654 861
654 934
655 696
655 733
655 861
656 734
656 827
656 925
656 989
657 666
657 687
657 857
658 664
658 697
658 735
658 736
658 783
659 695
659 776
660 812
660 945
661 786
661 791
661 860
662 761
662 775
662 842
662 888
662 915
663 837
663 873
663 954
664 755
664 763
665 875
665 878
665 884
666 679
666 799
666 831
666 875
666 890
666 963
667 896
669 723
669 819
669 871
669 890
669 979
669 985
670 677
670 798
670 996
671 761
671 784
671 976
672 809
672 878
673 727
673 743
673 824
673 844
673 887
674 720
674 749
674 751
674 761
674 847
674 955
674 968
674 975
675 891
676 818
676 857
676 868
676 880
677 705
677 799
677 879
678 754
678 763
678 787
678 828
679 817
679 899
680 928
681 689
681 806
681 910
682 787
682 848
682 860
682 898
682 985
683 744
683 840
683 864
684 727
684 866
685 806
685 983
686 728
686 745
686 760
687 713
687 790
688 801
688 993
689 713
689 939
689 976
690 970
691 738
691 753
691 780
691 813
691 924
691 994
692 831
692 878
692 964
693 782
693 882
695 712
696 860
696 977
697 705
697 881
698 767
698 780
698 986
699 729
699 770
699 820
700 810
700 874
701 866
702 803
702 885
702 894
703 786
703 804
703 912
703 971
703 987
704 808
704 880
704 997
705 734
705 892
705 986
706 719
706 739
706 750
706 891
706 898
707 840
707 968
708 738
709 941
709 958
709 991
710 791
711 744
711 745
711 777
711 788
711 890
712 782
712 987
713 771
713 813
713 870
714 798
714 799
714 988
715 866
715 933
715 1000
716 863
717 727
717 786
717 996
718 763
718 886
718 980
720 729
720 762
720 840
720 989
721 783
722 742
722 756
724 763
724 819
724 866
724 871
724 917
724 976
724 979
725 744
725 821
725 857
725 934
726 762
726 773
726 847
726 865
726 924
726 956
726 976
727 769
727 816
727 919
727 935
727 943
728 811
728 983
729 867
730 900
731 746
731 873
732 898
733 896
733 984
734 902
735 903
735 906
735 987
736 753
736 780
736 806
736 826
736 900
736 978
736 993
738 750
738 842
738 858
739 902
739 944
741 813
742 972
743 880
743 932
744 803
744 875
744 888
744 911
744 932
744 969
745 773
745 970
747 919
747 962
748 817
748 883
748 948
749 853
750 829
750 830
750 846
751 839
752 756
752 951
752 995
753 761
753 879
754 823
754 861
754 987
755 802
755 895
756 789
756 958
757 791
757 982
758 862
758 905
758 956
758 976
758 991
759 775
759 815
759 988
760 817
760 972
761 780
761 831
762 795
762 888
763 829
763 836
764 773
764 784
764 913
764 982
765 835
765 981
766 812
766 823
766 913
767 840
768 785
768 926
769 802
769 886
770 948
770 988
771 773
772 943
772 962
773 798
773 809
773 837
774 956
775 805
775 896
776 930
776 945
777 881
777 931
777 948
778 836
779 807
779 950
780 834
780 862
780 913
781 783
781 902
781 911
781 957
782 866
783 994
784 830
785 876
785 897
786 800
786 868
786 906
786 967
787 928
788 790
788 827
788 933
788 947
789 842
789 911
790 920
790 956
791 947
793 795
794 817
794 844
794 883
796 822
796 901
797 936
797 963
798 856
798 864
798 905
798 982
799 905
800 841
801 963
802 851
802 896
802 940
802 961
803 880
803 934
803 989
805 829
805 912
805 917
805 949
805 1000
806 861
806 877
806 975
807 910
807 939
808 919
808 949
808 955
810 874
811 887
812 958
812 970
813 871
814 818
814 842
814 904
815 901
815 907
816 854
816 999
819 827
819 874
819 995
820 826
820 888
820 931
821 839
821 844
821 870
822 930
822 955
823 880
823 947
824 847
824 883
824 918
825 933
826 830
826 990
827 971
828 852
828 943
828 951
829 964
830 926
830 994
832 945
833 917
833 979
834 846
834 883
835 896
836 887
836 989
837 885
837 964
837 977
838 913
839 875
839 918
841 877
841 974
842 973
842 997
843 847
843 952
844 981
845 912
845 932
846 872
846 970
846 997
847 875
847 918
848 951
849 955
849 990
849 994
850 854
850 991
851 958
852 854
853 864
853 865
853 869
853 934
856 940
857 923
858 874
858 923
858 940
859 941
860 887
861 900
861 928
862 889
863 955
863 969
865 880
865 942
865 987
866 873
866 928
866 971
868 870
868 880
868 962
868 965
868 975
869 900
869 974
870 961
872 892
872 912
873 896
874 974
876 880
876 917
877 997
878 976
879 984
880 898
880 955
883 888
883 894
883 924
883 997
884 924
884 997
886 930
886 933
888 997
889 978
889 980
894 949
896 906
896 914
898 928
898 950
899 958
899 986
900 919
900 927
900 942
900 967
900 977
902 926
902 963
904 917
906 958
907 921
907 968
907 975
908 911
908 990
910 936
912 921
912 926
912 964
913 965
915 946
915 963
916 928
920 921
922 998
923 955
924 939
924 984
925 944
925 950
925 959
926 931
926 936
926 963
927 949
927 962
927 965
928 931
930 974
932 935
932 974
932 978
934 971
934 996
937 958
938 989
940 949
941 971
951 959
951 960
951 961
951 975
952 997
954 960
955 996
957 967
960 964
961 982
965 992
970 999
971 985
972 1000
974 1000
977 987
979 983
