453 673
16 213 242
1 382
23 199 298
86 152 226 320
54 111
30 104 278 352 452
5 154
139 220 326
152 178 207 331
184 241 345 445
35 161
79 94 177 280 424
221 293
101 183 422
284 289 340
19 61 448
73 416
163 251 259 289
108 358 435
27 28 36 55 139 291 404
220 264 267 338
17 73 436
16 264 419
159 173 269 423
31 92 98
121 414
122 427
169 326 334 446
237 320 424
282 449
11 72 141 223 247
191 350 414
202 217 331 366
31 209 239 415
100 299
89 406
88 237
112 431
174 423
14 337
18 213
290 372 420
218 298 344 391
34 86 350
87 244 412
13 446
3 111
330 334
122 244
152 398
84 222 251 288 434
101 437
48 291 349
32 400
169 303 338
21 328
209 335 405 416
39 156 196 443
3 127
52 126 236 326 352 367 432
49 303 391
77 148
151 335
247 291
162 451
360 372
264 404
309 383
231 284 393
67 258 295
25 266 319
102 281
1 2 136 324
135 325
120 209 323 359 398
244 273
71 313 351 404
104 402
44 105
94 128 130
34 79 129 184 193 320 373
38 125 212 413 440
76 208 374
18 41 94 126 149 254 360
3 325 370 419
30 244
261 320
296 305 392 452
87 175 329 443
47 208 258 426
71 159 180 272 420 428
19 107
178 186 199 293 403 444
104 399 429
118 289
50 77 367
24 223 294
124 155 313
39 101
29 49 222 400 451
9 186 245 324
175 202 247 348
43 147
254 308
191 429
61 124 287
75 125 293
226 288 344 378
62 184 305
130 318
238 383
147 427
5 18 118 204 324 325 376
77 195 297 378
6 113 197 417
122 183 278 298
29 333 350
7 217
71 201 266 402 452
6 57 186 225 327
96 317
342 426
59 171 196
167 182 185 277
56 371
45 76 104 413 446
201 353 412
41 69 130 220
31 215 240 263
41 62 142 439
337 390
30 363 449
199 254 446
131 140 358
291 326 443
48 452
56 328
74 91 208 365
310 397
12 127
27 96 408
84 118 169 360
19 118
124 359 374
204 365
82 121 126 130 203 291
79 274
59 137 209
25 100 312 420
198 394
168 169
92 311
38 88 357
103 114 198 288 312 430
165 262
194 271 281
278 438
376 388 451
111 251 277 393 453
10 153 414
42 163 248 350
21 37
202 432
150 199 398
75 129 320 323 405 451
82 344
40 89 415
195 317 339
243 395
240 350
35 231 384
27 272
46 82 260
104 302 409
106 259
129 205
102 229 256
28 194 437 448
91 297 348
94 138
162 246
196 429
27 36 238 255
20 231
107 325 350
211 346 365 413
284 327 384
133 172 255 329 358
47 207 223 301
42 332
86 93
53 83 253 391
79 409
142 158 389 431
260 315 453
147 330 439
254 418
155 170 207 210 234 257 431
149 184 268
227 268 323 337
130 189 317 335
22 37 302 377 438
99 104
70 158 311
34 441
373 431
30 413
156 281 288 403
320 436
30 61 101 155 241 248 372
30 135 405
28 212
96 281 298 401
34 356 421
189 212 306 365
63 298
60 148 167
156 275
2 423
155 238 239
83 215 232
71 245 288
14 420
162 253 267 357
255 259 293 372
156 410
65 69 231
268 322 443
5 22 98 227
2 253 366 393
206 221
130 154
63 134 179 225
302 404
81 207 432
336 430
50 210 333
121 208 266
216 245
18 86 412
165 253
126 418
184 188
10 205
31 163
47 189 240 326 349
148 230 387 403
121 162 437
330 363
130 452
12 64 224 337
22 328
193 317
59 97 193 360
197 368
56 197 259 448
119 262
155 160 203
95 203 439
53 101
70 284
209 340
177 376 401
4 299 329
47 70 341 370
110 420
366 400
8 276
199 243 261
354 359 374 405
187 277
154 299 438
89 103
266 296 339
152 212 410
75 241
354 400
152 178 183 392
322 334 348 363 436
334 390
85 338
27 77
121 153 312
143 399 422
190 371
174 395
5 23 300
47 191
60 239 250 335 370 435
42 173 413
97 171 235 313
152 154 227 294
29 165 175
66 422
252 298
225 318 348
195 216
189 229
47 182 292 351
10 125
5 6 384
75 109
60 236 404
2 340 367 391
119 414 419 446
141 264 370
170 374
93 166 250 370 406
42 100
96 119 219 259
201 327 431
191 250 336 447
87 124 240 264 405 422
33 100
137 398
147 219 221
86 177 322 438
325 395
290 444
21 118 219
200 277 427
16 152
29 205
206 239 400 415
286 399 415 432
399 407
69 166 209 326 447
88 387 398
218 449
375 441
141 416
46 290 331
244 329
145 394
86 220 282 404
50 104 110
14 81
125 182 205 425
239 374
139 237 384 405
61 70 92 219 241
101 209
27 168 254 299 322
162 224 363 381
30 173 416
154 243
308 394
334 365
243 362 429
40 419
43 276 380 415
111 342 409
322 405 410
42 221 426
70 73 83 353
194 196
199 418
5 84 438
97 119
47 117
155 173 282 310 344 438
67 135
223 235 295
110 437
131 402
56 178
51 124
224 336 357
143 312
244 381
92 128 385
33 44 129 169 312
206 242
15 174 198 229
83 227 294 374
377 429
304 346
298 412
310 360
2 80
79 103 308 330
69 276 308 408 430
2 19 194 213 279
291 326 433
120 182 371 393
333 445
43 308 349
15 31 53 195 376
14 31
41 130 448
412 430
79 432
72 100 112 419
12 87 447
116 139 196
95 251
258 426
31 98 146 250 444
282 432
153 285
56 268 350
180 391
180 247 414
165 392
28 245 303
59 67 160 231
87 374
328 422
136 352
201 355
21 258 301 449
90 171 215 269
244 361
371 412
129 270 317
155 349
102 215 398
30 65 261 436
103 133 154 247 367 398
293 339
41 233 347
228 351
200 448
25 254 314
14 69 86 88 97
110 142 156 249
25 264
285 437
99 160 334
377 444
83 422
398 409
143 144 334
1 242 417
196 203
77 94 162 170 186
25 370
126 443
53 225
83 273
121 261
111 270 321
5 182
60 203 284
110 281
25 231
43 210 259
70 204 323 334
143 310
103 370
84 237 403
161 186 318 329 377
221 249
15 441
175 315
187 210 284
272 294 436
175 376 422
135 243
239 438
259 284
231 441
112 209 344
46 68
90 226 272
90 440
102 152
26 176 398
167 223 425
22 83 206
260 385 393
29 149
47 220
323 365
64 274 342 354
242 313 346
93 176
297 324
10 368 371
117 189 444
25 176 266 308 313 430
114 211
182 233
59 84
110 167 323
40 280
54 78 341
56 308
41 171
182 241
106 196
11 27 35 290
334 386 395
129 142 175 370
20 167 253 323 350
42 243 329
92 173 195
289 372 444 448
85 259
73 282
91 261 371
29 65 88 156
87 194 348 365 447
135 281 440
82 103 195
107 110 248 306 412
14 142 195
280 317
168 268 412
147 401
69 258
223 413 441
278 418
13 79 176 180 217
366 390
38 51 80 363 390
132 238 274 452
6 220 295 346
255 426
284 405 437
328 422
238 333
147 416
10 115 370
277 391
135 176 199 229 343
20 178 393
249 300
75 195 203
156 238 267 367
52 97 139 301
367 409
134 174 249 313 381
375 379
188 301 376
9 89
144 287
146 337
28 101 118
67 104 160 374
255 392
56 196 254 287 391
185 413
201 215 397 420
36 203 292 338
119 142 190 232 310 431
205 301 431
283 395
347 408
224 288 414
169 250 371 409
71 84 416
53 419
108 284
11 88
43 54
81 207 250 287
178 210 389
126 224
131 243
268 418
114 342 451
59 137 155 449
22 167 263 367
105 446
111 349 392 423
46 175 219
92 340
41 172 239 264 357
85 137 176 376
6 15 291 410
103 126 322 359
147 400
85 386
261 288
198 347 446
178 271
174 303
128 268 393
125 232 358
71 344
100 426
41 326
128 265
411 415
42 46 194
75 324 400
174 449
35 156 200 248 382 450
412 414
12 231 387
5 87 159
136 167
363 396
114 324
180 226
142 346 434
55 339 344 360
182 409
89 161
36 114
43 46 234
157 235
16 169 181 255
214 281 364 442
9 119
137 189 349 408
54 73 162 203 254 384
168 357 451
31 392
2 161 325 327 427
123 432
6 191 203 296
8 87 189 208 294 451
63 178 436
159 180 414
183 240
114 281
69 201 288 371
175 201 234
276 301 351
63 81 86 133 164 338
82 160 352
45 399
135 146 320 427 444
167 174 399
27 250 311 434
2 44 50 85
217 417
251 258 307
58 143 157 316
354 360
147 192 277 378
3 59 111 132
239 404
215 392
83 121 212 253 343
297 339
69 381
54 128 268 318 427
249 400 452
96 224
46 314
20 128 139
249 286 395
281 341 363 419
16 150 165 404
226 441
119 306
118 254
85 96 223 401
180 364
15 235
6 199 212 231
145 272 357
169 419
106 300 336 367
299 369 431
19 241
70 201 305
2 314 335
19 79 233 238
329 394
15 52 276 392
128 230
260 322
53 98 118 130
146 265 323
111 139 450
85 234 277 298 395 402
117 253 422
54 193
19 75 240 267
