300 13429
1 2
1 7
1 8
1 9
1 18
1 19
1 21
1 22
1 23
1 24
1 26
1 32
1 33
1 34
1 35
1 38
1 40
1 43
1 44
1 46
1 47
1 50
1 53
1 54
1 56
1 60
1 61
1 64
1 65
1 67
1 68
1 75
1 80
1 82
1 83
1 84
1 85
1 88
1 89
1 92
1 94
1 97
1 99
1 104
1 105
1 106
1 109
1 113
1 118
1 123
1 124
1 129
1 130
1 131
1 134
1 140
1 144
1 153
1 162
1 165
1 167
1 168
1 179
1 180
1 190
1 197
1 199
1 202
1 204
1 206
1 210
1 216
1 217
1 219
1 222
1 226
1 231
1 234
1 237
1 242
1 243
1 261
1 263
1 270
1 273
1 276
1 278
1 280
1 281
1 286
1 288
1 296
1 297
1 300
2 5
2 6
2 10
2 11
2 13
2 14
2 17
2 22
2 28
2 29
2 32
2 33
2 34
2 35
2 39
2 47
2 50
2 52
2 55
2 57
2 59
2 60
2 61
2 64
2 71
2 72
2 73
2 74
2 89
2 95
2 97
2 106
2 115
2 116
2 118
2 119
2 122
2 125
2 126
2 127
2 131
2 136
2 149
2 150
2 151
2 158
2 159
2 160
2 167
2 174
2 175
2 177
2 179
2 181
2 188
2 189
2 190
2 192
2 196
2 198
2 201
2 204
2 213
2 218
2 220
2 222
2 225
2 228
2 231
2 238
2 240
2 244
2 247
2 252
2 253
2 257
2 262
2 265
2 269
2 277
2 278
2 281
2 283
2 287
2 289
2 295
2 298
3 5
3 13
3 14
3 15
3 19
3 20
3 22
3 23
3 29
3 32
3 33
3 45
3 50
3 55
3 57
3 60
3 61
3 64
3 66
3 67
3 69
3 78
3 81
3 84
3 92
3 101
3 103
3 114
3 116
3 118
3 136
3 140
3 142
3 147
3 148
3 150
3 152
3 153
3 154
3 155
3 156
3 158
3 159
3 160
3 162
3 163
3 169
3 172
3 174
3 177
3 178
3 180
3 181
3 183
3 185
3 192
3 197
3 200
3 201
3 205
3 207
3 208
3 212
3 213
3 214
3 215
3 225
3 226
3 229
3 233
3 237
3 239
3 241
3 245
3 246
3 247
3 251
3 252
3 258
3 259
3 262
3 263
3 266
3 268
3 270
3 272
3 278
3 279
3 282
3 285
3 288
4 6
4 8
4 9
4 10
4 13
4 14
4 20
4 22
4 23
4 35
4 46
4 53
4 55
4 56
4 61
4 64
4 68
4 70
4 71
4 85
4 94
4 95
4 99
4 100
4 103
4 105
4 111
4 114
4 115
4 118
4 120
4 124
4 126
4 127
4 129
4 137
4 141
4 142
4 145
4 147
4 149
4 153
4 154
4 156
4 158
4 160
4 161
4 165
4 167
4 168
4 169
4 170
4 177
4 180
4 183
4 185
4 186
4 188
4 189
4 192
4 196
4 198
4 199
4 201
4 203
4 204
4 207
4 209
4 210
4 212
4 214
4 223
4 224
4 226
4 228
4 233
4 234
4 235
4 236
4 240
4 243
4 246
4 251
4 256
4 259
4 265
4 266
4 268
4 269
4 275
4 278
4 283
4 287
4 290
4 295
4 298
4 299
4 300
5 8
5 10
5 14
5 19
5 22
5 24
5 26
5 29
5 35
5 38
5 39
5 44
5 46
5 48
5 49
5 50
5 51
5 52
5 61
5 63
5 64
5 66
5 67
5 72
5 73
5 75
5 76
5 78
5 79
5 84
5 91
5 100
5 103
5 104
5 105
5 106
5 109
5 110
5 112
5 116
5 118
5 122
5 127
5 129
5 130
5 138
5 141
5 143
5 146
5 152
5 157
5 162
5 163
5 165
5 166
5 172
5 176
5 177
5 182
5 190
5 195
5 196
5 198
5 203
5 207
5 208
5 212
5 214
5 219
5 220
5 226
5 227
5 229
5 234
5 235
5 241
5 243
5 244
5 247
5 250
5 251
5 252
5 253
5 254
5 260
5 266
5 267
5 268
5 271
5 277
5 283
5 285
5 287
5 288
5 291
5 294
5 297
6 7
6 9
6 11
6 14
6 17
6 19
6 20
6 23
6 27
6 30
6 31
6 34
6 35
6 44
6 49
6 50
6 55
6 61
6 62
6 65
6 66
6 77
6 80
6 82
6 88
6 92
6 93
6 95
6 97
6 99
6 103
6 106
6 109
6 114
6 115
6 118
6 120
6 125
6 128
6 130
6 134
6 136
6 137
6 139
6 141
6 145
6 147
6 151
6 152
6 155
6 158
6 159
6 164
6 168
6 169
6 170
6 171
6 172
6 173
6 177
6 183
6 188
6 198
6 204
6 213
6 214
6 219
6 221
6 222
6 224
6 226
6 230
6 233
6 236
6 241
6 242
6 244
6 247
6 249
6 251
6 254
6 255
6 256
6 262
6 264
6 269
6 270
6 272
6 279
6 282
6 285
6 288
6 290
6 296
6 300
7 12
7 14
7 17
7 24
7 26
7 30
7 33
7 34
7 40
7 41
7 53
7 60
7 63
7 66
7 69
7 71
7 72
7 73
7 77
7 80
7 83
7 84
7 85
7 90
7 94
7 98
7 100
7 107
7 108
7 109
7 113
7 115
7 124
7 126
7 128
7 131
7 134
7 135
7 136
7 138
7 142
7 143
7 145
7 146
7 147
7 148
7 149
7 153
7 154
7 161
7 163
7 165
7 172
7 174
7 176
7 178
7 186
7 187
7 191
7 192
7 195
7 196
7 201
7 206
7 211
7 216
7 228
7 234
7 235
7 236
7 238
7 249
7 261
7 262
7 263
7 265
7 266
7 267
7 274
7 288
7 291
8 12
8 13
8 14
8 17
8 25
8 27
8 28
8 29
8 31
8 35
8 36
8 39
8 43
8 49
8 50
8 61
8 64
8 77
8 78
8 81
8 84
8 97
8 101
8 104
8 105
8 107
8 108
8 110
8 111
8 118
8 119
8 120
8 121
8 125
8 133
8 135
8 146
8 147
8 151
8 152
8 174
8 176
8 177
8 185
8 191
8 193
8 196
8 197
8 201
8 207
8 210
8 211
8 215
8 218
8 219
8 221
8 224
8 226
8 233
8 235
8 239
8 252
8 258
8 259
8 263
8 264
8 265
8 272
8 275
8 276
8 280
8 282
8 295
8 299
9 14
9 15
9 21
9 23
9 24
9 27
9 29
9 37
9 39
9 40
9 47
9 48
9 51
9 54
9 56
9 59
9 60
9 62
9 65
9 66
9 70
9 76
9 81
9 82
9 84
9 87
9 88
9 89
9 91
9 93
9 98
9 100
9 101
9 104
9 111
9 121
9 124
9 131
9 136
9 139
9 145
9 148
9 150
9 153
9 155
9 156
9 157
9 161
9 162
9 169
9 172
9 173
9 178
9 179
9 181
9 184
9 186
9 188
9 192
9 194
9 198
9 203
9 208
9 209
9 214
9 219
9 226
9 227
9 229
9 233
9 234
9 238
9 243
9 245
9 258
9 265
9 266
9 268
9 270
9 272
9 274
9 279
9 281
9 287
9 291
9 292
9 297
9 298
10 20
10 26
10 27
10 30
10 34
10 37
10 40
10 44
10 50
10 51
10 52
10 54
10 57
10 58
10 60
10 64
10 65
10 73
10 74
10 75
10 76
10 77
10 80
10 81
10 85
10 86
10 87
10 102
10 104
10 106
10 108
10 111
10 115
10 120
10 124
10 125
10 127
10 129
10 130
10 131
10 133
10 136
10 139
10 140
10 142
10 146
10 147
10 149
10 153
10 155
10 159
10 164
10 166
10 169
10 176
10 178
10 179
10 181
10 185
10 190
10 192
10 195
10 197
10 201
10 202
10 203
10 207
10 213
10 216
10 230
10 235
10 237
10 238
10 246
10 248
10 249
10 253
10 256
10 260
10 270
10 272
10 276
10 279
10 281
10 285
10 289
10 293
10 297
10 299
10 300
11 15
11 21
11 30
11 33
11 35
11 38
11 40
11 41
11 43
11 47
11 50
11 52
11 53
11 54
11 55
11 57
11 59
11 65
11 67
11 69
11 71
11 74
11 76
11 80
11 82
11 84
11 89
11 94
11 95
11 96
11 102
11 104
11 105
11 110
11 112
11 117
11 120
11 125
11 127
11 128
11 129
11 134
11 137
11 140
11 142
11 143
11 152
11 153
11 155
11 156
11 159
11 161
11 163
11 165
11 166
11 167
11 172
11 174
11 178
11 180
11 188
11 192
11 194
11 199
11 206
11 216
11 217
11 218
11 220
11 221
11 225
11 230
11 232
11 233
11 237
11 241
11 248
11 252
11 257
11 258
11 263
11 264
11 266
11 274
11 277
11 279
11 282
11 284
11 294
11 298
12 14
12 15
12 16
12 18
12 19
12 23
12 26
12 29
12 35
12 39
12 42
12 43
12 52
12 55
12 61
12 64
12 66
12 75
12 78
12 79
12 84
12 87
12 90
12 91
12 99
12 104
12 106
12 107
12 110
12 111
12 116
12 117
12 120
12 123
12 124
12 126
12 127
12 128
12 129
12 136
12 137
12 140
12 141
12 142
12 146
12 148
12 149
12 153
12 154
12 155
12 159
12 161
12 164
12 166
12 172
12 174
12 177
12 178
12 181
12 185
12 187
12 188
12 189
12 194
12 196
12 201
12 208
12 210
12 211
12 216
12 227
12 231
12 232
12 233
12 235
12 236
12 240
12 241
12 250
12 251
12 263
12 265
12 269
12 273
12 276
12 277
12 278
12 282
12 294
12 297
12 298
12 299
12 300
13 15
13 17
13 20
13 24
13 25
13 35
13 36
13 39
13 41
13 43
13 53
13 54
13 55
13 56
13 63
13 66
13 70
13 71
13 72
13 77
13 83
13 92
13 95
13 96
13 102
13 105
13 107
13 108
13 112
13 113
13 116
13 119
13 125
13 127
13 133
13 134
13 136
13 139
13 147
13 151
13 152
13 154
13 166
13 170
13 171
13 172
13 175
13 182
13 189
13 191
13 193
13 195
13 205
13 206
13 208
13 214
13 219
13 223
13 227
13 231
13 233
13 241
13 247
13 254
13 255
13 256
13 257
13 260
13 264
13 268
13 269
13 274
13 279
13 283
13 286
13 289
13 290
13 291
13 292
13 298
14 21
14 22
14 23
14 25
14 30
14 35
14 37
14 39
14 40
14 47
14 49
14 59
14 60
14 62
14 66
14 68
14 69
14 70
14 72
14 73
14 79
14 82
14 88
14 97
14 105
14 106
14 109
14 110
14 111
14 114
14 117
14 120
14 121
14 126
14 128
14 129
14 133
14 135
14 150
14 159
14 164
14 167
14 174
14 176
14 177
14 178
14 188
14 194
14 196
14 197
14 201
14 202
14 207
14 208
14 212
14 214
14 218
14 219
14 222
14 223
14 225
14 228
14 229
14 234
14 238
14 241
14 242
14 244
14 250
14 253
14 254
14 256
14 264
14 265
14 269
14 277
14 278
14 285
14 286
14 288
14 289
14 293
14 296
14 297
14 299
15 18
15 23
15 29
15 34
15 39
15 40
15 43
15 52
15 55
15 57
15 59
15 64
15 69
15 72
15 73
15 75
15 80
15 86
15 87
15 88
15 94
15 102
15 104
15 110
15 112
15 115
15 117
15 119
15 120
15 127
15 128
15 130
15 132
15 136
15 138
15 139
15 145
15 148
15 150
15 151
15 153
15 158
15 160
15 161
15 162
15 165
15 167
15 169
15 170
15 171
15 172
15 173
15 178
15 181
15 187
15 197
15 198
15 200
15 204
15 205
15 207
15 208
15 214
15 216
15 217
15 220
15 221
15 222
15 226
15 229
15 234
15 239
15 242
15 245
15 251
15 254
15 255
15 257
15 260
15 261
15 262
15 264
15 266
15 267
15 269
15 272
15 273
15 275
15 280
15 281
15 285
15 286
15 291
15 294
15 296
15 297
16 19
16 22
16 24
16 32
16 34
16 37
16 38
16 41
16 43
16 44
16 48
16 50
16 58
16 59
16 62
16 65
16 71
16 76
16 79
16 90
16 94
16 104
16 108
16 109
16 110
16 113
16 116
16 117
16 121
16 123
16 128
16 143
16 148
16 150
16 151
16 153
16 165
16 168
16 170
16 172
16 173
16 174
16 175
16 176
16 178
16 179
16 182
16 183
16 184
16 185
16 194
16 204
16 207
16 215
16 217
16 220
16 222
16 224
16 235
16 239
16 241
16 242
16 245
16 247
16 257
16 265
16 266
16 268
16 270
16 273
16 275
16 276
16 281
16 282
16 283
16 285
16 290
16 291
17 23
17 25
17 27
17 35
17 39
17 42
17 47
17 50
17 51
17 53
17 54
17 62
17 70
17 72
17 73
17 80
17 83
17 87
17 94
17 108
17 114
17 120
17 123
17 126
17 129
17 136
17 139
17 144
17 145
17 146
17 148
17 149
17 157
17 159
17 160
17 170
17 186
17 193
17 199
17 202
17 203
17 205
17 206
17 212
17 214
17 217
17 220
17 225
17 228
17 230
17 232
17 238
17 239
17 241
17 243
17 245
17 246
17 256
17 261
17 263
17 266
17 268
17 270
17 272
17 279
17 281
17 285
17 286
17 287
17 290
17 291
17 292
17 297
17 298
18 19
18 23
18 29
18 31
18 34
18 36
18 41
18 42
18 43
18 51
18 52
18 56
18 58
18 64
18 67
18 68
18 69
18 72
18 78
18 80
18 88
18 92
18 93
18 97
18 100
18 108
18 112
18 114
18 115
18 124
18 131
18 132
18 134
18 138
18 139
18 142
18 143
18 145
18 150
18 151
18 166
18 169
18 170
18 171
18 174
18 177
18 185
18 189
18 194
18 202
18 210
18 217
18 218
18 224
18 225
18 227
18 232
18 237
18 240
18 241
18 242
18 245
18 250
18 251
18 253
18 256
18 258
18 260
18 263
18 265
18 266
18 269
18 281
18 284
18 291
18 293
18 294
18 295
19 20
19 21
19 26
19 28
19 31
19 32
19 47
19 48
19 49
19 51
19 52
19 55
19 57
19 59
19 61
19 69
19 73
19 75
19 76
19 78
19 81
19 82
19 94
19 99
19 101
19 105
19 112
19 115
19 116
19 123
19 128
19 130
19 131
19 133
19 139
19 142
19 145
19 151
19 153
19 156
19 157
19 159
19 161
19 162
19 164
19 168
19 183
19 187
19 192
19 193
19 195
19 200
19 206
19 207
19 210
19 215
19 218
19 224
19 226
19 230
19 241
19 247
19 249
19 251
19 252
19 258
19 265
19 268
19 274
19 277
19 282
19 285
19 289
19 297
20 23
20 25
20 32
20 37
20 38
20 41
20 48
20 51
20 55
20 60
20 67
20 75
20 77
20 85
20 88
20 91
20 95
20 98
20 101
20 103
20 106
20 108
20 111
20 117
20 122
20 123
20 124
20 128
20 132
20 139
20 143
20 145
20 149
20 152
20 154
20 158
20 178
20 182
20 184
20 189
20 191
20 199
20 206
20 215
20 221
20 223
20 224
20 227
20 232
20 234
20 236
20 239
20 241
20 242
20 243
20 246
20 247
20 248
20 249
20 253
20 257
20 260
20 268
20 274
20 281
20 283
20 286
20 290
20 292
20 295
21 22
21 23
21 25
21 27
21 35
21 37
21 38
21 41
21 42
21 43
21 45
21 47
21 50
21 56
21 60
21 61
21 62
21 63
21 64
21 67
21 69
21 71
21 77
21 82
21 87
21 90
21 93
21 94
21 95
21 97
21 99
21 100
21 101
21 103
21 108
21 109
21 115
21 120
21 124
21 126
21 128
21 131
21 135
21 139
21 151
21 155
21 156
21 157
21 161
21 165
21 168
21 172
21 174
21 178
21 184
21 188
21 196
21 199
21 200
21 202
21 206
21 208
21 210
21 215
21 221
21 225
21 228
21 231
21 232
21 234
21 246
21 248
21 250
21 253
21 254
21 257
21 258
21 260
21 265
21 272
21 275
21 278
21 280
21 282
21 283
21 285
21 287
21 288
21 289
21 293
21 295
21 296
21 297
22 26
22 27
22 38
22 39
22 40
22 41
22 42
22 45
22 48
22 52
22 55
22 58
22 66
22 72
22 74
22 82
22 90
22 91
22 92
22 94
22 100
22 101
22 104
22 105
22 107
22 110
22 117
22 123
22 126
22 128
22 137
22 138
22 140
22 141
22 142
22 146
22 147
22 149
22 154
22 156
22 161
22 162
22 165
22 166
22 174
22 175
22 177
22 178
22 180
22 186
22 189
22 191
22 194
22 198
22 206
22 208
22 210
22 212
22 213
22 215
22 226
22 232
22 234
22 235
22 237
22 249
22 252
22 261
22 263
22 265
22 266
22 267
22 285
22 286
22 289
22 295
23 25
23 26
23 31
23 33
23 37
23 39
23 45
23 50
23 51
23 70
23 72
23 78
23 79
23 96
23 97
23 98
23 101
23 103
23 106
23 111
23 118
23 119
23 121
23 122
23 124
23 138
23 140
23 142
23 145
23 164
23 165
23 167
23 169
23 171
23 172
23 173
23 179
23 183
23 188
23 189
23 192
23 193
23 198
23 201
23 202
23 208
23 210
23 211
23 213
23 214
23 221
23 229
23 230
23 231
23 233
23 234
23 235
23 238
23 242
23 244
23 245
23 247
23 248
23 251
23 257
23 259
23 260
23 261
23 264
23 268
23 269
23 274
23 277
23 278
23 279
23 283
23 285
23 287
23 288
23 289
23 294
23 295
23 297
23 299
24 25
24 26
24 27
24 34
24 41
24 45
24 47
24 51
24 52
24 53
24 54
24 55
24 59
24 63
24 64
24 68
24 72
24 74
24 77
24 88
24 90
24 92
24 101
24 106
24 108
24 113
24 115
24 120
24 122
24 123
24 128
24 129
24 133
24 139
24 143
24 147
24 149
24 150
24 152
24 153
24 156
24 157
24 159
24 164
24 169
24 171
24 172
24 173
24 175
24 179
24 181
24 182
24 183
24 185
24 186
24 187
24 188
24 190
24 195
24 200
24 202
24 205
24 212
24 217
24 218
24 221
24 223
24 232
24 234
24 235
24 239
24 241
24 250
24 254
24 255
24 256
24 259
24 260
24 264
24 265
24 266
24 270
24 271
24 277
24 283
24 284
24 288
24 293
24 295
24 296
24 297
24 298
25 31
25 33
25 40
25 42
25 43
25 51
25 56
25 60
25 63
25 69
25 71
25 75
25 78
25 81
25 82
25 88
25 89
25 91
25 93
25 98
25 101
25 106
25 108
25 112
25 115
25 117
25 120
25 122
25 125
25 127
25 128
25 129
25 134
25 135
25 137
25 138
25 140
25 142
25 152
25 153
25 164
25 165
25 166
25 169
25 173
25 174
25 177
25 179
25 182
25 185
25 187
25 192
25 195
25 196
25 201
25 202
25 203
25 204
25 207
25 210
25 219
25 225
25 226
25 229
25 233
25 236
25 241
25 242
25 244
25 247
25 248
25 249
25 252
25 253
25 255
25 256
25 257
25 261
25 263
25 267
25 270
25 274
25 278
25 282
25 285
25 287
25 288
25 291
25 294
25 296
25 299
26 28
26 30
26 37
26 40
26 44
26 46
26 53
26 57
26 58
26 59
26 64
26 69
26 73
26 75
26 78
26 79
26 80
26 82
26 83
26 86
26 87
26 91
26 98
26 99
26 101
26 108
26 111
26 115
26 118
26 119
26 121
26 123
26 126
26 135
26 140
26 142
26 144
26 145
26 146
26 153
26 154
26 168
26 178
26 181
26 184
26 185
26 189
26 191
26 195
26 202
26 206
26 209
26 214
26 216
26 219
26 221
26 228
26 230
26 233
26 234
26 240
26 255
26 262
26 266
26 267
26 272
26 275
26 284
26 286
26 294
26 295
26 297
26 298
26 299
27 30
27 34
27 37
27 41
27 42
27 43
27 46
27 49
27 53
27 55
27 57
27 61
27 62
27 63
27 65
27 72
27 82
27 90
27 93
27 94
27 96
27 105
27 107
27 110
27 115
27 118
27 120
27 125
27 127
27 132
27 135
27 143
27 145
27 146
27 149
27 151
27 161
27 162
27 164
27 170
27 176
27 178
27 180
27 181
27 184
27 193
27 195
27 198
27 199
27 200
27 201
27 202
27 205
27 207
27 213
27 218
27 222
27 223
27 224
27 227
27 228
27 230
27 232
27 236
27 237
27 240
27 242
27 244
27 245
27 246
27 252
27 256
27 260
27 263
27 265
27 269
27 271
27 272
27 276
27 281
27 284
27 286
27 290
27 291
27 292
27 293
27 296
27 298
28 31
28 32
28 33
28 39
28 44
28 48
28 52
28 57
28 58
28 59
28 65
28 69
28 73
28 74
28 80
28 83
28 84
28 95
28 99
28 113
28 115
28 117
28 119
28 124
28 128
28 129
28 133
28 140
28 142
28 147
28 148
28 152
28 156
28 158
28 162
28 166
28 169
28 170
28 178
28 181
28 185
28 192
28 197
28 206
28 208
28 211
28 215
28 224
28 226
28 230
28 244
28 247
28 256
28 260
28 270
28 272
28 274
28 279
28 281
28 282
28 283
28 291
28 292
28 295
28 298
28 299
28 300
29 30
29 31
29 34
29 41
29 45
29 49
29 51
29 54
29 57
29 58
29 60
29 62
29 68
29 71
29 75
29 78
29 82
29 85
29 91
29 92
29 93
29 95
29 99
29 100
29 101
29 105
29 116
29 117
29 125
29 127
29 128
29 129
29 130
29 131
29 133
29 135
29 138
29 141
29 142
29 143
29 144
29 149
29 152
29 153
29 155
29 156
29 157
29 174
29 175
29 176
29 177
29 179
29 182
29 190
29 193
29 194
29 197
29 202
29 203
29 205
29 206
29 208
29 211
29 212
29 213
29 215
29 218
29 219
29 224
29 226
29 229
29 230
29 238
29 239
29 240
29 242
29 243
29 248
29 250
29 251
29 256
29 257
29 264
29 265
29 267
29 270
29 271
29 276
29 277
29 281
29 283
29 285
29 289
30 34
30 37
30 40
30 43
30 44
30 45
30 48
30 50
30 55
30 62
30 64
30 68
30 69
30 75
30 85
30 87
30 89
30 92
30 97
30 98
30 101
30 104
30 108
30 110
30 111
30 114
30 118
30 119
30 121
30 122
30 127
30 128
30 139
30 145
30 150
30 152
30 153
30 154
30 157
30 158
30 166
30 167
30 171
30 172
30 178
30 180
30 181
30 188
30 189
30 198
30 199
30 207
30 209
30 213
30 216
30 219
30 222
30 224
30 225
30 226
30 229
30 233
30 234
30 241
30 243
30 246
30 249
30 252
30 257
30 263
30 267
30 274
30 275
30 285
30 290
30 293
30 294
30 295
31 33
31 35
31 37
31 39
31 42
31 45
31 49
31 50
31 51
31 55
31 56
31 58
31 60
31 62
31 65
31 67
31 72
31 77
31 78
31 86
31 87
31 92
31 100
31 106
31 108
31 119
31 121
31 125
31 126
31 128
31 134
31 136
31 139
31 141
31 150
31 153
31 155
31 163
31 167
31 168
31 175
31 176
31 177
31 178
31 180
31 181
31 182
31 183
31 186
31 188
31 190
31 191
31 195
31 198
31 199
31 202
31 205
31 208
31 210
31 214
31 215
31 219
31 225
31 226
31 229
31 233
31 234
31 235
31 236
31 237
31 238
31 240
31 248
31 250
31 255
31 258
31 261
31 263
31 264
31 270
31 275
31 286
31 291
31 292
31 294
32 33
32 35
32 40
32 42
32 44
32 47
32 54
32 58
32 60
32 63
32 69
32 70
32 73
32 77
32 78
32 80
32 81
32 84
32 85
32 92
32 96
32 99
32 106
32 107
32 110
32 111
32 112
32 115
32 117
32 118
32 119
32 122
32 123
32 125
32 127
32 133
32 134
32 139
32 141
32 145
32 146
32 148
32 154
32 156
32 170
32 177
32 179
32 184
32 187
32 196
32 199
32 207
32 209
32 210
32 218
32 220
32 221
32 224
32 229
32 232
32 235
32 242
32 247
32 251
32 252
32 254
32 263
32 267
32 269
32 275
32 281
32 286
32 289
32 294
33 35
33 36
33 42
33 43
33 48
33 52
33 56
33 60
33 63
33 70
33 71
33 73
33 74
33 77
33 79
33 84
33 95
33 96
33 98
33 102
33 105
33 106
33 107
33 114
33 115
33 117
33 123
33 127
33 128
33 129
33 130
33 148
33 150
33 155
33 165
33 169
33 171
33 172
33 175
33 176
33 180
33 187
33 190
33 192
33 194
33 195
33 199
33 203
33 205
33 207
33 210
33 219
33 224
33 225
33 231
33 232
33 234
33 243
33 245
33 247
33 249
33 254
33 257
33 261
33 262
33 263
33 271
33 274
33 275
33 276
33 278
33 289
33 296
33 299
34 37
34 41
34 48
34 49
34 51
34 52
34 55
34 61
34 67
34 73
34 77
34 84
34 88
34 93
34 97
34 100
34 106
34 111
34 114
34 116
34 118
34 119
34 120
34 124
34 126
34 128
34 129
34 130
34 131
34 134
34 136
34 138
34 141
34 147
34 149
34 151
34 154
34 156
34 159
34 160
34 162
34 171
34 175
34 178
34 179
34 180
34 183
34 185
34 186
34 188
34 198
34 205
34 207
34 208
34 225
34 227
34 229
34 230
34 231
34 236
34 243
34 244
34 248
34 250
34 257
34 258
34 259
34 262
34 263
34 265
34 267
34 269
34 270
34 272
34 274
34 279
34 283
34 286
34 288
34 294
34 295
34 296
34 297
34 298
34 300
35 40
35 54
35 58
35 61
35 62
35 64
35 66
35 70
35 71
35 75
35 77
35 84
35 87
35 88
35 89
35 91
35 95
35 97
35 98
35 101
35 102
35 103
35 110
35 118
35 119
35 132
35 133
35 138
35 146
35 163
35 164
35 165
35 167
35 170
35 171
35 177
35 178
35 181
35 189
35 191
35 192
35 194
35 195
35 196
35 197
35 199
35 201
35 204
35 210
35 219
35 221
35 223
35 226
35 229
35 231
35 235
35 236
35 237
35 238
35 250
35 252
35 253
35 261
35 262
35 273
35 274
35 279
35 281
35 285
35 286
35 287
35 288
35 289
35 291
35 296
35 297
36 37
36 38
36 43
36 44
36 48
36 58
36 59
36 60
36 62
36 66
36 68
36 69
36 70
36 74
36 77
36 84
36 87
36 89
36 90
36 91
36 97
36 107
36 111
36 113
36 114
36 121
36 123
36 128
36 130
36 131
36 136
36 142
36 143
36 145
36 153
36 155
36 159
36 160
36 161
36 164
36 167
36 169
36 170
36 172
36 176
36 179
36 191
36 192
36 194
36 196
36 198
36 200
36 203
36 205
36 206
36 208
36 213
36 214
36 219
36 222
36 224
36 234
36 244
36 245
36 246
36 247
36 250
36 253
36 263
36 265
36 266
36 276
36 279
36 281
36 283
36 286
36 288
36 291
36 298
37 44
37 48
37 58
37 60
37 63
37 64
37 66
37 68
37 69
37 73
37 86
37 88
37 91
37 95
37 98
37 104
37 108
37 112
37 118
37 120
37 124
37 125
37 126
37 127
37 135
37 138
37 147
37 148
37 150
37 154
37 167
37 171
37 176
37 180
37 181
37 187
37 188
37 192
37 193
37 205
37 206
37 209
37 212
37 220
37 222
37 225
37 228
37 234
37 236
37 240
37 241
37 245
37 247
37 248
37 250
37 258
37 262
37 263
37 266
37 270
37 272
37 282
37 283
37 285
37 293
37 296
37 298
38 41
38 43
38 52
38 55
38 57
38 59
38 60
38 61
38 63
38 64
38 66
38 69
38 70
38 71
38 72
38 75
38 77
38 78
38 81
38 84
38 87
38 93
38 96
38 102
38 103
38 105
38 115
38 118
38 124
38 126
38 127
38 137
38 141
38 149
38 150
38 154
38 155
38 156
38 157
38 158
38 160
38 167
38 169
38 170
38 174
38 175
38 179
38 181
38 184
38 186
38 189
38 191
38 192
38 195
38 197
38 201
38 204
38 206
38 208
38 209
38 211
38 215
38 216
38 221
38 231
38 234
38 249
38 252
38 256
38 257
38 262
38 270
38 274
38 276
38 277
38 280
38 290
38 292
38 294
38 296
38 300
39 41
39 44
39 46
39 48
39 49
39 51
39 52
39 58
39 59
39 60
39 61
39 62
39 64
39 66
39 69
39 70
39 71
39 72
39 73
39 75
39 76
39 84
39 87
39 90
39 94
39 96
39 97
39 113
39 116
39 124
39 128
39 129
39 132
39 146
39 147
39 150
39 154
39 164
39 169
39 170
39 171
39 174
39 179
39 181
39 182
39 188
39 189
39 194
39 198
39 199
39 208
39 210
39 214
39 215
39 219
39 230
39 232
39 235
39 246
39 247
39 249
39 250
39 256
39 258
39 259
39 261
39 264
39 266
39 267
39 270
39 272
39 274
39 276
39 278
39 285
39 290
39 292
39 297
39 298
39 299
40 41
40 48
40 50
40 51
40 55
40 57
40 62
40 63
40 67
40 68
40 75
40 76
40 77
40 83
40 84
40 86
40 87
40 89
40 93
40 94
40 98
40 99
40 101
40 104
40 113
40 116
40 117
40 120
40 125
40 126
40 129
40 137
40 139
40 142
40 145
40 146
40 147
40 152
40 153
40 155
40 156
40 166
40 168
40 170
40 175
40 176
40 178
40 185
40 189
40 190
40 191
40 193
40 204
40 207
40 208
40 210
40 214
40 219
40 220
40 226
40 229
40 230
40 237
40 238
40 241
40 242
40 246
40 251
40 253
40 254
40 270
40 278
40 280
40 284
40 286
40 288
40 289
40 292
40 296
40 297
40 298
41 55
41 60
41 63
41 67
41 73
41 74
41 79
41 82
41 84
41 85
41 86
41 90
41 93
41 100
41 103
41 104
41 105
41 108
41 109
41 110
41 111
41 116
41 118
41 120
41 121
41 123
41 126
41 128
41 134
41 136
41 137
41 138
41 148
41 151
41 157
41 159
41 164
41 169
41 170
41 171
41 175
41 176
41 178
41 181
41 183
41 185
41 189
41 190
41 192
41 199
41 200
41 204
41 211
41 213
41 215
41 220
41 226
41 230
41 231
41 234
41 235
41 237
41 242
41 250
41 251
41 256
41 261
41 265
41 267
41 269
41 270
41 273
41 274
41 277
41 284
41 286
41 298
41 300
42 43
42 48
42 53
42 57
42 60
42 62
42 65
42 68
42 73
42 74
42 78
42 86
42 87
42 90
42 93
42 94
42 95
42 101
42 103
42 105
42 106
42 107
42 114
42 115
42 116
42 118
42 125
42 126
42 131
42 135
42 137
42 139
42 141
42 142
42 148
42 149
42 151
42 155
42 157
42 160
42 162
42 163
42 166
42 171
42 177
42 178
42 183
42 184
42 185
42 192
42 194
42 195
42 198
42 199
42 200
42 206
42 208
42 209
42 213
42 215
42 217
42 220
42 222
42 226
42 229
42 236
42 238
42 239
42 240
42 241
42 242
42 245
42 252
42 255
42 256
42 257
42 259
42 261
42 263
42 264
42 273
42 274
42 275
42 276
42 290
42 294
42 295
43 44
43 46
43 47
43 49
43 54
43 56
43 58
43 63
43 66
43 67
43 69
43 72
43 75
43 77
43 83
43 88
43 96
43 100
43 102
43 104
43 105
43 106
43 108
43 109
43 112
43 117
43 118
43 119
43 125
43 130
43 131
43 137
43 145
43 150
43 157
43 158
43 159
43 166
43 168
43 170
43 171
43 175
43 176
43 179
43 185
43 187
43 188
43 190
43 192
43 193
43 194
43 195
43 196
43 200
43 203
43 204
43 207
43 209
43 211
43 215
43 216
43 219
43 220
43 221
43 222
43 225
43 226
43 228
43 232
43 233
43 239
43 240
43 248
43 249
43 250
43 252
43 254
43 255
43 257
43 258
43 260
43 264
43 271
43 275
43 276
43 284
43 290
44 48
44 51
44 52
44 54
44 60
44 64
44 67
44 69
44 71
44 72
44 76
44 82
44 85
44 86
44 90
44 92
44 94
44 99
44 100
44 102
44 105
44 107
44 108
44 114
44 115
44 120
44 123
44 124
44 125
44 132
44 133
44 134
44 135
44 136
44 143
44 147
44 148
44 149
44 151
44 156
44 157
44 158
44 161
44 164
44 175
44 181
44 182
44 184
44 186
44 187
44 188
44 194
44 198
44 199
44 206
44 207
44 210
44 212
44 213
44 215
44 216
44 220
44 221
44 222
44 229
44 231
44 232
44 233
44 234
44 237
44 238
44 239
44 241
44 242
44 245
44 252
44 261
44 267
44 276
44 281
44 283
44 284
44 289
44 292
44 295
45 47
45 49
45 53
45 54
45 56
45 57
45 67
45 70
45 72
45 74
45 82
45 87
45 90
45 91
45 93
45 99
45 105
45 115
45 121
45 130
45 132
45 136
45 138
45 141
45 142
45 147
45 148
45 150
45 153
45 161
45 163
45 164
45 166
45 177
45 178
45 181
45 182
45 183
45 189
45 191
45 200
45 201
45 203
45 214
45 216
45 220
45 230
45 239
45 242
45 249
45 250
45 256
45 257
45 260
45 263
45 264
45 265
45 272
45 273
45 278
45 280
45 281
45 287
45 295
45 297
45 298
45 299
45 300
46 49
46 50
46 53
46 56
46 66
46 71
46 79
46 81
46 84
46 85
46 89
46 92
46 93
46 96
46 98
46 99
46 101
46 103
46 106
46 107
46 112
46 113
46 119
46 121
46 123
46 131
46 135
46 136
46 142
46 143
46 145
46 146
46 147
46 148
46 149
46 150
46 151
46 157
46 158
46 160
46 169
46 170
46 175
46 178
46 179
46 181
46 182
46 186
46 190
46 193
46 200
46 203
46 206
46 208
46 210
46 212
46 213
46 214
46 217
46 219
46 220
46 224
46 231
46 232
46 233
46 234
46 236
46 246
46 250
46 252
46 253
46 257
46 263
46 266
46 267
46 270
46 271
46 273
46 282
46 291
46 292
46 294
46 299
47 49
47 50
47 51
47 53
47 57
47 59
47 63
47 64
47 81
47 87
47 88
47 91
47 94
47 95
47 100
47 102
47 103
47 105
47 106
47 107
47 115
47 116
47 125
47 133
47 135
47 137
47 139
47 145
47 147
47 150
47 155
47 160
47 164
47 170
47 171
47 172
47 174
47 178
47 181
47 182
47 195
47 197
47 198
47 199
47 200
47 211
47 217
47 219
47 221
47 234
47 237
47 239
47 244
47 248
47 249
47 257
47 263
47 276
47 277
47 284
47 285
47 289
47 293
47 295
47 298
47 299
48 51
48 53
48 56
48 57
48 67
48 68
48 69
48 81
48 89
48 91
48 93
48 100
48 103
48 104
48 107
48 112
48 118
48 123
48 127
48 130
48 131
48 132
48 137
48 139
48 145
48 146
48 147
48 148
48 150
48 154
48 166
48 169
48 171
48 175
48 176
48 178
48 188
48 190
48 191
48 192
48 197
48 199
48 205
48 208
48 209
48 218
48 226
48 227
48 228
48 230
48 239
48 244
48 246
48 247
48 256
48 262
48 264
48 265
48 267
48 269
48 270
48 274
48 281
48 285
48 286
48 294
49 50
49 64
49 68
49 69
49 73
49 74
49 76
49 83
49 94
49 95
49 96
49 99
49 101
49 102
49 109
49 111
49 115
49 116
49 118
49 120
49 121
49 125
49 126
49 129
49 137
49 139
49 140
49 142
49 143
49 144
49 150
49 153
49 154
49 157
49 158
49 159
49 164
49 166
49 167
49 172
49 175
49 176
49 178
49 179
49 182
49 183
49 186
49 187
49 197
49 198
49 200
49 206
49 209
49 213
49 215
49 218
49 220
49 225
49 227
49 242
49 250
49 260
49 262
49 263
49 264
49 266
49 268
49 269
49 273
49 275
49 276
49 277
49 280
49 289
49 290
49 292
49 298
50 52
50 54
50 55
50 57
50 60
50 61
50 62
50 67
50 68
50 82
50 85
50 86
50 93
50 95
50 97
50 98
50 102
50 103
50 114
50 115
50 117
50 118
50 121
50 122
50 123
50 129
50 132
50 133
50 144
50 145
50 151
50 153
50 159
50 161
50 169
50 170
50 171
50 172
50 175
50 178
50 179
50 181
50 185
50 186
50 188
50 192
50 196
50 198
50 203
50 205
50 226
50 231
50 237
50 241
50 247
50 258
50 260
50 263
50 264
50 267
50 272
50 274
50 279
50 284
50 287
50 293
51 54
51 57
51 61
51 62
51 69
51 80
51 82
51 101
51 102
51 104
51 111
51 113
51 117
51 119
51 121
51 122
51 125
51 135
51 142
51 145
51 146
51 147
51 149
51 152
51 161
51 162
51 170
51 175
51 176
51 188
51 195
51 202
51 204
51 206
51 213
51 216
51 219
51 221
51 222
51 224
51 227
51 228
51 229
51 237
51 238
51 240
51 242
51 244
51 249
51 252
51 257
51 258
51 260
51 262
51 263
51 265
51 269
51 271
51 273
51 277
51 282
51 284
51 285
51 289
51 290
51 293
51 297
51 300
52 53
52 54
52 61
52 62
52 71
52 78
52 81
52 91
52 93
52 95
52 101
52 110
52 111
52 114
52 117
52 122
52 126
52 131
52 132
52 137
52 142
52 146
52 148
52 158
52 161
52 163
52 171
52 174
52 182
52 190
52 192
52 196
52 201
52 203
52 214
52 216
52 218
52 226
52 228
52 233
52 236
52 246
52 248
52 249
52 253
52 254
52 258
52 265
52 269
52 270
52 272
52 276
52 277
52 282
52 284
52 287
52 288
52 292
52 295
53 55
53 60
53 66
53 73
53 74
53 85
53 87
53 94
53 97
53 99
53 106
53 112
53 116
53 117
53 118
53 119
53 120
53 122
53 123
53 127
53 128
53 134
53 137
53 139
53 140
53 144
53 145
53 147
53 149
53 150
53 165
53 166
53 167
53 170
53 176
53 177
53 179
53 185
53 196
53 200
53 201
53 203
53 204
53 207
53 208
53 209
53 211
53 212
53 217
53 218
53 231
53 232
53 233
53 234
53 235
53 237
53 238
53 239
53 245
53 250
53 252
53 261
53 262
53 263
53 267
53 269
53 275
53 279
53 284
53 291
53 292
53 299
54 58
54 60
54 62
54 64
54 66
54 74
54 77
54 80
54 81
54 84
54 90
54 94
54 97
54 100
54 103
54 104
54 111
54 114
54 117
54 119
54 127
54 129
54 130
54 134
54 136
54 142
54 143
54 145
54 146
54 149
54 154
54 156
54 160
54 164
54 168
54 169
54 170
54 173
54 175
54 183
54 186
54 191
54 195
54 196
54 200
54 202
54 208
54 209
54 212
54 217
54 219
54 225
54 226
54 229
54 234
54 235
54 240
54 241
54 244
54 246
54 248
54 249
54 251
54 257
54 259
54 263
54 264
54 268
54 269
54 272
54 273
54 274
54 275
54 278
54 280
54 287
54 289
54 295
54 296
54 299
55 60
55 84
55 90
55 98
55 100
55 107
55 111
55 112
55 113
55 126
55 128
55 134
55 138
55 153
55 154
55 162
55 163
55 164
55 165
55 167
55 168
55 174
55 176
55 181
55 185
55 187
55 197
55 203
55 204
55 214
55 220
55 223
55 224
55 225
55 226
55 227
55 232
55 235
55 238
55 241
55 248
55 249
55 251
55 253
55 255
55 258
55 259
55 262
55 266
55 267
55 268
55 269
55 270
55 271
55 272
55 275
55 282
55 289
55 293
55 294
55 295
55 298
56 57
56 58
56 62
56 64
56 70
56 71
56 74
56 75
56 76
56 77
56 78
56 84
56 88
56 90
56 103
56 114
56 115
56 123
56 124
56 125
56 131
56 135
56 136
56 140
56 144
56 145
56 148
56 156
56 162
56 165
56 173
56 174
56 182
56 185
56 186
56 198
56 199
56 201
56 205
56 208
56 209
56 213
56 214
56 215
56 216
56 220
56 222
56 230
56 236
56 238
56 240
56 241
56 248
56 252
56 253
56 254
56 255
56 256
56 257
56 258
56 259
56 260
56 261
56 263
56 264
56 269
56 270
56 273
56 274
56 278
56 279
56 281
56 282
56 284
56 286
56 289
56 291
57 62
57 63
57 68
57 72
57 77
57 79
57 80
57 81
57 82
57 85
57 90
57 91
57 94
57 96
57 97
57 100
57 101
57 107
57 110
57 113
57 115
57 116
57 117
57 119
57 122
57 123
57 131
57 142
57 144
57 147
57 150
57 158
57 164
57 166
57 167
57 174
57 175
57 178
57 180
57 183
57 185
57 188
57 189
57 194
57 198
57 203
57 205
57 212
57 217
57 218
57 222
57 223
57 224
57 228
57 231
57 232
57 233
57 237
57 238
57 241
57 244
57 245
57 246
57 253
57 254
57 259
57 260
57 261
57 266
57 268
57 271
57 273
57 279
57 281
57 283
57 284
57 288
57 290
57 291
57 296
57 297
57 300
58 63
58 64
58 68
58 69
58 71
58 83
58 85
58 91
58 95
58 100
58 112
58 114
58 121
58 122
58 125
58 127
58 128
58 134
58 136
58 138
58 139
58 141
58 151
58 153
58 155
58 156
58 161
58 162
58 171
58 173
58 174
58 176
58 177
58 178
58 180
58 182
58 185
58 186
58 191
58 193
58 195
58 197
58 198
58 199
58 201
58 202
58 206
58 213
58 215
58 220
58 223
58 227
58 228
58 229
58 230
58 233
58 235
58 236
58 241
58 248
58 254
58 256
58 258
58 261
58 263
58 264
58 265
58 266
58 271
58 273
58 274
58 275
58 276
58 277
58 278
58 282
58 288
58 290
58 291
58 298
58 300
59 60
59 63
59 64
59 67
59 71
59 72
59 73
59 74
59 76
59 79
59 85
59 86
59 91
59 93
59 96
59 99
59 100
59 101
59 102
59 109
59 110
59 115
59 117
59 120
59 121
59 124
59 129
59 133
59 134
59 138
59 144
59 146
59 147
59 156
59 164
59 166
59 172
59 175
59 177
59 179
59 180
59 188
59 189
59 190
59 191
59 201
59 207
59 213
59 221
59 222
59 228
59 229
59 230
59 234
59 235
59 236
59 237
59 242
59 250
59 251
59 252
59 255
59 257
59 258
59 260
59 262
59 263
59 265
59 270
59 271
59 282
59 284
59 288
59 289
59 290
59 292
59 295
59 299
60 61
60 63
60 66
60 67
60 68
60 76
60 84
60 85
60 87
60 90
60 94
60 95
60 96
60 98
60 111
60 113
60 114
60 115
60 116
60 119
60 121
60 122
60 124
60 126
60 127
60 130
60 135
60 137
60 138
60 139
60 142
60 145
60 147
60 150
60 153
60 154
60 155
60 162
60 164
60 169
60 172
60 173
60 184
60 185
60 186
60 194
60 196
60 197
60 199
60 206
60 209
60 211
60 214
60 220
60 221
60 226
60 228
60 230
60 237
60 238
60 239
60 241
60 243
60 247
60 250
60 251
60 253
60 255
60 256
60 259
60 260
60 265
60 269
60 270
60 272
60 276
60 279
60 284
60 286
60 289
60 295
60 298
61 65
61 68
61 72
61 75
61 77
61 78
61 92
61 93
61 95
61 96
61 104
61 107
61 111
61 118
61 122
61 127
61 130
61 132
61 134
61 136
61 137
61 138
61 139
61 141
61 144
61 151
61 159
61 160
61 162
61 165
61 166
61 168
61 169
61 176
61 177
61 179
61 180
61 187
61 192
61 193
61 208
61 212
61 213
61 215
61 219
61 221
61 222
61 230
61 231
61 239
61 240
61 247
61 249
61 252
61 254
61 265
61 266
61 267
61 275
61 281
61 283
61 286
61 290
61 293
61 296
62 69
62 70
62 75
62 78
62 79
62 101
62 103
62 107
62 109
62 110
62 112
62 114
62 115
62 120
62 121
62 122
62 123
62 127
62 138
62 143
62 144
62 148
62 151
62 156
62 159
62 163
62 164
62 169
62 170
62 173
62 174
62 179
62 180
62 187
62 188
62 191
62 194
62 198
62 204
62 205
62 207
62 209
62 210
62 211
62 212
62 222
62 225
62 229
62 230
62 234
62 238
62 243
62 246
62 248
62 252
62 256
62 259
62 263
62 264
62 266
62 270
62 274
62 288
62 290
62 291
62 296
62 299
63 66
63 68
63 69
63 72
63 76
63 81
63 87
63 91
63 93
63 95
63 106
63 108
63 112
63 113
63 120
63 122
63 123
63 130
63 136
63 145
63 146
63 156
63 158
63 163
63 170
63 175
63 179
63 181
63 187
63 188
63 194
63 198
63 201
63 218
63 219
63 220
63 221
63 229
63 230
63 232
63 233
63 236
63 237
63 241
63 242
63 243
63 246
63 249
63 255
63 261
63 263
63 264
63 268
63 270
63 274
63 276
63 280
63 293
63 298
63 299
64 68
64 73
64 75
64 79
64 85
64 86
64 87
64 88
64 90
64 96
64 100
64 104
64 105
64 106
64 112
64 114
64 120
64 122
64 123
64 127
64 131
64 135
64 136
64 137
64 138
64 139
64 141
64 144
64 145
64 152
64 154
64 157
64 158
64 160
64 161
64 163
64 166
64 167
64 168
64 171
64 176
64 177
64 180
64 185
64 187
64 188
64 190
64 195
64 198
64 199
64 200
64 209
64 213
64 216
64 217
64 232
64 240
64 241
64 244
64 248
64 250
64 253
64 255
64 258
64 259
64 262
64 263
64 265
64 268
64 269
64 272
64 276
64 281
64 284
64 288
64 294
64 295
64 296
64 299
65 67
65 71
65 74
65 76
65 77
65 78
65 82
65 83
65 93
65 97
65 100
65 105
65 109
65 110
65 120
65 122
65 124
65 125
65 128
65 132
65 135
65 140
65 143
65 146
65 148
65 149
65 151
65 152
65 160
65 163
65 165
65 170
65 177
65 182
65 186
65 195
65 200
65 201
65 204
65 205
65 206
65 209
65 212
65 214
65 218
65 219
65 220
65 222
65 226
65 228
65 232
65 234
65 236
65 239
65 246
65 248
65 253
65 257
65 259
65 263
65 264
65 270
65 279
65 280
65 282
65 286
65 287
65 292
65 294
65 295
65 296
65 300
66 67
66 68
66 70
66 76
66 82
66 94
66 95
66 96
66 97
66 98
66 102
66 109
66 110
66 117
66 120
66 131
66 132
66 133
66 134
66 135
66 139
66 143
66 149
66 152
66 154
66 157
66 160
66 164
66 166
66 167
66 168
66 171
66 174
66 175
66 177
66 186
66 187
66 188
66 190
66 192
66 195
66 196
66 199
66 204
66 205
66 206
66 207
66 208
66 211
66 212
66 215
66 220
66 221
66 223
66 227
66 231
66 233
66 235
66 238
66 242
66 243
66 244
66 247
66 251
66 252
66 258
66 266
66 269
66 272
66 277
66 278
66 282
66 286
66 289
66 295
66 296
66 299
66 300
67 68
67 71
67 73
67 84
67 90
67 93
67 97
67 98
67 102
67 104
67 106
67 107
67 109
67 113
67 114
67 122
67 124
67 125
67 128
67 130
67 133
67 140
67 141
67 143
67 144
67 149
67 152
67 155
67 158
67 159
67 163
67 168
67 176
67 178
67 183
67 185
67 186
67 187
67 188
67 190
67 192
67 199
67 204
67 206
67 209
67 215
67 218
67 219
67 220
67 222
67 227
67 228
67 231
67 232
67 235
67 238
67 240
67 249
67 253
67 254
67 260
67 262
67 267
67 270
67 273
67 275
67 279
67 280
67 282
67 291
67 296
67 297
67 298
68 69
68 71
68 74
68 77
68 82
68 88
68 97
68 110
68 114
68 115
68 118
68 132
68 134
68 135
68 141
68 146
68 147
68 148
68 152
68 155
68 162
68 163
68 167
68 170
68 177
68 178
68 179
68 183
68 184
68 185
68 187
68 188
68 193
68 199
68 203
68 204
68 205
68 215
68 219
68 220
68 227
68 228
68 233
68 236
68 240
68 248
68 252
68 255
68 258
68 265
68 266
68 268
68 269
68 270
68 273
68 280
68 281
68 282
68 283
68 288
69 71
69 75
69 77
69 78
69 81
69 91
69 96
69 100
69 101
69 102
69 104
69 113
69 116
69 117
69 119
69 122
69 123
69 124
69 125
69 140
69 143
69 157
69 158
69 160
69 165
69 168
69 173
69 177
69 179
69 180
69 182
69 184
69 186
69 192
69 197
69 202
69 205
69 206
69 207
69 211
69 213
69 215
69 220
69 221
69 222
69 225
69 240
69 246
69 255
69 260
69 263
69 267
69 270
69 275
69 278
69 289
69 292
69 293
69 296
69 300
70 75
70 84
70 85
70 87
70 91
70 94
70 96
70 102
70 104
70 108
70 112
70 118
70 123
70 127
70 131
70 134
70 137
70 138
70 140
70 141
70 143
70 145
70 148
70 152
70 154
70 158
70 159
70 161
70 163
70 166
70 167
70 172
70 175
70 177
70 178
70 179
70 184
70 192
70 194
70 199
70 201
70 202
70 207
70 212
70 221
70 222
70 225
70 226
70 228
70 231
70 233
70 239
70 240
70 241
70 253
70 254
70 264
70 265
70 266
70 267
70 268
70 273
70 274
70 275
70 278
70 286
70 294
70 297
70 300
71 73
71 76
71 77
71 79
71 86
71 87
71 90
71 98
71 102
71 105
71 108
71 109
71 126
71 127
71 135
71 140
71 145
71 146
71 150
71 152
71 160
71 162
71 168
71 171
71 172
71 173
71 174
71 175
71 177
71 179
71 181
71 183
71 185
71 190
71 191
71 195
71 197
71 199
71 203
71 215
71 222
71 223
71 224
71 225
71 227
71 228
71 231
71 232
71 234
71 239
71 240
71 252
71 258
71 260
71 262
71 264
71 265
71 271
71 272
71 273
71 276
71 278
71 280
71 281
71 282
71 283
71 284
71 285
71 287
71 292
71 296
71 299
72 75
72 78
72 81
72 82
72 84
72 86
72 91
72 97
72 100
72 104
72 114
72 117
72 123
72 124
72 128
72 130
72 135
72 138
72 142
72 144
72 148
72 153
72 156
72 158
72 168
72 173
72 174
72 179
72 185
72 188
72 190
72 191
72 192
72 197
72 198
72 200
72 202
72 206
72 207
72 208
72 209
72 210
72 212
72 218
72 220
72 222
72 223
72 226
72 227
72 228
72 229
72 236
72 237
72 238
72 239
72 241
72 242
72 243
72 246
72 250
72 251
72 258
72 259
72 266
72 268
72 272
72 273
72 274
72 277
72 278
72 281
72 283
72 284
72 288
72 290
72 291
72 292
72 293
72 294
73 80
73 82
73 83
73 84
73 86
73 87
73 93
73 95
73 97
73 99
73 105
73 107
73 109
73 110
73 111
73 112
73 118
73 119
73 123
73 129
73 130
73 133
73 134
73 135
73 137
73 138
73 140
73 141
73 144
73 145
73 147
73 149
73 150
73 158
73 160
73 161
73 166
73 170
73 171
73 173
73 174
73 184
73 187
73 189
73 194
73 195
73 196
73 198
73 205
73 210
73 215
73 216
73 220
73 221
73 222
73 223
73 224
73 232
73 236
73 240
73 241
73 245
73 246
73 247
73 252
73 263
73 265
73 268
73 270
73 273
73 278
73 279
73 282
73 283
73 288
73 291
73 295
73 297
73 298
73 299
74 75
74 77
74 81
74 83
74 87
74 88
74 95
74 106
74 107
74 108
74 113
74 114
74 119
74 121
74 124
74 126
74 130
74 133
74 134
74 136
74 139
74 140
74 141
74 149
74 152
74 156
74 158
74 160
74 164
74 167
74 171
74 175
74 176
74 178
74 179
74 180
74 181
74 189
74 197
74 207
74 212
74 213
74 214
74 215
74 218
74 222
74 228
74 232
74 236
74 241
74 243
74 244
74 245
74 248
74 252
74 256
74 260
74 264
74 266
74 267
74 274
74 279
74 284
74 288
74 289
74 293
74 296
74 298
75 78
75 79
75 82
75 85
75 91
75 96
75 97
75 98
75 100
75 101
75 104
75 110
75 115
75 116
75 118
75 119
75 121
75 122
75 126
75 127
75 128
75 131
75 133
75 135
75 142
75 143
75 144
75 147
75 151
75 156
75 158
75 161
75 166
75 170
75 185
75 188
75 196
75 200
75 201
75 205
75 209
75 215
75 217
75 221
75 222
75 226
75 231
75 236
75 240
75 256
75 261
75 273
75 274
75 275
75 285
75 289
75 292
76 77
76 78
76 82
76 86
76 88
76 89
76 94
76 95
76 98
76 102
76 105
76 107
76 109
76 110
76 113
76 116
76 118
76 121
76 128
76 129
76 131
76 132
76 135
76 136
76 138
76 142
76 143
76 155
76 162
76 165
76 167
76 176
76 177
76 179
76 181
76 186
76 189
76 193
76 197
76 206
76 210
76 211
76 212
76 214
76 221
76 226
76 227
76 229
76 230
76 234
76 246
76 249
76 251
76 253
76 254
76 255
76 258
76 259
76 260
76 265
76 267
76 268
76 272
76 275
76 278
76 289
76 291
76 293
76 294
76 299
77 84
77 89
77 90
77 102
77 108
77 111
77 112
77 116
77 124
77 127
77 128
77 130
77 132
77 135
77 140
77 142
77 143
77 147
77 168
77 172
77 174
77 176
77 179
77 181
77 184
77 192
77 197
77 203
77 206
77 208
77 209
77 210
77 212
77 217
77 219
77 221
77 224
77 228
77 230
77 234
77 235
77 239
77 244
77 245
77 246
77 248
77 250
77 259
77 261
77 269
77 272
77 273
77 274
77 275
77 277
77 279
77 289
77 290
77 292
77 295
77 300
78 83
78 89
78 95
78 98
78 99
78 105
78 115
78 119
78 124
78 131
78 132
78 138
78 142
78 143
78 147
78 151
78 154
78 157
78 161
78 166
78 167
78 169
78 170
78 177
78 181
78 182
78 188
78 191
78 193
78 195
78 197
78 199
78 200
78 206
78 208
78 212
78 216
78 218
78 223
78 225
78 228
78 230
78 246
78 251
78 259
78 260
78 265
78 270
78 275
78 279
78 280
78 281
78 291
78 292
78 293
79 85
79 89
79 92
79 94
79 95
79 99
79 102
79 105
79 106
79 108
79 111
79 113
79 116
79 119
79 121
79 122
79 124
79 128
79 130
79 132
79 138
79 143
79 150
79 151
79 152
79 153
79 155
79 159
79 160
79 163
79 164
79 165
79 167
79 171
79 175
79 178
79 180
79 185
79 188
79 193
79 195
79 196
79 197
79 198
79 204
79 208
79 210
79 212
79 218
79 222
79 227
79 230
79 231
79 234
79 236
79 238
79 241
79 243
79 244
79 245
79 247
79 250
79 253
79 256
79 258
79 260
79 261
79 262
79 265
79 268
79 273
79 277
79 278
79 279
79 280
79 281
79 294
79 296
79 297
80 85
80 93
80 102
80 107
80 115
80 118
80 121
80 125
80 141
80 145
80 147
80 149
80 153
80 156
80 158
80 160
80 164
80 165
80 166
80 167
80 168
80 170
80 176
80 178
80 179
80 180
80 183
80 184
80 187
80 190
80 196
80 201
80 202
80 211
80 212
80 221
80 226
80 227
80 229
80 231
80 233
80 235
80 237
80 238
80 240
80 241
80 243
80 244
80 256
80 258
80 268
80 274
80 276
80 281
80 285
80 294
80 298
80 299
81 82
81 83
81 85
81 87
81 90
81 91
81 97
81 99
81 103
81 111
81 113
81 116
81 119
81 123
81 124
81 135
81 136
81 142
81 146
81 153
81 154
81 159
81 161
81 164
81 165
81 166
81 169
81 170
81 171
81 174
81 178
81 181
81 182
81 189
81 190
81 191
81 193
81 194
81 201
81 204
81 207
81 210
81 215
81 216
81 220
81 229
81 232
81 237
81 241
81 242
81 243
81 246
81 251
81 255
81 264
81 265
81 268
81 279
81 283
81 285
81 286
81 290
81 291
81 296
82 83
82 85
82 86
82 96
82 98
82 100
82 109
82 113
82 114
82 117
82 118
82 122
82 124
82 125
82 139
82 140
82 147
82 151
82 152
82 155
82 157
82 160
82 167
82 169
82 173
82 178
82 179
82 185
82 188
82 189
82 192
82 212
82 214
82 219
82 220
82 222
82 224
82 225
82 228
82 231
82 232
82 233
82 237
82 242
82 245
82 251
82 252
82 255
82 256
82 259
82 262
82 265
82 267
82 268
82 271
82 277
82 283
82 290
82 293
83 86
83 87
83 89
83 90
83 94
83 98
83 99
83 111
83 113
83 114
83 117
83 118
83 120
83 123
83 124
83 125
83 126
83 128
83 137
83 138
83 142
83 144
83 145
83 146
83 149
83 152
83 153
83 163
83 165
83 166
83 167
83 169
83 170
83 176
83 182
83 184
83 185
83 186
83 189
83 193
83 194
83 196
83 199
83 201
83 204
83 207
83 212
83 213
83 215
83 222
83 227
83 231
83 240
83 244
83 246
83 254
83 255
83 258
83 259
83 264
83 265
83 268
83 273
83 282
83 285
83 290
83 291
83 293
84 87
84 89
84 99
84 100
84 104
84 106
84 112
84 114
84 116
84 120
84 124
84 126
84 129
84 131
84 133
84 135
84 139
84 141
84 143
84 145
84 147
84 152
84 154
84 158
84 160
84 165
84 173
84 176
84 177
84 178
84 180
84 184
84 186
84 189
84 193
84 200
84 203
84 207
84 212
84 220
84 226
84 230
84 232
84 234
84 235
84 238
84 243
84 262
84 263
84 265
84 266
84 270
84 271
84 272
84 274
84 277
84 281
84 282
84 283
84 286
84 288
84 296
85 89
85 93
85 94
85 96
85 101
85 108
85 110
85 112
85 126
85 129
85 130
85 135
85 137
85 139
85 141
85 143
85 147
85 148
85 151
85 152
85 154
85 158
85 159
85 161
85 162
85 163
85 164
85 166
85 170
85 174
85 177
85 178
85 181
85 190
85 191
85 193
85 194
85 195
85 197
85 200
85 201
85 203
85 209
85 213
85 215
85 220
85 223
85 226
85 229
85 231
85 232
85 236
85 237
85 242
85 243
85 244
85 246
85 250
85 254
85 257
85 271
85 272
85 276
85 277
85 281
85 287
85 288
85 298
85 299
86 87
86 89
86 100
86 102
86 106
86 111
86 118
86 122
86 123
86 125
86 129
86 132
86 135
86 139
86 155
86 156
86 158
86 169
86 170
86 172
86 173
86 182
86 184
86 185
86 188
86 189
86 193
86 194
86 195
86 197
86 198
86 203
86 204
86 207
86 209
86 212
86 214
86 219
86 224
86 225
86 228
86 230
86 234
86 235
86 237
86 242
86 245
86 247
86 250
86 253
86 254
86 257
86 258
86 259
86 262
86 265
86 277
86 279
86 284
86 287
86 288
86 290
86 296
87 90
87 91
87 94
87 97
87 102
87 104
87 105
87 106
87 109
87 110
87 113
87 120
87 123
87 126
87 129
87 131
87 132
87 136
87 144
87 145
87 148
87 151
87 156
87 160
87 164
87 168
87 169
87 170
87 172
87 175
87 177
87 178
87 179
87 188
87 191
87 192
87 197
87 201
87 202
87 203
87 205
87 208
87 210
87 215
87 224
87 238
87 243
87 244
87 245
87 246
87 251
87 255
87 269
87 271
87 275
87 276
87 278
87 281
87 285
87 286
87 287
87 288
87 292
87 293
87 294
87 296
87 299
87 300
88 90
88 93
88 101
88 102
88 103
88 105
88 108
88 113
88 120
88 121
88 127
88 130
88 132
88 133
88 144
88 146
88 147
88 148
88 149
88 152
88 158
88 159
88 160
88 163
88 164
88 171
88 180
88 181
88 182
88 185
88 188
88 190
88 192
88 196
88 200
88 202
88 203
88 205
88 208
88 209
88 212
88 213
88 220
88 227
88 228
88 230
88 237
88 238
88 241
88 244
88 245
88 261
88 262
88 265
88 267
88 268
88 269
88 271
88 274
88 278
88 280
88 285
88 287
88 289
88 290
88 293
88 296
88 297
88 299
89 90
89 93
89 97
89 105
89 107
89 108
89 110
89 111
89 116
89 118
89 119
89 120
89 121
89 131
89 134
89 138
89 139
89 154
89 165
89 167
89 171
89 174
89 176
89 180
89 184
89 186
89 189
89 198
89 200
89 201
89 203
89 204
89 205
89 209
89 211
89 212
89 213
89 215
89 217
89 219
89 226
89 227
89 230
89 232
89 233
89 247
89 248
89 254
89 258
89 260
89 261
89 266
89 271
89 272
89 273
89 292
89 297
89 298
89 299
89 300
90 93
90 97
90 99
90 103
90 111
90 115
90 117
90 119
90 140
90 146
90 154
90 155
90 158
90 160
90 161
90 162
90 164
90 165
90 175
90 178
90 181
90 183
90 186
90 190
90 195
90 198
90 200
90 203
90 210
90 212
90 213
90 219
90 222
90 226
90 232
90 234
90 241
90 242
90 243
90 247
90 249
90 253
90 254
90 260
90 261
90 264
90 272
90 273
90 274
90 280
90 281
90 285
90 288
90 291
90 292
90 294
90 296
90 299
91 93
91 94
91 98
91 102
91 106
91 116
91 122
91 128
91 135
91 137
91 142
91 143
91 145
91 148
91 152
91 153
91 155
91 156
91 157
91 159
91 165
91 169
91 170
91 171
91 176
91 185
91 195
91 197
91 202
91 211
91 213
91 217
91 220
91 225
91 227
91 233
91 245
91 247
91 251
91 252
91 271
91 274
91 276
91 277
91 280
91 281
91 284
91 300
92 93
92 96
92 98
92 104
92 106
92 110
92 111
92 112
92 113
92 114
92 116
92 121
92 125
92 127
92 128
92 130
92 131
92 136
92 138
92 139
92 146
92 147
92 148
92 149
92 150
92 152
92 153
92 158
92 159
92 163
92 164
92 165
92 169
92 175
92 176
92 179
92 183
92 184
92 191
92 192
92 193
92 195
92 202
92 204
92 207
92 214
92 215
92 218
92 221
92 222
92 225
92 227
92 229
92 243
92 246
92 250
92 252
92 259
92 264
92 266
92 272
92 274
92 276
92 281
92 283
92 287
92 294
92 300
93 98
93 99
93 101
93 102
93 109
93 110
93 116
93 123
93 124
93 126
93 130
93 134
93 138
93 139
93 140
93 142
93 143
93 149
93 154
93 155
93 159
93 163
93 168
93 172
93 173
93 177
93 180
93 184
93 185
93 192
93 200
93 203
93 205
93 206
93 209
93 216
93 218
93 219
93 220
93 221
93 228
93 231
93 241
93 242
93 243
93 245
93 251
93 252
93 253
93 256
93 264
93 269
93 270
93 272
93 277
93 286
93 287
93 289
93 295
94 95
94 98
94 102
94 107
94 114
94 117
94 120
94 121
94 123
94 127
94 131
94 133
94 137
94 138
94 140
94 142
94 146
94 147
94 148
94 149
94 150
94 151
94 152
94 160
94 162
94 164
94 169
94 171
94 175
94 176
94 178
94 184
94 185
94 187
94 188
94 190
94 199
94 201
94 203
94 208
94 211
94 219
94 224
94 226
94 231
94 233
94 234
94 235
94 237
94 242
94 244
94 247
94 248
94 249
94 250
94 254
94 259
94 260
94 265
94 266
94 272
94 274
94 276
94 277
94 278
94 281
94 282
94 283
94 286
94 287
94 289
94 292
94 293
94 295
95 98
95 100
95 102
95 106
95 108
95 110
95 118
95 119
95 120
95 124
95 125
95 151
95 162
95 163
95 164
95 165
95 171
95 172
95 176
95 177
95 178
95 179
95 185
95 187
95 192
95 198
95 199
95 200
95 201
95 203
95 207
95 209
95 210
95 217
95 221
95 223
95 226
95 232
95 243
95 244
95 250
95 251
95 258
95 259
95 267
95 268
95 269
95 271
95 279
95 280
95 284
95 289
95 291
95 294
95 295
95 296
95 299
96 97
96 99
96 104
96 107
96 114
96 115
96 116
96 117
96 118
96 124
96 125
96 140
96 141
96 142
96 146
96 151
96 152
96 155
96 157
96 160
96 167
96 168
96 170
96 172
96 174
96 175
96 177
96 179
96 181
96 193
96 196
96 197
96 202
96 204
96 206
96 209
96 214
96 223
96 225
96 230
96 231
96 241
96 244
96 245
96 246
96 247
96 249
96 255
96 264
96 265
96 266
96 268
96 270
96 272
96 273
96 274
96 275
96 279
96 282
96 291
96 293
96 295
96 297
96 298
97 105
97 108
97 112
97 115
97 119
97 120
97 125
97 126
97 128
97 130
97 131
97 138
97 154
97 158
97 164
97 165
97 173
97 174
97 175
97 183
97 184
97 187
97 188
97 189
97 191
97 192
97 194
97 205
97 207
97 215
97 220
97 224
97 231
97 239
97 241
97 246
97 247
97 252
97 254
97 258
97 262
97 263
97 268
97 270
97 278
97 279
97 280
97 283
97 284
97 286
97 294
97 296
97 297
97 298
97 299
98 103
98 109
98 111
98 112
98 116
98 118
98 119
98 121
98 122
98 128
98 133
98 135
98 140
98 146
98 154
98 159
98 166
98 167
98 168
98 170
98 172
98 176
98 177
98 178
98 179
98 182
98 184
98 187
98 189
98 190
98 198
98 203
98 204
98 205
98 206
98 210
98 215
98 218
98 221
98 222
98 225
98 227
98 231
98 240
98 242
98 243
98 246
98 247
98 250
98 256
98 268
98 277
98 279
98 294
98 295
98 297
99 100
99 103
99 112
99 121
99 122
99 125
99 129
99 131
99 132
99 136
99 138
99 140
99 141
99 142
99 144
99 146
99 147
99 160
99 171
99 173
99 175
99 176
99 180
99 184
99 185
99 188
99 191
99 193
99 202
99 210
99 212
99 213
99 215
99 216
99 217
99 224
99 237
99 240
99 244
99 248
99 253
99 254
99 256
99 258
99 261
99 264
99 266
99 269
99 272
99 276
99 278
99 281
99 290
99 291
99 292
99 295
99 297
99 299
99 300
100 101
100 103
100 106
100 107
100 108
100 110
100 117
100 121
100 122
100 126
100 131
100 132
100 134
100 140
100 142
100 144
100 145
100 155
100 156
100 158
100 159
100 160
100 162
100 164
100 166
100 167
100 171
100 179
100 182
100 183
100 194
100 195
100 204
100 208
100 210
100 211
100 220
100 239
100 240
100 241
100 248
100 250
100 251
100 255
100 256
100 268
100 269
100 272
100 274
100 280
100 282
100 291
100 295
100 298
100 299
101 103
101 105
101 106
101 112
101 115
101 116
101 117
101 118
101 119
101 123
101 124
101 132
101 135
101 139
101 142
101 145
101 146
101 148
101 152
101 153
101 158
101 162
101 163
101 165
101 170
101 173
101 177
101 179
101 184
101 185
101 186
101 189
101 192
101 193
101 194
101 195
101 196
101 199
101 202
101 205
101 211
101 213
101 214
101 216
101 222
101 223
101 224
101 232
101 235
101 239
101 241
101 244
101 252
101 253
101 255
101 257
101 259
101 260
101 264
101 266
101 268
101 270
101 272
101 274
101 278
101 281
101 295
101 296
101 300
102 104
102 106
102 107
102 108
102 111
102 112
102 114
102 120
102 122
102 125
102 135
102 140
102 141
102 144
102 146
102 148
102 149
102 150
102 152
102 154
102 156
102 157
102 158
102 164
102 165
102 167
102 168
102 173
102 179
102 181
102 183
102 184
102 192
102 198
102 205
102 206
102 210
102 213
102 215
102 216
102 221
102 222
102 232
102 234
102 238
102 239
102 240
102 241
102 242
102 243
102 255
102 259
102 270
102 271
102 272
102 273
102 274
102 275
102 285
102 286
102 292
102 294
102 295
102 299
102 300
103 110
103 111
103 114
103 115
103 119
103 121
103 122
103 124
103 131
103 132
103 136
103 138
103 139
103 145
103 146
103 160
103 162
103 164
103 166
103 167
103 171
103 173
103 178
103 181
103 182
103 183
103 194
103 200
103 203
103 210
103 212
103 214
103 216
103 226
103 227
103 237
103 239
103 243
103 249
103 251
103 252
103 253
103 258
103 259
103 262
103 268
103 269
103 274
103 276
103 277
103 279
103 283
103 284
103 286
103 290
103 292
103 294
103 299
104 106
104 119
104 120
104 124
104 125
104 129
104 133
104 138
104 139
104 140
104 143
104 144
104 151
104 154
104 160
104 162
104 165
104 169
104 170
104 172
104 174
104 175
104 177
104 184
104 185
104 186
104 188
104 191
104 194
104 196
104 205
104 209
104 211
104 212
104 217
104 220
104 222
104 223
104 224
104 226
104 232
104 233
104 234
104 235
104 237
104 239
104 240
104 244
104 246
104 248
104 249
104 250
104 252
104 255
104 257
104 265
104 269
104 273
104 274
104 276
104 280
104 282
104 286
104 287
104 292
104 293
104 295
104 296
104 300
105 107
105 108
105 115
105 118
105 121
105 127
105 128
105 130
105 133
105 134
105 138
105 140
105 143
105 147
105 149
105 151
105 156
105 158
105 159
105 167
105 173
105 183
105 185
105 192
105 193
105 197
105 199
105 204
105 205
105 208
105 211
105 212
105 220
105 221
105 223
105 226
105 239
105 241
105 242
105 245
105 246
105 248
105 252
105 254
105 261
105 264
105 266
105 267
105 274
105 278
105 280
105 285
105 287
105 288
105 294
105 295
105 296
106 109
106 110
106 111
106 112
106 115
106 117
106 121
106 126
106 130
106 133
106 136
106 139
106 142
106 143
106 151
106 153
106 162
106 163
106 167
106 168
106 173
106 174
106 175
106 176
106 186
106 187
106 188
106 190
106 192
106 197
106 199
106 200
106 201
106 203
106 207
106 210
106 213
106 214
106 219
106 220
106 225
106 226
106 235
106 236
106 238
106 243
106 250
106 254
106 257
106 265
106 266
106 268
106 274
106 277
106 279
106 280
106 287
106 289
106 291
107 108
107 110
107 112
107 115
107 123
107 125
107 133
107 134
107 136
107 145
107 147
107 148
107 149
107 151
107 155
107 158
107 163
107 165
107 174
107 178
107 179
107 181
107 184
107 185
107 187
107 189
107 198
107 200
107 201
107 205
107 208
107 212
107 214
107 215
107 217
107 228
107 229
107 232
107 236
107 237
107 241
107 247
107 250
107 251
107 258
107 260
107 266
107 270
107 274
107 276
107 278
107 284
107 294
108 110
108 117
108 118
108 121
108 123
108 126
108 129
108 136
108 138
108 140
108 143
108 145
108 150
108 154
108 158
108 159
108 160
108 165
108 166
108 171
108 172
108 178
108 179
108 182
108 184
108 191
108 192
108 194
108 202
108 204
108 210
108 213
108 219
108 221
108 224
108 225
108 227
108 229
108 230
108 233
108 240
108 241
108 252
108 255
108 257
108 258
108 259
108 263
108 267
108 269
108 271
108 272
108 280
108 282
108 284
108 285
108 288
108 289
108 290
108 292
108 294
108 295
108 300
109 110
109 115
109 118
109 120
109 123
109 126
109 127
109 131
109 133
109 136
109 139
109 151
109 155
109 157
109 159
109 162
109 173
109 175
109 180
109 183
109 187
109 189
109 193
109 194
109 198
109 200
109 201
109 202
109 205
109 206
109 208
109 212
109 222
109 233
109 237
109 238
109 241
109 251
109 253
109 257
109 261
109 262
109 264
109 267
109 268
109 270
109 272
109 277
109 281
109 286
109 289
109 291
109 299
110 111
110 117
110 119
110 122
110 125
110 128
110 130
110 135
110 136
110 139
110 141
110 144
110 149
110 153
110 157
110 158
110 164
110 167
110 171
110 177
110 178
110 192
110 200
110 204
110 207
110 213
110 219
110 222
110 224
110 229
110 230
110 231
110 233
110 240
110 244
110 245
110 251
110 252
110 254
110 258
110 259
110 260
110 263
110 265
110 266
110 268
110 289
110 290
110 291
110 292
110 294
110 295
110 296
110 299
110 300
111 115
111 116
111 121
111 129
111 136
111 140
111 143
111 147
111 148
111 149
111 154
111 155
111 156
111 164
111 166
111 167
111 170
111 178
111 181
111 182
111 185
111 186
111 187
111 188
111 195
111 207
111 208
111 211
111 212
111 214
111 220
111 223
111 227
111 231
111 241
111 243
111 245
111 246
111 247
111 249
111 259
111 261
111 262
111 264
111 266
111 267
111 270
111 272
111 273
111 281
111 290
111 297
111 298
111 300
112 114
112 115
112 116
112 121
112 126
112 127
112 129
112 130
112 131
112 141
112 145
112 152
112 160
112 164
112 166
112 168
112 170
112 178
112 180
112 183
112 186
112 189
112 191
112 192
112 199
112 200
112 202
112 204
112 205
112 211
112 217
112 224
112 229
112 230
112 232
112 233
112 241
112 242
112 247
112 251
112 252
112 262
112 263
112 267
112 278
112 279
112 286
112 290
112 293
112 294
112 297
112 298
113 115
113 116
113 128
113 132
113 133
113 134
113 135
113 140
113 143
113 157
113 160
113 167
113 170
113 171
113 178
113 184
113 187
113 188
113 192
113 198
113 209
113 213
113 214
113 215
113 216
113 217
113 218
113 225
113 226
113 236
113 237
113 242
113 243
113 246
113 248
113 250
113 252
113 254
113 256
113 259
113 260
113 266
113 269
113 270
113 271
113 273
113 276
113 278
113 279
113 281
113 282
113 283
113 284
113 287
113 290
113 295
113 296
113 298
113 300
114 117
114 119
114 121
114 125
114 126
114 133
114 134
114 138
114 141
114 142
114 148
114 151
114 155
114 164
114 170
114 177
114 178
114 181
114 182
114 183
114 184
114 187
114 191
114 194
114 195
114 206
114 211
114 212
114 221
114 225
114 226
114 227
114 229
114 230
114 232
114 233
114 236
114 239
114 240
114 241
114 242
114 246
114 247
114 251
114 255
114 256
114 262
114 265
114 269
114 271
114 272
114 273
114 275
114 276
114 277
114 279
114 280
114 284
114 286
114 294
114 297
114 298
114 300
115 117
115 122
115 125
115 130
115 133
115 135
115 139
115 140
115 149
115 150
115 151
115 152
115 155
115 156
115 157
115 162
115 169
115 171
115 174
115 177
115 181
115 182
115 183
115 186
115 187
115 191
115 193
115 205
115 207
115 209
115 211
115 219
115 223
115 224
115 227
115 231
115 233
115 235
115 237
115 239
115 245
115 247
115 248
115 249
115 256
115 260
115 263
115 266
115 267
115 273
115 278
115 279
115 280
115 282
115 283
115 286
115 289
115 291
115 294
115 295
115 300
116 120
116 127
116 131
116 133
116 140
116 142
116 144
116 147
116 148
116 150
116 151
116 152
116 153
116 157
116 159
116 162
116 164
116 165
116 174
116 175
116 176
116 178
116 179
116 181
116 185
116 186
116 187
116 192
116 195
116 197
116 203
116 205
116 213
116 219
116 221
116 227
116 230
116 231
116 237
116 239
116 240
116 244
116 245
116 246
116 251
116 253
116 262
116 263
116 265
116 270
116 271
116 275
116 284
116 291
116 292
116 294
116 296
116 298
116 299
117 121
117 124
117 126
117 127
117 132
117 135
117 138
117 143
117 146
117 148
117 153
117 161
117 164
117 168
117 172
117 174
117 176
117 178
117 186
117 190
117 195
117 200
117 202
117 204
117 205
117 206
117 211
117 213
117 215
117 218
117 219
117 221
117 222
117 227
117 230
117 234
117 240
117 244
117 246
117 247
117 249
117 256
117 257
117 258
117 265
117 266
117 267
117 268
117 273
117 276
117 279
117 287
117 288
117 289
117 296
118 122
118 131
118 135
118 136
118 138
118 140
118 141
118 147
118 151
118 155
118 156
118 158
118 160
118 163
118 166
118 172
118 178
118 179
118 183
118 187
118 190
118 200
118 204
118 205
118 209
118 210
118 211
118 212
118 213
118 214
118 226
118 227
118 233
118 235
118 236
118 238
118 243
118 244
118 247
118 250
118 252
118 256
118 260
118 263
118 265
118 266
118 267
118 272
118 274
118 275
118 276
118 279
118 280
118 282
118 283
118 286
118 290
118 295
118 297
118 300
119 123
119 128
119 135
119 136
119 137
119 138
119 139
119 142
119 143
119 147
119 154
119 156
119 158
119 162
119 164
119 172
119 177
119 178
119 179
119 181
119 183
119 185
119 187
119 190
119 192
119 199
119 201
119 204
119 206
119 216
119 221
119 223
119 224
119 225
119 228
119 229
119 235
119 236
119 245
119 248
119 250
119 251
119 257
119 264
119 269
119 271
119 277
119 281
119 283
119 284
119 293
120 125
120 129
120 133
120 137
120 138
120 139
120 140
120 144
120 145
120 149
120 150
120 153
120 158
120 160
120 171
120 173
120 175
120 178
120 179
120 182
120 193
120 195
120 196
120 197
120 199
120 201
120 204
120 205
120 207
120 212
120 213
120 214
120 219
120 226
120 227
120 229
120 230
120 231
120 233
120 234
120 237
120 239
120 242
120 246
120 248
120 249
120 257
120 264
120 270
120 271
120 276
120 285
120 286
120 289
120 295
120 298
120 299
121 139
121 140
121 141
121 150
121 154
121 161
121 164
121 166
121 168
121 169
121 173
121 174
121 175
121 176
121 178
121 180
121 182
121 183
121 184
121 185
121 189
121 194
121 195
121 197
121 199
121 202
121 205
121 208
121 214
121 218
121 223
121 226
121 229
121 232
121 237
121 238
121 242
121 244
121 246
121 250
121 252
121 253
121 257
121 260
121 261
121 263
121 264
121 266
121 274
121 279
121 283
121 286
121 294
121 298
122 124
122 131
122 134
122 138
122 140
122 143
122 144
122 147
122 153
122 154
122 158
122 172
122 176
122 177
122 179
122 182
122 186
122 192
122 195
122 199
122 207
122 208
122 213
122 215
122 218
122 219
122 220
122 222
122 224
122 225
122 230
122 232
122 235
122 241
122 242
122 245
122 247
122 250
122 251
122 255
122 256
122 264
122 268
122 275
122 276
122 280
122 281
122 292
122 299
123 127
123 130
123 136
123 142
123 147
123 148
123 154
123 157
123 158
123 159
123 162
123 163
123 165
123 179
123 182
123 183
123 184
123 185
123 188
123 196
123 199
123 202
123 210
123 214
123 217
123 218
123 220
123 221
123 226
123 232
123 233
123 235
123 236
123 240
123 241
123 242
123 249
123 251
123 255
123 257
123 260
123 265
123 267
123 268
123 275
123 276
123 277
123 283
123 286
123 290
123 293
124 126
124 128
124 132
124 133
124 137
124 149
124 155
124 159
124 160
124 161
124 163
124 174
124 176
124 185
124 190
124 193
124 194
124 195
124 204
124 205
124 207
124 208
124 224
124 225
124 226
124 228
124 236
124 242
124 245
124 250
124 252
124 253
124 256
124 257
124 258
124 260
124 261
124 263
124 265
124 267
124 269
124 271
124 275
124 278
124 279
124 280
124 283
124 288
124 296
124 298
124 300
125 126
125 127
125 134
125 142
125 143
125 147
125 149
125 155
125 161
125 164
125 167
125 179
125 180
125 188
125 194
125 195
125 198
125 199
125 203
125 208
125 210
125 211
125 213
125 222
125 224
125 225
125 229
125 230
125 233
125 236
125 237
125 238
125 240
125 245
125 246
125 250
125 252
125 253
125 256
125 258
125 259
125 260
125 264
125 267
125 271
125 279
125 282
125 283
125 285
125 287
125 288
125 295
125 299
126 128
126 133
126 135
126 142
126 143
126 147
126 151
126 156
126 157
126 160
126 164
126 165
126 168
126 171
126 174
126 178
126 179
126 180
126 182
126 183
126 184
126 186
126 187
126 197
126 199
126 205
126 206
126 208
126 212
126 214
126 217
126 218
126 221
126 231
126 233
126 236
126 240
126 246
126 247
126 258
126 261
126 263
126 267
126 268
126 274
126 283
126 285
126 287
126 288
126 289
126 296
126 299
127 128
127 141
127 142
127 143
127 156
127 158
127 159
127 162
127 163
127 164
127 172
127 173
127 174
127 178
127 180
127 181
127 184
127 185
127 187
127 191
127 202
127 205
127 210
127 212
127 214
127 217
127 220
127 222
127 225
127 226
127 227
127 231
127 238
127 242
127 243
127 246
127 248
127 251
127 253
127 254
127 267
127 270
127 272
127 275
127 282
127 284
127 294
127 296
127 297
128 138
128 148
128 151
128 154
128 157
128 158
128 161
128 162
128 167
128 170
128 171
128 175
128 176
128 180
128 181
128 182
128 191
128 192
128 194
128 198
128 200
128 201
128 202
128 203
128 205
128 206
128 209
128 210
128 211
128 213
128 214
128 218
128 219
128 220
128 221
128 225
128 227
128 228
128 229
128 233
128 242
128 247
128 251
128 253
128 260
128 261
128 262
128 264
128 265
128 266
128 267
128 268
128 270
128 272
128 276
128 278
128 284
128 295
128 298
128 299
129 130
129 132
129 135
129 140
129 141
129 145
129 146
129 148
129 155
129 156
129 157
129 162
129 168
129 170
129 172
129 173
129 174
129 176
129 177
129 178
129 183
129 194
129 202
129 203
129 204
129 207
129 213
129 217
129 224
129 228
129 231
129 232
129 233
129 234
129 236
129 240
129 243
129 244
129 245
129 246
129 248
129 249
129 251
129 260
129 262
129 267
129 272
129 275
129 276
129 284
129 291
129 293
129 300
130 135
130 137
130 140
130 144
130 147
130 153
130 154
130 158
130 159
130 164
130 172
130 174
130 175
130 179
130 184
130 192
130 193
130 194
130 195
130 196
130 197
130 198
130 202
130 208
130 212
130 213
130 216
130 218
130 219
130 223
130 225
130 239
130 243
130 247
130 249
130 252
130 257
130 263
130 277
130 300
131 132
131 134
131 135
131 140
131 144
131 145
131 150
131 159
131 162
131 170
131 171
131 174
131 176
131 185
131 187
131 193
131 195
131 203
131 204
131 207
131 208
131 213
131 219
131 220
131 225
131 226
131 230
131 235
131 236
131 242
131 245
131 246
131 249
131 250
131 253
131 255
131 256
131 257
131 263
131 265
131 267
131 268
131 270
131 271
131 272
131 273
131 275
131 277
131 278
131 279
131 287
131 291
131 295
131 296
131 299
132 138
132 142
132 148
132 150
132 153
132 161
132 166
132 168
132 181
132 187
132 191
132 195
132 204
132 205
132 206
132 208
132 209
132 223
132 224
132 225
132 228
132 229
132 236
132 237
132 243
132 245
132 248
132 249
132 254
132 255
132 256
132 258
132 260
132 261
132 263
132 265
132 266
132 268
132 276
132 277
132 282
132 286
132 287
132 288
132 293
132 297
132 298
133 137
133 140
133 144
133 148
133 153
133 156
133 157
133 160
133 163
133 165
133 168
133 169
133 171
133 174
133 177
133 179
133 181
133 183
133 184
133 185
133 187
133 192
133 200
133 202
133 207
133 208
133 209
133 212
133 221
133 222
133 228
133 231
133 242
133 244
133 245
133 246
133 247
133 248
133 253
133 254
133 257
133 259
133 260
133 264
133 265
133 274
133 275
133 277
133 280
133 281
133 284
133 285
133 288
133 291
133 293
133 298
133 299
134 139
134 142
134 147
134 156
134 162
134 163
134 166
134 168
134 169
134 170
134 172
134 173
134 178
134 180
134 182
134 191
134 193
134 198
134 199
134 201
134 212
134 216
134 218
134 223
134 224
134 225
134 227
134 237
134 244
134 245
134 251
134 252
134 253
134 256
134 257
134 259
134 269
134 271
134 273
134 278
134 279
134 281
134 284
134 286
134 288
134 290
134 291
134 292
134 293
134 296
134 298
134 300
135 136
135 137
135 139
135 144
135 146
135 150
135 151
135 159
135 160
135 162
135 163
135 165
135 168
135 170
135 171
135 173
135 179
135 180
135 184
135 189
135 190
135 196
135 203
135 207
135 210
135 214
135 216
135 222
135 226
135 230
135 231
135 235
135 236
135 237
135 239
135 242
135 244
135 245
135 246
135 248
135 254
135 256
135 258
135 262
135 265
135 269
135 271
135 273
135 274
135 275
135 282
135 283
135 284
135 290
135 294
136 138
136 141
136 142
136 147
136 148
136 149
136 152
136 155
136 157
136 159
136 161
136 165
136 166
136 168
136 169
136 175
136 180
136 181
136 184
136 187
136 190
136 195
136 198
136 199
136 200
136 207
136 208
136 212
136 216
136 220
136 223
136 226
136 229
136 230
136 235
136 240
136 243
136 250
136 251
136 252
136 256
136 259
136 260
136 276
136 277
136 278
136 279
136 280
136 287
136 288
136 291
136 296
136 298
136 299
137 146
137 153
137 156
137 157
137 167
137 182
137 183
137 184
137 192
137 193
137 195
137 197
137 199
137 203
137 204
137 211
137 216
137 218
137 220
137 223
137 232
137 235
137 237
137 241
137 251
137 253
137 257
137 258
137 263
137 264
137 266
137 272
137 274
137 276
137 291
138 142
138 144
138 145
138 150
138 152
138 156
138 157
138 159
138 160
138 161
138 163
138 166
138 167
138 171
138 174
138 176
138 177
138 180
138 181
138 189
138 194
138 195
138 196
138 208
138 213
138 215
138 220
138 221
138 225
138 229
138 231
138 235
138 239
138 240
138 242
138 243
138 244
138 245
138 249
138 250
138 253
138 254
138 265
138 267
138 268
138 271
138 275
138 278
138 281
138 284
138 289
138 292
138 293
138 298
139 144
139 145
139 150
139 151
139 152
139 156
139 157
139 158
139 163
139 167
139 169
139 170
139 172
139 175
139 176
139 181
139 182
139 185
139 191
139 192
139 194
139 195
139 197
139 198
139 201
139 203
139 208
139 212
139 213
139 214
139 215
139 220
139 221
139 224
139 230
139 234
139 235
139 236
139 239
139 240
139 253
139 254
139 259
139 270
139 271
139 272
139 275
139 278
139 280
139 283
139 289
139 290
139 295
139 297
139 299
139 300
140 141
140 143
140 150
140 155
140 158
140 162
140 164
140 165
140 166
140 168
140 171
140 180
140 181
140 189
140 190
140 194
140 196
140 198
140 199
140 200
140 204
140 216
140 217
140 219
140 220
140 221
140 226
140 229
140 231
140 232
140 234
140 237
140 241
140 246
140 252
140 254
140 264
140 269
140 270
140 272
140 279
140 282
140 283
140 284
140 289
140 294
140 296
140 299
140 300
141 153
141 156
141 157
141 162
141 163
141 165
141 168
141 174
141 180
141 183
141 185
141 197
141 201
141 211
141 212
141 213
141 218
141 220
141 226
141 227
141 235
141 237
141 239
141 241
141 242
141 243
141 244
141 247
141 249
141 250
141 257
141 258
141 261
141 265
141 271
141 273
141 280
141 284
141 287
141 289
141 290
141 297
142 147
142 156
142 160
142 162
142 163
142 166
142 174
142 176
142 177
142 178
142 179
142 185
142 187
142 190
142 197
142 199
142 206
142 209
142 210
142 214
142 215
142 217
142 218
142 219
142 220
142 221
142 224
142 230
142 245
142 254
142 255
142 257
142 263
142 273
142 276
142 278
142 280
142 282
142 285
142 286
142 289
142 290
142 291
142 293
142 298
142 300
143 144
143 149
143 150
143 160
143 168
143 170
143 173
143 174
143 181
143 186
143 187
143 190
143 220
143 221
143 222
143 225
143 229
143 230
143 232
143 235
143 237
143 238
143 240
143 241
143 246
143 251
143 252
143 254
143 264
143 265
143 267
143 270
143 274
143 275
143 280
143 285
143 287
143 288
143 289
143 290
143 292
143 294
143 300
144 145
144 152
144 153
144 156
144 157
144 170
144 171
144 178
144 179
144 184
144 185
144 188
144 190
144 197
144 199
144 213
144 216
144 219
144 222
144 226
144 228
144 232
144 233
144 240
144 243
144 247
144 253
144 255
144 260
144 265
144 267
144 271
144 272
144 277
144 281
144 283
144 285
144 286
144 291
144 292
144 293
144 296
145 151
145 156
145 164
145 166
145 168
145 169
145 174
145 181
145 183
145 184
145 185
145 189
145 191
145 194
145 196
145 197
145 200
145 203
145 205
145 206
145 207
145 208
145 209
145 215
145 217
145 222
145 224
145 232
145 241
145 243
145 245
145 249
145 251
145 253
145 254
145 260
145 262
145 264
145 269
145 270
145 272
145 273
145 276
145 280
145 281
145 283
145 284
145 285
145 286
145 292
145 293
145 294
145 295
145 297
145 300
146 147
146 153
146 157
146 161
146 172
146 179
146 181
146 184
146 188
146 191
146 193
146 194
146 195
146 196
146 201
146 205
146 207
146 208
146 210
146 213
146 215
146 218
146 221
146 232
146 239
146 241
146 242
146 243
146 246
146 247
146 254
146 256
146 257
146 258
146 260
146 261
146 262
146 267
146 268
146 284
146 285
146 286
146 288
146 295
146 297
147 148
147 150
147 157
147 159
147 167
147 170
147 181
147 183
147 184
147 190
147 192
147 195
147 196
147 198
147 199
147 208
147 213
147 218
147 219
147 222
147 223
147 226
147 229
147 230
147 231
147 232
147 240
147 246
147 247
147 252
147 255
147 259
147 260
147 261
147 268
147 271
147 273
147 276
147 280
147 283
147 284
147 286
147 294
147 299
148 151
148 154
148 156
148 157
148 158
148 163
148 170
148 177
148 178
148 179
148 188
148 192
148 197
148 198
148 201
148 205
148 209
148 211
148 212
148 213
148 215
148 216
148 219
148 220
148 221
148 230
148 232
148 234
148 240
148 251
148 252
148 254
148 255
148 259
148 265
148 268
148 270
148 271
148 275
148 276
148 278
148 285
148 286
148 289
148 290
148 297
148 298
148 300
149 150
149 153
149 161
149 165
149 170
149 178
149 183
149 185
149 190
149 202
149 207
149 208
149 210
149 213
149 215
149 217
149 219
149 223
149 224
149 229
149 230
149 235
149 248
149 253
149 256
149 260
149 262
149 263
149 270
149 275
149 281
149 289
149 291
149 293
149 294
149 295
149 296
149 298
149 299
149 300
150 153
150 156
150 157
150 161
150 168
150 173
150 174
150 177
150 180
150 186
150 201
150 204
150 205
150 207
150 209
150 215
150 218
150 220
150 225
150 229
150 236
150 237
150 241
150 243
150 244
150 245
150 252
150 256
150 257
150 258
150 261
150 264
150 267
150 268
150 269
150 271
150 273
150 279
150 285
150 292
150 294
151 152
151 156
151 158
151 162
151 168
151 169
151 170
151 177
151 185
151 186
151 187
151 199
151 200
151 203
151 205
151 209
151 212
151 214
151 219
151 223
151 224
151 226
151 229
151 233
151 237
151 241
151 256
151 257
151 266
151 267
151 269
151 272
151 273
151 276
151 277
151 278
151 279
151 280
151 281
151 283
151 284
151 288
151 295
151 298
152 155
152 157
152 160
152 162
152 164
152 165
152 168
152 169
152 171
152 173
152 174
152 191
152 197
152 201
152 203
152 205
152 212
152 215
152 216
152 218
152 220
152 222
152 223
152 236
152 238
152 243
152 244
152 247
152 249
152 259
152 260
152 261
152 262
152 264
152 265
152 266
152 268
152 269
152 270
152 274
152 277
152 278
152 282
152 285
152 290
152 292
152 293
152 296
152 299
153 158
153 164
153 166
153 167
153 176
153 179
153 187
153 190
153 195
153 196
153 199
153 200
153 202
153 203
153 204
153 208
153 209
153 216
153 223
153 226
153 227
153 228
153 233
153 234
153 241
153 245
153 248
153 255
153 259
153 262
153 265
153 267
153 268
153 270
153 274
153 277
153 279
153 298
153 300
154 156
154 162
154 163
154 165
154 168
154 170
154 171
154 173
154 177
154 190
154 193
154 195
154 196
154 197
154 201
154 202
154 205
154 214
154 215
154 216
154 219
154 221
154 223
154 225
154 227
154 228
154 232
154 245
154 246
154 253
154 265
154 266
154 271
154 272
154 280
154 283
154 285
154 288
154 294
154 296
154 298
154 299
155 157
155 160
155 163
155 173
155 174
155 176
155 180
155 181
155 192
155 197
155 199
155 202
155 204
155 205
155 206
155 207
155 210
155 222
155 223
155 225
155 228
155 232
155 238
155 243
155 244
155 249
155 250
155 252
155 262
155 263
155 265
155 267
155 273
155 274
155 279
155 280
155 281
155 300
156 158
156 164
156 166
156 167
156 168
156 177
156 182
156 185
156 192
156 197
156 209
156 211
156 214
156 219
156 221
156 227
156 235
156 239
156 245
156 246
156 247
156 248
156 250
156 251
156 253
156 261
156 262
156 265
156 268
156 271
156 281
156 284
156 285
156 287
156 288
156 291
156 292
156 293
156 294
156 298
157 160
157 163
157 168
157 192
157 195
157 197
157 199
157 202
157 206
157 214
157 225
157 231
157 233
157 237
157 242
157 243
157 244
157 255
157 259
157 260
157 269
157 272
157 273
157 274
157 275
157 277
157 278
157 281
157 282
157 288
157 289
157 290
157 291
157 293
157 294
157 295
158 162
158 163
158 166
158 170
158 173
158 176
158 177
158 179
158 180
158 182
158 186
158 194
158 197
158 198
158 199
158 200
158 205
158 207
158 208
158 213
158 215
158 221
158 222
158 223
158 224
158 227
158 228
158 233
158 240
158 241
158 247
158 249
158 253
158 255
158 256
158 265
158 273
158 277
158 279
158 284
158 286
158 288
158 290
158 294
158 296
158 297
158 299
159 168
159 177
159 179
159 183
159 186
159 189
159 190
159 192
159 193
159 194
159 197
159 202
159 205
159 208
159 209
159 211
159 212
159 217
159 221
159 223
159 235
159 236
159 243
159 249
159 253
159 254
159 257
159 261
159 262
159 270
159 283
159 291
159 294
159 295
159 297
160 170
160 171
160 179
160 181
160 190
160 191
160 192
160 199
160 200
160 202
160 204
160 208
160 212
160 216
160 217
160 223
160 224
160 227
160 230
160 231
160 237
160 240
160 241
160 242
160 244
160 245
160 250
160 252
160 258
160 260
160 261
160 262
160 263
160 264
160 266
160 272
160 273
160 278
160 283
160 286
160 295
160 296
160 300
161 162
161 164
161 165
161 168
161 169
161 174
161 177
161 178
161 187
161 188
161 195
161 196
161 200
161 201
161 203
161 206
161 207
161 208
161 209
161 222
161 224
161 232
161 234
161 235
161 239
161 240
161 242
161 243
161 248
161 252
161 253
161 258
161 259
161 263
161 264
161 265
161 273
161 274
161 275
161 279
161 282
161 284
161 290
161 292
161 293
161 296
161 298
162 169
162 171
162 172
162 174
162 175
162 176
162 178
162 184
162 187
162 191
162 198
162 200
162 202
162 208
162 211
162 212
162 213
162 216
162 219
162 221
162 222
162 229
162 230
162 231
162 240
162 241
162 244
162 245
162 248
162 254
162 257
162 262
162 271
162 281
162 283
162 295
162 298
163 164
163 166
163 172
163 174
163 177
163 180
163 181
163 190
163 197
163 199
163 211
163 213
163 216
163 219
163 224
163 229
163 232
163 238
163 243
163 248
163 252
163 253
163 255
163 256
163 260
163 263
163 266
163 267
163 271
163 275
163 276
163 277
163 290
163 291
163 293
163 294
163 295
163 299
164 170
164 171
164 172
164 173
164 174
164 176
164 178
164 184
164 188
164 189
164 190
164 194
164 196
164 200
164 206
164 218
164 221
164 224
164 232
164 245
164 246
164 252
164 253
164 255
164 256
164 258
164 262
164 264
164 270
164 273
164 275
164 276
164 277
164 281
164 283
164 294
164 297
164 299
164 300
165 167
165 171
165 172
165 182
165 186
165 196
165 199
165 201
165 204
165 205
165 207
165 211
165 213
165 215
165 218
165 225
165 227
165 235
165 241
165 246
165 247
165 251
165 254
165 257
165 264
165 267
165 271
165 274
165 275
165 276
165 280
165 284
165 287
165 293
165 294
165 297
166 170
166 174
166 182
166 183
166 184
166 185
166 191
166 195
166 196
166 199
166 201
166 202
166 206
166 209
166 216
166 217
166 218
166 221
166 222
166 225
166 227
166 228
166 229
166 230
166 232
166 235
166 236
166 240
166 242
166 243
166 245
166 248
166 252
166 253
166 257
166 259
166 262
166 267
166 269
166 275
166 276
166 278
166 279
166 281
166 283
166 284
166 288
166 289
166 290
166 294
166 297
166 298
167 168
167 169
167 170
167 175
167 178
167 182
167 183
167 184
167 190
167 194
167 198
167 203
167 206
167 212
167 215
167 224
167 226
167 227
167 228
167 229
167 231
167 239
167 244
167 246
167 251
167 252
167 253
167 255
167 257
167 258
167 263
167 265
167 269
167 272
167 273
167 278
167 287
167 297
167 300
168 171
168 177
168 180
168 181
168 186
168 194
168 197
168 198
168 199
168 200
168 203
168 204
168 212
168 216
168 225
168 234
168 236
168 246
168 248
168 250
168 254
168 258
168 263
168 272
168 273
168 275
168 278
168 279
168 288
168 292
168 293
168 299
169 171
169 172
169 174
169 177
169 178
169 182
169 183
169 186
169 188
169 189
169 190
169 191
169 192
169 193
169 206
169 214
169 216
169 218
169 221
169 224
169 226
169 230
169 232
169 235
169 236
169 239
169 243
169 246
169 247
169 248
169 252
169 254
169 258
169 262
169 269
169 275
169 279
169 280
169 283
169 289
169 290
169 293
169 295
170 176
170 179
170 185
170 186
170 191
170 192
170 194
170 198
170 199
170 201
170 206
170 207
170 208
170 213
170 217
170 219
170 220
170 224
170 227
170 231
170 236
170 237
170 244
170 248
170 250
170 251
170 257
170 263
170 265
170 266
170 270
170 272
170 274
170 275
170 277
170 285
170 286
170 288
170 290
170 298
171 176
171 177
171 178
171 184
171 185
171 190
171 191
171 196
171 197
171 203
171 205
171 206
171 209
171 211
171 213
171 217
171 221
171 222
171 226
171 227
171 228
171 232
171 237
171 248
171 252
171 253
171 256
171 257
171 261
171 262
171 264
171 266
171 267
171 268
171 270
171 273
171 275
171 277
171 279
171 292
172 179
172 180
172 187
172 188
172 192
172 198
172 204
172 209
172 211
172 213
172 214
172 217
172 218
172 220
172 222
172 228
172 231
172 233
172 238
172 240
172 246
172 248
172 249
172 257
172 263
172 266
172 268
172 275
172 283
172 284
172 285
172 287
172 290
172 294
172 297
172 300
173 174
173 175
173 177
173 178
173 183
173 189
173 198
173 199
173 205
173 207
173 212
173 213
173 214
173 221
173 223
173 224
173 225
173 226
173 227
173 228
173 232
173 245
173 250
173 253
173 258
173 260
173 263
173 265
173 273
173 274
173 275
173 276
173 279
173 281
173 292
173 293
173 294
173 298
174 175
174 177
174 179
174 184
174 190
174 191
174 195
174 198
174 201
174 202
174 204
174 205
174 206
174 209
174 213
174 215
174 216
174 218
174 220
174 223
174 229
174 234
174 236
174 239
174 249
174 251
174 254
174 265
174 266
174 276
174 281
174 283
174 284
174 287
174 288
174 291
174 293
174 295
175 176
175 183
175 187
175 188
175 191
175 192
175 193
175 195
175 200
175 205
175 210
175 212
175 214
175 217
175 218
175 230
175 231
175 233
175 235
175 241
175 248
175 253
175 254
175 256
175 260
175 261
175 265
175 268
175 269
175 275
175 276
175 277
175 280
175 281
175 284
176 181
176 191
176 194
176 195
176 198
176 203
176 206
176 208
176 214
176 216
176 217
176 220
176 230
176 231
176 236
176 242
176 243
176 246
176 248
176 250
176 254
176 255
176 262
176 267
176 271
176 277
176 278
176 282
176 285
176 287
176 297
176 299
177 178
177 185
177 189
177 194
177 197
177 201
177 202
177 204
177 207
177 221
177 227
177 229
177 234
177 236
177 238
177 242
177 245
177 247
177 249
177 250
177 251
177 253
177 263
177 268
177 279
177 280
177 281
177 284
177 285
177 288
177 296
178 187
178 188
178 191
178 196
178 198
178 199
178 201
178 204
178 206
178 207
178 210
178 211
178 213
178 215
178 221
178 222
178 223
178 224
178 225
178 229
178 232
178 235
178 238
178 239
178 241
178 248
178 250
178 251
178 258
178 262
178 267
178 268
178 270
178 272
178 277
178 279
178 280
178 283
178 285
178 288
179 182
179 183
179 192
179 199
179 200
179 201
179 214
179 218
179 220
179 224
179 228
179 231
179 234
179 239
179 242
179 248
179 249
179 253
179 262
179 264
179 286
179 290
179 291
179 293
180 181
180 187
180 188
180 190
180 191
180 195
180 198
180 199
180 203
180 209
180 210
180 214
180 216
180 218
180 221
180 225
180 229
180 237
180 240
180 242
180 245
180 246
180 250
180 256
180 258
180 263
180 265
180 266
180 270
180 275
180 287
180 288
180 291
180 293
180 295
180 296
180 298
181 189
181 190
181 192
181 194
181 200
181 202
181 206
181 210
181 211
181 213
181 217
181 219
181 224
181 228
181 231
181 232
181 234
181 235
181 236
181 237
181 245
181 246
181 248
181 258
181 259
181 260
181 264
181 268
181 272
181 275
181 278
181 279
181 280
181 281
181 289
181 292
182 185
182 187
182 189
182 193
182 194
182 196
182 200
182 201
182 202
182 204
182 208
182 214
182 216
182 223
182 224
182 229
182 230
182 231
182 232
182 235
182 238
182 239
182 246
182 250
182 252
182 254
182 257
182 258
182 260
182 263
182 270
182 276
182 286
182 288
182 289
182 295
182 297
182 300
183 187
183 188
183 190
183 193
183 194
183 209
183 210
183 214
183 216
183 218
183 225
183 226
183 227
183 234
183 235
183 242
183 243
183 246
183 248
183 249
183 251
183 256
183 258
183 262
183 263
183 264
183 266
183 270
183 271
183 272
183 278
183 279
183 280
183 289
183 291
183 294
183 296
183 297
184 187
184 188
184 191
184 192
184 198
184 200
184 202
184 204
184 205
184 206
184 207
184 209
184 212
184 218
184 220
184 223
184 227
184 232
184 233
184 234
184 240
184 249
184 257
184 261
184 268
184 271
184 274
184 275
184 279
184 282
184 283
184 285
184 291
184 292
184 297
185 186
185 187
185 188
185 189
185 196
185 198
185 199
185 204
185 205
185 208
185 210
185 212
185 216
185 220
185 221
185 222
185 224
185 225
185 228
185 230
185 234
185 235
185 238
185 242
185 244
185 249
185 250
185 251
185 254
185 257
185 260
185 261
185 263
185 274
185 275
185 278
185 281
185 283
185 289
185 292
185 293
185 294
186 187
186 189
186 190
186 193
186 198
186 208
186 216
186 222
186 226
186 227
186 242
186 243
186 245
186 248
186 254
186 255
186 256
186 258
186 260
186 274
186 278
186 282
186 287
186 289
186 296
187 192
187 196
187 200
187 203
187 205
187 207
187 208
187 210
187 217
187 220
187 222
187 229
187 230
187 239
187 241
187 242
187 250
187 252
187 253
187 260
187 262
187 264
187 275
187 279
187 283
187 284
187 295
187 296
187 298
188 191
188 192
188 193
188 194
188 199
188 200
188 202
188 203
188 204
188 207
188 208
188 211
188 217
188 222
188 223
188 228
188 235
188 236
188 239
188 248
188 249
188 250
188 255
188 259
188 260
188 261
188 265
188 271
188 273
188 274
188 279
188 285
188 288
188 289
188 291
188 293
188 298
189 190
189 192
189 194
189 197
189 198
189 201
189 203
189 210
189 212
189 214
189 215
189 217
189 218
189 219
189 222
189 223
189 225
189 229
189 240
189 244
189 246
189 250
189 251
189 253
189 256
189 259
189 260
189 261
189 262
189 264
189 268
189 272
189 274
189 276
189 277
189 279
189 280
189 282
189 283
189 285
189 292
189 298
190 199
190 200
190 202
190 203
190 207
190 211
190 217
190 219
190 220
190 221
190 225
190 226
190 230
190 231
190 260
190 261
190 263
190 265
190 266
190 267
190 269
190 270
190 275
190 277
190 279
190 282
190 286
190 289
190 295
191 194
191 198
191 206
191 208
191 209
191 214
191 218
191 220
191 222
191 224
191 225
191 226
191 236
191 239
191 241
191 247
191 258
191 259
191 260
191 262
191 267
191 268
191 273
191 280
191 282
191 285
191 286
191 293
191 295
191 297
191 298
192 193
192 199
192 201
192 202
192 210
192 211
192 215
192 224
192 225
192 227
192 229
192 231
192 232
192 233
192 234
192 235
192 237
192 240
192 241
192 243
192 249
192 255
192 257
192 262
192 266
192 268
192 269
192 272
192 274
192 275
192 277
192 278
192 281
192 285
192 286
192 287
192 288
192 290
192 293
192 297
193 194
193 200
193 201
193 202
193 203
193 204
193 207
193 221
193 229
193 232
193 238
193 241
193 246
193 251
193 254
193 255
193 258
193 260
193 261
193 267
193 272
193 279
193 281
193 282
193 287
193 293
193 294
193 295
193 297
193 299
194 195
194 199
194 201
194 203
194 205
194 210
194 213
194 214
194 222
194 225
194 226
194 227
194 229
194 234
194 236
194 238
194 239
194 241
194 243
194 245
194 246
194 249
194 250
194 251
194 253
194 255
194 261
194 266
194 267
194 270
194 273
194 274
194 275
194 277
194 284
194 296
194 298
194 299
195 197
195 199
195 201
195 203
195 204
195 206
195 207
195 211
195 219
195 222
195 228
195 231
195 235
195 237
195 238
195 242
195 245
195 249
195 254
195 258
195 267
195 268
195 271
195 274
195 275
195 277
195 279
195 284
195 290
195 296
196 201
196 207
196 208
196 211
196 216
196 217
196 227
196 229
196 230
196 241
196 245
196 251
196 253
196 254
196 257
196 258
196 260
196 264
196 265
196 266
196 267
196 269
196 270
196 274
196 277
196 278
196 280
196 281
196 287
196 294
196 299
197 201
197 205
197 208
197 210
197 211
197 215
197 218
197 222
197 223
197 226
197 236
197 238
197 239
197 241
197 242
197 244
197 251
197 252
197 254
197 256
197 257
197 260
197 262
197 264
197 268
197 278
197 280
197 283
197 285
197 286
197 294
197 296
197 300
198 200
198 201
198 204
198 206
198 207
198 212
198 213
198 216
198 217
198 218
198 220
198 226
198 230
198 231
198 232
198 234
198 235
198 236
198 240
198 243
198 248
198 261
198 266
198 269
198 276
198 277
198 281
198 287
198 288
198 292
198 293
198 300
199 203
199 205
199 209
199 211
199 216
199 226
199 230
199 238
199 241
199 248
199 262
199 264
199 269
199 275
199 283
199 293
199 294
199 300
200 205
200 210
200 211
200 212
200 213
200 220
200 222
200 225
200 227
200 228
200 229
200 232
200 237
200 244
200 247
200 250
200 251
200 253
200 259
200 262
200 266
200 267
200 277
200 279
200 282
200 288
200 290
200 296
200 297
201 203
201 206
201 207
201 210
201 212
201 213
201 221
201 228
201 230
201 238
201 239
201 240
201 242
201 244
201 248
201 250
201 255
201 257
201 262
201 263
201 264
201 265
201 266
201 271
201 273
201 275
201 278
201 280
201 283
201 288
201 289
201 291
201 296
201 298
201 300
202 209
202 210
202 214
202 216
202 218
202 219
202 224
202 227
202 229
202 231
202 232
202 242
202 243
202 248
202 251
202 254
202 256
202 258
202 264
202 267
202 270
202 271
202 275
202 278
202 279
202 283
202 284
202 285
202 288
202 291
202 295
202 297
202 298
202 299
202 300
203 204
203 207
203 208
203 210
203 215
203 220
203 222
203 229
203 233
203 243
203 245
203 247
203 250
203 251
203 254
203 255
203 260
203 262
203 264
203 265
203 267
203 268
203 269
203 271
203 279
203 289
203 294
203 296
203 297
204 208
204 213
204 219
204 222
204 223
204 229
204 236
204 238
204 240
204 242
204 248
204 253
204 254
204 255
204 258
204 259
204 262
204 266
204 270
204 275
204 278
204 279
204 286
204 287
204 290
204 296
204 299
205 206
205 212
205 214
205 217
205 219
205 222
205 223
205 228
205 229
205 231
205 243
205 247
205 248
205 249
205 250
205 251
205 252
205 253
205 254
205 256
205 259
205 262
205 268
205 276
205 278
205 280
205 281
205 282
205 283
205 287
205 290
205 291
205 293
205 296
206 214
206 215
206 218
206 222
206 223
206 233
206 234
206 235
206 236
206 237
206 240
206 242
206 243
206 247
206 257
206 263
206 266
206 267
206 270
206 275
206 286
206 290
206 291
206 293
206 294
207 209
207 211
207 212
207 213
207 216
207 218
207 220
207 224
207 225
207 226
207 229
207 232
207 234
207 236
207 239
207 243
207 244
207 248
207 252
207 253
207 255
207 257
207 264
207 277
207 278
207 284
207 299
207 300
208 214
208 218
208 219
208 227
208 233
208 238
208 240
208 244
208 249
208 251
208 255
208 257
208 261
208 265
208 267
208 270
208 275
208 278
208 279
208 288
208 290
208 294
208 295
208 299
209 210
209 211
209 213
209 216
209 217
209 221
209 222
209 225
209 231
209 234
209 236
209 240
209 242
209 248
209 250
209 253
209 259
209 261
209 263
209 264
209 271
209 272
209 274
209 275
209 281
209 284
209 285
209 287
209 288
209 292
209 295
209 299
210 217
210 218
210 221
210 222
210 224
210 232
210 233
210 236
210 238
210 241
210 245
210 247
210 249
210 254
210 255
210 260
210 269
210 270
210 271
210 274
210 276
210 277
210 279
210 281
210 282
210 286
210 293
211 216
211 218
211 220
211 225
211 229
211 232
211 237
211 240
211 241
211 244
211 245
211 252
211 253
211 257
211 258
211 262
211 263
211 267
211 271
211 272
211 288
211 289
211 292
211 294
211 297
211 299
212 219
212 230
212 231
212 232
212 234
212 237
212 240
212 242
212 243
212 245
212 249
212 251
212 252
212 253
212 254
212 263
212 268
212 271
212 273
212 274
212 277
212 283
212 285
212 290
212 291
212 294
212 299
212 300
213 216
213 228
213 230
213 231
213 236
213 245
213 247
213 249
213 254
213 256
213 257
213 259
213 260
213 263
213 266
213 277
213 278
213 279
213 280
213 281
213 285
213 288
213 290
213 291
213 298
214 217
214 218
214 222
214 224
214 228
214 230
214 231
214 232
214 235
214 246
214 251
214 259
214 264
214 268
214 270
214 272
214 275
214 276
214 278
214 281
214 284
214 285
214 286
214 288
214 291
214 295
214 296
215 216
215 220
215 223
215 224
215 226
215 227
215 230
215 232
215 239
215 245
215 251
215 257
215 262
215 263
215 272
215 275
215 277
215 278
215 281
215 284
215 287
215 296
216 221
216 226
216 234
216 239
216 243
216 244
216 249
216 252
216 253
216 254
216 266
216 267
216 272
216 275
216 276
216 295
216 296
217 219
217 222
217 223
217 227
217 228
217 229
217 230
217 237
217 243
217 245
217 254
217 256
217 259
217 260
217 271
217 272
217 278
217 283
217 285
217 288
217 289
217 290
217 291
217 294
218 219
218 220
218 222
218 226
218 229
218 231
218 239
218 240
218 242
218 246
218 248
218 250
218 252
218 257
218 265
218 273
218 275
218 276
218 284
218 285
218 286
218 287
218 288
218 293
218 298
218 299
219 220
219 227
219 229
219 230
219 231
219 233
219 236
219 240
219 242
219 244
219 250
219 251
219 253
219 254
219 257
219 261
219 264
219 266
219 269
219 273
219 275
219 278
219 285
219 290
219 295
220 226
220 241
220 242
220 244
220 251
220 252
220 254
220 256
220 261
220 262
220 267
220 269
220 277
220 278
220 279
220 281
220 283
220 284
220 286
220 288
220 292
221 222
221 224
221 226
221 227
221 232
221 241
221 242
221 244
221 247
221 255
221 258
221 268
221 269
221 270
221 273
221 276
221 279
221 281
221 285
221 286
221 288
221 289
221 291
221 292
221 293
221 296
221 298
222 223
222 224
222 229
222 235
222 238
222 246
222 252
222 258
222 261
222 263
222 265
222 271
222 272
222 274
222 275
222 276
222 277
222 279
222 280
222 281
222 283
222 288
222 289
222 291
222 292
222 297
222 298
223 224
223 226
223 227
223 231
223 232
223 233
223 234
223 236
223 237
223 238
223 241
223 248
223 250
223 251
223 254
223 256
223 259
223 260
223 274
223 285
223 290
223 292
223 293
223 296
224 226
224 237
224 241
224 242
224 248
224 249
224 254
224 258
224 261
224 263
224 267
224 268
224 272
224 274
224 275
224 286
224 292
224 293
224 294
224 296
224 297
224 299
224 300
225 226
225 229
225 233
225 234
225 235
225 236
225 237
225 239
225 242
225 247
225 255
225 258
225 259
225 262
225 266
225 268
225 270
225 275
225 279
225 281
225 283
225 291
225 294
225 295
225 300
226 235
226 236
226 240
226 245
226 246
226 247
226 252
226 257
226 262
226 264
226 265
226 286
226 296
226 299
227 228
227 229
227 233
227 239
227 246
227 251
227 252
227 253
227 262
227 265
227 268
227 270
227 273
227 275
227 276
227 278
227 279
227 286
227 287
227 288
227 290
227 291
227 294
227 297
227 298
227 300
228 230
228 231
228 234
228 240
228 242
228 249
228 251
228 252
228 257
228 262
228 268
228 269
228 274
228 276
228 278
228 280
228 283
228 289
228 294
228 296
229 233
229 239
229 243
229 247
229 249
229 256
229 259
229 260
229 267
229 268
229 271
229 272
229 276
229 280
229 285
229 290
229 294
229 299
230 231
230 241
230 244
230 247
230 250
230 251
230 252
230 259
230 260
230 261
230 265
230 266
230 269
230 270
230 272
230 275
230 278
230 280
230 281
230 289
230 297
230 299
231 236
231 241
231 246
231 248
231 250
231 254
231 255
231 256
231 257
231 262
231 263
231 264
231 267
231 270
231 272
231 280
231 289
231 293
231 295
231 296
231 300
232 233
232 239
232 241
232 244
232 245
232 248
232 250
232 254
232 256
232 259
232 260
232 263
232 267
232 270
232 272
232 277
232 278
232 283
232 293
232 297
232 298
233 236
233 238
233 242
233 243
233 246
233 253
233 254
233 255
233 259
233 261
233 262
233 267
233 269
233 270
233 271
233 273
233 280
233 281
233 284
233 289
233 290
233 292
233 293
233 294
233 296
233 298
234 238
234 242
234 247
234 250
234 254
234 260
234 262
234 265
234 268
234 270
234 272
234 275
234 280
234 281
234 286
234 287
234 292
234 293
234 295
234 298
234 299
234 300
235 237
235 241
235 245
235 246
235 247
235 250
235 252
235 258
235 262
235 264
235 266
235 267
235 269
235 278
235 279
235 282
235 283
235 286
235 287
235 291
235 296
236 249
236 254
236 264
236 266
236 271
236 275
236 277
236 279
236 299
236 300
237 239
237 242
237 244
237 247
237 251
237 252
237 263
237 266
237 269
237 271
237 273
237 274
237 282
237 283
237 285
237 288
237 289
237 292
237 295
237 296
237 299
238 242
238 243
238 247
238 250
238 254
238 258
238 259
238 260
238 264
238 266
238 269
238 271
238 272
238 273
238 275
238 276
238 283
238 289
238 298
238 300
239 249
239 255
239 256
239 259
239 265
239 269
239 275
239 276
239 281
239 284
239 291
239 297
240 241
240 244
240 246
240 249
240 256
240 257
240 260
240 262
240 263
240 266
240 273
240 284
240 291
240 294
241 242
241 243
241 244
241 246
241 253
241 257
241 258
241 260
241 264
241 267
241 272
241 276
241 277
241 280
241 282
241 290
241 292
241 295
241 296
242 243
242 245
242 247
242 251
242 254
242 256
242 259
242 260
242 261
242 262
242 265
242 269
242 270
242 273
242 275
242 282
242 286
242 287
242 291
242 294
242 295
242 297
243 245
243 248
243 249
243 254
243 258
243 266
243 268
243 275
243 285
243 287
243 291
243 293
243 294
243 297
243 300
244 245
244 254
244 256
244 257
244 266
244 267
244 268
244 285
244 288
244 292
244 293
244 295
245 248
245 256
245 260
245 264
245 266
245 267
245 269
245 271
245 272
245 274
245 276
245 277
245 282
245 284
245 287
245 288
245 289
245 291
245 296
245 300
246 250
246 252
246 253
246 254
246 256
246 262
246 266
246 272
246 275
246 280
246 283
246 284
246 285
246 288
246 290
247 249
247 255
247 256
247 258
247 268
247 272
247 279
247 288
247 289
247 291
247 292
247 293
247 294
247 295
248 252
248 254
248 255
248 256
248 257
248 258
248 259
248 262
248 263
248 268
248 269
248 270
248 273
248 276
248 277
248 278
248 280
248 287
248 293
249 250
249 251
249 252
249 255
249 256
249 258
249 263
249 265
249 266
249 267
249 268
249 269
249 270
249 278
249 282
249 283
249 285
249 287
249 288
249 291
249 297
249 298
250 251
250 260
250 261
250 262
250 265
250 267
250 269
250 272
250 274
250 278
250 286
250 287
250 290
250 293
250 295
250 296
250 297
250 300
251 252
251 255
251 259
251 261
251 263
251 264
251 268
251 271
251 272
251 273
251 274
251 276
251 278
251 279
251 280
251 282
251 283
251 287
251 291
251 294
251 300
252 255
252 261
252 267
252 268
252 270
252 272
252 276
252 277
252 279
252 280
252 281
252 286
252 292
252 293
252 297
253 255
253 257
253 261
253 262
253 263
253 269
253 274
253 277
253 280
253 282
253 283
253 284
253 286
253 288
253 297
254 256
254 258
254 260
254 271
254 276
254 284
254 285
254 287
254 292
254 295
254 297
254 298
254 299
255 257
255 260
255 267
255 269
255 274
255 277
255 279
255 284
255 285
255 286
255 299
256 262
256 264
256 266
256 268
256 270
256 274
256 276
256 277
256 278
256 279
256 281
256 286
256 294
256 295
257 260
257 262
257 268
257 269
257 276
257 277
257 280
257 282
257 284
257 285
257 292
257 293
258 262
258 265
258 267
258 269
258 273
258 275
258 277
258 281
258 283
258 285
258 288
258 290
258 293
258 295
258 297
258 298
259 260
259 262
259 265
259 266
259 269
259 274
259 278
259 281
259 285
259 289
259 293
259 295
259 298
259 299
259 300
260 262
260 270
260 275
260 277
260 280
260 287
260 294
260 296
260 297
261 263
261 266
261 268
261 270
261 272
261 278
261 288
261 289
261 291
261 292
261 294
261 296
262 269
262 271
262 279
262 281
262 282
262 283
262 287
262 288
262 291
262 294
262 296
262 297
263 267
263 280
263 281
263 284
263 291
263 292
263 293
263 294
264 266
264 269
264 271
264 273
264 275
264 278
264 281
264 282
264 285
264 289
264 291
264 297
264 298
265 268
265 271
265 275
265 276
265 282
265 283
265 285
265 290
265 292
265 295
265 298
265 300
266 272
266 277
266 279
266 280
266 283
266 284
266 287
266 288
266 289
266 292
266 293
266 295
266 296
266 297
267 270
267 274
267 279
267 282
267 287
267 293
267 294
268 280
268 284
268 287
268 288
268 290
268 291
268 295
268 298
269 270
269 271
269 273
269 275
269 278
269 280
269 286
269 287
269 288
269 289
269 292
269 297
269 299
269 300
270 272
270 273
270 274
270 275
270 276
270 277
270 280
270 282
270 284
270 285
270 286
270 288
270 293
270 296
270 297
270 300
271 272
271 273
271 278
271 279
271 286
271 289
271 290
271 291
271 300
272 273
272 274
272 276
272 277
272 282
272 284
272 289
272 291
272 297
272 298
272 299
273 280
273 291
273 295
273 297
274 282
274 286
274 288
274 290
274 299
275 276
275 277
275 278
275 279
275 283
275 286
275 287
275 297
276 283
276 285
276 286
276 287
276 293
276 296
276 297
276 299
277 278
277 280
277 283
277 285
277 291
277 296
277 300
278 280
278 286
278 287
278 290
278 296
278 300
279 280
279 284
279 285
279 286
279 288
279 292
279 300
280 287
280 288
280 292
280 297
280 298
280 299
281 282
281 287
281 291
281 295
281 297
281 299
281 300
282 285
282 293
282 296
282 297
282 298
283 289
283 290
283 291
283 294
283 297
283 298
283 299
284 287
284 293
284 294
284 298
284 300
285 286
285 287
285 290
285 295
285 296
285 297
285 298
285 299
286 287
286 291
286 292
286 295
286 296
286 297
287 288
287 289
287 294
287 295
287 297
288 290
288 293
288 295
289 293
289 295
289 296
289 298
289 299
290 293
290 294
290 296
291 292
291 299
292 300
293 297
293 298
294 295
294 297
294 300
296 298
296 299
296 300
297 300
298 299
298 300
