500 1500
1 3
1 499
1 355
1 487
2 4
2 91
2 213
2 113
2 147
2 298
3 6
3 121
3 55
3 481
3 33
4 7
4 444
4 214
5 6
5 266
5 306
6 7
6 9
6 253
6 83
7 8
7 9
7 10
7 137
7 140
8 10
8 385
8 247
8 465
8 424
9 10
9 370
9 190
9 423
10 13
10 214
10 42
10 225
10 309
10 484
10 477
10 100
11 12
11 14
11 68
11 322
11 150
11 347
12 147
12 102
12 220
12 491
13 159
13 35
13 27
13 205
14 16
14 183
14 464
14 465
15 17
15 201
15 185
15 217
16 17
16 18
16 19
16 361
17 19
17 20
17 365
17 248
18 19
18 418
18 492
18 32
19 20
19 21
19 22
19 104
20 22
20 23
20 285
20 335
21 22
21 23
21 24
21 209
21 246
21 218
22 23
22 25
22 28
22 274
22 418
23 24
23 26
23 344
23 161
24 75
24 255
24 476
24 496
25 26
25 27
25 500
25 77
26 27
26 29
26 106
26 245
27 30
27 281
27 110
27 48
27 88
28 29
28 30
28 407
28 455
28 342
29 199
29 64
29 237
29 462
30 32
30 313
30 237
30 445
31 33
31 34
31 107
32 33
32 34
32 110
33 34
33 36
33 275
34 264
34 344
34 125
35 37
35 38
35 193
35 223
35 246
36 436
36 425
36 469
36 104
37 38
37 39
37 40
38 41
38 451
38 484
39 40
39 42
39 46
39 129
39 185
39 439
39 106
39 336
40 41
40 260
40 405
40 288
40 420
40 269
41 42
41 43
41 44
41 498
42 44
42 45
43 45
43 246
43 373
43 226
43 237
43 397
44 45
44 359
44 341
44 333
45 46
45 48
45 237
45 362
45 299
46 49
46 482
46 335
47 50
47 400
47 87
47 436
48 50
48 392
48 275
48 443
49 50
49 52
49 455
49 257
50 51
50 53
50 395
50 384
51 54
51 346
51 245
52 53
52 55
52 452
52 101
52 212
53 55
53 216
53 107
54 55
54 56
54 180
55 57
55 58
55 70
56 57
56 305
56 138
56 438
57 58
57 60
57 454
57 425
58 61
58 314
58 348
59 111
59 338
59 331
59 225
60 246
60 240
60 163
61 62
61 63
61 64
61 283
62 63
62 64
62 400
62 285
63 130
63 109
63 485
63 174
63 429
64 65
64 67
64 129
65 66
65 67
65 328
66 69
66 468
66 493
66 248
66 214
67 69
67 70
67 166
68 70
68 236
68 486
69 72
69 275
69 149
70 71
70 72
70 251
70 357
70 165
70 430
71 72
71 74
71 89
71 385
71 415
71 427
72 75
72 415
72 305
73 74
73 243
73 217
73 395
74 387
74 455
74 159
74 462
75 76
75 77
75 78
76 78
76 79
76 121
77 78
77 79
77 80
77 140
78 80
78 81
78 148
78 259
79 80
79 82
79 165
79 112
79 450
80 81
80 82
80 244
80 379
81 329
81 221
81 396
81 181
81 281
81 166
82 83
82 85
82 169
82 278
82 322
83 86
83 400
83 175
84 87
84 186
84 418
84 280
85 86
85 88
85 438
85 305
86 87
86 89
86 119
86 360
87 124
87 399
87 383
88 89
88 90
88 200
89 91
89 144
90 91
90 92
90 93
90 318
91 493
91 100
91 113
92 110
92 362
92 116
92 500
92 324
93 95
93 96
93 304
93 397
93 453
93 482
94 285
94 181
94 338
94 339
95 97
95 98
95 187
95 367
95 471
96 463
96 395
96 443
97 99
97 100
97 299
97 334
97 458
97 360
97 498
98 100
98 101
98 219
98 366
99 101
99 102
99 197
100 101
100 317
100 314
100 431
101 102
101 271
101 269
101 298
101 125
102 105
102 302
102 389
102 438
102 115
102 375
102 467
103 104
103 105
103 199
103 245
103 483
103 360
104 368
104 143
105 106
105 107
105 108
105 203
105 393
106 109
106 127
107 108
107 109
107 110
107 113
107 410
107 416
108 109
108 111
108 150
108 216
108 267
108 274
109 111
109 416
109 401
109 170
109 141
110 113
110 345
110 282
111 112
111 113
111 114
111 273
112 139
112 271
113 132
114 300
114 179
114 337
114 459
114 295
115 116
115 117
115 469
115 472
116 117
116 119
116 359
117 118
117 119
117 120
117 448
118 120
118 121
118 306
118 434
119 122
119 242
119 151
120 121
120 423
120 424
120 447
120 402
121 122
121 124
121 142
121 337
122 405
122 299
122 214
122 245
122 487
122 378
123 124
123 125
123 126
123 212
124 126
124 127
124 236
124 176
125 126
125 482
126 127
126 129
126 157
126 267
126 472
127 129
127 182
127 180
128 129
128 130
128 131
128 243
129 131
129 132
130 131
130 132
130 133
130 215
130 223
131 132
131 133
131 134
131 351
132 134
132 307
132 333
133 135
133 136
133 433
133 265
134 135
134 236
134 200
134 205
134 327
135 136
135 138
135 394
135 165
136 239
136 256
136 468
137 139
137 340
137 382
137 173
138 141
138 243
138 210
138 144
139 142
139 179
139 189
140 141
141 142
141 143
141 229
142 143
142 453
142 478
143 144
143 145
143 418
143 473
143 204
144 145
144 147
144 422
145 148
145 408
145 396
146 149
146 364
146 413
146 343
147 148
147 149
147 420
147 339
148 149
148 150
148 151
149 150
149 151
149 440
149 161
149 276
149 304
150 153
150 194
151 152
151 153
151 310
151 172
152 155
152 342
152 306
152 392
153 156
153 185
153 291
154 155
154 156
154 157
155 156
155 157
155 217
156 157
156 158
156 172
156 245
157 160
157 491
157 338
157 292
157 420
158 160
158 210
158 378
158 364
158 437
159 162
159 254
160 161
160 162
160 378
161 162
161 163
161 290
161 470
161 309
162 165
162 378
162 169
163 165
163 224
163 432
163 369
164 167
164 303
164 342
164 456
165 166
166 168
166 482
166 363
167 169
167 170
167 456
167 395
167 189
168 170
168 171
168 350
169 171
169 172
169 387
169 344
170 171
170 172
170 173
170 478
171 172
171 173
171 294
171 499
172 174
172 175
172 480
172 196
173 176
173 245
174 176
174 177
174 410
175 176
175 178
176 177
176 280
176 184
177 178
177 259
177 202
177 398
178 180
178 365
178 298
178 367
179 359
179 346
179 302
180 183
180 492
180 454
181 283
181 377
181 417
182 183
182 184
182 430
182 343
183 184
183 186
183 486
183 441
183 444
183 442
184 185
184 446
184 198
184 233
185 188
186 188
186 390
186 272
186 270
186 500
187 189
187 222
187 362
188 189
188 494
188 264
188 306
188 344
189 190
189 191
190 191
190 193
190 466
190 262
191 194
191 264
191 322
191 378
192 294
192 321
192 295
192 467
193 393
193 383
193 224
193 210
194 285
194 423
194 425
195 196
195 197
195 198
196 197
196 242
197 199
197 200
197 415
198 199
198 200
198 379
199 201
199 202
199 248
199 477
200 201
200 203
201 203
201 204
201 384
202 203
202 204
202 205
203 204
203 205
204 207
204 364
204 396
205 206
205 208
206 208
206 209
206 241
206 386
207 208
207 209
207 210
208 209
208 210
208 211
209 212
209 410
209 352
209 434
210 212
210 213
211 213
211 477
211 442
211 303
211 251
212 213
212 359
213 216
213 337
214 495
214 376
215 390
215 384
215 356
215 468
215 250
216 219
216 363
217 220
217 355
218 219
218 276
218 429
218 469
218 224
219 220
219 221
219 222
220 221
220 223
221 223
221 224
221 261
221 495
222 224
222 225
222 261
222 385
222 481
223 313
224 225
224 445
225 447
225 358
226 227
226 496
226 375
226 484
227 228
227 486
227 310
228 229
228 231
228 323
229 230
229 250
230 231
230 232
230 346
231 232
231 233
231 278
231 370
231 405
231 267
232 233
232 234
232 235
232 460
233 235
233 236
233 335
234 235
234 236
234 237
235 236
235 237
235 333
235 436
236 239
236 466
236 366
237 449
238 239
238 240
238 319
238 393
239 240
239 241
239 242
239 494
240 241
240 242
240 444
240 410
240 489
241 242
241 244
241 500
241 328
242 245
242 489
242 412
243 245
243 246
243 314
244 246
244 483
244 400
244 435
245 381
246 453
247 248
247 250
247 484
248 251
249 250
249 251
249 252
249 448
250 251
250 252
250 392
250 345
251 253
251 259
251 390
252 253
252 254
252 255
252 342
253 254
253 256
253 451
253 437
254 255
254 256
254 257
255 256
255 257
255 313
255 344
255 291
256 257
256 258
256 271
256 332
257 258
257 259
257 260
258 261
258 300
258 264
259 261
260 262
260 263
261 263
261 264
262 263
262 264
262 265
263 266
263 298
263 424
264 267
264 308
265 266
265 268
265 395
266 269
266 403
266 324
267 269
268 270
268 271
268 305
269 270
269 470
270 272
270 309
271 274
271 379
272 273
272 274
272 275
273 276
273 415
274 275
274 304
275 278
276 278
276 437
277 280
277 342
277 417
278 279
278 460
279 280
279 281
279 282
279 376
280 424
281 282
281 461
281 440
282 283
282 336
283 285
283 286
283 346
283 464
284 286
284 287
284 364
284 414
285 287
285 288
285 298
285 394
285 476
286 287
286 288
286 417
287 288
287 370
287 457
287 435
288 289
288 290
288 291
288 406
288 411
289 291
289 292
289 347
289 403
290 292
290 293
291 293
291 364
292 293
292 294
293 294
293 295
293 296
293 357
294 295
294 296
294 297
295 296
295 297
296 297
296 298
296 436
297 298
297 299
297 375
297 376
297 306
298 299
299 302
300 301
300 303
300 408
300 447
301 302
301 303
301 304
302 303
302 305
302 454
303 305
303 306
303 427
304 305
304 306
304 419
305 490
306 307
306 309
306 478
307 308
307 310
307 322
307 327
308 309
308 311
308 371
308 334
309 322
310 313
310 336
310 415
311 312
311 313
311 339
312 313
312 315
312 409
312 349
313 314
313 316
313 326
314 322
314 457
314 341
315 316
315 317
315 338
316 317
316 319
316 453
317 490
317 494
318 319
318 321
318 445
319 321
319 322
319 479
319 464
320 321
320 323
320 459
321 323
321 456
321 422
322 323
322 324
323 324
323 325
323 326
324 325
324 326
324 340
325 326
325 327
325 399
326 327
326 328
327 330
327 489
328 330
328 350
328 338
329 330
329 332
329 365
329 453
330 331
330 332
330 365
331 332
331 333
331 381
332 333
332 334
332 335
332 389
333 334
333 335
333 336
334 336
334 337
334 398
334 349
335 493
335 452
336 339
336 386
337 338
338 341
339 340
339 341
340 341
340 342
340 421
341 342
341 461
342 344
342 371
343 346
343 367
344 345
344 353
345 450
346 348
346 349
346 373
347 348
347 349
348 349
348 350
348 407
348 449
349 350
349 406
350 351
350 353
350 380
351 352
351 469
351 463
352 353
352 354
352 426
353 355
353 356
353 468
354 355
354 356
354 357
354 458
355 356
355 436
355 486
355 406
356 436
356 495
356 453
357 360
358 359
358 360
358 477
359 361
359 362
360 361
361 363
361 378
362 364
362 365
363 365
363 490
363 464
364 365
364 366
364 367
365 366
365 367
365 368
365 422
366 372
367 369
367 426
367 374
368 370
368 451
369 370
369 401
369 497
369 391
370 373
371 373
371 374
372 373
372 374
372 375
372 492
373 376
373 387
373 402
373 436
374 375
374 481
374 435
375 443
376 379
376 387
377 378
377 380
378 379
379 380
379 381
379 412
380 381
380 382
380 383
381 383
381 384
381 454
382 384
382 385
382 480
383 384
383 385
383 386
384 387
384 460
385 388
386 387
386 388
387 389
388 389
388 391
388 464
389 390
389 391
390 479
390 489
390 449
391 392
391 393
391 394
392 395
393 394
393 395
393 482
394 397
394 483
395 398
396 398
396 399
396 435
397 399
397 441
398 400
399 400
399 401
399 451
400 403
401 404
401 426
402 404
403 404
403 405
404 405
404 406
404 407
405 407
405 408
406 408
407 410
408 410
408 411
409 410
409 411
409 412
409 490
410 411
410 412
411 412
411 414
412 413
412 463
413 414
413 415
413 476
413 446
414 415
414 417
415 417
416 418
417 420
417 443
417 461
418 421
419 421
419 422
420 491
421 422
421 423
421 424
422 423
423 425
423 426
424 425
424 426
424 427
425 428
425 432
426 429
427 428
427 429
427 430
427 445
428 430
428 431
428 441
429 430
430 432
431 432
431 433
431 468
432 433
432 435
433 434
433 435
433 436
434 436
434 452
435 436
435 438
436 480
438 439
438 462
439 441
439 442
440 442
440 443
441 442
442 444
443 445
443 446
443 460
444 447
444 482
446 475
447 448
447 450
447 490
448 449
449 450
450 451
450 453
451 452
451 453
451 454
452 453
453 456
454 456
455 458
456 457
456 459
456 492
457 458
457 460
457 467
458 461
459 460
459 461
459 462
460 491
461 464
462 463
462 464
463 464
463 465
463 466
465 466
465 468
466 468
466 469
467 468
468 471
469 470
470 472
470 473
471 473
471 474
472 473
472 479
473 475
473 476
474 475
474 476
474 477
475 476
475 477
475 478
476 477
476 479
477 480
478 480
478 481
479 481
480 482
481 482
481 484
483 486
483 499
485 486
485 487
485 488
486 487
486 488
487 488
487 490
488 489
488 490
488 491
489 490
490 491
490 492
491 493
492 495
493 495
493 496
494 496
494 497
495 496
496 498
497 498
497 500
498 500
499 500
