500 1000
1 2
1 500
1 3
1 499
2 3
2 500
2 113
3 4
3 387
3 333
4 319
4 146
4 72
4 132
5 7
5 470
6 7
6 40
6 168
6 113
7 100
7 417
7 407
7 216
7 411
8 9
8 10
8 421
8 15
8 47
9 11
9 255
9 33
10 368
10 121
10 166
11 12
11 495
12 13
12 14
12 236
13 190
13 421
13 250
13 379
14 15
14 304
15 407
15 389
16 18
16 64
17 19
17 344
18 20
18 472
18 92
18 425
18 69
19 20
19 107
20 21
20 366
20 264
20 388
21 22
21 429
22 496
22 221
22 45
22 173
23 83
23 241
23 370
23 222
24 26
24 187
24 339
25 26
25 27
26 27
26 28
27 28
27 29
27 368
28 29
28 255
29 30
29 73
29 175
29 46
30 31
30 32
30 288
31 306
31 296
32 34
32 121
32 371
33 35
34 35
34 256
34 483
35 36
35 37
36 226
36 475
36 144
36 223
36 382
36 486
37 38
37 39
38 39
38 40
38 483
39 56
39 329
40 42
40 81
41 42
41 43
41 60
42 43
42 44
42 374
43 44
43 155
43 473
43 47
44 46
44 67
44 185
44 482
45 46
46 47
46 202
47 48
47 480
47 80
48 49
48 50
48 163
48 114
49 50
49 181
50 51
50 416
50 440
51 53
51 136
52 354
52 244
52 211
53 54
53 55
54 298
54 167
55 56
55 349
55 137
56 397
56 210
56 482
57 431
57 147
58 59
58 398
58 263
59 60
59 61
59 86
59 141
60 62
60 111
61 63
61 147
61 407
62 63
62 64
62 213
63 64
63 118
64 65
64 447
65 67
65 344
66 155
66 184
66 284
66 349
66 296
67 69
67 431
67 416
68 69
68 70
69 70
69 237
69 240
69 399
70 71
70 254
70 96
70 377
70 484
71 73
71 163
72 74
72 388
72 331
73 75
74 75
74 214
74 160
75 77
75 145
75 472
76 185
76 172
76 479
77 78
77 199
77 120
78 80
78 177
79 80
79 81
80 81
80 249
80 498
81 365
81 190
81 441
82 83
82 95
83 482
83 493
83 143
83 258
84 208
84 432
84 162
84 167
85 417
85 149
86 130
86 477
86 320
87 88
87 306
87 499
87 449
88 357
88 103
88 287
88 383
88 496
88 101
88 118
89 397
89 149
90 91
90 92
91 92
91 93
92 94
93 251
93 439
94 362
94 331
94 359
94 314
95 96
95 97
95 164
95 290
96 97
96 98
96 292
97 98
97 99
97 286
97 220
98 99
98 100
99 438
99 294
99 466
99 465
100 101
100 102
101 131
101 229
101 438
102 448
102 121
102 239
102 383
103 105
103 440
104 105
104 489
105 106
105 397
105 401
106 107
106 108
107 277
107 282
108 110
108 421
108 219
108 493
109 110
109 111
110 111
110 414
110 181
110 360
111 112
112 113
112 255
113 388
113 235
114 374
115 292
115 396
115 385
115 429
116 117
116 118
117 284
117 166
118 237
118 154
118 228
119 120
119 168
120 121
120 237
120 288
121 123
121 356
122 124
122 453
123 124
123 125
123 383
124 125
124 126
124 195
125 126
125 127
125 204
126 408
126 291
126 464
127 129
127 427
127 224
128 130
128 230
128 250
129 130
129 131
130 132
131 132
131 366
131 421
132 133
132 335
132 461
133 134
133 135
134 136
134 399
134 457
135 476
135 200
135 210
136 137
136 138
136 226
137 138
137 412
137 160
138 139
138 140
139 140
139 141
140 142
140 343
140 379
141 143
141 195
141 311
142 452
142 383
143 144
143 402
144 145
144 146
144 173
145 146
145 467
145 149
146 321
147 149
147 357
147 309
148 149
148 257
149 256
149 299
149 180
149 310
149 440
149 476
150 151
150 281
151 152
151 288
151 173
151 160
151 245
152 153
152 154
152 218
153 155
153 288
154 155
154 197
155 157
155 246
155 490
156 157
156 158
157 158
157 159
158 159
158 160
159 160
159 313
160 161
161 309
161 454
162 163
162 427
163 165
163 464
164 355
164 168
165 166
165 377
166 412
166 313
167 168
168 170
168 305
169 170
169 329
169 360
170 172
170 453
170 272
170 268
170 424
171 172
171 173
172 173
172 220
172 201
172 225
173 317
174 299
174 331
175 176
175 323
175 207
175 336
176 177
176 178
176 276
177 178
177 184
177 271
177 420
178 179
178 180
179 180
179 181
179 321
179 339
180 181
180 306
181 182
181 183
182 184
182 185
182 359
183 184
183 185
184 186
185 207
186 187
186 188
187 419
187 440
188 189
188 436
188 235
189 281
189 331
189 406
190 357
191 192
191 369
192 193
192 395
192 476
193 194
193 195
193 405
194 195
194 196
194 349
196 197
196 198
196 269
197 198
198 199
198 200
198 341
198 445
199 225
199 412
200 201
200 202
201 202
201 356
202 204
203 204
203 205
204 296
205 207
205 359
205 270
206 207
206 208
207 361
208 263
208 318
209 210
209 211
210 394
210 415
211 212
211 463
211 251
212 213
212 214
213 214
214 216
215 216
215 426
216 217
217 218
217 219
218 219
219 337
221 222
221 223
221 409
222 223
222 280
223 224
223 298
224 498
224 371
224 302
225 226
225 396
226 228
227 229
227 448
227 488
227 408
228 229
228 462
229 230
229 231
230 231
230 232
231 232
231 390
231 337
232 234
232 477
233 235
233 363
234 236
234 326
234 238
235 236
236 344
236 408
236 433
238 382
239 241
239 378
240 241
241 434
241 303
242 243
242 244
243 245
243 462
244 246
245 246
245 315
246 429
247 363
247 383
248 249
248 250
248 438
249 250
251 339
252 253
252 445
253 468
253 391
254 414
255 257
255 329
255 350
256 258
257 258
257 259
258 388
259 261
259 356
259 291
259 474
260 261
260 262
261 262
261 263
262 263
262 264
263 264
264 265
265 267
265 468
266 268
266 310
266 350
266 423
267 268
267 370
267 285
268 401
268 275
268 460
269 271
270 271
271 496
271 283
271 451
271 498
272 419
272 328
272 430
273 275
273 276
274 276
274 437
274 332
274 357
275 277
275 387
276 278
277 278
277 397
277 430
278 280
278 389
279 281
279 410
279 422
280 282
280 426
281 282
281 382
281 316
281 487
282 336
282 483
283 285
284 362
284 393
285 286
285 287
286 498
287 289
287 410
289 290
289 376
289 312
290 291
291 353
291 330
292 293
293 294
293 295
294 296
294 343
295 296
295 297
296 297
297 299
297 482
297 319
298 300
299 301
300 301
300 492
301 484
301 398
302 303
302 477
303 304
303 494
304 306
304 447
305 307
307 308
307 309
308 309
308 310
309 311
310 311
310 323
311 312
311 418
312 313
312 314
313 314
313 402
314 450
314 358
314 475
315 317
316 367
316 441
316 326
317 318
318 319
318 320
319 364
320 321
321 447
322 323
322 477
323 325
324 326
324 481
325 326
325 327
326 327
326 328
327 328
327 329
327 381
328 329
328 341
328 348
329 351
329 497
330 441
331 340
332 334
333 334
334 335
334 344
335 484
336 337
337 370
338 487
338 409
338 453
340 341
342 343
342 344
343 345
343 428
344 346
345 346
345 347
346 347
346 348
346 399
347 348
347 349
347 463
348 350
351 353
352 353
352 491
353 354
353 355
354 355
354 356
355 356
355 480
356 357
356 448
357 359
358 397
359 486
359 479
360 361
361 363
361 440
362 364
363 364
363 365
364 365
364 366
365 366
365 367
366 447
367 368
367 369
368 369
369 370
369 371
370 372
372 373
372 374
373 374
373 375
373 487
374 375
375 376
375 377
376 378
377 378
378 379
380 382
380 424
381 382
384 385
384 386
385 387
385 489
386 387
386 401
387 393
387 446
388 389
389 391
390 391
390 392
391 392
391 393
392 393
392 394
393 394
393 395
394 396
394 439
395 397
397 399
398 399
398 400
398 468
400 401
400 402
401 402
402 403
403 405
403 421
404 405
404 406
405 407
405 492
406 407
407 408
409 420
410 411
411 412
413 414
413 457
413 483
414 416
415 417
417 419
418 419
419 420
419 421
420 421
421 423
422 423
423 425
424 425
424 486
425 427
426 427
427 429
428 429
429 430
429 465
430 431
431 432
431 433
432 433
432 434
433 474
433 471
434 436
435 437
435 498
436 486
437 439
437 497
439 441
442 443
442 444
443 444
443 445
444 445
444 493
445 446
445 468
446 447
447 448
447 449
447 451
448 449
449 450
449 451
450 452
450 472
452 453
452 454
453 454
454 455
454 456
455 456
455 457
456 457
456 458
458 459
458 460
458 482
459 460
459 461
460 462
461 462
462 463
463 464
465 467
466 468
467 468
467 469
469 470
469 471
470 471
470 472
471 472
471 473
472 499
473 475
474 475
476 477
477 479
478 479
478 480
480 482
481 482
481 483
483 485
484 485
485 486
485 487
488 490
489 490
489 491
490 492
491 492
491 493
492 493
494 495
494 496
495 496
495 497
496 498
497 498
497 499
