500 1000
1 63
1 69
2 500
2 438
2 287
2 457
2 282
2 255
3 47
3 452
3 183
3 82
3 432
4 482
4 238
4 335
4 442
4 457
5 6
5 143
5 438
5 244
6 44
6 237
6 7
6 45
6 222
7 128
7 98
7 330
7 490
8 44
8 407
8 273
8 375
9 108
9 307
9 61
9 33
10 11
10 300
10 116
11 289
11 337
11 208
12 341
12 211
12 50
13 500
13 157
13 263
13 371
13 68
13 104
14 97
14 460
14 127
14 53
15 322
15 476
15 209
15 325
16 17
16 206
16 158
16 182
17 264
17 208
18 409
18 54
18 258
18 343
18 55
19 96
19 113
19 23
20 237
20 110
20 460
21 374
21 409
22 221
22 44
22 499
23 209
23 38
24 363
24 389
24 142
25 420
25 455
26 27
26 418
27 475
27 145
27 483
27 479
28 323
28 317
28 78
29 418
29 174
30 358
30 33
30 499
30 47
31 43
31 391
32 334
32 58
32 306
32 443
32 304
33 446
34 168
34 167
34 498
35 302
35 347
35 247
35 131
36 375
36 48
36 405
36 418
36 146
36 245
37 92
37 427
37 74
38 160
39 269
39 207
39 496
40 74
40 316
40 352
40 305
41 42
41 43
41 120
42 229
42 252
42 148
43 113
43 129
43 131
43 59
43 465
44 208
44 283
44 265
44 47
44 414
45 436
46 396
46 161
46 101
46 141
46 176
46 378
46 404
47 114
47 153
47 277
47 312
48 290
48 346
48 367
48 404
48 240
48 424
49 422
49 404
49 249
50 334
50 342
50 55
51 242
51 282
51 468
51 353
52 326
52 415
52 204
52 332
53 54
54 413
54 100
54 348
55 194
55 135
55 143
55 174
56 57
56 255
56 134
57 144
57 215
57 200
57 109
57 168
57 440
58 392
58 426
58 192
58 418
59 466
59 304
60 161
60 117
60 289
61 388
61 280
61 91
61 158
61 311
61 358
62 91
62 159
62 385
63 293
63 83
63 164
63 245
63 414
63 196
64 81
64 402
64 91
64 322
65 87
65 190
65 208
66 430
66 329
66 364
67 397
67 99
67 123
67 182
67 206
67 247
67 427
67 492
68 117
68 456
69 318
69 278
69 251
70 199
70 353
70 299
71 318
71 444
71 187
71 242
72 73
72 270
72 473
73 423
73 218
73 247
74 75
75 388
75 284
75 357
75 251
75 374
76 144
76 101
76 314
77 188
77 320
78 146
78 344
79 223
79 435
79 314
80 387
80 368
81 481
81 381
82 146
83 354
83 148
84 394
84 241
84 181
84 344
85 86
85 493
86 343
86 304
86 223
86 165
87 321
87 345
87 431
87 352
88 146
88 148
88 183
88 497
89 447
89 181
89 344
89 493
90 269
90 218
90 203
91 156
91 152
92 93
92 195
92 479
92 307
92 121
93 223
93 425
93 117
93 208
94 95
94 111
94 214
94 220
95 96
95 97
96 414
96 351
96 466
97 281
97 119
97 207
98 229
98 250
98 131
99 416
99 443
99 302
100 454
100 394
101 189
101 194
102 103
102 236
102 126
103 104
103 112
103 478
103 288
103 401
104 415
104 260
104 456
105 106
105 331
105 323
106 458
106 435
106 220
106 337
107 108
107 235
107 359
107 211
107 172
107 215
107 256
107 381
107 461
108 369
108 275
108 423
108 428
108 286
109 269
109 223
110 364
110 139
110 185
110 493
110 429
111 353
111 337
112 264
112 310
112 487
112 216
113 202
113 203
113 227
113 315
114 115
114 175
114 220
114 284
115 270
115 226
115 328
116 423
117 317
117 356
117 454
118 119
118 120
118 270
118 263
119 121
119 150
120 204
121 446
122 123
122 443
122 189
122 264
123 201
123 246
124 423
124 412
124 473
124 173
125 218
125 228
125 346
125 385
126 476
126 187
126 128
126 349
127 129
127 207
127 492
127 437
128 363
128 205
128 209
129 167
129 144
130 132
130 441
131 377
131 387
132 167
132 259
132 353
133 490
133 311
133 470
133 318
133 179
133 400
134 189
134 305
134 442
134 483
135 155
135 234
136 137
136 296
136 317
136 470
137 139
137 142
137 210
137 369
138 140
138 350
138 161
139 365
139 461
139 212
139 238
140 483
140 177
141 142
141 244
141 164
142 166
142 268
142 156
143 458
144 387
144 409
145 437
145 188
145 210
146 156
146 313
147 380
147 279
147 285
148 169
149 150
149 248
149 381
149 269
150 152
150 251
150 453
151 242
151 198
151 236
152 336
152 442
152 290
152 280
152 291
153 453
153 270
154 344
154 157
155 266
155 166
155 312
156 301
157 326
157 473
157 463
158 377
158 486
159 493
159 339
160 258
160 434
160 202
161 266
161 391
162 222
162 163
162 308
163 165
163 289
163 423
164 253
164 362
165 394
166 239
166 473
167 495
167 326
168 295
168 447
169 170
169 339
170 309
170 292
170 184
170 415
171 233
171 379
171 407
172 296
173 305
174 269
174 451
175 482
175 418
175 304
176 366
177 179
177 281
177 493
177 194
177 300
177 462
178 371
178 298
178 308
178 431
179 357
180 182
180 281
180 390
180 436
181 418
182 319
183 362
183 225
184 484
184 267
184 446
185 187
185 321
186 439
186 261
187 256
187 486
187 282
187 417
188 208
188 261
189 331
190 259
190 375
191 192
191 206
192 405
192 198
192 415
192 335
193 214
193 396
193 476
193 224
194 204
195 419
196 253
196 423
196 340
197 280
197 314
197 325
198 336
198 233
198 246
198 444
199 418
199 272
200 461
200 498
200 217
201 203
202 451
202 395
204 244
204 300
204 352
205 254
205 463
206 208
208 260
208 394
209 293
209 234
210 346
210 388
211 327
212 494
212 386
213 302
213 329
213 420
213 334
214 425
214 469
216 278
216 422
217 218
217 293
217 309
218 410
219 416
219 388
219 238
220 378
220 496
221 223
221 375
221 483
222 356
222 301
223 396
224 355
224 267
225 445
225 495
226 300
226 393
226 366
226 471
227 243
227 313
227 233
227 367
228 230
228 273
228 296
229 240
229 392
229 361
230 231
230 232
230 471
230 451
231 233
231 342
231 292
231 472
231 478
232 251
232 265
232 381
233 234
233 237
234 249
234 302
234 345
234 379
235 320
235 480
236 391
236 426
237 239
238 408
238 308
239 240
239 263
239 409
240 287
241 436
241 389
241 296
242 403
242 315
243 349
243 407
243 442
244 413
245 494
246 247
247 353
247 384
247 419
248 407
248 373
249 330
250 252
250 406
251 457
252 286
252 303
252 498
252 253
254 278
254 281
254 492
255 281
255 371
257 358
257 380
258 260
259 427
259 477
260 490
261 263
262 355
262 481
262 487
264 330
265 339
266 332
266 499
266 366
267 316
267 354
268 271
268 439
268 454
269 485
269 438
270 274
270 372
271 374
272 341
272 410
274 332
274 416
274 448
275 320
276 277
276 278
276 488
277 452
278 279
278 380
278 383
278 375
279 350
280 365
280 412
281 360
281 437
282 328
283 285
283 452
284 387
284 294
284 399
284 413
284 468
285 286
285 374
286 325
287 395
288 293
288 357
290 472
291 490
292 331
292 406
293 295
293 441
294 337
294 488
294 326
295 486
295 492
296 464
297 299
297 473
298 500
298 445
299 427
299 397
300 417
301 340
303 305
303 322
305 376
305 350
306 350
307 411
307 470
308 328
309 357
309 333
309 485
310 353
310 495
312 361
312 421
314 360
315 374
315 333
315 485
315 343
316 459
316 424
316 352
317 440
318 408
318 336
318 459
319 399
320 353
321 322
323 473
323 341
324 326
324 389
324 440
326 362
327 412
327 348
329 400
331 494
332 334
332 398
332 430
333 334
335 454
335 491
336 342
337 424
338 369
338 410
339 382
340 432
341 500
341 363
342 432
342 482
342 396
342 439
343 344
344 411
345 377
347 447
347 442
348 408
349 370
349 478
350 352
350 450
350 495
351 368
351 435
354 364
355 497
355 418
356 358
358 372
359 450
359 481
360 489
363 364
363 466
364 458
365 429
366 429
366 405
368 396
368 386
369 444
369 445
369 410
370 371
370 460
372 444
372 448
372 474
373 459
374 408
374 472
374 391
375 376
376 378
377 399
378 384
380 457
380 474
382 384
382 448
382 466
383 491
383 432
384 408
384 403
385 445
386 450
388 484
389 438
389 459
390 391
392 405
392 421
393 483
394 488
395 400
395 476
397 467
397 496
398 431
399 436
400 401
402 450
402 426
403 446
405 433
407 470
408 478
410 455
411 412
413 489
419 420
420 422
422 446
425 427
427 474
428 429
428 430
430 431
432 443
433 435
434 436
434 457
434 467
435 475
438 470
438 490
438 475
439 477
441 449
445 447
445 482
448 467
449 451
449 487
450 497
450 498
454 456
455 456
455 457
456 467
462 463
463 464
464 465
465 466
467 490
469 470
474 475
475 476
480 481
480 482
483 484
486 488
487 488
487 490
498 499
