500 1500
1 2
1 116
1 370
2 499
2 76
2 245
2 344
2 287
2 337
2 472
3 5
3 258
3 269
3 237
3 313
3 78
3 156
3 297
4 6
4 251
4 27
4 477
4 198
5 8
5 201
5 195
5 221
5 278
5 19
5 91
6 267
6 394
6 472
6 111
6 262
6 126
7 427
7 125
7 425
7 416
7 13
7 384
7 424
7 397
7 256
7 259
8 291
8 138
8 62
8 17
8 232
9 89
9 409
9 346
10 442
10 180
10 351
10 96
10 236
10 307
11 123
11 482
11 224
11 56
12 59
12 283
12 161
12 314
12 413
12 124
13 91
13 136
13 220
13 318
14 414
14 421
14 128
15 71
15 219
15 224
15 458
15 470
15 176
15 84
15 383
15 403
15 30
15 281
16 331
16 103
16 209
16 379
17 165
17 48
17 228
17 389
17 500
18 172
18 412
18 213
18 93
18 78
19 20
19 346
19 156
19 166
19 339
20 54
20 403
20 75
20 117
20 90
20 193
21 252
21 473
21 76
21 195
22 474
22 335
22 414
22 431
22 217
22 118
22 367
22 29
23 350
23 410
23 31
23 189
24 380
24 155
24 93
24 476
25 27
25 334
25 33
25 128
25 182
25 97
25 154
25 440
25 424
26 271
26 52
26 201
26 69
26 481
26 414
27 410
27 189
27 149
27 155
27 211
27 383
27 451
28 322
28 243
28 440
28 484
28 47
28 349
28 373
28 122
28 109
29 212
29 375
30 31
30 122
30 402
30 275
30 135
30 200
30 272
30 131
30 191
30 280
30 494
31 55
31 493
31 117
31 214
31 424
32 487
32 40
32 466
32 319
32 418
32 431
32 470
33 222
33 408
34 122
34 258
34 145
34 219
34 436
34 432
34 82
35 315
35 252
35 379
35 398
35 215
36 45
36 47
36 443
36 413
36 227
37 487
37 49
37 334
37 189
38 343
38 337
38 141
38 419
38 206
39 41
39 42
39 76
39 256
39 392
40 41
40 244
40 241
40 351
40 169
41 159
41 197
41 131
41 302
41 310
42 230
42 118
42 440
42 68
42 356
43 296
43 335
43 54
43 172
43 72
43 377
44 138
44 297
44 74
44 450
44 48
44 284
44 426
44 482
45 46
45 452
45 418
45 413
45 410
45 481
46 47
46 136
46 243
47 265
47 109
47 86
47 214
47 225
47 230
47 367
47 338
48 124
48 297
49 51
49 342
49 330
49 62
49 188
50 402
50 289
50 281
50 242
50 264
50 58
51 255
51 85
51 474
51 152
51 454
51 258
52 169
52 256
52 313
53 192
53 365
53 256
53 173
54 174
54 268
54 92
54 186
54 101
54 104
54 362
55 58
55 68
55 116
55 106
55 190
56 244
56 461
56 370
57 58
57 375
57 424
57 292
58 76
58 405
58 125
58 81
58 250
59 322
59 158
59 361
59 422
59 173
60 63
60 202
60 191
60 110
60 392
60 127
61 313
61 83
61 326
61 383
61 393
61 340
62 349
62 80
62 380
62 76
62 267
63 65
63 151
63 389
63 493
64 65
64 309
64 146
64 457
64 107
65 209
65 165
65 267
66 96
66 412
66 299
66 278
66 477
67 255
67 107
67 469
67 207
67 248
67 345
67 352
67 389
67 287
67 86
67 489
68 147
68 132
68 159
68 265
68 313
68 319
68 279
68 165
69 70
69 374
70 141
70 399
70 162
70 422
71 72
71 73
71 118
71 441
72 74
72 401
72 153
72 145
73 482
73 489
73 378
74 85
74 296
74 109
74 401
74 304
75 89
75 399
75 499
75 88
76 114
76 217
76 462
76 476
76 77
76 451
77 342
77 167
77 102
78 172
78 451
78 185
78 493
79 82
79 349
79 424
79 456
79 487
79 490
79 406
79 291
80 326
80 450
80 175
80 400
81 84
81 346
81 363
81 369
82 431
82 188
82 157
82 107
83 351
83 346
84 424
84 114
84 338
84 388
84 372
84 421
85 142
85 318
86 495
86 100
86 289
86 412
87 421
87 500
87 253
87 162
87 368
87 268
88 298
88 138
88 272
88 188
88 193
89 114
89 413
89 91
89 315
89 428
90 344
90 117
90 343
90 153
90 165
90 290
90 371
91 92
91 238
91 417
92 413
92 447
92 160
92 433
93 94
93 96
93 350
93 282
94 483
94 286
94 300
94 295
94 475
94 270
94 221
95 96
95 400
95 404
95 354
96 97
96 222
96 474
96 214
96 201
96 167
96 147
97 315
97 415
97 416
98 262
98 334
98 436
98 128
98 459
98 445
99 102
99 166
99 362
99 361
100 491
100 448
100 326
100 494
101 102
101 104
101 337
101 294
101 183
102 103
102 191
102 149
102 326
103 105
103 203
103 187
103 266
103 390
103 255
104 196
104 194
105 372
105 155
105 350
105 459
105 348
106 274
106 168
106 400
107 230
107 108
108 274
108 135
108 417
109 473
109 413
109 130
109 474
110 310
110 276
110 350
110 174
110 124
110 171
110 198
110 382
111 279
111 316
112 113
112 190
112 199
112 353
112 372
112 455
113 463
113 334
113 185
113 219
113 235
114 117
114 337
114 354
115 117
115 118
115 225
115 387
115 358
116 364
116 146
116 498
116 410
116 129
116 334
117 288
117 482
117 376
118 280
118 299
119 400
119 328
119 171
119 271
119 413
120 480
120 138
120 378
121 122
121 496
121 251
122 134
122 143
122 315
123 176
123 437
123 250
123 145
123 400
124 327
124 340
124 269
125 482
125 284
125 192
125 467
125 399
125 404
126 171
126 169
126 376
126 195
127 270
127 245
127 167
127 155
127 435
127 181
127 364
128 131
128 303
128 322
128 363
129 260
129 173
129 367
129 352
129 140
129 360
130 131
130 173
130 347
131 212
131 150
131 492
132 134
132 449
132 305
132 271
133 456
133 468
133 272
133 340
134 192
134 253
134 417
134 427
134 434
135 369
135 291
135 207
136 138
136 357
136 215
136 321
137 246
137 248
137 287
137 454
137 213
137 153
137 279
138 141
138 294
138 180
138 263
138 160
139 276
139 179
139 500
139 227
139 432
140 278
140 251
140 422
140 262
141 201
141 302
141 429
141 370
142 231
142 248
142 429
142 423
143 146
143 311
143 451
143 326
144 145
144 147
144 166
145 261
145 421
146 401
146 329
146 309
147 399
147 364
147 267
147 247
147 409
148 409
148 350
148 388
148 206
148 196
148 338
148 486
149 153
149 384
149 159
149 282
149 434
149 481
149 285
149 419
150 495
150 338
150 371
150 279
150 470
151 299
151 318
151 245
151 160
151 341
152 153
152 461
152 444
152 371
153 154
153 156
153 235
153 294
153 343
153 479
154 343
154 270
154 319
155 266
156 354
156 299
156 242
156 285
156 380
156 233
157 362
157 347
157 298
157 446
158 483
158 400
159 430
159 457
159 423
159 357
160 459
160 249
160 278
161 343
161 202
161 178
162 464
162 367
162 397
163 208
163 296
163 480
163 172
164 224
164 284
164 209
164 226
164 243
165 166
165 402
166 214
166 254
166 167
167 417
167 436
167 201
167 289
167 399
168 436
168 416
168 256
168 193
168 356
169 305
169 346
169 179
169 420
170 215
170 270
170 303
171 378
171 450
171 460
171 407
171 298
171 186
172 435
172 303
172 181
172 241
172 357
172 445
173 255
173 397
173 388
174 176
174 296
174 239
174 448
174 244
174 347
175 276
175 351
175 305
175 209
176 484
176 237
176 261
176 341
176 497
176 441
177 193
177 453
177 457
177 307
178 374
178 325
178 233
178 437
179 182
179 318
180 321
180 229
180 260
181 333
181 267
181 292
182 313
182 233
182 392
183 184
183 242
183 208
184 489
184 272
184 186
185 359
185 393
186 187
187 415
187 439
187 303
187 433
187 387
189 294
189 483
189 452
189 340
190 479
190 353
191 420
191 460
191 378
191 302
192 309
192 262
192 299
193 221
193 404
193 356
193 413
193 440
194 197
194 345
194 269
195 203
196 417
196 440
196 206
196 352
197 491
197 244
197 264
197 439
197 224
197 307
197 420
197 230
197 490
198 444
198 208
198 223
199 421
199 281
199 218
199 238
200 251
200 254
200 432
200 387
201 238
201 381
201 435
201 302
201 261
202 205
202 354
202 203
202 468
202 472
203 205
203 312
203 232
203 310
203 268
204 205
204 206
204 207
205 321
205 498
205 480
205 370
205 336
206 457
206 344
206 386
207 208
207 406
207 423
207 251
208 494
208 213
208 418
208 348
208 471
208 302
209 466
209 313
210 284
210 367
210 225
211 413
211 415
212 454
212 246
212 348
212 442
212 300
212 438
212 406
213 386
214 345
214 341
214 409
214 486
215 217
215 448
215 375
215 267
215 277
216 217
216 397
216 236
216 430
216 490
217 344
217 385
217 340
217 315
217 356
218 219
218 227
218 435
218 338
219 303
219 444
219 374
219 492
220 222
220 429
220 260
221 223
221 264
221 244
222 432
222 356
222 337
222 366
222 461
222 286
223 382
223 316
223 275
224 438
224 304
225 281
225 444
226 454
226 280
226 291
226 338
226 448
227 463
228 314
228 362
228 388
228 320
229 232
229 360
229 368
230 454
230 446
231 232
231 266
231 290
232 267
233 403
233 316
233 336
234 293
234 286
234 387
234 330
235 498
235 247
235 409
236 266
236 391
237 381
237 268
237 376
237 495
238 247
238 404
239 314
239 296
239 266
239 464
240 403
240 316
240 399
240 263
240 458
241 244
241 462
241 269
241 365
241 332
242 308
243 386
244 359
244 373
245 247
245 302
245 261
245 401
246 248
246 481
246 457
247 248
247 386
248 440
249 420
249 495
249 424
250 287
250 283
251 344
252 494
252 415
252 452
252 318
252 450
253 389
253 310
253 290
254 460
254 407
255 358
255 347
255 395
256 376
256 328
257 259
257 450
257 304
258 260
258 410
259 261
259 429
259 280
259 489
259 471
260 312
260 383
260 375
261 445
261 474
261 486
262 346
262 329
263 264
263 298
263 388
264 271
265 268
265 365
265 494
265 355
266 491
266 478
267 473
267 378
267 387
268 388
270 427
270 448
271 472
272 273
272 275
272 372
273 335
273 464
273 483
273 282
273 325
273 379
273 465
273 346
274 275
274 369
274 420
274 301
275 462
275 332
275 497
276 495
276 429
276 343
276 425
277 466
277 325
277 487
278 353
278 407
279 401
279 500
281 309
282 341
282 456
283 446
283 418
283 300
284 286
284 304
285 286
285 411
286 339
286 317
287 463
287 412
288 373
288 432
288 350
289 323
289 487
290 291
290 414
291 457
292 468
292 413
292 417
292 349
293 497
293 459
293 311
294 354
294 463
294 457
295 296
295 425
295 368
296 320
296 484
298 455
298 307
298 412
298 359
299 301
299 344
300 487
300 312
300 452
301 500
301 360
301 492
301 498
303 426
303 417
303 442
304 430
304 340
305 468
305 469
305 326
306 308
306 353
306 313
307 322
307 485
308 442
308 438
308 469
308 371
309 377
309 499
309 329
310 370
311 312
311 355
311 385
311 319
311 487
311 439
312 391
312 345
312 339
312 395
314 379
314 485
315 356
315 491
315 432
315 488
316 486
316 472
317 386
317 359
317 377
317 393
317 441
317 356
318 321
318 333
319 320
319 331
320 454
321 323
321 467
321 488
321 394
321 395
322 405
322 441
322 331
323 324
323 381
324 325
324 326
324 471
325 419
325 335
326 406
327 405
327 362
327 376
327 390
328 339
329 336
329 408
329 423
330 370
330 483
331 332
332 424
332 435
333 336
333 468
333 402
335 371
335 399
335 438
335 402
336 400
339 479
339 420
340 479
340 483
341 355
341 393
342 452
342 397
342 343
343 398
343 493
344 403
345 348
345 478
346 361
346 385
346 482
347 395
347 427
347 421
348 443
348 474
348 366
349 350
350 421
350 396
351 444
351 481
352 447
352 371
352 449
353 354
353 499
353 470
353 491
354 357
354 389
354 374
356 471
357 358
358 360
358 382
358 396
359 465
360 362
360 474
361 362
361 450
361 483
362 363
363 364
363 462
364 440
364 385
365 366
365 439
365 464
365 418
366 456
366 397
367 428
367 403
368 438
368 388
369 371
369 390
369 496
370 374
371 437
373 459
374 375
374 455
375 390
375 427
375 443
375 453
377 379
377 459
377 498
378 398
378 499
380 381
380 453
380 390
381 383
381 447
382 384
382 449
382 439
384 389
386 485
387 433
387 405
387 391
389 461
389 426
389 448
390 391
390 414
391 423
392 397
393 430
394 410
394 429
396 461
397 418
397 410
398 424
399 401
402 405
403 441
403 485
405 482
405 465
405 475
407 484
408 411
408 455
408 466
408 476
410 442
411 421
411 425
412 450
415 418
415 450
416 418
417 418
418 480
418 484
422 430
422 468
423 462
424 467
425 447
425 455
425 456
425 479
427 428
427 446
428 499
428 450
429 443
431 449
434 435
434 478
434 484
435 466
436 457
437 439
438 456
439 441
441 452
444 467
445 446
445 447
445 489
446 448
447 450
448 472
448 458
449 463
452 477
452 492
452 480
454 486
455 456
455 458
456 491
457 459
457 485
458 483
460 495
460 481
461 462
461 464
461 496
463 464
466 469
467 471
469 470
469 497
471 472
473 475
473 476
474 478
475 476
476 482
481 483
481 490
483 488
484 489
486 487
487 497
488 491
490 492
496 497
497 500
