500 1000
1 500
1 499
1 293
1 104
1 200
2 500
2 362
2 479
3 226
3 223
3 325
3 384
3 36
3 28
4 5
4 19
5 194
5 459
5 24
5 121
5 354
6 7
6 49
6 224
7 8
7 9
7 64
7 34
7 152
8 373
8 391
8 487
9 211
9 219
10 12
10 300
10 230
11 12
11 13
12 13
12 14
13 14
13 15
13 132
14 15
14 16
14 175
14 413
15 17
15 332
15 288
16 17
16 18
17 19
17 308
17 242
18 19
18 500
19 379
19 485
20 21
20 22
20 69
20 319
21 23
21 84
21 358
22 23
22 321
22 68
23 24
23 34
23 298
23 456
24 25
24 134
25 374
25 151
25 286
25 159
26 28
26 270
26 166
27 29
27 371
27 134
28 29
28 304
28 347
29 31
29 396
29 470
29 337
30 31
30 32
31 32
31 46
31 68
31 286
32 34
32 461
33 34
33 35
33 165
35 36
35 37
36 164
36 181
36 228
37 38
37 39
38 39
38 40
38 58
39 41
39 456
39 424
40 292
40 491
41 42
41 170
42 492
42 260
42 236
43 44
43 411
43 334
44 481
44 204
44 252
44 483
45 47
45 362
45 366
46 48
47 48
47 49
47 197
48 263
48 412
49 51
49 102
50 51
50 278
50 308
50 339
51 52
51 466
51 467
52 172
52 202
53 380
53 321
53 137
53 217
54 496
54 234
54 419
55 56
55 57
55 253
56 182
56 499
57 59
57 333
57 272
58 59
58 498
58 382
59 61
59 98
59 132
60 62
60 158
61 62
61 63
62 63
62 402
63 64
63 65
63 218
64 443
65 67
65 223
66 68
66 203
67 69
67 214
67 345
67 325
68 223
68 131
68 473
69 138
69 489
70 71
70 72
71 407
71 193
71 462
72 348
72 137
72 444
72 286
73 75
73 390
74 76
74 292
75 77
75 117
75 175
76 77
76 341
77 78
77 208
78 79
78 80
78 266
79 80
79 81
79 111
79 159
79 248
80 81
80 82
81 83
81 123
82 234
82 261
82 368
82 405
83 84
83 495
83 181
84 86
84 295
85 86
85 87
86 87
86 88
87 88
87 89
87 494
87 477
88 90
88 352
89 90
89 91
90 92
90 238
91 93
91 203
91 150
91 370
92 93
92 224
93 323
93 426
93 366
94 367
94 351
94 269
94 487
95 334
95 427
95 185
96 98
96 214
97 214
97 294
97 302
98 99
98 290
98 346
99 100
99 403
99 256
99 270
100 101
100 348
101 102
101 193
102 104
102 318
103 104
103 280
103 476
103 168
104 106
104 261
104 458
104 177
105 106
105 311
106 107
106 108
106 420
106 428
106 485
107 109
107 288
107 115
108 122
108 196
108 249
109 110
109 111
110 111
110 112
110 334
111 305
111 399
111 145
111 244
112 113
112 114
112 453
113 445
113 465
113 134
114 115
114 116
115 117
115 182
115 326
116 118
116 318
116 261
117 192
117 353
117 460
118 119
118 120
118 174
119 120
119 121
119 421
120 122
120 444
121 302
121 255
122 123
122 191
123 125
123 337
123 171
124 125
124 126
124 179
124 417
125 126
125 488
126 128
126 494
126 330
126 349
127 128
127 474
128 129
128 449
129 130
129 131
129 462
129 229
129 461
130 131
130 177
130 240
131 133
131 178
132 468
132 435
133 134
133 135
133 311
134 192
134 292
134 419
135 137
135 283
136 138
136 329
137 338
138 139
138 140
139 140
139 410
139 155
140 141
140 142
140 366
141 142
141 143
141 265
142 143
142 144
143 144
143 145
144 145
144 146
144 174
144 423
145 146
146 148
146 209
146 279
147 148
147 149
147 348
148 149
148 150
149 350
149 448
149 379
149 418
150 152
151 153
152 239
152 387
153 295
153 175
154 156
154 366
155 156
155 157
155 211
156 157
156 158
157 158
157 316
157 314
158 159
158 233
158 464
159 160
159 339
160 161
160 199
161 162
161 176
161 385
161 274
162 163
162 476
163 164
163 165
163 184
164 165
164 392
165 166
165 221
166 168
167 168
167 169
168 169
168 170
168 403
169 170
169 171
169 210
169 277
170 172
170 308
171 172
171 267
172 173
172 174
172 475
173 174
173 175
173 307
174 260
175 215
175 459
176 178
177 178
178 218
178 432
179 322
180 424
180 374
180 236
180 280
181 183
182 203
183 464
183 459
183 410
184 186
185 186
186 187
186 188
186 386
187 188
187 189
187 269
188 189
188 190
189 190
189 408
190 191
190 192
190 463
191 192
191 264
192 194
193 195
193 296
194 195
194 365
194 379
194 348
195 196
195 197
196 198
197 198
198 199
198 200
198 232
198 271
198 375
199 201
199 409
199 301
200 201
200 202
200 464
201 202
201 203
201 414
202 203
202 204
202 447
203 205
203 252
204 206
204 380
205 207
205 286
205 217
205 456
206 207
206 268
207 208
207 338
207 235
208 209
208 210
208 226
208 400
209 210
209 211
210 212
211 212
211 255
212 213
212 471
213 214
213 215
214 215
214 216
215 340
215 485
216 472
216 355
216 337
218 343
219 220
219 221
220 222
220 408
220 332
221 463
222 224
222 242
223 387
224 459
224 322
225 226
225 486
226 228
226 457
227 307
227 394
228 414
228 467
229 230
229 358
230 237
231 232
231 233
231 253
232 233
233 466
234 261
235 396
235 265
236 237
236 425
237 238
237 249
238 239
238 240
239 240
239 379
239 358
240 241
241 242
241 243
242 243
243 245
243 465
244 245
245 246
245 247
246 247
246 248
246 292
247 248
247 249
247 416
248 398
249 250
249 251
250 251
250 344
250 375
251 252
251 253
252 329
252 489
254 255
254 492
255 377
256 258
256 477
256 437
256 463
257 259
257 274
257 460
258 259
258 260
259 260
259 261
260 262
260 473
260 474
262 263
262 264
262 302
263 264
263 265
263 320
264 265
264 441
264 360
266 268
267 269
268 270
268 468
269 488
270 271
270 309
270 443
270 434
271 272
272 366
273 274
273 275
274 275
274 276
275 276
275 277
276 277
276 278
277 279
277 313
278 280
278 488
279 339
279 433
281 283
281 431
282 283
282 284
283 284
283 462
284 285
284 286
285 454
285 487
285 410
285 420
286 353
287 288
287 351
288 289
289 290
289 430
290 291
290 379
291 362
291 475
292 337
292 496
293 294
293 295
294 490
295 296
295 297
296 298
296 446
297 298
297 299
297 430
298 300
299 301
299 324
299 340
300 301
300 302
301 302
301 339
302 303
303 304
303 305
304 306
305 307
305 376
306 308
306 370
307 308
308 472
309 353
310 311
310 312
310 466
311 312
312 313
312 314
313 315
314 315
314 316
315 316
315 365
316 318
316 388
317 318
317 319
317 387
318 319
319 339
320 491
321 323
321 454
322 323
322 324
323 324
323 325
324 325
324 396
326 485
326 443
327 328
327 329
328 329
328 330
329 331
329 460
330 332
331 332
331 333
331 361
332 334
333 334
333 414
335 336
335 337
336 337
336 338
338 340
340 341
341 462
341 413
341 378
342 343
342 344
342 402
343 344
343 394
343 377
344 346
345 347
346 347
346 439
347 348
347 362
348 363
349 350
350 352
350 379
350 362
351 483
351 418
352 353
352 354
352 396
353 360
353 394
354 355
355 357
356 451
356 483
357 358
357 359
357 436
359 361
359 406
360 362
361 363
362 400
363 410
363 384
364 365
364 366
364 449
365 367
366 451
367 368
367 369
368 369
369 370
369 371
369 395
370 371
371 372
371 425
372 374
372 497
373 375
373 444
374 376
375 376
376 378
376 447
378 379
378 380
378 392
378 465
380 381
381 383
381 491
381 474
382 386
382 455
383 384
383 385
385 387
386 388
388 390
389 390
389 391
390 391
390 392
390 409
391 496
392 393
393 394
393 447
393 473
395 397
396 423
397 398
397 415
398 399
398 458
399 400
399 401
400 416
401 402
401 403
402 403
402 427
404 405
404 406
405 406
406 407
406 408
407 409
407 470
407 431
408 409
408 410
409 410
410 412
411 412
411 413
412 461
412 480
412 468
414 415
415 416
415 417
417 418
417 438
418 419
419 420
421 422
422 423
422 424
423 424
424 426
425 497
426 428
427 429
428 430
429 431
429 452
430 432
431 433
432 433
432 434
433 434
433 471
434 462
435 436
436 438
437 439
438 440
439 440
440 441
440 442
440 471
441 443
442 443
442 444
444 446
445 446
445 447
446 447
447 498
448 449
448 450
449 450
450 451
450 452
451 453
452 453
452 454
453 455
454 455
455 456
456 457
457 459
458 463
460 462
461 490
462 464
464 466
467 468
467 469
469 470
469 471
469 486
470 472
472 473
472 474
474 495
475 477
476 478
477 478
478 479
478 480
479 480
479 481
480 481
480 482
481 482
481 483
482 483
482 484
484 485
484 486
486 488
488 490
489 490
490 491
490 492
491 492
491 498
492 493
492 494
493 494
493 495
494 496
496 498
497 498
497 499
499 500
