500 1000
1 63
1 411
1 342
1 234
2 214
2 374
2 72
3 323
3 272
3 453
4 480
4 208
4 216
4 314
4 308
5 489
5 367
5 371
5 258
5 297
6 46
6 176
6 284
6 229
6 474
7 474
7 319
7 41
7 193
8 482
8 90
8 187
8 458
9 418
9 450
9 58
9 209
10 370
10 277
10 383
10 196
10 395
11 165
11 256
11 302
11 454
12 219
12 116
12 119
13 15
13 293
13 137
13 236
13 239
13 266
13 432
14 16
14 500
14 369
14 70
14 132
15 320
15 26
15 280
15 287
15 396
16 18
16 263
16 388
17 81
17 278
17 354
18 273
18 76
18 93
18 184
19 91
19 454
19 151
19 76
19 176
19 409
20 343
20 241
20 282
20 455
20 466
21 40
21 217
21 446
21 346
21 159
21 349
22 23
22 99
22 47
22 277
23 342
23 307
23 407
24 25
24 249
25 26
25 53
25 345
25 260
25 363
26 318
26 352
26 301
26 86
27 201
27 33
27 77
27 110
27 196
27 50
27 473
28 478
28 105
28 99
29 470
29 306
29 382
29 282
29 267
29 447
30 142
30 123
30 84
30 163
30 264
31 292
31 243
31 216
32 424
32 321
32 325
32 43
32 249
32 298
32 442
33 66
33 285
34 121
34 68
35 375
35 40
35 138
35 355
35 392
36 296
36 271
36 70
36 346
37 389
37 403
38 440
38 184
38 317
38 212
38 284
39 410
39 463
39 479
39 107
39 286
39 337
40 262
40 251
40 85
41 350
41 370
41 219
42 271
42 137
42 108
43 221
43 378
44 124
44 198
44 237
45 471
45 277
45 259
46 48
46 85
46 354
47 98
47 70
47 158
48 250
48 116
48 212
48 412
48 420
49 361
49 265
50 60
50 180
50 270
51 306
51 121
51 372
52 481
52 80
52 241
52 180
52 489
53 409
53 204
53 63
53 261
54 170
54 126
54 383
55 341
55 433
56 424
56 297
56 149
57 391
57 253
58 60
58 64
58 423
58 497
59 447
59 129
59 265
59 154
60 342
60 182
60 292
60 214
60 374
60 446
61 62
61 348
61 155
61 167
62 432
62 296
62 224
63 96
63 204
63 402
63 135
64 66
64 302
64 245
64 389
64 400
65 360
65 122
65 133
66 92
66 199
66 168
67 68
67 69
67 458
68 70
68 393
68 152
69 70
69 71
70 252
71 72
71 483
72 73
72 102
73 75
73 278
73 271
74 303
74 438
75 317
75 183
75 247
75 223
75 455
76 100
77 281
77 482
78 304
78 398
79 358
79 486
79 113
79 224
80 140
80 462
80 421
81 336
81 430
81 224
81 419
82 122
82 473
83 84
83 453
83 434
84 209
84 397
84 289
85 377
86 137
87 484
87 142
87 291
87 101
88 356
88 474
89 90
89 472
90 143
90 403
90 266
91 115
91 179
92 115
93 382
94 227
94 364
94 331
95 97
95 154
96 425
96 303
96 267
96 291
97 280
97 194
97 124
97 186
98 99
98 298
98 479
98 233
98 477
99 315
99 500
100 220
100 440
101 134
101 320
101 254
102 221
103 487
103 322
103 145
103 211
103 418
104 105
104 293
104 299
104 379
105 106
105 373
106 494
106 191
106 320
107 497
107 391
107 457
108 184
108 366
109 249
109 160
109 201
109 279
109 416
109 355
110 459
110 212
111 454
111 118
111 153
111 266
112 294
112 370
112 168
112 367
113 274
113 131
113 485
113 444
113 415
114 368
114 362
114 150
115 397
115 406
115 312
116 235
116 146
116 162
116 276
116 438
117 134
117 446
118 241
119 228
119 411
120 122
120 292
121 335
121 442
121 339
122 303
123 216
123 187
124 204
124 300
124 405
124 353
125 392
125 466
125 464
125 472
126 253
126 181
126 299
127 129
127 270
127 478
128 413
128 258
128 294
128 457
128 471
128 160
128 386
129 369
130 135
130 493
130 262
131 497
131 329
132 275
132 333
133 135
133 497
133 187
134 408
134 242
134 156
134 281
135 303
135 481
135 459
136 410
136 393
136 339
137 286
137 272
138 483
138 304
139 148
139 469
139 319
140 413
141 306
141 311
141 177
141 195
142 151
142 401
142 492
142 405
143 461
143 276
144 457
144 327
144 492
144 471
144 197
145 348
146 256
146 288
146 275
146 179
146 210
146 268
146 344
147 242
147 185
147 314
148 480
148 255
148 347
149 150
150 342
150 241
151 379
151 492
152 193
152 368
152 190
153 369
153 379
154 408
154 251
154 345
154 300
154 275
155 273
155 387
156 492
156 188
156 350
156 358
156 439
157 158
157 331
157 475
157 390
157 232
158 363
158 351
158 192
158 318
159 339
159 344
159 248
159 391
160 167
160 499
161 483
161 195
161 435
161 171
161 330
162 261
163 231
163 173
163 239
164 165
164 376
165 166
165 176
166 390
166 249
166 313
166 367
167 217
167 480
168 309
168 259
168 488
169 179
169 242
169 275
169 184
170 378
170 211
170 188
171 364
171 429
171 352
172 414
172 228
172 441
172 393
172 471
173 424
173 262
173 441
174 500
174 209
174 227
175 352
175 415
175 443
176 345
177 178
177 260
178 371
178 316
178 328
178 446
179 283
179 420
181 199
181 235
181 290
182 203
183 326
183 397
184 231
184 338
185 417
185 489
185 275
185 404
186 187
188 309
188 423
189 207
189 388
189 308
190 466
190 226
190 311
190 317
191 213
191 263
192 193
192 275
192 362
192 308
192 325
193 362
193 198
194 195
194 419
195 233
196 198
196 307
196 261
197 479
198 364
199 422
200 394
200 443
200 409
201 203
201 278
202 381
202 228
203 277
203 498
203 247
204 487
204 222
205 207
205 426
205 267
206 241
206 378
206 329
207 208
207 209
207 386
208 421
208 363
208 341
209 389
209 320
210 319
210 427
210 213
211 472
212 385
212 493
213 424
214 216
214 453
214 302
215 370
215 384
216 360
218 219
218 346
218 280
219 220
219 349
219 366
219 444
220 427
220 431
220 252
221 354
221 257
222 459
222 365
222 352
222 300
223 466
223 282
223 476
224 225
225 279
225 455
225 406
226 490
226 263
226 376
227 346
227 237
228 301
228 462
229 397
230 434
230 368
231 316
231 375
231 483
232 361
233 341
233 425
234 341
235 243
235 467
236 238
236 323
237 432
238 347
238 356
240 427
240 365
241 370
241 378
241 470
242 489
242 380
242 421
243 245
243 472
243 499
244 248
244 328
245 487
245 480
246 461
246 270
246 265
247 258
247 398
247 494
248 405
248 274
250 252
250 265
250 468
251 413
251 298
252 254
253 329
254 354
255 335
255 301
255 452
255 385
256 466
257 358
257 399
257 430
257 310
258 338
260 361
263 326
263 433
264 303
265 308
266 410
268 269
269 359
269 378
270 291
271 335
272 403
273 275
273 388
274 275
274 288
276 465
276 285
277 372
277 425
279 366
279 382
280 453
281 376
282 320
283 284
283 443
284 293
284 377
284 447
285 342
286 357
287 289
287 356
287 439
287 454
288 368
288 479
289 418
290 344
291 342
291 436
291 477
292 294
292 334
293 374
293 370
293 412
294 304
294 389
295 296
295 357
296 409
297 430
297 455
298 370
299 345
299 324
299 408
300 309
301 461
303 387
303 407
305 457
305 470
305 491
306 384
306 339
306 435
307 450
308 326
309 448
310 311
311 373
311 433
311 414
312 438
312 362
313 401
314 316
315 316
315 340
316 318
316 428
317 337
319 467
320 473
321 470
322 341
322 385
323 405
324 330
324 392
326 362
326 437
327 428
327 403
328 484
328 491
328 464
329 486
330 331
332 334
332 436
333 395
334 346
334 461
335 426
336 427
336 498
336 396
338 436
339 381
339 390
339 419
339 462
339 354
340 476
342 382
342 422
342 488
343 411
343 473
346 453
346 365
347 479
348 434
348 379
350 352
350 478
351 353
352 482
352 423
353 481
354 460
356 483
356 414
357 358
357 395
357 495
358 359
359 455
359 468
359 360
359 460
361 363
361 380
363 472
364 377
364 451
364 416
364 497
366 427
368 370
369 392
369 431
371 373
373 375
375 376
375 393
376 378
376 444
377 432
380 466
380 484
381 382
381 433
383 385
384 386
384 466
386 453
387 389
387 448
389 449
390 445
390 490
391 401
393 495
394 423
394 444
394 396
396 397
397 449
398 399
399 411
400 421
402 406
402 418
402 475
403 408
404 493
404 457
406 426
407 409
407 424
407 452
407 413
407 465
410 418
412 469
414 415
415 416
415 476
416 483
416 430
417 419
422 423
422 494
423 431
424 490
426 444
426 429
427 432
431 485
437 438
438 439
440 441
444 452
445 447
445 492
447 470
448 487
449 486
450 472
450 495
451 452
451 487
452 459
456 457
456 458
458 459
461 471
462 472
463 465
464 465
464 498
465 495
465 475
467 481
468 484
469 470
469 496
474 475
488 500
490 491
492 494
493 494
496 497
496 498
