500 500
1 2
2 198
3 380
4 129
5 102
6 7
7 8
7 27
8 9
9 498
10 331
11 12
12 13
12 324
13 14
14 304
15 16
16 92
17 40
18 486
19 20
20 21
21 327
22 23
23 231
23 416
24 292
24 365
25 26
25 30
25 245
25 328
26 32
27 377
27 492
28 306
28 395
29 83
29 194
31 321
32 367
32 249
32 409
33 34
34 35
35 36
36 410
37 38
38 39
39 40
40 470
41 42
41 68
41 204
42 119
42 212
43 44
43 254
44 45
44 270
45 46
46 47
47 48
48 49
49 371
50 51
50 61
51 52
52 428
53 306
53 59
54 55
54 232
55 56
56 100
57 58
58 59
60 61
60 233
60 490
62 63
62 481
63 233
63 258
63 273
64 268
65 66
65 429
66 67
66 448
67 130
69 70
69 460
70 235
70 278
71 72
71 101
72 78
73 263
74 75
75 432
75 195
76 77
77 78
78 79
78 231
79 80
80 81
81 161
82 160
83 176
83 330
84 85
84 97
84 150
85 218
86 97
86 107
87 132
88 89
89 329
90 377
91 424
92 93
93 94
93 386
94 95
95 295
96 311
96 368
96 420
97 383
97 475
98 99
98 191
99 267
100 101
100 263
101 312
101 466
102 103
103 104
104 105
105 106
105 387
106 107
106 200
107 182
107 251
107 415
108 109
108 391
109 110
110 111
111 112
112 113
113 383
113 161
113 498
114 475
115 116
116 432
117 225
118 119
119 120
119 228
120 299
121 122
121 406
122 355
123 274
124 125
124 482
125 362
126 127
126 152
127 128
128 222
129 130
130 131
130 363
131 148
131 237
132 350
133 488
133 285
134 146
134 332
135 136
136 382
136 315
137 454
138 314
139 140
140 450
140 202
141 142
142 143
143 275
143 433
144 145
144 279
145 146
146 147
146 282
146 376
147 148
147 384
148 149
149 150
149 404
150 160
151 152
153 154
153 314
154 155
155 156
156 157
157 158
158 234
159 359
162 163
163 415
164 165
165 200
166 409
167 168
167 190
168 169
169 449
170 194
171 276
172 173
172 437
173 174
174 175
174 439
175 432
176 230
176 187
177 264
178 179
179 492
179 418
179 450
180 426
181 182
183 184
184 185
185 223
186 499
188 491
188 401
189 190
189 385
192 215
192 428
193 272
193 342
196 277
197 198
197 390
198 199
199 394
201 202
203 439
204 480
205 439
206 418
207 208
208 209
208 316
209 317
210 211
210 469
211 402
213 214
214 407
215 453
215 301
216 217
217 382
218 246
219 272
219 298
220 221
221 289
222 223
222 407
223 224
223 265
224 297
225 226
225 375
226 227
227 228
229 230
230 231
231 291
232 309
234 235
235 236
236 397
237 252
238 239
239 306
240 241
241 468
242 302
243 338
244 245
245 472
245 486
246 247
246 294
247 248
248 359
250 251
253 254
255 256
255 457
256 257
256 292
257 258
257 349
257 410
259 464
259 458
260 409
261 362
262 340
264 265
266 441
266 356
267 268
268 328
268 434
269 490
271 272
272 321
272 331
274 275
274 446
275 492
276 277
276 444
277 354
277 339
278 323
279 334
280 281
281 282
281 396
283 284
284 500
284 343
286 287
287 288
288 347
289 358
290 384
293 294
295 467
296 297
297 298
299 452
300 301
302 303
302 417
303 304
304 305
305 306
306 307
307 468
307 347
308 416
310 443
311 312
311 319
312 352
313 314
313 389
315 340
317 386
318 319
320 321
321 385
322 323
325 326
325 462
326 327
327 328
329 330
333 397
334 379
335 476
336 337
337 338
338 339
339 443
340 421
340 467
341 342
344 475
345 394
346 347
348 349
350 351
351 352
353 426
354 355
355 356
357 358
358 359
359 360
360 361
360 382
361 362
361 496
362 363
362 438
364 365
366 367
367 368
369 477
370 371
371 372
372 373
373 374
374 375
377 495
378 425
380 381
381 382
386 500
388 389
392 393
393 394
394 395
397 476
398 399
399 400
400 401
402 403
403 404
405 406
408 409
408 441
411 412
412 413
413 414
414 415
419 441
419 463
422 423
423 424
424 425
425 492
426 482
427 428
430 431
431 432
432 433
435 436
436 437
440 441
440 453
442 443
445 446
447 488
449 464
451 452
452 453
454 466
455 456
456 457
459 460
461 462
464 465
465 466
465 487
467 473
468 469
470 471
471 472
474 475
476 477
477 478
478 479
479 480
483 484
484 485
485 486
488 489
489 490
491 492
493 494
494 495
497 498
499 500
