500 1000
1 3
1 499
1 379
1 81
1 83
1 373
2 335
2 254
3 86
3 469
4 5
4 6
4 95
4 490
5 440
5 159
5 179
6 294
6 500
6 25
7 9
7 175
7 137
7 123
7 215
8 10
8 381
8 101
8 367
9 11
9 168
9 316
10 11
10 12
11 12
11 85
11 164
12 280
12 456
12 474
13 14
13 15
13 286
14 16
14 145
14 51
14 281
14 469
15 16
15 17
15 132
16 273
16 247
16 58
17 18
17 38
17 326
18 19
18 20
18 50
19 20
19 21
19 115
19 413
19 453
20 155
20 122
20 371
21 23
21 336
22 23
22 74
23 24
23 425
23 166
24 26
24 72
24 144
25 27
25 335
26 27
26 28
26 477
27 29
27 67
27 495
27 314
28 88
28 98
28 106
29 31
29 420
30 31
30 338
31 33
31 268
31 239
32 33
32 361
32 131
32 364
33 35
33 297
33 322
33 483
34 35
34 36
34 147
34 402
35 36
35 37
35 296
35 435
36 37
36 87
36 437
37 39
37 488
37 66
37 211
37 271
37 290
37 300
38 39
38 40
38 440
39 40
39 341
39 319
40 59
40 410
40 242
40 455
41 432
41 488
42 43
42 44
43 44
43 45
44 45
44 141
44 219
44 122
45 47
45 405
46 485
46 439
47 48
47 260
48 49
48 50
48 423
49 50
49 51
49 482
50 120
51 53
51 229
51 326
52 54
52 448
52 201
53 54
53 230
53 70
53 480
54 55
54 56
54 412
54 300
55 75
55 324
56 58
56 222
56 403
57 59
57 204
57 178
57 341
58 59
58 60
59 60
59 61
59 159
60 62
60 119
60 93
60 113
60 204
61 62
61 63
62 63
62 64
62 484
63 65
63 185
64 317
64 210
64 299
65 66
65 67
65 84
65 142
65 211
66 68
66 419
67 69
67 227
67 484
68 69
68 70
69 71
69 333
69 337
70 71
70 242
71 72
71 319
72 166
72 94
72 180
73 75
73 215
74 75
74 76
74 252
75 77
75 253
75 181
76 159
76 113
76 492
77 78
77 297
77 243
77 83
78 79
78 80
78 133
79 81
79 424
80 82
80 469
80 457
80 487
81 83
82 90
82 312
83 360
83 154
84 86
84 226
85 87
85 271
86 87
86 344
86 420
87 88
87 242
88 403
88 382
88 441
89 91
89 497
89 221
90 91
90 92
90 221
90 173
91 445
91 332
92 94
92 484
92 434
93 94
94 292
95 376
96 97
96 452
96 195
97 99
97 122
97 109
98 100
98 299
98 337
99 100
99 153
99 352
100 102
100 465
100 203
101 103
101 301
102 103
102 317
103 105
103 406
104 105
104 239
104 215
105 106
105 348
106 432
106 266
107 108
107 109
108 109
108 110
108 472
108 322
109 446
110 111
110 112
110 379
111 112
111 113
112 114
112 420
112 284
112 307
113 356
114 115
114 116
115 117
115 447
116 117
116 118
116 374
116 321
117 119
117 181
117 174
118 119
118 120
119 120
119 445
120 449
120 210
121 123
121 482
121 164
122 395
122 182
123 196
123 149
123 489
124 165
124 216
125 127
125 203
125 385
125 474
126 128
126 291
127 129
127 436
127 218
128 130
128 249
129 131
129 369
130 457
130 428
130 249
131 133
131 465
132 134
133 467
134 135
134 370
134 274
135 431
135 381
135 287
136 137
136 286
137 139
138 139
138 280
138 463
139 440
139 212
139 439
140 141
140 142
141 143
142 143
142 269
142 378
142 475
143 144
143 145
143 365
144 396
144 290
144 158
144 454
145 147
145 337
146 147
146 148
146 393
147 149
148 158
148 350
148 177
149 151
149 179
150 420
150 207
151 152
151 209
151 438
151 431
152 153
152 177
152 331
153 155
153 158
154 155
154 418
155 156
155 358
155 326
156 158
156 285
156 485
157 158
157 164
158 220
158 332
158 379
159 278
160 161
160 162
161 183
161 203
162 163
162 164
162 185
163 164
163 165
165 166
165 167
166 177
166 394
167 308
167 305
167 460
168 169
168 308
169 170
169 171
169 386
169 216
170 171
170 172
171 172
171 173
171 448
172 173
172 174
172 430
173 198
174 214
174 264
175 176
175 360
176 178
176 340
177 179
178 179
178 419
180 181
180 182
181 329
181 438
182 184
183 185
183 493
184 185
184 489
185 186
186 187
186 188
186 320
187 189
187 458
187 426
188 498
188 194
188 292
188 427
189 190
189 191
190 191
190 192
191 286
191 327
192 193
192 194
193 194
193 195
193 202
193 467
194 195
194 196
195 196
195 197
195 338
196 197
196 198
197 198
197 199
198 199
198 326
199 201
199 241
200 201
200 330
200 317
201 202
201 244
202 203
202 207
203 205
204 273
205 486
205 361
205 270
205 297
206 207
206 208
207 208
207 342
208 209
208 210
208 273
209 269
209 414
210 211
210 212
211 406
212 252
213 214
213 215
213 302
214 216
214 355
214 235
215 216
215 228
215 349
215 375
216 339
217 218
217 219
217 452
218 219
218 493
219 267
219 363
219 492
220 221
220 275
220 385
222 397
222 225
223 224
223 299
224 225
224 226
225 226
225 227
225 333
226 432
226 260
227 228
227 229
228 230
228 273
228 450
229 231
229 382
229 289
230 233
230 261
230 456
231 232
231 233
231 461
232 234
232 428
233 389
233 392
233 465
233 276
234 235
234 236
235 236
236 237
236 238
237 238
237 273
237 363
237 476
238 239
238 240
238 291
238 283
240 242
240 395
241 263
241 383
242 243
243 244
243 424
244 395
245 247
245 485
245 318
246 248
246 443
247 249
247 352
247 251
248 249
248 250
248 370
249 250
250 252
250 254
251 278
252 300
253 254
253 255
254 256
254 474
255 472
255 499
255 307
255 471
256 257
256 258
257 258
257 389
258 259
258 260
259 260
259 261
260 261
261 262
262 264
262 397
262 287
263 264
263 265
264 265
265 266
265 267
266 268
266 276
267 268
267 269
268 269
268 270
269 315
270 271
271 273
272 273
272 274
274 275
274 276
275 277
276 432
276 497
277 278
277 279
277 421
278 279
278 280
278 468
279 280
279 281
280 282
281 282
281 346
282 284
282 454
283 428
284 483
285 286
285 287
286 288
287 432
287 401
288 289
288 290
289 290
290 339
291 335
292 421
293 323
293 341
293 470
294 296
294 419
294 332
295 296
295 297
295 347
296 298
297 482
298 300
298 372
299 328
300 340
301 343
302 304
303 305
303 427
304 305
304 306
305 307
306 307
306 308
308 309
308 310
309 311
309 430
310 311
310 312
311 312
311 313
311 395
312 313
312 327
312 455
313 314
313 393
314 315
314 435
315 316
315 317
315 400
315 405
316 318
317 318
317 345
318 319
319 320
320 322
320 434
321 322
323 324
323 325
324 348
324 466
324 327
325 326
325 336
325 358
328 329
328 336
329 330
329 331
330 331
330 332
331 332
331 333
331 433
333 382
333 433
334 335
334 336
335 337
335 477
335 415
338 340
339 340
339 341
340 425
340 365
342 344
342 462
343 345
343 378
343 489
344 345
344 346
344 387
345 346
346 347
347 379
348 350
348 449
349 350
350 352
350 436
351 352
351 415
352 469
353 354
353 355
354 355
354 356
355 356
355 357
356 358
357 359
357 452
358 360
358 403
359 360
359 361
360 362
361 363
361 368
361 486
362 363
362 448
363 364
364 365
364 493
366 367
366 377
366 417
367 369
368 370
369 370
369 371
369 372
369 389
371 372
372 374
373 374
374 376
375 376
376 377
376 464
376 476
377 378
377 379
378 380
380 381
380 382
381 383
381 486
382 384
383 384
383 385
384 385
384 386
384 426
384 479
385 387
385 410
386 388
387 389
388 390
388 475
388 465
389 390
390 391
390 476
391 392
391 393
391 401
392 394
392 445
393 394
393 471
394 395
394 396
395 421
396 398
397 398
397 399
398 399
398 419
399 400
399 401
399 480
400 402
402 403
404 405
404 406
405 406
406 408
406 439
407 409
407 436
408 409
408 462
408 481
409 410
409 453
410 411
411 412
411 413
412 414
413 415
414 415
415 416
416 417
416 418
417 463
417 498
418 420
420 421
421 423
422 424
422 425
423 424
424 425
424 461
425 427
427 440
428 429
428 430
429 430
429 431
430 431
431 432
431 500
432 433
432 434
432 498
436 438
437 438
438 439
439 441
440 441
441 487
442 443
442 444
443 444
443 445
444 445
444 446
445 447
446 447
446 448
447 448
448 449
449 450
449 451
450 451
451 452
451 453
451 496
453 454
454 455
455 456
457 459
458 459
458 460
459 460
459 461
460 461
460 462
461 462
462 464
463 464
463 465
463 485
464 466
466 467
466 468
467 468
468 470
470 472
470 494
472 474
473 474
473 475
474 476
475 476
476 477
477 478
478 479
478 480
479 480
481 482
483 484
487 489
488 489
488 490
489 497
490 491
491 492
491 493
492 493
494 495
494 496
495 497
496 498
497 499
499 500
