500 1000
1 3
1 496
1 293
2 488
2 428
2 153
2 211
2 308
2 463
3 129
3 291
3 150
3 357
4 6
4 271
4 356
5 173
5 391
5 467
5 493
6 423
6 153
6 267
6 31
6 293
7 173
7 293
8 282
8 59
9 422
9 104
9 247
9 288
9 218
9 254
10 475
10 92
10 388
10 97
10 396
11 12
11 29
11 433
11 141
12 59
12 182
12 298
12 301
12 381
13 84
13 23
13 77
13 464
14 211
14 400
14 126
15 96
15 258
15 316
15 440
15 387
15 366
16 17
16 439
16 433
16 257
17 221
17 362
17 414
17 418
17 440
18 36
18 158
18 149
19 440
19 97
20 22
20 174
20 103
20 217
20 500
20 230
21 92
21 142
21 342
22 306
22 266
22 177
22 222
23 24
23 493
23 390
23 351
24 25
24 72
24 65
24 252
24 276
25 207
25 102
25 425
25 148
26 28
26 262
27 133
27 322
28 238
28 38
28 495
28 373
28 145
28 152
29 498
29 436
30 216
30 80
30 351
30 363
30 477
30 228
30 258
30 311
31 275
31 149
31 470
31 88
32 33
32 309
32 198
33 186
33 192
33 213
33 206
33 434
34 149
34 318
34 378
35 240
35 486
35 275
36 184
36 322
36 273
36 105
36 189
37 53
37 297
37 71
38 109
38 444
38 442
38 446
39 494
39 366
39 491
39 340
40 440
40 280
40 162
41 42
41 43
41 193
41 426
41 267
42 418
42 190
42 274
42 302
43 484
43 56
43 303
43 224
44 46
44 398
44 223
44 454
44 376
45 267
45 138
45 479
46 219
46 276
46 319
46 79
47 57
47 464
47 279
48 206
48 134
48 212
49 135
49 237
49 58
49 192
50 101
50 343
50 144
51 394
51 116
51 465
52 439
52 173
52 209
52 368
53 161
53 466
53 324
54 56
54 302
54 382
54 408
54 164
54 310
55 365
55 151
56 58
56 478
56 489
57 362
57 256
57 264
57 437
57 270
57 367
57 393
57 428
58 107
58 143
58 170
59 455
59 277
59 433
59 279
59 299
60 366
60 137
60 463
60 180
61 62
61 496
62 63
62 311
62 363
63 64
63 328
63 436
63 365
64 169
64 462
64 321
64 100
65 168
65 119
65 317
65 495
66 254
66 315
66 221
67 68
67 481
67 92
67 391
68 400
68 199
68 263
68 313
68 426
69 70
69 369
69 420
70 184
70 367
70 437
71 205
72 318
73 468
73 168
73 247
74 346
74 389
75 119
75 280
76 340
76 330
76 370
76 233
76 344
77 94
77 423
78 361
78 433
78 238
78 427
78 469
79 275
79 187
80 232
80 290
80 280
80 387
81 292
81 473
82 338
82 209
83 384
83 86
83 482
83 333
84 85
84 483
84 496
84 209
85 163
85 328
86 149
87 251
87 172
87 466
87 344
87 132
88 90
88 283
89 173
89 334
89 469
89 400
90 495
90 282
90 295
90 398
90 455
91 462
91 341
91 390
91 216
92 284
93 400
93 126
93 353
94 96
94 135
94 248
94 169
94 406
94 488
95 97
95 117
95 271
95 213
96 424
96 175
96 162
96 260
97 432
97 115
98 467
98 185
98 146
98 410
99 452
99 144
99 418
100 150
100 122
100 303
100 159
100 301
101 187
101 217
101 491
102 252
102 278
103 436
103 198
103 243
104 347
104 220
105 258
105 270
105 460
106 148
106 228
106 462
106 263
106 282
107 317
107 453
108 214
108 227
108 142
109 271
110 112
110 334
110 257
110 277
111 139
111 195
111 432
111 479
111 232
111 359
112 347
112 176
112 405
112 282
113 492
113 273
113 328
114 130
114 255
114 253
115 407
115 481
116 308
116 198
117 119
117 495
117 140
117 253
118 119
118 241
118 163
119 247
119 429
119 430
120 303
120 267
121 176
121 246
122 197
122 147
123 124
123 210
123 303
124 301
124 380
124 416
125 275
125 357
125 374
125 352
126 386
127 128
127 224
127 443
127 406
127 313
127 456
128 253
128 148
129 421
129 341
129 205
130 308
130 225
130 292
130 302
130 210
130 269
131 237
131 326
131 155
131 426
132 393
133 167
133 170
133 262
133 425
133 426
133 485
134 162
134 216
135 349
135 184
135 144
136 137
136 192
137 263
137 298
137 412
138 140
139 303
139 449
140 397
140 399
141 142
141 498
143 383
143 151
143 165
144 407
144 281
144 429
145 261
145 160
145 481
146 207
146 201
146 329
146 347
147 256
147 430
147 313
148 187
149 357
150 340
150 372
150 458
151 498
151 359
151 475
152 452
153 489
154 323
154 423
155 188
155 407
156 158
156 249
156 332
156 369
156 394
157 277
157 167
157 391
158 174
158 335
158 404
159 472
159 424
160 419
161 227
161 325
161 448
161 462
161 251
161 398
162 454
163 300
163 331
163 401
164 333
164 291
164 338
165 166
166 386
166 355
166 343
167 188
167 356
168 412
168 369
169 302
170 230
170 275
170 383
171 262
171 303
171 268
172 409
173 205
173 283
173 292
174 196
174 304
175 300
175 311
175 354
175 421
175 339
176 178
176 354
177 193
177 458
177 342
177 480
178 480
178 406
179 497
179 338
180 228
180 379
180 408
180 466
181 182
181 183
182 243
183 432
183 378
184 447
184 393
184 293
184 240
184 286
185 186
185 242
185 226
185 437
186 402
186 461
187 206
187 352
187 316
188 190
188 368
188 215
189 484
189 242
189 397
190 330
190 490
191 234
191 337
192 250
192 294
192 445
193 492
193 457
194 196
194 417
194 195
195 376
196 222
196 288
196 461
197 207
197 262
198 199
198 449
198 482
199 201
199 248
200 214
200 488
200 321
201 340
201 497
201 402
202 276
202 242
202 338
202 477
203 494
203 404
204 243
204 222
204 411
204 490
204 460
205 206
205 375
205 377
206 207
206 361
207 334
207 419
207 392
207 249
208 210
208 405
209 210
210 313
210 279
210 285
210 355
211 235
211 323
212 275
212 390
212 315
213 234
213 261
214 483
214 237
214 407
215 216
215 218
215 370
216 427
217 312
217 381
218 260
218 473
218 320
219 497
219 288
219 342
219 291
220 405
220 323
221 222
221 493
222 432
223 330
224 441
225 295
225 233
226 433
227 315
227 290
227 273
228 333
229 230
229 231
230 451
231 313
231 354
232 334
233 464
233 360
233 337
234 480
234 413
235 279
235 317
235 382
236 340
236 358
236 331
237 239
237 419
238 487
239 442
239 488
240 468
241 413
243 405
243 430
244 255
244 281
244 413
245 247
245 336
245 373
245 297
246 448
246 427
247 249
247 416
248 416
249 368
250 252
251 252
251 401
251 496
253 266
254 255
254 272
254 404
255 337
256 498
256 420
257 483
258 467
258 285
258 309
259 454
259 457
261 263
262 472
263 387
263 349
264 398
265 371
265 454
265 392
266 336
266 368
266 295
268 476
268 438
268 346
269 270
270 460
270 291
271 438
272 391
272 486
273 302
273 336
274 292
275 420
278 279
278 444
279 405
280 341
280 417
280 289
280 403
281 372
281 448
282 473
283 293
283 400
284 497
284 413
284 312
284 331
285 343
285 388
286 368
286 350
287 289
287 379
287 428
288 453
289 290
289 352
290 327
290 374
291 305
291 461
292 425
293 294
294 319
294 345
295 394
295 420
295 431
296 496
296 348
296 339
297 298
299 449
299 485
300 435
300 414
301 361
301 378
301 326
301 411
301 438
301 494
302 444
304 362
304 340
305 399
305 427
305 496
305 437
306 307
306 357
307 382
307 481
308 492
309 310
309 406
310 311
312 321
313 334
313 389
314 336
314 495
314 322
315 397
317 402
318 323
320 434
320 474
321 439
321 443
324 325
324 375
325 327
326 449
326 331
327 329
327 409
328 485
328 379
329 388
329 344
329 441
329 459
330 492
330 390
331 403
332 484
333 410
334 392
335 336
337 338
338 453
339 430
340 350
340 425
341 343
341 478
342 350
342 475
345 400
346 430
346 391
347 355
348 349
348 382
349 350
349 500
351 422
352 360
353 481
353 357
356 422
358 468
358 371
360 426
360 447
361 439
362 364
362 417
364 366
364 437
365 366
367 431
368 420
368 374
371 372
371 385
373 375
375 399
376 435
377 456
377 387
377 421
378 389
380 383
380 384
381 383
381 438
381 447
382 384
382 444
383 472
384 386
384 406
384 457
385 386
385 434
386 476
388 389
388 449
389 390
389 474
389 457
389 477
390 424
392 487
392 475
395 461
395 475
396 470
404 415
405 423
406 409
407 408
408 410
408 439
409 424
410 411
413 415
414 416
415 478
417 452
423 453
425 492
427 499
433 484
433 460
435 446
436 452
440 442
442 443
442 487
445 500
445 490
448 459
450 452
450 472
451 481
452 477
452 455
453 488
455 456
455 457
459 479
460 470
462 464
465 466
468 493
468 471
468 492
469 470
471 498
476 477
476 478
479 499
484 493
494 497
497 499
498 499
