500 500
1 2
2 3
3 340
4 58
4 238
5 6
6 126
7 253
7 490
8 9
9 125
10 177
11 493
11 151
12 39
13 302
14 15
14 371
15 247
16 481
17 33
18 410
18 335
19 158
19 298
19 404
20 21
20 133
20 157
21 22
22 23
23 24
24 25
25 29
25 87
26 27
27 67
27 360
28 495
28 364
29 52
30 31
31 32
32 180
33 468
34 35
34 60
34 185
35 84
36 37
36 239
37 72
38 39
38 134
39 288
39 384
40 41
41 103
42 58
43 376
43 158
44 45
44 443
45 46
46 47
46 85
46 179
46 256
47 48
48 49
49 152
50 51
50 222
50 500
51 52
52 423
53 54
54 55
55 56
55 191
56 57
57 58
58 59
59 60
61 62
61 444
62 63
63 64
63 140
63 366
64 65
65 123
66 328
67 68
67 235
68 69
69 70
70 292
71 328
72 73
73 74
73 240
74 75
74 316
75 76
75 204
76 77
77 78
78 79
79 117
80 146
81 82
81 370
82 201
82 472
83 85
84 378
84 221
85 164
86 150
88 89
89 149
90 390
91 92
92 93
93 94
93 250
94 95
95 96
96 97
97 151
98 99
98 241
99 100
100 101
101 102
102 103
102 153
102 314
102 356
103 260
104 266
104 162
104 465
105 263
105 431
106 362
107 108
108 109
109 110
110 111
111 433
112 113
113 214
114 115
115 292
116 117
116 345
117 118
117 198
118 119
119 120
120 121
121 421
121 284
122 123
122 136
122 216
123 405
123 181
124 125
125 126
126 292
127 128
127 428
128 129
129 309
130 131
131 132
132 195
135 310
135 486
137 292
138 139
139 140
141 142
142 143
143 255
144 145
145 493
145 251
146 478
147 148
148 149
149 150
150 326
152 153
154 418
154 268
155 175
156 157
157 408
159 160
159 306
159 311
160 161
160 319
161 283
162 257
163 164
164 437
165 474
166 167
166 230
167 168
168 169
169 435
170 171
171 172
172 173
173 174
174 175
175 176
175 362
176 177
177 178
177 460
178 179
178 325
180 324
180 491
182 278
183 425
183 310
184 185
186 187
187 361
188 232
188 476
189 285
190 237
192 193
192 349
192 451
193 194
194 195
195 196
195 499
196 197
197 198
197 321
199 200
200 201
200 299
201 310
202 203
203 204
205 206
206 207
207 208
208 302
208 478
209 210
210 211
211 212
212 378
213 214
214 461
214 259
215 216
215 296
215 379
217 218
218 219
219 220
220 221
222 261
223 224
224 225
225 253
226 227
227 228
227 440
228 229
228 378
229 230
231 232
231 485
232 288
233 234
234 235
234 248
234 368
236 237
237 435
241 318
241 447
242 336
243 387
244 245
245 500
246 484
246 266
246 313
247 403
247 285
249 250
252 253
252 401
253 254
254 255
255 444
258 259
260 261
262 486
263 264
263 343
264 265
265 266
266 475
267 268
269 270
270 271
271 272
271 354
272 273
273 274
274 275
275 373
276 277
277 278
278 462
278 414
279 280
279 453
280 281
281 282
282 283
283 284
286 287
286 425
287 288
288 289
289 290
290 449
291 292
292 293
293 294
294 312
295 296
297 298
300 301
301 364
302 303
303 304
304 305
305 306
307 308
308 309
309 310
310 417
312 459
312 489
315 340
317 318
320 321
322 323
322 391
323 379
324 441
325 386
326 327
327 328
328 336
329 330
330 331
331 408
332 333
332 363
332 487
333 476
333 383
334 335
334 337
334 423
334 434
336 337
336 463
337 359
338 418
339 340
340 341
341 342
342 343
344 345
345 392
346 347
346 406
347 348
348 349
350 351
351 352
352 353
353 354
355 356
356 380
357 358
358 359
361 362
362 387
362 393
365 366
367 481
369 370
371 410
372 402
373 374
373 464
374 375
375 376
376 417
377 378
381 382
382 468
385 386
388 389
389 390
389 496
390 391
391 419
394 395
395 396
396 448
397 398
398 473
398 420
399 400
400 401
402 403
403 404
405 461
407 408
409 410
411 412
412 413
413 414
415 416
416 479
418 419
421 422
422 423
424 426
426 427
427 428
429 430
430 431
432 433
433 434
435 436
436 437
438 439
439 440
441 442
442 443
443 477
445 446
446 447
448 449
449 450
450 451
452 453
452 488
454 455
455 456
456 457
457 458
458 459
458 466
458 467
459 460
461 462
462 463
468 469
469 470
470 471
471 472
472 495
473 474
474 490
479 480
480 481
481 482
482 483
483 484
484 485
492 493
493 494
494 495
497 498
498 499
