500 1000
1 499
1 456
1 116
1 15
2 315
2 50
2 132
2 228
2 238
2 427
2 467
3 331
3 265
3 100
4 239
4 454
4 139
4 338
5 355
5 441
5 381
5 395
6 374
6 41
6 286
6 251
7 103
7 386
8 202
8 72
8 241
8 213
9 271
9 22
9 166
9 332
10 11
10 493
10 153
10 66
11 247
11 310
12 295
12 394
12 94
12 174
13 175
13 245
13 421
13 354
13 189
13 191
14 247
14 316
14 122
14 230
14 322
14 388
14 400
15 76
15 378
16 241
16 133
17 463
17 130
17 22
17 62
18 403
18 291
18 341
18 94
19 21
19 454
19 407
19 127
20 21
20 51
20 358
21 316
21 344
21 180
22 23
22 318
22 397
22 490
22 35
23 25
23 239
24 69
24 358
24 195
24 172
25 363
25 459
25 398
26 255
26 456
26 229
27 369
27 200
28 487
28 474
28 152
29 276
29 321
29 496
29 346
29 120
29 396
30 31
30 342
30 103
30 165
30 391
31 32
31 94
31 226
31 411
31 311
32 364
32 44
32 161
32 165
32 264
33 34
33 469
33 174
33 258
33 402
34 112
34 339
34 89
35 302
35 309
35 109
36 39
36 70
36 410
37 88
37 55
37 137
38 40
38 298
38 76
38 314
39 279
39 199
39 95
39 272
40 337
40 386
40 313
41 43
41 490
41 241
41 316
42 169
42 84
43 259
43 67
44 140
44 92
44 359
45 165
45 488
45 142
46 455
46 244
46 140
46 301
47 108
47 327
47 435
47 153
47 249
48 269
48 463
48 498
48 112
48 488
49 461
49 67
49 292
50 170
50 452
50 72
51 486
51 55
51 412
51 464
51 240
51 432
52 498
52 124
52 455
52 364
52 458
53 358
53 61
53 294
53 268
54 349
54 211
54 56
54 126
54 193
55 432
55 121
56 57
57 58
57 393
57 366
58 451
58 352
58 305
58 143
58 353
59 60
59 102
59 165
59 65
59 215
60 61
60 132
60 237
61 453
61 235
62 440
63 333
63 277
63 268
64 65
64 387
64 444
64 207
65 381
65 89
65 323
66 67
66 441
66 99
67 176
67 402
67 296
68 106
68 270
68 491
69 71
69 238
70 442
70 467
71 408
71 254
71 286
72 236
72 216
73 436
73 316
73 150
74 87
74 323
74 171
75 312
75 344
75 130
75 188
76 430
77 200
77 278
77 228
78 79
78 371
79 98
79 221
79 104
80 291
80 218
81 82
81 148
81 197
81 308
82 283
82 342
83 382
83 440
84 433
84 311
84 473
85 331
85 379
85 150
86 87
86 286
86 253
87 393
87 247
88 155
88 364
88 408
88 462
89 265
90 473
90 285
90 472
91 228
91 370
91 283
92 207
92 471
93 119
93 426
93 260
93 94
93 183
93 404
94 359
94 270
95 115
95 377
95 365
96 267
96 230
96 390
96 383
97 342
97 191
98 214
98 136
98 211
99 175
99 187
99 373
100 374
100 139
101 478
101 500
101 212
102 315
102 347
102 445
102 279
103 346
103 427
103 257
104 285
104 440
104 159
105 461
105 119
105 157
106 396
106 310
106 221
106 484
107 167
107 279
107 201
108 109
108 398
108 380
109 367
109 405
109 485
110 113
110 265
111 287
111 137
111 435
111 186
111 281
111 384
112 341
112 280
112 428
113 270
113 483
114 116
114 210
115 255
115 400
115 334
115 167
115 422
116 122
116 472
116 153
116 198
117 118
117 388
117 437
118 168
118 165
118 326
119 358
119 209
119 177
120 310
121 181
121 204
121 308
121 495
122 261
122 418
123 187
123 301
123 374
123 237
123 131
124 414
124 458
124 131
125 442
125 324
125 498
126 284
126 167
126 216
126 383
126 221
126 476
127 410
127 153
127 417
127 304
128 187
128 495
128 252
129 384
129 417
130 373
130 468
131 369
131 263
132 278
132 362
133 448
133 273
133 308
133 289
134 233
134 444
135 136
135 312
135 395
135 463
136 410
136 262
137 334
138 139
138 330
139 140
139 141
139 446
140 313
140 386
141 142
141 266
141 477
142 457
142 410
142 160
142 184
143 389
144 249
144 267
144 310
145 457
145 195
145 266
146 490
146 362
146 344
147 447
147 293
147 404
148 399
148 489
149 238
149 450
149 284
149 182
150 274
151 249
151 489
151 309
151 406
152 186
152 162
152 403
153 420
153 213
153 273
154 290
154 476
154 328
155 410
155 161
156 195
156 259
156 482
156 245
157 340
158 184
158 279
159 175
159 268
160 255
160 380
160 294
160 256
160 345
160 450
161 392
161 481
161 179
161 493
162 498
162 175
162 312
163 477
163 412
164 269
164 283
164 165
164 265
165 277
166 330
166 317
166 363
166 206
167 428
167 315
168 484
168 169
168 204
168 238
169 206
169 448
169 496
170 187
170 316
170 453
171 293
172 353
172 251
172 348
172 401
172 236
172 382
173 371
173 343
173 378
174 358
175 204
176 327
177 402
177 495
177 212
177 394
178 497
178 449
178 277
179 440
179 240
179 485
180 181
180 213
181 419
181 190
182 247
182 455
183 184
183 226
184 260
184 196
184 205
184 467
185 320
185 243
185 230
186 336
186 300
186 339
186 489
187 290
188 189
188 457
189 433
189 234
190 462
190 420
191 436
192 321
192 471
192 263
192 293
193 500
193 325
194 323
194 351
194 384
194 253
195 222
195 356
196 198
196 264
197 275
197 481
198 277
199 260
199 357
199 333
199 224
200 445
200 452
201 347
201 307
202 320
202 247
203 204
203 210
203 464
204 290
204 417
205 418
205 371
206 235
206 385
206 227
206 433
206 481
207 424
207 483
208 210
208 468
209 248
209 391
210 416
210 225
210 324
211 213
211 229
211 370
211 385
212 487
213 336
213 261
213 220
213 470
214 426
214 308
214 452
215 463
216 355
216 406
216 436
217 401
217 310
218 379
218 306
218 482
218 478
218 480
219 221
219 440
220 338
220 438
222 223
222 333
222 491
223 460
223 287
224 225
224 452
225 300
225 420
225 487
226 389
227 271
228 230
228 279
229 230
229 274
229 326
229 310
229 377
230 434
231 249
231 329
232 366
232 403
232 477
233 437
233 370
234 235
236 382
236 309
236 421
237 369
237 330
237 375
238 436
239 459
239 470
239 303
239 500
240 283
241 317
241 340
241 436
242 243
242 370
242 421
242 302
243 321
243 479
244 443
244 439
246 248
246 380
247 344
247 271
247 280
247 251
247 360
248 488
248 492
249 268
249 465
249 275
249 442
249 475
250 254
250 480
251 495
251 313
252 427
253 362
253 365
254 483
255 256
255 395
255 287
255 459
256 489
257 429
258 359
259 372
260 283
260 364
261 262
261 386
262 436
263 265
264 266
264 444
266 396
266 398
266 476
266 389
266 426
267 475
267 472
268 318
268 440
269 318
269 376
270 288
270 495
271 354
272 447
272 319
273 435
274 276
274 431
276 489
276 480
276 413
278 473
278 315
278 447
279 375
279 333
280 282
281 315
281 471
282 475
282 440
282 362
283 419
284 285
284 477
285 404
285 448
285 474
286 448
286 497
287 371
287 417
288 497
289 290
290 369
291 363
292 294
292 320
294 396
294 319
295 402
295 366
295 348
295 490
296 297
297 330
297 493
297 461
298 485
298 454
299 494
299 367
300 422
300 487
302 407
303 304
303 381
304 476
304 356
305 307
305 466
306 323
306 453
306 386
307 441
310 332
311 381
313 314
313 322
314 411
315 357
318 393
318 378
319 450
319 455
320 447
320 321
321 323
321 427
321 430
323 478
324 442
325 385
326 464
326 431
327 418
327 391
328 329
329 460
329 342
330 332
330 362
331 369
331 380
333 444
333 408
334 336
335 471
335 376
335 383
335 494
336 338
337 456
337 402
337 342
338 418
340 425
341 397
342 361
343 345
344 345
345 377
345 367
346 393
346 418
347 447
347 432
348 462
348 457
349 390
349 383
350 352
350 392
351 353
351 481
352 407
353 354
353 469
354 396
354 389
355 460
356 460
356 378
356 415
360 455
361 362
361 419
362 405
363 495
366 448
366 439
367 402
367 394
368 370
368 377
369 370
371 451
372 447
372 406
373 408
373 444
374 492
374 417
375 407
376 477
376 415
376 462
376 397
376 482
377 472
379 381
379 479
381 448
383 486
385 424
385 445
386 478
386 484
387 443
389 493
390 392
390 429
390 460
391 392
391 393
392 447
395 461
395 477
397 431
397 438
399 471
401 403
402 425
405 424
406 443
407 439
409 410
409 411
411 413
411 457
412 430
413 414
413 474
414 442
416 418
416 471
416 423
418 420
420 485
421 474
421 483
422 423
423 441
425 427
427 437
429 431
429 430
431 499
432 433
433 472
434 480
437 494
439 440
440 441
441 470
442 479
446 447
449 451
449 459
449 466
451 452
451 453
452 453
454 456
456 458
465 478
466 488
467 468
468 469
477 491
486 487
494 495
497 498
