500 1000
1 2
1 189
1 321
1 11
2 3
2 258
2 361
3 4
3 5
3 186
3 441
4 312
4 272
5 6
5 7
5 328
6 8
6 71
6 22
7 8
7 9
7 53
8 74
8 238
8 143
9 10
9 11
9 131
10 12
10 452
11 275
11 195
11 305
12 13
12 14
13 151
13 122
14 15
14 16
15 353
15 218
16 252
16 472
17 356
17 181
17 24
18 19
18 20
18 361
19 21
19 348
19 492
20 21
20 22
20 360
20 438
21 248
21 242
21 176
22 92
22 184
22 456
23 297
23 296
24 26
24 273
25 193
25 166
25 389
26 27
26 256
27 28
27 29
27 329
28 29
28 30
28 70
29 30
29 315
30 31
30 32
31 32
31 33
31 279
31 168
31 449
31 468
32 163
32 252
32 82
33 34
33 35
34 35
34 36
35 36
35 37
35 294
36 42
36 487
36 60
37 38
37 39
38 40
38 324
39 328
39 347
39 175
39 422
40 41
40 338
40 240
41 278
41 419
41 217
41 313
42 44
42 408
42 261
43 407
43 222
43 338
44 46
44 412
44 500
45 47
45 245
46 47
46 48
47 48
47 49
47 377
48 50
48 459
49 50
49 51
49 293
49 320
50 51
50 52
50 238
50 413
51 397
51 485
51 168
52 54
52 240
53 54
54 295
54 109
54 275
54 324
55 56
55 57
55 100
56 58
56 162
57 58
57 59
57 143
57 311
58 59
58 491
58 365
58 89
59 468
59 77
59 182
60 61
60 365
60 445
60 230
61 62
61 80
62 63
62 129
62 466
63 65
63 88
63 109
64 488
64 357
65 66
65 172
65 340
65 462
66 67
66 471
66 264
67 231
67 365
67 70
67 194
68 70
68 482
69 70
69 71
69 203
70 407
71 72
71 267
71 381
72 73
72 390
72 224
73 74
73 177
74 75
74 76
75 76
75 77
76 77
76 78
76 164
76 434
77 79
77 224
77 114
77 342
78 79
78 80
79 80
79 81
79 85
80 81
80 93
80 299
80 447
81 82
81 465
81 209
81 128
82 83
82 266
83 84
83 86
84 138
84 116
85 288
85 463
86 87
86 88
87 89
87 478
87 306
87 454
87 88
88 89
89 90
90 91
90 92
90 497
91 367
91 451
92 94
93 210
93 429
93 432
93 282
94 95
94 237
95 96
95 277
96 411
96 333
96 325
97 98
97 99
97 240
98 99
98 479
98 394
99 451
99 148
99 350
99 499
100 102
100 405
101 102
101 103
102 162
102 349
103 104
103 344
103 116
104 181
104 267
104 272
105 106
105 179
105 400
106 107
106 142
107 108
107 145
108 372
108 138
108 360
109 126
109 421
110 112
110 121
111 113
111 160
112 114
112 431
113 115
113 320
113 153
113 322
113 332
114 115
114 493
115 116
115 117
116 117
116 118
117 118
117 119
117 409
118 482
118 398
118 246
118 272
119 121
119 231
119 191
119 250
120 121
120 122
120 286
120 146
121 122
121 366
122 123
122 369
122 304
122 183
123 124
123 125
124 126
124 176
125 127
125 330
125 404
126 127
126 315
127 129
127 198
128 129
128 359
129 130
129 131
129 172
130 131
130 132
130 157
130 328
131 149
131 395
132 326
132 451
133 215
133 494
134 136
134 278
135 136
135 137
135 483
136 138
136 337
137 138
137 237
137 283
138 208
138 207
138 399
139 140
139 141
140 141
140 142
141 142
141 143
142 144
142 421
142 340
144 145
144 356
144 346
145 152
145 379
146 147
147 149
147 462
148 149
148 150
148 373
149 151
149 415
150 151
150 288
150 216
150 325
151 153
151 421
152 153
152 440
152 446
152 218
153 154
154 156
154 393
155 292
155 183
155 270
155 330
156 157
156 158
157 159
158 160
158 406
158 309
159 237
159 171
159 281
159 409
159 225
160 161
160 162
161 162
161 163
161 420
161 452
162 163
162 164
162 341
163 165
163 441
163 388
164 309
165 166
165 167
165 232
166 167
166 265
166 248
167 168
167 169
168 390
168 443
169 170
169 171
170 171
170 241
170 184
171 173
173 174
173 175
174 176
174 313
174 327
175 176
175 177
176 177
176 178
176 228
176 276
176 460
176 197
177 178
177 179
177 380
177 305
178 179
178 180
178 200
179 180
179 181
180 182
180 451
180 254
181 284
182 183
182 345
182 417
182 440
184 186
184 283
185 187
185 378
185 225
186 187
187 425
187 326
187 395
188 190
188 334
189 375
190 191
190 356
190 286
191 192
192 194
192 446
192 463
193 195
193 454
193 323
194 462
194 358
195 197
196 496
196 345
197 256
198 199
198 323
199 200
199 201
200 499
200 428
200 269
201 202
201 203
202 203
202 204
202 348
203 204
204 432
204 397
204 209
205 206
205 369
206 208
206 272
206 433
207 208
207 334
208 209
208 210
208 342
208 214
209 210
209 211
210 211
210 416
211 213
211 219
212 213
212 214
213 214
213 215
214 215
214 257
215 217
215 339
216 217
216 218
216 453
217 218
217 219
218 219
218 220
218 360
219 220
219 403
220 221
220 222
220 319
220 239
221 222
221 223
222 295
222 289
223 225
223 255
225 284
225 264
226 227
226 228
226 268
227 228
227 229
228 230
228 259
228 326
229 230
229 231
230 231
230 391
231 232
231 233
232 234
233 235
233 448
233 391
234 313
234 270
234 460
235 236
235 237
235 327
236 237
236 238
237 239
237 267
237 413
237 484
238 239
239 240
240 241
241 316
241 486
241 302
242 275
243 244
243 245
244 245
244 292
244 347
245 246
245 247
245 257
246 402
247 429
247 321
247 336
248 249
248 250
248 329
249 250
249 251
250 363
251 252
251 253
252 418
253 288
253 384
253 375
253 456
254 256
255 256
255 405
256 258
256 337
256 371
258 354
258 410
258 345
259 459
259 307
259 320
259 468
260 262
260 469
261 263
262 289
262 347
262 296
263 265
263 389
264 460
265 363
266 485
266 274
266 364
267 444
267 395
268 270
269 270
269 350
269 337
270 327
271 272
271 335
272 439
273 275
273 346
274 276
274 291
275 277
276 473
277 278
277 279
277 289
278 279
278 289
279 341
280 282
280 476
281 298
282 283
282 442
282 320
282 423
283 431
283 290
284 285
284 398
284 297
284 485
285 287
285 471
287 288
287 374
287 405
288 349
289 389
290 291
291 292
292 426
293 294
294 296
295 296
295 350
296 297
297 298
298 300
298 384
299 300
300 301
300 302
301 421
301 358
301 422
302 303
303 304
303 427
304 306
304 360
306 308
307 309
308 309
308 451
308 367
309 311
309 442
310 311
310 312
311 338
312 314
312 410
313 314
313 391
314 315
314 316
315 316
316 318
316 354
316 458
317 318
317 447
318 319
318 320
319 321
321 323
322 323
323 325
324 325
324 326
325 326
326 455
327 500
329 382
330 332
330 390
330 349
331 332
331 333
332 391
333 335
334 336
334 394
335 336
335 411
335 489
336 338
336 380
337 338
337 382
337 495
338 340
339 340
339 341
339 497
340 341
340 444
341 400
342 427
342 451
342 393
343 344
343 345
343 428
344 346
345 347
346 347
346 348
347 349
348 446
349 350
350 353
351 352
351 362
352 353
352 412
353 354
354 386
355 357
355 428
355 394
356 402
357 358
357 359
357 399
357 450
359 361
362 363
362 421
363 364
363 365
363 494
364 365
364 366
365 367
366 367
366 368
367 368
368 369
368 370
368 472
369 499
370 371
370 372
371 372
372 373
372 374
373 374
374 375
375 377
375 387
376 377
376 378
377 379
378 379
378 380
379 380
379 381
380 382
381 382
381 448
383 384
383 385
383 421
384 442
385 386
385 387
386 387
386 388
387 388
387 389
388 451
390 392
390 484
390 424
392 393
392 406
393 394
394 477
395 396
395 430
396 397
396 398
397 399
398 399
398 400
400 408
401 402
401 403
402 403
402 404
403 405
403 491
404 434
404 496
405 406
406 407
406 408
407 408
408 409
408 410
410 412
411 413
412 413
412 414
414 415
414 416
415 417
416 417
416 489
417 418
417 419
418 419
418 420
419 421
420 421
422 423
423 424
424 426
425 426
425 427
426 427
426 428
427 429
428 430
429 431
430 431
430 475
431 433
431 435
432 434
432 480
433 434
435 436
436 438
436 467
437 438
437 439
438 440
439 440
439 441
441 442
442 469
443 444
445 447
446 448
447 448
447 462
448 449
448 489
449 450
450 452
451 453
452 453
453 455
454 456
455 456
455 457
456 457
457 459
457 488
458 460
459 460
459 461
461 462
461 463
464 465
464 477
465 467
466 467
467 468
467 469
469 471
470 471
470 472
471 473
472 474
473 474
473 475
474 475
474 476
475 476
476 477
476 478
477 493
478 479
478 480
479 481
480 481
481 482
481 483
482 483
482 484
483 484
484 485
486 487
486 488
487 489
488 489
488 490
489 490
490 492
490 499
491 493
492 494
493 494
494 495
495 496
496 497
496 498
498 499
498 500
