3000 4490
1 1833
1 2184
2 43
2 742
2 2142
3 435
3 457
3 797
3 1068
4 759
4 2798
5 22
5 2592
6 139
6 441
6 1467
6 1766
6 1944
6 2647
7 1151
8 666
8 1432
8 1948
8 2613
9 722
9 1182
9 2618
10 1886
10 2105
11 1185
11 2297
11 2699
12 2751
13 2185
14 425
14 1373
14 2900
15 157
15 1449
16 565
16 592
16 1960
16 2021
17 709
17 1129
17 1840
17 2052
18 1460
18 2588
19 1326
19 1389
19 1520
20 481
20 1171
20 1619
21 204
21 1147
21 1724
21 1929
21 1983
21 2590
22 947
22 1737
22 1771
22 1850
22 1899
22 2490
23 1846
23 2112
23 2514
24 73
24 1504
24 1698
24 1866
24 1912
24 2855
25 59
25 946
26 1154
27 1582
27 2232
27 2419
27 2497
28 1061
28 1544
28 2245
29 1609
29 2484
29 2485
30 734
31 132
31 651
31 1606
31 2140
31 2253
31 2657
32 120
32 1104
32 1202
32 1384
32 2960
33 777
33 1601
33 1664
34 123
34 1779
34 1795
34 2523
34 2757
35 464
35 1262
35 2793
36 821
36 1644
36 2535
37 376
37 659
37 2085
37 2317
37 2409
38 48
38 390
39 716
39 2884
40 199
40 413
40 2025
40 2993
41 1425
41 2574
41 2601
42 456
42 1973
43 965
43 2910
43 2980
44 788
44 1728
44 1833
44 2766
45 342
45 499
45 637
45 844
45 2993
46 111
46 700
47 1099
47 1425
47 2948
48 584
48 1002
48 1910
48 2012
49 818
49 1399
49 2031
49 2292
50 176
50 222
50 899
50 2220
50 2639
51 594
51 2342
52 1554
52 2059
52 2271
52 2784
53 579
53 796
53 803
53 1221
53 2169
53 2322
53 2437
53 2637
54 1417
54 1985
55 576
56 1356
56 2685
57 815
57 1977
57 2958
58 570
58 1656
59 264
59 498
59 638
59 804
59 994
59 1140
59 2417
60 555
60 1812
60 1842
60 2545
61 631
61 1472
61 2784
62 1655
62 2091
63 784
63 1622
63 1898
63 1937
64 801
64 1792
64 2706
65 802
65 960
65 1281
65 1646
65 2605
66 1680
66 1841
67 1363
68 1447
69 400
70 1783
71 898
71 2127
71 2817
72 1343
72 1891
72 2741
72 2955
73 93
73 574
73 2320
74 1045
74 1512
74 1657
74 2906
75 303
75 2354
75 2452
76 684
76 2844
77 163
77 173
77 2323
77 2536
78 2002
79 359
79 1990
79 2030
79 2591
80 128
80 2437
80 2738
81 682
81 1508
82 499
82 690
82 1708
82 2130
82 2210
83 1699
83 1805
84 130
84 1123
85 169
86 1330
86 1454
86 2174
87 736
87 1101
87 2516
88 653
88 1342
89 584
89 955
90 178
90 411
90 1558
90 2566
90 2718
91 571
92 502
92 1619
92 1886
93 258
93 689
93 1628
93 1629
93 2529
94 970
94 2152
94 2771
95 2501
96 235
96 990
97 307
97 594
97 1278
97 1575
97 2535
98 1912
98 2049
99 2221
99 2914
100 544
100 2715
101 673
101 1611
102 361
103 528
103 585
103 590
103 2334
104 923
104 2069
105 2291
106 2019
108 239
108 1257
108 2248
108 2288
108 2390
109 1135
111 2604
111 2723
112 175
112 545
112 1015
112 1037
112 1269
112 2818
113 310
113 334
113 2416
113 2859
114 772
114 1254
114 2514
115 1055
115 2466
115 2578
116 2317
117 900
117 1199
117 1241
117 2457
117 2477
118 162
118 456
118 1405
119 641
119 1235
120 1378
120 1590
120 2965
121 2025
121 2748
122 1027
122 1227
122 1568
123 639
123 1179
123 2710
123 2939
124 193
124 1440
124 2060
124 2480
125 311
125 815
125 2725
126 773
126 792
126 1264
126 1401
126 1874
126 2212
126 2494
127 1667
129 1564
130 1830
131 1160
131 1170
131 1332
131 2223
132 1289
132 2515
132 2959
133 475
133 1162
133 2525
133 2644
134 516
134 2784
136 2590
136 2665
136 2848
137 2173
137 2199
138 454
138 1015
138 2461
139 2436
139 2479
140 1133
140 1260
140 1920
140 2500
141 736
141 884
141 921
141 1857
141 2653
142 741
142 1049
142 1354
142 1427
142 1590
142 2000
142 2138
143 212
143 1782
145 337
145 551
145 988
146 1282
146 2063
146 2392
146 2554
148 681
148 902
148 1366
148 1704
148 2063
148 2873
149 262
149 1020
149 1307
149 2590
151 2202
151 2709
152 1857
152 2406
152 2505
152 2616
153 816
153 1199
153 1505
154 1489
154 1993
154 2972
156 2169
156 2406
157 897
157 1284
157 2892
158 1180
158 2619
158 2651
159 543
159 1825
159 2027
159 2769
160 908
161 290
161 2038
162 291
162 1798
162 2594
164 910
166 843
166 1857
167 965
167 1648
167 2646
168 1247
168 1928
169 604
169 1386
169 1928
170 402
170 958
170 1382
170 2121
170 2626
171 255
171 726
171 1552
171 2309
171 2475
172 265
172 1622
173 187
173 869
173 1352
173 1815
173 2786
174 379
174 658
174 1883
175 497
175 984
175 1626
176 661
176 1068
176 1112
177 1690
178 565
178 915
178 1119
178 1233
178 2815
179 1234
180 852
180 1244
180 2892
181 356
181 624
181 1865
181 2129
181 2288
181 2940
181 2950
182 2523
183 2305
184 368
184 395
184 579
184 1383
184 1706
184 1907
184 2740
185 2336
186 1002
186 2053
186 2275
186 2643
187 1442
187 1494
187 2247
188 197
188 1146
188 1566
188 2087
189 241
189 1229
189 1983
189 2476
190 435
190 509
190 773
190 1854
192 1296
192 1874
192 2411
193 945
193 1005
194 1522
194 2797
195 592
195 2831
195 2859
196 836
196 2370
197 356
197 1651
197 2370
197 2895
198 900
198 1329
198 1973
199 1341
201 1591
201 1614
201 2369
202 919
202 1963
203 302
203 640
203 2685
204 470
204 1582
204 1886
204 1909
204 2259
205 442
205 731
205 889
205 2831
206 1582
206 1820
206 1950
206 2593
206 2724
207 952
207 1776
207 2775
208 570
208 573
208 923
208 1405
209 507
209 1767
209 2918
210 1430
210 2939
211 1003
211 2292
211 2442
211 2506
212 335
212 521
212 1411
212 2543
213 1387
214 1396
215 1693
217 2343
217 2512
218 1327
218 2153
218 2317
219 476
219 597
219 801
219 811
219 1194
219 2286
220 280
220 1866
221 1087
221 2121
221 2829
222 435
222 779
222 1929
222 2307
223 2275
223 2305
224 791
224 1067
224 2142
224 2503
225 1963
226 373
226 1629
227 525
227 1107
227 1742
227 2846
228 953
228 2210
228 2329
228 2558
228 2644
229 479
229 1722
230 2098
231 642
231 806
231 832
232 2619
233 411
233 913
233 958
233 1153
233 1779
233 2909
234 1067
234 1179
234 1701
236 522
236 562
237 620
237 1245
237 1382
237 1921
238 476
238 1196
238 1525
239 2712
240 1021
240 1283
240 1577
240 1758
240 2200
240 2596
241 549
242 1288
242 1336
243 2551
244 414
244 505
244 707
244 1450
244 1486
244 1832
244 2435
244 2590
245 494
245 1262
245 2254
246 350
246 2247
246 2515
246 2652
247 932
247 1155
248 440
248 776
248 1303
248 1634
248 2551
248 2695
249 1214
249 1388
249 2177
249 2770
250 288
250 1824
250 2545
251 1934
251 2752
252 1175
252 1232
252 1588
252 1880
252 2136
252 2861
253 1114
253 1253
254 2524
255 1994
255 2671
256 262
256 1042
256 2277
256 2312
256 2397
257 700
257 1330
257 1782
257 2071
257 2269
258 376
258 666
258 1860
259 990
259 1274
259 1448
259 2279
260 369
260 2261
260 2679
261 622
261 685
261 999
262 374
262 1003
262 1606
262 2429
263 475
263 1375
263 1600
263 2257
264 729
264 990
264 1282
264 1414
264 1566
264 1603
264 1912
264 2609
265 1313
265 1332
265 2217
266 2603
267 1788
267 2743
268 378
268 1929
268 2037
269 557
269 868
270 1750
271 1987
271 2602
271 2866
272 484
272 2251
272 2390
273 1202
273 1285
274 455
274 1016
274 2003
274 2142
274 2199
275 798
275 954
275 1370
275 2723
275 2824
275 2911
275 2929
276 1610
276 2351
276 2593
276 2920
277 369
277 2565
277 2823
278 1146
278 1901
279 964
279 1274
279 2131
279 2216
279 2749
280 2508
280 2514
281 294
281 1365
281 1526
282 884
282 2807
283 1792
283 2406
284 1089
284 1868
284 2230
286 339
286 357
286 1085
286 1448
286 2043
286 2129
286 2223
287 653
288 863
288 2679
288 2927
289 1811
289 2833
290 649
290 1929
290 2849
291 1786
292 1355
292 2181
292 2271
292 2763
294 368
294 635
294 1022
294 1617
294 1746
294 2210
295 2529
295 2575
295 2716
296 1273
297 353
298 620
298 743
298 1547
299 839
299 1789
299 1813
299 2180
300 1213
300 2973
301 906
301 1099
301 1728
301 2470
301 2942
302 1187
302 2218
303 945
303 1184
303 1865
304 972
305 1459
305 2129
305 2327
305 2419
306 1594
306 1625
307 807
307 2049
308 385
308 431
308 564
308 2709
308 2901
308 2995
309 1062
309 1843
309 2593
310 1738
311 2078
311 2232
312 1438
313 358
314 556
314 1372
314 2129
315 1010
315 1102
315 1896
316 642
316 1618
316 1811
317 1637
319 493
319 1374
319 1378
319 1518
320 867
321 1460
321 1586
322 838
322 1361
322 1522
322 2723
323 678
323 1353
324 470
324 568
325 658
325 1759
325 2039
325 2205
326 1182
326 2181
326 2253
327 2329
328 2451
328 2981
329 1376
329 1402
329 1798
330 547
330 1629
330 1774
331 1322
331 1836
332 530
332 1705
332 2501
334 2591
335 461
335 1248
335 1453
335 1799
336 598
336 2537
336 2581
337 2131
337 2166
337 2923
338 2474
340 420
340 746
340 1040
340 2098
340 2641
341 517
341 2930
342 1534
343 789
343 1590
343 2516
344 451
344 654
344 1380
344 1566
344 2061
345 1276
345 2982
346 554
346 2729
347 901
347 2335
348 2997
349 672
349 850
349 853
350 1504
351 622
352 467
352 630
352 689
352 918
352 1740
352 2538
352 2976
353 1553
353 2104
353 2401
353 2984
354 778
354 2339
354 2941
356 2688
357 1273
358 1293
358 1635
358 1993
358 2488
359 2217
359 2339
359 2655
360 793
361 1114
361 1642
361 1904
361 2300
361 2459
361 2656
362 2586
362 2587
362 2716
362 2884
363 2553
363 2978
365 1951
366 1361
366 1464
366 2680
368 1276
368 1474
369 998
369 1538
370 2573
370 2826
370 2906
371 435
371 555
371 897
371 1366
372 1686
372 2574
374 648
374 1095
374 2223
375 723
375 856
375 1290
375 1864
375 2131
376 989
377 2538
378 1455
378 2181
379 2071
379 2111
380 2477
380 2632
380 2974
381 1044
381 2778
382 2619
382 2984
383 1009
383 2755
384 715
384 936
384 1194
384 2175
384 2195
384 2222
385 858
385 1621
385 2267
385 2338
385 2519
386 1106
386 1510
386 2579
387 906
388 1267
388 1471
388 2141
389 791
389 1500
389 2125
390 628
390 1374
390 1606
391 399
391 718
391 1276
391 1385
391 1470
391 2455
391 2481
392 1718
392 1844
392 2258
394 1030
394 1256
396 1146
397 471
397 2233
398 605
398 1631
398 1913
398 2798
399 400
399 1243
399 1429
399 1464
399 2098
399 2869
399 2982
400 549
400 1030
400 2962
402 774
402 2082
403 1587
403 1676
403 2140
403 2450
404 675
404 2480
404 2568
404 2876
405 731
405 2557
406 885
407 1455
407 2152
408 1920
409 2361
410 672
410 1250
411 1914
412 482
412 1782
413 636
413 855
413 1914
414 918
414 1848
414 1936
414 2165
415 669
415 1815
415 2797
416 2540
416 2714
416 2732
417 1024
417 1881
418 1128
419 491
419 574
419 832
419 1426
419 2463
420 1499
420 1845
420 2103
420 2587
420 2627
420 2933
421 1546
422 1358
422 1688
422 2993
423 1326
423 1395
423 1989
423 2230
423 2938
424 1107
425 2769
426 1112
426 1750
426 1940
427 1044
428 431
428 629
428 975
428 1060
428 1654
428 2242
429 1448
429 2049
430 582
430 689
430 1513
431 1713
432 988
432 1026
432 1595
432 2768
432 2844
433 1027
433 1152
433 1579
433 1731
433 2332
434 754
434 1489
435 1668
435 2236
435 2763
436 2058
436 2903
437 636
437 1801
437 2878
438 1094
438 1232
438 1527
438 1573
438 1808
439 1143
439 1652
439 1844
439 2270
440 1372
440 1506
441 1697
442 1135
442 1410
443 613
443 799
443 2091
443 2166
445 635
445 696
445 1932
445 2505
446 1624
446 1924
447 1793
447 2983
448 2012
449 1495
449 1924
449 2606
449 2751
451 538
451 1900
451 2146
451 2867
452 1188
452 1315
453 466
453 750
453 1982
453 2503
453 2644
453 2951
454 755
454 1630
455 2076
456 799
456 1964
456 2790
457 673
457 1666
457 2087
458 1592
458 2430
458 2640
459 1860
460 896
460 1097
460 1417
460 2145
460 2709
461 1046
461 1635
461 1940
462 613
462 2508
462 2601
463 481
463 1325
463 1918
464 1452
464 2817
465 828
465 1804
466 576
466 635
466 2070
466 2597
467 491
467 2030
467 2988
468 1348
469 2575
470 999
470 1932
470 2409
470 2801
471 1501
471 2188
472 1926
472 2248
472 2265
472 2675
473 1033
473 1642
473 1742
473 1942
473 2589
473 2709
474 948
474 1751
474 2282
476 2308
477 1701
477 2671
477 2960
478 1210
479 647
479 1978
479 2029
480 1537
480 1769
482 1001
482 1973
484 2235
485 2262
485 2551
486 2287
487 629
488 979
488 2737
489 743
489 1843
489 2117
490 1164
490 1325
490 2499
491 2202
492 498
492 1143
492 1771
492 1883
493 1027
493 1581
493 1802
493 2643
493 2890
494 2300
494 2623
494 2920
495 622
495 2351
495 2405
496 730
496 1010
496 1153
496 1681
497 1628
498 630
498 1065
498 2275
499 593
499 598
499 847
499 907
499 989
499 1120
499 1439
499 2394
500 851
500 1261
500 2009
501 1149
502 2443
502 2976
503 1001
503 2991
504 743
504 2119
504 2479
505 1307
505 2415
505 2535
506 741
506 1188
506 1414
506 1494
506 2238
507 2759
508 842
508 2918
509 686
509 2232
509 2492
510 1527
510 1785
511 635
511 674
511 935
511 2278
512 1033
512 1829
513 1158
513 1202
514 528
514 754
514 975
514 1864
514 2270
515 965
515 1302
515 1408
515 1994
515 2416
515 2662
516 1210
516 2854
517 928
517 2781
518 821
518 2749
519 605
519 866
519 1197
519 1379
519 1565
519 2976
520 805
520 2115
521 2075
521 2528
522 1115
522 1386
522 1954
522 2219
522 2352
522 2642
523 1653
523 2045
524 775
525 1526
525 2013
526 1173
527 1616
528 618
528 2325
529 1203
529 2208
529 2274
530 1366
531 673
531 2438
532 1552
532 2108
532 2629
533 2273
533 2424
535 565
535 1244
535 1343
535 2516
535 2923
536 1125
536 1613
537 994
537 1930
537 2995
538 965
538 1060
538 2343
538 2750
540 549
540 1463
540 2871
541 863
541 1762
541 1772
542 737
542 2730
543 1349
544 1220
544 1651
544 2743
544 2871
545 677
545 968
545 1843
546 2999
547 1358
547 1840
547 1862
548 1329
548 1463
548 1573
549 1369
549 1953
550 1303
550 2476
551 1892
551 2139
551 2457
552 766
552 1432
552 1710
552 2403
552 2733
553 568
553 593
553 2172
553 2224
553 2271
553 2529
554 1408
554 2320
554 2662
555 716
555 1046
556 747
556 977
556 2237
557 602
557 640
557 1813
558 1049
558 1267
558 1802
558 2282
558 2437
559 754
559 1091
559 1362
559 1601
560 1650
560 1830
560 2371
560 2586
560 2629
561 1705
562 1928
562 2039
563 1047
564 573
564 1322
564 2737
565 1883
566 2277
566 2782
566 2956
567 1066
567 1092
568 612
568 1150
568 1466
568 1644
569 1238
570 2385
571 1750
572 1910
572 2331
572 2934
573 1412
573 2851
573 2992
574 710
574 1756
574 1805
575 1622
575 1938
576 1856
576 2329
576 2989
578 753
578 2051
578 2058
578 2554
579 1190
579 2157
579 2161
580 1530
580 2001
580 2341
581 1375
581 1453
581 1528
581 1969
582 761
582 1582
582 1890
582 1961
583 716
583 2163
583 2520
584 2140
584 2331
585 1749
585 2144
585 2753
586 772
586 818
586 1617
587 1794
587 2253
588 685
588 2689
588 2703
589 803
590 1284
590 1722
590 2732
590 2990
590 2999
591 753
591 1496
591 2672
591 2792
592 934
592 2125
592 2313
592 2804
592 2971
594 1380
595 1219
595 2463
595 2900
596 946
596 1192
597 641
597 777
597 1453
597 2403
597 2839
598 1278
599 1264
599 1726
599 2077
600 1345
601 1179
602 1142
602 1504
602 1525
603 1380
603 1987
603 2555
604 856
604 2184
605 1106
605 1278
605 1388
605 2866
606 962
607 2615
608 1491
609 1368
609 1995
609 2166
609 2912
610 2182
610 2772
610 2799
610 2995
611 2176
611 2431
611 2778
611 2997
612 2334
612 2636
612 2765
613 1438
614 1009
614 1928
614 2163
614 2464
614 2491
615 1378
615 2913
616 1841
616 2330
616 2358
617 724
617 2478
617 2786
618 700
618 1240
618 2656
618 2658
619 958
619 1724
620 2050
620 2157
620 2549
620 2792
622 821
622 967
622 2194
623 1813
624 1044
625 2024
625 2292
626 1706
627 1110
628 1985
629 1343
629 2110
630 1161
631 2647
632 2034
632 2469
632 2637
633 2352
634 688
634 2710
635 712
635 1124
636 825
636 1527
636 1847
636 2101
636 2660
637 733
637 1237
637 1740
637 2830
637 2868
638 1284
638 2184
639 1277
639 2424
639 2866
640 2983
641 1773
642 1449
642 2454
642 2552
642 2713
643 1915
643 2681
644 991
644 1376
644 1951
644 2140
645 1455
646 880
646 1802
646 2217
647 918
647 1992
647 2290
647 2727
648 1800
648 1874
648 2128
649 1785
649 2882
650 1422
650 1549
651 1009
651 1482
651 1579
651 2458
652 2388
653 2033
653 2273
654 1664
654 2119
654 2574
655 1338
655 1879
655 2063
655 2737
656 1343
656 2228
657 1257
657 1454
657 1774
658 1984
658 2889
658 2960
658 2995
659 750
659 2647
660 1591
660 1767
660 2631
661 2350
661 2410
662 2400
663 1819
663 2089
663 2271
664 1736
664 2453
665 1653
665 2079
666 1925
667 698
667 1424
668 1261
668 1909
668 2657
669 855
669 1801
669 2755
669 2874
671 1346
672 1902
672 1937
672 2258
673 1416
673 1856
674 1154
674 1472
674 1702
674 2005
675 923
675 2496
675 2920
677 1678
677 1809
677 2459
678 1123
678 1662
678 1766
678 1962
678 2626
679 1343
679 2461
680 1189
680 1391
680 2404
680 2915
681 2666
682 1651
682 2807
683 2635
684 814
684 951
684 1676
684 1782
685 995
686 1840
686 2727
687 1669
687 1859
687 1916
687 2919
688 2349
689 2559
689 2585
690 1114
690 1848
690 2299
691 1272
691 1728
691 2232
692 1074
692 1222
692 2409
692 2694
692 2851
693 1606
693 1655
693 2820
694 1838
694 2747
695 921
696 1293
696 2500
698 710
698 1387
698 2373
699 875
699 1155
699 2037
700 1168
700 1852
700 2681
701 1126
701 2577
702 914
703 1588
704 758
704 1499
704 2209
704 2804
705 1387
705 2141
706 1497
706 1965
706 2747
706 2849
707 2870
708 861
708 1030
709 894
709 1485
709 1951
709 2428
710 784
710 2114
711 1371
711 1915
712 1065
713 762
714 1804
714 1947
714 2505
715 2813
716 1696
717 2948
718 1081
718 1953
719 1582
719 1835
719 2923
719 2970
720 1076
720 2004
720 2445
721 752
722 1249
722 1282
722 1603
722 1608
722 2439
723 1725
723 2401
723 2556
724 1770
725 1002
725 1028
727 2649
727 2655
727 2853
728 2928
729 783
729 1064
729 2741
730 1763
730 2882
731 1135
731 2162
731 2202
731 2507
731 2811
732 843
732 1039
732 1846
732 2398
732 2831
732 2953
734 919
734 1029
734 2472
735 921
735 2177
735 2445
736 2137
737 2245
738 754
738 1435
738 2046
738 2078
738 2778
739 761
741 1175
741 1441
742 814
742 2339
742 2898
743 2039
743 2650
744 947
744 2404
744 2679
744 2941
745 2436
746 848
746 1637
747 1458
748 1488
750 839
750 941
750 1455
751 1257
751 1383
751 1873
751 2174
751 2211
751 2273
752 1085
752 1338
752 2439
752 2918
754 2261
755 2044
755 2839
756 1628
757 1007
759 1274
759 2114
759 2978
760 2067
760 2787
761 1497
761 1639
761 2073
761 2995
762 2076
763 1017
763 1650
764 946
764 1432
764 2579
765 2318
766 1129
766 1152
767 2093
767 2321
768 1988
768 2784
768 2903
770 1558
770 1575
770 1812
770 2503
771 1404
771 2108
773 1424
773 2193
774 2580
775 1380
775 1443
775 2347
775 2412
775 2528
776 1292
776 1507
776 1666
777 884
777 895
777 956
777 2053
777 2187
777 2902
777 2960
779 1566
780 1993
780 2366
781 1046
781 1722
781 2303
781 2329
781 2777
782 1122
782 2213
782 2280
783 1691
783 1804
784 1079
784 1741
785 1699
785 2114
786 787
786 1327
786 2668
787 1247
787 1965
787 2335
788 1297
788 2388
788 2722
790 829
792 2323
792 2786
793 1068
793 1471
793 2267
794 2796
795 1973
795 2837
796 1672
798 1705
799 2553
800 856
802 1189
802 1651
802 2240
802 2353
803 1356
803 1494
803 1703
803 2255
803 2332
803 2904
804 1382
804 2364
805 1610
805 2906
806 2940
807 1988
807 2499
807 2976
808 1723
808 1733
809 1229
809 2915
810 1236
810 1399
810 2827
811 1131
811 1214
811 1325
811 1446
811 1860
811 2178
813 891
813 1805
813 1934
813 1941
813 2012
813 2111
813 2784
813 2941
814 1269
815 1078
815 2833
816 2165
817 2068
817 2234
818 2895
819 1461
820 1284
820 1414
820 1445
820 1659
820 1819
820 2908
821 874
821 1672
821 2292
823 1732
824 1229
824 1274
825 1341
825 1611
825 2154
826 1081
826 2514
827 829
827 1329
827 1949
827 2567
827 2888
828 1003
828 1008
828 2413
829 1934
830 2118
830 2324
830 2392
830 2673
831 1357
831 1854
833 1359
833 2647
834 870
834 2029
835 1315
835 2011
836 2430
836 2757
836 2990
837 1307
838 1342
838 2385
839 1245
839 2583
840 1031
841 1629
841 1700
841 1832
841 2143
842 1316
842 2123
843 997
844 2488
844 2958
844 2961
845 1233
845 1292
845 2564
845 2962
846 1488
846 1536
847 2524
848 1243
848 2233
848 2503
848 2773
849 1322
849 1953
850 1049
850 2374
851 2302
852 901
852 1450
852 2059
853 1770
853 2951
854 1749
855 1340
855 1704
856 2569
856 2980
858 1397
859 2286
861 1745
863 897
863 2421
863 2511
863 2868
864 1111
864 2561
864 2631
865 1949
866 1167
866 1284
866 1319
867 1706
867 2545
867 2743
869 1969
869 2143
870 1913
870 2715
871 2878
872 2192
872 2249
872 2511
873 1183
873 1384
873 1722
873 1766
873 2672
874 2164
875 1251
875 2811
876 2301
877 1617
877 1790
877 2225
877 2809
878 1776
878 2268
878 2970
879 2452
879 2911
879 2973
880 2274
881 970
882 1696
882 1805
882 2595
883 1025
884 2844
885 1185
885 1492
886 2434
886 2843
887 984
887 1496
887 1798
888 2108
890 1430
890 2654
891 996
891 1882
891 2386
892 993
892 2684
893 1917
893 2733
893 2751
893 2924
894 1984
894 2203
894 2426
895 1903
895 2415
896 2609
896 2957
897 1591
898 1992
898 2050
898 2123
898 2898
899 2549
901 1154
901 2383
901 2895
903 1058
903 1703
903 2623
905 2827
906 1335
906 2687
907 2537
907 2585
907 2986
909 1230
909 1562
909 2315
910 2323
911 1012
911 2157
911 2314
912 930
912 2047
913 914
913 1147
913 2869
914 2367
914 2413
915 1391
916 1066
916 2754
919 1357
919 1718
919 2466
920 2780
921 1766
921 1899
921 2256
921 2455
921 2739
922 1011
922 2214
923 1796
924 1437
924 1980
924 2794
925 1858
925 2540
925 2674
926 1746
926 2471
926 2495
927 1344
927 1754
928 2202
929 2418
929 2426
930 1967
930 2279
931 1120
931 1640
931 2192
931 2443
932 2843
933 1018
933 1259
933 2427
934 966
934 2423
935 1598
935 2098
935 2263
936 2916
937 2592
937 2835
938 1328
938 1875
938 2176
939 1714
939 2169
939 2933
941 1251
941 1491
941 1592
942 2802
943 1140
943 1917
943 2092
948 996
948 1713
949 2859
950 952
952 1023
952 1410
953 1239
953 2417
954 2943
956 1316
956 1327
956 1953
957 1661
957 2145
957 2907
958 1747
958 2722
959 1445
959 1455
959 1492
959 2030
959 2507
960 1596
961 1158
961 1634
962 2243
962 2949
963 2677
964 1000
964 1269
964 1325
966 2277
967 1416
967 2444
968 2285
969 1610
969 1657
969 2047
969 2101
969 2161
969 2918
970 1620
970 2167
970 2923
970 2967
971 1147
971 2705
972 1624
973 1869
974 1144
974 1795
974 2096
975 1093
975 2254
976 998
976 1364
976 2550
976 2677
977 1394
977 2718
979 1189
979 1439
979 2188
981 1954
981 2828
982 2906
983 1009
983 2867
984 1462
984 2870
985 1035
985 1419
985 2470
986 1453
986 1655
986 1842
986 2165
986 2293
986 2566
987 1291
987 2129
989 1410
989 1632
991 1885
991 2167
992 1490
992 2073
995 1435
995 2619
996 1874
996 2237
997 2140
997 2403
997 2454
997 2620
998 1348
998 1648
998 2946
999 1566
999 1808
999 2838
1000 1496
1000 1632
1000 2756
1001 1160
1001 2639
1002 2216
1003 1373
1003 1587
1003 2694
1005 1372
1006 1911
1006 2501
1007 1763
1007 2296
1008 2954
1009 2131
1009 2906
1009 2910
1009 2921
1011 1848
1011 2474
1011 2939
1012 1540
1012 2548
1012 2711
1015 1020
1015 1159
1016 2063
1016 2447
1017 1024
1017 1718
1018 1596
1018 2095
1018 2176
1018 2493
1018 2619
1018 2983
1019 1112
1019 1890
1019 1970
1020 1324
1020 1993
1020 2214
1022 1295
1022 1402
1022 1648
1023 2644
1024 1347
1024 1452
1024 2140
1025 1555
1025 1784
1025 1966
1025 2107
1026 1261
1026 1866
1026 2616
1027 1309
1027 1399
1027 2816
1028 1957
1028 2095
1028 2190
1029 1243
1029 1380
1029 2010
1029 2623
1030 1273
1030 2213
1031 1437
1031 2313
1032 1868
1032 2932
1033 1534
1033 1628
1033 2116
1033 2979
1035 1751
1035 2521
1036 2344
1037 1089
1037 1118
1037 1236
1037 2325
1038 2041
1039 1244
1039 1708
1039 2529
1041 1586
1041 2164
1041 2211
1041 2385
1041 2745
1043 2694
1044 1491
1045 1238
1045 2106
1045 2796
1045 2933
1046 1724
1046 2451
1046 2719
1047 1892
1048 1255
1048 1611
1048 1932
1048 2910
1049 1605
1050 1260
1050 2017
1051 2171
1051 2816
1052 2587
1053 2265
1054 1591
1054 2697
1054 2913
1055 1763
1055 1771
1055 1943
1055 2444
1055 2673
1056 1077
1056 1175
1056 1413
1056 2775
1056 2826
1056 2920
1057 1166
1057 1608
1057 1645
1058 1467
1058 1713
1059 1256
1060 1998
1060 2597
1060 2669
1061 1389
1061 1482
1061 1971
1062 1784
1062 1928
1063 1810
1064 1161
1064 2795
1065 1519
1065 1865
1065 2191
1065 2425
1065 2530
1065 2982
1066 2276
1067 1332
1067 1924
1067 2187
1067 2658
1068 1232
1068 2157
1068 2291
1068 2807
1069 1484
1069 2388
1070 1084
1070 1654
1070 2675
1070 2777
1072 1221
1072 1279
1072 1437
1073 2392
1074 1447
1074 2102
1074 2616
1075 1219
1075 1288
1075 2196
1077 1326
1077 2086
1077 2958
1078 1606
1078 2426
1079 1975
1079 2875
1080 1788
1080 1790
1080 2485
1081 1459
1081 2629
1081 2967
1082 1867
1083 2166
1084 1668
1084 1695
1085 1926
1085 1990
1085 2332
1085 2915
1086 2165
1087 1446
1087 1461
1088 1396
1088 1847
1089 1573
1089 1760
1089 1777
1089 2358
1089 2737
1090 1117
1090 2625
1091 2895
1092 1451
1093 1817
1093 1885
1093 2678
1094 1095
1096 1187
1096 1738
1096 1777
1096 1980
1097 1892
1098 1180
1098 2208
1100 1250
1100 1487
1100 2480
1101 1372
1102 1229
1102 2282
1102 2535
1102 2587
1102 2903
1103 1960
1103 2228
1103 2841
1103 2865
1104 2579
1104 2774
1105 1209
1105 1786
1105 2543
1106 2443
1107 1418
1108 1600
1108 2024
1109 1284
1109 1539
1109 2197
1109 2313
1110 1162
1110 1375
1110 1928
1111 1209
1111 2581
1112 1527
1113 2143
1114 1799
1114 2927
1115 1317
1115 1826
1115 2623
1116 1353
1116 1764
1117 1251
1117 1441
1117 2865
1118 1460
1118 1844
1118 2285
1119 1604
1119 1863
1119 2072
1119 2877
1120 1156
1120 2068
1120 2382
1121 1463
1121 2230
1122 1716
1122 2380
1122 2878
1122 2941
1123 2075
1123 2276
1125 1686
1126 1447
1126 2010
1126 2439
1126 2551
1127 1734
1128 1491
1128 2299
1128 2660
1129 1490
1129 1956
1129 2731
1129 2816
1130 1261
1130 2696
1130 2725
1131 2086
1131 2550
1131 2621
1132 1594
1132 1904
1133 1174
1133 1578
1133 2073
1134 2058
1134 2073
1134 2875
1135 1146
1135 2169
1136 1848
1136 2903
1137 1150
1137 1252
1139 1218
1139 1432
1139 2519
1140 2217
1141 2520
1141 2948
1142 1672
1142 1922
1142 2109
1143 1385
1143 2261
1143 2855
1145 1677
1145 1716
1145 1979
1145 2570
1146 1584
1146 1612
1147 1549
1147 1924
1147 2245
1147 2695
1147 2926
1148 1467
1148 2293
1148 2699
1150 1246
1150 1875
1150 2915
1151 2911
1152 1990
1152 2329
1153 1449
1154 1184
1154 2192
1156 1328
1156 2353
1156 2430
1157 1978
1158 1229
1158 1522
1158 1920
1158 2389
1159 1313
1160 2177
1160 2719
1161 1187
1161 1285
1161 1466
1161 1515
1162 1527
1162 2004
1162 2190
1162 2663
1163 1656
1163 1981
1164 2256
1165 1210
1165 2766
1166 1227
1166 2749
1167 1312
1167 1756
1168 1408
1170 1378
1170 2100
1170 2429
1171 1984
1172 1608
1172 1977
1173 1260
1173 1816
1174 1914
1175 2438
1176 1517
1178 1356
1179 1518
1179 2155
1179 2186
1179 2210
1179 2417
1180 2223
1180 2585
1180 2782
1180 2994
1181 2139
1181 2213
1181 2556
1182 2470
1182 2504
1182 2604
1185 2427
1189 1472
1189 1502
1189 1710
1189 2557
1189 2587
1190 1527
1190 1949
1190 2045
1192 1741
1192 2401
1193 1442
1193 2407
1193 2472
1193 2838
1194 2271
1194 2856
1195 2711
1196 1410
1197 2269
1197 2389
1197 2734
1200 2817
1201 1669
1203 2412
1203 2871
1205 1560
1205 2868
1205 2973
1206 1779
1207 1705
1207 2591
1209 1575
1210 2730
1210 2879
1211 1309
1211 2158
1211 2471
1212 1863
1212 2374
1213 1665
1214 2492
1218 1935
1218 2084
1218 2243
1218 2661
1219 1825
1219 2242
1220 1647
1220 2417
1221 1702
1221 2273
1221 2405
1222 1552
1222 2601
1222 2698
1223 1903
1224 2689
1226 1907
1226 2390
1226 2394
1226 2904
1227 1317
1227 2227
1227 2975
1229 1421
1230 2346
1231 1751
1231 2396
1231 2903
1232 1807
1234 2152
1234 2178
1234 2353
1236 2148
1238 2628
1239 2282
1240 2056
1240 2099
1240 2586
1241 1589
1242 2853
1243 1657
1243 2222
1243 2558
1244 1437
1244 1531
1245 1621
1246 1579
1246 1724
1246 2305
1247 2081
1248 1964
1249 1903
1250 1462
1250 2760
1250 2782
1251 1525
1251 2006
1251 2133
1251 2803
1252 2612
1255 1518
1255 2866
1256 1288
1256 1797
1256 2833
1256 2990
1257 2068
1257 2903
1258 1522
1258 1747
1259 2131
1260 2164
1261 2609
1262 2450
1263 2382
1263 2780
1263 2811
1264 1650
1264 1727
1264 2527
1267 2226
1267 2501
1268 1997
1268 2512
1270 1874
1270 1880
1270 2263
1271 2557
1272 2902
1273 2192
1273 2355
1273 2804
1274 1832
1274 2004
1274 2038
1275 1755
1276 2516
1277 1517
1277 2438
1278 1367
1279 2174
1279 2459
1280 1466
1280 2409
1280 2943
1281 2144
1282 2349
1282 2648
1284 2290
1284 2839
1286 1766
1286 2719
1286 2798
1286 2921
1287 2924
1288 1930
1288 2807
1289 1353
1289 1501
1290 1571
1291 1812
1291 2362
1291 2399
1291 2551
1292 2128
1292 2691
1292 2729
1293 1412
1293 2040
1293 2063
1294 1668
1294 2086
1295 1329
1295 1523
1295 2844
1296 1373
1296 1417
1296 2428
1296 2822
1298 2813
1299 2371
1299 2627
1299 2986
1300 1947
1300 2484
1301 1470
1301 2699
1304 2276
1305 2253
1305 2776
1306 2676
1307 1508
1307 2171
1308 2546
1308 2907
1310 1666
1313 2503
1314 1685
1314 1844
1314 1854
1314 1979
1314 2726
1316 1910
1317 2234
1317 2295
1318 1686
1318 1764
1318 2440
1319 2096
1321 1620
1321 2384
1321 2457
1322 2381
1322 2465
1322 2740
1323 1788
1323 2553
1324 2667
1324 2845
1325 2053
1326 1369
1326 1884
1326 1891
1326 1980
1328 1959
1329 2163
1330 1355
1330 2443
1331 1546
1331 1773
1331 2123
1332 2452
1332 2890
1333 1813
1333 1911
1333 2666
1333 2952
1334 1439
1335 2229
1336 1725
1336 2580
1337 1956
1337 2971
1338 1643
1338 2404
1339 1801
1339 1922
1339 2995
1341 1562
1341 1788
1341 2322
1341 2928
1342 2488
1343 1664
1343 2639
1344 2471
1345 1948
1346 1591
1348 2414
1350 2926
1351 1803
1352 1621
1354 1601
1354 2213
1354 2295
1355 1485
1355 1972
1356 1860
1358 1403
1358 2976
1359 1701
1359 2372
1359 2721
1360 1378
1360 2567
1362 1907
1362 2535
1362 2982
1363 1806
1363 1854
1363 1886
1365 2512
1369 1634
1369 2611
1370 1700
1371 2425
1371 2905
1372 2668
1373 1820
1373 2080
1375 2575
1376 2853
1377 2009
1378 2234
1378 2455
1378 2632
1379 1878
1381 2604
1381 2972
1382 1426
1382 2181
1382 2282
1382 2598
1385 2185
1386 1632
1388 2340
1388 2599
1388 2635
1390 2654
1391 2139
1392 1764
1393 1737
1393 1817
1393 2983
1394 1712
1394 2054
1394 2546
1394 2819
1395 1535
1396 2376
1398 1653
1398 2369
1399 1696
1399 2307
1399 2467
1399 2533
1401 2154
1403 2127
1403 2773
1404 2394
1405 1686
1405 1734
1405 2721
1405 2886
1406 1541
1406 1545
1407 1871
1409 2649
1410 2865
1412 2692
1413 1760
1413 1893
1413 1995
1414 1554
1414 1621
1414 1849
1417 1846
1417 2051
1418 2529
1418 2841
1419 1577
1419 2416
1420 2268
1420 2806
1421 1651
1421 2636
1421 2908
1422 1478
1422 2405
1423 1592
1423 2724
1425 2294
1425 2596
1426 2008
1426 2276
1427 1909
1428 1668
1428 2160
1428 2744
1429 2972
1430 1833
1430 1879
1430 2479
1431 1564
1431 1581
1431 2585
1431 2840
1432 1801
1432 2095
1433 1586
1433 1720
1433 2084
1433 2875
1436 2682
1437 2639
1438 2505
1439 1932
1440 1496
1440 1970
1440 2465
1441 2743
1442 2268
1442 2634
1442 2678
1443 2383
1443 2914
1446 1728
1447 1779
1448 1884
1448 2302
1449 1977
1450 1753
1450 2979
1452 2446
1453 1748
1453 2651
1454 1929
1454 2143
1454 2455
1455 1624
1455 2823
1457 1464
1457 1725
1457 2216
1457 2489
1459 1681
1459 2704
1460 1503
1460 2395
1462 1473
1462 2087
1463 2252
1463 2931
1463 2992
1464 1989
1464 2343
1464 2823
1465 2459
1465 2557
1466 1470
1467 2799
1468 1884
1469 1517
1469 1588
1469 2246
1470 2075
1470 2459
1472 2926
1476 1513
1478 1917
1478 2668
1478 2938
1479 1696
1479 2010
1479 2099
1480 2518
1480 2539
1484 1597
1485 1809
1485 2264
1486 1679
1486 2260
1486 2754
1486 2903
1487 1521
1487 2084
1487 2391
1487 2853
1487 2917
1488 1618
1488 2690
1489 2382
1489 2439
1490 2490
1491 1553
1491 2329
1491 2429
1492 1751
1492 2846
1492 2955
1493 1879
1493 2726
1494 2523
1496 2321
1497 2468
1497 2484
1498 2599
1499 2127
1499 2924
1501 1538
1501 2739
1503 2101
1503 2519
1505 2982
1506 1701
1506 1747
1506 2712
1506 2798
1509 1840
1509 1970
1509 2306
1509 2439
1510 1843
1510 2902
1511 1698
1511 1968
1512 1883
1512 1886
1515 1538
1515 1553
1515 2001
1516 1682
1516 2144
1516 2935
1517 1604
1517 2364
1517 2367
1519 2746
1521 1706
1526 2150
1526 2411
1526 2766
1527 2588
1527 2847
1529 1970
1529 2095
1530 2841
1532 2479
1533 1676
1533 2140
1533 2240
1534 2307
1536 2199
1536 2687
1537 2678
1538 1772
1538 2079
1538 2111
1539 1774
1540 2097
1540 2395
1540 2633
1541 2523
1543 2275
1544 2324
1544 2906
1546 2136
1547 2030
1548 1909
1548 2199
1548 2305
1550 1957
1551 2115
1551 2698
1555 1582
1555 2181
1556 2638
1557 2883
1558 2019
1558 2380
1559 2261
1560 1683
1560 2926
1561 2163
1562 2526
1563 2732
1563 2850
1564 2479
1564 2905
1565 2144
1566 2479
1566 2705
1567 1738
1567 2623
1567 2646
1567 2953
1568 3000
1569 2493
1569 2680
1570 2598
1572 2032
1573 2961
1574 1932
1574 2285
1575 1820
1575 2115
1575 2722
1576 2697
1577 2139
1577 2657
1577 2877
1578 1620
1579 1614
1579 2320
1580 1919
1580 2824
1581 2144
1582 2599
1585 2122
1585 2728
1585 2753
1586 2095
1586 2317
1586 2986
1588 1809
1588 2742
1588 2972
1589 1947
1590 1778
1590 1925
1592 1690
1592 1827
1592 1899
1592 2683
1593 2862
1594 2470
1596 2310
1598 1623
1599 1701
1599 1888
1599 1889
1599 1922
1599 2241
1600 2596
1601 1755
1602 2482
1602 2501
1603 1663
1603 2142
1604 1958
1604 2207
1605 2191
1605 2851
1606 1620
1606 1677
1606 2110
1606 2683
1607 1627
1607 1701
1609 2952
1610 1894
1611 2094
1611 2269
1611 2517
1612 2103
1612 2314
1613 2474
1613 2500
1613 2782
1613 2815
1614 1836
1614 1890
1614 2615
1614 2745
1615 2724
1616 1690
1616 2087
1617 2393
1617 2402
1617 2745
1618 1974
1619 2659
1620 2522
1621 2206
1621 2893
1622 1824
1622 2776
1624 2643
1624 2757
1624 2782
1627 2462
1627 2485
1633 2251
1634 2102
1634 2149
1634 2167
1634 2284
1634 2471
1635 2893
1635 2953
1636 1819
1636 2456
1637 1787
1638 2287
1638 2556
1638 2908
1640 2353
1641 1733
1641 2218
1643 2593
1643 2760
1644 1831
1644 2154
1645 2337
1648 1809
1649 2439
1649 2730
1651 1982
1651 2593
1651 2756
1651 2757
1653 2170
1654 2416
1655 2209
1655 2381
1655 2512
1655 2576
1657 2691
1657 2705
1658 2565
1658 2765
1659 2360
1659 2884
1660 1885
1660 2066
1661 1986
1661 2749
1661 2800
1662 2010
1663 2421
1663 2500
1663 2593
1664 2368
1664 2382
1664 2701
1665 1951
1666 2015
1666 2649
1667 2263
1669 2939
1670 2676
1671 2626
1671 2706
1672 2968
1673 2798
1673 2880
1673 2986
1674 1721
1674 2236
1675 2806
1676 2451
1676 2927
1677 1861
1677 2450
1677 2537
1677 2906
1678 2502
1680 2337
1680 2980
1681 2560
1681 2911
1682 2988
1684 2244
1684 2293
1684 2374
1684 2420
1685 2282
1685 2464
1687 2350
1688 1758
1689 2376
1689 2784
1690 2756
1692 2199
1692 2403
1692 2859
1693 2204
1695 1848
1698 2855
1700 2042
1703 2016
1703 2431
1703 2446
1704 2415
1704 2578
1704 2961
1705 2074
1705 2111
1708 2384
1709 2790
1712 1813
1712 2067
1713 2771
1714 2113
1714 2568
1714 2680
1715 1894
1715 2460
1715 2708
1716 1971
1716 2414
1717 2524
1717 2778
1718 2444
1719 2283
1720 2989
1722 2192
1722 2257
1722 2755
1725 2042
1725 2528
1727 1853
1727 2464
1727 2639
1728 2122
1728 2278
1728 2734
1731 2305
1732 2398
1733 2079
1733 2597
1734 1750
1734 2264
1735 2487
1735 2915
1736 2008
1737 1831
1737 1886
1737 2523
1738 2161
1738 2193
1738 2376
1739 2063
1739 2108
1739 2384
1739 2766
1739 2940
1740 1875
1743 2235
1744 2216
1745 2183
1745 2589
1745 2622
1746 2582
1746 2835
1746 2881
1746 2929
1748 2864
1749 1858
1749 2198
1750 2001
1750 2408
1750 2881
1753 2129
1753 2210
1753 2428
1754 2065
1754 2389
1754 2450
1754 2854
1754 2929
1754 2931
1755 2343
1755 2933
1755 2938
1756 2196
1756 2400
1757 2326
1759 2420
1759 2716
1759 2851
1759 2924
1760 1806
1760 2451
1766 1885
1766 2633
1767 2031
1769 2427
1769 2595
1769 2637
1770 2450
1770 2499
1770 2786
1772 2449
1773 1809
1773 2257
1774 1846
1774 2021
1774 2476
1775 1968
1775 2310
1776 2092
1776 2839
1777 1780
1778 2559
1778 2874
1779 2489
1780 2817
1780 2973
1782 1784
1782 2047
1785 2980
1786 2215
1787 2605
1788 1959
1789 2906
1790 2190
1790 2371
1791 2055
1791 2246
1792 1827
1792 1979
1792 2126
1797 2326
1797 2978
1799 1825
1799 1846
1800 2769
1801 2260
1801 2294
1802 1879
1802 2258
1802 2399
1802 2456
1802 2582
1803 2678
1804 1914
1804 2230
1805 1809
1805 2056
1806 2978
1808 2459
1809 2823
1812 2861
1813 2786
1814 1966
1815 1992
1816 1888
1816 1902
1821 2282
1821 2320
1822 2456
1822 2948
1824 1963
1824 2357
1826 2380
1828 2676
1829 1918
1829 2053
1830 1976
1830 2232
1830 2251
1833 1839
1833 2771
1833 2797
1837 2725
1837 2946
1838 2279
1839 2008
1839 2751
1841 2841
1841 2933
1842 2986
1843 1947
1843 2959
1844 2343
1844 2454
1845 2453
1846 2001
1847 2569
1848 2161
1848 2177
1848 2522
1848 2601
1848 2655
1849 2126
1850 2429
1851 1931
1851 2859
1852 1961
1854 1903
1855 2861
1856 1909
1856 2393
1857 2916
1858 2654
1861 2058
1863 2699
1864 2235
1867 2036
1867 2248
1869 2366
1869 2636
1870 2990
1871 2395
1871 2815
1872 1958
1873 2004
1873 3000
1876 2447
1876 2528
1878 1910
1879 2398
1880 2214
1880 2706
1882 2565
1882 2928
1883 2118
1883 2578
1884 1998
1886 2796
1887 2687
1888 2439
1889 2086
1890 2160
1890 2734
1891 1999
1891 2309
1891 2770
1891 2933
1895 2062
1898 2425
1902 2803
1905 2928
1905 2934
1906 2262
1906 2573
1906 2910
1907 2904
1908 2031
1909 1995
1909 2317
1909 2587
1910 2663
1912 2866
1912 2892
1914 2450
1916 2864
1916 2923
1917 2114
1917 2180
1918 2199
1918 2934
1924 2498
1924 2704
1925 2522
1925 2733
1926 2165
1927 1964
1928 2533
1930 2534
1931 2949
1932 2399
1934 2846
1935 2757
1935 2782
1939 2882
1940 2697
1941 2066
1944 2133
1944 2387
1944 2620
1944 2807
1945 2416
1948 2997
1950 3000
1954 2090
1954 2216
1954 2931
1954 2955
1955 2941
1958 2109
1958 2979
1959 2808
1961 2559
1963 2149
1964 2403
1964 2512
1964 2821
1965 2219
1965 2234
1965 2721
1970 2117
1971 2268
1971 2522
1971 2600
1973 2983
1974 1999
1975 2507
1975 2856
1976 2413
1981 2087
1982 2070
1982 2250
1985 2252
1986 2585
1988 2654
1991 2473
1992 2512
1992 2646
1993 2005
1994 2261
1994 2379
1994 2423
1994 2556
1994 2859
1995 2163
1995 2343
1995 2406
2001 2719
2001 2794
2002 2934
2003 2068
2003 2141
2003 2305
2004 2021
2004 2432
2008 2055
2008 2619
2008 2770
2009 2105
2009 2902
2011 2643
2012 2049
2012 2375
2012 2998
2013 2103
2013 2447
2013 2790
2013 2942
2014 2660
2015 2755
2016 2022
2017 2503
2018 2923
2019 2451
2020 2988
2021 2190
2021 2208
2021 2565
2021 2637
2021 2913
2022 2440
2024 2134
2028 2281
2028 2712
2029 2362
2031 2283
2032 2512
2034 2125
2035 2832
2036 2320
2036 2813
2037 2990
2039 2144
2039 2679
2040 2948
2043 2507
2043 2687
2044 2964
2045 2479
2046 2364
2048 2526
2049 2506
2051 2158
2052 2208
2052 2652
2057 2300
2057 2905
2059 2716
2061 2105
2061 2165
2063 2574
2065 2930
2066 2083
2069 2920
2071 2557
2073 2243
2074 2564
2074 2773
2075 2890
2077 2345
2077 2718
2077 2952
2078 2306
2079 2845
2080 2444
2081 2752
2081 2924
2081 2957
2082 2613
2083 2318
2083 2346
2084 2538
2085 2391
2086 2700
2088 2154
2090 2122
2091 2828
2094 2734
2096 2930
2098 2314
2099 2584
2100 2206
2100 2461
2100 2828
2102 2594
2104 2395
2104 2569
2105 2333
2105 2946
2109 2180
2109 2969
2115 2247
2115 2800
2116 2742
2116 2944
2119 2134
2120 2379
2121 2878
2122 2156
2122 2831
2123 2367
2124 2186
2124 2497
2124 2838
2125 2767
2126 2656
2126 2824
2128 2322
2129 2540
2130 2438
2130 2486
2131 2531
2132 2320
2133 2457
2133 2977
2135 2438
2142 2362
2143 2666
2143 2909
2145 2511
2146 2666
2147 2596
2148 2864
2149 2654
2149 2661
2150 2583
2151 2502
2152 2324
2152 2962
2153 2808
2156 2924
2158 2935
2162 2802
2164 2258
2164 2877
2165 2409
2166 2732
2167 2817
2169 2233
2171 2196
2171 2959
2172 2764
2174 2332
2174 2353
2175 2379
2177 2198
2178 2681
2180 2907
2181 2812
2182 2528
2182 2625
2182 2722
2184 2492
2184 2926
2185 2467
2187 2329
2188 2284
2188 2930
2188 2958
2190 2544
2194 2521
2196 2984
2197 2614
2197 2816
2199 2213
2200 2401
2200 2881
2201 2364
2201 2907
2201 2983
2203 2447
2203 2801
2203 2818
2203 2873
2204 2524
2205 2922
2206 2311
2206 2457
2206 2950
2207 2232
2207 2812
2209 2884
2210 2473
2211 2761
2216 2523
2224 2378
2227 2609
2230 2862
2231 2356
2233 2248
2233 2293
2233 2824
2233 2827
2233 2976
2234 2300
2234 2452
2236 2813
2239 2465
2240 2580
2242 2300
2242 2567
2245 2469
2245 2485
2247 2841
2247 2948
2249 2287
2250 2573
2251 2283
2252 2320
2252 2840
2253 2476
2259 2480
2262 2510
2262 2875
2263 2318
2263 2413
2266 2470
2266 2779
2267 2799
2267 2905
2269 2793
2270 2729
2271 2884
2272 2855
2274 2466
2276 2791
2277 2883
2279 2328
2279 2382
2279 2881
2280 2327
2280 2693
2281 2865
2283 2316
2285 2641
2286 2624
2287 2929
2288 2405
2289 2746
2291 2723
2292 2520
2298 2451
2298 2531
2298 2670
2302 2631
2305 2354
2307 2606
2309 2874
2310 2606
2311 2964
2314 2705
2315 2640
2316 2938
2316 2985
2317 2635
2319 2419
2320 2351
2321 2480
2321 2628
2325 2532
2327 2665
2328 2716
2329 2460
2329 2915
2330 2589
2330 2671
2334 2443
2335 2783
2338 2786
2338 2886
2339 2602
2340 2653
2341 2764
2341 2799
2342 2511
2342 2529
2343 2636
2344 2510
2347 2578
2349 2389
2350 2983
2355 2607
2356 2785
2358 2583
2360 2784
2362 2606
2362 2879
2366 2663
2369 2925
2373 2909
2376 2946
2380 2668
2382 2840
2386 2640
2388 2770
2388 2996
2390 2746
2393 2980
2395 2679
2396 2445
2396 2711
2398 2915
2400 2839
2401 2971
2402 2714
2403 2677
2404 2762
2405 2610
2407 2470
2409 2611
2411 2782
2412 2493
2412 2598
2412 2870
2412 2875
2414 2534
2418 2470
2419 2481
2424 2434
2425 2585
2432 2981
2436 2642
2436 2964
2437 2698
2440 2447
2440 2889
2441 2735
2442 2580
2449 2955
2450 2552
2450 2587
2453 2712
2457 2775
2458 2480
2462 2476
2473 2786
2477 2947
2479 2628
2481 2790
2483 2609
2483 2782
2485 2874
2486 2507
2487 2574
2488 2736
2488 2995
2489 2710
2489 2821
2491 2972
2493 2953
2493 2984
2499 2581
2499 2604
2499 2865
2500 2664
2501 2939
2504 2971
2507 2807
2508 2700
2508 2953
2511 2692
2512 2649
2512 2659
2512 2776
2513 2827
2513 2909
2516 2661
2517 2530
2518 2644
2518 2941
2520 2539
2520 2616
2520 2659
2521 2932
2521 2967
2524 2526
2525 2908
2526 2641
2528 2895
2528 2955
2531 2728
2535 2543
2535 2704
2536 2913
2539 2566
2539 2761
2540 2750
2543 2743
2545 2853
2546 2996
2548 2697
2551 2669
2552 2950
2558 2961
2559 2674
2560 2865
2561 2667
2563 2822
2563 2913
2567 2659
2568 2627
2572 2609
2572 2985
2573 2895
2575 2785
2577 2935
2578 2604
2578 2689
2578 2985
2588 2867
2592 2872
2595 2721
2597 2647
2600 2606
2601 2731
2602 2906
2604 2961
2605 2694
2607 2643
2609 2730
2615 2631
2617 2973
2618 2646
2621 2777
2622 2920
2623 2710
2623 2914
2627 2635
2629 2979
2633 2951
2634 2744
2637 2877
2641 2725
2644 2825
2646 2788
2650 2702
2654 2821
2656 2882
2657 2704
2657 2965
2661 2918
2666 2677
2675 2786
2677 2914
2678 2690
2680 2964
2687 2874
2688 2971
2689 2927
2691 2801
2692 2867
2699 2859
2700 2962
2708 2784
2712 2785
2713 2934
2725 2935
2744 2845
2750 2886
2756 2816
2762 2931
2764 2867
2765 2861
2767 2852
2768 2786
2775 2932
2777 2780
2777 2791
2780 2953
2783 2978
2798 2840
2820 2826
2823 2829
2823 2940
2824 2956
2831 2897
2831 2912
2843 2889
2851 2902
2853 2962
2864 2940
2867 2960
2876 2964
2887 2997
2894 2932
2907 2931
2918 2954
2941 2988
2956 2989
2961 2999
