1000 1500
300 446
300 733
300 833
446 534
446 163
41 860
41 170
41 999
860 573
860 373
148 577
148 664
148 658
577 491
577 838
383 709
383 593
383 792
709 60
709 192
4 798
4 239
4 455
798 310
798 939
537 803
537 535
537 47
803 305
803 149
571 616
571 875
571 673
616 940
616 932
144 957
144 8
144 117
957 805
957 130
231 962
231 22
231 219
962 539
962 563
104 512
104 265
104 280
512 518
512 708
91 164
91 451
91 748
164 404
164 258
347 764
347 313
347 923
764 488
764 168
235 294
235 352
235 461
294 136
294 969
561 873
561 692
561 18
873 278
873 760
228 663
228 12
228 929
663 702
663 79
628 899
628 227
628 469
899 182
899 720
687 948
687 718
687 276
948 336
948 429
647 912
647 612
647 257
912 416
912 81
454 746
454 969
454 588
746 222
746 980
314 623
314 672
314 995
623 219
623 500
305 653
305 106
117 194
117 156
194 683
194 361
261 961
261 910
261 478
961 1000
961 134
603 847
603 331
603 471
847 64
847 851
301 625
301 925
301 627
625 602
625 838
222 953
222 414
573 518
573 197
316 789
316 903
316 143
789 613
789 113
683 95
683 345
841 876
841 707
841 589
876 726
876 193
498 802
498 17
498 183
802 667
802 327
738 783
738 863
738 902
783 649
783 474
249 1000
249 649
249 710
1000 920
313 234
313 197
16 389
16 51
16 461
389 576
389 439
195 620
195 681
195 871
620 401
620 415
177 343
177 930
177 521
343 872
343 810
68 436
68 635
68 996
436 371
436 879
386 825
386 943
386 473
825 298
825 13
318 956
318 936
318 404
956 656
956 298
31 368
31 29
31 906
368 843
368 101
291 593
291 378
291 9
593 169
268 955
268 145
268 226
955 556
955 755
322 846
322 279
322 988
846 282
846 309
677 894
677 610
677 744
894 224
894 934
517 792
517 417
517 540
792 123
656 640
656 254
153 515
153 771
153 255
515 713
515 682
526 697
526 186
526 445
697 92
697 964
716 857
716 562
716 718
857 527
857 905
66 632
66 808
66 76
632 605
632 123
299 425
299 901
299 549
425 553
425 538
269 811
269 868
269 658
811 921
811 417
325 334
325 769
325 166
334 483
334 57
468 877
468 844
468 168
877 323
877 532
230 856
230 152
230 62
856 997
856 740
251 650
251 496
251 95
650 11
650 424
585 904
585 568
585 26
904 983
904 242
151 712
151 858
151 686
712 49
712 123
45 136
45 142
45 186
136 713
60 530
60 819
530 111
530 994
245 575
245 466
245 779
575 279
575 562
55 451
55 408
55 951
451 387
30 278
30 644
30 914
278 429
105 946
105 85
105 941
946 800
946 462
394 820
394 348
394 486
820 203
820 114
447 975
447 29
447 842
975 372
975 367
109 916
109 880
109 630
916 264
916 96
9 978
9 923
978 529
978 439
424 662
424 865
662 751
662 52
64 127
64 382
127 323
127 206
482 523
482 977
482 75
523 193
523 777
99 642
99 163
99 409
642 74
642 609
378 960
378 307
960 58
960 927
132 410
132 21
132 211
410 922
410 103
626 653
626 350
626 275
653 256
253 965
253 402
253 944
965 930
965 75
560 564
560 527
560 565
564 302
564 115
169 759
169 415
11 742
11 694
110 629
110 483
110 98
629 138
629 639
61 507
61 112
61 654
507 780
507 520
432 908
432 221
432 958
908 934
908 992
288 671
288 396
288 689
671 360
671 579
509 639
509 940
509 589
639 176
486 772
486 681
772 133
772 761
872 780
872 549
181 401
181 648
181 773
401 719
567 845
567 781
567 40
845 554
845 928
496 546
496 649
212 388
212 275
212 118
388 544
388 365
58 330
58 263
330 247
330 714
477 808
477 246
477 986
808 101
704 850
704 403
704 947
850 374
850 874
354 737
354 765
354 951
737 387
737 349
240 715
240 967
240 416
715 503
715 126
533 968
533 651
533 830
968 547
968 937
800 823
800 788
823 986
823 32
844 445
844 832
936 257
936 807
382 635
382 723
262 775
262 345
262 20
775 497
775 870
824 893
824 660
824 178
893 880
893 65
2 964
2 692
2 805
964 866
23 758
23 122
23 611
758 886
758 303
201 392
201 157
201 782
392 312
392 141
185 384
185 267
185 493
384 592
384 450
402 375
402 929
449 722
449 670
449 344
722 135
722 336
367 918
367 73
918 337
918 954
396 524
396 150
282 869
282 881
807 817
807 689
817 189
817 167
250 634
250 295
250 826
634 735
634 739
581 999
581 138
581 502
999 563
546 579
546 606
919 994
919 499
919 963
994 19
950 981
950 306
950 175
981 531
981 990
881 887
881 184
887 414
887 352
635 67
227 260
227 559
403 180
403 943
180 191
180 786
219 988
200 381
200 754
200 510
381 273
381 175
408 553
408 324
756 864
756 747
756 519
864 757
864 542
22 836
22 39
733 660
733 357
427 545
427 292
427 882
545 903
545 346
210 696
210 501
210 645
696 485
696 413
387 883
779 852
779 555
852 972
852 510
921 821
921 42
438 559
438 163
438 621
559 304
379 998
379 27
379 431
998 607
998 970
202 319
202 406
202 146
319 494
319 720
94 111
94 312
94 204
111 158
145 422
145 165
422 740
422 467
747 494
747 115
165 400
165 81
400 271
400 120
352 82
542 652
542 140
652 466
652 934
295 366
295 524
366 83
366 829
499 258
499 793
735 762
735 717
344 753
344 85
753 133
753 233
308 421
308 544
308 868
421 604
421 167
273 729
273 327
729 781
729 947
69 813
69 790
69 701
813 284
813 861
707 440
707 485
176 796
176 777
796 78
796 809
886 359
886 380
80 828
80 85
80 453
828 766
828 13
651 680
651 534
680 556
680 688
411 927
411 171
411 528
927 39
430 568
430 633
430 458
568 541
276 510
276 643
718 767
142 286
142 840
286 914
286 963
604 643
604 460
265 765
265 119
765 102
814 944
814 283
814 815
944 840
790 774
790 959
20 260
20 426
260 221
35 834
35 492
35 597
834 646
834 608
256 433
256 419
595 985
595 576
595 762
985 943
985 485
710 972
710 133
972 655
493 745
493 59
745 497
745 691
279 785
785 500
785 799
836 297
836 290
359 521
359 395
521 812
405 488
405 48
405 128
488 89
925 698
925 552
554 933
554 271
640 452
640 935
524 437
713 329
805 205
463 699
463 119
463 751
699 52
699 618
309 641
309 317
641 543
641 871
121 441
121 757
121 174
441 284
441 990
178 566
178 76
566 892
566 329
673 774
673 590
774 38
977 900
977 19
120 890
120 714
890 984
890 280
535 580
535 740
580 96
580 829
246 721
246 370
349 569
349 884
569 666
569 59
217 270
217 108
217 622
270 679
270 252
232 578
232 829
232 407
578 702
578 209
189 882
189 853
882 156
664 528
664 137
730 791
730 979
730 19
791 267
791 358
930 337
459 971
459 263
459 214
971 736
971 924
762 562
116 833
116 837
116 892
833 458
759 755
759 928
139 328
139 874
139 448
328 36
328 220
317 743
317 725
743 503
743 398
723 184
723 97
88 627
88 369
88 218
627 855
241 905
241 910
241 801
905 849
248 621
248 784
248 600
621 458
98 676
98 804
676 93
676 511
466 335
57 266
57 97
266 528
266 220
450 606
450 465
606 350
10 191
10 645
10 385
191 963
631 767
631 433
631 579
767 726
274 529
274 399
274 688
529 532
7 414
7 913
7 761
234 804
234 827
209 665
209 929
665 506
665 71
36 884
36 399
633 749
633 131
208 440
208 409
208 505
440 932
44 188
44 448
44 902
188 283
188 360
933 982
933 607
207 331
207 442
207 479
331 272
157 739
157 547
739 889
888 958
888 487
888 911
958 445
370 883
370 501
883 462
70 362
70 90
70 190
362 435
362 393
534 582
582 259
582 47
831 954
831 984
831 584
954 289
140 896
140 590
539 666
539 102
986 902
503 980
52 93
5 475
5 28
5 668
475 885
475 78
119 460
460 516
980 853
795 865
795 678
795 95
865 874
124 431
124 84
124 296
431 285
484 594
484 749
484 601
594 583
594 926
892 456
598 966
598 86
598 942
966 809
966 75
114 624
114 617
624 97
624 357
374 992
374 187
992 254
129 258
129 33
129 895
255 748
255 773
748 538
442 810
442 889
483 346
548 592
548 196
548 205
592 3
418 891
418 776
418 448
891 353
891 519
63 434
63 835
63 289
434 339
434 455
263 182
236 505
236 315
236 6
505 54
497 667
415 885
417 453
135 804
135 544
423 862
423 983
423 429
862 292
862 73
214 900
214 72
553 752
516 909
516 272
909 138
909 979
667 519
602 949
602 32
949 832
949 338
576 137
983 481
13 819
819 304
277 520
277 797
277 557
520 854
238 937
238 657
238 669
937 953
508 532
508 480
508 281
224 364
224 684
364 848
364 267
433 213
757 586
329 304
788 851
788 244
851 612
726 17
885 770
984 409
494 287
15 491
15 679
15 661
491 321
26 766
26 806
766 495
46 744
46 107
46 993
744 506
93 342
426 1
426 941
118 769
118 221
769 333
315 721
315 390
346 674
690 787
690 812
690 90
787 782
787 453
152 617
152 938
617 100
92 572
92 822
572 842
572 506
72 365
72 43
365 861
302 827
302 644
827 21
901 613
901 49
375 6
375 915
292 1
345 536
556 563
33 113
33 700
113 655
215 678
215 155
215 605
678 684
1 551
910 311
204 870
204 527
870 659
71 377
71 435
377 906
377 457
149 854
149 338
854 335
702 27
272 875
34 724
34 711
34 413
724 143
724 935
243 754
243 479
243 591
754 77
254 939
242 609
242 648
609 363
3 741
3 601
478 605
478 303
339 213
339 541
264 669
264 358
669 225
155 991
155 693
991 599
991 489
643 987
444 721
444 736
444 67
645 285
868 700
406 373
406 926
717 728
717 742
43 907
43 131
907 107
907 755
351 794
351 826
351 173
794 600
794 763
648 158
307 607
307 112
479 693
443 504
443 867
443 995
504 875
504 412
988 213
355 540
355 78
355 708
540 196
183 922
183 840
922 917
303 835
358 17
435 24
244 837
244 555
855 112
855 938
749 84
74 670
74 470
324 931
324 514
326 863
326 90
326 464
863 198
125 464
125 655
125 218
464 489
18 338
18 285
8 536
8 550
252 770
252 622
770 586
223 706
223 150
223 570
706 821
706 79
492 751
492 591
689 172
79 469
469 21
781 198
220 82
341 734
341 62
341 574
734 760
734 974
39 675
428 622
428 190
428 982
323 951
867 952
867 997
162 588
162 691
162 614
588 636
589 199
613 487
900 179
312 797
797 668
684 348
832 514
156 815
815 356
583 826
583 818
280 822
822 293
192 866
192 197
472 619
472 693
472 27
619 296
619 701
84 659
659 395
257 321
321 128
866 154
205 211
186 390
107 878
203 206
203 356
206 674
914 816
736 591
776 778
776 320
778 287
778 357
393 897
393 298
897 456
897 419
700 371
184 858
146 172
146 913
171 182
171 340
237 356
237 259
237 190
771 37
771 760
306 159
306 551
612 923
939 703
290 596
290 522
596 705
596 685
239 555
239 711
618 727
618 130
727 380
727 768
54 705
54 752
658 32
369 782
369 391
969 187
600 89
283 858
501 974
773 172
37 959
37 399
959 674
741 895
741 480
895 661
12 297
12 565
610 784
610 654
216 637
216 420
216 597
637 296
637 335
725 816
725 703
311 672
311 806
284 550
913 799
979 801
108 816
108 859
682 938
682 818
666 166
456 473
193 931
134 473
134 310
467 688
467 777
48 480
48 675
812 376
371 915
915 670
226 38
226 229
597 705
839 997
839 750
839 348
179 987
179 407
987 514
96 551
557 911
557 686
911 970
500 993
973 974
973 461
973 361
742 147
685 952
685 543
952 995
81 657
657 926
462 614
614 160
416 154
404 397
413 879
879 541
6 849
73 141
141 513
67 363
363 487
247 552
247 920
336 636
636 337
660 848
160 941
160 615
376 565
376 452
646 525
646 861
714 547
584 859
584 83
859 395
720 53
821 490
49 471
471 698
903 945
880 940
225 87
225 761
679 538
810 920
158 590
327 763
229 644
229 495
102 342
361 390
437 830
437 77
830 711
29 297
490 842
490 122
293 65
293 474
728 750
728 100
750 731
398 695
398 731
695 587
695 159
835 932
56 320
56 166
56 993
320 199
86 608
86 333
608 281
849 784
837 763
869 51
869 536
38 481
574 668
574 801
549 24
89 522
143 947
654 53
731 570
420 732
420 470
931 691
28 719
28 848
719 161
289 611
611 122
360 853
896 502
896 137
457 752
457 989
350 686
953 630
982 630
50 77
50 233
50 412
128 332
587 806
587 701
550 552
518 675
818 100
455 898
898 106
898 332
692 154
147 638
147 601
638 150
638 397
397 476
342 419
708 924
809 878
878 681
333 502
211 233
51 101
196 372
161 935
161 793
65 570
131 275
799 25
372 42
87 353
87 942
353 14
889 412
83 168
53 970
380 25
173 513
173 198
513 59
531 543
531 732
106 586
780 130
175 843
522 452
259 525
281 945
945 14
703 47
884 470
465 218
465 558
525 340
481 511
615 672
615 24
187 942
62 599
271 489
76 924
199 917
661 126
698 694
871 996
996 976
310 385
115 967
967 917
25 170
126 407
793 439
511 906
159 495
170 40
103 732
103 391
599 786
768 989
768 287
167 476
843 786
82 373
990 838
989 174
40 976
476 928
385 14
174 976
391 332
42 558
474 694
340 558
