2000 3000
764 1075
764 1695
764 1008
1075 1105
1075 1987
744 2000
744 1458
744 1877
2000 1782
2000 1808
765 1794
765 670
765 1212
1794 1168
1794 77
372 1225
372 1497
372 1572
1225 1011
1225 1704
1033 1874
1033 1547
1033 630
1874 1142
1874 167
357 571
357 404
357 159
571 355
571 622
1163 1983
1163 1466
1163 1173
1983 302
1983 1950
1166 1500
1166 827
1166 232
1500 1996
1500 1240
194 1367
194 1081
194 215
1367 6
1367 821
365 691
365 837
365 597
691 1721
691 1734
779 1203
779 1039
779 1110
1203 1444
1203 1852
825 1844
825 1077
825 1514
1844 109
1844 885
296 1580
296 1373
296 661
1580 264
1580 265
1482 1885
1482 1106
1482 1330
1885 1247
1885 828
988 1313
988 1130
988 1859
1313 1474
1313 1405
684 1725
684 1296
684 749
1725 1613
1725 1659
695 831
695 1701
695 1987
831 329
831 1789
1668 1746
1668 929
1668 1229
1746 75
1746 384
1593 1981
1593 330
1593 118
1981 242
1981 923
1552 1800
1552 1627
1552 160
1800 1001
1800 216
18 180
18 307
18 27
180 1590
180 1370
1876 1897
1876 108
1876 1374
1897 561
1897 1965
500 857
500 318
500 1957
857 1634
857 467
83 1063
83 1146
83 454
1063 615
1063 1477
1305 1779
1305 345
1305 688
1779 1188
1779 388
1137 1823
1137 1480
1137 1002
1823 1283
1823 528
130 1998
130 1061
130 1461
1998 1456
1998 1857
300 423
300 1129
300 818
423 762
423 1993
782 1595
782 942
782 1916
1595 746
1595 583
751 1787
751 1979
751 496
1787 145
1787 1141
1216 1707
1216 424
1216 203
1707 400
1707 1734
1965 1974
1965 553
1974 515
1974 396
139 1000
139 1121
139 1497
1000 1092
1000 784
128 1479
128 1219
128 1683
1479 1168
1479 912
497 1382
497 1964
497 575
1382 102
1382 1419
1393 1519
1393 1731
1393 1802
1519 1408
1519 1298
638 1995
638 1585
638 1068
1995 1459
1995 658
1307 1336
1307 762
1307 1830
1336 462
1336 1811
88 1708
88 1403
88 361
1708 1709
1708 239
1726 1814
1726 1970
1726 1418
1814 1940
1814 1820
1054 1681
1054 1596
1054 1591
1681 1109
1681 648
1109 1351
1109 1397
1351 937
1351 376
946 1702
946 1803
946 1710
1702 792
1702 1018
404 1179
404 199
1459 1567
1459 1511
356 1379
356 793
356 70
1379 737
1379 1648
68 1470
68 1021
68 1657
1470 45
1470 628
1996 1028
1996 264
122 129
122 1776
122 1446
129 1363
129 770
561 488
561 775
1821 1822
1821 1094
1821 1986
1822 1171
1822 1691
121 838
121 1929
121 1540
838 864
838 923
1066 1920
1066 1913
1066 1951
1920 1925
1920 1416
315 1606
315 1337
315 943
1606 613
1606 1273
1121 474
1121 1023
131 1117
131 491
131 1599
1117 1010
1117 578
1501 1960
1501 196
1501 773
1960 1361
1960 1835
1526 1904
1526 726
1526 708
1904 1753
1904 144
1043 1527
1043 1160
1043 686
1527 99
1527 851
577 974
577 9
577 1465
974 1175
974 253
1398 1575
1398 1060
1398 789
1575 1846
1575 1739
19 1729
19 308
19 1017
1729 1275
1729 1122
342 662
342 1424
342 1311
662 639
662 1590
963 1009
963 839
963 936
1009 855
1009 69
118 954
118 498
954 1349
954 1613
126 629
126 1370
126 647
629 119
629 37
735 1905
735 1164
735 1287
1905 1989
1905 503
866 1342
866 1515
866 1636
1342 513
1342 179
786 1233
786 165
786 238
1233 1346
1233 1196
1220 1425
1220 1250
1220 655
1425 293
1425 1261
613 896
613 984
896 338
896 1968
100 1165
100 1345
100 814
1165 891
1165 998
526 599
526 1819
526 141
599 670
599 1006
506 770
506 1128
506 1715
770 1143
752 1994
752 687
752 606
1994 728
1994 787
565 1759
565 1775
565 899
1759 1853
1759 1399
4 1197
4 572
4 1524
1197 743
1197 690
81 477
81 444
81 739
477 1939
477 117
306 861
306 1055
306 1123
861 1753
861 1553
836 1993
836 1756
836 1690
1993 1355
21 1286
21 438
21 631
1286 1301
1286 1349
66 1666
66 1161
66 1765
1666 191
1666 1498
968 980
968 819
968 893
980 1582
980 879
363 986
363 586
363 1423
986 1867
986 952
1940 675
1940 842
905 1040
905 1491
905 9
1040 1991
1040 1571
383 964
383 610
383 407
964 803
964 1017
1672 1856
1672 1302
1672 802
1856 724
1856 592
1349 1840
1840 619
1840 1192
3 1088
3 817
3 557
1088 53
1088 1071
548 888
548 1816
548 1371
888 1945
888 772
1249 1344
1249 1872
1249 1786
1344 1820
1344 933
1587 1748
1587 1749
1587 1555
1748 1733
1748 202
472 1832
472 402
472 24
1832 173
1832 536
763 1221
763 1380
763 1913
1221 1529
1221 876
282 768
282 1898
282 953
768 1901
768 1806
604 1722
604 513
604 138
1722 720
1722 1557
1297 1649
1297 64
1297 1285
1649 1490
1649 1655
589 925
589 1084
589 353
925 1600
925 200
615 1131
615 1483
1717 1863
1717 1989
1717 228
1863 1120
1863 1605
1816 1985
1816 939
1985 516
1985 1326
476 755
476 749
476 1622
755 469
755 1439
1188 1598
1188 696
1598 1931
1598 463
343 1543
343 1801
343 52
1543 674
1543 1976
339 1918
339 1021
339 780
1918 1673
1918 1008
514 1770
514 978
514 1850
1770 234
1770 434
145 1409
145 1180
420 823
420 1634
420 955
823 1149
823 1270
99 1591
99 754
1591 717
997 1658
997 1485
997 616
1658 1589
1658 1578
1176 1889
1176 417
1176 693
1889 338
1889 1643
539 551
539 109
539 1399
551 336
551 439
1817 1922
1817 1050
1817 378
1922 636
1922 1541
810 865
810 1938
810 1534
865 1162
865 1404
1701 1042
1701 5
675 1494
675 664
1494 243
1494 741
91 1443
91 1034
91 922
1443 104
1443 1029
1097 1452
1097 1757
1097 927
1452 46
1452 135
982 1651
982 1761
982 1331
1651 1924
1651 536
1364 1716
1364 1241
1364 393
1716 1044
1716 547
373 1278
373 626
373 1619
1278 885
1278 183
1536 1908
1536 93
1536 78
1908 719
1908 1136
697 1747
697 927
697 783
1747 490
1747 1282
1456 1570
1456 470
1570 560
1570 603
1403 1415
1403 1941
1415 793
1415 1982
1034 1977
1034 1604
362 1677
362 951
362 557
1677 1647
1677 1312
478 1214
478 1948
478 1972
1214 962
1214 1124
140 1564
140 1481
140 214
1564 1525
1564 740
458 1910
458 924
458 462
1910 1095
1910 1372
63 1646
63 275
63 1743
1646 1975
1646 1263
442 1148
442 1246
442 272
1148 1541
1148 379
1308 1937
1308 715
1308 1466
1937 390
1937 907
377 610
377 1671
377 1819
610 322
588 1202
588 1016
588 210
1202 1507
1202 812
196 1535
196 1310
560 1405
560 1853
1405 1041
25 1210
25 1818
25 113
1210 958
1210 1744
762 1585
1582 1085
1582 951
34 392
34 564
34 1744
392 1806
392 994
1159 1813
1159 163
1159 1292
1813 1951
1813 715
417 254
417 1192
214 359
214 1183
359 1911
359 193
1226 1723
1226 1750
1226 437
1723 706
1723 1783
151 1880
151 674
151 1929
1880 1177
1880 634
226 562
226 435
226 1984
562 1439
562 1098
178 1568
178 413
178 494
1568 1285
1568 1476
1497 1724
76 654
76 860
76 1092
654 940
654 847
934 1731
934 495
934 150
1731 1074
1539 1545
1539 1119
1539 668
1545 1648
1545 1892
555 917
555 818
555 1209
917 474
917 1138
459 949
459 367
459 311
949 80
949 1058
1050 1762
1050 677
1762 397
1762 771
1394 1572
1394 808
1394 250
1572 952
1296 685
1296 1051
1039 1869
1039 1013
1780 1873
1780 1038
1780 295
1873 1223
1873 1879
1144 1397
1144 451
1144 1791
1397 87
1123 1603
1123 816
1603 207
1603 800
712 720
712 1325
712 274
720 889
793 1825
1964 1400
1964 1053
900 1445
900 1589
900 1614
1445 854
1445 1306
692 1645
692 556
692 1170
1645 1201
1645 1490
1120 538
1120 501
234 182
234 1958
626 1062
626 1191
1062 1469
1062 927
686 1113
686 1773
1113 1864
1113 198
519 707
519 1324
519 1634
707 39
707 702
563 1271
563 1284
563 85
1271 806
1271 1468
170 702
170 13
170 1988
702 381
962 1542
962 899
1542 795
1542 1859
819 45
819 191
250 1714
250 1554
1714 44
1714 1198
910 1086
910 1420
910 1354
1086 1753
1086 213
444 824
444 390
940 1523
940 421
1523 213
1523 285
847 1295
847 1164
1295 1662
1295 1508
312 1954
312 1413
312 95
1954 993
1954 1207
618 1472
618 233
618 1440
1472 14
1472 1962
261 1314
261 1256
261 1852
1314 1943
1314 349
1246 1491
1246 498
1721 1172
1721 612
266 1923
266 485
266 220
1923 1903
1923 351
1424 1959
1424 1283
303 1316
303 517
303 1347
1316 1855
1316 241
984 408
984 23
164 600
164 1737
164 1248
600 1279
600 1321
1991 1898
1991 644
1431 1467
1431 1833
1431 1576
1467 1491
1467 215
1324 1341
1324 1836
1341 1550
1341 558
978 1895
978 1435
602 1765
602 327
602 10
1765 1878
1083 1135
1083 1396
1083 92
1135 584
1135 317
8 1255
8 1126
8 291
1255 345
1255 206
966 1553
966 1632
966 1436
1553 252
347 721
347 1352
347 903
721 1738
721 1608
235 1154
235 633
235 1362
1154 262
1154 1686
766 933
766 1106
766 1670
933 1633
1213 1244
1213 1935
1213 115
1244 1532
1244 1268
879 1893
879 1567
1893 579
1893 1868
1803 1534
1803 1847
92 1025
92 643
1025 1262
1025 694
772 1687
772 1339
1687 1211
1687 467
806 537
806 482
1600 361
1600 1531
1284 1790
1284 1222
198 597
198 931
597 434
1290 1878
1290 1421
1290 489
1878 998
319 515
319 431
319 1273
515 1911
257 1586
257 389
257 1811
1586 1719
1586 1784
1019 1909
1019 1401
1019 540
1909 71
1909 1206
419 1505
419 574
419 11
1505 2
1505 141
885 1829
1829 559
1829 146
1096 1338
1096 408
1096 1683
1338 871
1338 1924
1428 1848
1428 307
1428 1352
1848 591
1848 177
310 1369
310 135
310 287
1369 1441
1369 553
354 1784
354 1018
354 1934
1784 360
1256 1327
1256 1057
1327 39
1327 217
554 646
554 1206
554 104
646 1198
646 1934
719 979
719 739
979 906
979 159
748 1680
748 197
748 930
1680 1410
1680 466
1036 1589
1036 1094
1036 1601
124 1178
124 1449
124 217
1178 1279
1178 248
1168 788
1164 1285
225 1755
225 309
225 1301
1755 1745
1755 729
386 540
386 1006
386 179
540 1234
605 1896
605 1611
605 16
1896 1513
1896 614
106 263
106 1535
106 237
263 1597
263 991
407 1157
407 1414
1157 655
1157 173
1448 1798
1448 1183
1448 1377
1798 1111
1798 463
69 1098
69 1468
1098 16
747 1836
747 914
747 1418
1836 56
46 1151
46 1172
1151 958
1151 1781
14 1613
14 1540
346 854
346 457
346 348
854 731
907 1565
907 648
1565 146
1565 1158
172 738
172 756
172 1187
738 1644
738 673
228 1127
228 1664
1127 886
1127 33
533 1354
533 663
533 1988
1354 438
450 682
450 1577
450 1253
682 603
682 281
777 1980
777 1334
777 1559
1980 1251
1980 1069
1044 1835
1044 1578
1835 666
757 1513
757 1108
757 328
1513 795
659 941
659 327
659 276
941 49
941 1617
1524 1914
1524 677
1914 1581
1914 1014
543 995
543 376
543 1970
995 1842
995 301
264 1005
302 1872
302 501
1872 1239
1281 1927
1281 699
1281 1073
1927 665
1927 1215
1400 1538
1400 1450
340 815
340 1778
340 813
815 820
815 1395
12 1624
12 1217
12 86
1624 108
1624 877
808 920
808 401
920 422
920 647
1607 1948
1607 1059
1607 704
1948 1196
107 958
107 1485
107 271
761 1339
761 138
761 1504
1339 1089
269 382
269 828
269 1888
382 947
382 451
224 1134
224 232
224 504
1134 999
1134 1356
355 133
355 120
72 628
72 1544
72 1462
628 617
182 908
182 1385
585 884
585 1633
585 817
884 185
884 1374
265 965
265 1310
908 932
908 837
98 1174
98 317
98 1414
1174 687
1174 846
1129 298
1129 371
552 1875
552 903
552 94
1875 924
1875 881
438 284
185 1938
185 1427
1938 254
709 775
709 436
709 1546
775 1685
1556 1614
1556 1059
1556 1850
1614 287
187 1373
187 1917
187 1112
1373 52
737 873
737 246
873 127
873 534
942 1391
942 1711
1391 1953
1391 1490
1903 1752
1903 570
1133 1224
1133 1335
1133 1594
1224 1276
1224 1011
783 1254
783 1999
1254 1204
1254 256
368 1012
368 40
368 1694
1012 842
1012 1913
1476 1706
1476 236
1706 750
1706 1930
327 399
645 1140
645 1990
645 916
1140 826
1140 1232
1544 568
1544 1898
811 1438
811 244
811 1839
1438 1793
1438 546
397 1569
397 1638
1569 936
1569 1128
1035 1182
1035 1623
1035 1695
1182 376
1182 87
1118 1854
1118 685
1118 1623
1854 1101
1854 767
210 1105
210 205
1105 1103
1266 1609
1266 448
1266 991
1609 1834
1609 1381
1136 1406
1136 1461
1021 795
669 1390
669 220
669 1116
1390 845
1390 441
427 1219
427 1555
427 1767
1219 901
1689 1971
1689 456
1689 1090
1971 471
1971 441
430 1602
430 387
430 157
1602 1912
1602 1231
1046 1605
1046 1264
1046 524
1605 989
632 1328
632 1454
632 270
1328 1110
1328 862
586 1886
586 1138
1886 1048
1886 1077
648 1824
149 1997
149 1239
149 549
1997 1031
1997 1291
341 1115
341 144
341 1719
1115 1754
1115 1451
186 1241
186 839
186 335
1241 1320
74 771
74 1335
74 516
771 13
144 708
724 211
724 26
1924 1959
1959 1079
1818 1507
1818 1074
36 1827
36 1
36 1205
1827 1693
1827 1298
848 1742
848 1834
848 1272
1742 728
1742 1881
159 1402
1361 1473
1361 1626
1473 1691
1473 1323
1222 1952
1222 1315
1952 1099
1952 667
422 1899
422 123
1899 436
1899 1615
279 1325
279 213
279 297
1325 733
173 1946
1131 842
1131 1963
621 1699
621 1103
621 96
1699 1128
1699 1132
432 1912
432 1457
432 85
1912 1727
1633 1020
658 148
658 595
79 1007
79 625
79 1979
1007 570
1007 733
1611 794
1611 673
492 1554
492 990
492 1081
1554 1694
827 504
827 1861
1180 1433
1180 189
1433 1260
1433 344
451 584
70 549
70 54
549 1547
1029 1758
1029 90
1758 1195
1758 1772
723 1194
723 334
723 321
1194 1422
1194 1612
222 912
222 1797
222 1869
912 742
792 1738
792 1751
280 1936
280 1229
280 1790
1936 381
1936 849
1743 1961
1743 780
1961 805
1961 301
1353 1855
1353 651
1353 1604
1855 15
165 1145
165 1841
406 620
406 904
406 1004
620 1317
620 480
903 1294
700 801
700 1356
700 1270
801 1887
801 1615
360 1407
360 1396
1407 1727
1407 863
1691 191
999 1108
999 652
598 790
598 1347
598 162
790 1790
790 489
209 1732
209 337
209 1322
1732 1559
1732 1682
607 875
607 1312
607 1665
875 676
875 322
361 878
87 211
22 859
22 486
22 1417
859 1592
859 1838
80 611
80 1517
286 1871
286 245
286 928
1871 1637
1871 1106
40 1550
40 65
1550 1346
42 1102
42 1788
42 249
1102 1628
1102 1332
1335 1462
1200 1245
1200 1745
1200 1925
1245 1740
1245 1306
486 494
486 657
1195 1804
1195 309
1804 601
1804 727
1237 1392
1237 1252
1237 380
1392 1892
1392 541
1662 409
1662 1958
881 1119
881 199
1119 542
674 1807
495 1518
495 1767
1099 30
1099 559
216 436
216 171
396 403
396 120
403 1326
403 1280
297 955
297 1972
955 916
487 1573
487 1004
487 1799
1573 358
1573 1357
1647 704
1647 1114
711 1992
711 1247
711 1317
1992 1688
1992 160
914 1826
914 455
1826 1455
1826 1235
1970 1218
655 1579
45 231
509 1777
509 796
509 976
1777 897
1777 640
374 649
374 631
374 569
649 1639
649 657
736 1676
736 794
736 1894
1676 696
1676 989
948 1001
948 1851
948 1958
1001 201
53 981
53 521
208 882
208 200
208 822
882 887
882 1142
1167 1862
1167 239
1167 324
1862 1869
1862 623
1110 1481
308 891
308 1751
1175 1805
1175 1686
591 1028
591 1309
1028 1791
1041 1988
1041 195
499 536
499 1321
499 481
452 461
452 594
452 525
461 43
461 190
86 1795
86 852
1795 1635
1795 245
255 670
255 1179
255 1517
428 1644
428 161
428 1642
1644 1223
491 429
491 1161
1190 1558
1190 59
1190 523
1558 714
1558 631
746 1810
746 323
1810 1047
1810 1857
510 667
510 1484
510 399
667 542
1384 1423
1384 193
1384 799
1423 1935
818 1771
1951 1867
17 1408
17 1257
17 953
1408 230
289 784
289 1853
289 1512
784 1346
671 1932
671 1615
671 1891
1932 1432
1932 531
1656 1738
1656 531
1656 229
1179 1049
254 221
652 872
652 851
872 1670
872 809
1229 1332
89 1698
89 749
89 641
1698 1343
1698 349
666 1444
666 298
1444 1621
816 1147
816 398
230 1080
230 950
71 972
71 919
922 961
922 1375
961 248
961 1865
1061 384
1061 1694
195 166
195 143
839 660
1773 1387
1773 1319
677 971
1185 1865
1185 729
1185 395
1865 171
1508 1504
1508 1365
125 573
125 799
125 902
573 1608
573 1594
1081 830
1161 1648
1678 1883
1678 142
1678 1460
1883 272
1883 1752
75 1884
75 116
1884 1057
1884 1323
1670 1181
2 93
2 1238
93 174
567 625
567 1410
567 1775
625 1458
252 20
252 1771
1059 1087
1087 64
1087 832
706 490
706 1718
715 1463
1463 108
1463 1989
1608 528
1171 271
1171 1561
1348 1455
1348 352
1348 1650
1455 113
944 1551
944 474
944 722
1551 1312
1551 1907
1512 1972
1512 1990
619 584
619 656
1592 937
1592 804
174 1489
174 1067
1489 1735
1489 1231
414 1736
414 1218
414 1288
1736 1498
1736 1260
1538 705
1538 138
1401 537
1401 1262
330 1318
330 1003
642 1859
642 1277
642 728
1935 960
1711 1064
1711 581
1173 1760
1173 1387
1760 31
1760 305
1238 1330
1238 1242
814 1153
814 223
1153 1416
1153 1274
1280 1477
1280 142
1477 217
49 673
49 1359
9 61
1474 1186
1474 1778
38 1048
38 1388
38 754
1048 1639
1100 1775
1100 1986
1100 163
1103 1752
1366 1931
1366 797
1366 425
1931 1236
311 1471
311 1003
1471 1450
1471 967
176 609
176 105
176 1783
609 1333
609 1845
603 1460
298 727
601 439
601 1411
1990 496
1532 1432
1532 1521
1761 923
1761 204
1277 1529
1277 511
1529 1632
94 1887
94 714
1887 1375
1496 1982
1496 679
1496 1643
1982 1618
105 542
105 1449
1079 504
1079 1720
1094 402
971 1751
971 1986
273 1337
273 148
273 518
1337 1365
259 1402
259 1715
259 1522
1402 55
1623 717
96 1212
96 1236
1845 1906
1845 331
1906 915
1906 559
283 447
283 593
283 1546
447 284
447 1386
1439 1684
826 1064
826 1531
840 895
840 188
840 258
895 1860
895 1090
127 1483
127 1957
1413 405
1413 624
710 1868
710 119
710 535
1868 1422
1318 932
1318 1487
886 538
886 805
109 516
52 1069
1410 1076
457 1916
457 304
1916 276
1067 1696
1067 521
1696 82
1696 135
1695 1321
260 850
260 864
260 1300
850 156
850 583
1541 512
904 517
904 883
1264 930
1264 1766
805 1518
1911 1478
31 468
31 773
468 439
468 1928
1601 1149
1601 643
1627 1660
1627 1453
1660 693
1660 1466
24 874
24 1576
874 833
874 1833
1571 1259
1571 1574
220 580
367 462
367 258
278 1778
278 1427
278 1116
1388 1261
1388 1782
701 1652
701 1027
701 915
1652 1837
1652 1003
64 371
163 943
532 913
532 1334
532 1293
913 1049
913 931
1250 1333
1250 236
1907 1705
1907 1664
739 1925
1201 156
1201 725
402 803
803 1291
1107 1638
1107 455
1107 73
1638 820
429 418
429 1870
778 1728
778 1191
778 1786
1728 1189
1728 1251
85 867
867 1095
867 1768
568 835
568 1563
835 1016
835 193
959 1888
959 1053
959 1275
1888 58
698 1475
698 994
698 1437
1475 112
1475 1169
445 1258
445 111
445 1331
1258 1208
1258 694
1632 415
1892 683
110 1799
110 1789
110 1560
1799 1510
518 870
518 1953
870 1812
870 1132
371 732
1851 894
1851 316
418 868
418 930
868 572
868 592
853 1879
853 1969
853 1860
1879 249
878 1792
878 901
1792 301
1792 1068
1727 314
1370 1124
184 1640
184 1017
184 324
1640 1549
1640 251
1929 759
27 753
27 1158
753 636
753 1436
665 1684
665 1942
1684 61
239 1819
1038 817
1038 822
664 1310
664 1080
329 391
329 29
1275 183
676 1749
676 1631
1069 1215
1215 960
1211 1973
1211 1493
1973 1577
1973 512
223 520
223 324
520 240
520 466
759 1812
759 977
1812 951
1432 245
1208 1675
1208 1966
1675 1629
1675 595
247 734
247 1122
247 421
734 1125
734 1480
314 1785
314 871
1756 1772
1756 175
1772 1949
1126 205
1126 1579
1172 58
366 1737
366 1125
366 1654
1737 1330
408 1877
1333 1446
1446 90
435 1199
435 918
1199 1269
1199 992
258 483
483 813
483 911
650 858
650 558
650 143
858 967
858 1629
522 938
522 1870
522 202
938 1037
938 1124
883 1209
883 1461
1209 267
863 1002
863 313
1002 101
345 1322
1279 146
1422 523
1682 1944
1682 232
1944 1051
1944 350
95 1749
95 718
699 218
699 957
740 1053
740 1488
556 1610
556 714
1610 566
1610 1955
1251 1757
1757 1588
651 1487
651 150
358 722
358 1006
722 921
1092 616
1789 431
465 705
465 1764
465 1488
705 177
1217 221
1217 1230
1292 1386
1292 1733
1386 781
26 1417
26 1881
1417 1625
43 832
43 1956
832 668
1260 1617
1709 732
1709 640
161 787
161 218
787 990
405 636
405 1882
996 1243
996 525
996 116
1243 1304
1243 41
321 1828
321 48
1828 1530
1828 1150
871 1248
1248 1084
59 579
59 206
175 1630
175 641
1630 32
1630 1616
822 1966
1966 1942
1850 272
1395 1864
1395 637
1864 1921
544 566
544 142
544 1499
566 233
611 1499
611 1583
843 1945
843 1406
843 869
1945 1783
440 774
440 1480
440 449
774 1692
774 1358
1207 1404
1207 1712
1404 421
28 1058
28 62
28 328
1058 1276
1776 494
1776 1599
1486 1493
1486 481
1486 37
1493 229
1149 891
821 1368
821 1447
1368 1015
1368 1669
1247 1754
229 237
915 1978
1294 231
1294 1574
1577 1187
1146 1376
1146 1597
1487 992
608 1754
608 1155
608 1014
574 1612
574 612
1612 1419
1426 1563
1426 1561
1426 73
1563 305
1625 1809
1625 1858
1809 338
1809 1616
1693 576
1693 1437
1788 1447
1788 1326
1484 1412
1484 970
1510 1562
1510 833
1562 1941
1562 1509
1396 177
926 1282
926 1715
926 1518
1282 41
1259 484
1259 446
469 1977
469 369
1977 123
743 290
743 617
205 1315
181 756
181 1667
181 1548
756 1276
788 1583
788 1837
919 1359
919 844
1359 1411
1261 1412
889 1516
889 614
1516 1653
1516 1764
616 894
1949 1090
1949 1329
828 1506
1506 299
1506 114
1301 1560
244 50
244 416
248 293
293 1454
292 479
292 1735
292 148
479 1962
479 1437
1269 153
1269 1376
267 1915
267 56
1356 1574
1015 1093
1015 508
1520 1769
1520 433
1520 527
1769 241
1769 928
936 824
1011 1483
203 1718
203 965
1718 400
299 1533
299 1358
852 1984
852 1458
1984 1306
488 1967
488 1744
1967 1078
1967 1692
1023 1228
1023 57
1228 614
1228 860
687 1093
1093 1193
1834 1901
1901 1730
708 1710
1710 251
166 1156
166 1712
1692 240
409 776
409 1152
776 1429
776 1409
1839 529
1839 987
470 606
470 1671
606 1304
1535 1581
398 1112
398 713
1112 134
241 1686
158 1917
158 841
158 103
1917 505
580 1620
580 1309
1064 507
594 77
594 829
527 1262
527 30
1055 1381
1055 325
1381 1160
490 288
595 1805
1805 412
1688 1968
1688 1380
1968 1557
1585 1955
1955 834
1793 1387
1793 807
1597 1454
305 401
1232 284
1232 967
1683 1594
1820 388
647 1299
1299 576
1299 596
1581 1956
47 931
47 262
47 274
906 1824
906 530
1824 1298
320 760
320 916
320 656
760 1815
760 1631
1218 387
781 1420
781 1933
1420 400
639 466
639 295
1441 1502
1441 726
1735 391
348 635
348 51
635 1160
635 50
6 1014
6 190
1162 1642
1162 1047
1642 231
236 1919
364 1253
364 1363
364 1030
1253 683
892 1372
892 1031
892 449
1372 157
1637 1730
1637 1739
1227 1478
1227 11
1227 333
1478 972
637 1267
637 275
1267 1930
1267 179
1987 545
20 890
20 1768
890 1495
890 1145
972 1690
82 227
82 243
227 215
227 1442
253 1915
253 970
1915 395
624 1626
624 502
455 1492
1492 1300
1492 587
97 1933
97 877
97 251
1933 1902
901 1578
443 471
443 153
443 928
471 1842
1782 855
240 1065
156 437
481 1882
745 921
745 112
745 1488
921 116
1231 132
351 473
351 1766
473 412
473 680
1724 1628
1724 750
1881 939
11 1073
617 1181
424 1882
424 1031
157 643
977 1363
977 271
851 943
541 829
541 388
1427 1730
813 1170
789 1085
789 1027
1085 192
183 1697
162 169
162 1720
169 475
169 507
796 1389
796 1503
1389 992
1389 1273
37 703
1671 1838
1797 945
1797 1900
33 1781
33 1831
1781 694
983 1072
983 268
983 1078
1072 1661
1072 54
1010 1583
1010 1071
1498 30
1020 1514
1020 1774
190 1026
1026 1421
1026 1139
1236 876
58 503
1745 1808
1808 1024
505 1074
505 856
219 1763
219 1502
219 1150
1763 416
1763 1042
482 1319
482 1584
1319 1204
1288 1303
1288 1089
1303 1522
1303 725
1697 1891
1697 947
1567 454
7 1849
7 77
7 502
1849 35
1849 154
119 1588
1198 1669
1584 433
1584 1946
517 464
911 1457
911 1590
1049 101
1429 13
1429 1051
433 1380
693 902
593 1355
593 1377
679 1846
679 1223
1376 1629
331 1838
331 758
90 802
192 537
192 78
1073 1943
661 1155
661 1546
1155 256
456 153
456 1442
1750 1657
1750 1663
334 1434
334 137
1434 137
1434 496
1861 1504
1861 799
1080 1495
1846 1947
732 218
844 1950
844 893
1950 716
1877 1741
1928 550
1928 60
1690 1235
829 1830
830 1377
830 1004
1934 918
1287 1329
1287 1926
1329 592
1147 1843
1147 929
1843 1969
1843 201
1016 1509
1509 622
1138 1704
754 1263
668 1436
1076 1331
1076 288
553 1921
333 1186
333 1900
1186 1065
726 23
1665 1890
1665 484
1890 791
1890 985
1355 1242
1867 634
1114 1378
1114 1184
1378 1852
1378 1350
188 437
188 1230
641 322
547 1187
547 1511
794 545
579 207
717 1189
1189 993
1150 1193
1193 837
1027 1122
401 1334
212 1547
212 581
212 956
1024 1462
1024 1631
1764 1265
448 564
448 570
1130 426
1130 703
991 1521
150 525
1078 1289
1289 1409
1289 449
60 897
60 558
897 741
102 1302
102 960
1302 378
947 154
1511 1008
1239 1841
758 1440
758 275
550 1963
550 1065
1485 1450
1192 800
1089 1739
576 111
855 369
937 1242
23 508
575 1468
575 534
1440 969
39 304
415 323
415 939
1315 1741
1860 1101
1156 117
1156 690
1815 242
1815 1268
945 1976
945 987
730 1643
730 742
730 104
804 84
804 769
1108 1622
200 1661
117 898
750 1616
1332 168
893 1530
1559 332
1596 1070
1596 1705
115 1460
115 508
1060 1639
1060 385
1895 1946
1895 528
41 446
1095 1274
512 1655
1343 1560
1343 689
1116 1619
276 1679
1679 1713
1679 683
1283 1317
326 633
326 5
326 353
633 932
197 994
197 1900
1825 1713
1825 1125
716 1293
716 1979
1657 1304
1604 833
524 733
524 1240
389 1703
389 395
155 378
155 233
155 1056
1661 767
1345 1653
1345 317
168 582
168 335
582 464
582 741
309 1268
1323 1774
993 29
1969 965
242 350
1032 1037
1032 812
1032 1636
1037 493
1870 1465
1902 1939
1902 73
1939 1549
391 111
981 1071
981 1674
834 529
834 291
1057 1548
1240 204
1956 653
989 132
201 65
48 84
48 1837
84 898
572 1042
987 1802
1802 1620
1183 791
1531 256
44 909
44 285
909 1022
909 1919
67 484
67 1831
67 454
797 1641
797 1636
1641 1503
1641 718
35 1588
35 1866
1703 1561
1703 653
387 990
318 596
318 1206
596 1894
1416 147
1235 1350
1350 1045
221 503
295 1340
1830 1507
663 1309
663 1941
800 869
869 1132
1733 975
1143 1674
1143 1469
820 1771
1252 627
1252 325
460 1740
460 394
460 564
1740 202
703 1515
1265 1579
1265 785
413 1104
413 1030
529 1101
199 1139
681 1070
681 1919
681 10
1070 337
1537 1549
1537 1449
1537 1045
1177 211
1177 952
513 530
511 1418
511 1234
446 1926
1926 1517
410 1451
410 1170
410 1383
1451 274
394 1453
394 1534
1056 1891
1056 453
262 569
569 887
51 880
51 352
880 1521
880 689
1617 1234
1734 856
1930 313
101 463
791 1018
380 1320
380 985
1320 973
622 846
132 1796
384 807
862 434
862 1667
1921 523
680 1962
680 798
287 160
894 1084
313 1796
1796 375
337 546
581 1411
238 1622
238 845
824 294
307 54
696 501
729 1943
381 969
390 1374
1514 1791
65 1525
475 1619
475 425
975 1362
975 887
1362 498
1184 1621
1184 1712
1621 1196
688 1650
688 935
864 204
1766 545
969 1464
1801 1347
1801 535
1530 876
467 1340
281 285
281 154
1421 690
207 335
1842 1999
55 1635
55 294
1635 1091
727 1673
50 656
411 1274
411 370
411 1013
1963 660
152 1953
152 1599
152 1022
1142 1807
352 672
672 1360
672 379
1833 304
689 1525
1976 316
171 1270
336 583
336 323
29 957
957 1502
1352 426
412 578
578 1700
899 1052
1669 1628
685 189
189 812
1685 1365
1685 1495
612 426
1713 1212
1768 133
137 425
206 1650
349 587
785 953
785 136
1412 464
120 353
112 1447
627 1442
627 1767
1741 798
16 1169
56 15
718 1406
1653 1257
1047 57
841 924
841 1663
653 134
538 935
1704 1082
1831 1272
1811 268
1419 1430
1430 15
1430 32
113 1654
416 1720
557 453
62 1464
62 1785
1464 277
507 1181
1204 294
1077 1866
1499 1469
1385 640
1385 237
1300 798
103 1357
103 1383
1357 167
660 902
1533 1673
1533 243
316 1522
268 623
644 935
644 1322
929 1978
493 1111
493 143
1111 370
742 114
1481 1894
856 630
1515 985
277 998
277 1311
344 970
344 1005
485 1557
485 375
1555 10
1005 1263
918 133
1975 531
1975 502
1540 1340
1360 769
1360 590
678 1291
678 141
678 1700
1663 704
877 1091
1091 1774
325 1104
534 1152
1257 950
713 731
713 1052
731 480
623 393
270 1414
270 136
1618 1528
1618 288
393 1858
1705 1399
956 1576
956 1566
1453 1566
1145 1528
123 860
1503 780
973 1152
973 1947
1045 1293
57 249
78 1978
134 246
1947 1230
521 1620
32 1139
1191 1371
489 1847
1847 1626
114 1942
147 807
147 1205
1674 370
1082 1435
1082 1667
1435 630
587 332
1141 1786
1141 5
480 849
849 898
1655 1719
1807 1205
1857 431
950 976
976 1383
385 1272
385 1052
379 1654
332 1169
291 634
350 441
1 1548
1 546
167 1457
1785 1566
1375 802
1841 1104
328 1866
399 1311
246 1806
290 1030
290 657
1022 1465
725 1700
1358 1858
767 809
1999 1659
1659 1957
769 1528
1013 375
1664 1371
590 1068
590 773
809 535
846 61
530 1158
845 453
136 369
