200 100
67 104
178 191
24 197
75 184
77 181
137 177
3 186
84 150
69 76
45 85
73 131
125 187
107 151
17 169
93 146
135 161
58 133
33 152
60 170
56 126
149 183
18 127
13 21
74 159
7 35
29 136
4 173
25 141
46 182
103 179
189 194
100 116
72 164
156 200
31 190
61 81
39 115
53 132
139 147
62 98
36 198
64 71
120 188
38 143
95 140
128 155
27 78
2 88
80 145
48 119
129 193
89 157
175 199
82 108
124 196
43 162
9 160
15 54
19 106
34 70
22 114
14 195
92 96
123 138
65 66
63 142
83 90
99 110
26 50
51 134
153 163
55 168
1 87
41 68
121 122
44 158
16 32
5 11
8 174
86 102
112 185
42 117
23 30
37 166
40 192
105 148
91 176
47 118
20 79
12 130
111 172
101 171
94 165
28 49
113 154
6 180
10 144
57 109
52 97
59 167
