200 128
1 45
2 76
2 129
2 130
2 150
3 13
3 119
3 151
3 181
4 85
4 101
4 198
5 110
6 45
7 179
8 54
9 29
9 94
10 59
13 21
14 75
18 79
20 99
22 91
23 133
26 123
26 132
27 70
27 130
28 65
29 76
31 45
31 135
32 71
32 118
32 182
33 183
35 161
37 79
37 153
38 102
40 106
41 144
42 55
43 147
44 83
44 124
44 148
47 116
47 196
49 77
49 106
49 127
49 144
49 178
50 79
50 141
51 96
51 142
51 177
53 182
54 186
55 168
56 81
56 126
56 136
57 76
57 90
57 164
58 63
58 117
58 129
60 120
60 171
61 138
63 154
64 139
66 105
67 101
67 110
72 144
73 86
74 88
75 105
76 117
76 147
77 109
78 128
78 173
81 188
83 113
84 169
86 97
87 101
89 107
90 158
92 179
93 158
94 95
96 111
96 183
98 104
99 107
99 151
102 181
103 123
105 122
106 173
107 110
109 125
112 128
120 181
120 197
122 194
123 184
125 143
131 136
134 198
146 186
150 178
150 184
151 171
155 163
157 179
162 194
165 186
168 172
169 172
