200 1692
1 5
1 29
1 47
1 52
1 58
1 81
1 85
1 98
1 103
1 109
1 110
1 149
1 165
1 188
1 198
2 27
2 39
2 43
2 45
2 49
2 54
2 65
2 78
2 87
2 108
2 114
2 118
2 129
2 134
2 141
2 142
2 154
2 167
2 178
2 188
2 190
3 15
3 23
3 24
3 51
3 66
3 104
3 108
3 119
3 141
3 155
3 168
3 183
3 198
3 199
4 30
4 61
4 74
4 83
4 96
4 98
4 102
4 121
4 125
4 139
4 140
4 147
4 151
4 163
4 177
4 191
5 30
5 49
5 60
5 71
5 77
5 100
5 101
5 113
5 120
5 131
5 143
5 149
5 150
5 159
5 165
5 176
5 192
6 14
6 25
6 52
6 59
6 86
6 92
6 117
6 156
6 166
6 168
6 180
6 183
6 191
7 15
7 19
7 25
7 42
7 49
7 59
7 83
7 84
7 98
7 109
7 119
7 132
7 138
7 140
7 143
7 144
7 162
7 176
7 185
7 200
8 13
8 14
8 29
8 45
8 51
8 62
8 66
8 71
8 93
8 95
8 103
8 109
8 114
8 126
8 142
8 144
8 146
8 151
8 155
8 165
8 177
8 180
8 181
8 190
9 27
9 45
9 59
9 67
9 85
9 86
9 88
9 115
9 121
9 141
9 161
9 163
9 165
10 16
10 37
10 41
10 42
10 45
10 49
10 58
10 63
10 71
10 77
10 82
10 104
10 110
10 111
10 113
10 124
10 180
11 12
11 21
11 29
11 33
11 41
11 65
11 88
11 90
11 96
11 101
11 108
11 119
11 132
11 149
11 156
11 170
11 194
12 38
12 40
12 51
12 91
12 103
12 123
12 128
12 137
12 141
12 142
12 147
12 153
12 167
12 190
12 198
13 19
13 64
13 83
13 99
13 108
13 121
13 141
13 145
13 152
13 156
13 165
13 179
13 183
13 192
14 21
14 25
14 57
14 71
14 80
14 110
14 129
14 133
14 144
14 155
14 164
14 179
14 187
14 189
14 199
14 200
15 21
15 23
15 24
15 49
15 83
15 87
15 103
15 118
15 119
15 125
15 139
15 152
15 171
15 176
15 182
16 92
16 104
16 108
16 122
16 140
16 152
16 177
16 178
16 182
16 191
17 28
17 29
17 39
17 46
17 51
17 64
17 87
17 101
17 105
17 109
17 125
17 151
17 164
17 183
17 188
17 198
18 19
18 23
18 44
18 48
18 55
18 112
18 122
18 125
18 134
18 148
18 151
18 158
18 161
18 173
18 200
19 25
19 77
19 94
19 100
19 105
19 117
19 118
19 132
19 154
19 161
19 165
19 166
19 168
19 183
19 193
19 200
20 22
20 48
20 51
20 74
20 103
20 111
20 115
20 117
20 168
20 183
20 184
20 199
21 58
21 59
21 69
21 80
21 84
21 85
21 94
21 97
21 104
21 106
21 107
21 164
21 169
21 175
21 179
21 185
22 27
22 82
22 93
22 95
22 112
22 161
22 164
22 167
22 184
23 37
23 39
23 63
23 77
23 84
23 97
23 99
23 110
23 174
23 189
23 192
23 193
24 36
24 51
24 61
24 66
24 71
24 72
24 75
24 77
24 101
24 139
24 152
24 158
24 188
25 33
25 41
25 53
25 64
25 65
25 71
25 72
25 85
25 90
25 104
25 109
25 115
25 120
25 127
25 139
25 141
25 143
25 145
25 147
25 156
25 167
25 179
25 185
25 199
26 35
26 37
26 38
26 47
26 51
26 73
26 80
26 81
26 96
26 107
26 116
26 119
26 137
26 142
26 148
26 152
26 168
26 176
26 187
26 200
27 42
27 44
27 56
27 62
27 90
27 102
27 107
27 111
27 114
27 132
27 138
27 139
27 160
27 184
27 199
28 38
28 53
28 71
28 91
28 94
28 128
28 155
28 157
28 162
28 178
28 195
29 38
29 47
29 80
29 106
29 109
29 110
29 131
29 174
29 176
29 193
29 199
30 37
30 40
30 65
30 68
30 84
30 112
30 114
30 116
30 144
30 158
30 181
30 184
30 199
31 33
31 52
31 70
31 72
31 76
31 77
31 78
31 85
31 90
31 95
31 100
31 113
31 124
31 138
31 152
31 155
31 159
31 161
31 169
31 173
31 178
31 191
32 35
32 63
32 123
32 127
32 132
32 134
32 145
32 163
32 167
32 174
32 198
33 34
33 47
33 57
33 64
33 92
33 113
33 122
33 126
33 127
33 136
33 150
33 158
34 49
34 56
34 58
34 98
34 116
34 119
34 132
34 133
34 141
34 151
34 161
34 162
35 39
35 48
35 51
35 57
35 59
35 65
35 67
35 79
35 82
35 93
35 107
35 110
35 118
35 122
35 124
35 125
35 143
35 173
35 179
35 185
36 63
36 65
36 75
36 87
36 108
36 109
36 130
36 163
36 164
36 173
36 186
36 193
36 199
37 39
37 46
37 51
37 79
37 91
37 92
37 96
37 97
37 104
37 106
37 112
37 128
37 139
37 142
37 173
37 198
38 39
38 51
38 59
38 67
38 88
38 111
38 133
38 142
38 152
38 158
38 180
38 190
38 195
39 72
39 79
39 89
39 105
39 115
39 117
39 128
39 130
39 136
39 146
39 161
39 167
39 174
39 178
39 187
40 41
40 56
40 78
40 95
40 103
40 130
40 148
40 149
40 150
40 151
40 155
40 194
41 46
41 53
41 95
41 109
41 111
41 133
41 140
41 150
41 162
41 163
41 174
41 185
41 193
41 196
42 44
42 47
42 52
42 61
42 86
42 87
42 127
42 169
42 171
42 180
42 186
42 195
43 68
43 122
43 130
43 134
43 144
43 179
43 188
43 200
44 61
44 77
44 79
44 88
44 94
44 98
44 134
44 141
44 150
44 157
44 166
44 193
44 199
45 46
45 55
45 57
45 59
45 70
45 73
45 98
45 123
45 126
45 168
45 189
46 49
46 98
46 104
46 123
46 151
46 153
46 154
46 183
46 195
47 52
47 54
47 74
47 81
47 91
47 105
47 131
47 132
47 159
47 162
47 185
48 70
48 77
48 93
48 97
48 144
48 145
48 161
48 173
48 174
48 177
48 184
49 89
49 92
49 96
49 99
49 109
49 131
49 152
49 161
49 182
50 51
50 73
50 83
50 100
50 132
50 154
50 169
50 175
50 197
51 55
51 64
51 65
51 81
51 82
51 110
51 117
51 130
51 134
51 135
51 142
51 166
51 169
51 196
51 198
51 199
52 56
52 59
52 64
52 65
52 73
52 80
52 86
52 96
52 97
52 102
52 134
52 149
52 158
52 180
52 198
53 60
53 68
53 75
53 101
53 124
53 150
53 156
53 165
53 171
54 55
54 58
54 64
54 69
54 87
54 89
54 91
54 110
54 138
54 147
54 157
54 183
55 64
55 68
55 110
55 112
55 121
55 131
55 161
55 177
55 180
55 185
55 191
56 70
56 77
56 108
56 124
56 130
56 140
56 142
56 151
56 152
57 62
57 71
57 77
57 80
57 83
57 95
57 98
57 124
57 148
57 155
57 191
57 194
58 61
58 62
58 78
58 88
58 95
58 98
58 116
58 143
58 150
58 151
58 157
58 158
58 159
58 166
58 180
58 186
58 189
59 83
59 84
59 88
59 98
59 111
59 120
59 149
59 153
59 195
60 65
60 69
60 78
60 91
60 95
60 115
60 122
60 127
60 132
60 158
60 181
61 75
61 76
61 89
61 112
61 170
61 171
61 180
61 181
61 184
61 197
62 83
62 105
62 112
62 130
62 134
62 142
62 147
62 152
62 168
62 175
62 177
62 189
62 192
62 193
63 72
63 75
63 79
63 87
63 91
63 99
63 132
63 150
63 153
63 176
63 190
64 80
64 85
64 100
64 126
64 130
64 152
64 159
64 167
64 189
64 192
64 200
65 69
65 94
65 95
65 117
65 125
65 129
65 138
65 151
65 162
65 169
65 181
65 184
65 185
65 191
65 196
66 74
66 90
66 91
66 101
66 123
66 141
66 178
66 190
67 73
67 107
67 110
67 111
67 121
67 128
67 143
67 149
67 158
67 159
67 183
68 71
68 75
68 77
68 89
68 92
68 124
68 127
68 147
68 182
68 193
69 89
69 96
69 100
69 112
69 126
69 140
69 145
69 186
69 194
69 200
70 74
70 104
70 106
70 112
70 127
70 134
70 145
70 171
70 181
70 196
71 83
71 107
71 124
71 135
71 140
71 144
71 147
71 152
71 155
71 161
71 179
71 188
72 83
72 86
72 101
72 104
72 105
72 117
72 120
72 138
72 145
73 85
73 116
73 162
73 170
73 171
73 194
74 83
74 91
74 118
74 140
74 172
74 173
74 176
74 194
75 102
75 104
75 108
75 109
75 113
75 116
75 121
75 136
75 137
75 140
75 144
75 148
75 157
75 164
75 176
75 186
75 189
75 192
75 195
75 197
76 84
76 93
76 98
76 110
76 135
76 145
76 179
77 80
77 84
77 86
77 92
77 94
77 95
77 99
77 110
77 111
77 116
77 131
77 144
77 156
77 174
77 183
77 189
78 105
78 126
78 128
78 130
78 136
78 149
78 154
78 178
79 92
79 99
79 106
79 108
79 131
79 158
79 168
79 185
79 192
80 88
80 97
80 104
80 116
80 140
80 141
80 146
80 170
80 198
81 82
81 101
81 125
81 164
81 167
81 170
81 172
81 176
82 93
82 101
82 104
82 127
82 138
82 142
82 152
82 153
82 184
82 191
82 192
82 198
83 110
83 115
83 127
83 134
83 152
83 167
83 178
83 191
83 193
83 199
84 100
84 148
84 150
84 152
84 153
84 158
84 188
84 192
84 198
84 200
85 104
85 107
85 115
85 117
85 122
85 131
85 132
85 144
85 148
85 165
85 166
85 171
85 177
85 187
85 196
85 199
86 88
86 91
86 97
86 119
86 123
86 136
86 142
86 146
86 168
86 171
86 182
86 186
86 190
86 195
87 92
87 99
87 101
87 105
87 112
87 115
87 118
87 124
87 127
87 130
87 152
87 156
87 174
87 179
87 183
87 191
88 90
88 103
88 110
88 114
88 134
88 135
88 164
88 176
88 177
88 185
88 186
88 193
88 196
88 199
89 92
89 105
89 126
89 132
89 140
89 145
89 146
89 149
89 157
89 169
90 95
90 99
90 112
90 122
90 130
90 133
90 141
90 163
90 184
90 189
90 191
90 199
91 94
91 101
91 120
91 122
91 123
91 126
91 131
91 137
91 180
92 98
92 106
92 108
92 119
92 125
92 131
92 132
92 157
92 167
92 189
92 191
93 95
93 96
93 98
93 109
93 121
93 124
93 139
93 151
93 166
93 178
93 189
93 191
94 115
94 118
94 120
94 125
94 132
94 175
94 189
94 191
94 194
94 195
95 104
95 126
95 144
95 145
95 147
95 153
95 164
95 169
95 171
95 176
95 178
95 185
95 187
96 100
96 112
96 126
96 127
96 132
96 134
96 170
96 175
96 196
96 200
97 98
97 111
97 116
97 130
97 139
97 151
97 153
97 164
97 165
97 176
97 182
98 107
98 110
98 124
98 131
98 133
98 151
98 155
98 173
98 174
98 177
98 187
98 188
98 190
98 193
99 105
99 120
99 124
99 135
99 136
99 152
99 159
99 162
99 164
99 165
99 176
99 179
99 191
99 200
100 101
100 103
100 110
100 113
100 123
100 150
100 171
100 173
100 180
100 184
100 191
101 150
101 153
101 156
101 163
101 186
102 131
102 160
102 194
103 106
103 118
103 119
103 137
103 141
103 148
103 163
103 173
103 174
103 178
103 179
103 194
103 195
104 107
104 110
104 123
104 127
104 139
104 149
104 162
104 172
104 181
104 187
104 194
105 118
105 126
105 127
105 139
105 149
105 150
105 157
105 188
105 193
106 125
106 132
106 134
106 144
106 148
106 160
106 173
106 191
106 198
107 125
107 150
107 162
107 198
108 111
108 115
108 119
108 124
108 126
108 135
108 136
108 148
108 152
108 157
108 166
108 167
108 174
108 184
108 187
108 189
108 196
109 113
109 114
109 120
109 121
109 130
109 138
109 157
109 196
110 125
110 129
110 131
110 153
110 186
110 189
110 196
111 119
111 121
111 124
111 158
111 165
111 195
112 116
112 121
112 125
112 139
112 154
112 186
112 192
112 194
112 197
112 198
113 114
113 115
113 127
113 129
113 133
113 138
113 150
113 175
113 176
113 181
113 189
114 118
114 124
114 142
114 145
114 148
114 150
114 179
115 116
115 131
115 138
115 154
115 155
115 170
115 186
115 187
115 191
116 123
116 125
116 149
116 151
116 161
116 171
117 189
118 159
118 188
119 129
119 148
119 157
119 187
119 196
120 127
120 172
120 184
120 195
121 129
121 132
121 137
121 142
121 149
121 154
121 160
121 193
122 138
122 151
122 178
122 182
122 187
123 134
123 135
123 137
123 138
123 164
123 165
123 169
123 191
124 129
124 134
124 144
124 151
124 153
124 164
124 165
124 177
124 185
125 126
125 143
125 157
125 182
125 188
126 139
126 169
126 174
127 128
127 129
127 132
127 136
127 147
127 153
127 177
127 178
127 180
128 130
128 138
128 150
128 168
128 174
129 134
129 159
129 160
129 165
129 191
130 141
130 146
130 153
130 177
130 185
130 197
131 137
131 142
131 144
131 165
131 172
131 175
132 144
132 152
132 165
132 178
132 197
133 138
133 160
133 165
133 189
133 198
133 199
134 143
134 173
134 194
135 159
135 176
135 188
135 193
136 144
136 153
136 159
136 177
136 200
137 140
137 143
137 155
137 156
137 163
137 166
137 200
138 153
138 175
139 145
139 179
140 170
140 171
140 186
141 144
141 146
141 175
141 186
142 148
142 149
142 153
142 156
142 157
142 158
142 164
142 172
142 178
142 186
143 146
143 149
143 164
143 166
143 191
143 197
144 149
144 150
144 169
144 175
144 181
144 193
144 194
145 149
145 151
145 156
145 165
145 171
145 172
145 185
146 147
146 155
146 165
146 171
146 175
146 195
146 200
147 160
147 162
147 167
147 177
147 181
147 190
148 153
148 155
148 165
148 167
148 185
148 194
149 155
149 158
149 169
149 174
149 186
149 195
149 200
150 157
150 164
150 188
150 189
150 199
150 200
151 152
151 153
151 156
151 165
151 169
151 171
151 180
151 183
152 173
152 199
153 164
153 165
153 169
153 195
154 162
154 164
154 168
154 170
154 171
154 180
155 156
155 174
155 184
155 186
156 175
156 187
157 168
157 184
157 191
158 171
158 172
158 191
160 163
160 173
160 188
160 194
161 162
161 180
161 188
161 195
162 167
162 184
162 188
162 195
163 188
164 189
164 197
164 199
165 177
165 179
165 183
165 198
165 200
166 179
167 168
167 185
168 195
169 181
170 176
171 182
172 176
172 180
172 182
172 186
173 177
173 193
174 178
174 188
175 184
175 196
176 179
176 197
177 189
177 193
178 185
180 181
180 187
182 188
182 193
184 188
184 191
187 193
191 196
191 197
193 199
194 196
194 198
199 200
