200 127
1 166
1 198
2 83
3 191
7 19
7 26
7 141
8 68
10 17
11 124
12 17
12 24
12 74
12 165
12 196
14 61
14 130
14 172
15 176
16 180
16 181
17 86
19 23
19 40
20 80
22 30
25 151
26 30
27 35
27 89
28 197
29 102
30 117
31 140
32 56
32 62
32 180
33 48
35 128
36 169
37 42
38 60
38 165
39 180
42 44
43 73
45 68
47 70
47 150
48 133
49 89
50 141
53 103
54 84
54 91
54 142
58 161
61 163
61 186
61 190
64 189
65 178
67 145
74 103
75 182
78 195
79 105
80 183
80 186
81 147
81 165
83 140
84 152
88 95
89 170
90 101
90 196
91 147
91 161
92 172
92 187
92 191
94 186
96 169
96 177
98 101
99 190
100 190
101 159
102 140
103 195
104 183
105 124
105 148
110 181
111 158
112 131
113 190
115 198
118 148
119 199
121 162
123 129
123 180
125 174
133 168
136 172
136 200
138 166
139 152
140 143
141 163
147 195
148 152
149 152
150 160
151 156
152 170
157 180
158 182
161 163
161 180
163 195
169 188
171 193
183 195
185 198
