200 100
57 139
2 59
148 168
135 150
61 75
58 122
69 131
54 63
71 113
62 110
99 104
80 164
108 125
103 147
93 155
23 175
134 174
25 29
30 199
31 42
88 140
10 68
13 149
98 116
128 160
5 181
20 163
81 182
74 152
43 183
120 158
44 65
115 180
18 40
83 84
169 190
109 185
24 153
67 188
15 159
173 178
144 172
11 146
136 177
12 35
48 192
21 86
121 143
38 200
73 105
27 117
95 151
176 179
107 189
50 85
9 114
66 184
33 126
119 129
8 133
28 166
47 82
111 127
100 106
49 97
92 132
157 167
4 193
124 191
36 197
89 145
77 170
19 165
162 186
1 34
112 130
142 195
64 154
137 171
6 32
7 70
118 194
41 72
52 56
22 141
53 55
45 51
37 196
161 198
79 156
3 17
26 138
94 101
39 187
76 96
78 123
14 87
16 102
46 91
60 90
