200 265
1 54
2 54
2 104
2 16
2 90
2 81
2 49
2 134
3 54
4 54
5 54
6 54
7 54
8 54
9 54
10 54
11 54
12 54
12 104
12 83
12 25
13 54
14 54
15 54
15 104
15 172
15 16
15 30
15 154
16 54
16 104
16 135
16 172
16 175
16 117
16 38
17 54
18 54
19 54
20 54
21 54
21 104
22 54
23 54
24 54
24 175
25 54
26 54
27 54
28 54
29 54
30 54
30 104
30 172
31 54
31 166
32 54
33 54
34 54
34 104
35 54
35 185
36 54
37 54
38 54
38 135
39 54
40 54
41 54
42 54
43 54
43 61
44 54
45 54
46 54
47 54
48 54
49 54
50 54
51 54
52 54
53 54
54 104
54 135
54 172
54 90
54 118
54 61
54 75
54 175
54 98
54 117
54 82
54 78
54 166
54 108
54 155
54 81
54 199
54 83
54 102
54 60
54 67
54 58
54 178
54 170
54 112
54 171
54 125
54 159
54 176
54 148
54 200
54 151
54 188
54 141
54 99
54 123
54 187
54 180
54 109
54 196
54 92
54 69
54 165
54 190
54 164
54 89
54 85
54 114
54 130
54 80
54 185
54 74
54 56
54 156
54 115
54 105
54 146
54 91
54 76
54 169
54 121
54 84
54 128
54 152
54 68
54 149
54 127
54 59
54 182
54 63
54 55
54 154
54 93
54 161
54 139
54 64
54 167
54 70
54 195
54 120
54 145
54 110
54 138
54 136
54 160
54 150
54 181
54 66
54 57
54 197
54 107
54 184
54 153
54 134
54 72
54 183
54 71
54 111
54 191
54 73
54 143
54 179
54 186
54 77
54 147
54 189
54 198
54 177
54 132
54 87
54 144
54 95
54 116
54 126
54 119
54 113
54 194
54 101
54 193
54 168
54 137
54 103
54 163
54 65
54 158
54 97
54 192
54 88
54 157
54 96
54 124
54 140
54 173
54 131
54 122
54 174
54 86
54 162
54 94
54 129
54 142
54 106
54 79
54 100
54 133
54 62
58 104
58 135
60 151
61 104
67 90
67 150
71 172
72 104
73 90
75 104
81 118
82 104
83 90
88 107
90 104
98 104
98 172
102 135
104 135
104 172
104 118
104 175
104 166
104 176
104 180
104 190
104 130
104 132
117 118
118 166
118 148
118 183
119 200
135 199
135 158
175 187
191 200
