200 220
1 187
2 9
2 104
2 115
4 32
4 64
6 22
6 35
6 61
6 112
7 60
7 95
7 136
7 162
8 16
8 177
10 34
10 97
10 132
11 26
11 60
11 164
12 144
13 66
13 144
13 180
13 181
13 197
14 144
15 117
15 175
16 197
17 57
17 175
17 191
18 197
19 47
19 157
20 53
20 121
20 169
20 191
21 62
21 159
22 106
22 167
23 152
23 153
23 159
24 68
24 82
24 145
25 99
25 127
25 129
26 43
26 93
26 139
27 141
29 69
29 135
30 50
32 50
32 130
32 143
33 158
34 64
34 94
35 88
36 187
37 55
37 152
38 138
38 198
39 64
39 188
40 67
40 186
40 193
42 104
42 137
43 79
43 94
43 119
43 120
43 174
44 123
44 126
44 133
44 152
44 193
45 68
45 75
46 142
46 167
48 55
48 69
49 164
49 177
50 88
51 83
51 192
52 129
52 147
52 158
54 67
54 74
54 154
55 70
55 111
56 188
57 73
57 150
58 60
58 77
58 101
59 138
59 142
61 90
61 180
61 185
62 99
62 160
63 78
63 107
63 165
65 110
66 104
66 171
67 68
67 107
67 147
68 84
68 123
68 131
68 146
69 80
69 86
70 73
70 169
70 174
71 99
73 194
74 141
75 83
77 166
77 170
77 176
80 149
81 187
83 107
83 108
83 130
85 195
86 122
86 173
87 184
88 104
88 194
89 116
90 168
91 97
91 119
91 157
93 162
95 124
95 194
96 147
97 153
97 165
98 123
100 126
101 199
103 152
104 137
104 166
105 157
106 172
109 197
115 118
115 128
116 117
119 137
119 182
120 164
121 167
122 167
124 196
125 187
126 176
127 158
131 171
133 188
135 152
138 172
142 163
143 148
146 157
146 180
146 192
147 148
150 179
151 159
152 170
153 173
153 179
153 199
154 184
155 189
162 196
163 184
163 195
163 196
164 184
165 179
165 194
170 189
171 185
179 194
183 191
