200 125
1 102
1 32
1 89
1 198
2 110
3 47
5 133
5 63
5 122
5 189
9 106
11 184
14 69
15 194
17 132
19 125
19 91
20 69
20 184
21 131
21 61
21 84
21 31
21 143
21 58
22 74
24 164
24 181
24 58
25 38
25 100
26 35
26 90
27 133
27 109
27 113
27 195
28 113
28 177
28 119
28 106
29 77
31 107
33 103
34 55
34 72
35 53
35 87
35 96
36 85
37 160
37 127
37 198
39 100
40 127
42 114
42 140
43 144
46 196
47 55
50 188
51 86
53 150
54 188
55 146
61 116
63 164
63 184
64 112
64 125
65 126
65 143
66 77
66 118
67 119
68 87
69 73
72 127
72 172
74 166
76 86
77 118
77 180
77 117
79 157
83 153
83 159
84 192
84 164
84 184
86 164
93 156
94 109
94 128
98 188
98 105
98 106
100 178
103 147
107 156
112 131
113 188
113 184
114 144
116 130
117 179
117 129
126 142
129 154
133 155
141 181
144 160
149 169
151 160
151 200
154 181
155 156
156 199
161 193
167 198
170 178
170 183
173 191
180 190
189 191
