200 500
167 182
167 99
167 86
167 142
167 153
182 61
182 174
182 139
182 11
61 150
61 158
61 124
61 52
5 129
5 119
5 156
5 145
5 117
129 122
129 76
129 7
129 174
35 130
35 39
35 43
35 121
35 171
130 88
130 53
130 7
130 166
54 143
54 169
54 121
54 190
54 176
143 19
143 90
143 154
143 47
9 10
9 162
9 171
9 17
9 136
10 44
10 34
10 97
10 96
23 146
23 106
23 105
23 63
23 165
146 37
146 174
146 134
146 68
18 77
18 179
18 38
18 139
18 157
77 29
77 123
77 100
77 58
29 81
29 57
29 162
29 12
140 173
140 69
140 94
140 22
140 52
173 78
173 24
173 26
173 164
69 112
69 128
69 67
69 19
4 169
4 71
4 200
4 119
4 73
169 154
169 189
169 91
90 172
90 134
90 193
90 20
172 165
172 42
172 26
172 98
62 101
62 122
62 89
62 53
62 138
101 199
101 153
101 124
101 96
47 149
47 99
47 107
47 50
149 148
149 21
149 57
149 193
56 179
56 55
56 127
56 163
56 109
179 197
179 25
179 94
34 39
34 85
34 80
34 188
39 13
39 116
39 44
114 157
114 30
114 150
114 168
114 88
157 178
157 7
157 193
111 133
111 84
111 67
111 87
111 43
133 115
133 145
133 91
133 64
163 189
163 25
163 48
163 43
189 134
189 156
189 116
20 131
20 102
20 196
20 97
131 102
131 142
131 32
131 65
33 70
33 17
33 63
33 53
33 155
70 155
70 127
70 166
70 175
150 194
150 95
150 55
113 197
113 192
113 66
113 79
113 127
197 2
197 95
197 191
41 199
41 11
41 3
41 72
41 49
199 109
199 43
199 175
46 134
46 198
46 151
46 137
46 21
134 107
99 97
99 147
99 108
181 188
181 104
181 107
181 200
181 7
188 176
188 51
188 117
109 190
109 91
109 48
190 177
190 85
190 152
81 86
81 156
81 45
81 142
78 95
78 6
78 55
78 32
95 19
95 160
122 14
122 93
122 185
93 102
93 118
93 127
93 71
102 186
102 11
28 94
28 98
28 198
28 44
28 19
94 1
94 6
11 50
11 123
19 184
74 88
74 147
74 198
74 135
74 89
88 66
88 198
103 124
103 105
103 12
103 1
103 48
124 84
124 194
50 107
50 36
50 180
49 162
49 120
49 132
49 26
162 63
162 14
24 87
24 100
24 37
24 106
87 138
87 55
87 159
147 176
147 83
147 191
176 151
176 184
73 110
73 68
73 106
73 185
110 126
110 25
110 53
110 83
84 156
84 159
84 21
156 187
192 168
192 16
192 38
192 25
144 170
144 165
144 137
144 72
144 76
170 125
170 52
170 6
170 168
37 53
37 183
37 142
119 80
119 116
119 137
136 184
136 71
136 112
136 96
184 22
184 12
148 3
148 120
148 195
148 64
6 65
6 164
65 58
65 83
65 3
112 132
112 108
112 141
86 160
86 108
86 60
7 57
57 82
57 85
98 138
98 15
98 158
8 138
8 106
8 15
8 196
8 42
138 64
183 13
183 16
183 128
183 115
3 118
3 196
1 126
1 177
1 180
126 158
126 89
126 22
76 52
76 107
76 31
100 154
100 63
100 91
115 120
115 96
115 108
120 66
120 177
177 40
177 160
43 63
165 82
165 27
158 155
158 145
125 159
125 186
125 67
125 200
97 116
97 152
137 155
137 14
160 40
160 104
106 60
154 59
154 117
55 40
105 155
105 44
105 48
60 171
60 151
60 191
171 174
171 152
12 17
12 193
25 42
42 185
42 68
142 200
200 85
22 153
22 174
153 21
153 168
132 186
132 117
132 89
186 141
186 2
117 152
152 161
128 161
128 71
128 123
161 185
161 194
161 178
66 83
66 92
44 187
185 13
194 36
194 27
135 151
135 15
135 59
135 104
151 139
2 175
2 31
2 26
92 118
92 193
92 30
92 45
118 51
118 85
17 178
17 164
196 187
196 83
27 82
27 164
27 32
82 75
82 67
127 14
15 168
15 72
36 72
36 121
36 80
51 141
51 45
51 116
40 141
40 32
178 104
178 175
58 195
58 139
58 159
104 180
38 198
38 141
38 30
139 166
166 123
166 64
52 79
14 123
48 59
195 80
195 75
195 16
59 187
59 31
187 13
71 26
13 80
30 89
30 79
108 121
180 145
180 67
31 64
31 159
145 175
68 164
68 121
16 75
16 191
45 79
45 191
79 21
32 75
72 91
96 75
