200 393
1 21
1 42
2 3
2 54
2 110
2 114
2 159
2 167
3 39
3 78
3 95
3 141
3 150
3 182
4 8
4 51
4 73
4 88
4 196
5 130
6 12
6 25
6 40
6 146
6 164
6 197
6 198
7 15
7 46
7 51
7 133
7 149
8 42
8 53
8 137
9 20
9 37
9 43
10 18
10 62
10 81
10 97
10 175
10 197
11 80
12 18
12 85
12 153
13 25
13 84
13 197
14 28
14 62
14 118
14 125
14 161
15 24
15 38
15 66
15 69
15 123
15 126
15 127
16 35
16 66
16 103
16 136
16 165
17 41
17 52
17 73
17 82
17 96
17 121
17 126
17 144
18 28
18 77
18 142
19 100
20 92
20 112
20 184
21 98
23 42
23 151
23 154
23 161
24 171
24 184
25 60
25 177
26 109
26 128
27 49
27 52
27 175
27 180
28 78
28 84
28 176
29 79
29 111
30 132
31 63
31 111
31 126
32 167
32 175
32 185
33 47
33 124
33 153
34 99
34 185
35 142
35 148
36 188
37 147
39 47
39 115
39 197
40 101
40 110
40 133
40 161
40 174
41 150
41 199
42 144
42 166
42 169
43 99
43 117
43 139
43 179
44 141
44 149
44 166
45 64
45 76
45 81
45 92
45 182
45 183
45 192
46 154
47 100
47 139
47 146
48 83
48 84
48 176
48 185
48 197
49 135
50 61
50 90
50 120
50 133
50 137
50 170
50 199
51 97
51 108
51 150
51 183
52 136
52 145
52 175
53 172
53 178
53 193
54 58
54 70
54 73
54 107
55 68
55 186
56 88
56 153
56 192
57 83
57 87
57 100
57 109
57 183
57 186
57 191
58 118
58 126
58 143
58 162
58 165
59 168
60 83
60 139
60 156
61 108
61 146
61 189
62 69
62 83
63 180
64 144
64 186
65 75
65 101
65 154
65 171
65 175
65 186
65 190
66 158
66 163
66 175
67 70
67 81
67 108
67 177
67 193
68 99
68 123
68 127
68 196
69 148
70 102
70 163
71 99
71 128
71 129
71 164
71 200
72 80
72 128
72 151
72 174
73 118
73 166
74 75
74 99
74 130
75 88
75 96
75 122
75 176
75 200
76 178
77 159
78 191
78 192
79 94
80 101
80 125
80 159
81 89
81 108
81 161
82 158
83 194
84 145
85 86
85 111
85 112
85 194
86 132
86 161
87 94
87 178
88 103
88 183
89 129
89 143
90 138
90 139
91 113
91 174
91 180
92 157
93 98
94 149
94 178
96 113
96 136
96 159
96 180
97 158
98 183
98 190
99 135
99 184
100 104
100 106
100 147
100 179
100 192
101 176
102 109
102 114
103 106
103 108
104 171
105 110
105 139
105 144
105 159
106 169
107 187
108 153
110 112
111 143
111 193
112 159
113 161
113 178
114 191
115 124
116 195
117 146
117 150
117 193
118 154
121 123
121 147
123 164
123 183
124 155
124 176
125 134
125 136
125 152
125 155
126 178
126 183
127 142
127 160
127 191
128 171
128 198
129 140
129 153
130 144
130 149
130 173
131 139
133 179
133 181
133 189
135 167
135 184
136 176
137 181
138 163
138 164
139 189
140 142
140 168
140 175
141 195
142 156
142 157
142 179
143 176
145 161
145 168
145 175
145 182
145 200
146 171
146 177
146 193
148 163
151 171
151 173
153 196
154 164
156 162
157 180
158 178
162 172
162 179
164 191
166 167
166 175
166 188
169 200
170 175
171 177
171 184
173 183
174 187
182 185
192 196
