200 1200
12 159
12 145
12 75
12 3
12 51
12 14
12 32
12 97
12 124
12 105
12 150
12 40
159 182
159 32
159 111
159 122
159 19
159 10
159 155
159 41
159 25
159 55
159 193
116 198
116 193
116 38
116 58
116 135
116 40
116 191
116 195
116 167
116 162
116 24
116 63
198 2
198 185
198 46
198 19
198 115
198 134
198 71
198 162
198 110
198 190
198 7
42 160
42 146
42 140
42 135
42 103
42 20
42 23
42 195
42 178
42 59
42 193
42 174
160 110
160 15
160 136
160 81
160 21
160 100
160 95
160 35
160 33
160 101
160 126
48 54
48 85
48 169
48 10
48 190
48 158
48 152
48 129
48 47
48 82
48 86
48 189
54 143
54 123
54 5
54 11
54 182
54 31
54 50
54 60
54 181
54 15
54 162
27 40
27 68
27 81
27 67
27 76
27 178
27 38
27 15
27 121
27 5
27 59
27 180
40 49
40 188
40 21
40 174
40 163
40 70
40 106
40 138
40 132
18 59
18 68
18 76
18 44
18 3
18 131
18 85
18 94
18 187
18 196
18 46
18 176
59 100
59 145
59 3
59 112
59 186
59 78
59 176
59 175
59 156
88 145
88 74
88 36
88 130
88 89
88 111
88 45
88 171
88 26
88 137
88 13
88 68
145 140
145 121
145 132
145 86
145 111
145 3
145 173
145 17
145 150
117 181
117 171
117 161
117 91
117 128
117 7
117 75
117 132
117 67
117 16
117 98
117 104
181 11
181 147
181 71
181 74
181 25
181 154
181 130
181 95
181 57
181 114
107 158
107 93
107 199
107 37
107 152
107 170
107 51
107 43
107 179
107 174
107 79
107 33
158 60
158 166
158 36
158 126
158 138
158 130
158 169
158 187
158 164
158 112
143 193
143 125
143 106
143 177
143 74
143 77
143 200
143 172
143 97
143 73
143 5
34 174
34 118
34 99
34 85
34 13
34 5
34 200
34 36
34 45
34 17
34 63
34 193
174 151
174 141
174 103
174 46
174 126
174 156
174 102
174 121
2 114
2 77
2 141
2 99
2 56
2 74
2 55
2 167
2 23
2 41
2 153
114 157
114 41
114 146
114 85
114 39
114 64
114 94
114 199
114 67
114 180
68 167
68 120
68 60
68 58
68 39
68 121
68 4
68 84
68 79
11 199
11 106
11 115
11 82
11 100
11 5
11 39
11 15
11 19
11 65
17 112
17 8
17 191
17 65
17 125
17 152
17 119
17 188
17 30
17 118
112 171
112 45
112 13
112 43
112 5
112 95
112 183
112 178
112 136
86 184
86 78
86 81
86 126
86 49
86 6
86 153
86 161
86 119
86 56
184 144
184 125
184 10
184 120
184 161
184 104
184 79
184 156
184 83
184 73
184 122
128 199
128 180
128 106
128 63
128 74
128 104
128 173
128 22
128 144
128 56
128 81
199 123
199 153
199 96
199 164
199 91
199 192
199 100
199 49
9 19
9 56
9 195
9 60
9 162
9 31
9 115
9 105
9 100
9 189
9 161
9 179
19 157
19 22
19 111
19 120
19 1
19 29
19 118
19 66
148 177
148 79
148 44
148 55
148 195
148 115
148 157
148 152
148 91
148 165
148 56
148 146
177 113
177 165
177 97
177 81
177 149
177 65
177 163
177 10
177 24
177 186
110 168
110 140
110 90
110 125
110 30
110 200
110 36
110 167
110 188
110 21
3 186
3 31
3 183
3 39
3 7
3 24
3 98
3 74
186 41
186 25
186 80
186 83
186 189
186 163
186 125
186 70
186 183
109 195
109 171
109 92
109 125
109 120
109 10
109 71
109 169
109 155
109 164
109 163
109 126
195 172
195 58
195 126
195 23
195 51
195 95
195 35
15 123
15 10
15 196
15 78
15 37
15 64
15 171
15 105
62 92
62 56
62 100
62 90
62 8
62 149
62 84
62 182
62 64
62 152
62 129
62 133
92 165
92 52
92 63
92 35
92 58
92 173
92 122
92 139
92 93
92 87
93 74
93 14
93 167
93 53
93 175
93 170
93 150
93 90
93 108
93 103
118 191
118 108
118 81
118 106
118 157
118 147
118 165
118 6
118 105
191 25
191 20
191 194
191 119
191 4
191 45
191 133
191 37
191 29
141 156
141 80
141 64
141 119
141 73
141 65
141 172
141 200
141 66
141 58
156 122
156 13
156 185
156 180
156 47
156 161
156 113
156 31
151 197
151 173
151 125
151 89
151 139
151 76
151 162
151 102
151 170
151 28
151 53
197 105
197 179
197 103
197 200
197 16
197 60
197 150
197 101
197 14
197 185
197 102
157 178
157 6
157 25
157 134
157 28
157 132
157 95
157 103
193 70
193 161
193 139
193 55
193 31
193 1
193 102
70 132
70 14
70 25
70 95
70 192
70 50
70 13
70 87
70 133
132 37
132 144
132 84
132 180
132 129
132 142
132 44
80 164
80 150
80 168
80 31
80 1
80 53
80 102
80 97
80 187
80 36
164 78
164 149
164 170
164 133
164 188
164 183
164 178
164 196
74 83
74 194
74 138
74 26
74 82
82 106
82 167
82 162
82 171
82 124
82 192
82 4
82 140
82 135
106 8
106 76
106 72
106 135
106 105
106 32
32 87
32 188
32 25
32 137
32 150
32 126
32 121
32 166
32 138
87 46
87 133
87 38
87 66
87 77
87 113
87 103
87 37
87 10
111 142
111 104
111 113
111 155
111 131
111 144
111 130
111 79
142 122
142 46
142 200
142 162
142 175
142 33
142 36
142 173
142 149
142 51
52 65
52 171
52 134
52 161
52 138
52 137
52 188
52 75
52 173
52 172
52 47
65 4
65 146
65 136
65 24
65 194
65 189
65 41
147 190
147 26
147 8
147 38
147 69
147 22
147 135
147 29
147 51
147 13
30 172
30 129
30 101
30 35
30 169
30 38
30 136
30 108
30 135
30 61
172 137
172 170
172 200
172 53
172 138
172 43
172 8
190 139
190 66
190 47
190 99
190 23
190 29
190 21
190 122
190 166
95 152
95 137
95 46
95 99
95 183
95 136
152 196
152 77
152 129
152 72
152 161
152 179
146 121
146 26
146 135
146 178
146 8
146 44
146 69
146 119
165 7
165 37
165 187
165 90
165 185
165 131
165 50
165 149
61 168
61 144
61 58
61 200
61 166
61 120
61 129
61 101
61 119
61 96
61 67
168 102
168 75
168 39
168 21
168 178
168 185
168 104
168 85
168 31
96 135
96 57
96 71
96 180
96 139
96 133
96 31
96 104
96 178
96 78
135 102
135 169
135 45
135 75
33 97
33 36
33 137
33 100
33 71
33 154
33 8
33 94
33 84
97 179
97 196
97 72
97 45
97 176
97 46
97 129
144 179
144 140
144 7
144 90
144 21
144 123
144 76
56 47
56 89
56 26
56 175
56 24
56 35
22 149
22 129
22 115
22 1
22 161
22 7
22 122
22 90
22 99
182 53
182 103
182 200
182 90
182 79
182 24
182 150
182 66
182 77
26 43
26 155
26 122
26 187
26 163
26 101
26 119
14 79
14 23
14 134
14 100
14 72
14 169
14 133
14 140
77 103
77 125
77 36
77 123
77 58
77 50
77 169
103 16
103 84
103 36
103 134
57 134
57 91
57 72
57 67
57 170
57 41
57 126
57 196
57 28
57 69
134 94
134 175
134 20
134 137
134 129
134 163
108 58
108 89
108 13
108 43
108 120
108 162
108 171
108 170
108 44
94 183
94 78
94 23
94 73
94 153
94 120
94 124
94 137
183 89
183 163
183 169
183 101
183 69
183 47
38 130
38 120
38 124
38 100
38 194
38 76
38 10
130 58
130 36
130 100
130 131
130 139
130 98
130 63
53 136
53 29
53 140
53 91
53 189
53 67
53 71
121 28
121 136
121 50
121 185
121 76
121 192
58 124
58 44
58 31
85 139
85 43
85 91
85 16
85 28
85 69
85 188
39 104
39 187
39 83
39 16
39 138
39 178
39 155
104 78
104 64
104 176
104 185
104 71
137 29
137 5
137 189
137 91
78 6
78 173
78 55
78 16
78 133
7 44
7 16
7 29
7 154
7 89
7 100
44 46
44 55
44 115
44 123
44 122
50 113
50 131
50 99
50 60
50 4
50 72
50 71
113 1
113 4
113 150
113 73
113 166
113 170
113 6
29 90
29 76
29 60
29 166
29 28
90 180
90 175
90 120
90 127
41 64
41 45
41 28
41 63
41 170
41 150
64 155
64 63
64 99
64 20
64 129
64 115
100 4
131 162
131 105
131 119
131 155
131 173
131 140
131 36
167 115
167 200
167 91
167 72
167 37
167 122
122 67
122 192
20 99
20 126
20 37
20 8
20 189
20 35
20 1
20 136
99 1
99 98
99 13
99 69
81 192
81 140
81 98
81 25
81 83
81 66
150 102
150 149
150 154
102 24
102 73
102 76
102 188
71 180
71 1
71 55
71 136
28 46
28 63
28 5
28 43
28 127
83 155
83 6
83 63
83 4
83 175
83 51
83 24
155 154
155 10
155 24
155 66
55 84
55 6
55 69
55 170
55 16
84 138
84 91
84 173
84 8
84 176
84 153
1 60
1 180
1 72
1 170
101 200
101 176
101 185
101 194
101 91
101 136
200 169
126 194
126 153
126 123
76 125
76 133
76 188
125 6
125 173
125 153
138 120
138 69
138 45
138 161
49 180
49 10
49 21
49 63
49 67
49 179
49 98
49 75
49 4
180 185
180 73
123 129
123 98
123 6
123 127
123 149
129 43
25 69
25 139
25 124
25 119
79 166
79 75
79 188
79 43
79 140
179 67
179 21
179 60
179 140
179 47
105 98
105 139
105 45
105 115
105 37
66 89
66 73
66 47
66 127
66 23
89 127
89 67
89 73
89 185
89 175
8 194
8 161
8 196
36 6
171 6
171 154
171 176
171 194
23 127
23 154
23 98
23 73
23 153
127 91
127 178
127 187
127 173
127 21
127 47
140 149
67 139
67 124
154 192
154 72
154 45
154 162
154 153
6 46
16 115
16 133
16 69
16 46
115 166
115 124
91 166
60 72
60 175
60 35
133 192
133 47
37 196
37 4
37 189
120 119
120 98
173 196
196 187
196 98
196 35
185 153
185 175
192 176
192 163
192 188
192 161
63 162
63 139
43 73
43 162
43 166
10 175
10 51
175 149
149 187
149 51
4 24
4 13
24 5
24 166
124 169
124 98
124 72
124 21
169 163
169 31
136 75
136 13
46 189
75 178
75 69
75 176
75 51
178 13
45 187
45 35
139 189
73 69
31 51
31 35
166 153
72 194
35 21
35 153
188 51
5 194
5 170
5 13
194 176
194 163
21 119
176 119
176 163
187 51
187 189
189 47
47 163
