200 200
73 74
73 43
74 61
88 127
88 199
127 11
130 172
130 83
172 96
167 191
167 103
191 13
17 30
17 63
30 112
31 56
31 156
56 100
9 184
9 126
184 53
34 64
34 136
64 109
66 117
66 20
117 120
6 75
6 137
75 106
114 182
114 3
182 33
82 168
82 121
168 140
48 81
48 188
81 125
128 144
128 50
144 32
7 49
7 157
49 4
166 192
166 13
192 185
41 60
41 65
60 157
124 131
124 37
131 176
57 111
57 72
111 135
83 151
58 195
58 173
195 21
136 169
169 87
85 133
85 71
133 139
51 110
51 35
110 14
5 122
5 70
122 170
25 36
25 173
36 148
2 153
2 199
153 92
170 101
151 91
160 163
160 113
163 174
177 179
177 14
179 12
12 118
118 87
4 80
80 187
40 109
40 39
16 54
16 90
54 89
24 156
24 55
96 33
150 152
150 145
152 91
97 146
97 45
146 18
55 95
62 158
62 106
158 119
68 174
68 42
185 67
148 162
90 102
125 103
135 93
32 200
39 123
15 27
15 165
27 138
140 26
76 132
76 1
132 105
46 161
46 59
161 102
23 104
23 20
104 200
101 138
19 189
19 176
189 115
26 98
8 70
8 120
116 149
116 165
149 22
37 108
72 129
188 99
126 119
77 178
77 98
178 197
94 194
94 147
194 175
42 143
112 84
115 38
108 84
52 53
52 105
29 186
29 183
186 10
95 196
61 129
71 3
143 47
107 187
107 180
134 171
134 79
171 44
28 43
28 198
154 183
154 159
113 79
22 196
78 147
78 92
59 198
99 93
145 155
155 193
50 141
180 139
35 197
38 175
162 67
18 190
190 142
10 181
100 193
63 137
1 164
11 141
86 89
86 65
45 44
47 164
121 181
123 142
21 69
69 159
