200 155
1 173
2 28
2 101
3 79
4 127
4 54
5 92
6 176
8 180
10 70
10 108
10 96
11 161
11 196
11 20
12 23
12 138
13 133
14 23
15 128
15 101
15 119
15 131
16 72
17 45
18 174
19 128
19 187
20 158
21 79
21 153
21 162
21 61
22 43
22 200
22 90
23 46
23 180
23 148
23 132
23 134
23 36
24 29
24 161
24 115
25 128
25 191
25 163
26 196
27 58
28 133
29 120
29 36
30 178
30 181
31 39
31 146
32 75
33 192
35 64
36 169
36 101
37 128
38 196
38 64
40 121
41 75
41 160
42 188
42 192
44 70
45 128
45 151
45 164
45 175
45 71
46 175
46 76
47 123
50 108
52 116
53 75
53 193
56 69
56 131
58 81
58 80
59 87
60 75
60 163
60 84
66 124
66 122
67 122
68 76
70 161
72 82
72 166
75 87
77 160
77 129
78 136
81 170
82 101
82 200
83 169
83 186
83 137
87 135
90 190
91 135
91 197
92 188
94 111
95 133
96 116
97 106
97 137
100 169
101 138
103 136
106 176
108 161
110 165
110 150
111 125
111 126
113 137
116 180
116 137
120 173
122 200
123 153
124 146
124 131
124 159
125 190
127 195
130 195
131 195
141 179
145 165
147 179
149 151
149 184
150 158
157 188
157 183
165 179
169 186
170 189
179 200
182 183
187 188
196 198
