200 100
43 177
146 162
106 135
58 113
18 196
5 40
42 153
19 38
119 125
55 89
80 173
21 151
10 194
39 175
76 84
47 78
68 165
122 200
116 129
96 190
81 180
83 144
70 189
46 79
109 117
66 130
90 94
88 170
124 199
41 192
31 35
103 115
63 143
49 171
61 154
2 141
57 65
114 163
12 51
140 172
60 149
87 111
30 187
17 132
37 174
3 160
22 85
16 99
4 24
168 169
62 148
1 28
67 156
34 52
50 176
134 157
179 198
82 137
118 188
158 178
7 27
95 128
164 182
59 193
159 195
133 185
72 120
23 44
32 184
14 26
127 183
8 101
25 181
75 139
71 102
98 186
13 191
20 150
77 92
6 105
69 97
64 147
36 167
56 145
73 161
11 131
54 166
29 91
155 197
74 123
9 152
100 142
107 138
53 112
45 108
86 136
104 126
15 48
110 121
33 93
