1000 5016
1 30
1 49
1 490
1 495
1 506
1 628
1 799
1 826
1 847
2 82
2 88
2 129
2 138
2 382
2 593
2 600
2 760
2 783
2 908
3 31
3 54
3 136
3 342
3 344
3 395
3 497
3 963
4 191
4 236
4 534
4 622
4 651
4 716
4 736
4 772
4 854
4 918
4 995
5 300
5 373
5 404
5 669
5 741
5 944
6 127
6 622
6 642
6 659
6 685
6 767
6 908
7 10
7 17
7 185
7 523
7 555
7 673
7 674
7 683
7 875
7 972
8 363
8 426
8 451
8 524
8 658
8 876
8 965
9 102
9 107
9 240
9 265
9 298
9 409
9 471
9 486
9 567
9 600
9 896
9 902
9 993
10 359
10 386
10 432
10 450
10 652
10 777
10 790
10 806
10 874
11 113
11 319
11 360
11 460
11 489
11 500
11 607
11 643
11 681
11 698
11 744
11 761
11 810
11 903
12 102
12 214
12 310
12 367
12 426
12 657
12 738
12 775
12 823
12 965
12 978
13 101
13 287
13 496
13 722
13 860
13 925
14 181
14 537
14 588
14 639
14 662
14 679
14 863
14 925
14 953
15 55
15 291
15 388
15 434
15 648
15 691
15 706
16 101
16 247
16 280
16 373
16 449
16 484
16 858
16 868
17 115
17 348
17 602
17 661
17 737
17 823
17 974
17 981
18 214
18 404
18 477
18 543
18 734
18 837
18 844
18 903
19 260
19 285
19 320
19 339
19 466
19 472
19 669
20 64
20 204
20 212
20 226
20 370
20 412
20 901
20 935
20 974
21 42
21 242
21 253
21 659
21 745
21 783
21 867
21 887
21 970
22 258
22 259
22 271
22 401
22 407
22 471
22 497
22 522
22 650
22 689
22 928
23 106
23 184
23 322
23 395
23 461
23 576
23 643
23 696
23 884
24 134
24 184
24 638
24 662
24 782
24 958
25 71
25 271
25 302
25 316
25 412
25 538
25 616
25 692
25 941
25 943
25 952
26 107
26 113
26 126
26 285
26 498
26 631
26 635
26 829
26 843
27 187
27 359
27 372
27 380
27 562
27 577
27 602
27 642
27 708
27 783
27 831
28 50
28 66
28 115
28 139
28 146
28 181
28 406
28 435
28 554
28 576
28 805
28 848
28 859
28 967
29 30
29 218
29 238
29 392
29 445
29 478
29 531
29 797
30 44
30 125
30 144
30 146
30 317
30 338
30 393
30 591
30 614
30 646
30 791
30 864
31 86
31 113
31 389
31 785
31 805
31 881
31 981
32 60
32 230
32 287
32 308
32 330
32 346
32 474
32 529
32 558
32 567
32 609
32 667
33 189
33 403
33 445
33 516
33 614
33 721
33 774
33 796
33 815
33 835
33 838
33 942
33 961
33 979
34 60
34 180
34 279
34 341
34 408
34 511
34 660
34 676
34 773
34 944
35 189
35 321
35 443
35 458
35 528
35 577
35 629
35 675
35 701
35 704
35 821
35 937
35 969
36 204
36 207
36 402
36 438
36 444
36 509
36 674
36 693
37 103
37 138
37 147
37 209
37 336
37 474
37 502
37 595
37 620
37 726
37 777
37 875
38 71
38 78
38 98
38 116
38 133
38 141
38 173
38 202
38 433
38 647
38 692
38 731
38 825
39 161
39 313
39 376
39 481
39 506
39 533
39 537
39 703
39 912
40 251
40 465
40 521
40 527
40 539
40 652
40 678
40 718
40 827
41 90
41 189
41 195
41 269
41 460
41 524
41 532
41 539
41 671
41 708
41 756
41 768
41 802
41 839
41 849
41 917
42 203
42 205
42 344
42 398
42 425
42 472
42 485
42 647
42 649
42 875
42 909
43 119
43 206
43 351
43 357
43 585
43 680
43 732
43 747
43 791
43 815
43 819
43 842
43 854
43 856
43 873
44 53
44 66
44 173
44 229
44 315
44 444
44 556
44 906
45 243
45 353
45 416
45 515
45 695
45 917
45 970
46 248
46 427
46 442
46 849
46 993
47 85
47 211
47 367
47 381
47 403
47 407
47 752
47 767
47 811
47 877
47 882
47 947
47 979
48 159
48 325
48 332
48 344
48 548
48 657
48 724
48 822
48 898
48 965
49 254
49 312
49 352
49 377
49 655
49 683
49 771
49 807
49 821
49 823
50 210
50 298
50 594
50 620
50 717
50 766
50 793
51 63
51 94
51 133
51 290
51 314
51 340
51 565
51 566
51 597
51 792
51 827
51 892
51 949
51 955
52 155
52 322
52 374
52 471
52 690
52 770
53 100
53 103
53 114
53 306
53 437
53 476
53 538
53 689
53 753
53 784
53 788
53 831
53 939
53 952
53 970
54 60
54 126
54 174
54 183
54 422
54 454
54 685
54 707
54 816
54 820
54 833
55 68
55 259
55 267
55 318
55 366
55 378
55 427
55 451
55 519
55 613
55 677
55 986
56 80
56 465
56 693
56 874
56 957
56 958
56 989
57 150
57 200
57 355
57 382
57 673
57 728
57 861
57 909
57 981
58 149
58 219
58 298
58 637
58 677
58 819
58 829
59 154
59 235
59 258
59 368
59 416
59 474
59 571
59 672
59 685
59 692
59 715
60 147
60 230
60 365
60 410
60 510
60 604
60 614
60 665
61 64
61 91
61 103
61 114
61 492
61 599
61 742
61 831
61 862
61 885
61 929
62 304
62 587
62 619
62 620
62 628
62 708
62 751
62 966
63 65
63 116
63 389
63 525
63 745
63 959
64 264
64 380
64 445
64 470
64 603
64 651
64 987
64 997
65 211
65 411
65 631
65 794
65 795
65 847
65 909
66 98
66 208
66 221
66 244
66 295
66 326
66 479
66 575
66 624
66 912
67 117
67 239
67 255
67 395
67 482
67 500
67 507
67 553
67 945
67 960
67 992
68 223
68 264
68 314
68 689
68 723
69 279
69 298
69 314
69 346
69 388
69 422
69 446
69 481
69 619
69 653
69 668
69 683
69 723
69 742
69 845
70 165
70 195
70 360
70 376
70 467
70 651
70 791
70 864
70 982
71 137
71 232
71 398
71 452
71 471
71 657
71 776
71 823
71 828
71 871
71 926
72 113
72 215
72 289
72 476
72 516
72 880
72 915
73 163
73 255
73 568
73 574
73 609
73 648
73 685
73 695
73 796
74 104
74 203
74 324
74 375
74 487
74 556
74 579
74 603
74 663
74 669
74 869
75 117
75 328
75 393
75 422
75 597
75 608
75 637
76 105
76 325
76 346
76 506
76 508
77 237
77 321
77 327
77 417
77 434
77 476
77 483
77 515
77 603
77 824
77 933
77 984
78 167
78 236
78 368
78 555
78 819
78 828
78 992
79 317
79 323
79 651
79 705
79 788
79 909
79 986
80 199
80 216
80 248
80 484
80 604
80 691
81 174
81 180
81 438
81 466
81 508
81 715
81 856
81 926
82 179
82 296
82 371
82 373
82 484
82 554
82 585
82 736
82 761
82 762
82 770
82 845
82 846
82 855
82 912
83 157
83 509
83 515
83 792
83 942
84 247
84 272
84 290
84 291
84 312
84 393
84 403
84 692
84 710
84 739
84 896
84 899
84 915
84 967
84 968
85 216
85 564
85 603
85 975
86 186
86 428
86 458
86 544
86 622
86 694
86 767
86 791
87 192
87 195
87 497
87 568
87 665
88 107
88 126
88 188
88 281
88 286
88 288
88 361
88 478
88 685
88 796
88 833
88 849
88 853
89 232
89 348
89 427
89 523
89 563
89 584
89 646
89 680
89 703
89 988
89 989
89 990
90 114
90 133
90 176
90 180
90 339
90 366
90 407
90 441
90 590
90 591
90 843
90 901
90 933
90 1000
91 178
91 504
92 210
92 258
92 266
92 608
92 763
92 902
92 972
93 112
93 115
93 143
93 184
93 211
93 263
93 265
93 370
93 432
93 631
93 672
93 776
93 824
93 926
94 602
94 908
94 996
95 99
95 106
95 462
95 571
95 980
96 164
96 280
96 324
96 328
96 743
96 765
96 770
96 776
96 951
97 243
97 341
97 507
97 584
97 623
97 662
97 709
97 760
97 948
98 115
98 143
98 187
98 194
98 297
98 304
98 362
98 424
98 431
98 448
98 724
98 813
98 911
98 949
99 110
99 111
99 147
99 192
99 239
99 342
99 354
99 372
99 630
99 677
99 732
99 745
99 812
99 819
99 841
99 872
100 206
100 243
100 262
100 339
100 439
100 633
100 740
100 843
100 877
100 892
100 991
101 349
101 638
101 911
101 931
102 105
102 209
102 283
102 387
102 733
102 770
102 779
102 864
102 883
102 970
102 984
103 332
103 523
103 526
103 567
103 571
103 624
103 677
103 697
103 774
103 937
103 989
104 128
104 224
104 227
104 295
104 347
104 353
104 564
104 590
104 739
104 842
104 972
105 189
105 290
105 361
105 422
105 544
105 639
105 722
105 733
105 755
105 835
105 874
105 887
105 938
105 954
106 109
106 134
106 138
106 154
106 209
106 318
106 463
106 464
106 605
107 139
107 247
107 288
107 363
107 427
107 461
107 472
107 510
107 867
107 884
108 235
108 287
108 289
108 353
108 441
108 592
108 644
108 687
109 190
109 365
109 628
109 733
109 799
109 913
110 148
110 177
110 273
110 441
110 475
110 490
110 536
110 615
110 779
110 859
111 149
111 183
111 348
111 463
111 551
112 172
112 478
112 632
112 860
112 956
113 199
113 280
113 460
113 872
113 951
114 199
114 241
114 575
114 609
114 709
114 800
115 124
115 148
115 201
115 334
115 442
115 458
115 575
115 590
115 607
115 691
115 715
115 755
115 959
115 998
116 270
116 308
116 368
116 418
116 448
116 600
116 785
116 847
117 303
117 325
117 378
117 448
117 582
117 729
117 976
118 300
118 475
118 489
118 643
118 660
119 178
119 280
119 308
119 365
119 530
119 618
119 703
119 723
119 780
119 785
119 939
120 128
120 339
120 410
120 598
120 761
120 763
120 922
121 123
121 283
121 351
121 361
121 450
121 543
121 593
121 606
121 636
121 663
121 769
121 780
121 876
122 166
122 205
122 212
122 283
122 292
122 325
122 459
122 594
122 849
122 852
122 994
123 134
123 314
123 545
123 594
123 598
123 794
123 801
123 925
124 140
124 164
124 439
124 576
124 627
124 697
124 738
124 938
125 205
125 257
125 286
125 496
125 669
125 785
125 788
125 828
125 918
125 973
126 296
126 447
126 509
126 597
126 878
126 925
126 934
127 205
127 217
127 331
127 467
127 486
127 514
127 550
127 623
127 628
127 870
127 898
127 914
127 972
127 998
128 141
128 204
128 247
128 266
128 267
128 484
128 486
128 592
128 666
128 672
128 707
128 898
128 955
129 261
129 302
129 400
129 588
129 640
129 643
129 818
129 868
130 142
130 470
130 685
130 699
130 765
130 783
130 819
130 903
130 989
131 310
131 380
131 572
131 577
131 694
131 717
131 774
131 824
131 857
131 862
131 904
131 967
132 207
132 451
132 455
132 461
132 524
132 539
132 566
132 609
132 840
132 842
133 242
133 321
133 445
133 499
133 501
133 509
133 701
133 785
133 940
133 951
134 201
134 312
134 324
134 360
134 589
134 592
134 691
134 716
134 878
135 219
135 524
135 756
135 791
135 951
135 967
136 236
136 434
136 508
136 522
136 565
136 675
136 721
136 772
136 835
136 874
136 943
137 141
137 170
137 258
137 512
137 721
137 771
137 868
137 911
137 923
137 925
138 211
138 224
138 437
138 463
138 512
138 526
138 647
138 846
138 873
138 894
138 918
139 160
139 203
139 208
139 250
139 347
139 394
139 432
139 453
139 455
139 479
139 625
139 729
139 916
139 981
139 989
140 177
140 265
140 312
140 468
140 800
140 805
140 911
140 988
141 175
141 194
141 238
141 292
141 315
141 343
141 471
141 712
142 263
142 330
142 428
142 467
142 742
142 832
143 215
143 271
143 370
143 410
143 434
143 490
143 720
143 802
143 810
143 876
143 882
144 203
144 233
144 234
144 238
144 247
144 295
144 304
144 330
144 345
144 511
144 611
144 630
144 818
144 868
144 876
145 575
145 615
145 894
146 171
146 329
146 572
146 691
146 873
147 202
147 225
147 611
147 705
147 885
148 173
148 469
148 470
148 494
148 544
148 699
148 887
149 277
149 483
149 537
149 547
149 591
149 682
149 848
149 863
149 884
149 970
150 267
150 343
150 401
150 525
150 564
150 644
150 859
150 931
151 199
151 213
151 578
151 626
151 830
151 852
151 890
152 244
152 311
152 362
152 454
152 499
152 552
152 634
152 724
152 834
152 860
153 335
153 461
153 645
153 773
153 921
153 984
154 237
154 238
154 385
154 458
154 614
154 699
154 740
154 843
154 849
154 866
154 890
154 968
154 977
155 386
155 432
155 455
155 488
155 524
155 574
155 680
156 372
156 798
156 833
157 259
157 301
157 708
157 725
157 730
157 761
157 958
157 971
157 983
158 183
158 253
158 266
158 405
158 615
158 639
158 758
159 179
159 307
159 453
159 468
159 689
159 902
160 190
160 391
160 405
160 443
160 476
160 593
161 207
161 319
161 483
161 495
161 758
161 844
162 212
162 295
162 340
162 362
162 433
162 802
163 206
163 352
163 489
163 503
163 689
163 779
164 347
164 397
164 458
164 891
165 402
165 595
165 822
166 200
166 230
166 496
166 555
166 566
166 812
166 821
166 950
166 958
166 991
167 183
167 488
167 537
167 629
167 816
167 845
167 875
167 935
167 953
168 216
168 288
168 290
168 381
168 489
168 517
168 614
168 617
168 749
168 765
169 223
169 262
169 366
169 389
169 534
169 543
169 558
169 954
170 350
170 364
170 459
170 853
170 899
170 945
170 973
171 176
171 247
171 262
171 300
171 451
171 490
171 566
171 633
171 666
171 920
171 940
171 994
172 240
172 466
172 700
172 720
172 804
172 981
173 220
173 406
173 456
173 575
173 730
173 733
173 798
173 903
173 984
174 297
174 317
174 420
174 815
174 831
175 485
175 571
175 647
175 768
175 772
175 801
175 803
175 959
176 403
176 532
176 539
176 547
176 606
176 615
176 819
176 821
177 366
177 755
177 832
178 255
178 323
178 340
178 414
178 579
178 732
178 815
178 846
178 879
179 305
179 559
179 694
179 761
179 841
179 856
180 194
180 296
180 446
180 460
180 465
180 570
180 689
180 727
180 761
180 772
180 804
180 834
180 923
181 216
181 346
181 600
181 714
181 784
181 808
181 871
181 963
182 254
182 350
182 467
182 559
182 662
182 749
183 338
183 458
183 469
183 564
183 693
183 847
184 277
184 461
184 464
184 474
184 575
184 599
184 716
184 722
185 236
185 252
185 324
185 492
185 566
185 690
185 691
185 710
185 732
185 777
186 433
186 588
186 654
186 751
186 800
186 808
186 869
187 196
187 404
187 471
187 587
187 885
187 940
188 567
188 775
188 925
189 269
189 275
189 281
189 467
189 499
189 561
189 600
189 676
189 737
189 786
189 796
189 893
189 919
189 936
190 286
190 293
190 352
190 397
190 518
190 519
190 677
190 879
191 356
191 558
191 570
191 610
191 668
191 746
191 751
191 816
191 843
192 200
192 294
192 364
192 368
192 509
192 564
192 627
192 916
193 205
193 435
193 459
193 688
193 739
193 889
194 199
194 208
194 233
194 329
194 358
194 443
194 486
194 617
194 756
194 818
194 851
194 972
195 209
195 220
195 234
195 241
195 252
195 310
195 400
195 494
195 555
195 635
195 881
195 979
196 365
196 479
196 583
196 730
196 746
196 801
197 288
197 453
197 613
197 724
197 748
197 840
198 214
198 496
198 670
198 674
198 810
198 821
198 878
198 982
198 1000
199 201
199 309
199 332
199 401
199 404
199 424
199 439
199 517
199 660
199 796
199 837
199 912
200 203
200 434
200 748
200 855
200 930
200 989
201 406
201 549
201 559
201 801
202 222
202 239
202 495
202 518
202 550
202 627
202 750
202 816
202 996
203 383
203 488
203 513
203 521
203 528
203 673
203 729
203 738
203 758
203 949
204 226
204 272
204 377
204 430
204 833
204 964
205 725
205 747
205 834
205 844
205 865
205 899
205 922
205 970
205 988
206 450
206 539
206 919
206 932
206 993
207 260
207 280
207 461
207 514
207 596
207 640
207 669
207 732
207 757
207 769
207 875
207 903
207 913
208 424
208 438
208 471
208 737
208 788
208 872
208 904
208 912
209 280
209 312
209 471
209 642
209 653
209 716
209 816
209 912
210 327
210 548
210 668
210 680
210 735
210 811
210 854
211 271
211 280
211 356
211 465
211 505
211 575
211 717
211 735
211 794
211 860
211 991
212 262
212 494
212 582
212 851
212 868
213 360
213 541
213 561
213 768
213 848
213 881
214 432
214 880
214 950
215 245
215 300
215 311
215 365
215 433
215 475
215 509
215 587
215 749
215 835
215 907
215 971
216 219
216 222
216 258
216 291
216 398
216 440
216 574
216 612
216 809
216 873
217 315
217 337
217 493
217 636
217 699
217 702
217 775
217 921
217 950
217 953
217 997
218 289
218 445
218 468
218 585
218 797
218 829
218 956
219 323
219 448
219 449
219 513
219 580
219 686
219 874
220 249
220 340
220 378
220 381
220 519
220 529
220 856
220 876
220 881
221 359
221 403
221 414
221 482
221 644
221 761
221 859
221 969
222 242
222 398
222 460
222 484
222 560
222 843
223 257
223 361
223 365
223 409
223 511
223 595
223 685
223 688
223 772
223 826
223 917
223 951
224 239
224 339
224 347
224 388
224 405
224 479
224 642
224 827
224 962
224 968
225 355
225 554
225 564
225 578
225 751
225 881
225 914
225 919
226 233
226 290
226 399
226 473
226 494
226 780
226 814
226 845
226 896
227 388
227 424
227 626
227 691
227 974
228 276
228 465
228 466
228 597
228 603
228 794
229 289
229 424
229 429
229 479
229 552
229 678
229 740
229 860
230 283
230 316
230 428
230 437
230 892
231 352
231 382
231 408
231 537
231 644
231 671
231 681
231 731
231 782
231 847
232 262
232 378
232 388
232 591
232 663
232 678
232 700
233 409
233 616
233 730
233 927
233 941
233 989
234 248
234 302
234 314
234 398
234 415
234 449
234 494
234 534
234 566
234 658
234 738
234 788
234 792
234 863
234 933
235 238
235 251
235 329
235 487
235 608
235 675
235 702
235 710
235 774
236 253
236 481
236 532
236 560
236 678
236 684
236 705
236 737
236 769
236 797
236 915
237 429
237 627
237 633
237 742
237 754
237 933
238 274
238 289
238 349
238 375
238 458
239 370
239 444
239 535
239 617
239 738
239 845
239 992
240 242
240 258
240 283
240 301
240 666
240 872
241 254
241 393
241 449
241 485
241 611
241 680
241 776
241 790
241 911
241 949
242 365
242 627
242 684
242 687
242 890
242 925
242 946
242 961
242 964
243 298
243 324
243 451
243 472
243 479
243 520
243 526
243 600
243 865
243 935
243 949
244 262
244 425
244 485
244 488
244 558
244 655
244 733
244 801
245 564
245 830
245 891
246 501
246 587
246 882
246 948
247 376
247 401
247 440
247 566
247 765
247 889
247 909
247 935
247 978
248 274
248 290
248 330
248 513
248 563
248 720
248 844
249 252
249 291
249 487
249 552
249 730
249 735
250 453
250 471
250 706
250 971
251 395
251 635
251 672
251 686
251 746
251 759
251 776
251 781
251 802
251 839
251 847
252 601
252 700
252 775
252 837
253 502
253 524
253 572
253 585
253 598
253 782
253 817
253 872
253 887
254 432
254 460
254 568
254 733
254 817
254 964
254 982
255 259
255 280
255 613
255 912
255 920
255 954
256 570
256 627
256 643
257 297
257 488
257 498
257 571
257 826
257 833
257 921
258 260
258 280
258 439
258 530
258 570
258 657
258 659
258 670
258 713
258 805
258 936
259 635
259 645
259 791
259 886
260 267
260 272
260 300
260 309
260 405
260 601
260 678
260 727
260 790
260 832
260 917
261 534
261 546
261 676
261 787
261 878
261 916
261 928
262 272
262 310
262 354
262 362
262 367
262 413
262 419
262 434
262 461
262 516
262 561
262 629
262 778
262 882
262 908
262 924
262 948
263 291
263 426
263 442
263 773
263 793
263 978
263 990
264 371
264 383
264 506
264 512
264 718
264 728
264 788
264 953
265 268
265 396
265 418
265 497
265 695
265 723
265 868
265 884
266 293
266 370
266 372
266 419
266 664
266 897
266 939
266 1000
267 348
267 420
267 763
267 825
268 274
268 294
268 307
268 547
268 570
268 572
268 654
268 758
269 324
269 388
269 475
269 835
269 917
270 303
270 416
270 434
270 513
270 579
270 623
270 738
270 798
270 804
270 822
270 839
270 863
270 928
270 978
271 364
271 520
271 754
271 837
271 867
271 872
272 283
272 423
272 498
272 539
272 548
272 710
272 739
272 880
272 887
273 559
273 767
274 351
274 386
274 407
274 422
274 556
274 630
274 720
274 795
274 842
274 851
274 969
274 981
275 394
275 406
275 501
275 527
275 628
275 696
275 747
275 815
276 302
276 424
276 654
276 757
276 827
276 828
276 909
276 947
277 598
277 749
277 754
277 798
277 814
277 858
277 963
277 964
277 973
278 405
278 507
278 548
278 766
279 345
279 626
279 786
279 917
280 359
280 492
280 613
280 640
280 646
280 652
280 887
281 400
281 616
281 654
281 725
281 747
281 918
281 936
282 365
282 373
282 389
282 602
282 618
282 701
282 815
282 820
282 883
283 495
283 594
283 799
283 819
283 879
284 337
284 381
284 499
284 525
284 679
284 710
284 969
285 349
285 407
285 519
285 754
285 760
286 326
286 383
286 418
286 530
286 587
286 654
286 789
286 839
286 891
286 924
287 497
287 514
287 534
287 599
287 788
287 847
287 880
288 290
288 505
288 558
288 943
288 990
288 998
289 584
289 608
289 679
289 738
289 868
290 317
290 432
290 524
290 547
290 615
290 669
290 707
290 766
290 784
290 862
290 899
290 999
291 314
291 390
291 492
291 543
291 660
291 810
291 854
291 987
292 323
292 334
292 405
292 444
292 459
292 737
292 766
292 955
293 501
293 529
293 779
293 982
294 303
294 353
294 585
294 680
294 814
294 828
294 902
295 370
295 414
295 473
295 662
295 667
295 696
295 976
296 432
296 571
296 580
296 688
296 690
296 899
297 308
297 370
297 423
297 455
297 487
297 488
297 502
297 577
297 689
297 738
297 801
297 947
297 998
298 384
298 505
298 571
298 606
298 750
298 762
298 766
298 994
298 998
299 310
299 359
299 450
299 520
299 545
299 600
299 706
299 950
300 698
300 734
300 749
300 896
300 971
301 515
301 749
301 763
301 890
302 330
302 360
302 386
302 395
302 487
302 573
302 669
302 963
303 312
303 356
304 307
304 346
304 640
304 936
304 996
305 551
305 555
305 773
305 839
305 852
305 859
305 916
305 952
306 320
306 376
306 441
306 519
306 576
306 623
306 766
306 767
306 847
306 892
307 467
307 584
307 588
307 630
307 684
307 828
307 858
307 887
307 951
307 970
308 551
308 601
308 832
308 931
309 319
309 352
309 430
309 630
309 751
309 783
309 808
309 881
309 900
310 590
310 631
310 820
310 942
311 336
311 483
311 512
311 541
311 552
311 560
311 764
311 791
311 828
312 315
312 654
312 680
312 691
312 965
312 983
313 336
313 420
313 503
313 607
313 696
313 943
314 376
314 383
314 531
314 580
315 318
315 411
315 512
315 698
315 724
315 755
315 759
315 779
315 850
315 870
316 354
316 436
316 462
316 549
316 630
316 787
316 966
316 982
317 391
317 491
317 670
317 750
317 755
317 802
318 334
318 343
318 592
318 664
318 665
318 672
318 738
318 799
318 806
318 824
318 898
318 917
318 943
319 372
319 765
319 969
320 395
320 446
320 497
320 644
320 799
320 841
320 910
320 982
321 377
321 452
321 600
321 618
321 708
321 807
321 902
321 941
322 350
322 384
322 454
322 497
322 726
323 418
323 546
323 559
323 635
323 682
323 694
323 713
323 793
323 909
324 412
324 622
324 656
324 810
324 815
324 908
324 983
325 369
325 380
325 766
325 775
325 787
326 470
326 482
326 506
326 757
326 919
327 461
327 564
327 681
327 687
327 714
327 916
327 985
328 418
328 444
328 578
328 696
328 888
328 908
328 933
328 970
329 392
329 411
329 425
329 427
329 507
329 588
329 658
329 795
330 440
330 447
330 850
330 910
330 932
331 383
331 768
331 785
331 959
332 503
332 524
332 613
332 751
332 943
332 946
332 956
332 980
333 372
333 452
333 508
333 872
333 892
333 945
333 972
334 409
334 441
334 448
334 697
334 793
334 874
335 374
335 577
335 612
335 905
335 925
336 643
336 695
336 729
336 754
336 842
336 895
336 915
337 444
337 523
337 527
337 590
337 682
337 823
337 886
337 905
338 495
338 591
338 778
338 810
338 895
338 924
338 946
339 376
339 580
339 586
339 603
339 679
339 731
339 861
339 929
339 992
339 998
340 366
340 432
340 493
340 521
340 532
340 602
340 616
340 635
340 636
340 748
340 771
340 819
340 863
340 951
340 975
341 498
341 575
341 619
341 667
341 673
341 847
341 961
341 978
341 979
341 984
342 400
342 458
342 524
342 820
343 513
343 517
343 548
343 650
343 851
343 862
344 420
344 467
344 515
344 618
344 621
344 929
344 970
345 468
345 529
345 541
346 397
346 458
346 592
346 660
346 802
347 354
347 358
347 603
347 640
347 659
347 766
347 898
347 953
348 434
348 462
348 730
348 790
348 829
348 982
349 408
349 433
349 436
349 461
349 499
349 510
349 512
349 687
349 929
350 440
350 498
350 529
350 587
350 639
350 643
350 713
350 785
350 817
350 871
351 429
351 520
351 610
351 624
351 684
351 787
351 851
351 980
352 402
352 452
352 522
352 578
352 731
352 734
352 762
352 913
353 443
353 479
353 603
353 610
354 561
354 577
354 678
354 868
354 893
354 988
354 991
355 432
355 528
355 603
355 663
355 678
355 704
355 778
355 862
355 909
355 987
356 454
356 556
356 561
356 588
356 667
356 682
357 530
357 596
357 677
357 684
357 766
357 964
358 582
358 584
358 624
358 760
358 791
358 806
358 902
358 930
358 938
359 454
359 580
359 885
359 980
360 442
360 541
360 726
360 832
360 834
360 883
360 961
361 438
361 682
361 697
361 732
361 809
361 866
362 392
362 765
362 776
363 521
363 723
363 898
363 915
363 979
363 982
363 986
363 996
364 387
364 392
364 511
364 750
364 918
364 934
365 376
365 574
365 633
365 714
365 762
365 849
365 910
365 964
366 535
366 541
366 620
366 673
366 743
366 758
366 759
366 806
366 814
367 368
367 376
367 398
367 613
367 641
367 700
367 868
367 984
368 412
368 534
368 544
368 709
368 744
368 764
368 930
368 962
368 973
369 626
369 640
369 693
369 771
369 835
369 868
369 890
369 900
370 389
370 449
370 591
370 731
370 817
370 824
371 454
371 694
371 813
372 470
372 544
372 545
372 638
372 708
372 935
373 396
373 464
373 601
373 657
373 834
373 894
374 398
374 690
374 862
374 948
374 981
375 482
375 488
375 497
375 566
375 660
375 696
375 902
375 936
375 954
376 400
376 535
376 575
377 419
377 463
377 593
377 656
377 749
377 763
377 843
377 858
377 879
377 904
378 508
378 724
378 783
378 824
378 960
379 434
379 632
379 666
379 874
379 915
380 383
380 388
380 414
380 433
380 600
380 667
380 744
380 762
380 779
380 868
380 889
380 993
381 627
381 817
381 991
382 446
382 513
382 548
382 567
382 927
383 483
384 643
384 774
385 487
385 524
385 589
385 997
386 493
386 519
386 550
386 660
386 708
386 746
386 869
387 514
387 785
387 959
388 910
389 547
389 550
389 575
389 707
389 742
390 494
390 546
390 573
390 669
390 694
390 783
390 940
390 986
391 492
391 612
391 692
391 846
391 888
392 437
392 546
392 622
392 793
392 867
392 936
393 483
393 484
393 724
393 757
393 768
393 834
394 407
394 453
394 470
394 475
394 484
394 522
394 593
395 580
395 748
395 897
395 996
396 487
396 488
396 735
396 754
396 892
396 971
397 399
397 496
397 662
397 886
397 890
397 978
398 419
398 514
398 668
398 884
398 983
399 443
399 557
399 592
399 613
399 663
399 707
399 719
399 857
399 934
399 958
400 479
400 537
400 635
400 778
400 850
401 468
401 586
401 696
401 755
401 803
401 808
402 492
402 731
402 832
402 849
402 971
403 412
403 666
403 869
404 439
404 469
404 760
404 809
404 870
404 878
405 510
405 608
405 684
405 736
405 739
405 787
405 978
406 551
406 760
406 806
406 996
407 452
407 563
407 632
407 782
407 794
407 983
408 479
408 534
408 624
408 907
409 534
409 636
409 642
409 691
409 705
409 806
409 833
409 989
410 490
410 541
410 635
410 704
410 780
410 934
410 973
411 478
411 634
411 709
411 746
411 780
412 597
412 777
412 805
412 874
412 921
413 546
413 643
413 707
413 741
413 955
414 557
414 831
414 924
415 432
415 563
415 946
416 626
416 643
416 816
416 998
417 505
417 526
417 670
417 910
417 966
418 468
418 470
418 536
418 543
418 666
418 787
418 843
418 915
418 954
419 471
419 476
419 580
419 951
419 966
420 470
420 736
420 895
420 933
420 979
421 629
421 655
421 803
421 811
421 825
421 928
422 590
422 770
422 847
422 850
423 458
423 536
423 624
423 633
423 674
423 829
423 842
423 849
423 916
423 973
424 450
424 585
424 602
424 627
424 685
424 809
424 819
424 864
425 484
425 818
425 831
426 546
426 575
426 584
426 635
426 647
426 675
426 679
426 695
426 853
426 907
427 563
427 662
427 841
427 927
427 977
428 480
428 602
428 780
428 821
429 469
429 490
429 512
429 537
429 597
429 664
429 680
429 774
429 775
429 927
429 980
430 472
430 479
430 524
430 581
430 637
430 641
430 673
430 724
430 751
430 862
430 911
431 648
431 851
431 893
432 451
432 463
432 505
432 616
432 913
433 511
433 557
433 563
433 608
433 698
433 747
433 774
433 800
433 815
433 838
433 850
433 949
434 458
434 467
434 601
434 611
434 627
434 683
434 700
434 814
434 934
434 981
435 590
435 654
435 715
435 808
435 814
435 878
436 464
436 625
436 705
436 877
436 976
437 498
437 660
437 694
437 720
437 754
437 779
437 895
438 629
438 851
438 852
438 870
438 928
439 500
439 623
439 819
439 843
439 861
440 442
440 663
440 772
441 487
441 547
441 619
442 479
442 524
442 532
442 538
442 552
442 567
442 638
442 688
442 715
442 780
442 868
443 466
443 705
443 959
444 515
444 539
444 679
444 796
444 821
444 888
444 921
445 526
445 588
445 609
445 627
445 714
445 884
446 603
446 706
446 800
446 804
446 891
447 498
447 548
447 564
447 629
447 705
447 730
447 855
447 887
448 533
448 635
448 771
448 970
449 651
449 766
449 768
449 791
449 955
450 656
450 838
450 889
450 954
451 620
451 696
451 729
451 737
451 746
451 817
451 879
452 681
452 731
453 521
453 530
453 559
453 592
453 606
453 608
453 695
453 762
454 588
454 729
454 866
454 881
454 890
454 911
454 945
455 548
455 681
456 586
456 667
456 821
456 845
456 914
457 500
457 671
457 745
457 748
457 894
458 497
458 554
458 598
458 615
458 709
458 856
458 914
459 542
459 618
459 669
459 719
460 739
460 758
460 808
460 950
461 521
461 730
461 733
461 901
461 962
462 465
462 863
462 900
462 903
463 472
463 696
463 750
463 835
464 497
464 502
464 519
464 662
464 678
464 682
464 762
464 792
464 798
464 803
464 943
465 579
466 507
466 577
466 636
467 471
467 485
467 663
467 767
467 811
467 838
467 844
467 854
467 909
468 509
468 584
468 659
468 690
468 833
468 855
468 857
468 915
468 952
469 507
469 514
469 915
469 954
470 596
470 639
470 785
470 826
470 831
470 909
471 553
471 915
472 508
472 577
472 580
472 673
472 689
473 510
473 616
473 654
473 748
473 804
473 877
473 945
473 974
474 685
474 894
475 578
475 742
475 801
475 916
476 672
476 873
476 942
476 970
476 991
477 587
477 686
477 852
477 922
477 970
477 998
478 523
478 999
479 590
479 593
479 722
479 757
479 830
480 697
480 699
480 745
480 770
480 786
480 916
480 950
480 952
480 961
480 995
481 538
481 594
481 624
481 690
481 735
481 845
481 909
481 974
482 689
482 846
482 932
482 989
483 509
483 518
483 540
483 574
483 744
484 568
484 614
484 618
484 685
484 925
484 955
485 525
485 683
485 716
485 824
485 887
485 908
486 821
486 828
486 874
486 880
486 917
486 949
487 595
487 729
487 731
487 877
487 916
488 684
488 966
489 833
489 961
489 967
490 552
490 666
490 706
490 807
491 509
491 770
491 858
491 932
491 948
491 977
492 626
492 793
492 824
492 853
492 876
493 666
493 679
493 705
493 854
493 898
493 960
493 993
494 497
494 544
494 611
494 693
494 789
494 938
495 609
495 664
495 787
495 823
495 965
496 596
496 641
496 671
496 701
496 889
496 892
496 921
497 619
497 662
497 664
497 726
497 790
497 808
497 976
497 996
498 635
498 773
498 810
498 876
499 516
499 542
499 594
499 657
499 861
499 898
499 979
500 502
500 779
500 841
500 976
501 512
501 782
502 505
502 543
502 626
502 660
502 767
502 900
502 951
503 507
503 630
503 927
504 589
504 732
504 984
504 987
504 1000
505 534
505 556
505 733
505 784
505 787
505 796
505 993
505 1000
506 681
506 740
506 956
507 596
507 672
507 681
507 767
508 514
508 661
508 673
508 712
508 864
508 871
508 923
508 978
509 661
509 672
509 757
509 805
510 537
510 541
510 653
510 709
510 752
510 821
511 515
511 664
511 832
511 895
511 904
511 908
511 948
511 980
512 570
512 823
512 880
512 896
512 918
513 562
513 643
513 872
513 890
513 922
514 574
514 628
514 733
514 908
514 948
515 605
515 747
515 982
516 558
516 631
516 633
516 808
516 851
516 885
516 999
517 533
517 618
517 620
517 639
517 671
517 890
517 900
517 926
517 930
518 582
518 772
518 974
519 609
519 623
519 753
519 822
519 826
520 569
520 573
520 785
520 863
520 952
520 977
521 643
521 848
522 558
522 576
522 802
522 956
523 629
523 641
523 780
524 579
524 629
524 735
524 756
525 555
525 639
525 826
525 844
525 873
525 877
526 682
526 707
526 714
526 813
526 823
526 902
527 536
527 539
527 816
527 995
528 705
528 984
529 693
529 764
529 806
529 837
529 857
530 558
530 606
530 633
530 711
530 737
530 817
530 985
530 999
531 735
532 536
532 695
532 875
532 889
532 999
533 604
533 795
533 871
533 915
534 580
534 655
534 714
534 718
534 773
534 864
534 886
535 584
535 633
535 651
535 821
536 590
536 624
536 732
536 764
536 842
537 574
537 647
537 661
537 682
537 763
537 789
537 841
537 868
537 873
537 928
538 929
539 649
539 665
539 668
539 953
540 692
540 730
540 865
540 873
540 900
540 901
540 904
540 978
540 997
541 576
541 616
541 645
541 685
542 651
542 781
543 649
543 901
544 605
544 782
544 790
544 865
544 987
545 549
545 623
545 624
545 713
545 749
545 854
545 856
545 893
545 917
546 550
546 609
546 671
546 764
546 793
547 566
547 573
547 831
547 934
548 575
548 648
548 722
548 815
548 878
549 758
549 771
549 786
550 837
550 859
550 934
551 997
552 634
552 707
552 820
552 890
553 617
553 652
553 919
554 593
554 649
554 709
554 900
554 931
554 960
554 995
555 561
555 603
555 612
555 763
556 597
556 754
556 762
556 904
556 955
556 986
556 992
557 574
557 587
557 612
557 719
557 730
557 834
557 860
557 932
558 629
558 658
558 777
558 847
558 853
558 959
559 592
559 634
559 667
559 783
559 898
559 918
560 564
560 587
560 744
560 896
561 570
561 608
561 815
561 947
562 596
562 666
562 687
562 688
562 827
562 872
562 936
562 993
563 608
563 618
563 676
563 713
563 777
563 842
563 914
563 948
563 973
564 817
564 821
564 897
564 939
564 984
565 623
565 719
565 752
565 788
565 933
566 596
566 669
567 611
567 616
567 637
568 591
568 669
568 697
568 808
568 985
569 571
569 634
569 731
569 933
570 737
570 773
570 845
570 897
570 915
571 720
571 743
571 854
572 842
573 592
573 630
573 642
575 658
575 814
575 816
575 823
576 597
576 649
576 910
577 780
577 913
577 919
577 955
578 614
578 646
578 673
578 676
578 686
578 706
578 735
578 800
579 585
579 700
579 742
579 842
579 954
580 695
580 748
581 677
581 760
581 776
581 835
581 863
581 917
581 965
582 707
582 869
582 949
582 958
583 710
583 801
583 965
583 980
584 684
585 587
585 637
585 712
585 733
585 845
585 959
585 982
586 695
586 712
586 736
586 785
586 828
587 611
587 901
588 640
588 670
588 919
589 651
589 674
589 691
589 708
589 893
589 985
590 800
590 984
591 838
591 889
591 907
592 637
592 657
592 750
592 949
593 932
594 649
594 677
594 718
594 767
594 809
594 888
595 695
595 713
595 716
595 972
596 711
596 856
596 876
596 955
597 747
597 840
597 892
597 919
598 744
598 810
598 914
599 636
599 681
599 728
599 778
599 810
600 640
600 924
600 953
600 979
601 761
601 909
602 654
602 775
602 799
602 985
603 675
603 904
603 985
604 651
604 951
605 727
605 871
605 895
605 905
606 743
606 999
607 783
607 904
607 955
608 610
608 617
608 669
608 771
608 776
609 615
609 683
609 824
609 918
610 637
610 654
610 701
610 831
610 947
611 715
611 729
612 817
612 825
612 930
613 893
614 708
614 780
614 883
615 756
615 858
615 906
615 954
616 665
616 683
616 863
616 954
616 1000
617 678
617 685
617 799
617 803
617 880
617 891
617 965
618 725
618 774
618 986
619 638
619 794
619 879
620 749
620 822
620 857
620 980
620 999
621 746
621 760
621 783
621 938
622 734
622 839
623 673
623 719
623 810
623 835
623 854
623 895
623 901
624 645
624 980
625 685
625 776
625 777
625 927
625 934
626 666
626 743
627 899
627 912
628 737
628 806
628 966
628 999
629 693
629 791
629 938
630 827
630 949
631 646
631 854
632 921
632 941
633 647
633 676
633 853
633 888
633 984
634 646
634 671
634 699
634 727
634 930
634 943
634 985
635 679
635 756
635 770
635 927
635 988
636 651
636 737
636 766
636 919
637 663
637 690
637 710
637 790
637 799
637 831
637 977
638 664
638 871
638 972
639 642
639 865
639 878
639 884
639 904
639 949
640 671
640 677
640 738
640 812
640 846
640 871
640 875
641 661
641 678
641 723
641 835
641 856
641 884
642 797
642 958
643 650
643 828
643 890
643 906
643 977
643 983
644 804
644 988
645 650
645 739
645 791
645 956
645 957
645 978
646 701
646 878
646 927
646 928
646 951
646 972
646 973
647 752
647 758
647 763
647 898
647 918
647 926
647 963
648 702
648 884
648 923
648 987
649 716
649 733
649 894
650 659
650 694
650 931
651 652
651 692
651 745
651 828
651 856
652 847
652 944
652 990
653 787
653 801
653 849
653 971
654 759
654 768
654 790
655 663
655 745
655 791
655 854
655 875
655 977
656 701
656 758
656 944
657 681
657 820
657 873
657 983
658 726
658 728
658 862
658 872
658 914
659 752
660 685
660 734
660 776
660 806
660 816
660 930
660 940
660 998
661 740
663 681
663 713
663 749
664 841
665 813
665 817
665 949
666 669
666 725
666 904
667 668
668 786
668 883
668 993
669 729
669 863
669 889
671 702
671 783
671 796
671 812
671 900
671 933
671 950
672 816
672 851
672 881
672 999
673 682
673 760
673 793
673 854
673 998
674 824
674 887
674 980
674 996
675 703
675 794
675 899
675 929
676 711
676 853
677 718
677 767
677 860
677 953
678 725
678 776
679 876
679 892
679 975
679 986
680 734
680 773
680 917
681 736
681 794
682 711
682 877
683 750
683 769
683 787
683 887
684 750
684 802
685 789
685 941
685 947
686 698
686 829
686 877
686 990
687 708
687 837
687 885
687 903
687 940
687 976
688 866
689 707
689 801
689 819
689 821
689 970
690 823
690 905
690 998
691 715
691 784
691 928
692 774
692 817
692 859
693 948
694 714
694 784
695 696
695 757
695 866
696 713
696 807
696 834
696 900
696 961
697 721
697 728
697 734
698 758
698 786
698 816
698 846
698 866
698 933
699 780
699 838
699 869
700 788
700 836
700 871
700 955
701 817
702 836
702 861
702 918
702 929
703 717
703 932
703 985
705 933
705 999
706 915
707 720
707 731
707 765
707 770
707 775
707 856
707 896
707 988
708 879
708 943
709 718
709 888
709 916
709 999
710 871
710 991
711 712
711 752
711 804
711 998
712 862
713 761
713 918
714 739
714 742
714 766
715 721
715 724
715 732
716 749
716 940
717 721
717 792
717 863
719 755
719 790
719 859
720 822
720 985
720 993
721 808
721 924
721 951
721 963
722 751
722 969
723 728
723 770
723 825
723 965
724 822
724 850
724 937
724 943
725 757
725 763
725 810
725 838
725 899
725 955
725 983
728 762
728 874
730 788
730 818
730 895
730 899
730 942
730 965
731 910
731 941
732 825
732 940
732 957
732 986
732 997
733 865
733 910
734 820
734 828
734 964
735 814
735 925
735 994
736 954
737 881
737 892
738 792
738 814
739 751
739 783
740 819
740 839
740 906
741 839
742 760
742 773
742 804
742 829
743 849
744 747
744 917
745 929
745 986
746 774
746 894
746 911
746 935
747 941
748 751
748 774
748 885
748 927
749 798
749 845
750 991
751 797
751 855
751 863
751 956
751 972
751 974
752 837
752 916
753 971
753 995
754 817
754 961
754 967
754 995
755 766
755 815
755 843
755 920
755 950
756 872
756 900
757 772
757 781
757 805
757 967
757 983
758 798
758 848
759 764
760 789
760 792
760 829
760 991
761 768
761 775
761 796
761 823
761 983
762 807
762 841
762 857
762 890
763 951
764 837
764 942
764 959
764 996
766 836
766 898
766 982
766 990
767 775
767 967
767 972
767 985
768 773
768 831
768 937
768 990
770 870
772 953
772 980
773 894
774 871
774 967
774 983
775 942
776 789
777 926
779 787
779 818
779 829
779 926
779 944
779 983
780 848
780 951
782 829
782 904
784 825
784 881
784 926
784 978
785 887
786 876
787 788
788 998
790 917
791 920
791 935
792 845
792 880
792 931
793 794
793 829
793 904
793 965
794 797
794 805
794 850
794 925
794 994
795 828
795 920
795 981
795 996
798 841
798 842
798 855
798 860
798 869
798 910
798 940
798 942
800 818
800 832
800 906
801 839
801 875
801 897
801 917
801 943
801 959
803 961
804 934
805 961
806 983
806 990
806 993
807 875
807 895
807 913
808 874
808 968
809 935
809 950
811 876
811 939
812 869
812 914
812 961
813 828
814 875
815 842
815 946
816 931
817 977
819 848
819 948
820 821
820 956
821 828
821 858
821 907
821 999
822 905
822 983
825 928
825 985
826 963
827 872
828 887
828 889
828 949
829 875
829 960
829 976
830 848
830 894
830 937
831 973
832 835
832 851
832 944
832 976
833 883
833 910
834 888
834 941
835 886
835 995
836 892
836 998
837 880
838 840
838 964
838 977
839 854
840 882
840 978
841 909
841 973
842 843
842 898
842 969
843 908
843 934
843 973
845 972
846 930
848 991
849 893
850 964
851 931
851 964
852 868
853 886
853 922
854 890
855 920
857 940
858 929
859 916
861 886
861 895
861 939
862 870
862 890
862 976
864 938
864 974
865 903
866 928
867 964
868 875
869 875
869 884
871 907
871 960
872 883
872 895
872 988
873 893
874 908
874 921
874 954
874 972
874 992
875 949
876 948
877 931
877 971
880 978
881 937
881 942
882 901
882 993
884 915
884 921
884 932
885 894
886 939
886 989
887 923
888 913
888 960
889 929
890 998
891 920
891 936
891 965
894 919
894 920
894 967
894 992
895 899
895 914
896 947
899 919
900 938
900 944
901 909
904 915
905 953
906 984
909 934
912 964
912 996
913 966
918 921
918 988
919 959
919 987
920 956
920 990
924 986
925 978
927 981
929 978
931 944
931 975
932 946
932 949
934 946
934 950
938 956
938 972
938 998
940 963
940 969
944 949
947 958
947 974
947 990
948 956
948 975
951 981
952 969
954 962
954 984
955 983
955 992
960 966
963 989
964 986
967 995
973 983
986 994
987 991
