1000 1039
1 96
1 286
1 621
1 939
2 322
2 470
2 520
3 35
4 128
4 139
4 620
4 789
5 103
5 600
6 245
7 413
7 655
8 94
8 712
8 734
9 142
9 503
9 738
9 863
9 970
10 696
10 872
11 484
11 675
12 523
12 646
13 466
14 34
14 365
15 382
15 831
15 855
15 872
15 919
17 60
18 49
19 148
19 250
20 397
21 323
21 995
22 326
22 354
22 376
22 603
23 56
23 868
25 148
25 737
26 855
26 861
27 327
27 363
28 359
28 848
29 347
29 385
29 712
31 558
31 686
32 130
32 228
32 328
33 489
33 972
34 628
34 694
34 966
34 994
35 146
35 159
35 622
35 686
36 404
36 405
36 909
37 614
38 143
38 467
38 695
39 697
39 971
40 71
40 239
41 294
44 309
44 506
44 652
44 925
45 309
46 549
47 395
47 886
48 662
48 696
49 451
49 505
49 881
50 159
50 186
50 217
50 832
51 487
51 966
51 986
53 950
55 666
55 908
56 442
57 443
59 676
59 793
59 806
59 853
60 186
61 710
61 776
61 781
63 383
63 850
64 506
64 694
65 251
65 414
65 428
66 93
66 917
67 182
67 590
67 743
67 868
67 896
68 354
68 403
68 475
68 592
68 904
69 786
70 687
71 461
71 466
71 773
72 509
73 385
73 403
73 597
73 606
73 885
75 346
76 493
76 559
77 375
77 754
78 372
78 824
78 892
79 534
80 255
80 449
80 702
80 976
81 154
81 295
82 373
82 603
82 716
82 739
84 415
84 929
85 999
86 451
87 129
87 542
88 640
88 788
89 125
89 649
90 673
90 785
90 893
91 127
91 412
92 213
93 556
93 628
93 767
95 226
95 459
95 525
95 752
95 900
96 937
97 841
98 935
98 991
99 430
99 465
101 472
101 532
101 542
102 126
102 579
104 165
104 745
104 894
104 935
105 157
106 322
106 493
106 665
106 794
106 918
107 180
107 837
109 515
110 218
110 694
111 528
111 809
112 668
112 745
112 843
113 984
114 284
114 688
114 934
114 963
115 494
115 593
115 632
116 341
116 382
116 531
116 597
117 149
117 969
118 407
118 516
119 521
120 165
120 395
121 302
121 810
121 838
121 999
122 602
122 805
122 836
123 162
123 436
124 485
124 673
125 347
125 914
126 366
126 487
126 733
127 725
127 758
127 795
129 815
130 658
130 954
131 300
132 350
132 362
133 348
133 676
134 370
135 156
135 233
137 936
139 286
139 406
139 628
139 898
140 622
141 942
142 659
143 685
144 488
144 508
144 603
144 720
145 156
146 277
146 520
146 556
146 650
147 287
148 953
149 466
149 558
149 922
149 946
150 257
150 519
151 996
152 764
153 352
153 649
153 660
154 593
154 709
155 547
155 585
155 880
156 417
156 555
156 823
157 604
157 855
158 822
158 831
158 903
159 883
159 903
160 375
161 463
161 968
162 318
162 622
163 410
163 442
164 487
164 514
164 598
165 351
165 363
165 468
165 952
165 958
167 914
168 373
168 908
168 924
170 901
171 246
171 512
172 221
172 795
173 574
174 533
175 975
177 270
177 515
177 602
177 903
177 917
178 337
178 771
179 727
180 554
180 589
180 590
180 745
180 768
180 928
181 455
181 554
181 584
181 656
181 756
181 966
182 323
183 660
183 879
184 227
184 731
185 293
187 621
187 688
188 320
188 521
188 816
189 329
189 475
190 606
191 482
192 607
193 997
194 918
195 982
196 203
196 543
196 870
197 935
199 735
199 904
200 447
201 348
202 265
202 965
204 595
204 755
204 989
204 998
205 220
205 971
206 860
206 917
207 271
207 299
207 349
208 316
209 437
209 467
209 807
209 868
210 746
212 296
213 749
215 504
215 624
215 689
216 932
219 579
219 588
220 551
220 802
220 832
221 941
222 669
222 770
224 326
224 711
225 781
226 394
227 445
227 840
228 755
228 798
230 240
232 454
232 903
233 414
233 985
234 571
236 789
236 851
237 363
237 392
237 957
237 996
238 442
238 563
238 622
238 646
240 375
240 476
240 735
241 723
241 906
243 316
243 599
243 934
244 521
244 728
244 801
244 807
245 409
245 460
245 501
246 249
246 864
247 396
248 418
249 526
249 589
251 314
251 361
252 514
252 865
254 351
254 541
255 516
255 564
255 750
255 835
255 850
257 427
257 664
259 359
260 368
260 592
260 847
260 936
261 562
262 653
263 389
263 622
265 659
266 282
266 701
266 808
266 876
267 514
268 339
268 828
269 720
269 899
271 291
271 999
272 770
273 541
275 397
275 491
275 852
276 584
276 870
276 903
277 352
280 376
280 430
280 791
282 391
282 706
283 436
283 446
283 913
284 817
287 290
287 569
287 603
287 643
289 615
292 349
293 811
293 979
297 667
298 881
299 680
301 399
301 472
302 731
305 520
306 628
306 966
307 337
307 521
307 627
308 639
308 705
310 533
311 422
311 846
314 882
314 902
315 398
315 787
319 923
320 866
321 376
321 640
321 686
321 955
322 769
322 885
323 656
323 722
324 491
324 538
324 975
325 684
325 860
325 981
328 404
329 606
329 742
331 454
332 431
334 507
334 536
334 884
336 584
336 893
337 671
337 766
338 904
339 667
340 520
342 522
343 519
344 653
344 762
344 854
346 425
346 652
347 363
347 701
347 718
347 833
348 593
348 876
350 886
351 566
351 685
352 828
353 967
354 519
354 619
354 825
356 739
356 749
357 538
357 612
357 683
357 970
358 922
359 868
360 724
360 847
362 373
362 494
363 859
365 771
366 435
366 893
367 587
367 938
368 928
369 820
369 953
371 646
372 964
373 569
373 895
374 912
376 531
378 432
379 979
380 987
381 533
383 641
384 711
386 526
387 625
389 428
389 533
389 752
389 933
391 563
392 740
392 802
393 458
393 939
395 826
395 873
396 812
396 823
397 752
398 445
398 521
399 970
400 658
402 882
403 508
403 510
404 438
405 651
405 868
406 820
407 467
408 710
409 831
409 903
410 657
410 851
410 882
410 971
412 882
412 984
412 986
413 763
414 487
414 769
416 936
417 738
417 789
418 968
419 707
420 847
420 877
422 740
422 782
422 852
423 568
424 544
424 837
425 487
425 791
427 497
427 521
428 600
429 879
430 455
431 745
432 632
432 700
435 612
435 614
435 758
436 755
438 765
439 603
440 525
440 765
442 737
443 479
444 924
448 518
450 455
452 484
452 754
452 894
453 478
453 508
453 637
453 871
453 904
454 734
454 917
455 664
458 557
459 612
459 728
459 748
460 688
460 945
461 640
461 923
464 474
464 610
464 713
469 978
470 755
470 756
470 812
471 881
471 997
472 613
474 602
475 487
476 934
478 548
479 501
479 651
481 885
481 910
482 651
482 897
483 566
483 992
485 872
485 998
486 584
486 638
488 532
490 756
491 561
491 601
493 639
493 870
493 999
494 587
494 727
494 798
495 564
495 600
498 776
499 917
502 661
502 882
503 789
504 524
505 517
505 681
507 688
508 954
509 567
509 957
514 789
515 828
516 893
517 844
517 955
518 914
519 541
519 562
520 631
520 687
523 617
524 604
525 801
525 817
526 849
527 548
528 586
528 656
529 603
529 887
530 813
530 888
533 751
533 978
536 579
536 700
536 711
536 910
538 799
538 911
539 596
539 920
540 664
543 574
544 574
545 579
545 669
546 571
546 683
549 773
550 635
550 881
551 994
552 709
553 771
554 633
555 595
557 661
559 823
559 973
560 760
563 639
563 732
563 757
564 915
566 966
567 624
569 626
570 777
570 912
572 585
572 811
573 760
574 931
575 690
579 587
579 777
579 915
582 613
582 855
582 940
586 739
587 910
588 883
590 692
590 731
591 784
592 620
592 679
593 621
594 897
595 887
595 932
596 962
598 812
599 639
599 795
600 706
603 800
603 846
608 715
608 828
609 894
609 968
610 849
611 718
612 762
612 874
613 987
614 983
615 982
616 729
617 658
617 818
617 827
618 723
618 960
619 928
619 961
620 840
620 958
623 675
624 869
626 657
630 739
632 786
634 879
636 713
636 826
637 899
637 910
638 717
640 919
643 752
643 963
645 832
656 657
658 950
660 661
663 840
665 738
665 866
667 947
668 918
670 843
671 929
673 841
673 920
675 727
675 926
676 727
677 925
678 727
681 803
688 698
688 987
689 781
690 798
690 986
692 999
694 707
695 764
695 913
698 913
699 728
700 980
702 943
708 922
708 992
709 731
710 832
710 878
715 962
716 744
719 904
720 754
720 940
721 919
723 740
723 979
726 983
730 749
730 969
731 823
732 990
733 966
734 887
736 798
736 940
736 956
737 844
742 858
748 811
751 846
751 858
751 876
754 845
758 879
761 799
761 889
763 983
767 773
770 857
772 901
773 865
773 999
775 920
778 782
787 960
788 977
790 920
795 949
799 943
802 837
802 910
805 845
810 922
811 988
816 950
818 828
821 932
824 934
824 975
826 934
826 939
829 1000
834 986
835 838
835 946
835 993
836 963
837 939
837 995
839 861
840 864
847 920
849 903
857 956
857 961
858 884
858 959
862 876
869 896
870 945
876 958
878 889
880 937
881 986
891 965
895 939
896 912
897 900
919 958
923 938
926 999
929 968
933 996
935 950
941 995
943 988
971 973
977 998
982 994
