1000 4470
1 53
1 76
1 244
1 282
1 325
1 393
1 495
1 513
1 522
1 537
1 804
1 832
1 851
1 868
1 921
1 938
2 3
2 134
2 207
2 241
2 587
2 744
2 808
2 958
2 994
3 357
3 475
3 709
3 762
3 866
3 933
3 971
4 335
4 350
4 361
4 529
4 965
5 9
5 44
5 205
5 275
5 394
5 483
5 601
5 614
5 661
5 809
5 881
6 65
6 72
6 273
6 285
6 478
6 576
6 975
7 53
7 133
7 201
7 251
7 291
7 480
7 519
7 825
7 898
7 930
7 936
8 24
8 63
8 100
8 245
8 324
8 344
8 361
8 713
8 971
8 995
9 13
9 56
9 278
9 404
9 408
9 610
9 705
9 719
9 917
9 922
9 989
10 25
10 329
10 621
10 782
10 790
10 946
10 948
10 976
11 325
11 348
11 916
11 945
12 211
12 250
12 421
12 461
12 643
12 785
12 914
13 146
13 421
13 564
13 575
13 597
13 736
13 904
14 25
14 91
14 109
14 150
14 170
14 171
14 176
14 398
14 501
14 678
14 682
14 872
15 86
15 265
15 324
15 326
15 356
15 414
15 466
15 668
15 806
15 863
15 911
15 956
16 168
16 338
16 478
16 580
16 657
16 883
16 896
17 99
17 130
17 222
17 431
17 463
17 624
17 674
17 704
17 723
17 825
18 131
18 157
18 305
18 309
18 349
18 398
18 539
18 552
18 566
18 860
18 870
18 954
18 994
19 35
19 146
19 184
19 211
19 287
19 401
19 417
19 619
19 628
19 655
19 680
19 709
19 775
19 873
20 291
20 316
20 324
20 557
20 749
20 800
21 161
21 212
21 237
21 260
21 356
21 697
21 725
21 934
21 981
22 27
22 74
22 329
22 452
22 490
22 696
22 733
22 791
22 994
23 29
23 121
23 293
23 321
23 437
23 453
23 598
23 631
23 766
23 809
23 866
23 918
24 34
24 51
24 66
24 90
24 186
24 287
24 461
24 701
24 723
24 783
24 889
25 45
25 134
25 438
25 526
25 544
25 764
25 891
25 933
25 991
26 85
26 219
26 317
26 752
26 772
26 963
26 995
27 66
27 99
27 191
27 226
27 436
27 541
27 563
27 648
27 747
28 175
28 312
28 320
28 634
28 916
28 975
29 154
29 207
29 318
29 388
29 550
29 654
29 810
29 970
30 59
30 207
30 322
30 395
30 489
30 534
30 537
30 590
30 735
30 787
30 932
31 394
31 425
31 524
31 639
31 793
32 53
32 106
32 143
32 195
32 293
32 344
32 636
33 156
33 189
33 200
33 456
33 560
33 584
33 629
33 858
33 896
33 960
33 987
34 405
34 476
34 797
34 933
35 343
35 411
35 873
35 884
35 912
36 154
36 167
36 435
36 589
36 638
36 803
36 931
37 57
37 76
37 419
37 487
37 579
37 605
37 611
37 944
38 174
38 194
38 203
38 370
38 386
38 417
38 507
38 588
38 814
38 877
38 977
39 81
39 114
39 326
39 338
39 505
39 582
39 638
39 668
39 733
39 776
39 907
39 950
39 993
40 164
40 292
40 316
40 396
40 843
40 868
40 958
41 47
41 96
41 122
41 359
41 546
41 748
41 787
41 902
41 903
41 951
41 959
42 301
42 320
42 338
42 344
42 428
42 491
42 677
42 845
43 130
43 179
43 212
43 250
43 694
43 752
44 53
44 113
44 248
44 406
44 430
44 447
44 638
44 655
44 790
44 794
44 945
44 994
45 108
45 398
45 478
45 510
45 546
45 580
45 612
45 671
46 86
46 276
46 288
46 299
46 305
46 373
46 413
46 470
46 542
46 612
46 824
47 245
47 885
47 909
47 955
48 49
48 171
48 190
48 287
48 522
48 653
48 733
48 882
49 238
49 255
49 354
49 535
49 797
49 833
49 873
50 59
50 74
50 165
50 400
50 462
50 563
50 597
50 768
50 802
50 920
50 940
50 960
51 95
51 159
51 272
51 411
51 502
51 580
51 599
51 677
51 733
51 987
52 92
52 109
52 299
52 366
52 397
52 421
52 484
52 487
52 729
52 918
53 64
53 262
53 267
53 483
53 789
53 829
54 187
54 258
54 279
54 316
54 436
54 489
54 806
54 967
55 69
55 124
55 215
55 298
55 365
55 446
55 556
55 588
56 91
56 110
56 235
56 247
56 718
56 914
56 975
57 231
57 314
57 574
57 598
57 628
57 898
57 958
57 962
58 231
58 251
58 255
58 321
58 477
58 571
58 639
58 763
58 768
59 155
59 255
59 274
59 485
59 505
59 544
59 642
59 680
59 728
59 742
59 979
60 144
60 215
60 423
60 434
60 598
60 629
61 182
61 199
61 260
61 292
61 295
61 408
61 465
61 466
61 586
61 700
61 791
61 864
61 912
62 106
62 119
62 257
62 273
62 399
62 473
62 512
62 871
62 882
62 914
63 201
63 221
63 384
63 493
63 537
63 577
63 675
63 739
63 765
63 795
64 103
64 108
64 200
64 266
64 313
64 678
64 818
65 210
65 295
65 371
65 580
66 74
66 116
66 145
66 411
66 474
66 508
66 653
66 814
66 844
67 223
67 237
67 384
67 618
68 111
68 127
68 308
68 380
68 401
68 449
68 451
68 482
68 483
68 635
68 678
68 761
69 179
69 185
69 189
69 210
69 241
69 348
69 392
69 454
69 475
69 721
69 783
69 914
70 131
70 329
70 359
70 428
70 464
70 533
70 582
70 785
70 834
70 883
71 79
71 115
71 141
71 147
71 385
71 752
71 842
72 73
72 99
72 110
72 819
73 140
73 213
73 236
73 573
73 603
73 610
73 640
73 678
73 690
73 913
73 973
74 357
74 687
74 757
74 773
74 782
74 880
75 143
75 237
75 263
75 307
75 339
75 342
75 544
75 615
75 659
76 172
76 806
76 883
76 910
76 952
76 954
76 965
77 136
77 477
77 540
77 543
77 799
78 415
78 437
78 446
78 452
78 773
78 816
78 991
79 160
79 222
79 285
79 326
79 514
79 591
79 592
79 681
79 736
79 760
79 786
79 838
79 919
79 997
80 325
80 394
80 484
80 547
80 558
80 972
81 216
81 271
81 305
81 325
81 580
81 612
81 627
81 763
81 913
81 974
81 982
82 162
82 208
82 236
82 260
82 287
82 798
82 823
83 123
83 501
83 507
83 976
84 385
84 426
84 489
84 547
84 581
84 616
84 634
84 738
84 750
84 817
84 882
84 883
84 905
84 933
84 951
85 88
85 269
85 287
85 310
85 323
85 379
85 435
85 439
85 493
85 517
85 571
85 667
85 672
85 748
85 762
85 867
86 410
86 647
86 674
86 698
86 699
86 723
86 855
87 90
87 163
87 194
87 374
87 542
87 711
88 211
88 411
88 548
88 605
88 701
88 941
88 962
88 977
89 156
89 241
89 746
89 793
89 956
90 308
90 348
90 670
90 733
90 818
91 128
91 156
91 214
91 262
91 489
91 542
91 809
91 828
91 841
91 939
92 250
92 275
92 325
92 352
92 591
92 622
92 685
92 748
92 762
92 836
92 846
93 330
93 382
93 489
93 491
93 547
93 586
93 781
94 523
94 538
94 691
94 714
94 955
95 219
95 346
95 354
95 507
95 553
95 559
95 653
95 801
95 804
95 888
96 439
96 722
96 741
96 852
96 993
97 232
97 255
97 500
97 530
97 533
97 790
97 838
97 860
98 141
98 345
98 481
98 636
98 755
99 455
99 661
99 704
99 724
99 819
99 993
100 213
100 254
100 261
100 488
100 516
100 594
100 873
100 912
100 917
100 937
101 145
101 146
101 313
101 372
101 424
101 496
101 678
102 331
102 388
102 452
102 470
102 635
102 728
102 758
102 811
102 937
103 305
103 314
103 445
103 490
103 590
103 697
103 700
104 284
104 336
104 523
104 689
104 908
104 985
105 305
105 487
105 602
105 694
105 934
106 231
106 326
106 399
106 524
106 647
106 650
106 668
107 179
107 463
107 692
107 725
107 914
107 994
108 116
108 197
108 211
108 297
108 514
108 559
108 778
108 874
108 913
108 921
108 943
108 1000
109 118
109 131
109 258
109 296
109 383
109 466
109 532
109 544
109 835
109 884
110 144
110 155
110 157
110 213
110 271
110 300
110 394
110 460
110 468
110 531
110 592
110 787
111 113
111 248
111 261
111 282
111 584
111 634
111 717
111 753
111 823
111 866
112 196
112 319
112 422
112 536
112 542
112 570
112 599
112 852
112 891
113 145
113 196
113 534
113 787
114 199
114 246
114 271
114 614
114 669
114 681
114 721
114 826
114 899
115 200
115 208
115 299
115 490
115 735
115 742
115 882
115 920
116 117
116 197
116 508
116 552
116 711
116 727
116 807
117 437
117 612
117 638
117 804
117 806
117 915
118 402
118 507
118 508
118 626
118 692
118 734
118 791
118 833
119 167
119 190
119 344
119 458
119 564
119 669
119 706
119 848
119 873
119 891
119 961
120 248
120 289
120 395
120 402
120 720
120 792
120 867
121 122
121 142
121 184
121 211
121 246
121 550
121 583
121 628
121 653
121 735
121 747
121 748
121 752
121 816
122 142
122 501
122 962
123 253
123 301
123 319
123 392
123 394
123 426
123 646
123 873
123 973
124 171
124 477
124 559
124 749
124 808
124 810
125 248
125 275
125 303
125 355
125 413
125 582
125 783
125 806
125 948
126 266
126 318
126 361
126 496
126 649
126 703
126 780
126 938
127 190
127 562
127 585
127 688
127 689
127 742
127 788
127 805
127 886
128 132
128 236
128 481
128 531
128 585
128 702
128 751
128 937
129 485
129 529
129 947
129 992
130 135
130 174
130 178
130 243
130 341
130 371
130 392
130 578
130 672
130 673
131 142
131 168
131 580
131 640
131 823
131 903
131 915
131 960
131 992
132 137
132 148
132 353
132 370
132 432
132 459
132 493
132 499
132 598
132 835
132 928
132 965
132 975
133 330
133 422
133 504
133 807
133 973
134 176
134 379
134 514
134 627
134 651
135 258
135 509
135 655
135 664
135 842
135 877
135 938
135 968
136 506
136 544
136 697
136 826
136 921
136 926
137 195
137 313
137 384
137 453
137 550
137 717
137 730
137 869
137 879
137 909
138 227
138 334
138 496
138 545
138 576
138 743
138 751
139 262
139 449
139 582
139 588
139 697
139 865
139 943
139 991
140 187
140 332
140 356
140 523
140 573
140 821
140 848
141 295
141 490
141 504
141 505
141 544
141 612
141 647
141 862
141 960
142 164
142 326
142 359
142 391
142 560
142 739
142 751
142 773
142 850
142 889
142 901
142 938
143 315
143 455
143 994
144 478
144 507
144 537
144 752
144 841
145 192
145 564
145 643
145 732
145 756
145 792
145 883
146 262
146 280
146 350
146 470
146 477
146 582
146 640
146 946
147 174
147 401
147 506
147 571
147 824
147 878
147 893
147 922
147 936
148 163
148 173
148 462
148 511
148 519
148 530
148 573
148 684
148 818
148 842
148 900
148 955
149 154
149 199
149 206
149 646
149 663
149 720
149 865
149 999
150 224
150 353
150 436
150 468
150 496
150 522
150 603
150 616
150 719
150 765
150 941
151 202
151 426
151 467
151 485
151 511
151 515
151 665
151 794
151 860
152 210
152 519
152 596
152 617
152 627
152 645
152 656
152 698
152 755
152 852
152 953
152 982
153 286
153 391
153 429
153 468
153 512
153 589
153 686
153 867
153 890
154 311
154 358
154 463
154 586
154 608
154 656
154 687
154 782
154 859
154 917
155 234
155 423
155 523
155 612
155 620
155 650
155 819
155 854
156 340
156 357
156 365
156 412
156 682
156 858
156 881
157 239
157 345
157 470
157 603
157 847
157 983
158 227
158 304
158 328
158 478
158 561
158 771
158 844
158 863
158 888
159 337
159 418
159 584
159 603
159 824
160 233
160 298
160 552
160 641
160 765
160 913
161 288
161 363
161 591
161 843
162 309
162 567
163 330
163 438
163 446
163 500
163 648
163 764
163 793
164 594
164 686
164 722
164 730
164 753
164 862
164 940
165 296
165 351
165 523
165 601
165 679
165 731
165 784
165 873
165 875
165 943
166 310
166 465
166 501
166 776
166 807
166 829
167 199
167 213
167 214
167 339
167 363
167 450
167 504
167 792
167 794
167 900
167 935
168 388
168 412
168 703
168 833
168 904
168 963
169 459
169 504
169 533
169 981
170 219
170 402
170 453
170 756
170 872
170 902
171 233
171 240
171 295
171 390
171 428
171 465
171 495
171 643
171 790
171 823
171 889
171 908
171 976
171 983
171 988
172 184
172 421
172 548
172 675
172 775
172 922
173 232
173 363
173 767
174 176
174 611
174 630
174 666
174 864
174 922
175 292
175 344
175 346
175 469
175 499
175 836
175 922
176 263
176 348
176 551
176 663
176 730
176 762
177 301
177 440
177 516
177 573
177 577
177 732
177 759
177 788
177 835
178 341
178 549
178 600
178 615
178 714
178 851
178 935
178 990
179 199
179 273
179 285
179 378
179 483
179 494
179 568
179 663
179 858
179 879
179 933
179 968
180 202
180 240
180 271
180 393
180 420
180 466
180 835
180 882
181 443
181 445
181 446
181 448
181 472
181 761
181 968
182 338
182 369
182 431
182 511
182 518
182 552
182 775
182 912
182 970
183 298
183 306
183 310
183 383
183 405
183 555
184 257
184 675
185 241
185 247
185 257
185 272
185 400
185 599
185 670
185 732
185 771
185 795
185 904
185 954
185 988
185 996
186 210
186 371
186 479
186 612
186 741
186 994
187 229
187 285
187 296
187 591
187 657
187 658
187 660
187 915
187 958
188 317
188 447
188 540
188 543
188 723
188 739
188 868
188 945
189 443
189 545
189 582
189 643
189 655
189 885
189 895
189 975
190 296
190 319
190 426
190 626
190 887
190 951
190 958
191 558
191 683
191 713
191 836
191 837
191 840
191 857
191 877
192 306
192 309
192 371
192 397
192 404
192 420
192 436
192 708
193 234
193 245
193 270
193 353
193 441
193 602
193 606
193 648
193 840
193 906
194 341
194 571
194 682
194 740
195 232
195 499
195 530
195 536
195 707
195 746
195 821
196 422
196 649
196 650
196 685
196 729
196 750
197 305
197 337
197 488
197 533
197 645
197 827
197 941
198 209
198 259
198 269
198 494
198 508
198 548
198 795
198 839
198 879
199 673
199 728
199 754
199 815
199 950
200 204
200 533
200 552
200 710
200 752
200 920
200 966
200 979
201 222
201 233
201 545
201 584
201 684
201 842
201 855
201 928
201 989
202 246
202 274
202 280
202 307
202 488
202 489
202 839
202 872
202 926
203 306
203 367
203 514
203 565
203 602
203 618
203 700
203 755
203 838
203 872
203 984
204 276
204 460
204 675
204 715
204 971
204 989
205 331
205 512
205 583
205 912
205 916
206 257
206 290
206 701
206 717
206 801
207 217
207 258
207 326
207 354
207 567
207 895
208 256
208 279
208 346
208 380
208 410
208 459
208 502
208 536
208 719
208 763
208 765
208 937
208 953
209 383
209 384
209 454
209 463
209 467
209 714
209 958
210 229
210 256
210 322
210 447
210 466
210 509
210 721
210 787
210 815
210 889
210 906
211 513
211 538
211 832
211 833
211 847
211 982
212 238
212 242
212 325
212 656
212 838
212 899
212 924
212 944
213 270
213 671
213 700
213 808
213 879
213 924
213 938
214 342
214 410
214 455
214 480
214 880
214 924
215 232
215 287
215 445
215 736
215 768
215 783
215 923
215 936
216 248
216 298
216 351
216 359
216 428
216 435
216 518
216 861
216 927
216 978
217 352
217 531
217 636
217 843
217 988
218 220
218 321
218 355
218 434
218 455
218 553
218 556
218 720
218 797
218 837
218 904
219 263
219 624
219 662
219 699
219 736
219 867
219 907
219 934
219 945
220 315
220 375
220 489
220 512
220 525
220 854
220 948
220 959
221 254
221 472
221 648
221 744
221 921
222 418
222 423
222 457
222 774
222 780
222 788
222 791
222 823
223 328
223 337
223 454
223 537
223 654
223 854
223 973
224 396
224 546
224 639
224 666
224 788
224 882
224 909
225 462
225 536
225 862
226 317
226 347
226 356
226 627
226 658
226 762
226 855
226 968
227 268
227 281
227 549
227 627
227 637
227 828
227 914
227 942
228 246
228 327
228 334
228 396
228 657
228 674
228 892
228 916
228 976
229 282
229 524
229 789
229 855
229 910
230 444
230 471
230 620
231 309
231 340
231 354
231 469
231 573
231 575
231 807
231 829
231 895
232 241
232 399
232 577
232 634
232 649
232 655
232 801
232 848
232 910
233 351
233 577
233 679
233 718
233 763
233 792
233 794
233 811
234 278
234 510
234 741
234 929
235 684
235 688
235 756
236 259
236 308
236 331
236 334
236 408
236 481
236 650
236 799
236 822
236 866
236 999
237 427
237 467
237 499
237 888
237 956
238 902
239 328
239 425
239 533
239 548
239 697
239 910
239 952
240 305
240 389
240 618
240 749
240 772
240 876
240 965
240 978
241 291
241 361
241 365
241 462
241 906
241 992
242 338
242 586
242 721
242 863
242 951
242 992
243 485
243 642
244 340
244 436
244 644
244 666
244 725
244 854
244 904
244 952
245 497
245 725
245 961
246 386
246 398
246 664
246 755
246 774
246 888
246 929
247 267
247 510
247 688
247 786
247 993
248 369
248 451
248 501
248 534
248 573
248 919
248 955
249 367
249 692
249 775
250 412
250 505
250 591
250 764
250 822
250 857
250 956
250 958
250 985
251 376
251 440
251 573
251 852
251 924
251 929
251 998
252 346
252 362
252 419
252 491
252 573
252 698
252 824
252 959
253 256
253 358
253 395
253 444
253 660
254 296
254 567
254 869
255 321
255 451
255 770
255 858
255 944
256 258
256 314
256 334
256 416
256 492
256 582
256 610
256 624
256 919
257 264
257 314
257 328
257 386
257 468
257 834
257 861
258 280
258 284
258 373
258 396
258 397
258 460
258 488
258 581
258 832
258 964
258 976
259 371
259 447
259 629
259 776
259 995
260 371
260 393
260 417
260 570
260 623
260 899
261 395
261 436
261 453
261 726
261 768
261 948
262 405
262 421
262 565
262 592
262 597
262 788
262 873
262 913
262 975
263 307
263 320
263 528
263 565
263 571
263 637
263 689
263 691
263 725
263 846
264 359
264 370
264 411
264 560
264 871
264 930
265 660
265 875
265 963
265 966
266 314
266 482
266 713
267 347
267 472
267 570
267 648
267 744
267 832
267 940
268 277
268 482
268 496
268 526
268 596
268 610
268 698
268 749
268 766
268 768
268 888
269 461
269 512
269 558
269 779
269 821
269 857
269 877
270 306
270 437
270 536
270 698
270 931
270 962
270 965
271 294
271 350
271 626
271 722
271 758
271 867
271 980
271 995
272 325
272 396
272 442
272 471
272 566
272 575
272 706
272 750
272 793
272 822
272 872
272 958
273 341
273 381
273 395
273 706
273 718
273 809
274 418
274 507
274 578
274 834
274 835
274 971
275 559
275 585
275 602
275 634
275 695
276 388
276 397
276 508
276 615
276 700
276 813
276 911
276 950
277 381
277 518
277 569
277 738
277 893
278 487
278 595
278 662
278 909
279 338
279 384
279 412
279 701
279 806
279 808
279 913
279 935
280 488
280 499
280 590
280 616
280 674
280 679
280 831
280 846
281 324
281 388
281 474
281 525
281 639
281 698
281 800
281 909
281 941
282 636
282 725
282 734
282 751
282 896
283 502
283 621
283 793
283 898
283 994
284 345
284 498
284 539
284 771
284 884
284 968
284 973
285 309
285 364
285 588
285 816
285 848
285 878
285 953
286 374
286 619
286 632
286 719
286 860
287 404
287 549
287 788
287 811
287 914
287 950
288 467
288 556
288 604
288 691
288 871
288 936
288 996
289 348
289 432
289 559
289 782
289 797
289 851
289 917
289 960
289 994
290 384
290 476
290 549
290 586
290 812
290 885
290 905
290 951
291 330
291 371
291 381
291 909
292 614
292 689
292 771
292 788
292 824
292 884
292 901
293 372
293 711
293 731
293 883
294 315
294 399
294 496
294 529
294 704
294 810
295 350
295 381
295 401
295 716
295 797
295 799
296 301
296 378
296 689
296 730
296 747
296 913
297 304
297 435
297 624
297 759
297 781
297 815
297 941
298 299
298 323
298 455
298 776
298 916
299 303
299 345
299 359
299 535
299 615
299 632
299 665
299 669
300 956
300 992
301 698
301 752
301 921
302 305
302 480
302 547
302 572
302 697
302 901
303 325
303 338
303 467
303 491
303 551
303 585
303 636
303 775
303 828
303 896
303 908
303 994
304 506
305 335
305 674
305 720
305 809
305 873
306 341
306 411
306 532
306 637
306 664
306 673
306 680
306 709
306 719
306 975
307 345
307 533
307 655
307 743
307 803
307 884
307 917
307 962
307 972
308 568
308 601
308 647
308 910
308 912
309 361
309 416
309 419
309 641
309 866
310 344
310 399
310 601
310 647
310 658
310 783
310 848
311 335
311 378
311 593
311 615
311 771
311 944
312 423
312 861
313 740
313 747
313 805
314 320
314 352
314 359
314 544
314 814
315 346
315 455
315 517
315 760
315 931
315 964
315 967
316 370
316 516
316 597
316 619
316 704
316 781
316 903
316 952
317 431
317 674
317 728
317 768
317 784
317 791
317 865
317 888
317 891
317 903
317 945
318 337
318 363
318 507
318 532
318 585
318 716
318 800
319 375
319 568
319 608
319 738
319 955
320 476
320 637
321 536
321 556
321 596
321 891
321 900
321 927
321 946
322 355
322 446
322 514
322 584
322 781
322 820
322 862
322 880
322 917
323 465
323 491
323 501
323 513
323 520
323 880
323 983
324 525
324 573
324 628
324 976
324 1000
325 337
325 392
325 531
325 704
325 718
325 872
325 919
325 953
326 403
326 488
326 512
326 534
326 853
327 516
327 522
327 602
327 731
327 904
327 974
328 374
328 652
328 670
328 988
329 736
329 820
329 912
329 940
329 945
329 1000
330 337
330 477
330 548
330 624
330 669
330 688
330 845
331 405
331 522
331 526
331 679
331 871
331 938
331 975
331 992
332 360
332 413
332 545
332 577
332 709
332 710
332 938
333 372
333 537
333 858
333 903
334 407
334 435
334 458
334 677
334 811
334 896
335 486
335 754
335 781
335 854
335 917
336 398
336 549
336 601
337 525
337 589
337 596
337 601
337 665
338 408
338 551
338 645
338 882
338 893
338 928
339 621
339 644
339 708
340 363
340 478
340 498
340 714
340 956
341 454
341 794
341 882
341 910
342 411
342 513
342 563
342 978
343 389
343 596
343 624
343 639
343 767
343 858
343 930
343 972
344 361
344 524
344 633
344 641
344 722
344 987
345 391
345 434
345 544
345 609
345 626
345 640
345 767
346 424
346 465
346 602
346 758
346 844
346 918
347 390
347 505
347 608
347 690
347 833
348 388
348 743
348 954
348 993
349 367
349 426
349 780
349 816
350 432
350 502
350 562
350 895
350 906
351 422
351 467
351 572
351 650
351 658
351 679
352 543
352 735
352 863
352 918
352 950
353 858
353 913
354 357
354 546
354 640
354 648
354 774
354 924
355 479
356 387
356 400
356 404
356 595
356 628
356 723
356 895
357 432
357 659
357 763
358 390
358 833
358 874
358 883
358 944
359 437
359 485
359 595
359 652
359 756
359 784
359 861
359 960
360 592
360 758
360 991
361 366
361 489
361 581
361 598
361 667
361 859
361 864
362 376
362 468
362 493
362 502
362 590
362 602
362 888
362 937
362 938
363 409
363 438
363 598
363 727
363 825
364 398
364 460
364 490
364 551
364 633
364 688
364 740
364 833
364 969
365 475
365 584
365 616
365 656
365 720
365 817
365 852
365 894
366 471
366 500
366 525
366 553
366 686
366 901
366 958
367 467
367 707
367 993
368 596
368 806
368 884
368 938
368 962
368 968
369 472
369 478
369 626
369 854
369 865
369 1000
370 377
370 421
370 605
371 680
371 691
371 758
371 760
371 787
371 972
371 977
372 595
372 783
372 822
372 967
373 388
373 422
373 524
373 526
373 601
373 603
373 698
373 778
373 849
373 875
373 913
374 384
374 431
374 644
374 888
375 586
375 972
375 984
376 423
376 898
376 910
376 960
377 392
377 477
377 487
377 708
377 992
378 385
378 456
378 469
378 513
378 659
378 676
378 782
378 897
378 950
379 482
379 609
379 645
379 695
379 739
379 751
379 780
379 910
380 477
380 495
380 551
380 630
380 724
380 726
380 762
380 842
381 449
381 509
381 579
381 638
381 717
381 741
381 758
381 827
381 909
381 974
381 992
382 438
382 580
383 620
383 764
383 864
383 943
384 670
384 710
384 842
384 974
385 422
385 445
385 666
385 692
385 695
385 800
385 831
385 962
385 994
386 513
386 556
386 558
387 583
387 590
387 987
388 588
388 739
388 959
388 993
389 666
389 926
389 954
390 442
390 445
390 507
390 851
391 449
391 714
391 813
391 828
391 928
392 542
392 781
392 850
392 856
392 897
392 996
393 488
393 678
393 757
393 798
393 904
393 906
393 992
394 415
394 455
394 677
394 729
394 896
395 561
395 625
395 926
395 981
395 984
396 419
396 733
396 759
396 821
397 438
397 501
397 570
397 754
397 780
397 792
398 414
398 423
398 606
398 640
399 407
399 444
399 537
399 588
399 730
399 967
400 631
400 666
400 760
400 827
400 994
401 777
401 815
401 927
402 426
402 515
402 709
402 872
402 908
402 981
402 995
403 430
403 501
403 557
403 704
403 761
403 820
403 861
403 949
404 488
404 528
404 586
404 604
404 678
404 697
404 741
404 743
404 828
404 930
404 943
404 972
405 638
405 702
405 977
406 465
406 586
406 636
406 650
406 698
406 745
406 809
406 894
406 947
407 568
407 737
407 740
408 419
408 575
408 808
409 496
409 558
409 561
409 703
409 863
409 872
409 873
409 942
410 489
410 589
410 785
410 954
410 958
411 596
411 913
412 510
412 526
412 542
412 879
412 961
413 434
413 581
413 859
413 945
414 770
414 957
415 424
415 455
415 493
415 550
415 738
415 765
415 875
415 1000
416 562
416 727
416 765
417 423
417 658
417 829
417 845
417 908
418 645
418 697
418 771
418 858
419 486
419 590
419 604
419 606
419 780
419 892
420 569
420 729
421 663
421 720
421 960
422 456
422 488
422 668
422 832
422 867
422 951
423 533
423 625
423 670
423 772
423 818
423 908
423 959
423 985
424 488
424 582
424 625
424 626
424 634
424 700
424 839
425 668
425 687
425 839
425 861
425 895
426 612
426 824
426 990
427 461
427 543
427 552
427 582
427 978
427 998
428 587
428 615
428 638
428 903
428 939
429 503
429 612
430 450
430 617
430 721
430 816
430 824
430 926
430 959
430 995
431 470
431 600
431 648
431 775
431 813
432 597
432 666
432 866
432 912
432 967
433 487
433 697
433 704
433 770
433 806
433 849
433 874
434 438
434 472
434 532
434 621
434 645
434 680
434 717
434 790
434 950
435 546
435 593
435 729
436 640
436 711
436 924
436 938
436 954
437 610
437 638
437 754
437 949
438 528
438 587
438 595
438 720
438 779
438 803
438 877
438 939
439 503
439 568
439 658
440 538
440 747
440 860
440 904
440 948
441 466
441 525
441 537
441 552
441 717
442 496
442 689
442 722
442 821
443 497
443 660
443 816
443 912
443 927
444 512
444 608
444 774
444 997
445 679
445 817
445 846
445 972
446 532
446 640
446 710
446 784
446 807
447 519
448 469
448 475
448 728
448 937
448 950
449 493
449 698
449 794
450 475
450 512
450 743
450 762
450 881
450 904
451 632
451 676
451 682
451 706
451 710
451 778
452 585
452 624
452 634
452 641
452 734
452 805
452 921
452 967
453 548
453 664
453 722
453 926
454 518
454 687
454 826
454 883
454 920
454 976
454 991
455 475
455 511
455 514
455 777
455 788
455 845
455 859
455 863
455 972
456 603
456 607
456 784
456 916
456 990
457 524
457 570
457 744
457 768
457 890
457 914
457 921
457 928
458 498
458 701
458 945
458 947
458 954
458 975
459 549
459 676
459 780
459 781
459 893
459 961
460 482
460 812
460 929
461 517
461 549
461 618
461 669
461 843
461 976
462 570
462 628
462 903
463 534
463 639
463 779
463 795
463 943
464 466
464 569
464 650
464 700
464 795
464 894
464 905
464 909
464 976
464 995
465 597
465 637
465 770
466 495
466 504
466 546
466 564
466 664
466 868
466 869
467 527
467 751
467 814
467 867
468 788
468 803
468 983
469 495
469 506
469 508
469 830
469 885
469 980
470 620
470 872
471 505
471 663
471 711
472 478
472 582
472 606
472 867
472 910
472 965
472 994
473 500
473 681
473 684
474 629
474 715
474 797
475 502
475 699
475 776
475 824
476 512
476 634
476 698
476 939
477 491
477 606
477 626
477 851
478 614
478 646
478 703
479 551
479 561
479 582
479 782
479 973
480 614
480 794
480 925
480 930
480 962
481 825
481 858
481 907
481 949
481 966
482 555
483 489
483 687
483 772
483 798
484 598
484 789
484 813
484 867
484 962
484 990
485 492
485 518
485 694
485 711
485 812
485 817
485 860
485 908
485 929
485 961
486 627
486 643
486 914
486 975
487 691
487 750
487 781
487 871
487 958
488 866
488 871
488 913
488 960
489 622
489 698
489 824
489 923
490 528
490 588
490 666
490 806
491 642
491 669
491 724
491 790
491 992
492 494
492 642
492 658
493 614
493 648
493 887
493 979
493 983
494 673
494 687
494 736
494 842
494 851
495 498
495 581
495 626
495 634
495 883
496 549
496 637
496 677
496 799
498 543
498 581
498 646
498 680
498 689
498 700
499 717
499 758
499 839
500 579
500 671
500 815
500 859
500 928
501 606
501 656
501 666
501 683
501 880
502 650
502 837
502 894
503 562
503 739
503 973
504 519
504 537
504 755
505 506
505 653
505 693
505 711
505 808
505 891
505 946
505 956
506 579
506 832
506 841
507 773
507 953
507 975
507 977
508 571
508 708
508 743
508 831
510 753
510 812
510 876
511 595
511 603
511 616
512 580
512 772
512 822
512 988
513 681
514 778
514 848
514 914
514 982
515 573
515 787
515 853
515 983
515 992
516 582
516 863
518 600
518 676
518 730
518 801
518 958
519 617
519 710
519 747
519 895
519 906
519 920
519 949
520 619
520 893
521 547
521 753
521 792
521 920
521 978
522 566
522 643
522 782
522 894
522 979
522 989
523 565
523 596
523 726
524 665
524 700
524 731
524 758
524 782
524 788
524 969
525 539
525 692
525 717
525 719
525 748
525 851
526 623
526 779
526 898
526 924
526 944
526 959
527 547
527 656
527 767
527 877
527 918
527 925
528 628
528 730
528 769
528 998
529 906
529 992
530 584
530 591
530 719
530 860
530 912
530 944
531 655
531 977
532 538
532 720
532 908
533 579
533 680
534 545
534 595
534 601
534 706
534 922
535 539
535 675
535 692
535 694
535 737
535 806
535 867
535 899
535 948
535 954
536 589
536 817
536 886
536 969
537 645
537 713
537 760
537 823
538 671
538 672
538 715
538 749
538 911
539 804
539 883
539 917
539 981
540 616
540 646
540 668
540 676
540 678
540 743
540 969
541 575
541 588
541 593
541 684
541 799
541 830
541 871
541 929
541 971
542 576
542 811
542 926
543 626
543 758
544 559
544 572
544 662
544 692
544 724
545 750
545 811
545 891
545 894
546 640
546 743
546 858
546 866
546 952
547 822
547 842
547 844
547 907
548 565
548 615
548 908
549 670
549 761
549 801
549 899
550 576
550 631
550 740
550 768
550 880
550 923
550 928
551 597
551 696
552 554
552 655
552 734
552 856
552 918
553 734
553 989
554 639
554 699
554 704
555 612
555 622
555 776
555 925
555 942
556 580
557 613
557 640
558 590
558 822
558 845
558 851
558 868
559 698
559 716
559 729
559 894
559 955
559 957
559 999
560 597
560 748
560 795
560 882
560 925
560 944
561 596
561 739
561 790
561 916
562 760
562 973
563 570
563 662
563 722
564 625
564 697
564 912
565 742
565 820
565 824
565 837
566 631
566 692
567 633
567 897
567 916
568 687
568 775
568 902
568 989
569 597
569 668
569 902
570 694
570 917
570 946
570 982
571 613
571 621
571 644
571 948
571 999
572 598
572 717
572 839
572 874
573 589
573 737
574 630
574 776
574 841
574 850
574 924
574 971
575 776
575 895
575 929
575 938
576 594
576 631
576 645
576 659
577 582
577 623
577 684
579 618
580 625
580 817
580 869
580 895
580 943
580 991
581 644
581 741
581 839
581 909
581 976
582 605
582 637
582 697
582 748
582 850
582 945
582 954
583 766
583 829
583 904
583 911
584 723
584 831
584 900
584 976
584 981
585 979
586 600
586 823
586 972
587 589
587 715
587 832
589 635
589 794
589 851
589 982
590 614
590 762
590 839
590 863
590 937
590 990
591 592
591 600
591 669
591 951
591 972
592 623
592 728
592 875
592 877
593 663
593 732
593 806
593 827
593 934
593 997
594 655
594 695
594 720
594 741
594 843
594 984
595 661
595 816
595 826
595 837
595 842
596 598
596 619
597 874
597 907
598 628
598 900
599 646
599 716
599 781
599 814
599 816
599 842
599 889
600 812
601 708
601 745
601 973
602 718
602 723
602 752
602 761
602 779
602 829
603 604
603 733
603 765
603 816
603 896
603 966
604 773
604 807
604 908
605 616
605 755
605 821
605 978
606 748
606 784
606 964
607 665
607 679
607 768
607 892
607 913
607 959
608 618
608 619
608 891
608 929
609 654
609 687
609 719
609 830
609 832
610 661
610 701
610 749
610 827
610 912
610 935
611 675
611 709
612 787
612 793
612 813
613 694
613 813
613 844
613 953
614 818
614 931
615 697
615 794
615 805
615 876
616 935
617 729
617 791
618 641
618 946
619 901
619 902
620 718
620 724
620 849
620 922
621 631
621 644
621 695
621 859
621 923
621 967
622 639
622 728
622 735
622 781
623 679
624 743
624 802
624 964
625 680
625 706
625 734
625 740
625 743
625 784
625 926
626 911
626 915
627 643
627 668
627 736
627 988
628 651
628 704
628 874
628 937
628 955
629 733
629 831
629 987
630 695
630 925
632 707
632 727
632 824
632 868
632 943
633 822
633 828
634 666
634 735
634 984
634 995
635 678
635 886
636 776
636 791
636 811
636 861
637 719
637 751
638 642
638 781
638 787
638 912
639 684
639 694
639 881
640 943
641 644
641 733
641 765
642 725
642 767
642 815
642 852
642 946
642 947
642 949
643 864
644 686
644 724
645 801
645 922
645 969
645 973
646 739
646 827
646 878
648 658
648 852
649 975
650 716
650 831
650 931
650 970
651 745
651 834
652 846
652 978
652 986
653 702
653 714
653 773
653 840
653 861
654 704
654 757
654 772
654 881
655 684
655 771
655 821
655 924
656 827
656 882
656 953
656 954
657 846
658 699
658 704
658 863
658 905
658 945
658 976
659 683
659 861
660 872
660 960
660 972
661 679
661 709
661 866
661 951
662 998
663 783
663 873
663 875
663 880
663 995
664 891
665 747
665 788
665 795
665 966
666 758
666 883
667 713
667 813
667 882
668 756
669 947
670 731
670 853
670 911
670 958
670 974
671 777
671 889
671 957
672 763
672 860
672 871
672 997
673 694
673 801
674 816
674 873
674 972
675 889
675 976
676 768
676 772
676 798
676 807
676 817
678 869
679 865
680 891
680 909
680 985
681 713
681 770
681 772
681 931
682 920
682 957
683 722
683 894
684 936
685 714
685 726
685 861
685 886
686 873
686 898
686 923
687 692
687 745
687 764
688 784
688 823
688 888
688 973
689 785
689 809
689 856
689 879
689 915
691 820
691 887
692 926
693 697
693 736
694 746
694 764
694 903
694 923
694 965
695 794
695 821
695 844
695 924
696 707
696 801
696 869
696 936
697 737
697 902
697 903
698 873
699 846
699 849
699 864
699 936
699 966
699 975
700 753
700 788
700 936
701 706
701 808
701 890
701 984
702 738
702 771
702 777
702 791
702 945
703 999
704 923
705 806
705 963
706 711
706 866
706 948
707 975
707 979
709 748
709 883
709 969
709 985
710 781
710 817
710 884
710 917
711 766
711 925
711 931
712 754
712 932
713 732
714 872
714 971
715 877
715 970
717 730
717 732
718 739
718 762
718 952
719 733
719 759
719 777
719 912
719 916
720 840
721 728
721 920
722 791
722 926
723 896
723 963
724 773
724 854
724 868
725 771
725 936
725 957
726 856
727 908
728 739
728 836
728 846
728 848
728 858
728 933
728 949
729 833
729 852
729 921
730 881
731 760
731 993
732 798
732 874
732 875
733 809
733 813
734 806
734 858
734 995
735 750
735 768
735 831
735 875
736 752
736 765
736 774
736 783
737 771
737 829
737 856
737 928
737 934
738 751
739 826
739 906
740 741
740 956
740 977
741 890
741 969
742 987
743 960
743 963
744 773
745 990
746 914
747 903
748 990
749 758
749 786
749 829
749 835
749 847
750 795
750 859
750 915
750 991
751 835
751 929
751 971
753 909
753 964
754 801
754 806
754 854
754 885
754 946
754 959
755 854
755 950
756 765
756 895
756 905
756 940
757 946
759 859
759 946
760 781
760 789
760 882
760 972
761 854
761 906
761 941
761 988
762 766
763 791
763 916
764 809
765 894
765 925
765 961
766 849
766 923
767 796
767 822
768 850
769 799
769 835
769 900
770 850
770 893
770 930
771 774
771 876
771 971
771 993
772 786
772 804
772 820
772 880
772 887
772 902
773 816
775 836
776 818
777 782
777 848
777 861
777 977
778 785
779 866
779 916
780 974
782 894
782 959
783 868
783 984
786 939
787 840
788 833
788 848
788 868
788 978
789 790
790 818
790 972
791 792
791 810
791 959
792 818
793 834
794 796
794 922
795 835
795 962
796 850
796 970
797 814
797 825
797 863
797 922
797 980
798 844
798 972
799 957
799 972
799 976
800 824
800 983
801 891
802 806
802 820
802 823
802 916
802 977
805 809
805 852
805 918
807 809
807 860
807 925
809 875
809 932
809 959
810 849
810 934
811 909
811 918
813 944
813 966
814 825
814 827
814 832
815 834
815 866
815 890
815 964
816 874
816 992
818 912
818 929
819 869
819 938
820 821
820 943
822 834
822 899
822 958
823 845
823 963
824 924
825 831
825 925
826 863
826 948
827 898
827 942
828 927
828 999
830 873
830 883
830 993
831 918
831 995
833 996
834 861
835 851
835 869
835 910
835 930
836 881
836 900
836 973
836 978
836 984
838 851
838 959
838 969
840 885
840 908
840 976
841 954
841 969
842 884
842 947
843 850
843 941
844 907
844 952
844 953
845 978
846 889
846 905
847 973
848 925
849 960
851 944
851 959
851 986
852 938
853 917
853 995
853 998
854 879
855 977
857 987
858 868
858 968
859 889
859 897
861 911
861 959
864 952
865 912
865 961
865 979
865 987
866 907
869 873
870 897
870 899
871 993
872 904
872 922
872 971
873 966
874 946
874 972
876 955
877 905
877 917
878 953
879 887
879 923
879 936
879 958
879 1000
880 911
880 959
881 992
881 999
884 981
885 928
885 960
887 920
887 986
888 917
888 977
890 930
893 935
893 949
894 958
895 960
898 918
899 932
900 939
901 918
901 930
901 986
902 937
904 945
904 947
907 971
908 976
909 959
909 986
910 913
911 924
912 963
912 972
912 975
913 968
913 982
914 970
914 992
916 957
917 970
917 989
918 942
919 944
919 986
922 932
923 965
923 977
923 985
924 996
929 989
932 962
933 945
937 1000
946 993
949 987
950 981
951 990
955 983
961 967
962 987
963 975
965 967
971 984
971 993
973 978
