2000 2000
377 895
377 1114
895 1039
355 1959
355 119
1959 700
1417 1491
1417 860
1491 525
811 1681
811 1246
1681 366
1159 1604
1159 914
1604 697
874 1966
874 885
1966 1146
810 1307
810 523
1307 1220
1625 1785
1625 354
1785 141
1321 1788
1321 513
1788 1100
235 1341
235 912
1341 358
172 647
172 996
647 1322
258 1882
258 1194
1882 1474
1382 1883
1382 1197
1883 893
935 1343
935 1953
1343 825
1871 1931
1871 460
1931 1580
401 1638
401 1017
1638 73
452 966
452 769
966 1071
806 1049
806 1908
1049 1709
1480 1780
1480 1989
1780 45
740 1778
740 952
1778 902
31 1281
31 1184
1281 1021
1477 1891
1477 68
1891 1837
85 1029
85 143
1029 1710
288 1388
288 588
1388 575
109 599
109 294
599 1860
101 744
101 1440
744 1440
690 1633
690 1991
1633 180
729 1624
729 1393
1624 1406
636 1024
636 1107
1024 799
1202 1435
1202 1735
1435 1332
915 1113
915 1115
1113 428
299 844
299 755
844 1913
77 1963
77 1947
1963 1706
982 1023
982 1244
1023 1216
433 1747
433 246
1747 1278
344 1526
344 765
1526 39
962 1310
962 78
1310 564
1016 1430
1016 1409
1430 1216
243 311
243 1942
311 1808
887 1279
887 137
1279 489
276 308
276 1724
308 1166
1374 1483
1374 1509
1483 1741
1718 1967
1718 910
1967 680
1160 1968
1160 672
1968 1019
716 759
716 1983
759 1486
1082 1905
1082 1149
1905 761
1692 1914
1692 1275
1914 1407
823 1910
823 1193
1910 987
38 1720
38 1948
1720 866
249 1229
249 1688
1229 1274
403 1961
403 900
1961 539
785 1654
785 1091
1654 1513
786 1619
786 691
1619 1650
968 1330
968 790
1330 1040
427 1766
427 1862
1766 999
655 1773
655 51
1773 1904
199 361
199 1273
361 1140
23 1825
23 1792
1825 316
544 1039
544 802
726 1833
726 1092
1833 1263
1497 1710
1497 1427
534 1254
534 605
1254 271
1171 1280
1171 800
1280 654
742 1777
742 959
1777 945
533 1145
533 1170
1145 1178
157 220
157 633
220 787
96 1293
96 898
1293 1231
218 1893
218 82
1893 1561
110 1722
110 165
1722 264
739 1744
739 1904
1744 721
585 1686
585 336
1686 1288
905 1776
905 1380
1776 362
578 1152
578 1922
1152 1456
86 1593
86 426
1593 1411
1582 1795
1582 701
1795 256
59 1267
59 946
1267 1148
284 711
284 1394
711 1983
84 357
84 830
357 158
763 1957
763 937
1957 796
693 1404
693 1643
1404 1864
611 1451
611 976
1451 678
985 1661
985 896
1661 1149
486 782
486 791
782 1141
265 697
265 21
1387 1412
1387 437
1412 1816
1353 1944
1353 1892
1944 1438
108 341
108 297
341 1565
402 559
402 1504
559 1376
286 1659
286 1488
1659 374
504 1738
504 1791
1738 540
1241 1888
1241 423
1888 1064
977 1958
977 1345
1958 1421
940 1631
940 1970
1631 991
1238 1733
1238 438
1733 909
539 660
225 453
225 676
453 25
148 907
148 170
907 1262
912 52
512 1449
512 632
1449 262
991 1075
1075 1647
829 976
829 1768
64 1030
64 132
1030 1059
1380 1065
1125 1420
1125 250
1420 234
393 1763
393 973
1763 692
488 719
488 1493
719 1261
228 1546
228 472
1546 969
1697 1731
1697 203
1731 11
574 871
574 1929
871 1508
399 1922
399 546
1091 1599
660 1734
1734 1981
263 457
263 58
457 150
569 649
569 1080
649 606
884 1707
884 352
1707 892
1427 890
1607 1693
1607 990
1693 1528
1508 1097
1119 1201
1119 296
1201 1223
1 722
1 1926
722 1326
481 801
481 1344
801 391
1792 1712
1065 1266
1266 1581
1864 757
230 1484
230 1800
1484 494
1264 1475
1264 174
1475 231
1012 1111
1012 262
1111 2
375 1313
375 1935
1313 1383
1926 1585
471 792
471 961
792 405
396 1781
396 1714
1781 1642
612 996
612 153
995 1817
995 1450
1817 444
503 1089
503 1515
1089 26
582 1419
582 1015
1419 731
794 1418
794 166
1418 1085
90 133
90 1211
133 46
1913 889
99 1005
99 552
1005 688
475 1930
475 295
1930 387
1040 1297
255 880
255 419
880 1782
253 1099
253 1828
1099 1587
1810 1885
1810 1623
1885 771
796 1176
674 1851
674 1076
1851 1271
795 1769
795 1314
1769 139
1193 1929
1235 1775
1235 1385
1775 1204
974 1591
974 1925
1591 89
621 1058
621 857
1058 1212
946 1211
310 528
310 114
528 1203
121 1940
121 668
1940 624
81 1867
81 449
1867 1391
331 1670
331 1423
1670 439
1580 348
186 1660
186 1121
1660 1403
889 1668
1668 1709
143 652
652 1800
1634 1642
1634 813
638 1677
638 1530
1677 822
346 602
346 797
602 207
847 1936
847 827
1936 597
196 1975
196 776
1975 1671
769 1683
1036 1314
1036 1106
116 1308
116 394
1308 1726
282 437
282 1756
499 1109
499 1213
1109 1033
755 684
381 1648
381 1901
1648 699
724 1084
724 1466
1084 1088
680 748
748 710
76 1393
76 2000
201 1802
201 1539
1802 134
369 712
369 229
712 1074
212 908
212 456
908 1129
681 978
681 1364
978 1652
671 1422
671 1184
1422 117
306 1037
306 93
1037 754
723 831
723 1325
831 527
254 1664
254 1990
1664 1801
535 1009
535 1022
1009 554
224 1147
224 564
1147 565
809 983
809 565
983 1881
3 1673
3 550
1673 1189
601 1628
601 797
1628 278
1325 1431
1085 1183
1183 144
1297 558
511 1182
511 466
1182 1214
302 1188
302 1269
1188 1879
9 706
9 651
706 1110
1364 194
667 1429
667 126
1429 179
88 441
88 1043
441 160
52 896
147 347
147 140
347 421
489 1011
41 365
41 1502
365 598
866 1531
1531 1135
1359 1921
1359 775
1921 1742
1406 118
944 1450
944 1020
37 480
37 449
480 1228
572 1807
572 1711
1807 888
370 540
370 268
1543 1858
1543 770
1858 555
1022 1979
102 1363
102 665
1363 468
30 886
30 875
886 1987
498 1894
498 1055
1894 111
307 340
307 168
340 1559
947 1869
947 1320
1869 640
436 1653
436 1338
1653 1814
930 1142
930 270
1142 179
1214 305
1101 1289
1101 1481
1289 1316
13 244
13 1438
244 1774
1459 1608
1459 336
1608 548
777 1165
777 1700
1165 1066
882 1596
882 1133
1596 187
1130 1432
1130 916
1432 259
1290 1570
1290 600
1570 588
173 1544
173 104
1544 1215
1456 1413
571 916
571 320
113 1270
113 1873
1270 774
1516 1998
1516 948
1998 1990
715 1375
715 702
1375 478
1547 1985
1547 505
1985 1566
754 1723
394 502
502 1721
1098 1112
1098 291
1112 239
1761 1950
1761 1924
1950 325
922 1789
922 1790
1789 1471
1072 1468
1072 67
1468 408
1732 1743
1732 856
1743 1458
771 733
1008 1569
1008 1848
1569 125
662 1978
662 398
1978 1271
1503 1691
1503 91
1691 1083
1236 1576
1236 629
1576 869
969 1757
1757 1103
1134 1299
1134 391
1299 1715
459 981
459 1206
981 614
1394 521
1830 1942
1830 1041
447 1946
447 561
1946 855
893 1925
1840 1955
1840 214
1955 524
445 673
445 238
673 1486
213 1635
213 473
1635 429
56 1651
56 1751
1651 1884
1533 1956
1533 435
1956 851
541 762
541 1618
762 1646
854 1896
854 1318
1896 592
592 83
1381 1907
1381 285
1907 1139
855 1977
1977 709
42 971
42 526
971 949
1178 687
849 1265
849 1617
1265 287
700 997
838 1255
838 5
1255 1586
1251 1424
1251 1527
1424 1534
239 1854
1060 1713
1060 1001
1713 1827
752 1368
752 1538
1368 153
170 1258
1782 380
1322 1340
1340 1317
93 1259
1259 378
1646 1495
456 1560
1233 1268
1233 828
1268 242
316 1128
598 757
296 1209
1209 1995
32 1428
32 1445
1428 1647
454 1386
454 1301
1386 314
162 720
162 1181
720 1384
670 1010
670 1225
1010 359
1407 1923
91 925
925 1541
556 1699
556 926
1699 1105
474 577
474 432
577 7
66 523
66 628
1351 1753
1351 1836
1753 476
1239 1283
1239 1300
1283 783
1356 1868
1356 997
1868 570
1080 55
12 897
12 903
897 1831
1156 1285
1156 414
1285 708
1116 1334
1116 65
1334 351
1454 1887
1454 1948
1887 291
1663 1997
1663 1446
1997 862
271 869
605 422
527 222
1621 1627
1621 462
1627 679
868 1798
868 1151
1798 696
8 1843
8 1360
1843 466
226 1248
226 1974
1248 1945
440 1357
440 834
1357 553
654 1062
1135 1324
1324 128
1224 1847
1224 1895
1847 409
35 1573
35 1517
1573 1332
1409 1992
65 1824
1824 127
707 1822
707 250
1822 1162
730 1805
730 741
1805 1602
1349 1554
1349 1685
1554 1074
1667 1900
1667 859
1900 1474
952 1079
138 1786
138 1320
1786 1908
272 703
272 941
703 122
613 1899
613 1179
1899 1048
237 596
237 1228
596 367
1256 1856
1256 167
1856 1889
1162 1849
1849 145
329 1911
329 1551
1911 219
313 1903
313 1287
1903 1712
1244 160
615 813
615 1315
25 290
859 1453
317 1384
317 455
550 1355
590 841
590 1390
841 425
961 1571
1571 1253
876 1118
876 1839
1118 275
953 1567
953 439
1567 1779
1448 1689
1448 581
1689 702
1703 1915
1703 390
1915 211
979 1704
979 312
1704 223
266 1539
266 1367
960 1053
960 747
1053 1411
645 812
645 650
812 517
397 1470
397 1556
1470 1928
837 1656
837 1848
1656 174
73 694
1253 125
644 1347
644 1574
1347 20
501 1298
501 208
1298 1143
45 789
789 685
1215 1939
268 538
538 1396
1433 1803
1433 209
1803 799
735 1730
735 781
1730 385
524 537
929 1366
929 187
1366 1976
5 959
686 1465
686 931
1465 1509
1225 1859
1859 1716
967 1069
967 1645
1069 1027
713 1598
713 650
1598 368
55 695
695 1917
663 1252
663 446
1252 733
1815 1989
1815 1502
888 1190
1190 543
1104 1605
1104 1954
1605 1578
1336 1991
1336 817
292 378
292 877
202 750
202 1003
750 1294
1317 273
283 558
283 1344
469 685
469 1303
297 1389
923 1678
923 219
1678 815
1487 1756
1487 1323
608 619
608 1725
619 1665
158 419
1517 1877
1306 1680
1306 803
1680 309
29 390
29 672
416 570
416 420
74 1444
74 1219
1444 1115
689 1897
689 421
1897 1117
343 1260
343 1826
1260 1370
240 1247
240 356
1247 1154
553 1478
1478 1245
780 1606
780 1230
1606 1898
1551 1632
1632 591
1695 1762
1695 1736
1762 955
24 167
24 1207
1464 1600
1464 989
1600 1620
678 1070
973 438
267 568
267 704
568 1821
129 863
129 682
863 1326
1277 1630
1277 1312
1630 149
1877 1124
118 216
216 477
280 1706
280 34
188 1443
188 1572
1443 637
1462 1532
1462 1274
1532 531
640 417
901 1644
901 917
1644 580
103 581
103 957
610 1846
610 1300
1846 305
909 1866
836 1291
836 492
1291 1589
104 156
455 1679
1679 807
490 1557
490 1362
1557 1167
529 545
529 1377
545 701
1615 1666
1615 111
1666 516
765 458
635 1237
635 627
1237 1505
1038 1096
1038 63
1096 1566
957 1108
1108 1739
1143 1575
728 1056
728 1136
1056 567
470 1398
470 1168
1398 193
1987 33
1711 21
178 323
178 718
323 277
463 1804
463 1434
1804 1919
351 337
1714 1054
319 1796
319 80
1796 1103
387 1358
875 238
561 1823
1823 1073
1723 1852
646 878
646 1739
878 1938
318 604
318 798
604 278
727 1855
727 1879
1855 1094
525 1708
321 1841
321 643
1841 839
926 1282
938 1745
938 851
1745 67
1981 1637
1303 659
257 1941
257 1515
1941 415
1282 948
252 1045
252 195
1045 1402
774 694
530 1318
530 1087
679 1032
1032 450
751 1137
751 1273
1137 161
146 389
146 1563
389 1655
567 1460
1367 1671
428 632
236 956
236 708
956 1933
1047 1809
1047 303
1809 1937
970 1446
970 507
275 1558
1558 4
776 1396
232 1107
232 1565
1421 1912
1912 526
382 1540
382 919
1540 607
1976 1187
1081 1169
1081 1690
1169 1163
1001 658
546 1562
1020 560
92 840
92 1301
840 221
298 536
298 184
536 1870
1397 1410
1397 483
1410 1530
2000 1797
1933 1426
6 98
6 1510
98 591
206 1292
206 1960
1292 87
778 1783
778 124
1783 658
1066 1512
1512 1078
425 1371
1093 1120
1093 123
1120 617
879 1276
879 95
1276 1996
800 1806
1806 1042
594 1329
594 1980
1329 1208
1371 189
1222 1535
1222 824
1535 131
955 1945
11 873
664 1918
664 941
1918 826
1203 1141
442 1954
442 1090
834 1246
1197 1972
1972 40
731 1014
26 1338
815 760
1168 1536
1536 1123
1655 1331
496 1372
496 1122
1372 661
62 1934
62 1962
1934 1639
1287 1828
807 1586
595 856
595 737
112 1791
112 384
1494 1971
1494 1500
1971 1035
1980 1863
1059 1485
1485 495
1025 1492
1025 1898
1492 1062
494 1518
639 819
639 992
819 1361
277 736
560 1046
522 1173
522 1164
1173 1061
1163 1658
17 857
17 1834
1751 40
333 339
333 1078
339 1772
643 1813
1813 892
827 69
850 1617
850 1106
485 738
485 1854
738 15
1838 1874
1838 1829
1874 1327
1505 95
155 683
155 1445
683 1960
1312 245
487 927
487 1550
927 1402
465 1519
465 1522
1519 1626
309 1131
1316 1425
1425 106
881 1088
881 1690
898 1090
314 732
917 1700
350 1717
350 50
1717 1441
1262 1993
620 903
620 1286
332 616
332 1890
616 1031
28 1028
28 1737
1028 260
246 227
1057 1286
1057 1694
61 1061
61 1195
631 1034
631 497
1034 1213
1007 1550
1007 1128
614 1719
1837 675
949 322
50 290
779 788
779 269
788 617
1413 1126
49 1702
49 515
1702 1232
43 1250
43 1808
1250 1284
1588 1982
1588 756
1982 4
865 1358
865 417
444 1185
1185 1506
1979 1552
1779 289
269 1067
1067 845
547 1835
547 516
1835 998
14 963
14 1819
963 1577
867 1138
867 1242
1138 1408
58 1414
1414 1258
537 1003
937 717
1495 1479
100 1496
100 412
1496 60
18 1319
18 380
1319 1200
791 1943
1943 175
1529 1909
1529 473
1909 677
315 373
315 126
373 767
484 1234
484 190
1234 1052
2 965
965 1139
242 1063
1063 1528
675 1210
1210 1348
1992 106
322 1995
1079 70
10 39
10 510
215 1603
215 1865
1603 22
1901 1772
587 1511
587 142
1511 1579
1522 1794
688 1198
618 1584
618 1884
1584 47
1231 1927
1927 1376
1527 623
72 135
72 1514
135 1559
1665 858
573 1469
573 159
1469 651
356 1935
479 1541
479 1684
1140 248
691 1278
1129 885
495 1179
521 1860
404 958
404 405
958 1970
1189 732
705 1889
705 692
1513 745
281 924
281 1639
924 1590
337 410
410 1764
1369 1640
1369 579
1640 939
1636 1724
1636 1579
623 519
144 1054
1200 1953
115 1385
115 75
450 1455
1455 1261
1938 1352
204 1844
204 413
1844 1827
364 899
364 1819
899 506
627 1086
1431 1243
717 294
576 669
576 164
669 942
274 367
274 1275
1087 1150
1150 745
1575 622
910 1964
637 839
19 198
19 214
198 656
175 1767
16 1132
16 359
1132 1370
1687 1760
1687 1878
1760 1641
152 1895
152 563
873 1457
1562 1284
606 1613
1613 950
548 1974
385 1626
1892 843
1042 1999
1999 1026
227 1472
221 1831
1161 1578
1161 1426
169 384
169 34
70 936
936 1506
195 1196
1196 149
1790 1842
894 1728
894 1206
1728 710
906 1473
906 360
1473 1186
1441 63
1227 1379
1227 753
1379 1350
69 259
1044 1672
1044 1390
1672 1669
653 1787
653 330
1787 114
531 1514
1355 1564
1564 200
1296 1335
1296 718
1335 746
1114 1623
335 1742
335 808
877 107
704 1328
1852 993
205 994
205 543
994 1812
47 557
557 1423
414 1662
1662 46
458 398
251 552
251 295
988 1339
988 805
1339 932
1902 1939
1902 1984
845 1437
1993 1568
990 1650
1641 1765
607 493
987 1549
1360 1748
950 247
1013 1144
1013 1520
1144 304
891 1155
891 270
1155 191
460 287
1328 1133
260 1467
168 1181
1050 1821
1050 661
89 1820
1820 1378
97 1415
97 1309
1415 1845
1086 980
234 842
349 992
349 1073
945 773
1323 1463
1463 140
563 1973
1221 1452
1221 363
1452 919
1220 1555
203 127
1694 1917
1493 1501
1501 1924
828 1799
241 1436
241 1131
1436 1442
721 1257
159 171
171 734
435 1158
1158 395
1342 1719
1342 900
656 1683
1637 1886
1019 665
628 1180
1180 54
122 554
145 902
737 861
1620 1928
368 818
714 1597
714 1952
1597 580
999 790
1510 1549
1853 1906
1853 747
1906 1818
79 942
79 229
211 1750
1520 124
285 409
830 1026
1305 1749
1305 301
1749 676
1122 1153
71 192
71 1836
192 1649
890 411
15 1572
1136 657
222 510
1401 1758
1401 1110
1758 1771
141 1195
464 1705
464 183
1705 1004
1006 1350
1006 1121
1684 1219
418 542
418 1186
542 1395
1403 431
821 1304
821 320
1304 1095
231 430
1083 1365
1146 1365
363 1311
520 1842
520 1218
119 1498
1498 348
761 1857
1148 943
1755 1832
1755 325
1832 1170
300 648
300 1866
648 696
151 934
151 883
934 1187
766 1875
766 1479
1875 197
345 1064
345 1373
805 1988
1988 1192
505 1759
600 468
256 434
434 1077
1589 515
105 301
105 1716
289 699
194 787
993 1257
1245 1657
78 514
767 412
1552 476
1194 933
1774 1799
1472 964
1984 163
1560 75
483 1994
1812 1947
139 312
429 1542
1542 1585
932 1525
1525 1242
749 1669
749 406
383 1166
383 176
478 1583
1583 1752
1327 1845
1400 1715
1400 1618
532 1002
532 852
1002 60
142 1249
467 872
467 491
872 1611
1658 684
176 1748
625 820
625 1263
820 353
1735 500
1377 1524
261 659
261 551
1587 1698
1698 1240
835 1834
835 1217
1801 1675
1117 1172
132 1538
1014 1548
1548 1616
603 931
603 921
303 120
1518 1383
1488 1818
1004 1768
517 1092
803 353
1482 1923
1482 633
951 1878
951 184
462 518
518 210
509 1682
509 583
1682 407
1601 1880
1601 1685
1880 1295
190 324
324 1736
814 1994
814 860
472 986
861 1288
1675 804
123 1361
358 1490
980 1015
853 1405
853 764
1405 1555
562 1521
562 181
1521 668
1378 1969
1232 426
1577 1759
1102 1592
1102 376
1592 1793
743 756
743 406
130 1352
130 1198
1708 1932
1932 1051
136 1920
136 371
1920 431
137 164
208 1127
1127 1490
1071 1346
191 400
400 379
1100 870
1051 1964
1345 709
583 1534
352 1965
1649 784
1048 1207
1645 928
185 972
185 1249
972 1399
1764 1696
1315 1870
864 1674
864 1489
1674 1676
984 1590
984 911
1309 848
555 117
247 430
1269 120
1208 1865
802 1175
808 1192
1797 376
904 1602
904 279
330 549
549 1537
1154 1750
82 1055
1725 338
1164 374
415 334
7 1886
54 698
818 1439
1721 1240
293 1727
293 770
1727 57
513 1476
1881 1563
197 913
626 1872
626 1951
1872 1153
233 1123
233 883
1243 1476
832 1568
832 911
1095 156
1167 420
913 423
273 33
862 1595
1595 975
1041 1863
1973 27
326 1737
326 1311
1826 1481
817 372
1524 1272
657 1729
1729 508
975 1629
1629 328
1814 920
166 1205
986 1068
506 154
411 1354
1461 1500
1461 388
1622 1862
1622 1793
1331 1031
1952 1174
477 584
584 1105
217 1676
217 1302
1609 1986
1609 575
1986 181
107 492
500 413
80 395
589 1175
589 1784
954 1416
954 1021
1416 1151
134 451
451 775
741 1771
629 1741
200 1611
388 1126
183 248
1389 424
816 1688
816 1000
68 1157
1157 1951
51 1333
1333 154
773 327
223 327
443 1191
443 1457
1191 27
22 1018
1018 448
1434 264
1392 1754
1392 630
1754 1740
758 1696
758 1017
448 666
1212 826
998 622
366 804
245 514
1767 1439
354 579
1599 1916
1916 1614
753 551
48 772
48 1523
772 746
519 1399
360 1124
1373 1765
1033 1861
432 87
858 193
1354 1177
1794 1348
1829 1199
1581 482
1046 1447
843 379
342 1726
342 825
870 1594
1594 386
1408 768
1052 1076
624 634
634 566
182 209
182 939
482 586
586 1272
677 1176
328 793
793 1643
44 1937
44 150
57 1816
1391 1919
422 1861
1177 1217
1453 461
1442 1545
1545 698
920 1523
279 734
189 1504
682 1537
1294 1362
1652 725
1172 161
1199 1507
1507 362
1218 1850
1302 609
630 1965
1996 1035
1752 1556
1205 338
1873 1876
207 833
833 1811
824 1561
386 846
1070 1850
1471 928
1489 424
36 1337
36 1614
1337 83
768 177
1174 783
1077 1466
725 507
1097 1969
508 1574
20 1460
493 641
641 1610
1068 784
1027 1226
1839 687
461 1346
1226 642
764 852
989 304
177 781
446 918
1467 1740
1204 1701
1395 1962
1011 1876
914 1857
918 822
964 1230
1043 666
1437 1949
1949 1499
1458 1447
943 1746
131 1890
392 407
392 371
210 372
180 609
1811 1701
491 1553
1553 94
408 593
593 566
334 1295
798 1770
921 1770
163 1784
165 1499
1094 1612
128 53
1616 597
933 1746
1223 1612
642 1610
760 848
736 1000
53 842
94 846
1657 497
