5000 2500
1618 2936
304 1728
247 1194
1378 4910
914 4955
3212 4284
134 3797
839 3320
1957 2487
380 2397
3400 3437
3955 4742
2322 3668
3341 3796
1211 2819
2245 2810
270 3922
1079 3423
173 3989
2273 4306
3522 4976
303 3610
4294 4738
1300 4739
4740 4904
929 4646
4445 4641
2620 4157
2859 3993
2108 3716
1755 2137
3930 4168
454 4129
3373 4888
484 2202
4118 4633
494 3564
891 2068
1662 2997
2801 3270
2325 3161
1072 4443
2635 4406
2739 4872
1654 3487
23 3569
267 3112
879 2587
3498 4515
1115 2455
3567 4502
1014 3800
2441 3902
3323 4370
713 4217
2895 3026
835 945
1696 3605
1068 1970
1080 4010
4205 4349
1444 1583
761 1032
4320 4973
189 2267
1783 3758
687 3706
1935 4975
3503 4867
1382 4088
1201 2844
3571 3839
2174 4811
344 3080
992 4576
991 3565
1129 1958
133 4437
3306 4587
460 4423
4300 4887
3829 3990
3836 3849
667 2012
4 2751
3448 4527
3580 4683
2918 2986
490 695
425 1203
236 3402
947 1428
1213 3613
1699 2195
2144 3857
1769 2668
1087 1179
301 2601
31 345
2224 3593
4362 4839
505 1204
2967 3557
771 2226
1023 2447
1932 2703
833 2466
2934 4548
3562 4791
2340 4978
299 3664
2311 4951
3713 4960
209 509
1821 3366
1418 3241
161 203
2640 3140
3239 3728
664 1318
117 920
2092 3451
2020 2937
1177 2626
1867 3598
2003 2439
1925 4771
95 114
1868 2022
1533 1623
3444 3953
781 1121
229 4400
1578 2039
3055 4177
1004 4396
2409 4676
182 3421
2486 4142
65 3739
1423 2924
1689 1991
1604 2707
187 4259
763 779
3068 4497
2222 3394
4020 4535
1090 4063
1762 3967
548 2697
1541 4902
3297 3911
2185 3512
3641 4395
1144 2313
828 4557
3723 3939
1967 4601
1246 4841
996 4549
1055 1337
156 3526
2483 4373
1757 2661
158 3944
1738 2419
2732 4031
932 1123
2771 2939
877 2993
1552 4214
1033 3506
2403 4120
2259 2535
172 4409
607 2351
1064 3987
1999 2166
1912 4233
1513 2687
1445 1500
4618 4997
3802 4325
731 1074
3327 4181
938 2041
2005 4052
2227 2704
1708 1959
846 4438
2462 4556
462 3280
717 4473
3308 3795
2383 3216
1195 3316
901 4001
21 1099
4825 4953
1835 2593
1056 4698
956 3299
875 2142
2453 2871
2634 3328
1582 4255
1108 1712
1037 2326
1003 2184
1764 3737
970 4487
222 572
1849 3143
3139 4897
4023 4163
1916 4136
179 610
88 163
118 2815
281 1152
930 2464
1161 4054
1718 4911
1779 4741
2015 2537
2965 3060
618 2643
4069 4544
2119 4809
753 2279
2206 2599
4355 4492
3915 4894
1601 2525
706 4678
260 2791
2715 4727
1641 4812
690 1292
3705 3974
1860 4850
2481 4380
1392 1484
2027 4884
726 4512
348 3434
534 3524
904 4289
3559 4679
2514 4800
4801 4815
395 3365
1285 3428
1076 4108
1545 2192
428 4710
2247 3696
3881 3948
481 3490
2548 3544
2107 3127
1697 2097
431 3669
1366 3538
214 3146
1802 4477
1271 4469
2694 4272
474 4942
101 1548
4923 4962
1362 3504
1456 2528
2825 4575
831 2476
2495 4291
2792 2857
1429 3859
2071 4229
1775 4087
1245 3104
2421 4607
1556 3554
1949 2811
985 3293
547 1261
98 1923
376 476
1536 2529
69 813
1097 4782
3510 4161
1230 3734
3940 4877
2115 4685
2555 2742
2622 4489
2999 3164
636 673
3050 4792
170 4778
382 3874
892 2584
954 2379
1462 4543
644 3651
1053 4344
959 1182
553 4695
1845 4164
26 2671
698 1263
1149 4842
3138 4531
1221 2207
563 2795
1355 4681
881 1384
1228 4317
4465 4748
2228 3937
1965 1986
3517 4829
3455 4854
2900 3283
1870 3820
3784 4126
1067 4893
1496 2712
2036 3214
1127 1417
1340 3596
2335 4944
1497 4333
2297 3111
3846 4222
3592 3897
3211 4614
3637 4722
1652 4392
252 3935
4017 4714
1431 4015
2944 4615
3701 3840
2250 3035
782 4509
290 1566
2346 4171
1758 2689
3014 4450
2616 4669
1920 4328
2504 4199
278 774
1685 3113
1700 1930
5 2193
2768 3491
3481 4595
2280 2361
2952 4102
3097 4569
1036 3463
1277 4343
41 1477
3884 4985
1843 4840
1446 1906
2074 3424
843 4645
2088 2950
1983 3422
4398 4568
470 2413
2953 4597
2636 4890
3009 4986
585 4057
1640 3842
52 1491
987 4137
3516 4036
40 3997
1945 3431
4412 4816
680 1441
663 2175
1415 4025
638 2527
3107 4776
2214 3741
84 2090
2063 3688
3631 3958
152 912
1254 2881
1236 1435
1997 2925
1687 3931
806 884
485 3867
433 4085
906 2319
1544 4296
899 3183
4475 4620
59 3242
495 4935
120 3975
1612 2566
1178 3128
4340 4926
2324 4114
1103 4037
2465 2927
1186 1411
3942 4507
1617 2946
1237 3479
241 594
3232 4905
47 1403
549 4273
367 2167
1609 2798
4623 4761
315 2236
68 4351
126 3389
2948 3919
4035 4856
2160 2183
1191 4536
1433 1525
2009 3707
4706 4880
3532 4500
363 448
2609 3851
960 1341
2158 4818
1081 3208
1258 2612
3330 3876
849 4399
85 4381
999 2766
212 809
181 3302
2611 3079
3298 4454
1024 4107
3779 4498
226 1503
1443 3007
3619 3871
167 2091
3215 3638
1396 3606
1761 3173
2433 3831
829 4770
2052 3502
1434 4621
1091 2332
2459 3331
911 1956
341 3411
1107 2047
2135 4030
3584 3971
1517 4920
910 944
1866 3496
3634 3828
3339 3794
2382 4315
3281 3969
2575 4072
2199 3147
1749 2044
210 4510
2276 4190
292 4170
1363 2359
2883 3901
27 223
3355 4305
109 3905
2519 2721
128 3918
2727 3653
2761 3566
565 1332
4097 4124
747 3029
3979 3988
908 2308
2008 2510
4414 4999
2929 3006
679 2076
396 2133
346 2541
3202 4970
232 3342
1800 2188
2303 3217
358 3454
1310 3492
1632 2231
2101 2301
3251 4718
4760 4939
658 3980
3329 4494
1514 3672
186 3612
1735 4723
2790 3462
1133 4246
417 3661
1873 4693
3579 4376
3843 4077
2162 4387
3714 3783
446 4627
1750 2264
132 1282
1005 3013
615 3093
1907 1918
1059 1937
2258 4247
3377 4691
3262 4561
2018 2545
1207 2366
479 1627
3133 3284
4479 4524
1725 1883
2500 3371
233 3966
1196 2356
1109 2962
146 3180
3349 4076
1288 3607
3675 5000
1841 1950
2143 3075
2203 2711
235 979
350 3589
3309 3338
1799 2218
1520 2803
815 2493
3764 4821
1537 3157
716 3273
2425 2536
776 4227
3034 4566
2685 3515
1047 4312
1571 4318
3906 4352
2472 2733
1062 3803
2906 3748
1593 1861
2298 3865
1573 4772
1217 1839
730 2017
77 289
4243 4567
3525 4287
205 969
482 1506
459 3774
3165 4389
2278 4709
2743 4251
670 4186
796 915
853 1535
600 1089
922 4258
619 2271
2169 2444
926 2571
1842 2314
3628 4155
443 504
623 700
1508 3866
2114 2364
1162 3229
250 4130
1830 3508
2221 2984
727 1580
4134 4866
1093 2720
513 2145
4075 4322
3439 4224
4375 4434
580 2958
659 887
2344 2682
874 4604
397 1561
2843 4989
113 719
2494 3789
1519 1781
4039 4341
694 4673
2105 3568
1546 3870
164 2378
419 2488
1911 4111
1731 2603
2255 3363
3999 4304
1270 1836
3409 4210
571 666
412 2628
2564 3709
1942 2908
1176 2731
691 1899
4228 4657
2019 2862
3227 4583
280 1398
844 4329
2605 4011
2705 4852
1042 2507
3453 4257
953 4501
2460 4712
370 3771
2662 4401
1476 4950
123 516
1187 4933
1479 3384
1188 3729
3720 4457
2753 3244
2688 2998
2872 2935
265 2442
1322 2762
3545 4461
416 3514
1314 2678
2736 4588
4135 4183
2730 3116
493 1339
3091 4672
1683 4503
4275 4342
1823 4626
361 4337
3883 4721
1891 1908
1395 3398
2654 2833
1078 1247
105 1235
770 2034
1524 4860
1886 3635
1824 3660
1613 2839
1759 4354
1481 2503
110 1844
3264 4455
2573 4458
3067 4993
1227 2623
755 4125
3886 4358
2639 3994
4311 4767
1924 3374
365 2069
4021 4439
2468 3703
10 4093
3334 3738
2830 3710
830 1531
1637 2234
218 595
469 4149
2477 4611
980 3052
1452 4668
2446 2637
518 4684
1422 3742
506 4301
1624 2565
1159 3548
3666 4103
1101 1212
2702 4814
1745 3120
4016 4481
1981 2430
651 2589
628 2722
2780 4095
1557 2102
2165 4316
2757 3590
1239 1792
354 1664
2594 3712
62 360
1972 2502
791 3507
3343 4064
1219 3576
3206 4324
193 4083
1885 2848
441 621
555 3761
3450 3903
1185 1978
1135 3289
2692 3321
220 2644
1809 2974
286 374
1671 3040
847 4728
430 1407
2292 2978
517 1820
2389 4982
2606 3290
2306 4081
1900 2310
552 2043
211 1713
1944 4631
1184 4992
4499 4934
1771 2345
1753 2556
496 1882
2309 3826
2469 3815
1169 4720
2420 3019
630 3768
3757 4705
326 653
4331 4977
880 1993
2238 2719
507 3288
4643 4834
2471 3186
3740 4917
1040 1838
820 2738
352 2404
804 4105
1569 3908
2117 4271
868 2140
1259 2928
1351 1879
444 2078
802 4675
2394 4436
1659 2755
1327 2016
157 4379
1181 4851
1975 3549
1998 4844
279 3996
2370 4307
273 1558
3375 4537
1412 2505
1804 3258
2509 3864
862 3413
111 4268
848 2957
907 1206
3361 4983
2664 2840
3043 3245
3648 4896
3066 4577
500 2624
519 3806
2884 4420
56 4453
1658 2129
1630 2296
4290 4930
1586 2518
4422 4820
541 3155
1716 2893
958 3852
2353 3822
3604 4193
2617 4197
2337 4408
2870 2922
3435 3597
42 4038
3456 4065
1690 4417
63 4964
402 4430
1892 3240
1303 2467
2945 3626
952 3670
3201 3960
3000 4056
1498 4777
461 2157
2547 4339
801 3388
2385 3523
3603 3711
2523 3753
3652 4390
1095 4100
1295 3142
1202 3817
721 3364
1656 2855
491 1361
983 1006
528 2969
1210 3412
3407 4824
971 3804
2954 4061
3529 4441
1777 2098
2369 4045
3480 4256
130 4622
169 1166
1439 3765
1817 4242
948 4696
1563 3163
841 3438
497 2874
17 287
1894 4610
646 4659
71 752
1029 4131
2257 4024
2025 4541
143 2354
1621 2093
2099 4835
2847 4091
74 3386
2553 3879
2558 3808
385 1707
308 2915
1278 3416
1695 4113
1393 3891
1584 3873
1896 3056
1660 3108
4292 4677
1782 3708
556 3058
1730 3963
1607 4121
2260 2551
803 1294
2290 4565
2513 2996
2330 4372
427 3294
2248 4913
650 1874
28 1976
1691 2026
1602 2177
2323 4863
551 1608
1825 3683
981 1192
683 1269
1323 3027
614 2338
2779 4813
4002 4448
526 913
2625 4117
136 4928
583 1038
2450 4530
718 4466
1027 1200
3441 3513
409 3222
3805 4958
2808 3191
626 4239
3087 4449
15 967
3292 3655
1543 1875
1554 2150
191 1049
531 3449
968 3221
1220 4605
764 1585
1803 2445
244 1549
1142 4914
331 2377
661 2777
3395 4277
4009 4356
3436 3640
3032 4490
2062 4138
2534 2785
927 946
2028 2913
180 2180
949 2691
597 1565
1701 2146
38 2770
575 643
58 533
3282 4112
4345 4655
1486 4472
1104 3095
327 3812
2823 4092
1044 2964
302 606
3489 3623
3195 3591
2334 4803
1020 2463
2 3117
1859 2215
2512 3677
1369 1793
4185 4415
631 4573
997 2744
37 3834
2531 4041
1045 3166
723 900
2824 3656
464 4581
2269 3254
2596 3383
1021 2134
3469 4360
319 3934
917 3474
1933 3039
648 3615
1606 4630
1772 2713
201 2666
3177 4682
16 634
1057 1275
288 2670
2029 3951
1742 3629
386 1335
405 2288
2754 3452
3457 4592
2422 2570
311 3821
814 4033
3156 4780
3620 4506
858 921
2686 3519
465 3098
1704 3458
2187 4774
1974 2415
1031 4906
3042 3976
230 836
2407 4634
309 3115
2576 4326
837 1248
272 2559
3956 4433
566 1279
2375 3518
2588 3662
1784 4133
1515 2251
1344 1466
356 2674
1463 2506
3393 4849
2976 4826
298 4804
2252 3340
3022 3630
1224 3392
329 590
1054 2423
263 4288
1807 3447
3816 3985
32 1386
3385 4701
1175 4555
2246 4922
2053 3624
3 1853
3272 3777
112 4878
1698 4070
108 743
2931 3978
928 4274
271 4004
1795 4762
1251 3466
2201 3760
1766 4735
834 2805
940 2972
1711 3981
2082 2347
1354 4238
1980 4700
2814 3959
1904 3658
1934 1960
1488 2368
439 4612
699 1570
4215 4912
1902 2501
3695 4467
2860 3702
1560 2392
3818 4574
33 1714
521 4766
251 741
231 3801
3225 4474
515 4234
140 4845
142 4775
20 90
18 2610
1265 3499
351 2032
2827 4140
825 3083
3236 4833
2300 3162
254 787
1734 3196
4750 4903
293 635
2470 3084
3577 3850
684 1917
2989 4174
558 3269
2448 2544
1208 3122
1645 3123
3312 3552
2343 4822
2286 3119
414 2178
873 3546
1119 2784
511 3459
3210 3769
3632 4810
675 3152
1644 1702
2569 2955
593 4022
624 3335
2386 2690
318 1953
4115 4262
1372 4891
2002 3746
1183 1614
562 2987
1715 4098
1828 2583
296 2315
1473 1946
2363 4175
1214 4346
467 3594
2045 2517
2350 4959
178 1276
4504 4752
3775 4463
3038 4084
2357 2374
3102 4743
1241 1596
909 3072
3372 3929
422 4382
3090 3722
748 1663
869 3530
902 2395
3699 4589
199 1600
2327 2653
561 790
538 1969
3170 3687
131 4440
4580 4868
1001 4179
2899 3983
2850 3187
371 1568
732 1547
2648 3992
102 1114
573 2197
750 4862
589 2550
432 3878
3811 3984
1125 2152
3832 4830
1661 4755
2159 2408
1071 3986
1943 1966
602 3773
3188 4206
1136 3069
1639 2866
1397 4156
3319 4546
1633 3646
1887 2708
1424 3472
1118 1739
1319 1878
100 264
2631 3391
1992 2352
1168 3137
3875 4391
2416 2679
197 1365
200 3914
1260 1679
871 3673
1490 3044
2198 3625
2454 4368
1538 4927
1872 2966
1113 4109
366 4211
611 4653
310 1427
2110 4335
2024 2834
1249 3103
176 4990
1371 2949
2580 4629
734 2657
3192 3207
4060 4823
4151 4187
2277 4219
2161 4416
421 1788
1458 2050
3325 3965
1575 4786
359 2752
3962 4521
1266 2904
1084 4059
317 805
1226 1290
1007 4486
336 3527
1507 2328
1041 2907
35 3572
2396 4790
4007 4564
772 3685
2557 3203
965 3033
1855 3276
1329 2672
765 3762
1915 2387
337 4367
1283 4511
1256 3096
437 4225
1066 4513
588 4394
1880 2960
885 1877
86 2426
577 4241
73 4213
2072 4298
1305 2170
442 1801
2650 3780
1594 2718
2312 2818
712 1167
313 2590
4459 4558
569 975
4032 4979
2096 3608
269 3715
1767 2237
3925 4444
654 4725
725 3028
1425 4608
2035 3485
1308 1579
2365 3131
1052 2147
55 2681
564 1655
1368 4747
1301 1539
1117 4082
240 2497
2209 4051
3844 4411
2006 4366
1811 2055
1780 3645
2341 2858
676 1752
4963 4971
54 2492
3004 4636
2042 4404
1846 2543
3858 4925
1320 2842
3094 4529
1223 4221
1791 2427
1794 2990
1357 2235
3053 4119
775 3536
411 1453
1510 2822
1666 4418
19 520
645 3426
4857 4931
8 4303
1926 3182
305 2869
3218 3697
2651 2912
1483 2432
2533 2776
2299 2380
4139 4278
1244 3089
740 2244
13 4539
195 1132
483 3405
1173 2391
1649 3403
1534 1616
1120 4371
2030 2048
1719 4550
709 2930
1272 2778
3445 3982
2061 4924
939 2080
2482 4429
657 4991
596 923
2656 3907
196 989
1356 3945
1952 4873
36 1345
2126 3863
3926 4147
3578 4861
1380 2172
2769 3002
3307 4892
1287 4870
1464 3105
1642 2065
3430 4590
1529 3585
1770 2479
1692 1922
457 2956
3197 3484
641 1316
964 2760
773 1243
57 3776
316 4265
403 3101
1732 3126
221 2307
3533 3555
1377 2669
1518 3611
401 1865
3420 4172
2384 3317
1826 2272
30 2861
1286 1504
2890 3305
2619 4797
2759 3788
4424 4522
1929 3941
1599 3657
1137 1268
647 1898
185 1724
1988 2980
503 4248
1816 2608
678 3054
1492 2633
4200 4749
808 4066
625 1470
3574 4881
291 2793
3360 3460
2153 2903
3354 4994
543 1553
121 2318
715 4783
935 1668
560 4122
3888 4146
153 3618
399 870
145 1628
2031 4496
756 3359
29 550
1555 1763
2294 4726
3443 4518
689 1648
1996 2817
383 2853
4254 4733
2658 4593
94 535
1309 2524
83 1954
122 1128
334 2210
3991 4359
1501 3368
962 1370
2249 3756
1379 2067
3693 4293
2597 4619
314 660
671 3521
1262 1402
1530 4716
1523 2196
3085 3246
1299 2079
2516 2680
362 2398
3732 4899
856 3315
206 955
162 4704
149 2699
861 3659
1291 3243
389 1485
977 1884
1048 3256
1893 2265
3782 3853
710 1540
2283 3237
3110 3540
3932 4551
2429 4639
347 4642
1346 4383
1138 1199
1994 3893
2563 4984
372 2191
160 3998
1620 3274
2880 4660
1495 4591
466 1709
3909 4689
2740 4802
4746 4889
2491 2749
2574 4361
1046 4764
2109 4261
2561 4916
2629 3473
1480 4876
166 2436
2219 2592
642 1233
576 1962
554 4158
669 2684
1829 2522
850 3253
827 1400
1756 4078
1253 3494
1312 1743
1317 2841
148 4000
1350 3692
499 1225
3267 3887
640 2104
1822 3916
4173 4223
257 4666
993 1733
1688 3198
1306 2867
2116 2821
1674 2854
34 609
662 2127
2274 2849
2182 3440
1774 2828
3841 4014
1936 3793
584 4279
1754 4805
458 527
46 3063
811 4178
2985 4029
4369 4664
3476 4532
793 3226
3313 4654
919 3073
3287 3433
1088 2765
3493 4584
285 312
4167 4794
1888 3200
2568 4765
1389 2204
306 2586
2846 3726
1284 4253
1122 1451
1157 4972
591 4295
918 3378
800 1665
3129 4545
445 2111
608 2663
25 213
1590 1677
2316 4670
3088 3380
941 2845
2254 3154
1011 3318
256 2333
398 1105
1657 2526
1094 3581
4703 4787
3352 3920
2788 4781
335 4203
2549 4127
64 1116
3260 4596
129 3725
3528 4267
3286 4096
3016 3189
3086 4745
1416 4018
601 3311
4724 4967
268 1381
649 3467
475 4483
612 2911
4353 4651
766 3872
578 1686
239 2406
357 4756
933 3869
3247 3880
622 746
3114 3387
49 4231
2148 3271
2151 2602
1532 4988
3303 4980
3150 3575
215 736
1833 4836
92 931
3268 4613
3367 3689
3446 4885
1387 4606
1043 2581
2961 4807
2261 4050
2095 4692
2059 4855
2902 2951
1703 3759
1938 2121
3233 3810
3819 4428
1390 2401
3809 4680
2897 3595
3382 4347
333 440
1130 3344
2921 3314
259 4957
1218 2410
2923 4034
2796 2910
754 2046
1151 2011
510 3263
1085 2411
1421 3678
3046 4104
810 1160
1304 3767
2909 4364
2304 3616
1442 1931
2959 4859
76 4319
1812 4582
784 1516
237 480
1450 1871
2729 3121
1025 2136
745 2756
668 703
4068 4099
637 2176
2971 3148
275 1760
1667 2399
1018 3036
1086 3845
2716 3947
283 1126
582 3674
3964 4572
1468 3092
3010 3261
1096 2317
228 1455
708 1009
1990 2530
11 523
1808 3542
3667 4321
3277 3461
1307 3031
4837 4847
2655 3972
1785 3149
2284 2604
2540 4516
1022 2489
253 995
1298 4230
4176 4283
3295 4534
2641 4827
1267 3717
629 2414
3642 4269
1592 3401
4488 4554
1909 3602
2240 3442
99 2864
188 1252
1205 4946
217 2856
137 532
478 4846
4196 4647
2981 3561
2266 2941
1572 4330
116 674
2673 2807
1035 3833
1706 3772
61 2873
4006 4788
514 2706
1897 3754
692 2038
1131 1591
2920 3178
1189 3927
498 3750
407 4943
3106 4616
66 4650
1778 4327
587 2695
107 1240
686 3168
3663 4426
876 4640
1333 2112
3636 4817
4237 4432
1331 3234
832 2355
1913 3855
452 3531
1564 2618
342 4562
1940 2496
1325 2229
707 3348
96 2291
599 4452
633 2001
379 4974
9 1914
39 2431
1597 2013
3012 4442
1077 3704
3617 4961
2786 3721
2714 4519
2004 4094
1797 1815
127 328
2424 4945
295 3933
4080 4956
2836 3169
1611 3381
103 4028
759 3021
4282 4947
2211 4019
724 2511
3099 4338
3882 4189
420 2773
1153 4759
353 1551
1296 4250
1216 4141
1399 4900
249 2891
1669 4495
1083 3468
225 2125
1653 4407
204 3005
665 3220
3650 3924
1330 4656
2452 4468
3190 3414
3639 4323
797 1798
3895 4249
2054 2243
2717 3719
739 3285
139 2652
2748 4875
1670 3300
1140 1234
1457 3830
486 1155
536 4768
1082 4447
3609 4831
388 3621
4154 4365
1963 3558
1678 4966
2498 4476
3877 4996
546 3011
1869 4533
652 1717
78 282
1367 1928
2632 3509
207 512
2230 3614
778 2701
818 2508
3204 3856
3158 3560
2181 4252
183 456
1850 3100
1723 4865
1973 3399
2457 4043
688 3337
2438 4667
2797 2799
883 2758
1106 2049
893 1347
603 1694
1000 2376
851 4648
854 1010
894 4201
1469 2217
426 1881
1070 1574
1971 4270
1016 1603
24 934
2567 4938
1026 2141
1190 4464
1065 2892
1684 4478
159 1509
823 4707
2253 3057
4195 4737
1814 2607
202 4625
620 2132
3684 3889
242 3205
2802 3537
1430 3025
1148 3950
760 4628
190 3194
972 2412
1112 2572
1577 1768
1559 4460
896 2947
2367 2418
1281 3432
542 3358
1034 1605
2190 3279
984 2916
3718 4044
3787 4552
4286 4730
2232 3397
757 4981
124 3082
728 982
1968 2390
3184 3700
1073 3231
924 2205
2683 4995
3587 4090
677 1610
4128 4148
822 3505
294 1134
768 3534
3410 4542
522 1672
246 2820
4040 4071
598 2979
1919 4046
1376 1961
530 1941
1274 4165
529 2879
79 1776
2994 4600
2614 3970
988 1852
3547 3766
436 701
1550 1741
1876 3977
656 4008
817 1710
404 1837
2539 2600
1328 3125
323 3835
343 3404
3520 4687
2033 2239
1499 2863
888 2938
2621 4624
3059 4212
1806 3917
4244 4638
2331 4413
1174 1840
245 1111
1810 1901
758 3353
3495 4599
1414 4152
570 4879
1847 2499
2724 4609
1394 2782
1626 2122
321 468
355 381
3582 4603
2103 4145
1165 3862
4485 4785
3928 4602
1864 2933
799 1526
1454 1786
616 3390
4013 4188
581 2615
2139 4220
3145 3475
821 1693
1636 2171
248 785
1324 3333
508 824
51 994
1302 4397
2710 3483
1447 2649
262 4969
2787 4526
1467 3912
1002 3583
1748 4419
812 1765
1209 1401
855 4058
1474 3807
795 895
1147 1197
905 1255
81 4026
3047 4192
3827 4941
3488 3791
3144 3752
1313 3071
2339 3324
4166 4528
1110 1436
540 1171
742 860
2434 4909
3417 4297
2734 2806
1141 1280
1890 4027
3654 4209
897 4711
852 3248
639 889
2275 3051
672 1740
2086 3938
1413 3172
737 4838
216 3266
93 1475
340 4384
2983 4571
4067 4908
2164 4617
693 1619
3691 4886
2775 4276
1856 4235
942 3406
3077 4169
3081 4697
2402 3622
704 4517
2638 3898
2163 4508
2256 2521
501 4194
840 2577
1796 1862
2179 4632
435 1625
1987 4431
338 2595
4143 4350
2942 4919
1493 1680
1012 1264
2155 4280
961 1676
3570 4753
97 1342
2789 2876
115 2293
1061 2437
792 4378
2010 2995
1326 4806
138 2542
67 2747
1489 4949
1391 2428
392 4264
2200 2746
227 2885
2709 3755
3588 4663
2451 4808
681 4403
373 2975
14 1465
1215 3141
2113 2305
762 1587
1818 2128
1180 2774
1352 4427
2613 3265
2241 2490
2835 4281
208 4713
1737 4763
3599 4793
387 2320
2456 2829
3679 4493
488 682
545 4334
3179 3798
1289 4523
574 4132
1511 4456
2124 4799
2868 3676
807 1487
3376 3408
472 859
866 3379
1905 3336
3751 4374
1643 3973
60 2348
82 3153
925 2381
1163 2698
1522 4586
277 3249
7 4062
3627 3785
733 2970
2289 2894
297 1622
1647 3427
50 3322
151 2242
175 3731
72 2852
749 4757
2726 3160
1903 2449
3078 4402
867 3171
4182 4308
1297 4216
702 3778
3064 4732
463 1955
3730 4184
3415 3763
2887 3235
364 786
3209 3694
2745 3825
1315 2665
219 2991
174 1528
325 794
2220 4348
1426 1449
3913 4915
1058 2371
2696 4048
104 1060
2889 3954
1895 3770
324 3952
450 4702
87 3896
3018 4858
339 3968
1848 3020
711 4514
502 3586
91 2554
4003 4435
451 1405
3017 3995
300 2813
487 1736
1773 2882
1051 3535
125 1420
1013 1028
408 4332
1030 3332
192 1675
4314 4598
1598 4198
1651 2075
1527 3500
4751 4864
1635 3936
3181 4484
45 3727
1588 3861
2700 4180
234 1448
2735 2826
2896 4729
89 3690
3193 4049
1311 4226
2926 3296
2741 4828
567 4482
276 3781
1977 2100
751 3745
1359 3219
974 2362
2118 2750
1478 4110
3062 4245
1951 4708
391 729
1629 2213
453 1198
75 3647
449 1722
1721 3199
2552 3356
2660 3563
1231 1385
2270 2474
3228 3904
424 3471
1100 2851
4585 4665
410 1358
697 4160
3470 3553
826 4719
141 415
2057 3943
3478 4954
4686 4869
168 963
4302 4843
3130 3224
857 1939
3600 4162
2130 4952
1348 1353
1158 1787
2977 4937
2532 4932
3074 4232
369 4336
3735 4652
119 2089
1373 2349
423 780
3671 3813
2064 2877
976 1746
1459 1751
1364 2120
1050 2598
3743 4363
1947 2737
2591 3854
1 4470
2772 4540
238 1673
2973 4795
2094 3429
1164 4053
1092 1404
1805 4086
1388 2077
1360 3061
2138 3477
722 4207
3786 3892
3278 4505
1512 2642
1542 3159
2484 4644
735 1409
1858 4218
1521 2992
838 1650
3550 4560
1019 2336
194 4208
1646 2763
150 4547
2040 3556
3686 4191
2901 4150
3030 4789
4446 4553
2373 4525
2282 4895
789 1995
80 2767
1075 3175
3255 4089
48 2405
1257 2285
177 3230
1419 1789
320 1143
3573 4520
2764 3744
2473 3946
2578 4377
783 2630
2878 3357
3419 3824
2189 2875
3601 3837
1576 2388
2809 4425
2515 3539
3135 3921
1851 3001
2268 3698
3543 4798
1832 3396
2225 3736
1631 4309
3024 3681
2585 2816
429 798
1502 4918
1150 3304
1015 1273
1063 4202
3134 3174
1744 4451
3823 4559
184 2693
2667 4462
1482 1827
1985 4779
413 2781
1440 4570
738 2083
605 1410
1494 2066
1982 2149
266 632
3418 3957
769 3733
1460 3501
2000 3860
434 890
393 4385
284 951
3749 4736
2131 2659
1432 2212
2831 3644
375 1334
1863 3747
1729 2435
2627 3176
165 4907
1321 2646
1156 2838
544 4266
2037 4393
3370 4717
400 2186
4116 4421
2173 4848
1069 2546
1124 1170
1834 3023
1790 2342
349 4965
447 1336
1819 2485
3118 4882
2579 4079
592 936
1438 1747
2393 4563
44 4594
1338 4661
886 2582
2725 3724
2562 4929
864 1889
3541 4921
3124 4144
154 3041
744 777
2417 3464
147 378
2968 4012
2085 3665
1343 4074
43 586
604 882
1102 3868
471 767
53 1682
1250 1408
2480 4688
332 4480
1505 1634
1172 3065
2014 3497
2478 3223
1146 1615
1437 4388
258 4042
579 3045
2154 4968
696 2812
418 998
390 3151
1638 4005
865 2886
903 4310
1910 4055
1145 1857
3250 3680
788 3425
2400 3015
916 4285
2194 2538
4204 4236
2262 3310
2475 2520
966 2156
1831 2943
1581 3326
627 2461
322 2728
3649 4773
307 613
3848 3899
171 2675
3847 4874
106 1154
1726 2783
2676 4123
406 3252
878 2982
819 3799
1229 4637
986 2106
937 4694
1921 4715
617 2123
2647 4819
537 2917
2988 4883
1098 4153
2865 4898
274 4758
539 2963
845 2023
394 2087
3643 4936
4101 4731
1349 3362
368 4658
3838 4357
1964 3486
3347 3890
2223 4649
6 1681
3167 3551
950 4784
1979 2302
2358 3790
4405 4769
4699 4987
525 705
1406 2440
3185 4471
438 557
2051 4313
1705 4579
957 3633
1567 2888
863 1374
1989 3291
2060 2677
568 3003
1472 4047
524 3076
1562 4386
1008 3949
2287 3213
2905 3900
377 4491
3136 3275
473 1984
2458 4263
2295 3482
135 3008
1017 4671
12 1854
2723 4948
144 990
243 2281
261 2329
3511 4240
3257 4998
155 2168
1471 4734
255 714
3048 4744
3885 4832
943 3037
2070 4159
1139 2832
1238 4940
2007 2233
330 973
2443 2800
455 4796
872 4410
2073 3346
2794 2914
1039 2372
1727 3792
898 3910
3049 3369
198 2021
4538 4578
2084 3132
1948 3351
655 3923
2932 4690
1222 4299
1193 1383
1927 2919
978 3301
4073 4106
2058 3259
842 2208
1293 4853
685 2081
2216 3961
2560 4674
384 1595
816 3238
489 3109
720 3350
492 2360
1242 2263
70 1813
2321 3345
224 559
22 4662
477 3894
2645 4754
1375 4635
2056 2898
3070 3814
3465 4901
2804 2940
1720 4260
1461 2837
3682 4871
1232 1589
