500 1500
1 500
1 3
1 499
1 4
1 498
1 282
2 3
2 4
2 500
2 499
2 103
2 310
2 411
2 210
3 4
3 5
3 6
3 500
3 173
3 276
4 5
4 6
4 7
5 6
5 8
5 66
6 8
6 9
6 324
6 218
7 10
7 463
7 144
7 251
8 10
8 11
8 27
8 94
9 10
9 11
9 12
9 423
9 166
9 15
9 115
10 13
10 337
10 86
10 68
10 379
11 12
11 14
11 256
11 259
12 13
12 14
12 15
12 312
13 14
13 15
13 16
13 329
13 415
14 15
14 17
14 64
14 249
15 16
15 17
15 342
15 488
16 18
16 333
16 86
17 19
17 20
17 117
17 317
17 492
17 89
17 446
18 20
18 21
18 28
18 369
19 21
19 22
19 406
19 116
19 261
19 295
20 21
20 22
20 23
21 24
21 233
21 222
21 245
22 23
22 24
22 25
23 24
23 26
23 156
23 204
24 26
24 217
24 192
25 27
25 105
25 224
25 475
25 29
26 27
26 28
26 364
26 224
26 283
27 460
27 424
27 92
27 453
28 29
28 30
28 31
28 51
29 325
29 127
29 43
29 298
30 33
30 305
30 121
30 350
30 398
31 32
31 34
31 438
31 95
32 33
32 34
32 434
33 35
33 36
33 498
33 481
33 208
34 36
34 37
34 462
34 491
34 124
34 181
35 37
35 92
35 97
35 143
36 37
36 39
36 68
36 297
37 38
37 40
37 421
37 80
37 98
37 112
38 39
38 41
38 122
38 468
38 172
39 40
39 41
39 403
39 197
40 41
40 42
40 177
41 43
41 44
41 381
41 51
42 43
42 44
42 433
42 152
42 230
43 44
43 266
43 288
43 424
43 418
44 45
44 46
44 47
45 46
45 47
45 48
45 343
46 48
46 242
46 479
47 48
47 49
47 464
47 245
48 49
48 241
48 417
49 51
49 52
49 130
49 348
49 315
50 51
50 52
50 53
50 342
50 398
51 320
52 112
52 167
52 429
52 393
52 308
53 56
53 409
53 487
53 85
53 404
54 55
54 56
54 472
54 199
54 239
55 463
55 355
55 336
56 57
56 58
56 59
56 247
56 433
57 58
57 59
57 60
57 369
58 59
58 60
58 61
59 60
59 62
59 100
60 61
60 62
60 63
60 230
61 62
61 64
61 317
61 450
61 331
62 64
62 209
62 371
62 424
62 375
63 64
63 65
63 66
63 246
63 185
63 328
64 66
64 67
65 66
65 67
65 161
65 367
66 67
66 68
66 382
67 69
67 70
67 156
67 206
68 71
68 158
68 284
69 72
69 303
69 262
70 72
70 73
70 407
71 74
71 350
71 301
72 73
72 74
72 330
73 74
73 295
73 270
73 349
74 75
74 76
74 77
74 141
74 160
75 77
75 78
75 89
75 133
76 77
76 78
76 79
76 481
77 79
77 368
77 480
78 79
78 81
78 335
79 80
79 82
79 492
79 194
80 82
80 83
80 254
80 154
80 337
81 82
81 84
81 225
81 394
81 214
82 84
82 85
82 396
82 178
82 480
82 107
83 84
83 406
83 219
84 85
84 87
84 359
85 415
85 140
86 87
86 88
86 308
86 402
87 89
87 337
87 229
88 89
88 91
88 390
88 118
88 166
89 91
89 460
90 91
90 92
90 93
91 93
91 94
91 463
91 207
91 216
92 93
92 94
92 279
92 153
92 173
93 96
93 496
93 262
94 96
94 187
94 209
95 246
95 486
95 161
96 98
96 99
96 292
96 186
97 100
97 483
97 139
98 101
98 329
98 370
99 100
99 391
99 162
100 101
100 103
100 254
100 494
100 389
101 104
101 180
101 154
102 103
102 104
102 105
102 438
102 131
103 105
103 284
103 356
104 105
104 107
104 170
104 158
105 107
105 108
105 161
105 408
106 107
106 108
106 110
106 117
106 307
107 363
107 148
108 109
108 110
108 111
108 262
109 112
109 213
109 153
109 283
110 112
110 229
111 112
111 114
111 192
111 428
112 113
112 115
113 114
113 148
113 250
113 376
113 188
114 115
114 116
114 152
115 203
115 434
116 117
116 119
116 474
117 118
117 119
117 255
117 415
118 120
118 135
119 353
119 164
119 328
119 178
120 121
120 266
120 447
120 413
121 122
121 124
121 224
122 124
122 415
122 405
123 124
123 186
123 466
124 125
124 126
124 219
124 260
124 356
125 128
125 406
125 216
125 469
125 176
126 127
126 128
126 129
126 411
126 410
127 129
127 130
127 151
127 279
128 129
128 130
128 354
128 158
129 132
129 227
129 337
130 131
130 132
130 332
131 134
131 192
131 154
131 193
132 133
132 134
132 135
133 136
133 175
133 276
133 461
134 135
134 136
134 138
135 136
135 158
135 391
136 137
136 139
136 477
136 146
136 320
137 140
137 312
137 406
138 139
138 140
138 141
138 402
139 141
139 451
140 142
140 143
140 158
141 397
141 323
142 143
142 144
142 145
143 145
143 146
143 273
144 146
144 147
144 209
144 299
145 146
145 147
145 148
145 425
146 147
146 148
146 149
146 185
146 472
147 150
147 482
147 221
148 150
148 151
148 389
149 150
149 151
149 298
149 316
150 152
150 153
150 281
150 207
151 154
151 318
151 187
152 153
152 155
152 339
153 155
153 451
153 338
153 189
154 295
154 360
154 377
155 156
155 157
155 192
155 292
155 185
156 157
156 159
156 326
156 400
156 328
157 158
157 488
157 398
158 159
158 191
158 394
158 420
158 314
159 161
159 162
159 463
159 482
160 161
160 163
160 236
161 162
161 257
161 199
162 165
162 321
162 423
162 413
162 252
163 164
163 291
163 286
163 332
164 166
164 167
164 475
164 385
165 166
165 167
165 361
166 167
166 382
167 169
167 322
167 262
168 169
168 170
168 423
169 171
169 405
169 363
169 323
170 476
170 297
170 473
170 191
170 380
171 173
171 174
171 429
171 449
172 173
172 287
173 175
174 175
174 176
174 216
174 368
174 489
175 178
175 475
176 177
176 178
176 476
177 178
177 179
177 180
177 313
178 180
178 211
178 286
179 180
179 182
179 225
179 209
179 330
180 181
180 183
180 468
181 183
181 490
181 304
182 183
182 184
182 221
182 359
183 184
183 185
183 186
184 358
184 374
184 329
185 186
186 325
186 224
187 190
188 189
188 190
188 215
189 190
189 191
190 193
190 457
190 399
190 429
191 192
191 193
191 194
192 193
192 195
193 216
193 253
194 340
194 500
195 197
195 198
195 319
195 492
196 197
196 198
196 343
196 285
197 198
197 248
197 381
198 199
198 200
198 201
198 456
199 200
199 465
199 203
200 201
200 202
200 203
200 359
200 409
201 202
201 204
201 489
202 205
202 341
202 343
202 226
203 205
203 206
203 226
203 217
204 205
204 207
205 250
205 286
205 311
205 394
205 387
205 209
206 208
206 209
206 380
207 208
207 212
207 493
208 210
208 234
208 302
209 211
210 212
210 213
210 275
211 213
211 214
211 278
212 214
212 215
213 214
213 215
213 216
213 467
214 215
214 217
215 217
215 218
216 302
217 220
217 338
218 221
218 452
219 338
219 345
220 221
220 222
220 223
221 222
221 223
221 224
222 416
222 249
222 378
223 224
223 225
223 226
224 226
224 227
225 227
225 434
225 290
226 227
226 228
227 228
227 229
227 239
227 442
228 229
228 230
228 231
228 390
229 230
229 231
229 232
229 281
230 231
231 232
231 234
231 438
231 420
232 233
232 234
232 415
233 235
233 236
233 373
233 478
233 493
234 235
234 236
234 237
234 466
235 236
235 237
235 238
235 330
235 395
236 472
236 392
237 238
237 240
237 345
238 240
238 241
238 342
239 241
239 301
240 242
240 243
240 375
241 242
241 436
241 294
242 243
242 244
242 245
242 277
243 245
243 323
243 279
244 245
244 246
244 247
244 351
245 246
245 248
245 427
246 249
246 488
247 248
247 250
247 285
248 249
248 250
248 251
248 480
249 250
249 251
249 252
250 251
250 252
250 253
250 448
251 252
251 253
251 254
251 439
252 253
252 254
253 254
253 255
253 256
254 256
254 257
254 433
255 256
255 257
255 258
255 288
256 257
256 258
256 259
256 325
256 334
256 365
257 259
257 260
257 468
258 259
258 270
258 303
259 260
259 261
260 261
260 262
261 262
261 264
262 263
263 264
263 265
263 266
264 266
264 267
264 364
264 377
265 267
265 268
265 294
266 267
266 268
266 269
267 268
267 269
267 270
267 388
268 270
268 271
268 413
268 409
268 491
269 270
269 271
269 272
270 271
270 272
270 478
271 272
271 274
271 398
272 275
272 299
272 457
273 274
273 275
273 276
273 396
273 462
274 275
274 276
274 277
274 463
275 276
275 277
275 313
275 345
275 357
276 277
276 278
276 311
277 279
277 496
277 417
278 279
278 280
278 431
278 405
279 281
279 284
280 281
280 283
280 438
281 284
281 417
281 366
281 487
282 283
282 284
282 285
283 284
283 285
285 434
285 375
287 289
287 290
287 384
287 364
288 325
288 428
289 290
289 291
289 292
289 455
290 291
290 292
290 300
291 402
291 334
291 457
292 293
292 403
292 450
292 301
292 445
293 294
293 296
293 343
294 295
294 296
294 354
295 298
295 409
296 297
296 298
296 299
296 494
297 299
297 334
298 299
298 458
298 471
299 301
299 389
300 301
300 302
300 303
301 303
301 365
302 304
302 305
302 385
302 416
303 305
303 306
303 334
304 305
304 306
305 306
305 307
305 336
306 308
306 309
306 318
307 308
307 309
308 309
308 311
309 310
309 311
309 312
310 313
310 337
311 314
312 313
312 314
312 369
312 459
313 465
314 315
314 316
314 390
315 316
315 318
316 318
316 319
316 423
317 320
318 346
318 472
318 345
318 352
319 320
319 321
319 429
320 323
320 405
321 322
321 323
321 324
322 323
322 324
322 325
323 324
323 325
324 326
324 327
324 394
325 326
325 328
326 329
326 352
326 357
327 329
327 330
327 469
327 482
328 329
329 331
329 332
330 332
331 332
331 334
331 350
332 333
332 334
332 391
333 334
333 335
333 336
334 492
334 355
335 337
335 338
335 445
336 337
336 338
336 339
336 371
337 338
337 339
337 447
337 470
338 340
338 341
338 462
338 359
339 340
339 341
339 342
340 341
340 342
340 343
341 342
341 343
341 344
342 345
342 386
343 345
344 345
344 346
344 347
345 346
345 348
346 347
346 349
346 484
347 348
347 349
347 350
348 350
348 351
349 350
349 351
350 351
350 352
350 487
351 353
351 354
352 354
352 355
352 457
353 354
353 355
353 356
353 454
354 356
354 357
355 356
355 357
355 425
356 357
356 358
357 358
357 360
358 359
358 361
358 402
360 361
360 363
361 362
361 363
361 364
362 363
362 364
362 365
363 364
363 365
363 366
364 392
365 366
365 404
366 368
366 369
366 421
367 370
367 391
367 406
367 451
368 369
368 399
370 371
370 372
371 374
371 453
372 373
372 374
372 375
372 381
373 375
373 376
373 414
374 376
374 377
374 417
375 376
375 377
376 378
376 379
376 479
377 379
377 380
377 403
378 379
378 380
378 381
379 380
379 381
379 406
380 382
380 383
381 382
382 384
382 385
383 384
383 385
383 386
383 479
383 401
384 385
384 386
384 387
384 405
385 387
386 388
386 389
387 388
387 389
387 390
388 389
388 391
389 478
390 393
391 392
391 393
391 454
392 393
392 394
392 474
393 394
393 395
393 396
394 397
395 397
395 398
396 397
396 491
397 398
397 399
397 400
398 492
398 432
399 400
399 401
399 402
399 497
400 401
400 402
400 418
400 441
401 402
401 404
401 461
402 404
402 415
403 406
404 405
404 406
405 407
405 408
406 407
406 409
407 410
407 419
407 414
408 409
408 410
410 411
410 412
411 414
412 413
412 414
412 415
413 414
413 416
414 416
414 417
414 490
416 419
417 418
417 419
417 420
418 419
418 439
419 420
419 422
419 468
420 421
421 424
422 423
422 424
422 425
423 425
423 426
424 425
424 427
425 426
426 427
426 428
426 429
427 428
427 429
427 430
428 429
429 431
430 431
430 432
430 433
431 433
431 484
432 433
432 435
434 437
434 438
435 436
435 437
435 438
436 437
436 438
436 439
437 439
437 440
437 489
438 440
438 441
439 441
439 442
439 490
439 498
440 441
440 442
440 443
441 442
441 443
441 444
442 444
442 445
442 470
443 444
443 445
443 446
444 445
444 446
444 447
445 446
445 447
446 447
446 448
447 450
448 450
448 451
449 450
449 452
450 453
451 452
452 453
452 454
452 455
453 454
454 456
454 457
454 463
455 456
455 457
456 458
456 459
457 458
457 459
457 460
458 459
458 461
459 460
459 461
460 461
460 462
460 463
461 464
462 463
462 464
463 466
464 466
464 467
465 466
465 468
466 467
466 469
467 469
467 470
468 470
468 471
469 470
469 472
470 471
470 472
470 484
471 472
471 473
473 475
473 476
474 475
474 476
475 476
475 478
476 478
476 479
477 479
477 480
478 480
478 481
479 481
479 482
480 482
481 482
482 484
483 484
483 485
483 486
484 485
484 487
485 486
485 487
485 488
486 487
486 488
486 489
487 490
488 489
488 490
489 490
489 491
489 492
490 492
490 493
491 496
492 495
493 494
494 496
494 497
495 496
495 497
495 498
496 498
496 499
497 498
497 500
498 499
499 500
