500 1500
1 2
1 500
1 4
1 498
1 106
1 370
1 451
2 3
2 4
2 500
2 5
2 458
2 103
3 4
3 6
3 243
4 7
4 262
4 418
5 122
5 377
5 247
6 7
6 8
6 9
6 37
7 8
7 9
7 10
7 112
8 9
8 11
8 169
9 10
9 11
9 12
9 173
10 11
10 12
10 125
10 171
11 12
11 337
11 179
12 15
12 440
12 469
12 301
13 14
13 15
13 28
13 88
13 289
14 16
14 17
14 293
14 70
14 366
15 17
15 18
15 430
15 221
16 18
16 19
16 29
16 100
16 393
17 18
17 19
17 27
17 223
17 378
17 130
18 19
18 21
18 217
18 436
18 235
19 21
19 22
19 253
19 462
20 21
20 22
20 23
21 23
21 133
21 364
21 205
21 259
22 24
22 25
22 318
22 426
23 24
23 25
23 193
23 371
23 335
24 25
24 26
24 149
25 26
25 27
25 474
25 134
26 27
26 28
26 29
26 273
27 28
27 30
28 30
28 335
28 475
28 315
29 31
29 32
29 50
29 318
29 451
30 31
30 32
30 33
31 33
31 34
31 79
31 431
32 33
32 34
32 35
32 143
33 34
33 340
33 478
34 37
34 188
34 332
35 36
35 37
35 38
35 439
35 102
36 37
36 38
36 39
36 191
36 293
36 368
37 38
37 205
37 358
38 41
38 450
38 397
39 42
39 366
39 305
40 43
40 128
40 466
41 42
41 43
41 44
42 43
42 326
42 183
42 66
43 44
43 46
43 448
43 230
43 465
44 45
44 46
44 382
44 216
45 46
45 371
45 166
46 47
46 176
46 296
46 210
47 385
47 244
47 207
47 211
47 230
48 51
48 118
48 143
49 50
49 52
49 258
50 52
50 53
50 133
50 78
51 52
51 53
51 54
51 381
51 144
52 54
52 55
52 84
52 366
52 474
53 54
53 55
53 56
53 119
54 55
54 57
54 432
55 56
55 58
55 404
55 125
56 57
56 58
56 59
56 285
57 58
57 60
57 238
58 59
58 60
58 290
58 174
59 61
59 343
59 299
60 61
60 63
60 135
60 420
60 96
61 139
61 216
61 468
62 133
62 346
62 205
62 401
62 66
63 64
63 65
63 262
63 267
64 65
64 67
64 155
65 67
65 68
65 496
65 381
65 471
66 67
66 68
67 69
67 70
67 170
67 214
68 69
68 70
68 71
69 70
69 72
69 434
70 72
70 311
70 97
70 497
71 72
71 188
71 113
72 73
72 196
72 200
72 372
73 74
73 75
73 76
73 98
74 75
74 349
74 409
75 76
75 78
75 310
75 141
76 77
76 79
76 210
77 78
77 79
77 80
78 459
78 420
79 80
79 302
79 132
79 340
79 219
80 81
80 476
80 247
80 403
80 411
81 82
81 83
81 327
81 265
82 83
82 84
82 85
82 181
82 419
83 86
83 275
83 175
83 262
84 85
84 87
84 182
84 312
85 88
85 305
85 105
85 239
86 88
86 89
86 217
87 88
87 89
87 90
88 90
88 91
88 452
89 92
89 152
89 323
89 114
90 91
90 411
90 405
90 461
90 264
90 293
91 92
91 93
91 94
91 457
91 365
92 94
92 494
92 273
93 94
93 95
93 96
93 165
93 494
94 95
94 96
94 97
95 96
95 198
95 403
95 422
96 97
96 98
96 273
96 388
97 98
97 100
97 386
98 350
98 245
99 100
99 101
99 497
100 473
100 233
100 457
101 102
101 103
101 161
101 316
101 458
102 103
102 307
102 176
102 257
102 389
103 104
103 106
104 105
104 107
104 317
105 108
105 222
105 403
106 107
106 108
106 221
106 484
106 490
107 110
107 306
107 300
107 114
107 247
107 298
108 140
108 466
108 422
109 110
109 111
109 112
109 372
110 112
110 376
110 176
111 112
111 234
111 464
111 207
112 113
112 115
113 114
113 473
113 185
113 117
114 115
114 117
114 170
115 118
115 212
115 438
116 117
116 239
116 489
116 212
116 299
117 118
117 119
117 120
118 119
118 120
118 121
118 151
118 263
119 120
119 283
119 371
120 121
120 122
120 123
121 122
121 123
121 124
121 247
122 123
122 124
122 125
123 124
123 257
123 309
124 126
124 127
124 215
124 194
124 265
125 444
125 419
125 383
125 401
126 127
126 128
126 434
126 287
126 229
127 128
127 129
127 223
127 402
127 496
128 130
128 131
128 408
128 472
129 130
129 131
129 132
129 489
129 135
129 176
130 131
130 132
130 133
131 132
131 135
131 450
132 135
132 483
132 233
132 381
133 134
133 383
133 289
133 454
133 474
134 135
134 136
134 137
134 273
135 137
135 361
136 137
136 481
136 457
137 139
137 140
137 359
137 168
138 139
138 141
138 170
138 324
138 269
138 479
139 140
139 141
139 142
139 376
140 141
140 142
140 143
141 142
141 460
141 374
142 144
142 145
142 428
142 344
142 393
143 144
143 146
144 145
144 147
144 430
145 146
145 147
145 161
145 491
146 147
146 148
146 436
146 491
146 273
146 180
147 148
147 149
147 150
147 321
148 149
148 150
148 151
148 421
149 150
149 151
149 387
149 204
150 151
150 152
150 153
150 350
151 153
151 242
151 254
152 153
152 154
152 361
153 155
153 494
153 382
153 288
154 156
154 157
154 413
154 288
154 467
154 496
155 157
155 158
155 266
156 157
156 159
156 230
156 456
157 158
157 159
157 434
158 160
158 161
158 230
158 460
159 160
159 161
159 162
160 161
160 162
160 163
160 336
160 387
161 336
161 500
162 163
162 338
162 201
163 165
163 170
163 292
163 463
163 330
164 165
164 167
164 294
164 251
164 177
165 166
165 168
166 167
166 168
166 169
167 168
167 169
167 170
167 250
168 390
168 280
169 171
169 172
169 185
170 173
171 172
171 295
171 177
171 245
172 173
172 174
172 176
172 246
173 174
173 175
173 199
174 176
174 177
174 277
175 178
175 301
176 278
177 178
178 179
178 180
178 452
178 476
178 464
179 180
179 181
179 182
180 433
180 464
181 183
181 184
181 370
182 183
182 184
182 185
183 185
183 299
183 344
184 185
184 186
184 253
185 186
185 496
185 224
186 187
186 247
186 287
186 231
186 277
187 188
187 189
187 190
187 317
188 190
188 191
188 393
188 216
189 190
189 191
189 192
190 191
190 193
190 426
190 425
190 500
191 192
191 449
191 366
192 194
192 195
192 376
193 194
193 391
194 195
194 358
195 196
195 197
195 198
195 394
196 197
196 392
196 267
197 198
197 199
197 253
197 265
197 204
198 199
198 201
198 500
199 200
199 403
200 201
200 203
201 203
201 204
201 409
202 205
202 294
202 229
203 204
203 205
203 206
204 205
204 206
204 207
204 341
204 248
205 206
206 208
206 209
206 232
207 208
207 209
208 209
208 210
208 213
208 401
208 448
209 210
209 212
209 495
209 243
210 211
210 213
210 484
211 440
211 330
211 257
211 348
212 215
212 252
212 413
213 481
213 294
213 460
214 216
214 322
214 297
215 216
215 217
215 218
215 271
215 452
215 434
216 218
216 263
217 409
217 300
218 326
218 270
218 498
219 220
219 221
219 222
220 222
220 223
220 275
220 279
220 286
220 392
221 244
222 224
222 225
222 446
223 226
223 310
223 495
224 226
224 304
224 400
224 286
225 227
225 228
225 330
226 227
226 228
226 229
227 228
227 229
227 230
228 229
228 230
228 231
229 230
229 231
230 231
230 306
230 256
231 232
231 387
232 233
232 234
232 235
233 235
233 261
233 408
234 235
234 237
234 281
234 452
234 331
235 236
235 238
236 237
236 239
236 290
237 238
237 240
237 459
237 492
237 446
238 239
238 240
238 241
238 295
238 384
239 241
239 242
240 242
240 243
240 371
240 407
241 243
241 244
241 381
242 244
242 383
242 371
243 245
243 459
243 309
243 317
244 245
244 246
244 247
245 247
245 248
245 416
246 247
246 248
246 249
247 324
247 440
247 470
248 249
248 251
249 251
249 252
249 476
250 251
250 479
250 435
251 252
251 253
251 254
251 454
252 253
252 254
252 255
253 255
253 256
254 257
254 489
254 432
255 257
255 258
255 486
255 300
256 257
256 259
256 457
257 378
257 287
257 362
258 259
258 270
258 282
258 377
259 431
259 387
260 261
260 262
260 263
261 262
261 263
261 410
261 439
261 278
262 264
262 265
262 416
263 264
263 265
263 304
264 266
264 281
264 384
265 268
265 287
266 267
266 268
266 269
266 332
267 268
267 269
267 270
267 316
267 335
268 270
268 271
268 367
269 270
269 271
269 326
270 271
270 273
270 468
270 342
271 273
271 274
272 273
272 274
272 275
273 281
274 275
274 277
274 394
275 276
275 277
275 461
276 277
276 279
276 450
276 285
277 278
277 279
277 296
278 280
279 281
279 282
279 334
280 282
280 283
280 457
281 284
281 476
282 283
282 285
282 314
283 285
283 286
283 413
284 453
284 468
284 404
284 318
285 287
286 289
287 289
287 307
288 458
289 290
289 291
290 291
290 293
291 292
291 293
291 294
291 343
292 294
292 429
293 294
294 297
295 296
295 297
296 297
296 489
297 298
297 299
297 300
297 493
298 299
298 300
299 302
299 408
299 487
299 324
300 303
300 330
300 483
301 302
301 304
302 303
302 304
302 305
303 304
303 305
303 306
304 305
304 306
304 485
305 307
305 308
305 385
305 476
306 307
306 308
306 309
307 309
307 424
308 309
308 310
308 311
309 311
309 312
310 312
310 313
310 450
310 423
310 429
311 312
311 349
312 313
312 322
313 314
313 315
313 316
314 315
314 317
314 486
315 316
315 317
316 318
317 318
317 372
318 319
318 320
319 320
319 321
319 322
320 321
320 322
320 323
320 346
320 409
321 323
321 324
322 323
322 325
323 324
323 325
323 326
324 327
325 326
325 327
325 328
326 327
326 328
327 329
327 398
328 329
328 330
328 331
329 446
329 340
329 469
330 331
330 333
331 332
331 334
332 333
332 335
333 334
333 335
333 336
334 336
334 453
334 486
334 499
334 467
335 339
335 468
336 337
336 456
336 472
337 411
337 384
337 443
338 339
338 340
338 341
339 340
339 444
339 418
340 341
340 343
341 343
341 437
342 343
342 345
343 344
343 346
344 345
344 347
345 346
345 347
345 348
345 473
346 347
346 349
346 372
347 348
347 349
347 350
348 360
348 446
349 352
349 483
349 451
350 352
350 455
351 352
351 353
351 354
352 353
352 354
352 355
352 491
353 355
353 356
353 423
354 355
354 356
354 405
354 427
355 357
355 411
355 500
356 357
356 358
356 359
357 358
357 359
357 360
358 359
358 360
358 364
359 360
359 361
359 362
360 361
360 362
360 363
360 382
361 363
361 364
362 363
362 417
363 365
363 366
363 487
364 367
364 405
365 366
365 368
366 499
367 368
367 369
367 370
368 371
368 400
369 370
369 372
369 449
370 373
370 428
371 459
372 373
373 374
373 492
373 398
374 375
374 376
374 398
374 399
375 377
375 378
375 381
375 429
376 378
376 379
377 378
377 495
377 494
378 379
378 381
379 380
379 381
379 402
379 403
380 381
380 382
380 383
380 499
381 478
382 385
383 385
383 386
384 385
384 484
385 386
385 387
385 388
386 387
386 388
386 389
386 450
387 402
388 389
388 390
388 412
389 390
389 391
389 392
390 392
390 393
390 483
391 393
391 394
391 476
392 393
392 395
392 455
393 396
394 396
394 397
394 469
395 396
395 397
395 398
396 397
396 398
396 399
397 398
397 400
397 495
398 400
398 401
398 471
399 401
399 402
400 402
400 403
401 402
401 458
402 470
403 404
403 465
404 406
404 407
405 408
406 407
406 408
406 409
407 408
407 479
408 409
408 410
409 410
409 412
410 411
410 413
411 412
411 413
411 418
412 499
412 498
413 414
413 415
413 416
413 434
414 416
414 417
414 488
414 442
415 416
415 417
415 418
416 418
416 419
417 418
417 419
417 420
418 419
418 420
419 422
420 422
420 423
421 422
421 424
422 423
422 424
423 424
423 425
424 425
424 427
425 426
425 427
426 427
426 429
427 428
427 429
427 476
428 430
428 431
429 431
430 431
430 432
431 432
431 434
432 433
432 434
432 435
433 434
433 435
433 436
434 445
435 436
435 438
435 446
435 485
436 438
436 439
437 438
437 439
437 440
438 439
438 441
438 450
439 441
439 442
440 441
440 443
441 442
441 443
441 444
442 443
442 445
443 444
443 445
443 446
444 445
444 446
444 447
445 446
445 495
446 447
446 449
447 448
447 449
447 450
448 450
449 450
449 451
449 452
450 451
450 453
451 452
452 473
453 455
453 456
454 455
455 456
455 457
456 458
457 459
459 461
459 462
460 461
460 462
461 463
461 484
461 495
462 463
462 465
463 464
463 466
464 465
464 466
465 466
466 468
466 469
466 486
467 469
467 470
468 470
469 471
469 472
470 471
470 472
471 473
472 473
472 474
473 476
475 476
475 477
475 478
476 478
476 479
477 478
477 479
477 480
478 479
478 481
479 480
480 481
480 482
480 483
481 482
481 483
481 484
482 483
482 484
482 485
483 484
483 486
484 487
485 488
486 489
487 488
487 489
487 490
488 489
488 490
488 491
489 492
490 491
490 492
490 493
491 494
492 493
492 494
492 495
493 494
493 495
494 495
494 497
495 498
496 498
497 498
497 499
498 499
498 500
