500 1500
1 3
1 499
1 4
1 498
1 496
1 26
1 479
2 4
2 499
2 129
2 44
2 481
2 189
3 6
3 500
3 402
3 81
3 422
4 6
4 7
4 370
4 286
5 7
5 8
5 189
6 9
6 487
6 460
6 34
7 8
7 9
7 10
7 245
8 9
8 11
8 347
9 10
9 12
9 222
10 13
10 460
10 254
10 423
10 357
11 14
11 182
11 307
12 13
12 14
12 15
13 14
13 15
13 411
14 16
14 17
14 483
14 411
15 18
15 289
15 383
15 292
16 17
16 116
16 260
16 91
16 462
17 19
17 20
17 355
17 381
18 19
18 21
18 308
18 182
19 20
19 21
19 22
19 355
19 369
19 490
20 22
20 23
20 42
20 121
20 172
21 24
21 160
21 211
21 412
22 23
22 24
22 493
22 363
23 25
23 26
23 60
23 140
24 26
24 27
24 204
24 434
25 27
25 28
25 66
25 474
25 334
26 29
26 215
26 498
26 72
27 29
27 212
27 63
27 472
27 236
27 272
28 30
28 31
28 78
28 344
29 31
29 402
29 279
29 248
30 32
30 469
30 92
30 325
31 32
31 33
31 184
32 33
32 35
32 69
32 152
32 315
33 35
33 36
33 125
33 137
33 95
34 36
34 66
34 432
35 38
35 334
35 352
36 39
36 453
36 113
36 264
37 38
37 39
37 257
37 261
37 221
37 260
38 39
38 40
38 41
39 40
39 224
39 44
39 355
40 41
40 42
40 43
40 128
40 145
41 44
41 457
41 146
41 300
41 97
41 224
42 44
42 45
42 417
42 496
43 44
43 46
43 148
43 258
43 192
44 352
44 246
45 46
45 47
45 129
45 90
46 48
46 49
46 284
46 111
47 48
47 50
47 409
47 161
48 49
48 51
48 126
49 52
49 365
49 111
49 497
49 313
50 51
50 52
50 278
50 453
51 54
51 148
51 408
51 407
51 411
52 53
52 54
52 392
53 54
53 55
53 56
53 180
54 55
54 57
54 451
55 56
55 58
55 482
56 57
56 58
56 59
56 360
56 196
56 276
57 59
57 60
57 107
57 292
58 60
58 61
58 209
59 60
59 61
59 62
59 359
59 119
60 61
60 62
60 413
61 62
61 63
61 64
61 201
62 64
62 391
62 160
62 150
62 371
63 65
63 90
64 65
64 66
64 67
64 358
64 104
65 67
65 68
65 154
65 349
66 67
66 68
66 69
67 70
67 348
67 161
67 262
68 70
68 71
68 469
68 121
69 307
69 482
70 73
70 327
70 340
71 79
71 464
71 133
71 342
72 153
72 404
73 74
73 75
73 76
73 374
74 75
74 76
74 144
75 76
75 77
75 78
76 77
76 79
76 206
77 78
77 79
77 113
77 152
77 280
77 193
78 81
78 342
78 255
78 288
79 80
79 81
79 82
80 81
80 180
80 443
80 214
81 308
81 211
82 83
82 85
82 318
82 412
83 84
83 86
83 336
83 454
84 86
84 397
84 406
84 347
85 86
85 88
85 247
85 418
85 293
86 87
86 415
86 475
86 317
87 278
87 179
87 298
87 100
87 199
88 90
88 91
88 145
88 123
88 405
89 92
89 100
89 108
89 478
90 91
90 92
91 92
91 94
91 476
91 316
92 93
92 94
92 95
93 279
93 421
93 230
93 271
94 95
94 96
94 97
95 96
95 308
95 322
96 97
96 98
96 99
96 457
97 99
97 260
98 99
98 101
98 112
99 100
99 102
99 298
99 434
99 210
100 101
100 103
100 392
101 102
101 103
101 347
102 103
102 104
102 105
102 122
103 104
103 106
103 472
103 344
103 109
104 105
104 175
104 112
104 165
105 106
105 107
105 108
106 107
106 109
106 264
107 108
107 109
107 225
107 258
107 347
108 109
108 135
108 298
109 110
109 111
110 111
110 155
110 342
111 114
111 461
112 113
112 114
112 230
112 426
112 292
112 326
112 464
112 484
113 116
113 168
113 127
114 117
114 162
114 326
114 125
115 242
115 419
115 254
116 242
116 453
117 119
117 120
117 471
117 175
118 119
118 120
118 282
119 120
119 121
119 348
120 121
120 123
120 356
120 236
121 433
122 123
122 125
123 126
123 382
124 125
124 127
124 164
125 126
125 399
126 127
126 157
126 390
126 384
127 128
127 235
128 129
128 447
128 498
128 468
129 130
129 131
129 132
129 169
130 131
130 132
130 133
131 132
131 133
131 277
131 300
131 181
131 313
132 134
132 135
132 411
133 134
133 384
134 135
134 136
134 137
134 335
135 136
135 137
135 138
136 137
136 139
136 219
136 257
136 306
137 144
137 408
137 415
138 139
138 141
138 211
138 304
139 140
139 141
139 320
140 141
140 143
141 143
141 334
141 469
142 143
142 144
142 145
143 146
143 308
143 351
143 214
143 254
144 145
144 146
144 275
145 146
145 147
146 149
146 341
147 148
147 150
147 248
148 150
148 151
148 159
148 177
149 150
149 151
149 152
150 151
150 441
151 152
151 153
151 154
152 153
152 155
152 461
153 155
153 252
153 303
154 156
154 157
154 431
154 384
155 156
155 157
155 158
155 406
156 157
156 158
156 207
157 159
157 160
157 335
157 398
157 478
158 160
158 161
158 190
158 188
159 162
159 475
159 415
159 479
160 161
160 162
160 163
160 482
160 249
161 162
161 163
161 425
161 240
162 163
162 164
162 165
162 428
163 164
163 165
163 166
164 165
164 167
164 261
164 357
164 283
165 167
165 420
165 489
166 168
166 169
166 449
166 405
167 168
167 169
167 170
167 453
168 169
168 170
168 171
169 451
169 498
169 499
169 270
170 171
170 172
170 173
170 271
171 172
171 173
171 280
172 173
172 175
172 261
173 174
173 327
173 332
173 395
173 477
173 488
174 176
174 177
174 257
174 431
175 178
175 439
176 177
176 178
176 179
176 434
177 406
177 345
178 180
178 181
178 215
178 481
179 181
179 182
180 338
180 437
180 293
181 182
181 183
181 446
182 435
182 353
182 487
182 223
183 185
183 302
183 410
183 428
183 357
183 294
184 186
184 206
184 419
185 186
185 187
185 188
185 372
186 188
186 189
186 234
186 270
186 471
187 188
187 189
187 190
187 293
187 352
187 425
188 400
188 418
188 491
189 190
189 421
190 191
190 192
190 193
191 192
191 193
191 194
192 193
192 195
192 344
193 194
193 276
193 290
194 195
194 196
194 197
194 220
195 196
195 197
195 372
195 466
195 357
196 198
196 373
197 199
197 484
197 325
198 200
198 201
198 262
198 414
199 200
199 201
199 202
199 242
200 201
200 202
200 203
200 469
200 476
201 203
201 204
202 212
202 330
202 488
202 232
203 204
203 205
203 424
203 390
204 205
204 206
204 207
205 207
205 324
205 500
205 481
206 207
206 208
206 282
207 208
207 422
207 291
207 449
208 209
208 210
208 211
209 210
209 211
209 212
210 211
210 212
211 213
211 214
211 355
211 384
212 213
212 215
212 470
213 215
213 216
213 217
213 493
214 215
214 217
214 316
215 216
215 217
215 218
215 290
216 218
216 219
216 494
216 273
216 319
216 232
217 218
217 419
217 458
218 219
218 221
218 317
218 347
219 221
219 222
220 221
220 223
221 222
221 290
221 286
222 223
222 225
222 370
222 317
223 224
223 225
224 225
224 226
224 342
225 226
225 228
226 227
226 228
226 229
227 228
227 229
227 230
227 313
227 434
227 257
228 229
228 230
228 231
228 400
229 232
229 496
229 337
230 233
231 232
231 233
231 234
231 282
232 233
232 235
233 234
233 236
233 370
234 235
234 236
234 237
234 318
235 237
235 238
235 385
235 287
236 237
236 238
236 239
237 368
237 344
237 260
238 239
238 240
238 241
238 473
239 240
239 241
239 242
240 241
240 242
241 242
241 244
241 267
242 243
242 244
243 244
243 246
243 441
244 245
244 246
244 247
245 246
245 248
245 316
245 319
245 323
246 247
246 248
246 367
247 250
247 370
247 253
247 346
248 249
248 250
248 251
249 250
249 251
249 442
250 251
250 253
250 354
250 438
251 252
251 253
251 459
251 349
252 253
252 254
252 255
252 496
253 254
253 256
254 257
254 361
255 256
255 485
255 363
256 257
256 258
256 259
256 269
257 260
258 261
259 260
259 262
259 479
260 271
261 334
261 460
262 263
262 264
263 264
263 266
263 454
264 265
264 266
265 266
265 267
265 268
265 274
266 267
266 269
266 439
266 337
267 268
267 269
267 346
268 269
268 270
268 271
269 270
269 272
270 271
270 400
271 272
271 287
271 392
272 273
272 274
272 439
272 447
273 275
273 276
273 323
274 275
274 276
274 314
275 276
275 278
275 329
276 278
277 280
277 486
277 470
278 279
278 281
278 418
279 281
279 464
279 381
280 282
280 283
280 334
281 283
281 284
281 345
282 283
282 285
283 284
283 285
283 467
284 285
284 286
284 287
284 290
285 286
285 287
285 288
285 323
286 490
286 346
286 316
286 424
287 288
287 289
287 367
287 469
288 289
288 291
289 290
289 292
289 299
289 365
290 293
290 296
291 292
291 372
293 312
294 295
294 296
294 500
295 296
295 419
295 326
296 298
296 299
297 298
297 299
297 300
297 347
298 301
298 381
299 301
299 302
300 301
300 302
300 377
301 302
301 303
301 304
301 435
302 303
302 304
302 305
302 472
303 304
303 305
303 306
303 310
304 305
304 306
304 307
305 306
305 307
305 308
305 329
306 307
306 308
307 308
307 309
307 310
308 309
308 310
308 385
308 373
309 310
309 311
309 312
310 312
310 313
310 416
311 312
311 313
311 314
312 314
312 320
313 315
314 315
314 394
314 326
315 317
315 421
315 438
316 357
318 321
319 321
320 321
320 322
320 323
321 322
321 323
321 324
321 393
322 323
322 324
323 444
324 326
324 327
324 386
325 326
325 327
326 327
326 328
327 328
327 329
327 330
327 333
327 369
328 329
328 330
328 331
329 500
329 478
330 332
330 333
331 332
331 334
331 427
332 333
332 335
332 370
333 335
333 336
334 337
334 339
335 337
336 337
336 338
336 339
337 338
337 340
338 340
338 341
339 342
339 451
340 341
340 342
340 343
340 385
341 342
341 343
341 344
342 374
342 452
342 388
343 344
343 345
343 346
344 345
344 455
345 346
345 347
345 348
345 440
346 348
346 374
347 348
347 368
348 349
348 499
349 350
349 352
350 352
350 353
350 432
351 352
351 354
351 375
352 353
352 355
353 354
353 356
353 362
354 355
354 356
354 357
355 357
356 358
356 359
358 360
358 468
359 373
359 426
359 485
360 361
360 363
361 362
361 364
362 363
362 426
362 390
363 364
363 365
363 366
363 399
364 365
364 366
364 367
365 366
365 367
365 368
365 484
366 367
366 368
366 369
367 370
368 369
368 370
369 371
370 371
370 454
370 378
371 372
371 373
371 391
372 404
373 374
373 375
373 376
374 375
374 377
375 376
375 377
375 378
375 396
376 379
376 438
376 480
377 378
377 379
377 380
378 379
378 380
379 380
379 381
379 382
380 381
380 382
380 383
381 383
381 488
381 412
381 446
381 429
382 383
382 384
382 385
383 385
383 386
383 469
384 387
384 413
385 386
386 387
386 388
386 389
386 404
387 388
387 389
387 390
388 389
388 390
389 390
389 391
389 392
390 391
390 393
391 392
391 397
392 394
392 413
393 394
393 462
394 396
394 397
395 396
395 398
395 435
396 399
396 493
397 398
397 399
397 400
397 432
398 400
398 499
398 467
399 400
399 454
400 402
401 402
401 403
401 404
402 403
402 404
402 405
403 404
403 405
403 406
404 405
404 407
405 407
406 408
406 409
407 408
407 410
408 409
408 411
409 411
409 412
410 411
410 469
411 412
411 465
412 415
413 415
414 416
414 417
415 418
415 432
415 468
415 495
416 417
416 419
417 418
417 419
417 423
418 420
418 421
419 420
419 421
419 478
420 422
420 423
420 434
421 422
421 423
421 424
422 423
422 424
422 425
422 456
423 425
423 426
424 425
424 492
425 426
425 428
426 428
426 429
426 451
427 428
427 429
427 430
428 429
429 430
429 431
430 431
430 433
430 492
431 434
431 473
432 475
433 434
433 435
433 436
435 437
435 483
436 437
436 438
436 489
436 458
437 438
437 439
437 440
438 439
438 492
439 441
440 442
440 443
441 443
441 444
441 455
442 443
442 445
443 444
443 445
443 446
444 445
444 446
444 474
445 446
445 448
445 499
446 449
447 449
448 449
448 450
448 451
449 450
449 451
449 452
450 451
450 452
450 453
451 453
451 491
452 453
452 454
452 479
453 455
453 456
454 455
454 456
455 456
455 457
455 458
456 457
456 458
457 459
457 460
458 459
458 460
459 460
459 462
460 462
460 463
461 463
462 463
462 464
462 465
463 464
463 465
463 466
464 466
465 466
465 468
466 468
466 469
466 471
467 468
467 469
468 471
469 470
469 476
470 471
470 472
471 472
471 474
473 474
473 476
473 494
474 477
475 476
475 477
475 478
476 485
477 478
477 480
478 479
478 488
479 481
480 481
480 483
480 499
480 492
481 483
481 484
482 484
482 485
483 485
483 486
484 486
485 486
485 487
486 487
486 488
486 489
487 488
487 489
487 490
488 489
488 490
489 490
489 492
490 491
490 492
491 492
492 494
493 494
494 496
494 497
495 497
495 498
496 499
497 499
497 500
498 499
