500 1500
1 2
1 500
1 3
1 499
1 266
1 94
2 3
2 5
2 129
3 5
3 500
3 276
3 8
3 176
4 6
4 173
4 331
4 189
5 6
5 7
5 15
5 334
5 374
6 7
6 8
6 405
6 235
7 8
7 10
7 178
7 143
7 210
7 237
8 10
8 26
8 188
9 10
9 11
9 12
9 54
10 12
10 261
10 128
10 390
10 491
11 12
11 13
11 14
11 451
12 13
12 14
12 242
12 391
12 286
13 14
13 15
13 16
14 15
14 17
14 449
15 18
15 39
16 17
16 18
16 19
17 18
17 20
17 481
17 260
17 69
18 19
18 21
18 459
18 147
19 20
19 22
19 257
20 23
20 118
20 391
20 401
20 200
20 290
21 24
21 386
21 385
21 117
22 23
22 24
22 25
22 376
23 24
23 25
23 26
23 384
23 62
23 228
24 25
24 26
24 27
24 413
25 26
25 27
25 28
25 78
25 131
26 28
26 277
26 314
26 179
26 213
27 28
27 29
27 30
28 29
28 31
28 165
28 370
28 355
28 312
29 93
29 68
29 128
29 267
30 31
30 33
30 309
31 32
31 248
31 119
31 87
31 456
32 34
32 35
32 94
32 338
32 399
33 34
33 36
33 426
33 170
33 305
34 35
34 36
34 37
34 284
35 36
35 37
35 38
36 38
36 39
36 312
36 245
37 38
37 40
37 318
37 241
37 91
38 39
38 40
38 112
38 329
38 271
38 279
39 41
39 42
39 293
39 101
39 404
39 114
39 125
39 266
40 41
40 42
40 461
41 42
41 43
41 44
42 43
42 44
42 74
43 45
43 46
43 236
43 383
43 133
44 46
44 59
44 183
44 141
45 48
45 57
45 214
45 188
45 367
46 47
46 321
46 448
47 48
47 50
47 250
48 49
48 50
48 281
49 51
49 52
49 240
50 52
50 339
50 367
50 164
51 54
51 189
51 494
52 53
52 54
52 55
53 54
53 55
53 56
54 55
54 56
55 57
55 58
55 450
55 155
56 57
56 59
56 140
56 280
56 252
56 219
57 60
57 298
57 337
57 191
57 340
58 59
58 302
58 248
59 61
59 222
59 121
59 450
60 61
60 63
60 103
60 125
61 63
61 64
61 294
62 63
62 64
62 110
63 64
63 65
63 66
63 317
63 425
64 65
64 67
64 362
64 199
64 449
65 66
65 68
65 297
65 155
65 399
66 67
66 68
66 69
67 68
67 69
67 70
67 380
68 71
68 457
68 111
68 437
69 70
69 71
69 160
69 318
70 71
70 72
70 73
70 189
71 72
71 73
71 74
72 74
72 75
72 217
72 96
73 74
73 75
73 87
73 409
74 75
74 76
74 77
75 77
75 456
75 258
75 491
76 77
76 78
76 79
76 129
76 494
76 116
77 499
77 86
77 360
77 490
77 483
78 80
78 158
78 115
78 435
79 80
79 81
79 82
79 97
80 81
80 83
80 499
81 82
81 83
81 84
81 130
81 167
82 84
82 85
82 446
82 191
83 84
83 200
83 352
83 159
84 85
84 87
84 414
85 87
85 156
85 371
85 260
85 233
86 89
86 430
87 88
87 90
87 242
87 438
88 91
88 294
88 217
88 384
89 90
89 91
89 92
89 127
89 284
89 448
89 376
90 91
90 186
90 110
91 92
91 93
92 93
92 94
92 95
92 110
93 96
93 256
93 258
94 96
94 97
94 300
94 389
95 98
95 133
95 376
95 119
95 441
96 97
96 297
96 446
96 475
97 98
97 100
97 129
97 156
97 203
97 459
98 100
98 172
98 233
98 277
99 100
99 101
99 102
100 101
100 102
100 103
100 422
100 467
101 103
101 168
102 103
102 104
102 333
103 106
103 156
103 301
104 105
104 106
104 107
104 310
104 336
104 445
105 106
105 107
105 108
105 311
105 319
105 432
105 333
106 107
106 109
106 179
107 108
107 109
107 110
107 442
108 109
108 110
108 276
108 415
108 303
109 111
109 112
109 335
109 227
110 112
111 112
111 113
111 114
112 114
112 115
112 499
113 114
113 116
113 326
114 115
114 272
114 343
115 116
115 214
116 118
116 410
117 118
117 119
117 462
118 119
118 121
118 387
118 283
118 338
119 319
119 342
120 121
120 122
120 367
121 123
121 124
121 218
121 287
122 123
122 124
122 131
122 289
122 149
122 230
122 496
123 124
123 125
123 126
123 251
124 125
124 126
124 127
124 337
125 126
125 128
125 238
126 127
126 128
126 146
126 137
126 428
127 365
127 306
128 131
128 491
128 327
129 132
130 131
130 184
130 295
130 375
131 165
131 221
132 134
132 310
132 455
132 381
133 135
133 409
134 137
134 399
134 410
134 361
135 136
135 137
135 138
135 486
136 137
136 138
136 139
136 256
137 140
137 192
138 139
138 141
138 421
139 141
139 330
139 433
140 143
140 158
140 416
140 221
141 143
141 144
141 470
141 357
141 217
142 144
142 356
142 264
142 294
142 350
143 144
143 145
143 361
143 448
143 373
144 145
144 147
144 165
144 409
145 146
145 148
145 347
146 149
146 237
146 495
147 148
147 150
147 214
148 169
148 360
148 271
149 152
149 468
149 326
150 151
150 152
150 153
150 387
151 152
151 153
151 359
151 277
151 460
152 153
152 154
152 155
153 155
153 267
153 268
153 493
154 155
154 156
154 157
154 358
154 196
155 157
155 477
156 157
156 159
157 160
157 223
157 389
158 161
158 208
158 408
159 160
159 161
160 161
160 213
161 162
161 163
161 164
162 163
162 165
162 198
162 261
163 166
163 493
163 260
163 216
163 485
164 165
164 166
164 167
164 221
164 251
164 388
165 484
165 405
165 428
166 167
166 168
166 169
166 394
167 232
167 438
168 169
168 185
168 181
168 454
168 440
169 172
169 353
169 379
169 495
170 171
170 172
170 173
170 399
170 475
171 172
171 173
171 174
171 300
172 174
172 241
172 218
173 174
173 191
173 492
173 244
174 175
174 176
174 177
175 177
175 178
175 180
176 178
176 382
176 347
177 178
177 179
177 180
177 229
178 180
178 181
179 182
179 351
179 263
179 452
180 181
180 182
180 183
181 183
181 184
181 219
181 433
182 185
182 353
182 481
182 236
183 186
183 400
184 186
184 476
184 479
184 269
184 486
185 187
185 236
186 187
186 189
186 418
186 421
186 384
187 188
187 189
187 190
187 246
188 189
188 191
189 191
189 464
190 191
190 192
190 193
191 193
191 440
191 234
192 194
192 212
192 404
192 497
193 194
193 195
193 492
194 196
194 267
194 378
195 196
195 197
195 198
195 376
195 299
196 197
196 199
196 260
197 198
197 199
197 200
197 435
198 199
198 249
198 292
199 200
199 202
200 201
200 385
201 203
201 204
201 349
201 225
202 203
202 204
202 205
202 474
203 214
203 269
203 433
203 267
204 206
204 207
204 216
204 414
205 206
205 207
205 208
205 258
205 400
206 207
206 208
206 209
207 208
207 210
207 255
207 402
208 209
208 210
208 211
209 212
209 478
209 487
209 213
209 438
210 213
210 375
210 353
211 212
211 213
211 214
211 458
211 474
212 213
212 306
212 282
212 214
212 463
213 214
213 446
214 417
214 356
214 429
215 216
215 217
215 500
216 217
216 219
217 218
217 219
217 460
218 219
218 221
218 313
219 220
219 222
220 222
220 291
220 264
220 297
221 223
221 222
221 391
222 224
222 300
222 370
222 353
223 225
223 226
223 260
224 225
224 226
224 406
224 331
225 419
225 244
225 274
226 227
226 228
226 229
227 229
227 299
228 230
228 349
229 230
229 231
230 231
230 410
231 233
231 234
231 290
232 233
232 234
232 235
233 234
233 420
233 500
234 235
234 236
234 268
234 457
235 236
235 237
235 263
235 361
236 237
236 336
236 280
237 343
238 241
238 347
239 240
239 242
239 386
240 241
240 243
240 358
241 242
241 348
242 411
242 265
243 244
243 246
243 375
244 246
244 247
245 300
245 400
245 378
246 247
246 249
247 248
247 249
247 281
247 269
248 250
248 251
249 252
249 399
249 336
249 279
250 251
250 252
250 253
250 450
250 434
251 307
251 435
252 253
252 283
252 320
253 254
253 256
253 349
254 255
254 256
254 333
254 458
255 257
255 386
255 429
255 315
256 257
256 259
256 345
256 300
257 258
257 259
257 260
258 259
259 260
259 262
259 391
260 261
260 288
261 262
261 263
262 263
262 264
262 480
262 424
263 264
263 265
263 266
264 265
264 267
265 266
265 267
265 292
266 267
267 269
267 375
267 447
268 269
268 475
269 270
269 272
269 477
270 271
270 272
270 273
271 272
271 274
271 282
272 274
272 275
272 475
273 274
273 275
273 276
274 276
274 341
274 489
274 454
275 276
275 277
275 433
276 279
276 485
277 279
277 487
278 279
278 280
278 281
279 280
279 281
279 383
280 282
280 335
281 282
281 284
282 283
282 285
282 345
283 286
283 348
284 394
284 450
284 473
285 286
285 287
285 434
286 287
286 288
287 288
287 289
287 444
288 289
288 291
288 379
289 291
289 292
290 291
290 293
290 319
291 294
291 301
291 323
291 433
291 407
292 293
292 294
292 295
293 295
293 296
293 411
294 295
294 297
295 296
295 298
295 358
296 298
296 299
296 481
296 343
297 299
298 300
298 376
298 461
299 300
299 301
299 304
299 498
301 302
301 303
302 303
302 305
302 387
302 348
303 304
303 305
303 306
304 306
304 307
304 348
305 306
305 318
306 307
306 308
306 309
307 308
307 310
307 322
308 310
308 311
308 382
308 459
309 310
309 312
309 403
310 311
310 458
310 394
311 313
311 314
312 313
312 314
313 314
313 315
313 424
313 347
314 316
314 398
315 316
315 317
316 317
316 319
316 353
316 488
317 438
317 392
318 319
318 320
318 457
318 468
319 322
320 321
320 322
320 323
320 364
321 322
321 324
321 430
322 323
322 324
323 325
323 326
323 463
324 325
324 326
324 410
325 326
325 327
325 473
325 369
326 327
326 328
326 329
327 328
327 462
327 385
328 329
328 331
328 401
329 330
329 332
330 331
330 332
330 384
331 332
331 333
331 334
331 412
332 333
332 334
332 363
333 335
334 336
334 337
335 336
335 337
335 338
335 367
337 339
337 392
337 369
338 339
338 382
339 340
339 341
339 342
339 466
340 341
340 414
340 354
341 342
341 344
341 405
341 469
342 343
342 344
342 345
343 344
343 454
344 345
344 346
344 347
345 348
345 415
345 456
346 347
346 349
346 434
347 349
348 350
348 432
348 441
349 350
349 352
349 489
350 351
350 352
350 353
351 352
351 353
351 354
352 355
352 419
352 356
353 354
353 471
354 355
354 356
354 357
355 356
355 358
356 357
356 431
356 434
356 362
357 358
357 466
358 379
359 361
359 362
360 362
360 388
361 363
362 363
362 364
362 365
363 364
363 365
363 394
364 365
364 366
365 366
365 367
365 368
366 367
366 377
366 475
368 369
368 370
368 371
369 370
369 371
370 371
370 372
370 457
371 398
371 449
372 373
372 374
372 375
373 374
373 375
373 382
374 375
374 376
374 377
375 376
375 377
375 378
377 378
377 379
377 380
377 395
378 379
378 464
379 381
379 382
379 453
380 381
380 382
381 382
381 383
381 384
381 423
382 384
383 384
385 387
385 388
385 485
386 387
386 388
386 389
387 388
387 389
387 488
388 389
388 391
388 425
389 409
389 499
390 391
390 393
390 424
391 393
392 395
392 407
393 394
393 395
393 396
394 397
395 396
395 397
396 397
396 398
396 399
397 398
397 399
397 400
398 399
398 400
398 401
400 401
400 402
401 402
401 403
401 404
402 403
402 405
402 463
403 404
403 405
403 406
404 407
405 408
406 407
406 409
407 408
407 410
408 409
408 411
409 410
410 412
410 469
410 424
411 412
411 414
412 414
412 415
413 414
413 415
414 416
415 418
416 418
416 442
417 418
417 419
417 420
418 420
418 421
419 420
419 421
419 425
420 421
420 422
420 423
421 422
421 423
421 473
422 423
422 425
423 425
423 426
423 431
424 425
425 427
426 428
426 429
427 428
427 429
427 430
428 429
428 430
428 431
429 430
429 431
430 431
430 432
430 433
431 434
432 435
433 434
433 486
434 435
434 437
434 482
435 436
436 437
436 438
436 439
437 439
437 462
438 441
439 440
439 441
439 442
440 442
441 442
441 451
442 443
442 444
443 444
443 445
443 446
444 445
444 446
445 446
445 447
446 447
447 449
447 450
448 449
448 451
449 450
449 452
450 452
450 453
451 452
452 453
452 454
453 455
453 456
454 455
455 457
455 458
456 458
456 459
457 459
458 461
459 460
459 490
460 462
461 462
461 463
461 464
462 464
462 465
464 465
464 466
465 466
465 467
465 468
466 467
466 468
467 468
467 470
468 469
468 470
469 470
469 472
470 471
470 472
470 493
471 472
471 487
472 473
472 474
472 475
473 475
474 476
475 478
476 477
476 487
477 479
477 480
478 479
478 480
478 481
479 480
479 482
480 482
480 483
481 482
481 483
481 484
482 483
482 485
483 484
483 485
483 486
484 485
484 486
484 487
485 488
486 487
487 488
487 489
487 490
488 490
489 490
489 491
489 492
490 492
490 493
491 493
492 493
492 494
492 495
492 497
493 494
493 495
494 495
494 497
495 496
495 498
496 497
496 498
497 498
497 499
498 499
498 500
499 500
