500 1500
1 3
1 499
1 4
1 56
1 449
1 120
1 19
2 3
2 4
2 63
3 4
3 5
3 6
3 500
3 442
4 5
4 6
4 7
4 83
5 6
5 7
5 397
6 7
6 8
6 9
6 97
7 8
7 9
7 461
7 215
8 9
8 271
8 266
8 268
9 12
9 36
9 425
10 12
10 13
10 281
10 316
10 460
10 233
11 12
11 13
11 14
12 14
12 15
12 248
12 413
13 16
13 91
13 348
13 375
14 15
14 16
14 17
15 18
15 431
15 500
16 17
16 18
16 19
16 368
16 361
17 18
17 19
17 62
18 19
18 20
18 434
19 20
19 303
20 21
20 22
20 223
20 244
20 342
20 98
20 499
21 22
21 24
21 397
22 24
22 25
22 185
22 55
23 24
23 25
23 26
23 242
23 448
24 25
24 26
24 235
24 267
25 28
25 52
25 485
26 29
26 217
26 441
26 174
27 28
27 29
27 30
27 263
28 29
28 30
28 31
29 31
29 427
29 369
30 32
30 33
30 128
31 32
31 33
31 34
31 137
32 33
32 34
32 35
32 191
33 34
33 35
33 36
33 233
33 264
34 35
34 37
34 455
35 36
35 38
35 39
35 479
35 127
36 37
36 38
36 39
36 368
37 38
37 39
37 491
38 41
38 148
38 359
38 140
39 41
39 42
39 497
39 256
39 445
40 41
40 42
40 43
40 450
41 42
41 44
41 280
42 44
42 45
42 245
43 45
43 46
43 336
44 46
44 47
44 321
44 262
45 247
45 410
45 132
45 240
45 236
46 47
46 49
46 113
46 119
46 207
46 276
47 49
47 50
47 136
47 444
47 356
48 50
48 51
48 227
48 405
48 74
49 51
49 274
49 268
50 51
50 52
50 53
50 100
50 323
51 53
51 54
51 57
51 273
52 53
52 54
52 55
52 237
52 468
53 55
53 56
53 213
54 57
54 194
54 465
54 108
54 375
55 57
55 474
55 390
55 129
56 57
56 58
56 59
56 214
57 58
57 59
57 461
58 59
58 451
58 365
58 405
59 61
59 62
59 292
59 169
60 63
60 499
60 362
60 187
61 62
61 63
61 64
61 218
61 308
61 151
61 260
61 449
62 64
62 464
62 389
63 286
63 196
63 173
63 312
63 460
64 65
64 66
64 308
65 68
65 159
65 367
65 212
65 409
66 67
66 69
66 478
67 68
67 69
67 70
68 70
68 71
68 404
69 70
69 72
69 402
69 147
69 372
69 301
69 320
70 71
70 72
70 73
71 72
71 90
71 374
71 245
71 484
72 73
72 74
72 248
73 74
73 75
73 267
73 184
74 75
74 77
74 261
74 496
74 422
74 101
75 78
75 79
75 233
76 426
76 343
76 204
77 79
77 80
77 103
78 79
78 80
78 81
79 378
79 127
79 436
80 81
80 83
80 263
80 401
80 406
81 83
81 84
81 462
82 83
82 262
82 128
83 84
83 85
84 85
84 86
84 87
85 88
85 280
85 323
86 87
86 88
86 89
87 90
87 160
87 157
87 354
88 89
88 91
88 233
88 257
89 90
89 91
89 92
89 371
89 396
90 91
90 92
90 93
90 472
91 92
91 94
91 415
91 197
92 94
92 113
92 493
93 94
93 96
93 288
93 201
94 97
94 237
94 222
95 97
95 237
95 124
96 97
96 99
96 250
97 99
97 220
97 450
97 493
98 99
98 100
98 101
98 416
98 470
99 100
99 101
99 102
99 243
100 101
100 103
101 102
101 408
101 373
101 358
102 103
102 104
102 105
102 425
102 467
103 105
103 106
103 414
103 292
104 105
104 106
104 107
104 323
104 403
104 183
105 106
105 107
105 280
106 107
106 108
106 109
106 163
107 109
107 110
107 233
108 109
108 111
109 110
109 111
109 112
109 270
110 111
110 112
110 113
111 112
111 113
111 114
112 113
112 114
112 203
112 380
113 114
113 116
113 201
114 116
114 347
114 230
115 116
115 159
115 119
115 299
115 275
116 117
116 119
116 370
116 138
117 118
117 119
117 487
118 466
118 291
118 477
118 237
119 121
119 492
119 373
119 308
120 121
120 440
120 196
121 122
121 123
121 124
121 452
121 374
122 123
122 124
122 125
123 124
123 125
123 126
124 125
124 127
124 461
124 410
125 394
125 156
125 224
125 438
125 254
126 127
126 128
126 129
126 336
126 400
127 128
127 323
128 131
128 382
128 460
128 500
129 130
129 366
130 131
130 132
130 133
131 400
131 343
131 493
132 135
132 399
132 273
133 134
133 135
133 416
133 497
134 136
134 137
134 446
135 136
135 137
135 138
135 285
135 394
136 137
136 139
136 174
136 175
136 225
136 380
137 139
137 152
138 139
138 140
139 140
139 141
139 142
139 277
140 142
140 457
140 162
141 143
141 144
141 345
141 205
142 144
142 145
142 227
142 457
142 198
143 144
143 145
143 146
143 256
143 315
143 493
144 146
144 147
144 275
144 266
145 146
145 147
145 148
145 347
146 147
146 149
146 382
146 443
147 226
147 484
147 224
148 150
148 151
148 339
149 306
149 170
149 362
149 198
150 151
150 152
150 153
150 339
150 414
151 152
151 154
151 461
151 216
152 153
152 154
152 155
152 216
153 155
153 419
153 239
153 310
154 155
154 157
154 411
154 207
154 464
155 156
155 157
155 158
155 297
156 159
156 402
157 159
157 160
157 219
158 161
158 246
158 383
159 161
159 279
160 161
160 162
160 163
160 189
160 299
160 420
161 162
161 163
161 164
161 342
162 414
162 353
162 227
163 165
163 307
164 165
164 166
164 167
164 424
165 166
165 167
165 168
165 451
166 167
166 169
166 263
166 310
167 168
167 169
167 170
168 169
168 170
168 171
168 432
168 285
168 489
169 412
169 372
169 251
170 171
170 172
170 173
170 259
170 458
171 173
171 174
171 425
171 186
171 416
172 173
172 175
172 292
172 303
173 174
173 176
174 175
174 404
174 488
175 178
175 401
175 314
176 179
176 230
176 499
176 204
177 178
177 179
177 180
178 180
178 181
178 281
179 180
179 181
179 182
179 412
179 239
179 306
180 182
180 494
180 207
181 182
181 183
181 184
182 185
182 453
182 255
182 262
183 186
183 309
183 410
183 242
184 288
184 286
185 186
185 188
185 318
186 187
186 189
186 380
187 425
187 373
188 191
188 202
188 340
189 192
189 251
189 218
190 191
190 193
190 393
191 194
191 245
191 426
192 193
192 195
192 240
192 393
192 437
193 194
193 332
193 391
193 394
194 196
194 378
194 424
194 347
195 196
195 197
195 198
195 465
195 479
196 199
196 478
196 352
197 198
197 199
197 463
198 199
198 201
198 257
198 368
199 200
199 202
199 341
199 221
200 202
200 203
200 453
200 372
201 202
201 204
201 322
201 345
202 203
202 204
202 205
202 374
202 249
203 205
203 206
204 206
204 447
204 385
205 206
205 207
205 389
206 207
206 208
206 453
207 209
207 408
208 209
208 210
208 211
208 306
209 210
209 211
209 212
209 316
210 212
210 428
210 355
210 389
211 212
211 214
211 401
212 214
212 265
212 403
213 216
213 354
213 495
213 316
214 215
214 216
214 243
214 279
215 216
215 217
215 286
215 408
216 217
217 218
217 219
217 220
217 398
217 444
217 474
218 221
219 222
219 324
219 386
220 221
220 223
221 224
221 409
221 254
221 446
222 224
222 225
222 247
222 407
223 225
223 433
223 362
224 226
224 227
224 311
225 226
225 438
225 352
226 227
226 228
226 229
227 228
227 229
227 428
228 229
228 230
228 231
229 230
229 231
229 361
229 351
230 231
230 232
230 233
231 232
231 234
231 310
231 250
232 234
232 398
232 382
234 237
234 361
234 245
234 296
234 256
234 334
235 236
235 237
235 400
236 238
236 239
236 365
236 350
237 240
237 339
238 239
238 240
238 241
238 290
239 240
239 395
239 429
239 282
240 243
241 242
241 243
241 244
241 478
242 245
242 364
243 246
243 414
244 246
244 247
244 341
244 430
245 246
245 247
246 248
246 249
246 355
246 374
247 248
247 249
247 250
248 251
248 300
248 367
248 417
249 252
249 459
250 251
250 357
251 252
251 329
252 253
252 254
252 255
252 406
253 254
253 255
253 451
254 257
254 321
255 256
255 457
255 293
257 260
257 311
257 422
258 259
258 260
258 261
259 261
259 262
260 261
260 263
260 416
260 280
261 263
261 264
262 265
263 402
264 265
264 267
265 266
265 268
265 350
265 332
266 268
266 269
266 441
267 269
267 321
267 498
268 270
268 498
269 270
269 271
269 272
269 415
270 271
270 363
271 272
271 273
271 274
271 376
272 273
272 274
272 275
272 278
273 275
274 275
274 276
274 277
274 429
275 276
275 277
275 369
275 399
275 325
276 277
276 278
276 408
277 279
277 280
278 280
278 430
279 280
279 402
280 281
280 283
281 282
281 283
281 490
281 294
282 285
282 355
283 284
283 286
283 358
284 285
284 286
284 287
284 422
285 350
286 288
286 470
286 291
287 288
287 290
287 298
287 349
288 290
288 291
289 290
289 291
289 292
290 292
290 293
290 475
291 293
292 294
292 295
293 294
293 312
293 432
294 295
294 296
294 370
295 296
295 297
295 444
296 297
296 419
297 299
297 429
297 487
298 299
298 300
298 301
299 302
299 479
299 463
300 301
300 303
300 372
301 302
301 303
302 303
302 304
302 305
302 444
303 304
303 305
304 306
304 307
304 337
304 489
305 306
305 308
305 377
306 307
306 472
307 417
307 341
307 361
308 310
309 310
309 311
309 312
310 311
310 378
310 430
311 313
311 314
312 313
312 315
313 314
313 315
313 316
313 388
314 316
314 317
315 316
315 318
316 319
316 482
317 318
317 319
317 324
317 483
317 488
318 319
318 320
318 321
319 320
319 321
319 322
319 463
320 321
320 434
321 322
321 323
321 476
321 364
322 323
322 324
322 325
323 325
324 325
324 327
324 419
325 326
325 327
325 482
326 327
326 329
326 367
326 383
327 329
327 330
327 457
328 329
328 330
328 453
329 331
329 488
329 354
329 500
329 462
330 331
330 333
330 362
331 334
331 453
331 392
332 333
332 334
332 470
333 334
333 335
333 336
333 495
334 335
334 336
335 336
335 337
335 338
336 338
336 379
337 338
337 339
337 340
337 386
338 339
338 341
338 488
339 341
339 342
340 341
340 342
340 343
341 342
341 343
342 344
343 344
343 345
343 346
344 345
344 346
344 493
345 346
345 348
346 348
346 478
346 402
347 349
347 350
347 423
348 351
348 357
349 350
349 352
350 352
350 353
351 352
351 353
351 357
352 353
352 354
352 413
353 354
353 355
353 356
354 356
354 486
355 357
355 358
356 358
356 368
357 359
357 360
358 359
358 360
359 360
359 361
359 362
360 361
360 362
360 363
361 362
361 379
362 363
363 364
363 365
363 366
363 392
363 393
364 365
364 367
364 478
365 367
365 368
365 442
365 476
366 367
366 368
366 369
367 369
367 370
369 371
369 372
369 455
370 372
370 421
370 480
371 372
371 374
372 373
373 376
375 376
375 388
376 377
376 378
377 378
377 379
377 380
378 379
378 381
378 391
378 449
379 380
379 381
379 382
379 421
380 381
381 382
381 383
381 384
381 469
382 384
382 406
383 384
383 385
383 386
383 454
384 385
384 386
384 470
385 388
385 490
386 388
387 389
387 390
387 409
388 389
388 391
389 391
389 392
389 471
390 391
390 392
390 435
391 430
391 472
392 393
392 395
393 394
393 395
394 395
394 396
395 397
395 398
396 397
396 399
397 398
397 399
397 400
398 401
398 494
399 401
399 402
400 402
400 403
401 402
401 403
402 403
402 405
402 467
402 439
403 406
404 405
404 407
405 407
406 414
407 408
407 410
408 487
409 411
409 484
410 413
411 413
411 414
412 414
412 415
413 414
414 416
414 488
415 417
415 418
417 442
417 434
418 419
418 420
418 449
419 420
419 422
420 421
420 422
421 423
421 424
423 425
423 426
423 465
424 425
424 462
425 426
425 428
426 428
426 429
427 429
427 430
427 496
428 429
428 431
429 430
429 431
430 481
431 432
431 433
431 434
431 470
432 433
432 435
433 434
433 435
433 436
434 435
434 436
434 437
435 436
435 437
435 438
435 500
436 437
436 438
436 439
437 438
437 440
438 439
438 441
438 500
439 441
439 442
439 472
440 441
440 443
441 442
441 444
442 443
442 444
442 490
443 444
443 445
443 446
443 498
445 446
445 447
445 480
446 447
446 483
447 448
447 449
447 450
448 449
448 451
448 454
449 451
450 452
450 458
451 453
451 454
452 454
452 455
453 454
453 455
453 456
454 457
455 456
455 458
456 457
456 458
456 459
457 459
457 460
458 459
458 461
459 460
459 461
459 462
460 463
461 462
461 464
462 463
462 465
464 465
464 467
465 466
466 467
466 468
466 469
467 469
468 470
468 484
469 472
469 481
471 472
471 473
471 482
472 473
473 474
473 475
473 476
474 475
475 476
475 478
476 479
476 494
477 478
477 479
477 480
478 479
479 481
480 481
481 483
481 484
482 483
483 484
483 486
484 486
485 486
485 487
485 488
486 487
486 488
486 489
487 488
487 490
488 490
488 491
489 490
490 492
490 493
491 492
491 493
491 494
492 493
492 494
492 495
493 494
494 495
494 497
495 498
496 498
496 499
497 499
498 500
499 500
