500 1500
1 2
1 500
1 3
1 4
1 498
2 3
2 4
2 5
2 365
3 5
3 6
3 500
3 403
4 6
4 7
4 267
4 31
4 334
5 6
5 7
5 320
5 441
5 363
6 8
6 210
6 473
6 260
7 9
7 10
7 98
7 174
8 9
8 10
8 11
9 10
9 11
9 12
9 94
9 292
10 11
10 12
10 275
10 211
11 13
11 399
11 400
12 14
12 15
12 51
13 14
13 16
13 461
13 329
13 131
14 16
14 17
14 183
15 18
15 147
15 75
15 297
15 390
16 17
16 18
16 19
17 20
17 381
17 416
18 19
18 20
18 21
18 287
19 21
19 41
19 34
20 21
20 22
20 398
21 22
21 24
21 273
21 249
21 143
21 161
22 24
22 469
22 143
22 482
22 124
23 24
23 25
23 26
23 432
24 25
24 342
24 26
24 210
25 361
25 208
25 279
25 464
26 27
26 180
26 445
26 145
26 469
27 28
27 29
27 30
28 30
28 31
28 169
28 217
29 415
29 411
29 245
29 269
30 31
30 32
30 33
31 33
31 34
31 275
32 33
32 34
32 52
33 34
33 35
33 151
34 35
34 36
34 37
34 348
35 36
35 283
35 284
36 37
36 38
36 373
37 40
37 390
37 454
38 41
38 428
38 384
39 41
39 352
39 137
39 130
40 41
40 42
40 43
40 272
41 43
41 134
41 196
41 291
42 43
42 45
42 340
42 249
43 45
43 46
43 455
43 389
44 45
44 494
44 70
45 48
45 426
45 116
45 313
46 47
46 49
46 211
46 403
46 491
46 224
47 48
47 49
47 463
47 158
47 400
48 49
48 50
48 51
48 248
49 51
49 309
49 77
49 388
49 411
49 222
50 51
50 52
50 53
50 246
50 255
51 52
51 53
51 54
51 416
52 53
52 55
52 367
53 54
53 55
53 56
54 55
54 57
54 410
55 56
55 57
55 58
56 58
56 130
56 181
56 320
57 58
57 59
57 60
57 133
57 306
58 59
58 61
58 328
59 60
59 61
59 465
59 62
60 63
60 156
60 372
60 146
61 63
61 64
61 319
62 64
62 262
62 135
62 240
62 97
63 66
63 325
63 491
63 371
64 67
64 440
64 469
64 496
65 66
65 68
65 430
65 186
66 68
66 69
66 206
66 433
66 264
67 68
67 70
67 365
67 236
68 69
68 71
68 232
68 326
69 71
69 72
69 451
69 298
70 73
70 368
70 468
70 479
70 81
70 160
71 72
71 140
71 158
71 469
71 152
72 73
72 74
72 75
72 235
73 75
73 76
73 331
74 75
74 76
74 77
74 369
75 76
75 78
75 453
76 77
76 78
76 79
76 422
76 436
77 79
77 80
77 299
78 79
78 285
78 351
78 106
79 81
79 178
79 426
79 497
79 330
80 81
80 82
80 433
81 82
81 260
81 482
82 83
82 84
82 85
83 84
83 445
83 488
83 99
84 85
84 86
84 174
84 153
85 86
85 87
85 88
85 154
86 87
86 89
86 334
86 303
87 89
87 415
87 133
88 90
88 91
88 428
88 333
88 291
88 455
89 90
89 91
89 112
89 482
89 372
90 93
90 496
90 349
91 92
91 93
91 94
91 416
92 94
92 465
92 358
93 94
93 95
93 96
93 183
93 340
94 95
94 97
94 330
94 147
94 435
95 97
95 98
95 418
95 191
96 97
96 472
96 383
96 449
96 284
97 99
97 257
97 348
97 167
97 205
98 99
98 100
98 101
99 101
99 389
99 422
99 163
100 101
100 161
100 439
100 420
101 102
101 103
101 104
102 103
102 105
102 123
102 226
103 104
103 105
103 106
103 288
104 105
104 106
104 107
104 255
105 106
105 108
105 311
105 291
105 302
105 330
106 107
106 383
106 254
107 109
107 319
107 166
108 109
108 110
108 111
109 112
109 144
109 360
110 111
110 113
110 156
110 144
110 211
110 244
111 113
111 191
111 440
112 114
112 115
112 323
113 114
113 339
113 243
113 278
113 268
114 115
114 116
114 117
115 118
115 390
115 301
116 119
116 326
116 179
116 426
117 118
117 120
117 483
117 439
118 119
118 121
118 369
119 120
119 122
119 390
120 121
120 122
120 150
120 209
121 123
121 124
121 452
122 124
122 125
122 349
122 154
122 253
123 125
123 126
123 179
123 287
124 125
124 126
124 127
124 500
124 210
125 126
125 128
125 432
125 293
126 127
126 399
126 294
126 441
127 128
127 129
127 130
128 130
128 131
128 484
128 197
128 406
128 211
129 130
129 131
129 132
129 164
129 391
130 131
130 133
130 391
130 268
131 133
131 348
131 145
131 350
132 133
132 134
132 135
132 162
133 136
133 489
133 367
133 145
134 137
134 358
134 467
135 138
135 468
135 417
136 137
136 138
136 139
137 138
137 140
137 332
138 139
138 140
138 141
138 148
138 153
139 140
139 141
139 142
139 173
139 190
139 262
140 142
140 143
140 292
140 182
141 142
141 144
141 215
141 158
141 425
142 143
142 144
142 443
142 448
143 144
144 145
144 146
144 147
144 199
144 364
145 408
145 228
145 358
146 147
146 148
146 349
147 148
147 149
147 396
148 149
148 151
148 399
148 262
148 277
149 376
149 225
149 249
150 153
150 308
150 228
151 152
151 153
151 154
151 233
151 264
151 471
151 472
151 485
152 154
152 345
152 318
152 440
153 412
153 401
154 157
155 156
155 157
155 158
156 158
156 159
157 158
157 159
157 160
157 208
158 159
158 161
159 160
159 161
159 162
159 204
160 161
160 162
161 163
161 220
162 164
162 380
163 164
163 165
164 166
164 484
165 168
165 411
165 218
166 167
166 168
166 169
167 168
167 170
167 342
167 214
168 169
168 170
168 171
168 430
169 170
169 171
169 172
169 380
170 171
170 173
170 375
171 172
171 173
171 174
172 173
172 174
172 497
172 438
173 174
173 176
173 450
174 175
174 177
174 267
175 178
175 357
175 258
175 248
176 177
176 178
176 179
176 224
176 298
177 178
177 179
177 185
178 179
178 180
178 472
179 180
179 182
180 181
180 183
180 407
181 384
181 396
182 183
182 184
182 277
183 184
183 186
183 251
184 185
184 186
184 238
184 411
185 186
185 187
185 188
185 357
186 187
186 336
186 441
187 189
187 190
187 438
187 286
187 196
188 189
188 191
188 335
188 223
189 190
189 439
189 244
190 191
190 192
190 260
190 311
191 193
191 194
191 379
191 202
192 477
192 450
192 281
193 195
193 479
193 370
193 395
194 195
194 196
194 197
194 401
195 198
195 448
195 261
195 407
196 198
196 207
196 418
197 199
197 200
197 286
198 199
198 200
198 201
198 259
199 202
199 258
200 201
200 202
200 203
200 481
200 261
201 202
201 203
201 204
201 434
202 204
202 377
202 219
202 493
203 204
203 206
203 346
203 214
204 206
204 360
204 315
205 206
205 208
205 235
206 207
206 208
206 209
206 226
207 208
207 210
208 209
208 211
209 210
209 211
209 444
210 211
210 212
211 463
211 305
211 361
211 387
212 213
212 214
212 215
213 215
213 216
213 437
213 243
214 215
214 217
214 271
215 216
215 218
215 227
215 293
216 217
216 219
216 277
217 219
217 220
217 280
218 219
218 220
218 221
219 222
219 386
219 457
219 410
220 221
220 222
220 223
220 283
220 446
221 222
221 223
221 224
222 224
222 394
222 280
223 224
223 323
223 251
224 225
224 245
225 226
225 227
225 228
226 330
227 229
227 230
227 421
227 256
227 364
228 229
228 230
228 278
229 231
229 232
229 341
229 477
230 231
230 232
230 233
230 347
231 233
231 234
231 268
232 233
232 234
232 235
232 359
232 459
233 235
233 236
233 481
233 395
234 235
234 236
234 237
234 331
235 380
236 237
236 239
237 238
237 239
237 240
237 478
238 239
238 241
238 454
238 311
238 357
239 240
239 241
239 394
239 266
239 356
240 243
240 446
241 243
241 244
241 499
241 440
242 243
242 244
242 245
243 244
244 245
244 246
245 248
245 284
246 438
246 292
246 376
247 249
247 305
247 456
247 475
248 250
248 457
249 252
249 404
250 251
250 252
250 253
251 254
251 433
251 310
251 497
252 253
252 255
252 387
252 332
252 355
252 462
252 300
253 254
253 256
253 461
254 255
254 256
254 257
254 305
254 403
254 487
254 358
255 257
256 257
256 258
257 258
257 260
257 439
257 420
258 260
258 326
259 260
259 261
260 263
261 263
262 263
263 264
263 265
263 266
264 265
265 266
265 268
265 387
266 267
266 268
266 355
267 268
267 270
267 412
268 270
268 312
269 270
269 271
269 399
270 271
270 273
270 281
270 335
271 272
271 274
271 295
271 403
272 275
272 373
272 487
273 274
273 275
273 276
273 382
274 275
274 277
274 282
274 468
275 278
275 368
276 277
276 279
276 399
277 279
278 443
279 280
279 282
280 282
280 283
280 452
280 477
280 348
281 282
281 283
281 437
282 283
282 284
282 354
283 285
283 286
284 285
284 287
284 423
285 286
285 287
285 288
285 374
286 289
286 445
287 289
287 479
288 289
288 318
289 290
289 291
289 292
290 292
290 293
290 358
290 339
291 292
292 293
292 453
293 319
293 467
294 295
294 296
294 297
294 420
294 428
295 363
295 407
296 297
296 298
296 299
297 298
297 299
297 485
298 299
299 300
299 301
299 387
300 301
300 342
301 302
301 303
301 304
302 303
302 305
302 458
303 304
303 348
304 305
304 306
304 307
305 308
306 308
306 400
306 483
307 308
307 309
307 310
308 309
308 310
308 311
308 470
309 310
309 311
309 312
310 311
310 313
311 312
311 326
312 314
312 315
312 484
312 433
313 314
313 316
313 472
314 315
314 316
314 317
315 318
315 435
316 317
316 346
316 416
317 318
317 319
317 320
318 320
318 493
318 420
319 320
319 321
319 322
319 386
319 499
320 323
320 329
321 323
321 324
321 463
321 337
322 323
322 325
322 451
323 324
324 325
324 326
324 327
325 327
325 328
325 408
326 329
326 388
327 328
327 329
327 330
327 446
328 329
328 330
328 331
329 330
329 331
329 332
331 333
331 334
331 419
332 333
333 336
333 467
333 415
334 336
334 408
334 455
335 336
335 338
336 337
336 339
337 338
337 340
338 339
338 340
338 341
339 341
339 342
339 401
340 343
340 434
340 376
341 342
341 343
341 344
342 344
342 357
343 344
343 345
343 346
343 372
344 345
344 346
344 429
344 378
345 346
345 347
345 348
345 442
346 348
346 349
346 458
347 348
347 350
347 375
349 351
349 352
349 384
349 402
350 351
350 353
351 352
351 354
351 360
352 353
352 354
352 355
353 354
353 355
353 356
354 356
354 357
354 483
355 356
356 357
356 358
356 423
357 358
358 394
359 360
359 490
359 427
360 361
360 362
360 442
361 362
361 363
361 463
362 363
362 364
362 365
363 364
363 365
363 489
364 480
365 368
365 401
366 367
366 368
366 369
366 393
367 368
367 370
368 369
368 370
369 370
369 371
370 371
370 372
370 373
371 374
371 476
371 441
371 410
372 374
372 375
372 480
373 374
373 376
373 411
374 375
374 376
374 407
375 376
375 378
376 377
377 378
377 379
377 380
377 499
378 379
378 380
378 381
378 412
379 381
379 382
380 383
380 466
381 382
381 383
381 384
382 383
382 432
382 452
383 384
383 386
383 447
384 386
384 387
385 386
385 387
385 450
386 387
386 389
387 389
388 391
389 391
389 392
390 391
390 392
391 392
391 394
392 394
392 395
392 409
393 395
393 396
393 434
394 395
394 396
394 397
395 396
395 459
396 397
396 398
396 426
397 398
397 433
397 399
398 399
398 400
398 401
399 402
400 401
402 405
402 429
404 405
404 406
404 407
405 406
405 407
405 408
405 459
406 408
406 409
406 484
407 410
408 409
408 410
408 411
409 410
409 411
409 412
410 411
410 412
410 473
410 498
411 412
412 413
413 415
413 416
413 446
414 415
414 416
414 453
415 416
415 418
416 418
417 418
417 419
418 419
418 420
418 465
419 420
419 421
420 422
420 460
421 422
421 423
421 462
422 423
422 424
423 425
423 478
424 425
424 426
424 427
425 426
425 428
427 428
427 430
428 430
428 431
429 430
429 432
430 431
430 432
431 432
431 433
431 434
432 434
433 435
435 436
435 437
436 437
436 438
437 438
437 439
437 490
438 439
438 440
439 440
440 442
440 443
440 476
442 445
443 444
443 445
443 446
444 446
444 447
445 448
446 449
447 449
447 450
447 489
448 449
448 450
449 450
449 497
450 451
450 453
451 452
451 453
451 454
452 454
453 454
453 455
454 455
454 456
454 457
455 457
456 457
456 459
456 498
457 459
457 460
458 461
459 480
460 461
460 463
461 475
462 463
462 465
463 497
464 465
464 466
464 467
465 466
465 467
466 467
466 468
466 483
467 468
467 469
467 470
468 470
470 471
470 472
471 472
471 474
472 473
472 475
473 476
474 475
474 476
474 477
475 476
475 477
475 478
476 477
476 479
477 479
478 479
478 481
479 481
479 482
480 482
481 484
482 485
483 484
483 485
483 486
484 485
484 487
485 486
486 487
486 488
486 489
487 489
488 489
488 492
489 490
489 492
490 491
490 492
490 493
491 494
492 493
492 494
492 495
493 496
494 495
494 496
494 497
495 496
495 497
495 498
496 497
496 498
496 499
497 498
497 499
499 500
