200 140
1 85
1 152
2 153
2 47
2 74
3 114
3 40
4 37
4 159
5 166
6 19
7 47
8 47
8 64
9 47
9 167
11 170
11 96
14 131
14 47
14 142
14 100
14 166
14 81
15 143
15 39
16 145
17 177
18 60
19 184
20 193
21 40
21 158
21 196
21 143
21 97
21 194
22 104
22 28
22 72
23 28
23 61
25 196
26 126
26 50
26 78
27 194
28 78
28 69
31 44
31 90
33 96
33 148
33 185
34 88
34 168
37 88
37 65
38 60
38 86
40 192
41 151
42 85
42 66
42 110
44 108
47 92
47 60
47 101
47 52
48 94
50 61
50 82
51 168
52 92
52 64
54 157
55 85
56 57
57 158
59 95
60 196
62 102
62 72
65 191
65 152
67 88
67 192
69 153
70 196
72 168
75 84
78 197
81 199
82 143
83 110
85 168
85 156
85 133
85 132
87 96
88 189
88 155
88 135
89 110
90 155
90 175
91 156
94 192
99 167
101 114
101 186
102 153
109 118
112 133
114 130
114 174
114 180
114 146
114 183
115 122
119 156
121 189
121 172
123 155
123 167
125 143
126 189
128 131
130 143
135 149
138 163
140 147
141 168
144 154
151 186
154 170
154 178
164 188
175 176
