200 100
18 59
46 157
100 192
99 150
97 98
56 124
68 135
92 138
126 149
33 125
6 86
115 176
7 106
73 179
72 80
88 140
155 169
112 198
110 146
174 200
53 84
171 195
64 87
26 167
172 187
93 132
67 177
90 160
25 79
19 182
3 21
20 37
55 123
109 158
108 168
43 185
95 186
144 145
49 75
111 178
40 191
63 83
50 101
61 131
136 152
45 196
36 193
35 51
9 151
128 166
69 107
15 154
24 102
27 119
48 96
5 162
74 188
4 175
52 114
16 39
165 183
118 181
184 190
10 44
141 164
13 70
129 153
161 194
82 105
2 60
38 163
103 173
76 156
41 143
47 159
58 104
62 120
42 117
81 197
122 189
32 170
91 137
14 30
8 78
121 199
116 148
65 139
71 134
11 113
89 133
1 130
12 29
57 180
77 94
17 28
85 147
31 127
23 34
66 142
22 54
