200 100
36 153
92 145
39 63
7 122
90 108
2 98
31 49
28 117
99 113
56 87
76 194
106 167
154 186
8 141
23 77
85 101
33 200
125 164
79 176
20 35
14 86
102 159
17 155
40 150
165 172
104 107
69 174
16 58
112 163
123 129
44 138
131 143
37 181
103 135
13 80
15 196
67 179
73 121
185 189
151 187
118 193
3 32
144 147
127 195
24 109
82 199
89 95
26 91
66 166
61 197
74 115
5 162
22 178
64 68
6 53
30 84
130 171
52 59
70 83
43 148
19 190
9 173
71 75
97 124
27 169
60 93
110 188
18 114
21 140
158 191
65 146
11 120
105 182
1 128
25 192
41 54
48 111
137 198
161 180
152 177
50 157
168 170
160 175
38 149
4 156
12 139
47 136
46 116
29 100
96 184
81 119
78 132
88 134
42 57
62 133
45 126
51 142
55 94
72 183
10 34
