200 147
1 64
1 105
1 149
1 119
3 36
6 116
6 127
6 10
7 43
8 117
8 45
11 90
11 81
12 57
12 180
13 95
13 117
16 67
17 33
17 70
17 45
17 88
17 97
21 43
21 88
21 51
22 41
23 196
24 44
24 67
24 79
24 196
24 199
24 159
25 26
25 130
26 57
27 130
28 127
28 194
29 128
30 182
30 106
31 150
31 133
32 76
33 127
33 146
33 109
35 39
35 189
36 154
38 197
39 86
40 133
41 145
42 157
42 73
43 158
44 110
45 71
48 150
48 123
50 131
54 91
55 147
56 95
56 123
57 190
57 194
57 143
58 105
58 80
60 140
61 74
61 110
61 141
62 150
62 110
63 123
64 99
64 74
64 134
64 160
65 83
65 129
68 115
69 170
70 91
71 134
73 179
74 130
76 174
79 136
82 92
82 107
82 147
83 137
83 104
87 95
88 175
91 127
92 169
95 117
95 195
95 179
95 111
95 170
96 185
96 99
97 106
97 180
99 175
100 139
100 108
100 197
101 150
101 115
103 147
104 133
106 154
108 124
109 188
117 170
117 189
118 142
119 166
120 157
122 174
124 184
125 175
130 162
133 149
134 144
134 179
134 138
135 178
135 199
136 190
144 174
150 175
156 163
157 167
167 184
174 181
180 187
182 197
