200 193
1 84
1 112
1 125
1 187
3 26
4 25
4 69
4 71
4 82
5 80
6 200
7 36
7 51
7 78
7 85
7 124
10 68
10 146
10 159
10 197
12 57
13 85
13 93
13 192
14 41
15 41
15 73
16 131
17 130
17 153
18 107
18 158
18 159
19 67
19 85
19 145
20 46
21 140
21 170
22 70
22 125
23 163
25 39
25 112
25 174
27 133
28 34
28 68
28 103
29 54
29 191
29 197
29 198
30 37
30 65
30 118
30 179
31 45
31 164
32 80
33 171
35 186
36 41
36 58
36 172
37 180
37 186
37 199
38 109
39 64
39 81
39 110
42 133
43 52
43 91
44 142
44 180
45 105
45 137
48 113
48 166
48 198
49 75
49 198
50 85
50 119
51 138
53 77
54 122
54 167
55 100
56 181
58 61
58 78
58 103
58 184
59 189
59 194
60 186
61 79
61 158
62 195
63 120
63 180
65 186
66 94
67 93
70 79
70 194
71 138
72 194
73 136
77 180
78 142
79 116
80 158
81 98
82 87
82 110
83 154
84 151
86 133
86 177
87 123
87 133
88 144
89 110
89 185
89 191
89 196
90 181
91 95
92 194
95 143
96 185
98 185
98 196
100 128
100 152
101 112
102 124
102 141
102 144
103 177
104 178
104 184
106 142
106 188
107 166
109 117
109 118
109 143
112 184
114 155
114 178
115 128
115 158
116 131
116 148
117 188
118 186
124 159
128 131
129 185
130 193
131 163
132 135
134 173
135 142
138 156
138 163
138 171
139 161
140 182
141 198
142 176
144 198
151 161
154 160
155 162
155 167
158 160
159 172
160 187
162 182
163 168
164 180
166 186
168 189
175 186
179 197
189 192
189 194
