200 185
1 46
2 80
2 81
2 105
3 162
3 180
4 9
5 33
5 62
5 141
6 43
6 94
6 186
7 14
7 48
7 60
8 29
8 178
9 91
9 192
10 183
11 82
11 114
12 90
13 39
13 72
13 158
14 42
14 91
15 27
15 184
16 160
16 196
17 119
17 164
17 187
18 133
19 86
19 92
19 198
21 191
22 141
22 177
22 179
24 106
24 175
25 79
26 47
26 113
27 60
27 78
28 70
28 155
31 164
32 35
32 90
32 107
32 129
32 158
32 171
33 73
33 132
34 140
34 182
35 171
36 51
39 93
40 126
40 171
41 62
41 78
42 179
43 68
43 74
45 90
45 95
45 138
45 184
46 161
46 183
47 136
48 86
48 124
51 167
53 105
53 111
54 96
56 110
56 122
57 192
60 73
60 121
60 141
61 143
62 74
62 118
62 124
63 69
63 147
63 179
64 66
66 198
69 198
70 102
70 116
70 158
71 186
73 154
73 186
74 169
75 126
75 158
76 195
77 100
77 136
78 105
78 131
79 109
79 184
81 192
82 151
82 158
83 141
84 96
84 97
85 186
86 183
87 94
88 93
88 115
89 110
90 114
92 96
92 176
94 107
94 162
94 174
95 98
96 110
97 200
98 176
98 183
100 185
102 138
102 176
103 133
103 189
104 154
106 156
106 189
111 189
111 198
112 136
114 143
115 194
116 139
116 142
116 160
119 167
119 171
122 130
123 137
123 199
128 168
129 149
133 135
133 161
135 155
137 200
138 174
139 189
140 176
141 144
141 188
142 170
142 198
145 154
151 187
151 200
152 155
159 191
161 173
165 190
176 181
183 200
