200 800
16 22
16 17
16 142
16 91
16 140
16 65
16 162
16 36
22 28
22 55
22 139
22 184
22 160
22 132
22 136
178 191
178 132
178 181
178 95
178 136
178 31
178 192
178 102
191 126
191 9
191 64
191 26
191 89
191 95
191 106
13 133
13 34
13 38
13 150
13 196
13 163
13 17
13 138
133 103
133 19
133 87
133 34
133 26
133 105
133 184
26 161
26 44
26 165
26 155
26 173
26 135
161 5
161 50
161 193
161 174
161 182
161 9
161 81
17 103
17 71
17 176
17 92
17 105
17 76
103 50
103 48
103 149
103 60
103 14
103 152
109 177
109 195
109 190
109 176
109 147
109 58
109 53
109 29
177 156
177 118
177 194
177 151
177 2
177 104
177 38
29 68
29 77
29 72
29 35
29 159
29 149
29 115
68 172
68 21
68 147
68 71
68 151
68 55
68 116
100 119
100 104
100 54
100 41
100 14
100 99
100 148
100 64
119 46
119 183
119 169
119 55
119 115
119 107
119 7
73 165
73 124
73 137
73 125
73 120
73 88
73 181
73 166
165 173
165 200
165 5
165 123
165 145
165 11
117 190
117 28
117 175
117 61
117 113
117 78
117 188
117 14
190 80
190 189
190 162
190 7
190 181
190 76
77 2
77 65
77 162
77 110
77 137
77 132
77 192
46 139
46 3
46 44
46 198
46 45
46 108
46 40
139 134
139 186
139 185
139 4
139 37
139 154
195 131
195 25
195 102
195 80
195 143
195 160
195 84
54 170
54 114
54 51
54 81
54 20
54 1
54 185
170 5
170 35
170 153
170 116
170 53
170 72
170 197
15 151
15 52
15 20
15 84
15 106
15 128
15 58
15 30
151 125
151 49
151 61
151 175
151 94
130 138
130 56
130 164
130 78
130 92
130 200
130 167
130 101
138 95
138 114
138 76
138 49
138 47
138 43
52 200
52 14
52 51
52 146
52 172
52 122
52 120
200 20
200 59
200 169
200 5
200 90
70 96
70 183
70 169
70 37
70 67
70 102
70 32
70 172
96 35
96 76
96 123
96 58
96 4
96 169
96 141
67 198
67 160
67 59
67 141
67 150
67 12
67 86
198 21
198 38
198 30
198 192
198 47
198 141
66 144
66 56
66 9
66 31
66 186
66 152
66 113
66 163
144 175
144 75
144 183
144 145
144 18
144 10
144 82
50 127
50 108
50 3
50 98
50 180
50 159
127 186
127 40
127 148
127 120
127 92
127 112
127 31
172 112
172 63
172 85
172 163
172 153
110 187
110 141
110 8
110 112
110 106
110 189
110 61
187 174
187 49
187 158
187 112
187 153
187 183
187 107
39 145
39 93
39 47
39 83
39 176
39 166
39 128
39 175
145 61
145 132
145 86
145 75
145 167
28 126
28 107
28 63
28 85
28 62
28 19
45 48
45 137
45 118
45 80
45 60
45 78
45 82
48 188
48 10
48 79
48 199
48 143
48 12
99 168
99 88
99 59
99 180
99 82
99 69
99 71
168 169
168 196
168 27
168 114
168 49
168 43
168 179
55 80
55 185
55 53
55 32
55 113
80 126
80 162
80 101
80 128
126 78
126 89
126 137
126 65
126 19
44 97
44 167
44 21
44 173
44 141
44 154
83 160
83 63
83 135
83 23
83 194
83 142
83 30
160 75
160 135
160 27
160 82
84 125
84 69
84 1
84 199
84 158
84 157
125 69
125 156
125 74
125 105
125 159
20 131
20 180
20 129
20 155
20 24
131 129
131 185
131 97
131 79
131 182
131 33
33 61
33 42
33 64
33 114
33 18
33 169
33 113
61 156
61 128
61 62
41 163
41 101
41 122
41 85
41 94
41 112
41 182
163 197
163 51
163 5
163 194
3 69
3 157
3 184
3 197
3 142
3 88
69 87
69 118
69 81
69 35
64 183
64 154
64 79
64 149
64 37
183 14
183 148
183 91
53 146
53 32
53 43
53 93
53 38
146 188
146 24
146 149
146 104
146 143
146 12
124 196
124 136
124 112
124 123
124 104
124 194
124 56
175 21
175 76
175 107
175 167
71 152
71 10
71 113
71 135
71 97
97 118
97 63
97 88
97 176
97 49
156 63
156 42
156 94
156 75
156 174
118 89
118 87
118 129
118 179
35 143
35 81
35 155
35 25
143 179
143 49
143 6
143 157
72 10
72 59
72 60
72 176
72 23
72 184
87 171
87 189
87 147
87 173
87 65
171 169
171 120
171 25
171 85
171 23
171 7
171 181
8 116
8 92
8 184
8 57
8 34
8 79
8 47
116 88
116 56
116 62
116 162
116 120
122 147
122 136
122 149
122 135
122 199
122 162
147 129
147 173
147 121
147 78
179 197
179 25
179 85
179 184
179 152
189 2
189 153
189 134
189 1
189 92
91 150
91 158
91 107
91 93
91 132
91 86
150 157
150 43
150 98
150 11
150 134
12 104
12 129
12 7
12 193
12 164
104 166
104 108
104 149
188 51
188 57
188 49
188 74
188 196
134 74
134 58
134 137
134 173
134 149
95 120
95 181
95 199
95 158
95 86
120 102
120 23
135 193
135 114
135 25
193 81
193 65
193 164
193 23
193 94
63 181
63 115
63 197
132 76
132 152
132 93
14 157
14 58
14 10
88 62
88 10
88 155
137 27
137 19
137 93
2 192
2 108
2 56
2 18
2 166
181 57
181 166
42 159
42 194
42 153
42 148
42 58
42 85
159 78
159 59
159 62
159 6
56 31
56 142
56 19
176 182
176 162
176 75
141 57
141 90
141 101
89 75
89 112
89 82
89 6
89 74
140 154
140 4
140 51
140 24
140 111
140 27
140 30
154 81
154 21
154 74
154 31
186 36
186 4
186 105
186 197
186 115
108 169
108 5
108 79
108 74
10 30
10 18
27 115
27 184
27 136
27 185
115 6
115 36
115 164
114 111
114 92
114 11
9 94
9 31
9 111
9 38
9 136
94 86
94 167
94 90
142 128
142 5
142 121
142 37
107 153
107 162
107 43
111 38
111 47
111 25
111 164
111 152
43 105
43 7
43 157
105 36
105 86
105 40
21 38
21 6
21 199
76 174
76 23
196 106
196 101
196 180
196 30
128 157
128 74
128 32
157 78
38 18
129 90
129 148
129 24
75 4
75 60
155 40
155 24
155 174
155 6
158 185
158 25
158 23
158 37
185 6
185 19
59 81
59 85
59 102
7 98
7 36
7 184
81 102
36 1
36 82
36 164
25 123
19 82
19 30
112 121
92 167
92 90
49 123
40 85
40 57
40 65
40 1
194 153
194 199
194 60
51 121
51 18
51 106
167 121
167 34
98 86
98 182
98 57
98 30
98 106
4 102
4 1
4 57
47 79
47 31
47 58
79 152
79 18
152 164
31 174
32 58
32 182
32 78
32 101
6 57
90 182
90 136
90 106
93 37
93 192
93 173
192 136
192 82
192 74
1 65
1 180
65 121
173 164
18 199
86 123
24 62
24 60
24 153
62 113
62 102
106 60
11 101
11 123
11 197
11 34
11 182
101 123
34 121
34 60
34 37
121 174
5 149
197 166
113 180
113 148
199 166
23 166
180 148
180 37
174 148
