200 141
2 41
2 187
3 110
3 40
4 38
4 129
4 85
4 107
5 73
6 188
7 76
14 47
15 33
15 188
15 32
15 159
18 74
20 103
21 118
21 166
22 112
23 195
24 108
24 78
24 66
24 130
26 137
27 107
28 112
29 200
31 162
34 105
35 38
35 179
35 92
35 199
36 122
38 73
38 171
38 78
39 121
39 91
40 146
41 109
42 121
43 126
43 200
45 73
46 129
46 110
47 84
48 95
49 178
49 195
56 116
56 108
57 137
57 200
58 193
58 165
59 80
61 119
61 140
64 126
65 142
66 164
66 195
66 197
67 94
68 145
69 156
69 70
70 80
70 156
70 176
71 73
71 132
72 172
72 199
73 101
73 119
74 122
74 101
75 190
76 122
76 150
80 90
80 197
80 132
80 136
80 200
81 101
82 162
82 106
84 142
84 135
87 116
88 122
88 91
93 112
94 120
96 112
97 112
97 169
101 116
102 198
102 163
103 180
103 196
103 194
105 126
105 116
107 156
109 116
109 125
111 193
111 159
115 118
116 178
118 156
119 150
119 185
122 192
123 126
126 182
126 178
127 136
131 139
131 175
137 189
137 140
137 198
139 173
144 178
145 189
155 193
156 179
157 182
157 195
163 180
168 187
