200 225
1 144
2 144
3 144
4 144
5 144
6 144
7 144
8 144
9 144
10 144
11 144
12 144
13 144
14 144
15 144
16 144
17 144
17 150
18 144
19 144
20 144
21 144
22 144
23 144
24 144
24 150
25 144
26 144
27 144
28 144
29 144
30 144
31 144
32 144
33 144
34 144
34 181
34 150
34 114
34 58
34 193
34 81
34 74
35 144
36 144
37 144
38 144
39 144
40 144
41 144
42 144
43 144
44 144
45 144
46 144
47 144
48 144
49 144
50 144
51 144
52 144
53 144
54 144
55 144
56 144
57 144
58 144
58 181
58 114
58 193
58 174
58 60
59 144
60 144
61 144
62 144
63 144
64 144
65 144
66 144
67 144
68 144
69 144
70 144
71 144
72 144
73 144
74 144
75 144
76 144
77 144
78 144
79 144
80 144
81 144
81 181
81 150
82 144
83 144
84 144
85 144
85 181
86 144
87 144
88 144
89 144
90 144
91 144
92 144
93 144
94 144
95 144
96 144
97 144
98 144
99 144
100 144
101 144
102 144
103 144
104 144
105 144
106 144
107 144
108 144
109 144
110 144
111 144
112 144
113 144
114 144
114 181
114 150
114 193
115 144
116 144
117 144
118 144
119 144
120 144
121 144
122 144
122 142
123 144
124 144
124 193
125 144
126 144
127 144
128 144
129 144
130 144
131 144
131 150
132 144
133 144
134 144
135 144
136 144
137 144
138 144
139 144
140 144
141 144
142 144
143 144
144 181
144 150
144 193
144 174
144 152
144 161
144 156
144 147
144 186
144 196
144 168
144 183
144 198
144 164
144 149
144 176
144 197
144 177
144 146
144 151
144 182
144 180
144 199
144 148
144 173
144 192
144 160
144 155
144 194
144 185
144 171
144 188
144 190
144 166
144 169
144 165
144 162
144 189
144 184
144 170
144 158
144 167
144 172
144 159
144 179
144 187
144 157
144 153
144 191
144 200
144 195
144 145
144 163
144 178
144 175
144 154
150 181
150 193
181 193
