200 159
1 147
3 140
4 168
5 100
5 162
6 122
6 50
6 141
7 41
7 111
9 122
10 191
10 16
10 141
12 175
13 71
13 89
14 97
15 102
15 146
16 23
16 114
17 67
17 152
18 66
18 183
19 87
20 85
20 54
21 45
21 140
22 136
23 45
23 57
24 132
24 105
25 173
25 80
26 179
26 65
28 176
28 46
29 194
29 159
30 125
33 100
33 106
34 185
34 108
36 112
36 172
37 41
37 45
37 122
37 149
37 192
37 134
38 72
41 85
41 99
41 82
43 184
44 117
44 123
44 48
45 120
46 117
46 82
47 103
47 147
48 135
48 174
50 168
50 60
51 88
52 73
53 144
54 186
54 129
55 101
56 79
57 156
59 189
60 178
60 117
61 129
61 159
61 134
62 176
62 134
65 172
65 80
66 114
68 169
68 77
69 129
70 89
72 97
72 150
73 172
75 105
76 112
78 92
79 124
80 135
80 100
84 97
85 144
85 90
86 200
86 132
86 174
88 184
89 112
91 182
93 172
94 136
94 118
95 179
97 141
99 194
100 180
102 124
103 150
104 169
104 121
107 134
109 183
112 166
112 193
115 196
115 161
116 169
119 162
120 173
121 171
122 153
122 189
122 149
124 193
125 132
128 179
129 200
131 174
132 176
136 196
137 146
138 161
139 141
144 146
145 154
145 148
148 150
148 158
153 179
154 174
156 167
158 195
171 183
