200 100
59 66
126 138
11 135
164 195
12 95
123 141
86 156
116 127
131 155
105 200
39 145
3 106
97 189
117 137
151 181
60 133
10 114
21 162
70 146
15 91
58 71
6 33
25 77
178 179
99 172
101 191
110 139
49 153
79 87
44 129
56 176
27 149
34 45
55 196
13 199
17 68
171 190
31 103
100 111
40 154
29 188
41 107
82 108
128 148
20 23
72 125
5 80
65 94
19 115
35 163
46 53
16 30
84 183
78 197
152 198
2 122
144 160
42 140
36 142
89 90
109 157
18 48
64 134
186 187
7 75
83 147
4 67
124 175
180 192
43 150
38 62
92 182
32 85
104 165
73 159
50 173
28 136
26 118
8 57
63 112
47 143
52 102
93 174
184 194
51 113
69 161
158 193
37 132
9 61
74 169
88 168
1 185
120 166
24 177
130 170
14 96
119 121
22 54
81 167
76 98
