200 153
1 178
2 43
2 76
2 131
3 36
3 90
4 121
5 20
5 163
5 190
7 88
8 117
8 149
8 168
8 190
9 139
10 56
11 40
11 135
11 179
12 145
13 138
14 63
14 170
15 133
16 112
17 38
18 131
21 78
22 122
22 185
23 27
23 129
23 158
24 72
24 108
29 111
29 136
29 151
31 98
32 181
33 93
34 63
34 107
37 166
38 130
38 154
41 90
41 200
42 61
44 47
44 126
44 142
44 192
46 133
46 159
47 55
47 100
48 84
48 182
50 93
52 106
52 111
52 151
52 162
53 142
54 62
55 69
57 112
61 114
61 135
61 167
63 72
63 129
64 128
64 134
65 83
65 179
67 79
68 126
71 140
72 138
74 93
74 125
76 80
76 139
77 92
77 110
77 159
78 100
78 196
79 81
79 143
79 200
80 172
81 141
84 118
85 104
85 107
86 105
87 197
93 109
93 142
95 106
96 107
96 142
99 179
99 199
101 162
102 186
103 156
103 182
104 186
105 194
107 179
108 155
113 141
113 153
113 183
115 133
116 121
116 179
119 182
122 135
123 142
125 139
129 155
129 162
134 167
140 161
140 170
141 196
143 162
145 162
147 179
148 196
149 199
150 188
153 192
154 185
155 180
155 195
157 167
159 178
162 183
165 170
165 173
165 182
165 187
170 179
170 193
176 189
198 199
