200 180
2 37
2 8
2 103
3 50
3 14
3 125
3 40
3 128
5 124
9 32
9 187
10 42
10 158
11 44
13 181
14 30
14 75
14 194
14 159
16 176
17 142
18 91
18 140
18 165
19 181
20 50
20 128
20 31
20 183
23 46
23 147
24 151
25 50
25 173
25 31
26 95
26 168
27 37
28 120
28 55
29 199
29 76
29 56
30 46
30 175
30 120
30 73
30 61
32 173
32 177
32 47
32 88
32 152
32 188
34 173
34 64
34 135
34 51
37 148
38 78
39 65
39 163
39 79
40 151
40 133
41 120
42 68
43 177
43 49
43 160
43 156
44 200
44 167
44 163
45 50
46 148
46 120
46 181
46 123
46 86
46 128
46 90
46 118
46 168
46 121
46 115
46 108
48 154
50 175
50 82
50 114
50 93
52 175
53 95
53 178
53 92
54 103
55 143
55 112
56 73
60 190
61 117
62 151
62 200
64 189
64 131
64 90
65 141
65 164
65 132
67 173
68 148
68 90
70 160
73 130
74 115
75 91
76 177
76 144
76 90
76 168
78 114
79 84
81 105
81 127
85 121
86 176
86 93
87 88
88 186
91 96
94 95
94 195
95 175
95 167
95 132
96 171
100 102
100 190
102 135
105 170
106 141
107 159
111 123
111 134
111 186
113 196
113 174
116 181
116 171
121 200
124 153
128 188
128 185
131 151
131 134
136 161
137 200
141 148
141 173
141 167
144 151
145 151
145 167
145 156
146 197
148 172
150 155
154 195
158 180
164 199
168 175
171 175
175 187
179 183
180 200
182 186
182 191
187 195
190 197
