200 192
1 66
1 84
2 24
3 56
4 95
5 51
6 173
7 30
7 88
8 27
9 91
10 93
11 158
12 120
12 87
12 92
12 112
13 50
13 189
13 33
14 195
16 19
16 53
17 148
19 32
19 25
20 28
20 189
21 30
21 181
22 137
22 90
23 88
23 130
23 38
24 137
24 66
24 116
24 32
24 80
24 151
24 54
24 136
24 195
24 199
24 57
25 69
27 200
27 144
27 184
27 163
28 145
30 115
30 109
30 142
30 176
30 145
30 117
30 168
30 178
31 132
32 82
34 86
34 199
34 44
35 69
36 199
36 194
36 41
37 74
37 103
37 69
39 164
39 153
43 148
45 191
45 53
45 189
46 140
46 174
47 141
48 112
49 199
50 90
50 193
51 176
52 156
53 170
54 94
54 96
54 153
55 115
55 157
56 90
56 125
58 66
58 142
58 82
59 182
59 107
61 109
61 116
62 196
65 120
65 191
65 86
65 150
66 115
66 191
66 104
66 95
69 142
70 104
70 106
71 185
72 86
74 161
77 88
77 82
78 85
78 148
81 183
82 97
87 155
87 133
87 111
88 115
88 181
88 164
88 157
89 91
90 128
91 141
91 160
91 128
91 130
91 112
91 194
92 157
93 109
93 164
93 199
93 194
94 118
95 100
99 115
99 136
100 118
100 152
101 166
107 137
107 138
110 138
112 118
112 153
113 152
113 186
115 151
115 176
115 165
116 148
117 132
118 152
120 140
120 183
120 168
121 142
123 164
124 193
125 131
126 174
127 175
128 131
130 148
131 166
132 171
134 135
137 191
137 168
139 185
140 171
141 160
141 142
141 167
142 158
156 197
157 172
164 182
164 175
164 185
181 189
184 193
