200 527
1 55
1 163
1 193
2 14
2 27
2 59
2 64
2 190
3 58
3 101
3 148
3 185
3 195
4 10
4 91
5 22
5 32
5 73
5 148
5 152
6 26
6 105
6 113
6 137
6 141
7 30
7 45
7 67
7 72
7 148
7 150
7 156
8 17
8 23
8 39
8 45
8 78
8 106
8 139
8 143
9 29
9 34
9 44
9 59
9 113
9 114
9 119
9 122
9 158
10 31
10 107
10 117
10 132
10 160
10 168
10 199
11 18
11 83
11 128
12 42
12 76
12 87
12 119
12 125
12 134
12 135
12 150
12 172
12 184
12 190
13 143
13 174
13 186
14 116
14 118
14 159
14 163
14 186
15 35
15 70
15 95
15 107
15 125
16 44
16 131
16 150
17 42
17 160
17 164
17 196
18 81
18 101
18 123
18 163
18 198
19 26
19 50
19 80
20 53
20 57
20 74
20 88
20 93
20 108
20 124
20 150
20 187
21 42
21 80
21 125
21 166
21 177
22 50
22 69
22 97
22 106
22 136
22 188
22 199
23 53
23 59
23 109
23 125
23 140
23 182
24 49
24 85
24 189
25 49
25 107
25 168
26 71
26 74
26 102
26 111
26 142
26 154
26 172
27 45
27 125
27 157
28 55
28 60
28 76
28 77
28 89
28 99
28 119
28 153
28 160
28 198
29 110
29 182
30 56
30 57
30 181
31 77
31 89
31 165
31 181
32 48
32 59
32 81
32 96
32 138
32 149
32 191
33 102
33 109
33 196
34 100
34 138
34 145
34 168
34 171
35 65
35 100
35 197
36 71
36 80
36 160
37 70
37 71
37 79
37 170
37 187
38 145
38 199
39 90
39 105
39 168
40 69
40 116
40 148
40 166
41 52
41 93
41 119
41 162
42 47
42 64
42 160
43 46
43 75
43 106
43 124
43 149
43 153
43 182
44 126
45 142
45 158
46 92
46 105
46 164
46 189
47 103
47 130
48 84
48 185
48 197
49 61
49 70
49 78
49 107
49 123
49 139
49 141
49 200
50 62
50 122
50 198
51 59
51 80
51 98
51 157
51 158
51 200
52 81
53 76
53 93
53 115
53 154
53 158
53 165
53 167
54 92
54 93
54 99
54 151
55 82
55 99
55 105
55 108
55 141
55 179
55 180
56 64
56 96
56 103
56 128
56 136
56 151
56 157
56 182
56 196
57 108
57 133
57 135
57 177
58 137
58 190
59 95
60 92
61 62
61 67
61 188
62 77
62 92
62 116
62 178
63 82
63 145
64 71
64 74
64 90
64 107
64 137
64 164
64 169
65 126
65 150
65 165
65 178
66 69
66 100
66 113
66 189
67 69
67 120
67 145
67 175
68 97
68 102
68 104
68 154
68 194
69 117
69 176
70 93
70 94
70 124
70 163
70 171
70 196
71 102
71 173
72 112
72 142
72 190
72 195
73 114
73 124
73 147
73 182
73 200
74 75
74 189
74 196
75 93
75 165
75 167
75 172
76 85
76 143
77 85
77 154
77 192
78 89
78 118
78 147
78 178
79 124
80 147
80 154
80 160
81 108
81 109
81 112
82 184
83 92
83 123
83 150
83 176
83 192
83 197
84 120
85 88
85 103
85 128
87 168
87 188
87 192
88 152
89 107
89 147
90 93
90 169
91 116
91 142
91 150
91 156
91 165
91 173
92 116
92 163
92 165
93 176
93 180
94 112
94 140
95 120
95 130
95 137
95 146
95 151
95 198
96 98
96 155
97 104
97 135
97 141
97 145
97 178
98 123
98 154
98 178
98 191
99 147
99 150
99 165
99 187
99 192
100 129
101 115
101 132
101 188
102 144
102 187
102 197
103 120
103 172
103 182
104 112
104 158
105 131
105 137
106 114
106 126
106 190
107 149
107 166
107 169
107 175
108 117
108 131
109 162
109 165
110 145
110 180
110 195
111 126
111 132
112 125
112 147
113 120
113 157
113 175
114 134
115 131
115 196
116 180
117 173
117 179
117 197
120 131
120 153
121 168
121 195
121 196
122 126
122 128
122 129
122 146
123 172
123 190
124 125
124 138
124 157
124 160
125 139
126 138
126 148
127 128
127 137
127 138
128 137
128 143
129 138
129 140
130 140
130 165
131 138
133 139
133 196
134 139
134 142
134 143
134 149
134 200
135 173
137 175
138 190
138 192
139 167
139 184
139 198
140 145
140 160
141 163
142 165
142 178
144 182
144 198
146 157
146 175
147 156
148 164
149 158
149 177
150 156
150 174
151 196
152 189
153 159
154 190
156 162
157 173
159 180
159 181
159 183
160 164
160 185
162 191
164 189
165 172
166 185
166 193
168 180
168 190
168 198
169 200
177 181
177 185
177 186
178 197
182 190
