200 125
1 191
3 70
5 141
6 56
6 145
6 115
7 100
7 42
7 14
7 10
10 109
10 132
11 188
12 112
13 64
13 95
13 41
13 168
14 56
16 39
16 64
18 134
19 97
19 194
22 58
23 126
23 110
23 93
24 72
24 36
26 51
28 172
29 158
29 117
29 55
30 197
30 84
31 64
31 149
31 191
32 122
32 167
33 136
35 45
37 196
39 42
40 169
40 185
40 182
43 93
43 164
45 56
46 169
50 55
50 166
51 146
54 72
55 185
56 125
56 175
56 172
57 184
58 112
59 109
59 110
60 188
63 77
64 175
66 87
68 178
68 138
68 151
70 101
70 174
70 147
70 113
79 169
80 155
81 102
81 132
82 89
85 169
85 89
86 144
86 154
90 146
92 105
93 156
94 196
96 146
100 158
103 178
103 110
107 118
109 121
109 132
110 182
110 194
111 137
111 167
111 148
112 164
116 136
117 140
118 153
120 196
121 169
122 161
130 183
132 144
134 181
137 179
138 199
141 164
152 193
153 155
154 160
164 178
165 188
169 180
169 183
169 186
173 177
175 194
189 197
