200 100
147 179
74 118
180 191
11 101
37 184
21 23
129 166
77 128
64 165
130 140
22 49
81 153
16 182
8 68
14 84
2 91
36 157
89 160
54 138
53 173
82 99
4 18
46 88
93 139
152 188
102 141
113 183
67 195
28 32
20 156
40 70
1 33
100 155
120 133
94 178
112 193
41 114
52 199
9 30
27 78
65 117
57 58
83 196
10 56
158 192
122 172
79 146
5 87
151 171
154 176
35 115
108 163
6 170
135 144
15 17
104 168
125 145
92 96
45 97
66 150
29 55
181 198
44 174
39 105
60 137
73 109
72 111
162 175
148 185
34 90
69 75
103 107
169 189
110 149
85 159
119 197
80 126
26 143
61 121
134 200
59 142
124 177
19 167
3 116
71 95
31 86
7 24
25 48
62 186
127 132
43 136
47 63
161 164
51 106
98 190
13 76
131 187
42 194
12 123
38 50
