200 120
1 194
2 158
4 98
5 90
6 98
7 17
7 34
8 132
9 41
11 193
12 18
13 14
14 19
14 180
14 99
17 190
19 139
21 28
21 158
22 147
23 187
23 196
24 71
26 112
26 155
26 124
28 126
29 149
30 194
31 111
31 57
34 171
37 67
38 102
38 200
39 118
41 171
42 186
42 188
42 73
43 110
44 189
46 164
46 134
47 172
47 112
47 170
51 101
54 56
55 195
55 167
56 119
57 174
60 195
63 98
63 131
64 143
64 167
65 138
66 76
69 103
70 76
70 93
71 171
72 190
72 130
72 184
72 151
73 163
74 113
76 195
79 159
79 120
83 144
83 96
84 199
84 191
85 178
86 95
87 166
88 120
89 198
92 142
93 169
95 112
96 185
96 147
101 180
101 179
103 172
103 165
104 118
104 158
106 125
108 172
108 137
112 171
118 125
119 148
121 194
125 199
130 184
136 146
142 171
145 179
145 187
152 193
152 198
157 172
157 198
160 194
161 182
161 188
163 191
163 167
165 167
167 183
167 180
176 198
199 200
