200 139
1 66
4 24
4 126
5 91
5 100
5 115
5 159
6 132
6 173
7 151
8 14
8 122
8 124
9 111
9 169
10 60
10 171
14 85
16 73
17 64
18 106
19 41
19 148
20 81
21 41
21 189
22 74
22 84
22 167
22 184
23 128
26 200
27 120
27 132
27 184
28 132
29 149
30 115
31 65
31 76
31 170
32 62
33 65
33 87
33 88
33 125
33 184
34 46
35 110
37 175
38 56
38 57
38 199
42 68
42 72
42 107
42 153
43 191
44 61
44 73
45 60
45 103
45 179
47 145
48 56
49 133
49 174
50 127
50 191
52 67
52 160
52 171
53 87
54 117
55 64
55 148
56 65
60 129
61 109
62 73
64 113
67 94
68 103
68 176
71 100
72 174
72 175
73 80
73 173
74 120
74 143
74 168
76 84
76 114
76 194
77 181
80 106
81 134
86 200
88 90
89 90
90 179
92 150
94 121
95 118
95 174
96 148
98 178
102 187
105 127
108 124
109 181
110 133
111 195
112 124
116 130
123 143
125 177
125 197
128 176
130 154
130 181
131 173
133 140
141 153
143 189
145 193
147 196
149 179
152 153
152 158
153 160
156 158
158 174
159 168
164 176
168 171
169 192
175 177
