200 100
93 178
116 143
60 120
125 185
14 107
96 158
29 68
66 135
5 31
52 200
13 53
1 152
69 149
48 184
126 195
138 160
12 127
15 144
35 159
22 76
16 56
27 147
82 156
50 51
10 198
113 192
114 136
90 187
11 43
18 58
47 94
46 83
79 80
131 191
36 182
161 167
86 103
9 112
3 41
21 150
95 197
26 91
54 137
77 111
59 81
34 189
62 104
171 194
71 180
38 122
148 155
39 151
84 128
139 183
61 190
65 105
74 181
17 193
20 173
75 118
124 166
33 57
19 92
78 153
98 101
100 129
145 170
110 188
55 133
7 196
23 73
140 146
130 175
97 117
28 72
24 154
40 165
179 186
32 42
134 163
63 176
37 157
4 99
25 85
123 162
8 142
45 106
132 174
49 115
88 168
64 177
87 172
2 30
70 119
44 109
108 121
102 169
89 199
67 141
6 164
