200 108
1 62
1 126
2 167
3 70
4 66
5 23
5 155
7 96
7 125
10 30
11 12
11 102
11 119
12 106
12 122
12 141
14 26
14 107
18 136
18 156
20 154
22 40
22 97
23 64
23 85
23 117
24 110
24 151
25 51
25 143
27 90
27 114
32 80
34 149
35 53
37 72
38 125
41 49
43 187
44 84
45 72
46 156
49 57
49 137
49 175
49 178
50 182
51 101
52 167
52 194
54 98
55 176
55 186
56 59
56 171
57 135
57 150
59 157
65 132
66 154
67 187
67 196
69 96
70 165
71 165
74 81
74 120
74 181
76 166
80 184
82 86
82 120
82 190
85 110
86 96
88 117
89 140
93 162
94 98
98 118
99 189
100 167
101 102
101 147
107 197
108 126
110 185
111 184
120 132
124 142
124 186
127 156
128 141
136 190
137 191
138 184
139 168
142 174
143 199
148 194
150 151
152 181
156 190
161 183
162 169
167 188
172 188
179 182
