200 860
1 12
1 21
1 26
1 47
1 53
1 66
1 75
1 94
1 98
1 134
1 146
1 157
1 162
1 168
1 174
2 38
2 41
2 66
2 76
2 115
2 140
2 161
2 182
3 19
3 23
3 45
3 61
3 84
3 95
3 123
3 129
3 142
3 163
4 118
4 163
4 174
5 57
5 66
5 75
5 90
5 110
5 156
6 24
6 118
6 149
6 171
6 172
6 184
7 19
7 24
7 46
7 54
7 73
7 74
7 76
7 163
7 170
7 171
7 180
7 189
7 190
7 193
8 47
8 48
8 72
8 90
8 94
8 107
8 109
8 124
8 167
8 181
8 183
8 190
9 15
9 26
9 86
9 172
9 193
10 28
10 40
10 56
10 63
10 67
10 79
10 90
10 129
10 175
10 176
10 190
10 191
11 32
11 37
11 48
11 53
11 99
11 106
11 159
12 76
12 113
12 115
12 134
12 171
12 197
13 35
13 85
13 127
13 177
14 22
14 53
14 57
14 96
14 110
14 113
14 151
14 183
14 197
14 199
15 46
15 102
15 121
15 165
15 194
16 99
16 105
16 109
16 141
16 142
16 152
16 178
16 185
16 187
17 37
17 42
17 58
17 85
17 137
17 149
18 32
18 38
18 44
18 58
18 96
18 109
18 127
18 137
18 144
18 163
19 69
19 101
19 113
19 142
19 153
19 164
19 166
19 191
19 195
20 52
20 141
20 142
20 154
20 160
20 179
21 72
21 115
22 59
22 100
22 132
22 138
23 43
23 46
23 89
23 114
23 115
23 146
23 147
23 154
23 166
23 169
24 52
24 70
24 111
24 165
24 185
24 200
25 41
25 86
25 106
25 110
25 117
25 148
25 154
25 181
25 190
26 44
26 72
26 74
26 75
26 100
26 120
26 179
26 198
27 37
27 41
27 74
27 86
27 93
27 95
28 44
28 60
28 67
28 124
28 154
29 84
29 90
29 126
29 146
29 169
29 173
29 187
30 42
30 106
30 114
30 153
30 189
30 192
31 70
31 72
31 73
31 118
31 131
31 132
31 181
31 192
32 35
32 57
32 92
32 143
32 161
32 168
32 169
32 170
33 54
33 79
33 90
33 99
33 121
33 162
33 174
33 186
33 190
33 193
33 195
34 35
34 45
34 63
34 112
34 167
35 40
35 43
35 46
35 78
35 81
35 97
35 123
35 131
35 151
35 170
35 195
36 59
36 95
36 139
36 140
36 177
37 38
37 46
37 78
38 54
38 64
38 74
38 91
38 99
38 119
38 130
38 153
38 158
38 199
39 46
39 57
39 91
39 97
39 107
39 163
39 167
39 197
40 93
40 134
40 159
40 174
40 191
41 61
41 62
41 83
41 89
41 95
41 171
42 46
42 91
42 119
42 142
42 150
42 160
42 171
42 181
42 187
43 52
43 54
43 73
43 83
43 108
43 124
43 132
43 134
43 160
43 179
43 187
44 64
44 107
44 158
44 169
45 57
45 58
45 69
45 118
45 154
45 161
45 182
45 186
45 190
46 56
46 58
46 80
46 144
46 167
47 54
47 63
47 107
47 155
48 73
48 77
48 137
48 158
48 167
49 56
49 59
49 70
49 71
49 87
49 98
49 121
49 134
49 171
49 175
49 183
50 94
50 117
50 138
50 158
50 176
50 196
50 197
51 71
51 82
51 105
51 106
51 119
51 128
51 147
51 167
51 173
52 61
52 100
52 102
52 151
52 167
52 181
53 86
53 119
53 135
53 140
53 158
53 164
53 183
54 60
54 105
54 110
54 122
54 140
54 141
54 178
54 193
55 183
55 185
55 191
55 199
56 58
56 60
56 71
56 105
56 116
56 120
56 126
56 133
56 147
56 160
56 190
56 200
57 97
57 106
57 109
57 184
58 61
58 67
58 104
58 152
58 163
58 173
58 175
59 61
59 101
59 121
59 135
59 150
59 169
59 180
60 110
60 133
60 156
60 157
60 176
60 180
60 185
60 194
61 62
61 66
61 72
61 92
61 101
61 122
61 131
61 151
61 195
61 198
62 67
62 88
62 93
62 101
62 125
62 152
62 165
62 193
63 66
63 74
63 108
63 110
63 115
63 149
63 152
63 157
64 116
64 181
65 95
65 148
65 152
65 188
65 191
66 86
66 140
66 146
66 150
66 155
66 160
66 173
67 136
67 150
67 163
68 92
68 107
68 118
68 131
68 152
68 166
68 181
68 190
69 70
69 78
69 87
69 110
69 152
69 161
69 193
70 73
70 101
70 102
70 114
70 136
70 147
70 151
70 187
70 195
70 198
71 101
71 126
71 130
71 138
71 164
71 183
72 74
72 122
72 126
72 181
72 187
73 116
73 122
73 128
73 141
73 164
74 106
74 158
74 169
75 87
75 135
75 150
75 172
75 181
76 102
76 109
76 128
76 146
76 174
77 97
77 116
77 122
77 138
77 147
77 187
77 200
78 109
78 136
78 138
78 153
78 172
78 177
78 190
78 195
79 96
79 116
79 131
79 155
79 193
80 94
80 136
80 187
81 139
81 182
81 196
82 88
82 93
82 130
82 141
82 148
82 166
82 171
83 131
83 135
83 169
83 189
84 143
84 158
84 169
84 197
85 175
86 105
86 121
86 127
86 177
87 93
87 117
87 120
87 162
88 133
88 158
88 161
88 186
89 98
89 120
89 169
89 188
89 192
90 110
90 113
90 124
90 157
90 191
91 121
91 145
91 163
92 151
92 194
93 99
93 132
93 143
93 145
94 132
94 165
95 106
95 119
95 130
95 152
95 156
95 160
95 191
96 111
96 164
97 115
97 130
97 153
97 194
98 114
98 120
98 129
99 100
99 127
99 151
99 155
99 178
99 195
99 198
100 124
100 140
100 152
100 170
100 171
100 184
100 193
101 123
101 140
101 156
101 172
101 200
102 114
102 121
102 126
102 151
102 166
102 174
102 175
102 184
102 197
103 104
103 106
103 121
103 132
103 151
103 160
104 110
104 123
104 129
104 188
105 139
105 192
106 139
106 179
106 199
107 165
107 166
107 180
107 195
107 200
108 114
108 148
108 160
108 175
109 111
109 161
109 167
109 174
110 150
111 133
111 148
111 167
111 181
111 200
112 139
112 140
112 155
112 178
113 121
113 139
113 145
113 172
114 124
114 187
114 199
115 131
115 147
115 148
115 152
115 160
115 163
115 187
116 184
116 199
117 131
117 133
117 135
117 136
117 147
117 161
117 167
118 129
118 139
118 165
118 179
118 183
118 184
118 196
119 126
119 133
119 135
119 148
119 168
120 121
120 182
121 128
122 188
122 198
123 135
123 144
123 157
123 161
124 133
124 137
124 149
124 164
125 150
125 152
125 161
125 194
125 197
125 198
126 133
126 162
126 169
126 174
126 194
127 147
127 163
127 197
128 180
128 181
129 132
129 142
129 144
129 156
129 163
131 149
131 150
131 180
132 138
132 169
132 176
132 193
133 134
133 144
133 163
133 190
134 196
135 139
135 168
135 170
135 193
135 198
136 174
137 145
137 146
137 173
137 183
137 187
137 196
137 200
138 163
138 170
138 190
139 181
139 194
140 176
142 153
142 177
143 162
143 172
143 173
143 178
144 159
144 189
145 163
145 182
146 161
146 197
147 199
148 149
148 155
148 189
149 163
149 188
150 163
152 178
152 180
153 183
153 186
155 194
156 171
156 187
156 199
158 163
158 173
160 171
160 184
160 189
161 195
162 170
162 182
162 200
163 183
166 178
167 193
168 176
168 180
169 187
169 193
170 180
170 187
171 195
172 174
172 191
173 177
173 181
175 190
175 196
177 198
180 184
181 197
182 197
183 197
184 191
184 194
185 191
186 189
189 198
192 199
