200 332
1 3
2 5
2 25
2 33
2 58
2 95
2 123
2 190
3 6
3 80
3 94
3 136
4 132
4 196
5 20
5 161
6 97
6 108
6 198
7 17
7 20
7 33
7 105
7 139
7 173
7 198
8 15
8 17
8 46
8 61
8 104
8 121
9 15
9 70
9 125
9 134
10 29
10 77
10 167
11 43
12 18
12 74
12 192
13 91
13 128
13 190
14 99
14 128
14 146
14 196
15 109
15 145
15 183
16 161
17 19
17 156
17 159
18 30
18 54
18 110
19 91
19 131
21 28
21 77
21 135
21 168
22 74
22 111
23 32
23 95
23 175
23 182
24 54
24 89
24 176
25 53
25 79
25 86
25 137
27 54
27 104
28 45
28 52
28 66
28 169
29 48
29 72
29 93
29 147
29 193
30 68
30 145
30 187
30 189
30 194
31 42
31 53
32 122
32 184
33 89
33 133
34 75
35 109
35 193
36 115
36 200
37 117
37 126
37 157
37 165
37 178
38 60
39 48
39 71
39 157
40 90
40 146
40 171
41 47
41 74
42 74
42 109
42 116
42 140
43 185
44 77
44 120
44 169
44 190
45 57
45 59
45 154
46 147
47 104
47 188
47 200
48 114
48 126
48 200
49 82
49 106
49 137
49 143
49 191
50 58
50 70
50 135
50 179
50 194
51 78
51 136
51 164
52 91
52 130
53 121
53 151
53 166
54 61
54 154
54 200
55 87
56 118
56 174
56 185
57 78
57 106
58 71
58 101
58 170
59 147
60 129
62 117
62 147
62 154
62 198
63 71
63 119
64 96
64 142
65 73
66 97
66 176
67 143
69 165
69 167
69 182
70 81
70 108
70 158
70 164
70 198
71 80
71 86
71 136
71 140
71 175
71 187
72 77
75 192
77 115
77 147
78 181
79 131
79 155
79 183
80 99
80 111
80 116
80 197
81 87
82 129
83 164
83 167
84 191
85 145
85 157
85 195
86 114
86 120
86 125
86 138
87 96
87 140
87 185
89 157
89 158
89 168
89 180
90 118
90 144
91 146
92 131
92 173
94 139
94 143
95 152
95 198
96 97
96 127
98 176
99 110
99 128
100 117
101 124
101 125
101 165
103 176
103 196
105 147
105 149
105 175
106 112
106 156
107 116
108 144
109 134
109 186
110 152
111 117
111 182
112 127
112 136
112 167
113 143
114 130
114 158
115 153
117 154
118 157
118 159
118 161
120 189
123 155
125 162
125 170
126 163
126 169
127 178
128 179
129 147
129 152
129 169
129 196
130 188
131 136
131 164
132 150
133 158
135 147
136 140
136 153
136 158
136 160
136 186
137 166
139 160
140 143
140 159
142 178
143 163
144 177
146 174
148 149
148 150
148 187
149 168
149 185
149 199
150 187
151 177
154 176
155 163
155 177
157 163
159 190
159 193
160 189
161 166
161 176
164 171
165 174
170 193
171 190
171 199
173 180
175 200
177 198
180 193
181 200
182 191
183 198
187 199
