200 300
33 38
33 166
33 27
38 152
38 117
85 140
85 53
85 138
140 46
140 115
7 83
7 82
7 159
83 103
83 45
79 188
79 82
79 182
188 73
188 142
166 61
166 133
43 168
43 170
43 126
168 185
168 51
42 178
42 111
42 70
178 29
178 146
11 53
11 23
11 193
53 127
94 124
94 123
94 165
124 52
124 138
74 91
74 72
74 112
91 145
91 47
62 190
62 137
62 84
190 171
190 186
135 141
135 71
135 19
141 195
141 153
189 197
189 100
189 196
197 41
197 54
103 9
103 159
131 180
131 182
131 167
180 181
180 22
29 77
29 25
77 35
77 148
65 161
65 176
65 102
161 120
161 88
23 36
23 20
36 26
36 78
52 72
52 69
72 14
120 129
120 34
47 177
47 84
177 88
177 100
45 192
45 24
192 64
192 160
1 143
1 142
1 107
143 100
143 49
32 57
32 20
32 99
57 63
57 67
105 127
105 149
105 101
127 31
116 191
116 109
116 92
191 4
191 34
15 114
15 195
15 108
114 87
114 128
59 169
59 196
59 95
169 28
169 196
61 198
61 3
41 68
41 90
21 194
21 134
21 16
194 113
194 63
31 40
31 48
40 75
40 184
50 200
50 193
50 80
200 99
200 98
27 163
27 183
170 198
170 98
136 187
136 184
136 150
187 175
187 137
35 70
35 22
182 171
82 106
106 98
106 76
58 60
58 185
58 154
60 78
60 66
195 134
87 132
87 71
6 159
6 4
6 80
56 108
56 162
56 90
108 25
28 37
28 147
37 80
37 171
64 78
64 26
88 17
73 44
73 102
193 101
25 81
132 158
132 133
75 174
75 30
129 12
129 179
89 96
89 153
89 5
96 119
96 8
70 109
119 173
119 163
173 2
173 160
126 16
126 110
2 14
2 121
30 92
30 139
92 44
146 175
146 152
175 199
137 172
172 69
172 104
39 49
39 10
39 139
49 12
69 5
12 5
198 154
86 133
86 157
86 67
93 157
93 104
93 97
157 113
22 51
51 125
99 121
109 48
130 160
130 181
130 167
153 112
63 9
149 144
149 152
111 155
111 118
102 104
148 156
148 90
156 19
156 55
3 165
3 144
165 84
71 9
10 125
10 54
125 142
181 155
147 185
147 13
16 186
186 118
44 151
117 162
117 134
162 118
184 66
54 95
123 183
123 76
174 150
174 55
101 121
48 199
199 122
95 110
97 145
97 179
14 176
113 4
13 107
13 115
107 18
150 17
81 163
81 167
145 24
67 8
17 122
158 183
158 66
46 110
46 128
24 20
26 8
68 164
68 122
164 151
164 154
176 179
19 76
144 139
151 128
155 18
34 138
18 112
55 115
