200 117
1 30
2 120
2 122
2 153
3 13
3 94
4 62
4 179
5 62
5 67
6 69
6 175
6 182
9 41
9 152
10 46
10 64
11 12
12 95
13 62
14 31
15 163
16 84
18 62
18 195
19 39
19 130
20 25
22 109
22 166
23 149
26 32
26 165
27 147
28 132
29 33
29 78
29 143
31 92
34 165
34 199
35 79
36 93
36 160
36 187
37 115
37 118
38 199
39 56
39 165
41 62
41 134
42 169
44 96
48 77
48 177
49 93
49 177
49 182
51 117
53 55
53 126
54 186
55 104
55 110
57 188
59 143
61 161
64 134
65 68
66 138
66 186
66 192
68 163
70 190
72 145
72 170
74 128
75 80
77 81
78 83
79 131
80 134
80 159
81 94
82 169
83 193
86 121
87 114
87 153
91 96
91 101
92 193
94 150
95 137
98 112
98 163
99 190
103 175
109 131
109 145
109 169
110 125
115 179
121 184
127 147
128 143
135 179
138 152
139 162
141 197
142 164
150 191
152 181
176 198
183 186
189 194
