200 500
41 195
41 167
41 192
41 136
41 116
195 170
195 43
195 92
195 194
2 87
2 62
2 80
2 88
2 166
87 128
87 22
87 177
87 131
48 54
48 16
48 196
48 191
48 125
54 113
54 25
54 39
54 40
136 176
136 105
136 188
136 90
176 112
176 135
176 100
176 174
42 178
42 25
42 51
42 119
42 188
178 170
178 89
178 122
178 93
148 177
148 137
148 131
148 69
148 67
177 61
177 65
177 125
12 15
12 154
12 97
12 184
12 164
15 150
15 47
15 130
15 96
46 166
46 183
46 151
46 108
46 79
166 38
166 180
166 102
11 28
11 18
11 128
11 73
11 29
28 142
28 10
28 164
28 150
58 149
58 24
58 13
58 69
58 155
149 37
149 119
149 89
149 103
79 181
79 184
79 183
79 173
181 115
181 66
181 156
181 100
51 110
51 31
51 74
51 55
110 135
110 1
110 23
110 26
3 33
3 101
3 86
3 5
3 182
33 4
33 187
33 103
33 107
16 152
16 94
16 84
16 18
152 85
152 153
152 116
152 127
111 133
111 141
111 85
111 163
111 13
133 49
133 17
133 20
133 32
120 200
120 57
120 106
120 197
120 150
200 164
200 4
200 190
200 27
19 157
19 82
19 1
19 69
19 171
157 30
157 134
157 171
157 27
92 138
92 137
92 113
92 164
138 98
138 1
138 10
138 143
64 156
64 102
64 23
64 186
64 199
156 129
156 59
156 192
40 109
40 65
40 74
40 190
109 100
109 139
109 193
109 83
7 170
7 80
7 144
7 101
7 104
170 151
170 34
61 25
61 55
61 197
61 196
63 196
63 24
63 189
63 179
63 132
196 45
196 188
36 102
36 169
36 168
36 127
36 145
102 10
102 82
125 198
125 68
125 118
198 65
198 114
198 90
198 34
121 146
121 80
121 167
121 153
121 62
146 86
146 186
146 77
146 171
57 161
57 71
57 75
57 97
161 98
161 140
161 118
161 14
38 129
38 35
38 89
38 66
56 183
56 144
56 112
56 180
56 129
183 122
183 145
34 43
34 52
34 14
43 105
43 142
43 20
23 24
23 94
23 143
24 30
24 130
147 167
147 180
147 151
147 93
147 99
167 107
167 108
180 134
180 37
75 80
75 169
75 52
75 71
80 162
25 81
25 20
44 74
44 185
44 142
44 35
44 82
74 137
74 62
88 117
88 194
88 188
88 174
117 128
117 173
117 8
117 158
100 191
100 172
78 90
78 108
78 140
78 143
78 123
90 76
90 52
140 172
140 76
140 60
172 77
172 127
172 175
150 73
150 49
70 95
70 112
70 89
70 83
70 137
95 26
95 173
95 113
95 31
108 168
108 35
18 179
18 53
18 55
8 129
8 6
8 67
8 76
129 60
173 187
173 94
187 168
187 93
187 96
55 182
55 193
72 132
72 122
72 191
72 194
72 119
132 128
132 160
132 124
37 165
37 174
37 6
165 163
165 114
165 104
165 22
174 107
174 199
105 169
105 141
105 83
31 112
31 67
31 127
112 1
4 6
4 199
4 77
6 50
6 68
93 182
93 84
182 154
182 27
126 130
126 116
126 81
126 32
126 179
130 49
130 123
141 168
141 65
141 66
32 86
32 190
32 13
86 158
86 189
83 159
83 185
159 144
159 22
159 123
159 145
179 59
179 68
137 118
135 197
135 155
135 30
197 190
197 77
67 71
67 124
71 162
71 50
5 96
5 39
5 163
5 14
96 124
96 160
116 192
116 101
192 27
192 139
53 94
53 114
53 118
53 9
94 185
169 185
169 191
185 47
98 45
98 97
98 160
162 22
162 17
162 45
114 142
114 128
142 193
13 59
13 50
59 52
59 60
163 154
163 62
1 81
52 39
73 91
73 160
73 50
91 103
91 186
91 101
91 45
30 124
30 9
106 134
106 29
106 191
106 21
134 184
134 193
22 27
85 97
85 35
85 160
139 39
139 154
139 144
10 35
10 47
47 84
47 171
84 99
84 65
68 143
68 76
143 17
154 155
155 21
155 50
122 82
122 184
97 62
14 158
14 171
158 45
158 188
103 104
103 76
131 194
131 49
131 123
194 77
164 29
49 124
104 115
104 168
29 186
29 82
113 199
113 123
26 89
26 21
26 175
39 189
115 101
115 9
115 145
118 69
60 20
60 193
66 175
66 119
151 107
151 20
69 119
190 21
17 189
17 99
144 199
99 175
99 127
21 9
186 81
107 189
153 175
153 184
153 9
81 145
