200 100
61 109
152 163
139 166
58 156
43 104
52 72
165 193
102 189
67 70
21 48
10 18
50 127
36 82
124 149
51 174
56 188
2 180
29 88
39 120
28 37
190 197
24 183
94 110
80 157
12 47
100 169
4 9
117 185
77 112
147 192
33 145
14 22
153 198
66 160
40 159
1 3
138 164
129 170
87 118
176 184
106 171
83 148
23 191
64 98
123 186
99 131
42 143
54 62
65 126
63 74
151 196
49 84
11 173
142 150
187 200
20 114
78 195
103 194
140 158
96 155
25 168
19 161
71 116
93 177
13 68
7 27
8 35
69 182
128 134
154 162
75 91
26 86
46 119
59 113
38 179
85 141
101 137
30 95
15 76
34 175
53 133
44 130
90 97
105 125
132 172
79 81
16 107
32 60
55 181
57 178
92 111
135 146
45 108
5 17
6 73
31 136
121 167
89 144
41 122
115 199
