200 100
90 179
65 70
124 156
178 191
82 150
2 160
73 92
12 189
74 118
99 141
36 137
47 149
37 56
159 180
109 170
17 169
64 101
11 128
115 176
59 153
43 53
78 168
107 119
38 187
67 113
5 19
4 84
139 193
68 151
100 146
48 117
54 133
111 130
57 83
30 32
10 63
76 182
161 195
27 60
22 165
87 166
79 162
49 75
55 125
29 51
123 152
72 104
81 134
91 129
16 199
21 61
23 122
77 157
135 190
18 181
44 108
1 174
7 98
132 184
177 183
45 88
120 121
3 164
39 41
93 140
85 175
13 52
31 173
35 192
95 185
28 198
71 148
105 116
40 172
46 103
89 138
15 188
33 50
24 145
25 110
8 167
34 131
6 96
26 200
69 97
14 158
147 163
20 143
58 127
86 106
94 186
80 114
42 194
62 142
9 136
112 155
126 154
66 197
102 196
144 171
