200 267
1 135
1 29
2 9
3 151
3 5
3 172
3 103
3 35
4 197
5 94
5 134
5 166
5 109
6 59
6 56
6 183
6 171
7 151
7 17
7 176
7 180
7 21
7 124
7 47
7 115
7 46
9 97
9 33
9 91
9 194
9 92
9 90
9 130
9 141
10 37
10 81
10 120
11 175
12 95
12 34
13 178
13 66
14 80
16 17
16 175
16 71
17 151
17 180
17 33
17 37
17 64
17 194
17 142
17 110
17 155
17 84
18 190
19 180
19 124
19 102
20 151
20 176
20 178
21 151
21 105
22 151
22 108
22 51
23 159
23 91
23 108
24 157
24 152
25 151
25 97
25 109
25 164
28 127
29 180
31 80
32 138
33 37
33 191
33 71
33 63
33 68
33 144
33 83
34 151
34 146
34 128
34 186
36 166
36 194
37 165
37 85
37 100
37 63
37 61
37 167
37 188
38 151
39 80
40 172
40 125
42 134
43 163
43 73
44 151
45 142
46 151
46 149
48 94
51 149
53 140
54 62
55 191
55 56
56 199
56 143
56 114
56 142
57 118
59 151
59 97
59 176
59 157
59 134
59 64
59 98
60 64
60 128
60 98
61 173
61 78
62 176
64 176
64 157
64 127
64 131
66 99
66 73
67 126
67 99
72 117
73 151
74 151
74 124
74 100
74 112
77 124
77 199
79 153
80 151
80 94
80 97
80 134
80 187
80 146
80 194
80 155
80 104
80 130
80 98
80 192
81 187
82 94
84 134
86 187
88 125
88 173
90 180
90 194
91 151
91 94
91 97
91 95
91 125
91 137
91 170
91 162
92 178
92 104
92 121
93 157
94 151
94 124
94 175
94 114
94 142
94 133
95 151
95 97
95 134
95 191
96 199
96 121
97 186
97 170
99 197
100 120
101 164
102 152
102 153
103 176
103 123
104 151
107 147
108 190
110 171
111 151
112 190
112 180
113 134
116 166
118 197
119 131
120 151
122 156
124 151
124 186
124 139
125 146
125 189
126 128
128 150
128 138
129 143
129 150
133 199
134 186
137 151
138 175
142 180
142 161
143 176
143 180
143 165
146 151
146 174
146 169
149 162
151 176
151 190
151 180
151 182
151 177
151 179
151 155
151 184
151 163
151 169
152 176
152 189
153 186
153 197
157 180
157 187
159 187
160 168
163 194
165 168
169 196
173 176
175 176
186 192
189 199
