200 152
2 39
2 65
2 168
3 103
4 189
5 115
5 168
6 65
8 141
9 16
9 33
9 83
9 181
10 171
11 161
12 29
12 54
12 167
12 170
14 19
14 194
16 35
16 98
16 196
17 95
18 122
19 52
20 86
21 170
23 75
23 151
28 65
29 76
29 186
30 144
31 150
31 176
32 169
33 186
33 200
34 70
34 110
34 161
36 125
37 101
37 195
39 146
40 155
41 160
41 199
42 169
42 178
43 88
43 98
45 129
45 198
46 169
48 79
48 142
49 79
49 111
49 119
50 71
50 111
50 137
50 141
50 184
51 135
52 173
53 184
53 192
55 123
57 87
57 94
57 133
58 106
58 192
60 151
61 62
61 90
62 195
63 79
63 94
64 91
64 191
65 153
67 102
70 159
70 188
73 104
74 175
74 196
75 116
75 150
78 188
79 160
81 151
87 92
87 146
88 104
88 176
89 133
90 136
91 170
92 139
93 106
93 146
93 188
95 145
95 198
97 143
97 156
100 113
102 109
102 176
103 167
104 165
109 139
111 176
112 144
112 175
113 174
114 171
115 119
115 133
118 177
119 146
121 156
123 168
124 163
124 171
124 176
125 164
127 181
130 142
133 165
134 161
135 175
136 169
137 181
138 194
139 178
144 191
145 196
149 194
151 192
153 154
162 174
165 177
173 195
174 184
184 186
