453 2348
1 382
1 2
1 136
1 324
1 242
1 417
2 136
2 324
2 423
2 253
2 366
2 393
2 340
2 367
2 391
2 80
2 19
2 194
2 213
2 279
2 161
2 325
2 327
2 427
2 44
2 50
2 85
2 314
2 335
3 111
3 127
3 325
3 370
3 419
3 59
3 132
4 299
4 329
5 154
5 18
5 118
5 204
5 324
5 325
5 376
5 22
5 98
5 227
5 23
5 300
5 6
5 384
5 84
5 438
5 182
5 87
5 159
6 113
6 197
6 417
6 57
6 186
6 225
6 327
6 384
6 220
6 295
6 346
6 15
6 291
6 410
6 191
6 203
6 296
6 199
6 212
6 231
7 217
8 276
8 87
8 189
8 208
8 294
8 451
9 186
9 245
9 324
9 89
9 119
10 153
10 414
10 205
10 125
10 368
10 371
10 115
10 370
11 72
11 141
11 223
11 247
11 27
11 35
11 290
11 88
12 127
12 64
12 224
12 337
12 87
12 447
12 231
12 387
13 446
13 79
13 176
13 180
13 217
14 337
14 420
14 81
14 31
14 69
14 86
14 88
14 97
14 142
14 195
15 174
15 198
15 229
15 31
15 53
15 195
15 376
15 441
15 291
15 410
15 235
15 52
15 276
15 392
16 213
16 242
16 264
16 419
16 152
16 169
16 181
16 255
16 150
16 165
16 404
17 73
17 436
18 213
18 41
18 94
18 126
18 149
18 254
18 360
18 118
18 204
18 324
18 325
18 376
18 86
18 412
19 61
19 448
19 107
19 118
19 194
19 213
19 279
19 241
19 79
19 233
19 238
19 75
19 240
19 267
20 231
20 167
20 253
20 323
20 350
20 178
20 393
20 128
20 139
21 328
21 37
21 118
21 219
21 258
21 301
21 449
22 37
22 302
22 377
22 438
22 98
22 227
22 328
22 83
22 206
22 167
22 263
22 367
23 199
23 298
23 300
24 223
24 294
25 266
25 319
25 100
25 312
25 420
25 254
25 314
25 264
25 370
25 231
25 176
25 308
25 313
25 430
26 176
26 398
27 28
27 36
27 55
27 139
27 291
27 404
27 96
27 408
27 272
27 238
27 255
27 77
27 168
27 254
27 299
27 322
27 35
27 290
27 250
27 311
27 434
28 36
28 55
28 139
28 291
28 404
28 194
28 437
28 448
28 212
28 245
28 303
28 101
28 118
29 49
29 222
29 400
29 451
29 333
29 350
29 165
29 175
29 205
29 149
29 65
29 88
29 156
30 104
30 278
30 352
30 452
30 244
30 363
30 449
30 413
30 61
30 101
30 155
30 241
30 248
30 372
30 135
30 405
30 173
30 416
30 65
30 261
30 436
31 92
31 98
31 209
31 239
31 415
31 215
31 240
31 263
31 163
31 53
31 195
31 376
31 146
31 250
31 444
31 392
32 400
33 100
33 44
33 129
33 169
33 312
34 86
34 350
34 79
34 129
34 184
34 193
34 320
34 373
34 441
34 356
34 421
35 161
35 231
35 384
35 290
35 156
35 200
35 248
35 382
35 450
36 55
36 139
36 291
36 404
36 238
36 255
36 203
36 292
36 338
36 114
37 302
37 377
37 438
38 125
38 212
38 413
38 440
38 88
38 357
38 51
38 80
38 363
38 390
39 156
39 196
39 443
39 101
40 89
40 415
40 419
40 280
41 94
41 126
41 149
41 254
41 360
41 69
41 130
41 220
41 62
41 142
41 439
41 448
41 233
41 347
41 171
41 172
41 239
41 264
41 357
41 326
42 163
42 248
42 350
42 332
42 173
42 413
42 100
42 221
42 426
42 243
42 329
42 46
42 194
43 147
43 276
43 380
43 415
43 308
43 349
43 210
43 259
43 54
43 46
43 234
44 105
44 129
44 169
44 312
44 50
44 85
45 76
45 104
45 413
45 446
45 399
46 82
46 260
46 290
46 331
46 68
46 175
46 219
46 194
46 234
46 314
47 208
47 258
47 426
47 207
47 223
47 301
47 189
47 240
47 326
47 349
47 70
47 341
47 370
47 191
47 182
47 292
47 351
47 117
47 220
48 291
48 349
48 452
49 303
49 391
49 222
49 400
49 451
50 77
50 367
50 210
50 333
50 104
50 110
50 85
51 124
51 80
51 363
51 390
52 126
52 236
52 326
52 352
52 367
52 432
52 97
52 139
52 301
52 276
52 392
53 83
53 253
53 391
53 101
53 195
53 376
53 225
53 419
53 98
53 118
53 130
54 111
54 78
54 341
54 73
54 162
54 203
54 254
54 384
54 128
54 268
54 318
54 427
54 193
55 139
55 291
55 404
55 339
55 344
55 360
56 371
56 328
56 197
56 259
56 448
56 178
56 268
56 350
56 308
56 196
56 254
56 287
56 391
57 186
57 225
57 327
58 143
58 157
58 316
59 171
59 196
59 137
59 209
59 97
59 193
59 360
59 67
59 160
59 231
59 84
59 155
59 449
59 111
59 132
60 148
60 167
60 239
60 250
60 335
60 370
60 435
60 236
60 404
60 203
60 284
61 448
61 124
61 287
61 101
61 155
61 241
61 248
61 372
61 70
61 92
61 219
62 184
62 305
62 142
62 439
63 298
63 134
63 179
63 225
63 178
63 436
63 81
63 86
63 133
63 164
63 338
64 224
64 337
64 274
64 342
64 354
65 69
65 231
65 261
65 436
65 88
65 156
66 422
67 258
67 295
67 135
67 160
67 231
67 104
67 374
69 130
69 220
69 231
69 166
69 209
69 326
69 447
69 276
69 308
69 408
69 430
69 86
69 88
69 97
69 258
69 201
69 288
69 371
69 381
70 158
70 311
70 284
70 341
70 370
70 92
70 219
70 241
70 73
70 83
70 353
70 204
70 323
70 334
70 201
70 305
71 313
71 351
71 404
71 159
71 180
71 272
71 420
71 428
71 201
71 266
71 402
71 452
71 245
71 288
71 84
71 416
71 344
72 141
72 223
72 247
72 100
72 112
72 419
73 416
73 436
73 83
73 353
73 282
73 162
73 203
73 254
73 384
74 91
74 208
74 365
75 125
75 293
75 129
75 320
75 323
75 405
75 451
75 241
75 109
75 195
75 203
75 324
75 400
75 240
75 267
76 208
76 374
76 104
76 413
76 446
77 148
77 367
77 195
77 297
77 378
77 94
77 162
77 170
77 186
78 341
79 94
79 177
79 280
79 424
79 129
79 184
79 193
79 320
79 373
79 274
79 409
79 103
79 308
79 330
79 432
79 176
79 180
79 217
79 233
79 238
80 363
80 390
81 207
81 432
81 250
81 287
81 86
81 133
81 164
81 338
82 121
82 126
82 130
82 203
82 291
82 344
82 260
82 103
82 195
82 160
82 352
83 253
83 391
83 215
83 232
83 353
83 227
83 294
83 374
83 422
83 273
83 206
83 121
83 212
83 343
84 222
84 251
84 288
84 434
84 118
84 169
84 360
84 438
84 237
84 403
84 416
85 338
85 259
85 137
85 176
85 376
85 386
85 96
85 223
85 401
85 234
85 277
85 298
85 395
85 402
86 152
86 226
86 320
86 350
86 93
86 412
86 177
86 322
86 438
86 220
86 282
86 404
86 88
86 97
86 133
86 164
86 338
87 244
87 412
87 175
87 329
87 443
87 124
87 240
87 264
87 405
87 422
87 447
87 374
87 194
87 348
87 365
87 159
87 189
87 208
87 294
87 451
88 237
88 357
88 387
88 398
88 97
88 156
89 406
89 415
89 103
89 161
90 171
90 215
90 269
90 226
90 272
90 440
91 208
91 365
91 297
91 348
91 261
91 371
92 98
92 311
92 219
92 241
92 128
92 385
92 173
92 195
92 340
93 166
93 250
93 370
93 406
93 176
94 177
94 280
94 424
94 128
94 130
94 126
94 149
94 254
94 360
94 138
94 162
94 170
94 186
95 203
95 439
95 251
96 317
96 408
96 281
96 298
96 401
96 119
96 219
96 259
96 224
96 223
97 193
97 360
97 171
97 235
97 313
97 119
97 139
97 301
98 227
98 146
98 250
98 444
98 118
98 130
99 104
99 160
99 334
100 299
100 312
100 420
100 112
100 419
100 426
101 183
101 422
101 437
101 155
101 241
101 248
101 372
101 209
101 118
102 281
102 229
102 256
102 215
102 398
102 152
103 114
103 198
103 288
103 312
103 430
103 308
103 330
103 133
103 154
103 247
103 367
103 398
103 370
103 195
103 126
103 322
103 359
104 278
104 352
104 452
104 402
104 399
104 429
104 413
104 446
104 302
104 409
104 110
104 160
104 374
105 446
106 259
106 196
106 300
106 336
106 367
107 325
107 350
107 110
107 248
107 306
107 412
108 358
108 435
108 284
110 420
110 437
110 142
110 156
110 249
110 281
110 167
110 323
110 248
110 306
110 412
111 251
111 277
111 393
111 453
111 342
111 409
111 270
111 321
111 349
111 392
111 423
111 132
111 139
111 450
112 431
112 419
112 209
112 344
113 197
113 417
114 198
114 288
114 312
114 430
114 211
114 342
114 451
114 324
114 281
115 370
116 139
116 196
117 189
117 444
117 253
117 422
118 289
118 204
118 324
118 325
118 376
118 169
118 360
118 219
118 254
118 130
119 262
119 414
119 419
119 446
119 219
119 259
119 142
119 190
119 232
119 310
119 431
119 306
120 209
120 323
120 359
120 398
120 182
120 371
120 393
121 414
121 126
121 130
121 203
121 291
121 208
121 266
121 162
121 437
121 153
121 312
121 261
121 212
121 253
121 343
122 427
122 244
122 183
122 278
122 298
123 432
124 155
124 313
124 287
124 359
124 374
124 240
124 264
124 405
124 422
125 212
125 413
125 440
125 293
125 182
125 205
125 425
125 232
125 358
126 236
126 326
126 352
126 367
126 432
126 149
126 254
126 360
126 130
126 203
126 291
126 418
126 443
126 224
126 322
126 359
128 130
128 385
128 268
128 393
128 265
128 318
128 427
128 139
128 230
129 184
129 193
129 320
129 373
129 323
129 405
129 451
129 205
129 169
129 312
129 270
129 317
129 142
129 175
129 370
130 318
130 220
130 203
130 291
130 189
130 317
130 335
130 154
130 452
130 448
131 140
131 358
131 402
131 243
132 238
132 274
132 452
133 172
133 255
133 329
133 358
133 154
133 247
133 367
133 398
133 164
133 338
134 179
134 225
134 174
134 249
134 313
134 381
135 325
135 405
135 243
135 281
135 440
135 176
135 199
135 229
135 343
135 146
135 320
135 427
135 444
136 324
136 352
136 167
137 209
137 398
137 155
137 449
137 176
137 376
137 189
137 349
137 408
139 220
139 326
139 291
139 404
139 237
139 384
139 405
139 196
139 301
139 450
140 358
141 223
141 247
141 264
141 370
141 416
142 439
142 158
142 389
142 431
142 156
142 249
142 175
142 370
142 195
142 190
142 232
142 310
142 346
142 434
143 399
143 422
143 312
143 144
143 334
143 310
143 157
143 316
144 334
144 287
145 394
145 272
145 357
146 250
146 444
146 337
146 320
146 427
146 265
146 323
147 427
147 330
147 439
147 219
147 221
147 401
147 416
147 400
147 192
147 277
147 378
148 167
148 230
148 387
148 403
149 254
149 360
149 184
149 268
150 199
150 398
150 165
150 404
151 335
152 226
152 320
152 178
152 207
152 331
152 398
152 212
152 410
152 183
152 392
152 154
152 227
152 294
153 414
153 312
153 285
154 299
154 438
154 227
154 294
154 243
154 247
154 367
154 398
155 313
155 170
155 207
155 210
155 234
155 257
155 431
155 241
155 248
155 372
155 238
155 239
155 160
155 203
155 173
155 282
155 310
155 344
155 438
155 349
155 449
156 196
156 443
156 281
156 288
156 403
156 275
156 410
156 249
156 238
156 267
156 367
156 200
156 248
156 382
156 450
157 235
157 316
158 389
158 431
158 311
159 173
159 269
159 423
159 180
159 272
159 420
159 428
159 414
160 203
160 231
160 334
160 374
160 352
161 186
161 318
161 329
161 377
161 325
161 327
161 427
162 451
162 246
162 253
162 267
162 357
162 437
162 224
162 363
162 381
162 170
162 186
162 203
162 254
162 384
163 251
163 259
163 289
163 248
163 350
164 338
165 262
165 253
165 175
165 392
165 404
166 250
166 370
166 406
166 209
166 326
166 447
167 182
167 185
167 277
167 223
167 425
167 323
167 253
167 350
167 263
167 367
167 174
167 399
168 169
168 254
168 299
168 322
168 268
168 412
168 357
168 451
169 326
169 334
169 446
169 303
169 338
169 360
169 312
169 250
169 371
169 409
169 181
169 255
169 419
170 207
170 210
170 234
170 257
170 431
170 374
170 186
171 196
171 235
171 313
171 215
171 269
172 255
172 329
172 358
172 239
172 264
172 357
173 269
173 423
173 413
173 416
173 282
173 310
173 344
173 438
173 195
174 423
174 395
174 198
174 229
174 249
174 313
174 381
174 303
174 449
174 399
175 329
175 443
175 202
175 247
175 348
175 315
175 376
175 422
175 370
175 219
175 201
175 234
176 398
176 266
176 308
176 313
176 430
176 180
176 217
176 199
176 229
176 343
176 376
177 280
177 424
177 376
177 401
177 322
177 438
178 207
178 331
178 186
178 199
178 293
178 403
178 444
178 183
178 392
178 393
178 210
178 389
178 271
178 436
179 225
180 272
180 420
180 428
180 391
180 247
180 414
180 217
180 226
180 364
181 255
182 185
182 277
182 292
182 351
182 205
182 425
182 371
182 393
182 233
182 241
182 409
183 422
183 278
183 298
183 392
183 240
184 241
184 345
184 445
184 193
184 320
184 373
184 305
184 268
184 188
185 277
185 413
186 199
186 293
186 403
186 444
186 245
186 324
186 225
186 327
186 318
186 329
186 377
187 277
187 210
187 284
188 301
188 376
189 317
189 335
189 212
189 306
189 365
189 240
189 326
189 349
189 229
189 444
189 408
189 208
189 294
189 451
190 371
190 232
190 310
190 431
191 350
191 414
191 429
191 250
191 336
191 447
191 203
191 296
192 277
192 378
193 320
193 373
193 317
193 360
194 271
194 281
194 437
194 448
194 196
194 213
194 279
194 348
194 365
194 447
195 297
195 378
195 317
195 339
195 216
195 376
195 203
196 443
196 429
196 203
196 254
196 287
196 391
197 417
197 368
197 259
197 448
198 394
198 288
198 312
198 430
198 229
198 347
198 446
199 298
199 293
199 403
199 444
199 254
199 446
199 398
199 243
199 261
199 418
199 229
199 343
199 212
199 231
200 277
200 427
200 448
200 248
200 382
200 450
201 266
201 402
201 452
201 353
201 412
201 327
201 431
201 355
201 215
201 397
201 420
201 288
201 371
201 234
201 305
202 217
202 331
202 366
202 247
202 348
202 432
203 291
203 439
203 284
203 292
203 338
203 254
203 384
203 296
204 324
204 325
204 376
204 365
204 323
204 334
205 425
205 301
205 431
206 221
206 239
206 400
206 415
206 242
207 331
207 223
207 301
207 210
207 234
207 257
207 431
207 432
207 250
207 287
208 374
208 258
208 426
208 365
208 266
208 294
208 451
209 239
209 415
209 335
209 405
209 416
209 323
209 359
209 398
209 340
209 326
209 447
209 344
210 234
210 257
210 431
210 333
210 259
210 284
210 389
211 346
211 365
211 413
212 413
212 440
212 306
212 365
212 410
212 253
212 343
212 231
213 242
213 279
214 281
214 364
214 442
215 240
215 263
215 232
215 269
215 398
215 397
215 420
215 392
216 245
217 331
217 366
217 417
218 298
218 344
218 391
218 449
219 259
219 221
219 241
220 326
220 264
220 267
220 338
220 282
220 404
220 295
220 346
221 293
221 426
221 249
222 251
222 288
222 434
222 400
222 451
223 247
223 294
223 301
223 235
223 295
223 425
223 413
223 441
223 401
224 337
224 363
224 381
224 336
224 357
224 288
224 414
225 327
225 318
225 348
226 320
226 288
226 344
226 378
226 272
226 441
227 268
227 323
227 337
227 294
227 374
228 351
229 256
229 343
230 387
230 403
231 284
231 393
231 384
231 441
231 387
232 310
232 431
232 358
233 347
233 238
234 257
234 431
234 277
234 298
234 395
234 402
235 313
235 295
236 326
236 352
236 367
236 432
236 404
237 320
237 424
237 384
237 405
237 403
238 383
238 255
238 239
238 274
238 452
238 333
238 267
238 367
239 415
239 250
239 335
239 370
239 435
239 400
239 374
239 438
239 264
239 357
239 404
240 263
240 350
240 326
240 349
240 264
240 405
240 422
240 267
241 345
241 445
241 248
241 372
242 417
242 313
242 346
243 395
243 261
243 362
243 429
243 329
244 412
244 273
244 329
244 381
244 361
245 324
245 288
245 303
247 291
247 348
247 414
247 367
247 398
248 350
248 372
248 306
248 412
248 382
248 450
249 300
249 313
249 381
249 400
249 452
249 286
249 395
250 335
250 370
250 435
250 406
250 336
250 447
250 444
250 371
250 409
250 287
250 311
250 434
251 259
251 289
251 288
251 434
251 277
251 393
251 453
251 258
251 307
252 298
253 391
253 267
253 357
253 366
253 393
253 323
253 350
253 343
253 422
254 360
254 308
254 446
254 418
254 299
254 322
254 314
254 287
254 391
254 384
255 329
255 358
255 259
255 293
255 372
255 426
255 392
257 431
258 295
258 426
258 301
258 449
258 307
259 289
259 293
259 372
259 448
259 284
260 315
260 453
260 385
260 393
260 322
261 320
261 436
261 371
261 288
263 367
264 267
264 338
264 419
264 404
264 370
264 405
264 422
264 357
265 323
266 319
266 402
266 452
266 296
266 339
266 308
266 313
266 430
267 338
267 357
267 367
268 323
268 337
268 322
268 443
268 350
268 412
268 418
268 393
268 318
268 427
269 423
270 317
270 321
271 281
272 420
272 428
272 294
272 436
272 357
274 342
274 354
274 452
276 380
276 415
276 308
276 408
276 430
276 301
276 351
276 392
277 393
277 453
277 427
277 391
277 378
277 298
277 395
277 402
278 352
278 452
278 298
278 438
278 418
280 424
280 317
281 288
281 403
281 298
281 401
281 440
281 364
281 442
281 341
281 363
281 419
282 449
282 404
282 310
282 344
282 438
282 432
283 395
284 289
284 340
284 393
284 327
284 384
284 405
284 437
285 437
286 399
286 415
286 432
286 395
287 391
288 434
288 344
288 378
288 312
288 430
288 403
288 414
288 371
289 340
289 372
289 444
289 448
290 372
290 420
290 444
290 331
291 404
291 349
291 326
291 443
291 433
291 410
292 351
292 338
293 403
293 444
293 372
293 339
294 374
294 436
294 451
295 346
296 305
296 392
296 452
296 339
297 378
297 348
297 324
297 339
298 344
298 391
298 401
298 412
298 395
298 402
299 329
299 438
299 322
299 369
299 431
300 336
300 367
301 449
301 376
301 431
301 351
302 409
302 377
302 438
302 404
303 338
303 391
304 346
305 392
305 452
306 365
306 412
308 394
308 330
308 408
308 430
308 349
308 313
309 383
310 397
310 344
310 438
310 360
310 431
311 434
312 420
312 430
313 351
313 404
313 346
313 430
313 381
314 335
315 453
317 339
317 335
318 348
318 329
318 377
318 427
320 424
320 373
320 323
320 405
320 451
320 436
320 427
320 444
322 443
322 334
322 348
322 363
322 436
322 438
322 405
322 410
322 359
323 359
323 398
323 405
323 451
323 337
323 334
323 365
323 350
324 325
324 376
324 400
325 370
325 419
325 376
325 350
325 395
325 327
325 427
326 334
326 446
326 352
326 367
326 432
326 443
326 349
326 447
326 433
327 384
327 431
327 427
328 422
329 443
329 358
329 377
329 394
330 334
330 439
330 363
331 366
333 350
333 445
334 446
334 348
334 363
334 436
334 390
334 365
334 386
334 395
335 405
335 416
335 370
335 435
336 430
336 447
336 357
336 367
337 390
339 344
339 360
340 367
340 391
341 370
341 363
341 419
342 426
342 409
342 354
342 451
344 391
344 378
344 438
344 360
345 445
346 365
346 413
346 434
347 408
347 446
348 363
348 436
348 365
348 447
349 392
349 423
349 408
350 414
351 404
352 452
352 367
352 432
353 412
354 359
354 374
354 405
354 400
354 360
356 421
357 451
358 435
359 398
359 374
359 405
360 372
362 429
363 449
363 436
363 381
363 390
363 396
363 419
364 442
365 413
365 447
366 393
366 400
366 390
367 432
367 391
367 398
367 409
368 371
369 431
370 419
370 435
370 406
371 393
371 412
371 409
372 420
372 444
372 448
373 431
374 405
375 441
375 379
376 388
376 451
376 401
376 422
377 438
377 429
377 444
380 415
382 450
384 405
385 393
386 395
387 403
387 398
388 451
389 431
392 452
392 423
393 453
395 402
397 420
398 409
399 429
399 422
399 415
399 432
399 407
400 451
400 415
400 452
402 452
403 444
405 416
405 451
405 422
405 410
405 437
408 430
411 415
412 430
412 414
413 440
413 446
413 441
414 419
414 446
415 432
419 446
420 428
427 444
437 448
444 448
