500 2151
1 280
1 157
2 280
2 157
3 280
3 157
3 329
3 36
3 165
3 100
3 224
3 287
3 292
3 14
3 490
3 346
3 246
3 200
3 475
3 406
3 365
3 221
4 280
4 157
4 329
4 224
5 280
6 280
6 157
6 329
6 36
6 165
6 100
6 224
6 287
6 292
6 14
6 490
6 346
6 246
6 200
6 475
6 406
6 365
6 260
6 225
6 350
6 331
6 356
6 61
6 438
6 497
7 280
7 157
7 329
7 14
8 280
9 280
10 280
10 36
11 280
11 287
12 280
12 157
12 329
12 36
12 165
12 100
12 224
12 287
12 292
13 280
14 280
14 157
14 329
14 36
14 165
14 100
14 224
14 287
14 292
14 490
14 346
14 246
14 200
14 475
14 406
14 365
14 260
14 225
14 350
14 344
14 331
14 356
14 61
14 207
14 310
14 95
14 240
14 299
14 223
14 487
14 461
14 123
14 438
14 171
14 321
14 298
14 497
14 251
14 471
14 174
14 337
14 221
14 291
14 366
14 43
14 285
14 425
14 423
14 39
14 87
14 97
14 499
14 445
14 456
14 462
14 193
14 453
14 448
14 419
14 355
14 101
14 463
14 268
14 67
14 168
14 374
14 414
14 152
14 70
14 314
14 341
14 90
14 383
14 476
14 228
14 114
14 136
14 141
14 112
15 280
15 157
15 329
15 36
15 165
15 100
16 280
16 157
17 280
17 157
17 329
17 36
17 490
18 280
18 157
18 224
19 280
20 280
21 280
21 157
22 280
23 280
23 157
23 329
23 165
23 200
24 280
25 280
25 157
25 292
26 280
27 280
27 157
27 329
27 36
28 280
29 280
29 157
30 280
30 157
30 329
31 280
31 157
31 329
31 36
31 165
31 100
31 287
31 292
32 280
33 280
33 157
33 36
33 200
34 280
35 280
35 157
35 329
35 36
35 165
35 100
35 224
35 287
35 292
35 490
35 246
35 260
36 280
36 157
36 329
36 165
36 100
36 224
36 287
36 292
36 490
36 346
36 246
36 200
36 475
36 406
36 365
36 260
36 225
36 350
36 344
36 331
36 356
36 61
36 207
36 310
36 95
36 240
36 299
36 223
36 487
36 461
36 123
36 438
36 171
36 321
36 298
36 497
36 251
36 471
36 174
36 337
36 221
36 291
36 366
36 43
36 285
36 425
36 423
36 39
36 87
36 97
36 499
36 445
36 456
36 462
36 193
36 453
36 448
36 48
36 389
36 419
36 355
36 101
36 463
36 77
36 464
36 99
36 268
36 67
36 168
36 442
36 433
36 279
36 374
36 86
36 414
36 152
36 338
36 377
36 70
36 460
36 314
36 434
36 161
36 104
36 54
36 341
36 90
36 383
36 388
36 476
36 271
36 409
36 466
36 417
36 143
36 149
36 80
36 218
36 63
36 84
36 303
36 129
36 231
36 96
36 53
36 444
36 319
36 482
36 484
36 228
36 488
36 266
36 158
36 465
36 485
36 431
36 242
36 139
36 415
36 88
36 134
36 195
36 498
36 205
36 369
36 194
36 407
36 479
36 430
36 114
36 136
36 94
36 144
36 130
36 108
36 325
36 175
36 235
36 209
36 138
36 141
36 220
36 267
36 119
36 399
36 103
36 372
36 85
36 324
36 150
36 237
36 76
36 249
36 273
36 160
36 275
36 115
36 112
36 234
36 109
36 46
36 52
36 410
36 169
36 214
36 345
36 57
36 199
36 370
36 457
36 384
36 146
36 274
36 323
36 439
36 75
36 429
36 468
36 491
36 416
36 401
36 380
36 81
36 121
37 280
38 280
38 329
39 280
39 157
39 329
39 165
39 100
39 224
39 287
39 292
39 490
39 346
39 200
39 406
39 223
40 280
40 157
42 280
43 280
43 157
43 329
43 165
43 100
43 224
43 287
43 292
43 490
43 346
43 246
43 475
43 406
43 487
44 280
45 280
45 165
46 280
46 157
46 165
47 280
48 280
48 157
48 329
48 165
48 100
48 224
48 287
48 292
48 350
49 280
49 329
50 280
51 280
52 280
52 329
52 287
53 280
53 157
53 329
53 165
53 100
53 287
54 280
54 157
54 329
54 165
54 287
54 292
55 280
56 280
57 280
57 157
57 329
58 280
59 280
59 157
60 280
61 280
61 157
61 329
61 165
61 100
61 224
61 287
61 292
61 490
61 346
61 246
61 200
61 475
61 406
61 365
61 260
61 225
61 350
61 344
61 123
61 87
62 280
63 280
63 157
63 329
63 165
63 224
63 287
63 475
64 280
64 165
65 280
65 157
65 329
66 280
66 157
66 292
67 280
67 157
67 329
67 165
67 100
67 224
67 287
67 292
67 490
68 280
68 157
69 280
70 280
70 157
70 329
70 165
70 100
70 287
70 292
70 490
70 475
71 280
71 157
72 280
73 280
74 280
74 329
75 280
75 157
75 165
76 280
76 157
76 329
77 280
77 157
77 329
77 165
77 100
77 224
77 287
77 292
77 475
77 406
77 344
78 280
79 280
80 280
80 157
80 329
80 165
81 280
81 329
82 280
83 280
84 280
84 157
84 329
84 165
84 100
84 224
84 287
85 280
85 157
85 329
85 287
86 280
86 157
86 329
86 165
86 100
86 224
86 287
86 292
86 246
87 280
87 157
87 329
87 165
87 100
87 224
87 287
87 292
87 490
87 346
87 246
87 475
87 225
87 350
87 487
88 280
88 157
88 329
88 165
88 100
89 280
89 157
90 280
90 157
90 329
90 165
90 100
90 224
90 292
90 475
90 406
91 280
92 280
92 157
93 280
94 280
94 157
94 329
95 280
95 157
95 329
95 165
95 100
95 224
95 287
95 292
95 490
95 346
95 246
95 200
95 475
95 406
95 365
95 225
95 99
96 280
96 157
96 329
96 100
97 280
97 157
97 329
97 165
97 100
97 224
97 287
97 292
97 346
97 246
97 475
97 260
97 350
98 280
98 329
99 280
99 157
99 329
99 165
99 100
99 224
99 287
99 292
99 344
100 280
100 157
100 329
100 165
100 224
100 287
100 292
100 490
100 346
100 246
100 200
100 475
100 406
100 365
100 260
100 225
100 350
100 344
100 331
100 356
100 207
100 310
100 240
100 299
100 223
100 487
100 461
100 123
100 438
100 171
100 321
100 298
100 497
100 251
100 471
100 174
100 337
100 221
100 291
100 366
100 285
100 425
100 423
100 499
100 445
100 456
100 462
100 193
100 453
100 448
100 389
100 419
100 355
100 101
100 463
100 464
100 268
100 168
100 442
100 433
100 279
100 374
100 414
100 152
100 338
100 377
100 460
100 314
100 434
100 104
100 383
100 409
100 466
100 417
100 303
100 488
100 465
100 195
100 430
100 138
100 360
100 267
100 150
100 459
100 169
100 147
100 142
100 449
101 280
101 157
101 329
101 165
101 224
101 287
101 292
101 490
102 280
102 157
103 280
103 157
103 329
104 280
104 157
104 329
104 165
104 287
104 292
105 280
106 280
106 329
107 280
107 157
108 280
108 157
108 329
109 280
109 157
109 287
110 280
111 280
112 280
112 157
113 280
113 157
114 280
114 157
114 329
114 165
114 224
114 287
115 280
115 157
115 287
116 280
117 280
118 280
119 280
119 157
119 329
120 280
121 280
122 280
123 280
123 157
123 329
123 165
123 224
123 287
123 292
123 490
123 346
123 246
123 200
123 475
123 406
123 365
123 260
123 350
123 331
124 280
125 280
125 329
126 280
127 280
128 280
129 280
129 157
129 329
129 165
130 280
130 157
130 329
131 280
131 157
132 280
132 292
133 280
134 280
134 157
134 329
134 292
134 471
135 280
136 280
136 157
136 329
136 165
136 490
137 280
137 157
137 329
137 292
138 280
138 157
138 329
139 280
139 157
139 329
139 165
139 246
140 280
140 157
140 329
141 280
141 157
141 329
141 292
142 280
143 280
143 157
143 329
143 224
143 287
143 292
144 280
144 157
144 329
144 224
145 280
146 280
146 329
147 280
148 280
149 280
149 157
149 329
149 165
149 287
150 280
150 157
150 475
151 280
152 280
152 157
152 329
152 165
152 224
152 287
152 346
152 475
153 280
154 280
155 280
156 280
157 280
157 329
157 165
157 224
157 287
157 292
157 490
157 346
157 246
157 200
157 475
157 406
157 365
157 260
157 225
157 350
157 344
157 331
157 356
157 207
157 310
157 240
157 299
157 223
157 487
157 461
157 438
157 171
157 321
157 298
157 497
157 251
157 471
157 174
157 337
157 221
157 291
157 366
157 285
157 425
157 423
157 499
157 445
157 456
157 462
157 193
157 453
157 448
157 389
157 419
157 355
157 463
157 464
157 268
157 168
157 442
157 433
157 279
157 374
157 414
157 338
157 377
157 460
157 314
157 434
157 161
157 341
157 383
157 388
157 476
157 271
157 409
157 466
157 417
157 218
157 303
157 231
157 444
157 319
157 482
157 484
157 228
157 488
157 266
157 158
157 465
157 485
157 431
157 242
157 415
157 195
157 498
157 205
157 369
157 194
157 407
157 479
157 430
157 325
157 175
157 235
157 209
157 360
157 220
157 267
157 304
157 318
157 399
157 372
157 422
157 293
157 324
157 237
157 302
157 296
157 162
157 249
157 273
157 160
157 275
157 451
157 327
157 335
157 459
157 182
157 452
157 234
157 472
157 410
157 169
157 495
157 199
157 300
157 481
157 245
157 241
157 334
157 215
157 274
157 381
157 257
157 323
157 211
157 295
157 189
157 342
157 450
157 282
157 435
157 230
157 340
157 394
157 353
157 368
157 375
157 398
157 401
157 232
157 358
157 204
157 197
158 280
158 329
158 292
159 280
160 280
160 329
161 280
161 329
161 165
161 224
161 287
161 346
162 280
162 292
163 280
164 280
165 280
165 329
165 224
165 287
165 292
165 490
165 346
165 246
165 200
165 475
165 406
165 365
165 260
165 225
165 350
165 344
165 331
165 356
165 207
165 310
165 240
165 299
165 223
165 487
165 461
165 438
165 171
165 321
165 298
165 497
165 251
165 471
165 174
165 337
165 221
165 291
165 366
165 285
165 425
165 423
165 499
165 445
165 456
165 462
165 193
165 453
165 448
165 389
165 419
165 355
165 463
165 464
165 268
165 168
165 442
165 433
165 279
165 374
165 414
165 338
165 377
165 460
165 314
165 434
165 341
165 383
165 388
165 476
165 271
165 409
165 417
165 218
165 231
165 444
165 319
165 482
165 488
165 266
165 465
165 431
165 415
165 498
165 205
165 325
165 209
165 267
165 304
165 293
165 237
165 273
165 459
165 290
165 470
165 371
165 236
165 253
166 280
167 280
168 280
168 329
168 224
168 287
168 292
168 406
169 280
170 280
171 280
171 329
171 224
171 287
171 292
171 490
171 346
171 246
171 200
171 475
171 406
171 365
171 331
171 207
171 461
172 280
173 280
174 280
174 329
174 224
174 287
174 292
174 490
174 346
174 246
174 200
174 475
174 406
174 365
175 280
175 329
176 280
177 280
178 280
179 280
180 280
181 280
182 280
183 280
184 280
185 280
186 280
187 280
188 280
189 280
190 280
191 280
191 329
192 280
193 280
193 329
193 224
193 287
193 292
193 346
193 246
193 475
193 260
194 280
194 329
195 280
195 329
196 280
197 280
198 280
199 280
199 329
200 280
200 329
200 224
200 287
200 292
200 490
200 346
200 246
200 475
200 406
200 365
200 260
200 225
200 350
200 344
200 331
200 356
200 207
200 310
200 240
200 299
200 223
200 487
200 461
200 438
200 321
200 298
200 497
200 251
200 471
200 337
200 221
200 291
200 285
200 423
200 499
200 456
200 462
200 341
201 280
202 280
203 280
204 280
205 280
205 329
206 280
207 280
207 329
207 224
207 287
207 292
207 490
207 346
207 246
207 475
207 406
207 365
207 260
207 350
207 344
207 223
207 431
208 280
209 280
209 329
210 280
211 280
211 329
212 280
213 280
214 280
215 280
216 280
216 329
217 280
218 280
218 329
218 287
218 246
218 350
219 280
219 329
220 280
220 329
221 280
221 329
221 224
221 287
221 292
221 490
221 246
221 475
221 225
221 240
222 280
223 280
223 329
223 224
223 287
223 292
223 490
223 346
223 246
223 475
223 406
223 260
223 225
223 350
223 344
223 331
223 366
223 442
224 280
224 329
224 287
224 292
224 490
224 346
224 246
224 475
224 406
224 365
224 260
224 225
224 350
224 344
224 331
224 356
224 310
224 240
224 299
224 487
224 461
224 438
224 321
224 298
224 497
224 251
224 471
224 337
224 291
224 366
224 285
224 425
224 423
224 499
224 445
224 456
224 462
224 453
224 448
224 389
224 419
224 355
224 463
224 464
224 268
224 442
224 433
224 279
224 374
224 414
224 338
224 377
224 460
224 341
224 383
224 388
224 409
224 466
224 303
224 231
224 484
224 242
224 407
224 360
224 302
224 381
224 289
224 470
225 280
225 329
225 287
225 292
225 490
225 346
225 246
225 475
225 406
225 365
225 260
225 350
225 344
225 331
225 356
225 310
225 299
225 487
225 461
225 298
225 497
225 291
225 425
225 419
225 268
226 280
226 329
227 280
228 280
228 329
228 292
229 280
230 280
231 280
231 329
232 280
233 280
234 280
234 329
235 280
235 329
236 280
237 280
237 329
238 280
239 280
240 280
240 329
240 287
240 292
240 490
240 346
240 246
240 475
240 406
240 260
241 280
242 280
242 329
242 346
243 280
244 280
245 280
246 280
246 329
246 287
246 292
246 490
246 346
246 475
246 406
246 365
246 260
246 350
246 344
246 331
246 356
246 310
246 299
246 487
246 461
246 438
246 321
246 298
246 497
246 251
246 471
246 337
246 285
246 425
246 423
246 456
246 462
246 448
246 389
247 280
247 329
248 280
249 280
249 329
250 280
251 280
251 329
251 287
251 292
251 490
251 346
251 475
251 406
251 365
252 280
253 280
254 280
255 280
256 280
257 280
258 280
259 280
260 280
260 329
260 287
260 292
260 490
260 346
260 475
260 406
260 365
260 350
260 344
260 331
260 356
260 310
260 487
260 461
260 438
260 291
260 423
261 280
262 280
263 280
264 280
265 280
266 280
266 329
267 280
267 329
268 280
268 329
268 287
268 292
269 280
270 280
270 329
271 280
271 329
271 331
272 280
273 280
274 280
275 280
276 280
277 280
278 280
279 280
279 329
279 287
279 292
280 329
280 287
280 292
280 490
280 346
280 475
280 406
280 365
280 350
280 344
280 331
280 356
280 310
280 299
280 487
280 461
280 438
280 321
280 298
280 497
280 471
280 337
280 291
280 366
280 285
280 425
280 423
280 499
280 445
280 456
280 462
280 453
280 448
280 389
280 419
280 355
280 463
280 464
280 442
280 433
280 374
280 414
280 338
280 377
280 460
280 314
280 434
280 341
280 383
280 388
280 476
280 409
280 466
280 417
280 303
280 444
280 319
280 482
280 484
280 488
280 465
280 485
280 431
280 415
280 498
280 369
280 407
280 479
280 430
280 325
280 360
280 304
280 318
280 399
280 372
280 422
280 293
280 324
280 302
280 296
280 451
280 327
280 335
280 459
280 452
280 472
280 410
280 345
280 495
280 300
280 481
280 370
280 457
280 426
280 436
280 384
280 334
280 381
280 492
280 432
280 323
280 420
280 357
280 295
280 424
280 290
280 342
280 343
280 447
280 450
280 282
280 435
280 332
280 367
280 404
280 477
280 439
280 351
280 289
280 340
280 429
280 394
280 470
280 390
280 493
280 288
280 378
280 364
280 468
280 326
280 359
280 294
280 306
280 473
280 339
280 441
280 491
280 353
280 308
280 311
280 368
280 376
280 375
280 336
280 416
280 458
280 307
280 398
280 371
280 397
280 349
280 348
280 405
280 297
280 393
280 312
280 401
280 396
280 469
280 309
280 496
280 455
280 380
280 373
280 317
280 440
280 494
280 386
280 412
280 443
280 330
280 358
280 421
280 283
280 454
280 418
280 315
280 352
280 316
280 402
280 408
280 354
280 313
280 382
280 486
280 480
280 362
280 379
280 474
280 478
280 489
280 281
280 286
280 391
280 395
280 483
280 411
280 305
280 427
280 467
280 437
280 333
280 361
280 320
280 347
280 400
280 446
280 413
280 385
280 428
280 387
280 449
280 322
280 500
280 328
280 392
280 301
280 403
280 363
280 284
285 329
285 287
285 292
285 490
285 475
287 329
287 292
287 490
287 346
287 475
287 406
287 365
287 350
287 344
287 331
287 356
287 310
287 299
287 487
287 461
287 438
287 321
287 298
287 497
287 471
287 337
287 291
287 366
287 425
287 423
287 499
287 445
287 456
287 462
287 453
287 448
287 389
287 419
287 355
287 463
287 464
287 442
287 433
287 374
287 414
287 338
287 377
287 460
287 341
287 409
287 319
287 482
287 484
287 488
287 485
287 498
287 360
287 318
287 335
287 459
287 489
287 328
290 329
291 329
291 292
291 490
291 346
291 350
291 344
292 329
292 490
292 346
292 475
292 406
292 365
292 350
292 344
292 331
292 356
292 310
292 299
292 487
292 461
292 438
292 321
292 298
292 497
292 471
292 337
292 366
292 425
292 423
292 499
292 445
292 456
292 462
292 453
292 448
292 389
292 419
292 355
292 463
292 464
292 442
292 374
292 338
292 341
292 476
292 409
292 466
292 415
292 407
292 479
292 422
292 384
293 329
296 329
298 329
298 490
298 346
298 475
298 406
298 365
299 329
299 490
299 346
299 475
299 406
299 365
299 350
299 337
300 329
303 329
304 329
307 329
310 329
310 490
310 346
310 475
310 406
310 365
310 350
310 344
310 471
310 338
314 329
317 329
319 329
321 329
321 490
321 346
321 475
321 406
321 350
321 344
324 329
325 329
329 490
329 346
329 475
329 406
329 365
329 350
329 344
329 331
329 356
329 487
329 461
329 438
329 497
329 471
329 337
329 366
329 425
329 423
329 499
329 445
329 456
329 462
329 453
329 448
329 389
329 419
329 355
329 463
329 464
329 442
329 433
329 374
329 414
329 338
329 377
329 460
329 434
329 341
329 383
329 388
329 476
329 409
329 466
329 417
329 444
329 482
329 484
329 488
329 465
329 485
329 431
329 415
329 498
329 369
329 407
329 479
329 430
329 360
329 399
329 372
329 422
329 335
329 452
329 472
329 410
329 495
329 370
329 432
329 470
329 354
331 490
331 346
331 475
331 406
331 365
331 350
331 344
331 414
337 490
337 475
337 365
337 350
344 490
344 346
344 475
344 406
344 365
344 350
344 487
344 497
346 490
346 475
346 406
346 365
346 350
346 356
346 487
346 461
346 438
346 497
346 471
346 425
346 423
346 445
346 456
346 462
346 417
350 490
350 475
350 406
350 365
350 356
350 487
350 461
350 438
350 462
350 448
355 475
355 374
356 490
356 475
356 406
356 365
365 490
365 475
365 406
365 487
365 438
365 411
366 490
366 475
383 406
388 406
406 490
406 475
406 487
406 461
406 438
406 497
406 471
406 499
406 456
406 448
423 490
425 490
438 490
438 475
442 490
461 490
461 475
463 490
471 490
471 475
472 490
475 490
475 487
475 497
476 490
487 490
490 497
