500 578
1 321
2 321
3 321
4 321
5 321
6 321
7 321
8 321
9 321
10 321
10 152
10 281
11 321
12 321
13 321
14 321
15 321
16 321
17 321
18 321
19 321
19 152
19 281
19 177
19 237
19 386
19 488
19 496
19 147
19 470
20 321
21 321
22 321
23 321
24 321
25 321
26 321
26 152
27 321
28 321
29 321
30 321
31 321
32 321
33 321
34 321
35 321
36 321
37 321
38 321
39 321
40 321
41 321
42 321
43 321
44 321
45 321
45 152
45 281
45 177
45 237
45 386
46 321
47 321
48 321
49 321
50 321
51 321
52 321
53 321
54 321
55 321
56 321
57 321
58 321
59 321
60 321
61 321
62 321
63 321
64 321
65 321
66 321
67 321
68 321
69 321
70 321
71 321
72 321
73 321
74 321
75 321
75 152
76 321
77 321
77 152
78 321
79 321
80 321
81 321
82 321
83 321
84 321
84 152
85 321
86 321
87 321
88 321
89 321
90 321
91 321
92 321
93 321
94 321
94 152
95 321
96 321
97 321
97 152
97 281
98 321
99 321
100 321
101 321
102 321
103 321
104 321
105 321
105 152
106 321
107 321
108 321
109 321
110 321
111 321
112 321
113 321
114 321
115 321
116 321
117 321
118 321
119 321
119 152
120 321
121 321
122 321
123 321
124 321
125 321
126 321
127 321
128 321
129 321
130 321
131 321
132 321
133 321
134 321
135 321
136 321
137 321
138 321
139 321
140 321
141 321
142 321
143 321
144 321
145 321
146 321
147 321
147 152
147 281
147 177
147 237
147 386
147 488
148 321
149 321
150 321
151 321
152 321
152 281
152 177
152 237
152 386
152 488
152 496
152 327
152 470
152 489
152 380
152 278
152 484
152 215
152 196
152 184
152 448
152 254
152 232
152 478
152 494
152 244
152 462
152 389
153 321
154 321
155 321
156 321
157 321
158 321
159 321
160 321
161 321
162 321
163 321
164 321
165 321
166 321
167 321
168 321
169 321
170 321
171 321
172 321
173 321
174 321
175 321
176 321
177 321
177 281
177 237
177 386
177 488
177 496
177 327
178 321
179 321
180 321
181 321
182 321
183 321
184 321
185 321
186 321
187 321
188 321
189 321
190 321
191 321
192 321
193 321
194 321
195 321
196 321
197 321
198 321
199 321
200 321
201 321
202 321
203 321
204 321
205 321
206 321
207 321
208 321
209 321
210 321
211 321
212 321
213 321
214 321
215 321
216 321
217 321
218 321
219 321
220 321
221 321
222 321
223 321
224 321
225 321
226 321
227 321
228 321
229 321
230 321
231 321
232 321
233 321
234 321
235 321
236 321
237 321
237 281
237 386
237 488
237 496
237 380
238 321
239 321
240 321
241 321
242 321
243 321
244 321
245 321
246 321
247 321
248 321
249 321
250 321
251 321
252 321
253 321
254 321
255 321
256 321
257 321
258 321
259 321
260 321
261 321
262 321
263 321
264 321
265 321
266 321
267 321
268 321
269 321
270 321
271 321
272 321
273 321
274 321
275 321
276 321
277 321
278 321
278 281
279 321
280 321
281 321
281 386
281 488
281 496
281 327
281 470
281 489
281 380
282 321
283 321
284 321
285 321
286 321
287 321
288 321
289 321
290 321
291 321
292 321
293 321
294 321
295 321
296 321
297 321
298 321
299 321
300 321
301 321
302 321
303 321
304 321
305 321
306 321
307 321
308 321
309 321
310 321
311 321
312 321
313 321
314 321
315 321
316 321
317 321
318 321
318 496
319 321
320 321
321 386
321 488
321 496
321 327
321 470
321 489
321 380
321 484
321 448
321 478
321 473
321 379
321 413
321 494
321 391
321 374
321 388
321 420
321 418
321 443
321 434
321 396
321 465
321 422
321 384
321 439
321 395
321 459
321 435
321 355
321 365
321 500
321 460
321 401
321 346
321 463
321 466
321 490
321 495
321 437
321 487
321 332
321 440
321 326
321 341
321 457
321 472
321 353
321 357
321 392
321 438
321 405
321 331
321 442
321 477
321 337
321 450
321 474
321 339
321 499
321 462
321 479
321 492
321 329
321 417
321 347
321 373
321 436
321 383
321 482
321 447
321 430
321 454
321 340
321 338
321 412
321 467
321 407
321 485
321 491
321 445
321 385
321 468
321 469
321 493
321 403
321 359
321 389
321 498
321 419
321 429
321 428
321 456
321 342
321 471
321 441
321 400
321 382
321 408
321 336
321 409
321 362
321 414
321 433
321 381
321 368
321 369
321 398
321 322
321 354
321 411
321 475
321 334
321 483
321 335
321 356
321 458
321 425
321 480
321 397
321 371
321 378
321 352
321 351
321 328
321 455
321 497
321 363
321 344
321 410
321 330
321 361
321 486
321 415
321 423
321 431
321 451
321 426
321 404
321 364
321 367
321 377
321 461
321 464
321 424
321 325
321 345
321 394
321 376
321 348
321 358
321 453
321 449
321 390
321 349
321 350
321 360
321 406
321 432
321 393
321 427
321 333
321 375
321 324
321 323
321 481
321 343
321 366
321 370
321 387
321 421
321 372
321 444
321 452
321 476
321 399
321 402
321 446
321 416
327 386
380 488
386 488
386 496
488 496
