500 2324
1 112
1 87
2 112
2 87
3 112
3 87
3 59
4 112
4 87
4 59
4 270
4 496
4 188
4 69
5 112
5 87
6 112
6 87
6 59
6 270
6 496
6 188
6 315
6 158
6 69
6 285
6 123
6 92
6 79
6 435
6 494
7 112
7 87
7 59
7 270
7 496
7 188
7 315
7 158
7 69
7 285
7 123
7 92
7 79
7 435
7 306
8 87
9 112
9 87
9 59
9 270
9 188
9 158
9 69
10 112
10 87
10 59
10 270
10 496
10 188
11 112
11 87
12 112
12 87
12 59
12 270
12 496
12 188
12 315
13 112
13 59
14 112
14 87
14 59
14 270
14 496
14 188
14 315
14 158
14 69
14 285
14 123
14 92
14 79
14 435
14 168
14 306
14 62
14 453
14 339
14 313
14 457
14 239
14 227
14 410
14 432
14 95
14 423
14 401
14 418
14 314
15 112
15 87
16 112
16 87
16 59
16 270
16 496
16 188
16 315
16 158
16 69
16 285
16 123
16 92
16 79
16 435
16 168
16 453
17 112
17 87
17 59
17 270
17 285
18 112
18 87
19 112
19 87
19 59
20 87
21 112
21 87
22 112
22 87
22 59
22 188
23 112
23 87
23 59
25 112
25 87
25 59
26 112
26 87
26 59
26 270
26 496
27 112
27 87
28 112
28 87
29 112
29 87
29 59
29 270
29 496
29 188
29 69
30 112
30 87
30 59
30 270
30 188
31 112
31 87
31 496
32 112
32 87
32 59
32 270
32 496
32 188
32 315
32 158
32 69
32 285
32 339
33 112
34 87
35 112
35 87
35 158
36 112
36 87
36 59
36 270
36 496
36 188
36 285
36 92
37 112
37 87
37 59
37 270
37 496
37 188
37 315
37 158
37 69
37 285
37 123
37 92
37 79
37 168
37 313
38 112
38 87
39 112
39 87
40 87
41 112
41 270
42 112
42 87
43 112
43 87
44 112
44 87
44 59
44 188
44 123
45 112
45 87
45 59
45 270
45 188
45 315
46 112
46 87
46 59
46 270
47 112
47 87
47 59
48 112
48 87
48 59
48 496
48 69
49 112
49 87
50 112
50 87
51 112
51 87
52 112
52 87
52 59
52 270
52 496
52 188
52 315
53 112
53 87
54 112
54 87
55 112
55 87
56 112
57 112
57 87
58 112
58 87
58 59
58 270
58 496
58 188
58 315
58 158
58 69
58 285
58 123
58 92
58 79
58 435
58 168
58 453
58 339
58 373
59 112
59 87
59 270
59 496
59 188
59 315
59 158
59 69
59 285
59 123
59 92
59 79
59 435
59 168
59 306
59 62
59 453
59 339
59 429
59 313
59 457
59 239
59 480
59 267
59 227
59 60
59 412
59 410
59 208
59 373
59 300
59 492
59 288
59 110
59 450
59 483
59 67
59 494
59 455
59 432
59 66
59 301
59 95
59 244
59 119
59 305
59 394
59 140
59 127
59 485
59 338
59 387
59 423
59 107
59 186
59 340
59 422
59 347
59 375
59 401
59 76
59 136
59 384
59 378
59 500
59 411
59 294
59 390
59 330
59 96
59 230
59 357
59 75
59 206
59 238
59 409
59 344
59 392
59 121
59 464
59 109
59 165
59 271
59 418
59 486
59 287
59 116
59 104
59 314
59 380
59 152
59 139
59 237
59 214
59 73
59 309
59 358
59 174
59 80
59 131
59 194
59 454
59 304
59 198
59 269
59 364
59 226
59 202
59 434
59 231
59 234
59 243
59 211
59 147
59 389
59 310
59 426
59 235
59 143
59 399
59 179
59 142
59 105
59 353
59 255
59 475
59 400
59 317
59 90
59 290
59 396
59 395
59 307
59 498
59 83
59 261
59 263
59 476
59 474
59 489
59 221
59 404
59 289
59 217
59 361
59 117
59 232
59 405
59 398
59 125
59 82
59 196
59 74
59 377
59 328
59 490
59 488
59 212
59 299
59 439
59 277
59 325
59 415
59 257
59 229
59 346
59 459
59 379
59 164
59 352
59 98
59 370
59 199
59 448
59 383
59 414
59 331
59 363
59 77
59 427
59 129
59 138
59 403
59 296
59 393
59 371
59 293
59 446
59 176
60 112
60 87
60 270
60 496
60 188
60 315
60 158
60 69
60 285
60 123
60 92
60 79
60 339
61 112
61 87
62 112
62 87
62 270
62 496
62 188
62 315
62 158
62 69
62 285
62 123
62 92
62 79
62 435
62 168
62 306
62 453
62 339
62 429
62 313
62 239
62 480
62 208
62 492
62 276
63 112
63 87
64 112
64 87
65 112
65 87
66 112
66 87
66 270
66 496
66 188
66 315
66 158
66 69
66 285
66 123
66 92
66 79
66 168
67 112
67 87
67 270
67 496
67 188
67 315
67 158
67 69
67 285
67 123
67 92
67 79
67 435
68 112
68 87
69 112
69 87
69 270
69 496
69 188
69 315
69 158
69 285
69 123
69 92
69 79
69 435
69 168
69 306
69 453
69 339
69 429
69 313
69 457
69 239
69 480
69 267
69 227
69 412
69 410
69 208
69 373
69 300
69 492
69 288
69 110
69 450
69 483
69 494
69 455
69 432
69 301
69 95
69 244
69 119
69 305
69 394
69 140
69 127
69 485
69 338
69 387
69 423
69 107
69 186
69 340
69 422
69 347
69 375
69 401
69 76
69 136
69 384
69 378
69 500
69 411
69 294
69 390
69 96
69 230
69 75
69 206
69 409
69 344
69 121
69 464
69 418
69 237
69 309
69 80
69 226
69 434
69 235
69 475
69 232
69 430
69 481
70 112
71 112
71 87
72 112
72 87
72 79
73 112
73 87
73 270
73 496
73 188
74 112
74 87
74 188
75 112
75 87
75 270
75 496
75 188
75 315
75 158
76 112
76 87
76 270
76 496
76 188
76 315
76 158
76 285
77 112
77 87
77 188
78 112
78 87
79 112
79 87
79 270
79 496
79 188
79 315
79 158
79 285
79 123
79 92
79 435
79 168
79 306
79 453
79 339
79 429
79 313
79 457
79 239
79 480
79 267
79 227
79 412
79 410
79 208
79 373
79 300
79 492
79 288
79 110
79 450
79 483
79 494
79 455
79 432
79 301
79 244
79 140
79 127
79 347
79 401
79 287
79 439
79 164
80 112
80 87
80 270
80 496
80 188
80 315
81 112
81 87
81 188
82 112
82 87
82 270
82 496
83 112
83 87
83 270
83 496
83 158
84 112
84 87
84 270
85 112
85 87
86 112
87 112
87 270
87 496
87 188
87 315
87 158
87 285
87 123
87 92
87 435
87 168
87 306
87 453
87 339
87 429
87 313
87 457
87 239
87 480
87 267
87 227
87 412
87 410
87 208
87 373
87 300
87 492
87 288
87 110
87 450
87 483
87 494
87 455
87 432
87 301
87 95
87 244
87 119
87 305
87 394
87 140
87 127
87 485
87 338
87 387
87 423
87 107
87 186
87 340
87 422
87 347
87 375
87 401
87 136
87 384
87 378
87 500
87 411
87 294
87 390
87 330
87 96
87 230
87 357
87 206
87 238
87 409
87 344
87 392
87 121
87 464
87 109
87 165
87 271
87 418
87 486
87 287
87 116
87 104
87 314
87 380
87 152
87 139
87 237
87 214
87 309
87 358
87 174
87 131
87 194
87 454
87 304
87 198
87 269
87 364
87 226
87 202
87 434
87 231
87 234
87 243
87 211
87 147
87 389
87 310
87 426
87 235
87 143
87 399
87 179
87 142
87 105
87 353
87 255
87 475
87 400
87 317
87 90
87 290
87 396
87 395
87 307
87 498
87 261
87 263
87 476
87 474
87 489
87 221
87 404
87 289
87 217
87 361
87 117
87 232
87 405
87 398
87 125
87 196
87 377
87 328
87 297
87 490
87 488
87 286
87 266
87 222
87 212
87 299
87 439
87 359
87 277
87 325
87 493
87 351
87 178
87 265
87 415
87 257
87 229
87 322
87 346
87 459
87 192
87 151
87 89
87 379
87 164
87 402
87 447
87 106
87 420
87 207
87 316
87 352
87 98
87 463
87 417
87 456
87 497
87 157
87 93
87 370
87 199
87 276
87 448
87 162
87 397
87 383
87 167
87 259
87 262
87 175
87 337
87 122
87 414
87 181
87 233
87 103
87 209
87 331
87 363
87 215
87 190
87 381
87 321
87 268
87 382
87 251
87 335
87 451
87 319
87 279
87 427
87 449
87 129
87 468
87 183
87 170
87 173
87 161
87 240
87 368
87 138
87 374
87 406
87 348
87 282
87 478
87 323
87 403
87 249
87 308
87 150
87 329
87 345
87 146
87 430
87 437
87 213
87 272
87 499
87 303
87 386
87 111
87 283
87 137
87 441
87 296
87 203
87 367
87 320
87 413
87 445
87 479
87 145
87 458
87 393
87 166
87 312
87 195
87 155
87 292
87 216
87 219
87 154
87 97
87 88
87 421
87 184
87 311
87 482
87 362
87 148
87 185
87 428
87 425
87 99
87 371
87 256
87 293
87 491
87 274
87 466
87 260
87 462
87 419
87 350
87 366
87 91
87 258
87 349
87 318
87 201
87 407
87 298
87 141
87 369
87 467
87 469
87 495
87 443
87 241
87 355
87 473
87 180
87 280
87 291
87 446
87 356
87 487
87 408
87 327
87 440
87 484
87 134
87 182
87 225
87 275
87 470
87 114
87 200
87 172
87 101
87 461
87 278
87 224
87 444
87 254
87 253
87 372
87 223
87 342
87 416
87 465
87 159
87 460
87 295
87 120
87 228
87 108
87 477
87 424
87 245
87 135
87 115
87 220
87 388
87 242
87 436
87 360
87 156
87 284
87 341
87 163
87 273
87 187
87 160
87 302
87 100
87 431
87 144
87 264
87 343
87 113
87 281
87 177
87 218
87 132
87 442
87 333
87 324
87 334
87 191
87 332
87 326
87 128
87 236
87 204
87 205
87 247
87 197
87 193
87 385
87 176
88 112
89 112
89 270
90 112
90 270
90 496
90 188
90 315
91 112
91 496
92 112
92 270
92 496
92 188
92 315
92 158
92 285
92 123
92 435
92 168
92 306
92 453
92 339
92 429
92 313
92 457
92 239
92 480
92 267
92 227
92 412
92 410
92 208
92 373
92 300
92 492
92 288
92 110
92 450
92 483
92 494
92 455
92 432
92 301
92 95
92 244
92 119
92 485
92 387
92 423
92 107
92 411
92 390
92 330
92 418
92 328
92 468
93 112
94 112
95 112
95 270
95 496
95 188
95 315
95 158
95 285
95 123
96 112
96 270
96 496
96 188
96 315
96 158
96 285
96 123
97 112
98 112
98 270
99 112
100 112
101 112
102 112
103 112
103 270
104 112
104 270
104 496
104 188
104 315
105 112
105 270
105 496
105 315
106 112
107 112
107 270
107 496
107 188
107 315
107 158
107 285
108 112
109 112
109 270
109 496
109 188
109 315
109 158
110 112
110 270
110 496
110 188
110 315
110 158
110 285
110 123
111 112
112 270
112 496
112 188
112 315
112 158
112 285
112 123
112 435
112 168
112 306
112 453
112 339
112 429
112 313
112 457
112 239
112 480
112 267
112 227
112 412
112 410
112 208
112 373
112 300
112 492
112 288
112 450
112 483
112 494
112 455
112 432
112 301
112 244
112 119
112 305
112 394
112 140
112 127
112 485
112 338
112 387
112 423
112 186
112 340
112 422
112 347
112 375
112 401
112 136
112 384
112 378
112 500
112 411
112 294
112 390
112 330
112 230
112 357
112 206
112 238
112 409
112 344
112 392
112 121
112 464
112 165
112 271
112 418
112 486
112 287
112 116
112 314
112 380
112 152
112 139
112 237
112 214
112 309
112 358
112 174
112 131
112 194
112 454
112 304
112 198
112 269
112 364
112 226
112 202
112 434
112 231
112 234
112 243
112 211
112 147
112 389
112 310
112 426
112 235
112 143
112 399
112 179
112 142
112 353
112 255
112 475
112 400
112 317
112 290
112 396
112 395
112 307
112 498
112 261
112 263
112 476
112 474
112 489
112 221
112 404
112 289
112 217
112 361
112 117
112 232
112 405
112 398
112 125
112 196
112 377
112 328
112 297
112 490
112 488
112 286
112 266
112 222
112 212
112 299
112 439
112 359
112 277
112 325
112 493
112 351
112 178
112 265
112 415
112 257
112 229
112 322
112 346
112 459
112 192
112 151
112 379
112 164
112 402
112 447
112 420
112 207
112 316
112 352
112 463
112 417
112 456
112 497
112 157
112 370
112 199
112 276
112 448
112 162
112 397
112 383
112 167
112 259
112 262
112 175
112 337
112 122
112 414
112 181
112 233
112 209
112 331
112 363
112 215
112 190
112 381
112 321
112 268
112 382
112 251
112 335
112 451
112 319
112 279
112 427
112 449
112 129
112 468
112 183
112 170
112 173
112 161
112 240
112 368
112 138
112 374
112 406
112 348
112 282
112 478
112 323
112 403
112 249
112 308
112 150
112 329
112 345
112 146
112 430
112 437
112 213
112 272
112 499
112 303
112 386
112 283
112 137
112 441
112 296
112 203
112 367
112 320
112 413
112 445
112 479
112 145
112 458
112 393
112 166
112 312
112 195
112 155
112 292
112 216
112 219
112 154
112 421
112 184
112 311
112 482
112 362
112 148
112 185
112 428
112 425
112 371
112 256
112 293
112 491
112 274
112 466
112 260
112 462
112 419
112 350
112 366
112 258
112 349
112 318
112 201
112 407
112 298
112 141
112 369
112 467
112 469
112 495
112 443
112 241
112 355
112 473
112 180
112 280
112 291
112 446
112 356
112 487
112 408
112 327
112 440
112 484
112 134
112 182
112 225
112 275
112 470
112 114
112 200
112 172
112 461
112 278
112 224
112 444
112 254
112 253
112 452
112 372
112 223
112 342
112 416
112 465
112 159
112 460
112 295
112 120
112 246
112 228
112 477
112 424
112 245
112 135
112 115
112 220
112 153
112 210
112 388
112 436
112 360
112 156
112 133
112 284
112 341
112 163
112 187
112 160
112 302
112 169
112 431
112 144
112 472
112 281
112 365
112 177
112 218
112 438
112 250
112 376
112 324
112 248
112 433
112 332
112 354
112 128
112 471
112 124
112 236
112 204
112 149
112 205
112 247
112 385
112 176
116 270
116 496
116 188
117 270
118 315
119 270
119 496
119 188
119 315
119 158
119 285
121 270
121 496
121 188
121 315
121 158
121 227
122 496
123 270
123 496
123 188
123 315
123 158
123 285
123 435
123 168
123 306
123 453
123 339
123 429
123 313
123 457
123 239
123 480
123 267
123 227
123 412
123 410
123 208
123 373
123 300
123 492
123 288
123 450
123 483
123 494
123 455
123 432
123 301
123 244
123 394
123 140
123 127
123 485
123 387
123 340
123 384
123 464
123 202
125 270
125 188
127 270
127 496
127 188
127 315
127 158
127 285
131 270
131 496
131 188
131 315
131 158
136 270
136 496
136 188
136 315
136 158
136 285
136 339
139 270
139 496
139 188
139 315
140 270
140 496
140 188
140 315
140 158
140 285
142 270
142 188
142 315
142 158
143 270
143 496
143 285
145 270
147 270
147 496
147 188
147 158
152 270
152 496
152 188
152 315
152 285
154 188
156 188
158 270
158 496
158 188
158 315
158 285
158 435
158 168
158 306
158 453
158 339
158 429
158 313
158 457
158 239
158 480
158 267
158 227
158 412
158 410
158 208
158 373
158 300
158 492
158 288
158 450
158 483
158 494
158 455
158 432
158 301
158 244
158 305
158 394
158 485
158 338
158 387
158 423
158 186
158 340
158 422
158 347
158 375
158 401
158 384
158 378
158 500
158 411
158 294
158 390
158 330
158 230
158 357
158 206
158 238
158 409
158 344
158 392
158 464
158 165
158 271
158 418
158 486
158 287
158 314
158 380
158 237
158 214
158 194
158 364
158 226
158 434
158 234
158 243
158 211
158 353
158 475
158 317
158 489
158 404
158 415
158 456
162 270
165 270
165 496
165 188
165 315
168 270
168 496
168 188
168 315
168 285
168 435
168 306
168 453
168 339
168 429
168 457
168 410
168 208
168 494
174 270
174 496
174 188
174 315
178 270
178 188
179 270
179 496
181 270
186 270
186 496
186 188
186 315
186 285
188 270
188 496
188 315
188 285
188 435
188 306
188 453
188 339
188 429
188 313
188 457
188 239
188 480
188 267
188 227
188 412
188 410
188 208
188 373
188 300
188 492
188 288
188 450
188 483
188 494
188 455
188 432
188 301
188 244
188 305
188 394
188 485
188 338
188 387
188 423
188 340
188 422
188 347
188 375
188 401
188 384
188 378
188 500
188 411
188 294
188 390
188 330
188 230
188 357
188 206
188 238
188 409
188 344
188 392
188 464
188 271
188 418
188 486
188 287
188 314
188 380
188 237
188 214
188 309
188 358
188 194
188 454
188 304
188 198
188 269
188 364
188 226
188 202
188 234
188 243
188 211
188 310
188 426
188 396
188 395
188 307
188 498
188 263
188 476
188 489
188 221
188 289
188 266
188 493
188 322
188 459
188 379
188 386
188 367
188 355
190 270
192 496
194 270
194 496
194 315
196 496
198 270
198 496
198 315
202 270
202 496
206 270
206 496
206 315
207 270
207 496
208 270
208 496
208 315
208 285
208 339
208 313
211 270
211 496
212 270
212 496
214 270
214 496
214 315
215 270
217 270
217 315
221 270
221 496
222 270
226 270
226 496
226 315
227 270
227 496
227 315
227 285
227 435
229 270
229 496
230 270
230 496
230 315
231 270
231 496
232 270
233 270
234 270
234 496
234 315
235 270
235 496
237 270
237 496
237 315
238 270
238 496
238 315
238 285
239 270
239 496
239 315
239 285
239 435
239 306
239 429
243 270
243 496
244 270
244 496
244 315
244 285
244 373
249 270
249 496
251 270
255 270
257 496
257 285
259 270
261 270
263 270
263 496
265 270
266 270
267 270
267 496
267 315
267 285
267 457
269 270
269 496
270 496
270 315
270 285
270 435
270 306
270 453
270 339
270 429
270 313
270 457
270 480
270 412
270 410
270 373
270 300
270 492
270 288
270 450
270 483
270 494
270 455
270 432
270 301
270 305
270 394
270 485
270 338
270 387
270 423
270 340
270 422
270 347
270 375
270 401
270 384
270 378
270 500
270 411
270 294
270 390
270 330
270 357
270 409
270 344
270 392
270 464
270 271
270 418
270 486
270 287
270 314
270 380
270 309
270 358
270 454
270 304
270 364
270 434
270 389
270 310
270 426
270 399
270 353
270 475
270 400
270 317
270 290
270 396
270 395
270 307
270 498
270 476
270 474
270 489
270 404
270 289
270 361
270 405
270 398
270 377
270 297
270 490
270 488
270 286
270 439
270 322
270 459
270 402
270 447
270 420
270 316
270 497
270 383
270 337
270 414
270 335
270 279
270 468
270 368
270 282
270 403
270 430
270 303
270 296
270 292
270 350
270 349
270 356
270 281
271 496
271 315
276 496
277 315
285 496
285 315
285 435
285 306
285 453
285 339
285 429
285 313
285 457
285 480
285 412
285 410
285 373
285 300
285 492
285 288
285 450
285 483
285 494
285 455
285 432
285 301
285 305
285 394
285 485
285 338
285 387
285 423
285 422
285 347
285 375
285 411
285 390
285 357
285 344
285 389
285 426
285 405
287 496
287 315
288 496
288 315
289 496
294 496
294 315
300 496
300 315
300 435
300 429
301 496
301 315
301 450
304 496
304 315
305 496
305 315
305 453
306 496
306 315
306 435
306 453
306 339
306 457
306 480
306 412
306 455
309 496
309 315
310 496
310 315
313 496
313 315
313 435
313 455
313 394
313 485
314 496
315 496
315 435
315 453
315 339
315 429
315 457
315 480
315 412
315 410
315 373
315 492
315 450
315 483
315 494
315 455
315 432
315 394
315 485
315 338
315 387
315 423
315 340
315 422
315 347
315 375
315 401
315 384
315 378
315 500
315 411
315 390
315 330
315 357
315 409
315 344
315 392
315 464
315 418
315 486
315 380
315 358
315 364
315 389
315 317
315 398
315 490
315 459
315 370
315 397
315 362
315 491
315 354
322 496
330 496
338 496
339 496
339 435
339 457
339 483
339 494
340 496
344 496
347 496
352 496
353 496
357 496
358 496
361 496
364 496
373 496
375 496
377 496
378 496
380 496
381 496
384 496
387 496
389 496
390 496
392 496
394 496
396 496
400 496
401 496
405 496
409 496
410 496
410 435
410 480
411 496
412 496
412 435
412 432
418 496
420 496
422 496
423 496
426 496
429 496
429 435
429 457
429 480
429 492
432 496
434 496
435 496
435 453
435 457
435 480
450 496
453 496
454 496
455 496
457 496
457 480
464 496
474 496
475 496
476 496
480 496
483 496
485 496
486 496
488 496
492 496
494 496
496 500
