500 959
1 162
2 162
2 293
3 162
4 162
5 162
6 162
6 103
7 162
7 293
7 108
7 54
7 388
8 162
9 162
10 162
11 162
12 162
13 162
14 162
15 162
16 162
17 162
18 162
19 162
20 162
20 293
20 54
21 162
22 162
23 162
23 293
23 108
23 54
23 388
23 103
23 197
23 95
23 44
23 46
23 121
23 481
23 360
23 256
23 174
23 32
23 104
23 136
23 138
23 473
23 278
23 49
23 323
23 389
23 327
23 105
23 495
23 370
24 162
25 162
26 162
27 162
28 162
29 162
30 162
31 162
32 162
32 293
32 108
32 54
32 388
32 103
32 197
32 95
32 44
32 46
32 121
32 481
32 360
32 256
32 174
32 104
32 278
32 380
32 163
33 162
34 162
35 162
36 162
37 162
38 162
39 162
40 162
41 162
42 162
43 162
44 162
44 293
44 108
44 54
44 388
44 103
44 197
44 95
44 46
44 121
44 481
44 360
44 256
44 174
44 104
44 136
44 138
44 473
44 278
44 49
44 323
44 389
44 380
44 495
44 370
44 500
45 162
46 162
46 293
46 108
46 54
46 388
46 103
46 197
46 95
46 121
46 481
46 360
46 256
46 174
46 104
46 136
46 138
46 473
46 278
46 49
46 323
46 401
46 327
46 239
47 162
48 162
48 293
48 108
49 162
49 293
49 108
49 54
49 388
49 103
49 197
49 95
49 121
50 162
51 162
52 162
53 162
54 162
54 293
54 108
54 388
54 103
54 197
54 95
54 121
54 481
54 360
54 256
54 174
54 104
54 136
54 138
54 473
54 278
54 323
54 389
54 376
54 380
54 401
54 327
54 320
54 137
54 105
54 495
54 158
54 370
54 157
54 425
54 163
54 159
54 318
54 88
54 129
54 191
54 246
54 500
54 292
54 248
54 91
54 286
54 304
54 212
54 89
54 347
54 453
54 263
54 471
54 79
54 468
55 162
56 162
57 162
58 162
59 162
60 162
60 293
60 95
61 162
62 162
62 108
63 162
64 162
65 162
66 162
67 162
68 162
69 162
70 162
71 162
72 162
73 162
74 162
75 162
76 162
77 162
78 162
79 162
80 162
81 162
82 162
83 162
84 162
85 162
86 162
87 162
88 162
88 293
88 108
88 388
88 103
88 197
89 162
89 293
90 162
91 162
91 293
91 108
91 388
91 103
91 121
92 162
93 162
94 162
95 162
95 293
95 108
95 388
95 103
95 197
95 121
95 481
95 360
95 256
95 174
95 104
95 136
95 138
95 473
95 278
95 323
95 389
95 376
95 401
95 327
95 137
95 157
95 425
95 159
96 162
97 162
98 162
99 162
100 162
101 162
102 162
102 293
102 108
103 162
103 293
103 108
103 388
103 197
103 121
103 481
103 360
103 256
103 174
103 104
103 136
103 138
103 473
103 278
103 323
103 389
103 376
103 380
103 401
103 327
103 320
103 137
103 105
103 495
103 158
103 370
103 157
103 425
103 163
103 159
103 318
103 191
103 500
103 292
103 474
103 294
104 162
104 293
104 108
104 388
104 197
104 121
104 481
104 360
104 256
104 136
104 323
104 137
105 162
105 293
105 108
105 388
105 197
106 162
107 162
108 162
108 293
108 388
108 197
108 121
108 481
108 360
108 256
108 174
108 136
108 138
108 473
108 278
108 323
108 389
108 376
108 380
108 401
108 327
108 320
108 137
108 495
108 158
108 370
108 157
108 425
108 163
108 159
108 318
108 129
108 191
108 246
108 500
108 292
108 248
108 362
108 286
108 304
108 212
108 347
108 474
108 192
108 281
108 185
108 365
108 312
108 290
108 112
108 221
108 236
108 400
108 403
108 460
109 162
110 162
111 162
112 162
113 162
114 162
115 162
116 162
117 162
118 162
119 162
120 162
121 162
121 293
121 388
121 197
121 481
121 360
121 256
121 174
121 136
121 138
121 473
121 278
121 323
121 401
121 157
121 415
122 162
123 162
124 162
125 162
125 197
126 162
127 162
128 162
129 162
129 293
129 388
130 162
131 162
132 162
133 162
134 162
135 162
136 162
136 293
136 388
136 197
136 481
136 360
136 256
137 162
137 293
137 388
137 197
138 162
138 293
138 388
138 197
138 481
138 360
138 278
139 162
140 162
141 162
142 162
143 162
144 162
145 162
146 162
147 162
148 162
149 162
149 293
150 162
151 162
152 162
153 162
154 162
155 162
156 162
157 162
157 293
157 388
157 197
158 162
158 293
158 388
158 174
159 162
159 293
159 388
159 197
159 360
160 162
161 162
162 293
162 388
162 197
162 481
162 360
162 256
162 174
162 473
162 278
162 323
162 389
162 376
162 380
162 401
162 327
162 320
162 495
162 370
162 425
162 163
162 318
162 191
162 246
162 500
162 292
162 248
162 362
162 286
162 304
162 212
162 347
162 474
162 453
162 341
162 192
162 281
162 373
162 185
162 371
162 365
162 171
162 415
162 312
162 263
162 254
162 435
162 447
162 290
162 329
162 427
162 471
162 221
162 313
162 478
162 251
162 311
162 468
162 306
162 498
162 236
162 299
162 399
162 417
162 402
162 400
162 363
162 392
162 436
162 255
162 403
162 387
162 484
162 247
162 267
162 177
162 426
162 413
162 240
162 462
162 477
162 291
162 407
162 368
162 172
162 181
162 180
162 456
162 294
162 228
162 302
162 226
162 196
162 269
162 359
162 443
162 295
162 374
162 369
162 274
162 460
162 414
162 421
162 455
162 252
162 194
162 334
162 328
162 358
162 200
162 275
162 375
162 335
162 164
162 184
162 300
162 422
162 451
162 489
162 432
162 437
162 431
162 461
162 297
162 351
162 250
162 438
162 350
162 339
162 168
162 178
162 283
162 395
162 309
162 428
162 285
162 490
162 265
162 199
162 237
162 480
162 207
162 441
162 170
162 433
162 243
162 479
162 405
162 310
162 434
162 336
162 361
162 467
162 186
162 324
162 420
162 316
162 253
162 378
162 397
162 406
162 353
162 492
162 298
162 385
162 204
162 296
162 179
162 393
162 469
162 201
162 424
162 315
162 482
162 416
162 367
162 429
162 410
162 182
162 383
162 390
162 235
162 227
162 379
162 442
162 260
162 499
162 167
162 176
162 218
162 314
162 494
162 366
162 242
162 352
162 202
162 216
162 430
162 308
162 220
162 234
162 183
162 261
162 215
162 219
162 319
162 195
162 483
162 280
162 496
162 259
162 214
162 198
162 411
162 377
162 193
162 276
162 241
162 476
162 463
162 486
162 210
162 423
162 384
162 345
162 485
162 189
162 354
162 287
162 418
162 452
162 382
162 381
162 493
162 208
162 440
162 209
162 444
162 346
162 303
162 273
162 239
162 317
162 491
162 223
162 169
162 488
162 340
162 465
162 475
162 213
162 372
162 466
162 409
162 187
162 211
162 357
162 458
162 175
162 396
162 257
162 305
162 459
162 301
162 270
162 188
162 264
162 232
162 342
162 454
162 190
162 439
162 332
162 449
162 326
162 262
162 343
162 230
162 349
162 271
162 229
162 348
162 344
162 272
162 391
162 321
162 233
162 289
162 398
162 222
162 386
162 446
162 205
162 173
162 445
162 331
162 165
162 266
162 470
162 322
162 268
162 244
162 238
162 355
162 394
162 364
162 338
162 450
162 225
162 166
162 288
162 217
162 258
162 497
162 206
162 282
162 356
162 457
162 419
162 284
162 464
162 279
162 448
162 325
162 404
162 224
162 249
162 408
162 277
162 412
162 330
162 337
162 203
162 245
162 487
162 307
162 231
162 472
162 333
163 293
163 388
163 197
174 293
174 388
174 197
174 481
174 360
174 256
174 473
174 389
174 327
174 191
185 197
191 293
191 388
192 293
197 293
197 388
197 481
197 360
197 256
197 473
197 278
197 323
197 389
197 376
197 380
197 401
197 327
197 320
197 495
197 370
197 362
212 293
212 388
221 293
246 293
246 388
248 293
254 293
256 293
256 388
256 481
256 360
256 425
256 347
278 293
278 388
278 481
281 293
286 293
286 388
290 293
292 293
292 388
293 388
293 481
293 360
293 473
293 323
293 389
293 376
293 380
293 401
293 327
293 320
293 495
293 370
293 425
293 318
293 500
293 362
293 304
293 347
293 474
293 453
293 341
293 365
293 312
293 311
304 388
318 388
320 388
323 388
323 481
327 388
329 388
347 388
360 388
360 481
360 473
360 376
360 362
362 388
370 388
373 388
376 388
380 388
380 481
380 473
388 481
388 473
388 389
388 401
388 495
388 425
388 500
388 435
389 481
401 481
481 495
