500 2265
1 8
1 49
1 59
1 96
1 99
1 184
1 267
1 281
1 328
1 332
1 339
1 341
1 398
1 432
2 76
2 141
2 234
2 296
2 375
2 442
2 465
2 483
2 489
3 110
3 181
3 210
3 212
3 320
3 365
4 9
4 54
4 66
4 210
4 221
4 242
4 264
4 437
4 442
4 444
4 450
4 458
5 17
5 19
5 58
5 120
5 128
5 167
5 170
5 258
5 352
5 354
5 399
5 491
6 23
6 123
6 148
6 170
6 332
6 373
6 442
7 10
7 100
7 115
7 169
7 234
7 249
7 346
7 406
7 439
8 15
8 127
8 222
8 277
8 296
8 437
8 444
9 55
9 58
9 187
9 199
9 414
10 68
10 93
10 118
10 203
10 225
10 267
10 377
10 426
10 452
10 458
10 499
11 39
11 113
11 122
11 196
11 319
11 427
11 491
12 90
12 206
12 237
12 287
12 360
13 23
13 103
13 104
13 120
13 122
13 153
13 275
13 336
13 430
13 454
13 490
13 493
14 336
14 342
14 464
15 172
15 388
15 414
15 494
16 26
16 122
16 123
16 146
16 149
16 160
16 187
16 225
16 271
16 296
16 323
16 361
16 492
17 32
17 50
17 60
17 206
17 211
17 295
17 314
17 324
17 361
17 388
17 404
17 485
18 23
18 40
18 58
18 62
18 95
18 147
18 273
18 281
18 289
18 290
18 315
18 331
18 365
18 468
19 184
19 255
19 265
19 300
19 373
19 379
19 402
19 414
19 462
20 89
20 167
20 168
20 226
20 294
20 383
20 401
20 479
21 37
21 64
21 143
21 374
21 480
21 495
22 86
22 145
22 176
22 333
22 377
22 432
22 471
22 499
23 50
23 153
23 174
23 294
23 340
23 357
23 402
23 435
23 463
23 484
24 79
24 172
24 220
24 258
24 354
24 405
24 443
24 458
24 491
25 34
25 40
25 78
25 97
25 203
25 278
25 303
25 478
26 180
26 358
26 471
27 60
27 163
27 259
27 274
27 400
27 407
28 30
28 88
28 115
28 146
28 301
28 307
28 311
28 319
28 431
29 120
29 122
29 144
29 217
29 282
29 434
29 447
29 454
30 101
30 176
30 232
30 237
30 247
30 310
30 324
30 421
30 457
31 45
31 239
31 254
31 305
31 360
31 426
31 474
32 47
32 48
32 53
32 72
32 135
32 198
32 240
32 347
32 361
33 81
33 84
33 88
33 190
33 201
33 271
33 341
33 368
33 387
33 468
34 84
34 182
34 212
34 214
34 259
34 333
34 395
34 444
34 464
35 106
35 111
35 113
35 201
35 420
35 439
35 467
36 62
36 97
36 109
36 111
36 150
36 264
36 287
36 326
36 443
37 69
37 88
37 97
37 199
37 201
37 262
37 402
38 245
38 292
38 471
39 108
39 293
39 363
39 414
40 123
40 149
40 269
40 301
40 324
40 357
40 359
40 426
41 271
41 369
41 370
41 441
42 97
42 104
42 155
42 180
42 203
42 248
42 270
42 498
43 83
43 144
43 173
43 187
43 265
43 374
43 395
43 450
44 76
44 126
44 129
44 224
44 244
44 333
44 483
44 485
44 490
45 139
45 160
45 176
45 208
45 267
45 304
45 317
45 351
45 373
45 441
45 488
46 53
46 55
46 118
46 139
46 141
46 285
47 115
47 135
47 204
47 242
47 278
47 338
47 382
47 426
47 475
48 202
48 220
48 240
48 330
48 332
48 354
48 421
48 451
48 498
49 62
49 65
49 90
49 147
49 197
49 318
49 356
49 460
50 81
50 99
50 100
50 119
50 149
50 232
50 300
50 351
50 384
50 443
50 448
50 498
51 70
51 83
51 268
51 286
51 300
52 65
52 156
52 163
52 182
52 260
52 262
52 278
52 342
52 433
53 194
53 330
53 356
53 373
53 403
53 484
54 89
54 95
54 116
54 182
54 258
54 262
54 316
54 335
54 392
54 465
54 478
54 484
55 85
55 265
55 330
55 370
55 390
55 430
56 59
56 135
56 206
56 220
56 280
56 307
56 396
56 480
57 77
57 193
57 212
57 287
57 373
57 393
58 91
58 95
58 193
58 264
58 319
58 422
58 436
58 438
58 471
58 475
58 498
59 84
59 108
59 115
59 135
59 158
59 190
59 226
59 350
59 354
59 427
59 478
59 495
60 106
60 235
60 274
60 298
60 301
60 343
60 380
60 399
60 402
60 407
61 165
61 235
61 252
61 315
61 333
61 365
61 413
61 451
62 63
62 125
62 128
62 153
62 157
62 210
62 268
62 285
62 349
62 356
63 72
63 129
63 227
63 293
63 315
63 335
63 364
63 477
63 492
64 65
64 89
64 135
64 486
65 96
65 148
65 152
65 247
65 281
65 298
65 310
65 311
65 330
65 362
65 383
65 410
65 446
65 456
66 110
66 182
66 274
66 291
66 305
66 338
66 406
66 442
66 475
67 120
67 128
67 153
67 398
67 425
68 169
68 195
68 203
68 218
68 329
68 357
68 441
69 73
69 84
69 100
69 128
69 215
69 278
69 393
69 411
70 99
70 131
70 198
70 437
70 493
71 88
71 129
71 168
71 202
71 224
71 276
71 289
71 323
71 341
71 349
71 350
71 434
71 445
72 207
72 253
72 259
72 270
72 295
72 312
72 425
72 437
72 453
72 492
73 80
73 118
73 123
73 137
73 168
73 270
73 343
73 417
74 79
74 97
74 213
74 306
74 349
74 370
74 477
75 146
75 154
75 155
75 207
75 237
75 360
75 364
75 398
75 400
75 409
75 422
75 468
76 214
76 318
76 409
76 492
77 183
77 247
77 298
77 384
77 388
77 413
77 458
77 465
77 494
78 209
78 231
78 247
78 372
78 379
78 470
78 484
78 489
79 157
79 220
79 224
79 356
79 359
79 412
79 422
79 425
80 116
80 141
80 231
80 240
80 424
80 471
81 122
81 173
81 211
81 293
81 325
81 414
81 439
82 269
82 412
83 106
83 358
83 371
83 447
84 111
84 160
84 167
84 180
84 259
84 489
85 89
85 135
85 138
85 281
85 285
85 361
85 362
85 385
85 404
85 475
86 303
86 396
87 232
87 234
87 277
87 326
87 386
87 399
87 423
87 471
88 145
88 206
88 222
88 228
88 242
89 361
89 392
89 448
89 498
90 112
90 154
90 206
90 355
90 411
90 492
91 115
91 433
91 499
92 159
92 168
92 178
92 243
92 294
92 327
92 350
92 384
92 407
92 440
93 105
93 210
93 229
93 250
93 401
93 414
93 456
93 490
94 269
94 353
94 379
94 403
94 433
94 475
95 144
95 193
95 238
95 269
95 311
96 135
96 159
96 306
96 340
96 461
96 476
96 477
97 177
97 365
97 455
97 471
98 301
98 323
98 369
98 391
98 416
98 421
99 128
99 153
99 192
99 226
99 275
99 293
99 373
99 386
99 393
99 408
100 102
100 158
100 174
100 224
100 324
100 342
100 403
100 451
100 467
100 493
101 146
101 162
101 225
101 260
101 282
101 373
101 413
101 415
102 179
102 219
102 220
102 227
102 254
102 258
102 297
102 330
102 357
102 481
102 491
103 125
103 171
103 286
103 306
103 358
103 386
103 454
103 489
104 160
104 162
104 255
104 262
104 290
104 355
104 454
104 458
104 474
104 484
105 189
105 278
105 308
105 315
105 421
105 494
106 139
106 157
106 179
106 183
106 318
106 324
106 394
106 404
106 472
107 151
107 388
107 448
108 188
108 287
108 307
108 330
108 348
108 349
108 381
108 451
108 465
108 496
109 158
109 299
109 311
109 326
109 388
109 417
110 167
110 193
110 205
110 233
110 251
110 254
110 347
110 379
110 382
110 406
110 411
110 468
110 487
110 488
111 222
111 250
111 298
111 414
112 167
112 226
112 239
112 298
112 304
112 344
112 366
113 241
113 253
113 301
113 353
113 447
114 128
114 148
114 197
115 237
115 242
115 406
115 455
116 124
116 211
116 250
116 293
116 372
116 395
117 125
117 182
117 294
117 301
117 388
117 421
117 432
117 467
118 140
118 147
118 218
118 243
118 391
118 405
118 464
118 484
119 183
119 201
119 254
119 258
119 291
119 299
119 404
119 480
120 152
120 355
120 379
120 382
120 423
121 164
121 246
121 262
121 313
121 381
121 424
121 480
122 151
122 192
122 228
122 273
122 408
122 411
122 412
123 131
123 147
123 159
123 177
123 191
123 243
123 417
124 135
124 232
124 288
124 345
124 348
124 420
125 218
125 293
125 432
125 453
126 144
126 148
126 170
126 171
126 208
126 395
126 397
126 425
126 485
126 498
127 225
127 286
127 301
127 323
127 326
127 380
127 392
127 435
128 166
128 223
128 361
128 371
129 285
129 289
129 332
129 386
129 393
129 409
129 411
129 441
129 450
129 455
129 466
130 260
130 283
130 344
130 437
130 472
130 500
131 151
131 269
131 283
131 347
131 465
131 483
132 166
132 213
132 230
132 321
132 391
132 412
132 438
133 263
133 398
133 454
134 140
134 261
134 265
134 320
134 407
134 424
134 476
135 143
135 222
135 231
135 314
135 332
135 411
135 475
136 147
136 181
136 294
136 399
136 494
137 165
137 170
137 268
137 297
137 322
137 380
137 479
137 491
138 306
138 314
138 332
138 413
138 470
138 486
139 244
139 324
139 442
139 485
140 192
140 225
140 342
140 363
140 384
140 385
140 389
140 429
140 465
141 165
141 209
141 286
141 312
141 346
141 356
141 374
141 378
141 383
141 386
141 442
141 454
142 251
142 253
142 328
142 329
142 335
142 348
142 377
142 416
142 440
142 494
143 145
143 161
143 231
143 262
143 264
143 274
143 400
143 421
143 454
143 481
144 258
144 267
144 277
144 319
144 343
144 394
144 483
145 159
145 179
145 267
145 314
145 340
145 346
145 356
145 448
145 482
145 485
146 211
146 229
146 263
146 280
146 472
147 200
147 307
147 324
147 363
147 395
147 413
147 484
148 210
148 233
148 246
148 277
148 352
148 409
148 412
148 421
148 456
149 164
149 196
149 208
149 271
149 275
149 320
149 330
149 349
150 272
150 278
150 295
150 333
150 335
150 397
151 167
151 171
151 188
151 206
151 321
151 349
151 351
151 432
151 487
152 241
152 246
152 289
152 318
152 324
152 358
152 439
152 479
152 492
153 186
153 198
153 207
153 249
153 266
153 352
153 444
153 467
153 476
154 175
154 211
154 362
154 452
155 186
155 233
155 337
155 363
155 410
155 468
156 446
156 478
157 232
157 244
157 300
157 495
158 360
158 361
158 367
158 400
158 409
158 491
158 498
159 276
159 279
159 286
159 312
159 313
159 326
160 170
160 246
160 323
160 392
160 414
160 434
161 224
161 305
161 418
161 426
161 495
161 497
162 192
162 355
162 358
162 361
162 435
163 233
163 267
163 269
163 299
163 325
163 335
163 451
163 497
164 409
164 484
165 195
165 197
165 278
165 326
165 332
165 339
165 362
165 363
165 434
165 440
166 184
166 197
166 269
166 285
166 288
166 375
166 398
166 462
166 497
167 185
167 216
167 251
167 253
167 326
167 383
167 466
167 481
168 184
168 187
168 317
168 338
168 349
168 370
168 446
168 449
168 494
169 190
169 411
169 439
170 204
170 225
170 233
170 270
170 319
171 191
171 361
171 444
172 177
172 186
172 227
172 390
172 500
173 191
173 215
173 272
173 293
173 304
173 337
173 437
174 305
174 331
175 188
175 192
175 199
175 202
175 223
175 253
175 325
175 346
175 371
175 392
175 406
175 427
175 433
175 487
175 493
176 181
176 473
177 264
177 266
177 315
177 343
178 332
178 477
179 193
179 221
179 307
179 319
179 340
179 359
179 390
179 403
179 439
179 479
180 217
180 219
180 240
180 263
180 285
180 294
180 384
180 394
180 479
180 493
181 195
181 256
181 283
181 489
182 217
182 285
182 323
182 353
183 217
183 365
184 192
184 243
184 311
184 314
184 421
184 459
184 475
185 198
185 278
185 290
185 299
185 322
185 345
185 467
186 200
186 275
186 362
186 401
186 414
186 418
187 227
187 394
187 407
187 440
187 445
188 195
188 219
188 274
188 309
188 431
188 451
188 477
189 256
189 272
189 355
189 357
190 202
190 217
190 263
190 299
190 340
190 347
190 404
190 486
191 250
191 279
191 291
191 394
191 491
192 300
192 353
192 391
192 407
192 440
192 453
193 216
193 350
193 364
193 421
193 458
193 462
194 218
194 225
194 278
194 287
194 323
194 338
194 373
194 397
194 490
194 494
195 247
195 347
195 366
195 468
195 486
196 282
196 291
196 314
196 425
196 452
196 475
196 480
197 209
197 329
197 451
197 481
197 489
198 246
198 275
198 478
199 201
199 311
199 383
199 394
199 423
199 433
199 470
200 205
200 347
200 355
200 359
201 270
201 300
201 302
201 315
201 371
201 401
201 416
201 422
202 252
202 321
202 378
202 382
202 420
202 449
203 354
203 378
203 440
204 228
204 279
204 300
204 360
204 372
204 408
204 441
204 447
204 450
204 457
205 210
205 234
205 241
205 307
205 311
205 353
205 414
205 424
205 439
205 494
206 273
206 354
206 368
207 240
207 329
207 400
208 309
208 333
208 362
208 397
208 438
209 240
209 259
209 267
209 398
209 436
209 445
210 268
210 272
210 405
210 462
211 287
211 410
211 420
212 280
212 308
212 329
212 349
212 423
212 461
213 216
213 229
213 312
213 318
213 388
213 468
213 469
214 267
214 277
214 336
214 476
215 233
215 300
215 335
215 359
215 424
215 453
215 487
216 318
216 375
216 446
216 458
216 470
216 483
217 314
217 331
217 413
217 442
218 284
218 322
218 339
218 369
218 416
218 421
219 373
219 390
219 414
219 440
220 221
220 297
220 307
220 339
220 374
220 446
220 452
220 480
221 281
221 284
221 285
221 322
221 461
221 497
222 257
222 264
222 305
222 326
222 346
222 358
222 391
222 451
222 476
223 228
223 279
223 323
223 345
223 411
223 413
223 482
224 250
224 368
224 397
224 419
224 435
224 449
224 495
224 500
225 272
225 274
225 315
225 354
225 403
225 463
226 281
226 320
227 330
227 384
227 406
227 407
227 483
228 244
228 254
228 347
228 387
228 397
228 482
229 411
230 369
230 418
230 428
230 479
231 306
231 338
231 347
231 353
231 397
232 282
232 380
232 390
232 400
232 465
233 353
233 410
233 460
233 480
233 497
234 330
234 334
234 337
234 388
234 446
234 489
235 247
235 394
236 304
236 328
236 339
236 434
237 349
237 412
237 434
237 468
238 245
238 259
238 303
238 311
238 352
238 359
238 363
238 376
238 406
239 241
239 248
239 252
239 347
239 387
239 425
240 264
240 359
240 372
241 242
241 243
241 475
242 309
242 340
242 413
242 464
243 287
243 338
243 361
243 493
244 293
244 383
244 421
245 317
245 324
245 327
245 335
245 403
245 446
246 264
246 277
246 491
247 387
247 404
248 362
248 382
248 384
248 403
248 446
248 470
249 337
249 358
249 361
249 449
249 500
250 263
250 264
250 325
251 409
251 462
252 371
252 398
252 406
253 254
253 320
253 452
253 485
254 256
254 320
254 365
254 385
254 403
254 423
255 261
255 286
256 310
256 313
256 360
256 366
257 264
257 297
257 374
257 383
257 395
257 440
258 390
259 330
259 369
259 450
259 491
260 282
260 321
260 330
260 334
260 360
260 367
260 443
261 270
261 283
261 338
261 413
261 434
261 443
261 462
261 474
262 319
262 360
262 461
262 471
263 311
263 341
263 357
263 405
263 407
264 282
264 327
264 394
264 446
265 303
265 456
266 346
266 352
266 359
266 370
266 419
266 429
266 434
267 402
267 429
267 474
268 290
268 345
268 365
269 292
269 305
269 317
269 328
269 399
269 401
269 413
269 414
270 442
270 449
270 490
271 310
272 279
272 409
272 423
272 483
273 287
273 366
273 370
274 284
274 302
274 303
274 320
274 351
275 371
275 454
276 347
276 371
276 403
276 499
277 491
278 352
278 364
278 374
278 410
278 419
279 281
279 283
279 495
280 292
280 323
280 324
280 355
280 392
280 443
280 483
281 331
281 342
281 346
281 379
281 380
281 421
281 443
281 471
281 481
281 499
282 306
282 333
282 374
282 396
282 425
282 438
283 475
284 298
284 333
284 334
284 347
285 343
285 453
286 321
286 339
286 459
287 313
288 475
289 373
289 402
289 445
289 492
290 300
290 354
290 361
291 425
292 295
292 383
292 471
293 314
293 348
293 367
293 393
294 372
294 413
295 399
295 438
296 398
296 418
296 420
297 339
297 360
297 424
298 315
298 390
298 434
298 438
299 302
299 431
299 459
300 315
300 332
300 360
300 390
300 408
300 476
301 302
301 335
301 444
301 472
301 498
302 344
302 432
302 439
303 309
303 344
303 351
303 392
303 451
303 459
303 467
304 309
304 373
304 387
304 447
304 471
305 362
305 418
305 456
305 470
305 495
306 341
307 328
307 433
307 474
308 360
308 394
308 405
308 433
308 455
308 461
309 321
309 392
309 440
309 493
310 323
310 403
310 471
311 316
311 373
311 491
312 335
312 428
313 314
313 367
314 324
314 369
314 430
314 442
314 447
314 454
314 462
314 477
315 345
315 411
315 450
315 496
316 433
316 434
317 358
317 384
317 422
317 463
317 464
318 340
318 372
319 407
319 472
320 329
320 347
320 437
321 362
321 400
321 458
321 474
322 452
322 481
323 334
323 453
323 490
324 422
324 447
325 346
325 415
325 465
326 330
326 351
326 481
326 489
327 349
327 359
327 372
327 431
327 443
328 362
328 367
328 458
329 392
329 394
329 496
330 390
330 400
330 410
330 450
331 404
331 446
331 458
332 383
332 386
332 395
332 423
332 473
333 343
333 369
333 392
333 439
333 462
333 495
334 384
334 428
334 471
335 361
335 366
336 470
336 472
337 391
337 408
338 357
338 490
339 347
339 366
339 415
340 367
340 409
340 493
340 500
341 394
341 418
342 346
342 378
342 498
343 484
344 433
344 471
344 480
345 362
345 395
345 438
346 376
346 388
346 402
346 407
346 457
346 474
347 364
347 439
348 350
348 391
348 449
348 470
348 472
349 391
350 448
350 462
351 449
352 441
352 472
352 483
353 426
353 476
354 412
354 417
355 389
355 409
355 437
356 430
356 432
357 390
357 408
357 447
358 383
358 432
360 500
361 380
361 400
361 414
362 410
362 439
363 377
363 379
363 406
363 443
363 450
363 474
363 489
364 388
364 408
364 468
365 390
365 395
365 483
366 416
366 421
366 431
366 434
366 460
366 465
366 472
367 368
367 410
367 473
367 488
368 434
369 416
370 482
371 414
371 421
371 486
372 431
372 444
372 459
373 398
373 408
373 459
373 462
374 394
374 421
374 473
375 444
375 472
375 483
376 404
377 422
377 455
377 499
378 420
378 438
378 486
379 477
379 498
380 430
380 473
381 437
381 452
382 413
382 446
383 393
383 411
383 457
384 397
384 412
384 453
385 479
386 492
387 450
387 481
387 482
388 451
388 470
389 475
390 418
390 438
390 461
390 462
392 429
392 432
392 460
392 470
392 477
393 424
393 448
394 441
394 498
396 410
396 414
396 456
396 499
397 435
397 443
398 456
399 432
399 443
400 477
401 490
402 463
402 466
403 463
403 478
404 473
405 490
406 434
406 467
407 421
407 457
408 439
408 472
410 451
410 490
410 496
411 429
411 454
411 455
412 436
412 472
412 480
413 430
413 458
414 452
415 491
416 445
416 451
416 480
417 458
417 482
418 450
418 468
419 440
419 473
420 441
420 463
420 491
421 441
422 450
423 466
425 435
425 469
427 496
428 464
428 495
429 492
430 437
430 441
430 449
432 437
432 473
434 437
434 470
435 450
435 496
435 498
436 467
437 440
437 474
437 484
438 439
439 481
440 479
441 473
444 482
445 472
446 491
446 493
447 480
447 494
450 459
451 457
452 460
453 488
454 459
456 469
457 459
458 459
458 489
459 473
461 469
462 481
463 476
464 477
465 473
465 477
467 500
468 492
469 489
472 498
481 488
488 498
490 492
