500 1133
1 466
2 7
2 108
2 300
2 325
2 369
2 475
3 19
3 99
3 108
3 118
3 495
4 16
4 20
4 155
4 171
4 229
5 25
5 428
5 445
5 454
6 82
6 85
6 127
6 233
6 269
7 290
8 72
8 228
8 282
8 387
9 30
9 313
9 471
10 499
11 395
11 446
12 156
12 196
12 282
12 296
12 373
12 382
12 386
12 393
12 460
13 286
13 287
13 385
13 406
13 428
13 496
14 220
14 296
14 394
14 432
15 223
15 288
16 20
16 171
16 183
16 280
17 345
17 460
18 207
18 253
18 291
18 384
18 459
19 153
19 199
19 341
19 464
20 30
20 85
20 157
20 166
20 242
20 273
20 353
20 464
20 500
21 84
21 184
21 236
21 282
21 338
22 56
22 101
22 163
22 171
22 365
23 73
23 251
23 481
24 44
24 137
24 257
24 350
24 408
24 417
25 65
25 133
26 247
27 226
27 260
27 293
27 308
27 379
27 404
27 496
28 35
28 60
29 72
29 82
29 89
29 160
30 115
30 240
30 369
30 415
30 452
31 265
31 284
31 286
31 448
32 36
32 102
32 131
32 237
32 361
32 464
33 49
33 446
34 93
34 257
34 319
35 156
35 247
35 339
35 346
35 435
36 147
36 176
36 274
37 499
38 323
38 392
38 454
38 457
39 61
39 160
39 287
39 356
40 53
40 67
40 84
40 114
40 124
40 279
40 482
41 195
41 383
41 395
41 407
42 199
42 265
42 338
42 463
43 64
43 148
43 210
43 260
43 363
43 375
44 335
44 392
44 429
45 176
45 322
46 204
46 246
46 256
46 402
46 490
47 151
47 162
47 218
47 319
47 424
48 57
48 388
48 398
48 456
48 497
48 498
49 235
49 262
49 292
50 182
50 193
50 229
50 392
50 407
50 413
50 462
51 88
51 138
51 237
51 255
51 265
51 359
51 382
52 250
52 463
53 436
53 495
54 320
54 479
55 67
55 186
55 390
56 111
56 249
56 492
57 77
57 294
57 342
58 227
58 300
58 316
58 481
59 219
59 254
59 451
60 172
60 420
61 193
62 259
62 293
62 419
62 498
63 66
63 106
63 217
63 267
63 352
63 368
64 125
64 201
64 325
64 412
65 172
65 322
65 386
65 419
65 474
66 109
66 216
66 325
66 346
66 356
66 408
66 409
68 162
68 223
68 284
68 337
69 91
69 118
69 226
69 373
70 112
70 113
70 256
70 392
70 456
71 144
72 78
72 152
72 199
73 159
73 277
74 113
74 233
74 234
74 349
74 455
75 146
75 173
75 398
75 429
76 95
76 273
76 336
76 439
77 458
77 469
78 282
78 345
78 382
78 418
78 494
79 135
79 405
79 449
79 450
80 121
80 178
80 229
80 427
81 471
82 204
82 399
83 156
83 166
83 231
83 259
83 308
83 363
83 468
84 155
84 178
84 327
84 348
84 368
84 370
84 394
84 398
85 331
85 373
85 429
86 159
86 404
87 106
87 141
87 341
87 412
88 240
88 479
89 477
90 271
90 327
90 385
90 473
90 479
91 142
91 261
91 332
91 358
91 415
91 474
92 206
92 372
92 449
93 142
93 190
93 263
94 310
94 316
94 317
95 264
95 289
95 341
95 373
96 108
96 139
96 412
96 459
96 490
97 305
97 332
97 427
97 468
98 311
99 249
99 321
99 365
99 376
99 444
100 109
100 134
100 202
100 237
100 425
100 427
102 160
102 218
102 253
102 302
102 394
103 108
103 322
103 382
104 131
104 220
105 214
105 321
105 337
105 411
105 492
106 283
106 421
106 454
107 139
107 144
107 172
107 312
107 417
107 420
108 292
110 290
110 336
110 438
111 129
111 289
112 334
112 438
112 439
112 441
112 454
113 206
113 440
113 442
114 119
114 381
114 460
115 196
115 259
115 341
116 178
116 266
116 288
116 351
116 441
116 474
116 492
116 497
117 289
117 307
117 338
118 234
118 291
118 314
118 406
118 475
118 492
119 156
119 215
119 382
120 272
120 438
121 324
121 339
121 357
121 448
122 254
122 308
122 439
123 137
123 305
124 239
124 266
124 299
124 388
125 153
125 160
125 193
125 274
125 332
125 342
125 406
125 434
126 144
126 204
126 314
126 369
126 394
126 403
127 212
127 231
127 235
127 409
127 499
128 476
128 491
129 323
129 328
129 329
129 434
129 445
129 456
130 140
130 238
130 262
130 383
130 394
130 465
131 347
131 438
131 472
132 408
132 482
133 148
133 211
133 267
133 295
133 346
133 469
133 484
134 139
135 190
135 427
136 324
136 358
136 453
137 175
137 384
137 440
138 205
139 156
139 175
139 492
140 286
140 378
140 491
141 178
141 182
141 372
143 283
143 393
144 264
144 435
144 439
145 209
145 465
146 175
146 222
146 420
146 462
146 483
147 209
147 212
147 253
147 305
147 361
147 402
148 158
148 178
148 249
148 260
148 308
148 450
148 465
149 183
149 358
149 436
149 452
149 468
150 274
151 202
151 256
151 413
151 424
152 357
153 162
153 212
153 372
154 290
154 319
154 325
154 332
154 439
155 307
155 464
157 279
157 415
158 220
158 250
158 304
158 467
159 163
159 199
159 236
159 298
159 316
159 496
160 193
160 250
160 462
161 375
161 406
162 225
162 350
162 369
162 475
163 177
163 247
163 399
164 189
164 355
164 471
165 168
165 284
165 351
165 392
165 466
166 284
167 214
167 225
167 351
167 374
167 455
168 182
168 184
169 177
169 291
169 319
169 484
169 492
169 495
170 187
170 240
170 286
170 309
170 356
170 417
170 436
171 172
171 376
173 362
173 403
174 275
174 350
175 488
176 234
176 330
176 381
176 397
177 194
177 253
177 452
177 486
178 313
178 364
178 414
178 423
178 440
178 454
179 208
179 262
179 418
181 263
181 326
182 493
183 204
183 247
183 348
183 364
184 189
184 422
184 428
184 464
184 465
184 473
185 289
185 371
185 403
185 408
185 454
185 480
186 198
186 215
187 354
187 363
188 250
188 326
188 398
188 402
188 489
189 282
189 286
189 372
189 387
189 417
190 193
190 341
191 202
191 391
193 418
193 458
193 481
194 287
194 466
195 201
195 274
195 334
196 207
196 305
198 255
198 500
199 206
199 231
199 283
199 333
200 202
200 269
200 372
200 380
200 396
201 243
201 245
201 271
201 273
201 276
201 472
202 304
202 317
202 320
202 341
202 393
202 468
203 321
204 271
204 280
204 340
205 270
205 380
206 216
207 262
207 275
207 312
207 389
208 265
208 312
208 329
208 367
208 403
208 412
208 466
209 303
209 481
209 493
210 234
210 256
210 377
210 398
211 236
211 356
211 446
211 480
212 359
212 428
212 499
214 294
214 372
214 406
214 458
214 471
214 487
215 235
215 369
215 452
216 263
216 351
216 358
217 340
218 377
219 425
219 444
219 467
220 244
220 375
220 392
220 479
221 325
221 391
221 484
221 499
222 310
222 328
223 283
223 395
223 427
224 263
225 273
226 261
226 448
226 457
226 468
227 408
228 366
228 367
229 233
229 295
229 314
229 319
229 416
229 477
229 492
229 494
231 234
231 272
231 289
232 264
232 271
232 346
233 472
234 424
234 440
235 257
236 256
236 308
236 355
236 448
237 271
237 472
237 499
238 272
238 281
238 447
239 386
240 244
240 265
240 303
241 244
241 308
241 390
242 245
242 282
242 357
243 391
244 365
244 414
244 493
245 361
246 277
246 339
246 361
246 393
246 495
248 427
248 492
250 327
250 370
250 487
251 269
252 399
252 434
253 313
253 322
253 437
254 263
254 292
254 314
254 423
255 290
255 387
255 448
255 453
257 325
257 449
257 487
259 432
259 479
260 313
261 318
261 461
262 279
262 293
263 454
265 464
266 292
266 322
267 325
267 410
267 477
268 293
268 369
269 297
269 311
269 317
269 375
269 436
269 468
269 495
270 330
271 343
273 311
273 440
273 499
274 342
274 471
275 323
275 464
276 443
277 280
277 327
277 361
277 365
277 389
278 336
278 381
278 403
278 422
278 423
278 430
279 311
279 314
279 354
280 350
280 353
280 429
281 341
281 350
281 449
282 371
283 311
283 387
283 450
284 413
284 429
284 436
284 486
285 370
286 295
287 326
287 436
288 310
289 424
290 376
290 387
290 397
291 319
291 334
291 404
292 420
292 434
292 471
293 476
294 328
294 338
295 497
296 396
296 400
297 314
297 332
297 334
297 417
298 357
298 407
298 427
299 333
300 469
301 303
301 326
301 358
302 430
303 383
305 318
306 339
306 403
307 472
308 378
309 321
309 322
310 315
311 313
311 450
313 490
313 494
314 367
315 342
316 357
316 406
317 377
317 442
318 376
318 406
318 433
318 491
319 363
319 375
319 414
319 467
321 381
321 404
322 363
322 451
323 420
323 422
323 467
323 476
325 455
326 329
326 341
326 410
329 395
329 431
330 361
330 382
331 476
331 481
332 342
332 417
333 427
333 475
336 355
336 356
336 408
337 357
337 359
337 463
337 465
338 372
338 473
338 497
339 414
340 373
340 421
340 434
340 481
341 430
341 444
342 404
342 426
342 432
342 483
343 395
343 408
343 457
343 472
345 407
345 429
346 488
348 446
349 361
349 405
349 448
351 378
351 379
351 460
352 458
352 500
353 364
353 476
354 425
358 369
358 478
359 428
362 449
362 465
363 372
363 378
363 380
366 416
367 406
368 443
369 431
370 442
370 462
371 413
372 391
372 395
372 448
373 399
375 385
376 385
376 407
378 403
378 461
379 435
380 383
382 426
383 413
383 432
384 400
384 406
384 459
385 435
386 401
386 419
389 433
389 458
391 480
392 437
394 395
394 427
395 417
397 446
400 456
400 462
400 481
401 429
401 485
402 405
402 446
403 406
405 486
407 460
409 432
409 433
409 435
409 440
409 466
414 426
415 464
418 443
419 428
419 434
419 440
420 421
423 447
426 431
427 440
431 485
432 477
433 451
434 445
435 493
437 496
442 477
449 467
450 466
450 490
454 474
455 490
455 492
459 482
464 500
467 480
477 482
477 496
