500 2764
1 71
1 101
1 158
1 200
1 203
1 417
1 429
2 9
2 37
2 108
2 110
2 111
2 122
2 186
2 210
2 263
2 350
2 360
2 376
3 9
3 24
3 156
3 217
3 229
3 331
3 384
3 436
4 43
4 102
4 166
4 220
4 249
4 296
4 312
4 422
4 425
5 6
5 32
5 33
5 43
5 45
5 74
5 120
5 224
5 283
5 321
5 331
5 387
5 439
6 53
6 255
6 271
6 284
6 361
6 368
6 397
6 419
6 436
6 476
7 40
7 43
7 59
7 170
7 205
7 269
7 276
7 323
7 356
7 366
7 433
8 18
8 147
8 219
8 230
8 243
8 274
8 277
8 296
8 356
8 406
8 444
8 471
9 125
9 161
9 213
9 423
9 442
9 480
10 30
10 70
10 83
10 108
10 134
10 192
10 194
10 254
10 269
10 301
10 317
10 461
10 472
10 482
11 76
11 126
11 140
11 146
11 223
11 290
11 308
11 331
11 460
12 60
12 67
12 79
12 89
12 140
12 161
12 163
12 189
12 262
12 276
12 315
12 316
12 349
12 357
12 432
13 163
13 177
13 193
13 196
13 246
13 265
13 269
13 316
13 387
14 25
14 33
14 55
14 62
14 66
14 201
14 238
14 286
14 313
14 339
14 389
14 420
14 467
15 192
15 363
15 369
15 377
15 407
15 417
15 469
16 33
16 41
16 42
16 145
16 157
16 198
16 239
16 266
16 281
16 285
16 315
16 358
16 388
16 398
16 411
16 423
16 468
16 477
16 481
17 30
17 36
17 39
17 69
17 70
17 139
17 245
17 328
17 342
17 396
17 400
17 461
18 31
18 94
18 103
18 117
18 240
18 308
18 413
18 447
18 482
18 497
19 40
19 77
19 96
19 127
19 145
19 175
19 182
19 215
19 252
19 337
19 416
19 459
19 465
19 468
20 47
20 143
20 168
20 186
20 254
20 298
20 369
20 465
21 66
21 111
21 261
21 336
21 339
21 345
21 363
21 369
21 385
21 445
21 465
22 164
22 173
22 174
22 219
22 255
22 270
22 331
22 343
22 398
22 407
22 410
23 78
23 95
23 108
23 115
23 119
23 273
23 321
23 356
24 104
24 140
24 170
24 219
24 226
24 247
24 267
24 325
24 334
24 370
24 398
24 471
25 58
25 102
25 108
25 116
25 279
25 375
25 383
25 397
25 401
25 409
25 434
26 27
26 137
26 160
26 245
26 246
26 249
26 333
26 339
26 347
26 390
27 117
27 136
27 139
27 229
27 250
27 265
27 292
27 365
27 395
27 445
27 452
27 469
28 39
28 46
28 60
28 69
28 71
28 114
28 125
28 138
28 191
28 276
28 340
28 379
28 386
28 389
28 424
29 33
29 72
29 151
29 168
29 179
29 180
29 211
29 253
29 269
29 302
29 359
29 401
29 456
29 488
30 45
30 71
30 94
30 141
30 215
30 218
30 388
30 429
30 493
31 69
31 96
31 126
31 131
31 159
31 263
31 274
31 362
31 409
32 53
32 191
32 202
32 247
32 297
32 391
32 392
32 438
32 472
32 495
33 45
33 67
33 163
33 184
33 211
33 213
33 268
33 269
33 331
33 360
33 378
33 406
33 468
34 51
34 63
34 82
34 95
34 112
34 130
34 251
34 338
34 424
34 433
34 438
34 492
35 76
35 143
35 161
35 211
35 234
35 267
35 386
35 456
35 466
35 482
35 500
36 64
36 146
36 200
36 251
36 331
36 332
36 339
36 350
36 356
36 434
36 437
36 459
36 488
37 68
37 132
37 142
37 161
37 167
37 194
37 201
37 252
37 353
37 367
37 450
37 464
37 483
38 86
38 94
38 126
38 180
38 247
38 321
38 362
38 460
39 94
39 110
39 123
39 136
39 167
39 217
39 219
39 256
39 275
39 345
39 387
40 63
40 102
40 115
40 126
40 133
40 154
40 159
40 174
40 235
40 277
40 294
40 329
40 331
40 342
40 368
40 374
40 459
40 499
41 71
41 145
41 161
41 185
41 188
41 251
41 307
41 347
41 392
41 424
41 434
41 494
42 51
42 69
42 82
42 114
42 203
42 289
42 376
42 438
42 445
42 490
43 44
43 74
43 77
43 190
43 201
43 240
43 256
43 313
43 361
43 424
43 440
43 471
43 486
44 93
44 157
44 187
44 309
44 464
45 57
45 68
45 80
45 140
45 162
45 169
45 244
45 284
45 300
45 329
45 386
45 406
45 433
45 474
45 477
45 490
46 61
46 72
46 115
46 146
46 154
46 160
46 231
46 256
46 359
46 484
46 499
47 48
47 103
47 152
47 180
47 182
47 192
47 235
47 275
47 307
47 311
47 387
47 400
48 79
48 87
48 128
48 150
48 158
48 179
48 253
48 296
48 453
48 471
49 78
49 87
49 117
49 122
49 135
49 221
49 349
49 361
49 413
50 80
50 135
50 264
50 303
50 361
50 403
50 466
51 82
51 154
51 159
51 172
51 181
51 262
51 318
51 330
51 408
51 440
51 450
52 118
52 123
52 126
52 167
52 205
52 207
52 237
52 404
52 420
52 439
52 448
52 449
53 63
53 96
53 158
53 249
53 252
53 322
53 367
53 378
53 420
53 491
54 79
54 81
54 111
54 131
54 146
54 188
54 266
54 312
54 343
54 451
54 497
55 80
55 88
55 106
55 132
55 169
55 277
55 321
55 387
55 405
55 414
55 420
56 60
56 78
56 274
56 321
56 341
56 435
57 154
57 243
57 277
57 282
57 287
57 369
57 383
57 418
57 427
57 440
58 59
58 120
58 158
58 256
58 269
58 280
58 294
58 363
58 367
58 373
59 75
59 77
59 85
59 154
59 215
59 241
59 254
59 322
59 409
59 422
59 424
59 438
59 483
60 97
60 125
60 165
60 225
60 278
60 334
60 349
60 403
60 437
60 442
60 447
60 467
61 111
61 119
61 123
61 131
61 150
61 191
61 201
61 228
61 375
61 377
61 445
61 477
61 499
62 67
62 103
62 112
62 135
62 153
62 338
62 341
62 353
62 357
62 361
62 375
62 463
63 69
63 229
63 259
63 273
63 285
63 321
64 109
64 155
64 224
64 259
64 270
64 278
64 293
64 302
64 311
64 464
64 486
65 123
65 186
65 368
65 413
65 426
66 86
66 116
66 173
66 194
66 211
66 221
66 240
66 255
66 334
66 344
66 381
66 420
66 494
67 99
67 160
67 231
67 239
67 285
67 318
67 403
67 454
67 484
67 488
68 71
68 73
68 74
68 136
68 359
68 366
68 391
68 419
69 115
69 117
69 142
69 157
69 172
69 182
69 317
69 482
70 104
70 216
70 344
70 367
70 407
70 433
70 438
70 463
71 86
71 98
71 142
71 191
71 271
71 330
71 338
71 343
71 369
72 101
72 102
72 130
72 147
72 172
72 173
72 183
72 343
72 355
72 372
72 464
73 110
73 173
73 246
73 255
73 268
73 282
73 372
73 498
74 152
74 171
74 175
74 195
74 333
74 407
74 456
75 123
75 178
75 180
75 270
75 305
75 325
75 372
75 419
75 446
75 469
76 96
76 162
76 183
76 202
76 204
76 280
76 389
76 400
76 403
76 409
76 435
76 438
76 464
77 78
77 79
77 168
77 178
77 216
77 219
77 285
77 324
77 380
77 383
77 408
77 438
78 109
78 115
78 141
78 269
78 311
78 318
78 375
78 448
78 477
79 137
79 276
79 278
79 280
79 288
79 385
79 390
79 423
79 467
79 489
80 113
80 214
80 216
80 247
80 364
80 421
80 489
81 82
81 115
81 156
81 245
81 422
81 423
81 433
82 123
82 164
82 177
82 208
82 214
82 278
82 332
82 351
82 359
82 363
82 399
82 463
83 183
83 197
83 239
83 241
83 247
83 273
83 369
83 380
83 408
83 450
83 455
83 461
83 481
83 483
84 200
84 218
84 288
84 327
84 368
84 398
84 415
84 419
85 92
85 213
85 268
85 356
85 377
85 470
86 164
86 206
86 207
86 285
86 349
86 435
86 466
87 142
87 170
87 201
87 239
87 251
87 346
87 348
87 350
87 418
88 137
88 139
88 169
88 212
88 284
88 376
88 399
88 406
89 209
89 226
89 273
89 288
89 486
89 490
90 116
90 133
90 241
90 300
90 302
90 309
90 360
90 373
90 386
90 480
91 102
91 203
91 227
91 348
91 354
91 366
91 441
92 137
92 140
92 162
92 167
92 290
92 301
92 310
92 406
92 456
92 471
93 124
93 143
93 171
93 190
93 251
93 263
93 268
93 272
93 417
94 200
94 214
94 245
94 259
94 262
94 367
94 395
94 402
94 435
94 448
94 469
95 142
95 171
95 181
95 190
95 194
95 229
95 231
95 237
95 289
95 473
95 489
96 155
96 216
96 276
96 277
96 325
96 391
96 459
96 495
97 149
97 196
97 197
97 231
97 257
97 297
97 304
97 367
97 376
98 100
98 207
98 266
98 275
98 282
98 301
98 304
98 312
98 428
98 461
99 123
99 142
99 178
99 316
99 330
99 360
99 489
100 128
100 145
100 211
100 215
100 245
100 268
100 351
100 443
100 444
100 459
101 159
101 175
101 327
101 328
101 386
101 424
102 131
102 243
102 307
102 331
102 356
102 381
102 495
103 110
103 220
103 266
103 351
103 409
103 469
103 489
104 106
104 199
104 424
104 462
105 134
105 279
105 325
105 347
105 379
105 395
105 431
105 445
105 450
105 469
106 166
106 169
106 252
106 335
106 422
107 270
107 417
107 470
108 112
108 216
108 218
108 235
108 334
108 344
108 353
108 371
108 384
108 407
108 424
108 440
109 129
109 132
109 144
109 230
109 272
109 330
109 442
109 453
109 468
109 477
110 139
110 154
110 170
110 186
110 281
110 320
110 325
110 413
110 422
110 463
110 465
110 478
110 482
111 129
111 157
111 177
111 186
111 241
111 255
111 294
111 431
111 491
112 147
112 167
112 297
112 372
112 416
113 126
113 172
113 181
113 211
113 250
113 265
113 277
113 361
113 407
114 119
114 174
114 278
114 280
114 326
114 331
114 364
114 370
114 382
114 423
114 451
114 454
114 480
114 487
115 140
115 217
115 378
115 450
115 461
115 462
116 156
116 264
116 293
116 319
116 366
116 379
116 419
116 420
116 472
117 149
117 155
117 185
117 186
117 232
117 258
117 460
118 145
118 154
118 177
118 203
118 247
118 251
118 289
119 153
119 286
119 340
119 391
119 448
119 474
120 172
120 244
120 248
120 283
120 296
120 310
120 317
120 330
120 333
120 340
120 393
120 424
120 500
121 134
121 401
122 148
122 267
122 268
122 296
122 315
122 349
122 354
122 395
122 410
122 476
123 247
123 276
123 295
124 212
124 256
124 268
124 269
124 285
124 307
124 317
124 330
124 335
124 347
124 352
124 361
124 365
124 369
124 429
124 450
124 454
124 463
124 468
125 140
125 193
125 195
125 202
125 256
125 307
125 309
125 345
125 378
125 399
126 147
126 160
126 169
126 210
126 336
126 343
126 499
127 192
127 277
127 278
127 288
127 307
127 345
127 406
127 453
127 465
128 163
128 198
128 250
128 257
128 312
128 318
128 393
128 406
128 410
128 487
128 488
129 131
129 133
129 173
129 225
129 254
129 296
129 339
129 395
129 439
130 162
130 173
130 213
130 245
130 246
130 264
130 336
130 372
130 426
130 427
131 138
131 183
131 251
131 389
131 394
131 428
131 441
132 165
132 195
132 218
132 227
132 248
132 251
132 262
132 277
132 278
132 363
132 408
132 458
132 461
132 466
133 168
133 185
133 214
133 278
133 300
133 302
133 310
133 337
133 353
133 449
133 453
133 468
134 167
134 176
134 343
134 360
134 390
134 428
134 486
135 176
135 222
135 226
135 244
135 252
135 284
135 342
135 369
135 381
135 433
136 151
136 200
136 225
136 294
136 306
136 366
136 407
136 451
136 468
136 500
137 139
137 236
137 301
137 349
137 354
137 424
138 218
138 274
138 275
138 281
138 302
138 377
138 418
138 469
139 147
139 182
139 198
139 240
139 267
139 338
139 349
139 416
139 477
140 210
140 229
140 276
140 333
140 390
140 421
140 422
140 443
140 449
141 396
141 445
141 462
142 307
142 383
142 429
142 435
142 474
142 489
143 154
143 197
143 323
143 363
143 372
143 445
144 261
144 288
144 289
144 299
144 371
144 375
144 386
144 406
144 487
144 493
145 152
145 201
145 237
145 269
145 308
145 337
145 348
145 389
145 429
145 441
145 454
146 192
146 221
146 227
146 253
146 269
146 288
146 308
146 401
147 150
147 210
147 219
147 264
147 318
147 348
148 189
148 303
148 317
148 321
148 368
148 398
148 434
149 164
149 189
149 190
149 240
149 317
149 370
149 393
149 434
150 272
150 273
150 301
150 303
150 381
150 421
150 448
150 461
151 175
151 235
151 240
151 243
151 330
151 378
151 402
151 438
151 460
151 482
152 313
152 330
152 336
152 416
152 480
152 496
153 314
153 322
153 346
153 382
153 495
154 190
154 211
154 265
154 267
154 269
154 387
154 419
155 195
155 215
155 316
155 358
155 418
155 420
155 427
156 211
156 219
156 330
156 345
156 359
156 433
156 448
156 451
156 461
156 473
156 500
157 187
157 274
157 287
157 349
157 410
157 447
157 450
157 451
158 171
158 253
158 324
158 359
158 375
158 397
158 461
158 476
158 479
159 180
159 281
159 352
159 378
159 452
159 491
159 496
160 167
160 249
160 292
160 424
161 213
161 250
161 256
161 273
161 340
161 425
161 481
161 492
162 178
162 214
162 237
162 251
162 257
162 302
162 374
162 376
162 390
163 184
163 217
163 218
163 355
163 358
163 364
163 415
163 490
164 256
164 261
164 299
164 331
164 358
164 394
164 409
164 500
165 201
165 223
165 249
165 274
165 301
165 311
165 341
165 429
165 467
165 475
166 168
166 183
166 213
166 248
166 287
166 331
166 391
167 194
167 234
167 286
167 396
167 490
168 203
168 224
168 227
168 240
168 254
168 284
168 336
168 391
168 447
168 448
169 281
169 333
169 340
169 371
169 401
170 172
170 174
170 227
170 260
170 333
170 455
171 221
171 228
171 243
171 343
171 357
171 379
171 413
171 436
171 470
172 207
172 211
172 256
172 258
172 292
172 295
172 297
172 300
172 370
172 398
172 429
173 266
173 286
173 315
173 343
173 357
173 461
173 485
174 220
174 248
174 285
174 327
174 348
174 386
174 396
174 413
174 463
174 500
175 183
175 218
175 252
175 271
175 293
175 307
175 340
175 345
175 446
175 447
175 449
175 468
176 178
176 221
176 229
176 237
176 272
176 345
176 384
176 419
176 424
177 197
177 198
177 230
177 267
177 278
177 279
177 394
178 193
178 215
178 275
178 294
178 295
178 407
178 428
178 432
178 455
178 483
179 254
179 346
179 358
179 387
179 410
179 461
179 493
180 273
180 407
181 184
181 220
181 253
181 289
181 324
181 329
181 388
181 400
181 406
181 448
182 230
182 322
182 360
182 361
182 372
182 394
182 450
183 300
183 380
183 410
183 457
183 465
184 195
184 302
184 390
184 423
185 334
185 357
185 362
185 469
185 479
186 203
186 224
186 227
186 252
186 308
186 339
186 379
186 397
187 236
187 311
187 389
187 489
188 266
188 284
188 306
188 333
188 350
188 450
188 461
188 485
188 491
189 325
189 344
189 467
189 492
190 238
190 382
190 411
190 441
190 479
191 324
191 378
191 434
191 460
192 243
192 285
193 211
193 249
193 256
193 261
193 263
193 272
193 295
193 302
193 371
193 387
193 409
193 427
193 454
193 465
193 476
194 289
194 469
194 472
195 303
195 320
195 339
195 360
195 372
195 381
195 422
195 424
195 464
196 216
196 245
196 269
196 316
196 346
196 347
196 370
197 303
197 312
197 366
197 433
197 436
197 444
197 462
198 252
198 256
198 260
198 294
198 379
198 447
198 453
199 274
199 289
199 353
199 357
200 241
200 270
200 295
200 315
200 318
200 402
200 429
200 457
200 463
201 232
201 247
201 388
201 420
201 435
202 244
202 286
202 298
202 356
202 391
203 295
203 383
203 400
203 408
203 429
203 487
204 210
204 229
204 277
204 338
204 404
204 439
204 444
205 219
205 220
205 246
205 318
205 328
205 345
205 348
205 454
205 472
206 219
206 221
206 244
206 306
206 323
206 386
206 431
207 264
207 284
207 291
207 298
207 377
207 417
207 464
208 371
208 427
208 466
208 475
208 499
209 289
209 324
209 386
209 415
209 421
209 434
209 473
210 279
210 420
210 429
211 229
211 235
211 272
211 372
212 258
212 360
212 368
212 468
212 493
212 494
213 228
213 274
213 281
213 325
213 333
213 380
213 446
213 473
213 496
214 347
214 374
214 378
214 380
215 272
215 322
215 416
215 460
216 223
216 271
216 296
216 345
216 424
216 456
216 487
217 238
217 292
217 308
217 312
217 384
217 399
217 482
218 248
218 255
218 336
218 339
218 362
218 419
218 459
218 486
218 500
219 287
219 292
219 350
219 372
219 408
219 498
220 227
220 234
220 275
220 283
220 348
220 410
221 241
221 282
221 286
221 296
221 311
221 329
221 445
221 494
222 239
222 242
222 272
222 367
222 378
222 398
222 449
223 279
223 285
223 359
223 456
223 458
223 488
224 249
224 257
224 306
224 493
225 245
225 250
225 260
225 319
225 367
225 388
225 479
226 232
226 237
226 291
226 312
226 397
226 441
226 448
226 452
226 464
227 263
227 267
227 333
227 437
227 480
227 500
228 257
228 268
228 276
228 301
228 311
228 349
228 356
228 366
228 368
228 396
228 419
228 488
229 263
229 312
229 466
230 232
230 238
230 245
230 264
230 372
230 395
230 440
230 482
231 292
231 305
231 316
231 347
231 350
231 390
231 427
231 433
232 256
232 361
232 373
232 447
232 483
233 237
233 308
233 374
233 405
233 438
233 459
234 290
234 388
234 488
235 241
235 300
235 306
235 317
235 356
235 397
235 404
235 409
235 456
235 480
236 286
236 308
236 322
236 365
236 433
236 479
237 300
237 374
237 432
238 262
238 280
238 350
238 363
238 392
238 433
238 436
238 439
238 445
238 449
238 473
238 481
239 268
239 280
239 305
239 377
239 380
239 396
239 475
240 241
240 262
240 279
240 415
240 452
240 495
241 276
241 382
241 387
241 407
242 266
242 301
242 372
242 473
242 483
243 292
243 316
243 320
243 340
243 401
243 439
243 448
243 455
243 465
244 290
244 305
244 330
244 459
245 304
245 314
245 361
245 375
245 428
246 247
246 254
246 299
246 302
246 389
247 285
247 399
247 412
247 482
248 255
248 292
248 326
248 350
248 355
249 291
249 414
249 422
249 433
249 463
250 257
250 353
250 376
250 390
250 402
250 487
250 491
251 268
251 293
251 490
252 270
252 273
252 276
252 296
252 326
253 320
253 424
253 444
253 452
253 458
253 488
254 282
254 287
254 308
254 312
254 356
255 274
255 304
255 410
255 439
256 366
256 440
257 267
257 273
257 351
257 352
257 368
257 481
258 325
258 350
258 380
258 382
258 389
258 414
258 451
259 347
259 399
259 412
259 420
259 464
260 262
260 273
260 313
260 343
260 355
261 314
261 331
261 391
261 392
261 459
262 268
262 292
262 294
262 312
262 317
262 393
262 444
262 459
262 467
262 487
262 499
263 267
263 276
263 287
263 330
263 417
264 273
264 346
264 403
264 409
264 479
264 483
264 494
265 368
265 388
265 391
265 394
265 405
266 344
266 350
266 419
266 496
267 328
267 332
267 367
267 437
267 440
267 496
268 270
268 319
268 323
268 408
268 415
268 456
269 304
269 338
269 431
269 473
269 480
270 274
270 279
270 285
270 343
270 400
270 401
270 431
270 498
271 273
271 307
271 373
271 384
271 431
271 451
271 460
272 301
272 302
272 338
272 339
272 360
272 403
272 483
272 485
273 342
273 445
273 474
273 485
273 488
274 306
275 365
275 422
275 463
276 280
276 362
277 352
277 372
277 416
277 419
277 461
278 305
278 394
278 442
279 302
279 330
279 360
279 366
279 389
280 290
280 317
280 332
280 341
280 342
280 351
280 419
280 443
280 454
280 493
281 424
281 474
282 341
282 451
283 489
283 496
284 470
284 483
285 316
285 317
285 355
286 319
286 369
286 485
287 294
287 403
287 453
287 472
288 309
288 408
289 314
289 339
289 391
289 407
289 452
289 491
290 321
290 355
290 379
290 418
290 453
290 454
290 500
291 381
291 411
291 458
292 484
293 303
293 314
293 383
293 420
294 309
294 331
294 405
295 313
295 326
295 335
295 364
295 395
295 439
295 440
295 473
297 359
297 384
297 404
298 325
298 330
298 429
298 452
299 362
299 409
300 376
300 410
301 475
301 484
301 490
301 499
302 373
302 385
302 442
303 320
303 491
304 318
304 353
304 390
304 403
304 466
304 469
304 477
304 494
305 307
305 368
305 426
305 447
305 497
306 383
306 407
306 416
306 455
307 310
307 404
307 439
307 485
307 499
308 329
308 371
308 430
308 441
308 490
309 428
309 440
309 441
310 335
310 373
310 401
310 440
310 466
311 316
311 369
311 414
312 332
313 333
313 387
313 477
314 429
314 444
314 482
315 361
315 373
315 379
315 455
316 402
316 430
316 461
316 468
316 487
317 321
317 375
317 379
317 419
317 422
317 435
317 439
318 340
318 367
318 384
318 388
318 392
318 410
318 441
318 442
318 487
318 500
319 330
319 364
319 369
319 415
319 416
319 422
319 474
319 485
320 389
320 438
320 456
321 391
322 396
323 344
323 378
323 417
323 423
323 437
324 325
324 340
324 428
324 434
325 360
325 421
325 433
325 460
325 487
326 361
326 371
326 400
326 412
326 456
327 476
327 494
328 362
328 386
328 411
328 471
329 348
329 359
330 380
330 485
330 490
331 377
331 395
331 432
331 499
332 374
332 380
332 459
333 432
333 498
334 357
334 400
334 404
335 354
336 470
336 487
337 395
337 407
337 432
337 487
338 404
338 433
338 470
338 494
339 353
339 423
340 445
341 347
341 394
341 403
341 412
342 357
342 377
342 469
343 347
343 368
344 348
344 478
345 370
345 393
345 479
345 499
346 423
346 445
346 493
347 400
347 434
348 485
349 376
349 461
350 356
350 383
350 425
350 442
350 479
351 360
351 438
351 474
351 489
351 495
352 399
352 496
353 453
353 469
354 372
354 404
354 413
354 437
356 359
356 443
356 458
356 470
356 478
358 424
359 422
359 436
359 459
360 382
360 406
360 433
360 442
360 499
361 411
361 446
362 412
362 438
363 459
363 460
363 486
364 390
364 457
364 462
365 373
365 414
366 387
366 412
366 452
367 422
368 371
368 385
368 479
369 406
369 479
369 492
370 415
371 391
371 419
371 428
371 455
371 462
372 424
374 460
374 472
374 477
375 386
375 408
376 429
376 441
376 486
377 428
377 438
377 477
377 486
378 390
378 437
378 480
378 495
379 439
379 453
379 493
380 395
380 484
380 491
381 399
381 427
381 442
382 388
382 483
383 453
384 387
384 414
384 487
384 498
385 403
385 447
386 420
386 430
387 410
387 443
388 402
388 480
388 489
389 441
389 465
390 440
390 449
390 490
391 458
391 495
392 410
392 418
392 468
392 486
393 493
394 440
394 463
394 499
395 417
395 421
395 426
395 435
395 449
395 468
396 441
396 452
396 496
397 450
397 459
398 454
400 401
400 409
401 415
401 442
401 462
401 475
401 477
401 483
401 495
402 484
402 499
403 487
404 431
405 407
405 489
405 495
405 497
406 442
406 470
407 441
408 417
408 447
408 451
408 459
409 414
409 474
410 437
410 463
410 493
411 476
412 429
413 455
413 460
414 432
414 488
415 434
415 445
415 483
416 454
417 446
417 448
418 483
419 461
419 488
420 445
420 493
422 425
422 427
424 437
424 484
425 438
425 485
427 457
427 466
427 472
427 500
428 429
429 452
429 456
430 448
430 488
431 469
431 479
432 471
432 473
433 462
433 467
434 469
436 467
436 473
436 489
436 491
437 440
437 461
437 496
438 471
439 443
439 466
439 487
440 455
440 488
440 490
442 452
443 458
443 498
444 478
447 497
448 496
449 483
450 452
450 461
451 453
453 462
453 465
453 487
454 462
455 473
456 469
458 466
460 494
460 496
461 479
462 467
464 475
464 495
465 486
465 500
466 478
467 481
468 490
469 478
469 493
471 496
479 485
481 492
482 491
486 499
487 493
487 500
492 496
493 495
