500 3901
1 3
1 36
1 80
1 101
1 113
1 127
1 134
1 187
1 208
1 238
1 325
1 361
1 368
1 376
1 435
1 449
1 466
1 477
1 493
2 13
2 68
2 84
2 171
2 203
2 206
2 215
2 240
2 261
2 279
2 311
2 345
2 355
2 362
2 414
2 460
2 486
3 60
3 94
3 131
3 185
3 221
3 224
3 246
3 316
3 357
3 390
3 409
3 413
3 416
3 434
3 437
3 442
3 446
3 453
3 456
3 475
3 489
3 496
4 63
4 78
4 92
4 128
4 129
4 158
4 184
4 190
4 191
4 229
4 250
4 258
4 326
4 329
4 416
4 422
4 465
4 475
4 476
4 477
4 479
4 484
4 485
5 10
5 22
5 37
5 80
5 119
5 141
5 157
5 171
5 217
5 242
5 248
5 257
5 271
5 350
5 387
5 498
6 89
6 91
6 103
6 169
6 173
6 223
6 347
6 358
6 463
6 467
7 24
7 37
7 68
7 83
7 91
7 126
7 211
7 231
7 248
7 256
7 265
7 307
7 342
7 345
7 351
7 390
7 399
7 442
8 59
8 70
8 107
8 115
8 119
8 156
8 209
8 220
8 240
8 306
8 326
8 368
8 386
8 395
8 448
8 473
8 484
9 23
9 97
9 100
9 101
9 104
9 128
9 136
9 147
9 185
9 195
9 204
9 246
9 276
9 305
9 331
9 341
9 368
9 398
9 413
9 443
9 467
10 69
10 71
10 122
10 126
10 133
10 184
10 421
10 433
10 439
10 454
10 477
11 23
11 38
11 41
11 102
11 128
11 182
11 241
11 263
11 274
11 287
11 321
11 388
11 429
11 448
11 458
11 464
12 23
12 151
12 169
12 173
12 183
12 211
12 221
12 224
12 263
12 291
12 327
12 331
12 393
12 456
12 489
12 491
13 30
13 43
13 60
13 123
13 149
13 184
13 204
13 215
13 241
13 292
13 293
13 334
13 487
13 495
14 68
14 109
14 128
14 142
14 169
14 198
14 212
14 214
14 229
14 247
14 259
14 296
14 313
14 347
14 409
15 50
15 67
15 71
15 97
15 130
15 200
15 225
15 298
15 310
15 370
15 388
15 464
15 474
15 480
16 87
16 96
16 103
16 124
16 153
16 194
16 205
16 207
16 215
16 222
16 252
16 256
16 277
16 288
16 307
16 317
16 338
16 340
16 351
16 403
16 432
16 461
17 89
17 114
17 183
17 185
17 226
17 237
17 259
17 267
17 269
17 301
17 361
17 365
17 379
17 412
17 434
17 443
17 453
17 484
18 105
18 115
18 193
18 209
18 250
18 263
18 278
18 413
19 66
19 73
19 84
19 123
19 148
19 195
19 205
19 254
19 259
19 278
19 328
19 373
19 414
19 480
20 64
20 143
20 164
20 213
20 242
20 349
20 400
20 427
20 431
20 439
21 33
21 48
21 61
21 64
21 70
21 73
21 76
21 117
21 155
21 156
21 161
21 187
21 244
21 278
21 329
21 387
21 391
21 445
22 68
22 74
22 80
22 96
22 127
22 136
22 143
22 146
22 175
22 259
22 298
22 300
22 336
22 338
22 365
22 368
22 433
22 435
22 459
22 471
23 41
23 42
23 44
23 45
23 74
23 90
23 91
23 187
23 247
23 328
23 349
23 357
23 365
23 439
23 460
24 54
24 123
24 138
24 154
24 204
24 214
24 234
24 294
24 298
24 306
24 375
24 404
24 440
24 473
24 481
25 29
25 70
25 76
25 87
25 131
25 195
25 223
25 333
25 334
25 345
25 376
25 413
25 415
25 416
25 429
25 445
25 447
26 45
26 84
26 113
26 135
26 137
26 139
26 141
26 274
26 320
26 325
26 328
26 347
26 441
26 469
27 69
27 71
27 75
27 101
27 137
27 175
27 208
27 234
27 248
27 267
27 371
27 391
27 416
27 418
27 441
27 451
27 493
28 43
28 73
28 100
28 143
28 151
28 171
28 180
28 194
28 277
28 287
28 325
28 341
28 346
28 389
28 391
28 414
28 427
28 442
28 478
29 62
29 71
29 77
29 146
29 166
29 294
29 301
29 326
29 362
29 376
30 73
30 76
30 113
30 129
30 189
30 197
30 218
30 255
30 284
30 292
30 314
30 316
30 335
30 379
30 398
30 408
30 412
30 434
30 446
30 457
30 483
30 491
30 499
30 500
31 67
31 72
31 140
31 178
31 307
31 331
31 344
31 393
31 397
31 398
31 492
32 54
32 94
32 262
32 287
32 330
32 337
32 358
32 392
32 395
32 396
32 438
32 440
32 448
32 459
32 473
32 490
32 498
33 69
33 76
33 77
33 163
33 186
33 225
33 259
33 327
33 394
33 398
33 489
34 50
34 86
34 87
34 90
34 93
34 102
34 117
34 190
34 202
34 221
34 237
34 278
34 309
34 316
34 415
34 459
34 486
35 40
35 42
35 103
35 110
35 120
35 241
35 330
35 414
35 444
35 450
35 462
36 42
36 84
36 106
36 347
36 396
36 448
36 479
37 44
37 67
37 77
37 124
37 155
37 167
37 172
37 214
37 237
37 288
37 308
37 310
37 398
37 402
37 429
37 433
37 479
38 50
38 84
38 106
38 121
38 132
38 230
38 316
38 332
38 337
38 344
38 424
39 41
39 169
39 226
39 250
39 257
39 289
39 307
39 314
39 316
39 325
39 339
39 360
39 372
39 418
39 430
39 438
39 469
40 56
40 76
40 115
40 193
40 198
40 281
40 291
40 325
40 360
40 388
40 392
40 414
40 456
40 477
41 46
41 49
41 110
41 130
41 132
41 288
41 303
41 309
41 360
41 419
41 473
41 479
41 481
41 482
41 486
41 488
42 63
42 71
42 101
42 103
42 105
42 167
42 173
42 180
42 185
42 189
42 237
42 249
42 278
42 280
42 386
42 461
42 479
43 48
43 65
43 106
43 128
43 138
43 141
43 142
43 152
43 173
43 175
43 195
43 231
43 233
43 238
43 277
43 319
43 333
43 338
43 407
43 425
43 461
43 463
43 470
43 486
44 81
44 118
44 121
44 142
44 146
44 147
44 254
44 299
44 352
44 362
44 423
44 455
44 474
44 487
44 498
45 51
45 64
45 101
45 132
45 134
45 164
45 232
45 298
45 299
45 327
45 333
45 377
45 382
45 385
45 408
45 486
46 80
46 112
46 202
46 225
46 238
46 345
46 407
46 496
47 85
47 106
47 115
47 121
47 135
47 185
47 220
47 231
47 348
47 359
47 425
47 426
48 62
48 106
48 108
48 184
48 192
48 245
48 249
48 267
48 353
48 354
48 408
48 425
48 438
48 462
48 465
48 474
48 494
49 62
49 71
49 147
49 188
49 205
49 245
49 249
49 299
49 407
49 423
49 432
49 434
49 462
50 73
50 93
50 135
50 176
50 228
50 235
50 241
50 273
50 277
50 334
50 336
50 337
50 338
50 407
50 440
50 443
50 479
51 56
51 69
51 96
51 111
51 121
51 140
51 241
51 246
51 302
51 341
51 373
51 411
51 431
51 454
51 455
52 56
52 92
52 117
52 141
52 171
52 192
52 263
52 352
53 80
53 86
53 164
53 327
53 348
53 364
53 375
53 380
53 397
53 402
54 63
54 137
54 139
54 226
54 227
54 255
54 257
54 401
54 411
54 443
54 470
55 60
55 67
55 89
55 112
55 124
55 161
55 217
55 230
55 383
55 415
55 474
55 477
55 478
56 97
56 108
56 110
56 112
56 124
56 319
56 322
56 344
56 376
56 387
56 413
56 425
56 426
56 438
56 460
56 493
57 63
57 77
57 87
57 109
57 132
57 209
57 277
57 286
57 306
57 312
57 336
57 343
57 371
57 392
58 86
58 107
58 112
58 157
58 163
58 198
58 244
58 257
58 321
58 327
58 328
58 358
58 361
58 406
59 79
59 139
59 142
59 147
59 159
59 172
59 194
59 212
59 247
59 369
59 384
59 431
59 454
59 459
59 471
60 249
60 281
60 353
60 355
60 379
60 412
60 419
60 451
60 453
60 473
60 480
61 114
61 147
61 167
61 225
61 236
61 259
61 264
61 276
61 305
61 326
61 330
61 374
61 399
61 448
61 473
62 122
62 134
62 135
62 144
62 195
62 222
62 228
62 316
62 338
62 364
62 379
62 428
62 475
62 494
63 88
63 94
63 104
63 133
63 147
63 186
63 218
63 267
63 283
63 293
63 435
63 437
63 445
63 447
63 453
63 471
64 140
64 161
64 169
64 173
64 185
64 194
64 205
64 233
64 237
64 278
64 280
64 301
64 304
64 316
64 372
64 453
64 473
65 102
65 239
65 263
65 299
65 343
65 356
65 368
65 376
65 423
65 445
66 78
66 109
66 123
66 130
66 139
66 144
66 155
66 170
66 182
66 286
66 325
66 339
66 356
66 359
66 397
66 420
66 440
66 487
66 489
67 102
67 104
67 121
67 150
67 159
67 176
67 207
67 219
67 228
67 267
67 307
67 316
67 321
67 322
67 431
67 451
67 459
67 474
67 497
68 131
68 175
68 218
68 220
68 245
68 284
68 295
68 300
68 315
68 316
68 411
68 427
68 430
68 432
68 438
68 481
69 83
69 96
69 115
69 126
69 171
69 175
69 233
69 338
69 349
69 351
69 380
69 418
69 436
69 452
69 453
69 455
69 470
70 74
70 98
70 157
70 178
70 201
70 322
70 335
70 366
70 401
70 437
71 77
71 114
71 246
71 248
71 257
71 294
71 304
71 454
71 470
71 473
71 498
71 499
72 118
72 124
72 131
72 134
72 146
72 221
72 278
72 282
72 292
72 306
72 449
72 466
72 473
72 485
73 124
73 142
73 203
73 241
73 295
73 312
73 336
73 363
73 381
73 431
73 496
74 95
74 112
74 176
74 207
74 317
74 344
74 388
74 456
74 468
75 95
75 118
75 120
75 223
75 286
75 294
75 395
75 409
75 446
75 451
75 465
75 496
76 133
76 139
76 153
76 170
76 176
76 193
76 234
76 277
76 280
76 306
76 309
76 328
76 331
76 341
76 375
76 491
76 495
77 79
77 90
77 98
77 147
77 179
77 202
77 205
77 234
77 255
77 259
77 283
77 297
77 329
77 334
77 340
77 373
77 417
77 429
77 478
77 479
78 121
78 246
78 266
78 286
78 327
78 348
78 414
78 432
78 437
78 453
78 484
78 496
79 85
79 90
79 117
79 158
79 175
79 183
79 207
79 311
79 320
79 360
79 386
79 403
79 406
79 427
79 472
79 489
80 85
80 106
80 119
80 182
80 210
80 246
80 294
80 299
80 306
80 338
80 343
80 392
80 433
80 478
81 129
81 135
81 163
81 286
81 292
81 373
81 374
81 377
81 383
81 416
81 440
81 499
82 125
82 148
82 151
82 154
82 157
82 187
82 261
82 303
82 319
82 355
82 443
82 469
83 84
83 88
83 132
83 238
83 363
83 411
83 447
83 481
84 164
84 191
84 220
84 226
84 269
84 275
84 352
84 400
84 428
84 470
84 482
84 485
85 126
85 154
85 205
85 225
85 240
85 247
85 253
85 271
85 335
85 359
85 366
85 386
85 442
85 446
85 481
85 493
86 101
86 125
86 139
86 140
86 154
86 165
86 255
86 284
86 306
86 341
86 387
86 486
87 116
87 123
87 265
87 294
87 305
87 310
87 313
87 339
87 344
87 451
88 154
88 203
88 210
88 311
88 327
88 344
88 355
88 380
88 484
88 495
89 99
89 104
89 121
89 146
89 158
89 160
89 187
89 226
89 287
89 299
89 382
89 409
89 427
89 451
89 470
89 491
90 164
90 171
90 282
90 285
90 288
90 305
90 307
90 334
90 343
90 349
90 354
90 365
90 374
90 378
90 399
90 417
91 94
91 104
91 126
91 135
91 274
91 282
91 316
91 369
91 405
91 411
91 423
91 458
91 460
91 474
92 95
92 109
92 143
92 154
92 177
92 224
92 241
92 292
92 297
92 303
92 335
92 341
92 449
92 458
92 461
92 483
92 485
92 500
93 99
93 183
93 203
93 205
93 222
93 264
93 266
93 270
93 289
93 336
93 340
93 415
93 422
93 471
94 98
94 145
94 154
94 185
94 213
94 214
94 238
94 293
94 301
94 302
94 324
94 339
94 347
94 435
95 113
95 114
95 116
95 129
95 143
95 179
95 186
95 196
95 225
95 229
95 254
95 271
95 389
95 404
95 415
95 433
95 481
95 497
96 107
96 139
96 160
96 170
96 175
96 183
96 222
96 224
96 262
96 280
96 362
96 400
96 421
96 479
96 489
97 134
97 208
97 276
97 312
97 339
97 345
97 360
97 402
97 411
97 467
97 476
97 478
97 496
98 154
98 188
98 312
98 346
98 364
98 368
98 425
99 110
99 113
99 117
99 143
99 146
99 338
99 426
99 462
100 110
100 122
100 202
100 212
100 214
100 235
100 299
100 301
100 323
100 358
100 418
100 433
100 464
100 486
101 113
101 166
101 181
101 185
101 248
101 294
101 306
101 350
101 394
101 399
101 449
101 471
102 161
102 179
102 228
102 264
102 327
102 338
102 379
102 421
103 104
103 143
103 410
103 424
103 439
103 481
104 151
104 257
104 297
104 357
104 374
104 400
104 421
104 437
104 464
104 477
105 120
105 130
105 176
105 177
105 196
105 221
105 236
105 246
105 286
105 314
105 320
105 384
105 401
105 457
105 479
105 492
106 164
106 195
106 239
106 285
106 291
106 295
106 377
106 406
106 458
106 470
106 472
106 476
106 478
106 484
106 485
107 217
107 220
107 229
107 299
107 305
107 365
107 389
107 411
107 414
107 488
108 116
108 118
108 122
108 123
108 177
108 190
108 223
108 241
108 247
108 265
108 407
108 436
108 441
108 498
109 116
109 177
109 240
109 256
109 277
109 297
109 344
109 392
109 402
109 408
109 452
110 112
110 139
110 148
110 197
110 296
110 302
110 320
110 322
110 364
110 373
110 382
110 464
111 196
111 208
111 212
111 275
111 334
111 342
111 359
111 442
111 460
111 466
111 494
112 119
112 194
112 230
112 237
112 242
112 263
112 273
112 299
112 324
112 326
112 328
112 329
112 340
112 360
112 399
112 458
113 167
113 212
113 225
113 258
113 279
113 282
113 323
113 384
113 423
113 442
113 463
114 142
114 167
114 170
114 181
114 182
114 217
114 220
114 291
114 296
114 335
114 423
114 468
115 202
115 290
115 293
115 334
115 406
115 454
115 468
115 495
116 170
116 194
116 239
116 247
116 269
116 328
116 346
116 356
116 365
116 368
116 463
117 151
117 168
117 174
117 191
117 199
117 211
117 261
117 281
117 290
117 322
117 432
117 437
117 438
117 456
117 485
117 499
118 132
118 146
118 175
118 183
118 214
118 230
118 447
118 475
119 272
119 337
119 408
119 413
119 441
119 470
119 487
120 131
120 204
120 206
120 207
120 214
120 247
120 271
120 275
120 279
120 281
120 301
120 358
120 418
120 477
121 188
121 193
121 241
121 245
121 257
121 267
121 284
121 292
121 356
121 362
121 412
121 460
121 468
122 139
122 239
122 329
122 366
122 368
122 382
122 406
122 433
122 446
122 466
122 480
122 485
123 144
123 153
123 157
123 190
123 273
123 310
123 322
123 342
123 359
123 394
123 421
123 459
123 499
124 131
124 133
124 154
124 292
124 347
124 365
124 371
124 402
125 148
125 182
125 201
125 251
125 258
125 264
125 285
125 292
125 323
125 341
125 372
125 380
125 391
125 392
125 443
126 128
126 148
126 198
126 347
126 361
126 386
126 424
127 129
127 169
127 189
127 190
127 205
127 218
127 235
127 273
127 279
127 283
127 400
127 456
127 463
127 472
128 130
128 158
128 162
128 213
128 268
128 270
128 274
128 340
128 351
128 359
128 406
128 414
128 458
128 480
129 189
129 300
129 337
129 383
129 436
129 440
129 455
129 497
130 304
130 311
130 323
130 334
130 336
130 464
131 138
131 173
131 182
131 193
131 241
131 244
131 341
131 370
131 401
131 481
131 495
131 499
132 142
132 144
132 170
132 178
132 188
132 202
132 216
132 220
132 232
132 263
132 286
132 298
132 365
132 437
132 453
132 493
133 144
133 179
133 199
133 237
133 242
133 265
133 286
133 356
133 397
133 434
133 456
133 497
134 144
134 152
134 202
134 205
134 233
134 242
134 259
134 274
134 303
134 335
134 375
134 378
134 389
134 421
134 468
134 470
135 185
135 214
135 231
135 238
135 261
135 370
135 426
135 455
135 459
135 493
136 163
136 174
136 229
136 276
136 278
136 290
136 298
136 317
136 361
136 362
136 431
136 441
136 447
136 483
137 174
137 197
137 284
137 339
137 383
137 434
137 451
137 475
137 481
137 483
137 500
138 213
138 219
138 221
138 308
138 357
138 370
138 397
138 413
138 428
138 457
138 485
139 144
139 167
139 182
139 183
139 184
139 346
139 380
139 428
139 431
139 473
139 487
140 195
140 217
140 334
140 351
140 357
140 367
140 389
140 398
140 401
140 438
141 184
141 224
141 310
141 316
141 404
141 405
141 415
141 459
141 473
142 225
142 234
142 262
142 304
142 322
142 356
142 405
142 416
142 466
143 157
143 194
143 202
143 221
143 241
143 254
143 374
143 382
143 383
143 417
143 445
143 458
144 204
144 207
144 212
144 216
144 277
144 287
144 289
144 314
144 432
145 185
145 198
145 216
145 335
145 358
145 407
145 419
145 473
146 155
146 197
146 281
146 324
146 363
146 379
146 446
147 162
147 236
147 237
147 240
147 252
147 262
147 358
147 397
147 410
147 483
147 488
148 150
148 161
148 166
148 191
148 202
148 232
148 261
148 301
148 356
148 409
148 417
148 436
148 460
149 199
149 210
149 303
149 330
149 345
149 356
149 373
149 414
149 418
149 431
149 439
149 453
149 464
149 490
150 159
150 184
150 199
150 218
150 297
150 309
150 343
150 363
150 389
150 401
150 476
150 483
151 165
151 176
151 257
151 296
151 306
151 413
151 418
152 162
152 163
152 197
152 208
152 238
152 307
152 363
152 376
152 428
152 438
152 457
152 461
152 468
153 158
153 179
153 244
153 277
153 311
153 317
153 327
153 329
153 409
153 464
153 492
154 178
154 220
154 249
154 345
154 375
154 424
154 470
154 479
154 497
155 175
155 176
155 222
155 249
155 254
155 261
155 313
155 353
155 456
155 472
155 484
156 181
156 226
156 302
156 366
156 491
157 203
157 236
157 271
157 277
157 306
157 451
158 257
158 268
158 278
158 291
158 323
158 351
158 366
158 412
158 455
158 481
159 162
159 169
159 301
159 313
159 316
159 394
159 435
159 497
160 183
160 195
160 203
160 344
160 380
160 424
160 453
160 459
160 463
160 470
160 476
161 211
161 221
161 222
161 270
161 276
161 355
161 397
161 405
161 419
161 420
161 421
161 445
161 466
161 491
161 500
162 167
162 184
162 227
162 229
162 337
162 358
162 376
162 414
162 447
162 498
162 500
163 191
163 194
163 208
163 298
163 372
163 379
163 388
163 457
163 469
163 488
164 180
164 263
164 277
164 287
164 316
164 333
164 363
164 427
164 439
164 442
164 444
164 467
164 482
164 483
165 174
165 244
165 268
165 279
165 285
165 300
165 332
165 387
165 398
165 436
165 475
165 482
166 211
166 249
166 300
166 337
166 362
166 373
166 378
166 387
166 411
166 450
166 464
166 495
167 175
167 218
167 226
167 323
167 391
167 446
167 473
167 478
167 480
167 491
168 170
168 287
168 291
168 367
168 369
168 404
168 430
169 227
169 255
169 276
169 280
169 350
169 427
170 179
170 220
170 254
170 310
170 319
170 332
170 359
170 391
170 402
171 178
171 241
171 257
171 274
171 304
171 306
171 319
171 325
171 483
172 178
172 202
172 213
172 241
172 243
172 257
172 294
172 300
172 372
172 411
172 416
172 421
172 438
172 442
172 457
172 500
173 180
173 202
173 242
173 244
173 272
173 348
173 349
173 355
173 453
173 489
174 210
174 249
174 325
174 326
174 333
174 368
174 468
174 487
174 489
175 190
175 195
175 201
175 260
175 290
175 499
176 180
176 213
176 224
176 230
176 295
176 318
176 369
176 395
176 464
177 225
177 245
177 266
177 284
177 286
177 290
177 296
177 317
177 334
177 381
177 442
177 489
178 230
178 249
178 250
178 255
178 271
178 281
178 282
178 358
178 457
178 460
179 197
179 234
179 243
179 276
179 339
179 344
179 351
179 395
179 408
179 424
179 469
179 474
180 183
180 184
180 283
180 319
180 348
180 363
180 376
180 414
180 418
181 271
181 292
181 299
181 307
181 310
181 315
181 330
181 336
181 351
181 384
181 409
181 442
181 452
181 464
181 477
182 190
182 196
182 222
182 223
182 294
182 331
182 361
182 375
182 422
182 436
182 447
182 463
182 479
182 481
183 187
183 210
183 212
183 261
183 298
183 304
183 310
183 323
183 339
183 354
183 398
183 457
184 228
184 307
184 358
184 371
184 388
185 209
185 250
185 266
185 360
185 362
185 367
185 385
185 386
185 391
185 451
185 498
186 244
186 285
186 322
186 367
186 371
186 377
186 403
186 408
186 409
186 484
187 207
187 216
187 236
187 291
187 356
187 403
187 416
187 421
187 436
187 459
187 481
187 492
188 238
188 283
188 287
188 387
188 396
188 400
188 420
188 491
188 492
189 195
189 248
189 291
189 312
189 348
189 426
189 487
189 500
190 214
190 228
190 259
190 268
190 355
190 380
190 414
190 426
190 434
190 484
191 205
191 227
191 348
191 367
191 370
191 377
191 380
191 391
191 407
191 462
192 247
192 279
192 345
192 368
192 385
192 400
192 413
192 443
192 477
193 212
193 257
193 319
193 321
193 340
193 399
193 448
193 455
193 461
193 492
194 203
194 219
194 223
194 253
194 273
194 286
194 292
194 315
194 332
194 366
194 443
194 447
194 473
194 475
195 216
195 244
195 254
195 272
195 288
195 324
195 354
195 396
195 399
195 434
196 202
196 223
196 285
196 362
196 424
196 438
196 487
197 202
197 284
197 378
197 406
197 448
198 219
198 229
198 334
198 377
198 419
198 426
198 472
199 201
199 270
199 285
199 290
199 291
199 325
199 380
199 456
199 461
199 469
200 262
200 392
200 449
200 496
201 230
201 238
201 296
201 297
201 414
201 474
201 495
202 211
202 214
202 228
202 229
202 255
202 264
202 290
202 302
202 360
202 474
203 256
203 303
203 326
203 337
203 377
203 455
203 482
203 492
204 366
204 429
204 444
204 464
204 475
204 489
205 247
205 252
205 274
205 292
205 311
205 337
205 348
205 391
205 396
206 249
206 272
206 300
206 330
206 379
206 413
206 423
206 464
206 471
206 488
206 493
207 220
207 222
207 258
207 269
207 271
207 289
207 329
207 362
207 406
207 422
207 458
207 486
207 500
208 214
208 281
208 287
208 353
208 362
208 398
208 417
208 432
208 460
208 464
209 212
209 267
209 301
209 335
209 358
209 366
209 467
210 236
210 240
210 267
210 317
210 319
210 340
210 343
210 422
210 430
210 435
210 448
210 460
210 491
211 250
211 252
211 320
211 343
211 379
211 415
211 430
211 499
211 500
212 213
212 245
212 268
212 269
212 305
212 317
212 341
212 368
212 392
212 460
212 491
213 243
213 333
213 388
213 410
213 459
213 500
214 217
214 221
214 228
214 245
214 250
214 253
214 273
214 299
214 418
214 423
214 441
215 238
215 245
215 250
215 252
215 276
215 300
215 305
215 320
215 324
215 376
215 377
215 418
215 435
215 449
215 457
215 473
215 488
216 289
216 298
216 333
216 335
216 375
216 386
216 390
216 399
216 479
217 238
217 262
218 242
218 261
218 308
218 344
218 360
218 375
218 398
218 412
218 425
218 462
219 248
219 261
219 308
219 360
219 395
219 425
219 471
219 484
220 253
220 328
220 343
220 373
220 439
220 446
221 252
221 255
221 285
221 331
221 378
221 422
221 452
222 234
222 286
222 330
222 420
222 428
222 444
222 490
223 242
223 404
223 469
223 491
223 499
224 226
224 248
224 286
224 335
224 411
224 438
224 451
224 478
224 487
225 239
225 263
225 265
225 267
225 312
225 365
225 415
225 420
225 428
225 452
226 227
226 235
226 277
226 412
226 456
226 475
226 489
227 280
227 364
227 408
227 429
227 441
227 456
227 467
228 237
228 293
228 316
228 333
228 399
228 427
228 489
229 289
229 365
229 397
229 450
230 256
230 258
230 267
230 350
230 367
230 388
230 410
230 425
231 415
231 430
231 440
231 449
231 468
231 481
232 297
232 387
232 397
232 402
232 417
232 423
232 433
233 244
233 264
233 286
233 374
233 376
233 431
233 437
233 453
233 474
234 270
234 280
234 281
234 315
234 331
234 337
234 342
234 381
234 500
235 266
235 274
235 283
235 291
235 306
235 311
235 326
235 461
235 478
235 499
236 238
236 252
236 260
236 294
236 324
236 354
236 359
236 370
236 376
236 407
236 462
236 487
236 489
237 246
237 303
237 311
237 449
237 471
237 480
238 245
238 258
238 272
238 284
238 301
238 308
238 376
238 379
238 433
238 483
239 263
239 314
239 355
239 380
239 397
239 404
239 423
239 458
239 465
239 466
240 312
240 341
240 371
240 464
240 473
240 476
241 258
241 260
241 273
241 425
241 479
241 482
241 499
242 252
242 277
242 283
242 326
242 413
242 498
243 285
243 295
243 393
243 402
244 298
244 362
244 365
244 384
244 393
244 406
245 250
245 292
245 351
245 354
245 363
245 376
245 450
245 489
245 490
246 292
246 313
246 320
246 334
246 350
246 357
246 453
246 457
247 264
247 268
247 269
247 335
247 337
247 342
247 365
247 374
247 393
247 446
247 447
247 478
247 487
248 276
248 278
248 293
248 433
248 441
249 271
249 317
249 331
249 337
249 347
249 358
249 365
249 372
249 433
249 436
250 252
250 268
250 313
250 319
250 323
250 351
250 356
250 416
250 428
250 462
250 464
250 471
250 497
251 260
251 286
251 337
251 348
251 354
251 390
251 398
251 407
251 449
251 491
252 263
252 289
252 303
252 374
252 394
252 423
252 439
252 481
253 306
253 322
253 325
253 359
253 387
253 405
253 420
253 439
253 467
253 485
253 498
254 256
254 286
254 341
254 398
254 451
254 481
254 496
254 498
255 281
255 334
255 352
255 372
255 407
255 422
255 438
255 468
256 313
256 343
256 370
256 384
256 458
256 471
256 488
257 294
257 337
257 463
257 482
258 271
258 274
258 281
258 301
258 336
258 383
259 266
259 289
259 290
259 307
259 313
259 352
259 363
259 386
259 399
259 406
259 446
259 492
260 280
260 308
260 386
260 412
260 435
260 447
261 281
261 287
261 327
261 339
261 357
261 360
261 397
261 440
261 450
261 462
261 473
261 487
262 286
262 331
262 367
262 444
262 471
262 484
262 486
263 264
263 297
263 300
263 318
263 325
263 391
263 395
263 418
263 458
263 473
263 484
264 350
264 379
264 413
264 419
264 453
265 287
265 288
265 307
265 362
265 374
265 381
265 499
266 288
266 305
266 331
266 348
266 385
266 393
266 396
266 482
267 315
267 331
267 337
267 419
267 459
267 462
267 474
268 329
268 351
268 366
268 377
268 433
268 444
268 495
269 305
269 345
269 400
269 434
269 440
269 496
270 286
270 292
270 298
270 326
270 369
270 399
270 405
270 419
270 438
270 452
271 275
271 284
271 285
271 433
271 467
271 474
272 310
272 330
272 428
272 452
272 459
272 462
272 480
273 312
273 332
273 334
273 356
273 390
273 429
273 433
273 439
273 485
273 494
274 317
274 344
274 357
274 396
274 407
274 493
275 279
275 284
275 302
275 317
275 347
275 357
275 388
275 395
275 481
275 497
276 298
276 306
276 316
276 388
276 395
276 400
276 437
276 448
276 453
276 463
276 476
276 494
277 308
277 412
277 419
277 444
277 463
277 469
277 488
278 304
278 369
278 383
278 391
278 425
278 438
278 479
278 497
279 454
279 455
280 294
280 312
280 332
280 383
281 314
281 429
281 447
281 455
281 481
281 483
281 497
282 287
282 289
282 315
282 383
282 411
282 436
282 441
283 328
283 424
283 439
284 359
284 364
284 399
284 429
284 484
285 326
285 395
285 412
285 442
285 446
285 463
285 476
286 298
286 321
286 358
286 372
286 396
286 402
286 473
287 293
287 300
288 317
288 343
288 438
288 473
289 291
289 312
289 346
289 368
289 458
289 459
289 499
290 337
290 357
290 373
290 426
290 435
290 441
290 442
290 472
291 295
291 311
291 346
291 366
291 390
291 399
291 406
292 321
292 397
292 405
292 452
293 341
293 368
293 404
294 409
294 412
294 436
294 472
295 342
295 379
295 415
295 449
295 473
295 479
295 487
296 338
296 343
296 362
296 405
296 456
296 473
297 301
297 317
297 352
297 425
297 487
298 330
298 341
298 357
298 405
298 441
298 467
298 485
299 302
299 325
299 360
299 384
299 407
299 408
299 411
299 479
299 484
300 314
300 365
300 416
300 420
301 304
301 350
301 372
301 440
301 456
301 476
301 486
302 328
302 360
302 375
302 407
302 424
302 428
302 435
302 465
302 480
302 496
303 309
303 346
303 352
303 355
303 360
303 399
303 418
303 420
303 435
303 441
303 463
304 305
304 352
304 366
304 399
304 404
304 409
304 479
305 306
305 324
305 405
305 445
305 496
305 498
306 481
306 494
307 331
307 401
307 497
308 319
308 324
308 339
308 363
308 375
308 404
309 327
309 347
309 360
309 385
309 460
309 463
310 320
310 325
310 359
310 375
310 384
310 434
310 477
311 404
311 426
311 462
312 329
312 340
312 381
312 428
313 335
313 384
313 396
313 402
313 410
313 440
314 315
314 318
314 476
314 499
315 326
315 401
315 435
315 467
316 347
316 405
316 457
316 462
317 333
317 336
317 362
317 419
317 439
317 446
317 490
317 500
318 331
318 389
318 401
318 405
319 321
319 351
319 360
319 371
319 385
319 402
319 445
319 463
319 498
320 325
320 362
320 387
320 464
320 484
320 496
320 499
321 330
321 335
321 350
321 362
321 367
321 409
321 483
321 497
322 371
322 397
322 421
322 431
322 489
322 490
323 379
323 417
323 423
323 458
324 331
324 344
324 352
324 359
324 418
324 425
324 434
324 443
324 469
324 471
324 488
325 354
325 360
325 365
325 390
325 444
325 450
325 480
325 482
325 496
326 343
326 431
326 443
326 457
326 461
326 466
327 436
327 463
327 464
327 484
328 336
328 441
328 461
329 400
329 422
329 434
329 459
329 461
330 371
331 380
331 384
331 489
332 356
332 375
332 411
332 425
332 429
332 442
332 455
332 483
333 337
333 341
333 343
333 376
333 389
333 431
333 453
334 339
334 343
334 346
334 419
334 423
334 450
334 452
335 345
335 362
335 393
336 340
336 416
336 439
336 473
337 339
337 375
337 381
337 420
338 340
338 342
338 358
338 406
338 445
338 459
339 381
339 385
339 396
339 403
339 429
339 443
339 491
340 354
340 397
340 422
340 439
340 462
341 440
342 354
342 379
342 423
342 424
342 436
342 451
342 457
342 476
342 498
343 454
343 469
343 472
344 362
344 384
344 391
344 419
344 420
344 463
344 481
344 495
345 360
345 363
345 410
345 418
345 424
345 429
345 444
345 450
345 451
345 477
346 357
346 405
346 411
346 477
346 481
347 381
347 436
347 442
348 376
348 393
348 414
348 419
348 444
348 484
348 497
349 358
349 367
349 372
349 389
349 407
349 459
349 491
350 352
350 378
350 413
350 440
350 449
351 357
351 423
351 474
351 483
352 370
352 379
352 430
352 441
352 486
352 498
353 356
353 357
353 362
353 420
353 495
354 372
354 379
354 458
354 478
355 358
355 366
355 404
355 490
356 364
356 387
356 402
356 500
357 374
357 401
358 360
358 376
358 412
358 451
358 493
359 391
359 403
359 448
359 468
359 469
359 474
359 494
360 365
360 389
360 398
360 459
360 482
360 488
360 496
360 497
361 417
361 431
361 432
361 457
361 487
361 499
362 384
362 444
362 477
362 480
364 382
364 390
364 431
364 476
364 479
364 488
365 377
365 386
365 404
365 423
365 452
366 387
366 389
366 394
366 457
366 463
366 473
368 379
368 385
368 413
368 433
369 372
369 375
369 417
369 441
369 454
370 393
370 406
371 395
371 398
371 422
372 376
372 391
372 436
373 451
373 453
374 443
374 447
375 395
376 479
377 462
377 477
378 384
378 390
378 447
379 390
379 395
379 407
379 414
379 437
379 489
380 381
380 432
380 463
380 477
381 395
381 400
382 408
382 498
383 389
383 392
383 408
383 439
383 459
384 407
384 410
384 424
384 479
384 483
384 491
385 422
385 445
385 476
385 489
386 432
386 456
387 395
387 400
387 464
387 478
388 473
389 411
389 428
389 444
389 465
389 488
390 399
390 424
390 475
392 411
392 414
392 434
392 449
392 451
392 471
393 405
393 424
393 428
393 435
393 462
393 487
394 413
394 418
394 428
394 434
395 407
395 417
395 489
396 413
397 401
397 412
397 431
397 434
397 493
398 422
398 440
398 474
399 407
400 462
400 471
401 449
401 490
402 405
402 466
402 498
403 441
403 444
403 491
404 455
404 499
405 416
405 423
405 477
405 484
406 425
406 426
406 434
406 437
406 463
406 489
407 439
407 448
407 482
407 496
408 433
408 442
408 451
408 498
409 472
409 477
410 428
410 477
411 466
411 475
411 481
412 416
412 463
412 483
413 445
414 426
414 457
414 481
415 429
415 479
415 493
417 427
418 435
418 494
419 452
419 499
420 421
420 437
420 457
420 489
421 454
421 461
421 489
422 431
422 447
422 448
422 455
422 481
423 440
423 447
423 473
424 464
424 477
424 495
425 446
425 458
425 489
425 500
426 448
426 494
426 496
427 434
427 458
429 438
429 448
429 463
430 471
431 443
431 456
431 469
432 451
432 454
432 460
433 437
433 443
433 471
434 437
434 456
434 489
435 493
436 438
436 454
436 492
437 484
438 470
439 445
439 486
440 458
440 484
440 495
441 442
441 457
441 479
441 483
442 487
443 451
443 468
444 452
444 458
444 498
445 449
445 461
445 465
445 489
445 494
446 453
447 460
448 453
448 479
448 481
449 488
451 473
452 469
452 491
452 495
454 457
455 494
460 487
460 490
461 470
461 472
461 488
461 500
462 487
463 469
464 491
466 499
468 489
471 499
472 490
473 477
474 477
474 482
475 495
476 488
476 499
477 496
477 497
479 482
481 482
482 500
485 487
486 499
487 495
493 496
