500 4487
1 22
1 23
1 42
1 43
1 54
1 75
1 98
1 115
1 118
1 149
1 158
1 179
1 218
1 231
1 309
1 336
1 350
1 416
1 428
1 457
1 487
1 493
2 22
2 37
2 53
2 73
2 91
2 112
2 148
2 156
2 165
2 197
2 228
2 231
2 243
2 281
2 309
2 316
2 331
2 333
2 363
2 473
3 73
3 89
3 93
3 98
3 178
3 221
3 261
3 281
3 336
3 370
3 385
3 391
3 396
3 435
3 437
3 461
3 496
4 6
4 28
4 36
4 167
4 198
4 221
4 236
4 259
4 292
4 300
4 312
4 358
4 363
4 411
4 424
4 443
4 486
5 80
5 84
5 118
5 243
5 257
5 315
5 342
5 375
5 420
5 428
5 436
5 446
5 487
6 18
6 36
6 89
6 113
6 122
6 159
6 164
6 215
6 247
6 255
6 289
6 304
6 316
6 330
6 342
6 424
6 463
6 497
7 50
7 80
7 96
7 111
7 136
7 151
7 153
7 184
7 297
7 325
7 335
7 360
7 374
7 434
7 453
7 459
7 460
7 500
8 37
8 56
8 89
8 90
8 98
8 116
8 152
8 162
8 182
8 195
8 201
8 238
8 242
8 361
8 363
8 412
8 429
8 430
8 453
8 499
9 16
9 28
9 115
9 192
9 201
9 206
9 265
9 293
9 304
9 392
9 459
9 481
10 70
10 112
10 125
10 162
10 171
10 177
10 198
10 247
10 370
10 390
10 409
10 430
10 440
10 463
10 469
11 29
11 77
11 138
11 167
11 206
11 237
11 342
11 360
11 415
11 484
12 18
12 33
12 96
12 110
12 152
12 173
12 195
12 221
12 246
12 269
12 321
12 350
12 369
12 487
12 496
13 46
13 54
13 56
13 118
13 182
13 190
13 208
13 211
13 230
13 250
13 281
13 328
13 336
13 348
13 401
13 482
13 490
14 55
14 79
14 84
14 97
14 107
14 122
14 170
14 171
14 195
14 198
14 214
14 257
14 274
14 284
14 320
14 328
14 335
14 359
14 401
14 452
14 474
15 26
15 27
15 30
15 101
15 121
15 148
15 177
15 193
15 214
15 264
15 299
15 315
15 320
15 322
15 350
15 440
15 464
15 478
15 491
15 498
16 22
16 39
16 83
16 144
16 242
16 243
16 248
16 253
16 306
16 358
16 359
16 363
16 401
16 435
16 436
16 445
16 447
16 464
16 493
16 497
17 28
17 41
17 139
17 154
17 210
17 226
17 257
17 281
17 289
17 303
17 312
17 331
17 332
17 348
17 349
17 390
17 391
17 445
17 450
18 80
18 165
18 269
18 284
18 307
18 311
18 342
18 357
18 366
18 395
18 420
18 484
18 487
19 26
19 38
19 39
19 88
19 131
19 136
19 176
19 198
19 250
19 265
19 270
19 323
19 327
19 377
19 413
19 418
19 462
19 490
20 38
20 42
20 96
20 111
20 140
20 150
20 180
20 211
20 218
20 225
20 235
20 276
20 280
20 300
20 336
20 358
20 360
20 367
20 386
20 401
20 418
20 423
20 455
21 63
21 64
21 81
21 118
21 163
21 197
21 198
21 202
21 238
21 246
21 357
21 451
22 26
22 78
22 82
22 85
22 88
22 100
22 125
22 138
22 141
22 161
22 220
22 254
22 264
22 272
22 286
22 315
22 461
22 478
22 482
23 63
23 150
23 156
23 210
23 285
23 325
23 329
23 339
23 402
23 423
23 441
23 467
23 475
23 486
24 28
24 51
24 63
24 77
24 180
24 185
24 200
24 219
24 224
24 229
24 283
24 310
24 323
24 329
24 339
24 355
24 393
24 422
24 474
24 491
24 492
25 53
25 96
25 118
25 155
25 178
25 197
25 203
25 218
25 300
25 348
25 377
25 381
25 396
25 423
25 429
25 450
25 460
25 478
26 37
26 41
26 50
26 117
26 146
26 158
26 185
26 266
26 363
26 395
26 442
26 446
26 449
27 42
27 60
27 62
27 83
27 102
27 113
27 148
27 219
27 275
27 277
27 333
27 422
27 444
27 453
27 499
28 79
28 141
28 182
28 191
28 245
28 359
28 364
28 382
28 415
28 419
28 422
28 435
28 443
28 453
28 494
29 41
29 71
29 83
29 110
29 130
29 158
29 170
29 173
29 189
29 193
29 210
29 247
29 277
29 368
29 372
29 395
29 428
29 444
30 33
30 64
30 97
30 160
30 208
30 210
30 241
30 267
30 272
30 281
30 336
30 386
30 428
30 429
30 481
30 495
31 108
31 109
31 126
31 143
31 165
31 181
31 187
31 263
31 287
31 289
31 327
31 334
31 404
31 431
31 442
31 465
31 486
32 35
32 68
32 70
32 79
32 86
32 91
32 148
32 155
32 229
32 250
32 252
32 299
32 314
32 325
32 347
32 368
32 369
32 390
32 471
33 40
33 50
33 123
33 142
33 209
33 218
33 234
33 235
33 259
33 297
33 394
33 415
33 442
33 467
34 58
34 59
34 75
34 81
34 103
34 209
34 224
34 231
34 233
34 246
34 280
34 301
34 322
34 344
34 365
34 404
34 411
34 436
34 445
34 446
34 450
34 486
35 65
35 99
35 162
35 168
35 171
35 194
35 209
35 235
35 241
35 266
35 372
35 395
35 420
35 497
36 42
36 122
36 132
36 141
36 145
36 146
36 148
36 153
36 191
36 229
36 346
36 354
36 365
36 406
36 417
36 457
37 103
37 122
37 127
37 202
37 221
37 243
37 262
37 299
37 305
37 326
37 397
37 433
37 445
37 454
37 458
38 87
38 226
38 231
38 241
38 274
38 290
38 299
38 314
38 325
38 345
38 369
38 392
38 414
38 437
38 445
38 457
38 477
38 490
38 498
39 53
39 61
39 75
39 107
39 136
39 137
39 138
39 147
39 210
39 248
39 260
39 268
39 311
39 357
39 433
39 451
39 461
39 471
39 483
39 486
40 53
40 98
40 101
40 113
40 118
40 119
40 143
40 157
40 164
40 180
40 213
40 260
40 307
40 309
40 311
40 341
40 358
40 384
40 481
41 57
41 92
41 100
41 182
41 187
41 277
41 417
41 420
42 53
42 58
42 70
42 92
42 94
42 108
42 140
42 141
42 161
42 247
42 249
42 326
42 346
42 357
42 365
42 371
42 387
42 404
42 464
42 486
43 47
43 76
43 173
43 215
43 244
43 272
43 307
43 340
43 366
43 408
43 446
43 459
43 475
43 497
44 46
44 52
44 83
44 98
44 141
44 175
44 179
44 355
44 375
44 387
44 390
44 401
44 415
44 430
45 91
45 136
45 160
45 162
45 197
45 246
45 253
45 255
45 308
45 348
45 350
45 358
45 362
45 366
45 399
45 421
45 439
45 457
45 489
46 72
46 116
46 137
46 165
46 242
46 248
46 276
46 287
46 295
46 296
46 350
46 409
46 424
46 443
46 455
47 55
47 84
47 95
47 99
47 108
47 126
47 129
47 152
47 204
47 264
47 322
47 343
47 364
47 391
47 401
47 412
47 451
48 57
48 64
48 136
48 157
48 183
48 188
48 190
48 270
48 289
48 352
48 405
48 426
48 428
48 469
49 77
49 95
49 152
49 206
49 232
49 304
49 319
49 357
49 368
49 410
49 433
49 451
50 67
50 130
50 146
50 153
50 161
50 170
50 261
50 280
50 296
50 337
50 383
50 413
50 439
50 457
51 105
51 146
51 314
51 349
51 354
51 367
51 369
51 419
51 462
52 62
52 175
52 208
52 255
52 258
52 284
52 306
52 311
52 335
52 408
52 415
52 448
52 458
52 463
52 474
52 489
53 70
53 71
53 77
53 81
53 132
53 137
53 139
53 145
53 154
53 175
53 232
53 244
53 294
53 295
53 314
53 334
53 341
53 354
53 378
53 420
54 59
54 119
54 147
54 155
54 175
54 222
54 235
54 236
54 316
54 339
54 400
54 403
54 481
55 56
55 79
55 153
55 162
55 187
55 226
55 251
55 287
55 305
55 307
55 316
55 430
55 436
55 439
55 471
56 139
56 145
56 159
56 215
56 228
56 390
56 394
56 443
56 462
57 123
57 137
57 179
57 184
57 195
57 205
57 250
57 253
57 262
57 358
57 376
57 391
57 423
57 490
57 494
57 497
57 498
58 81
58 116
58 157
58 240
58 242
58 244
58 343
58 377
58 433
58 455
58 468
58 475
59 64
59 140
59 146
59 171
59 208
59 212
59 227
59 228
59 242
59 254
59 256
59 322
59 447
59 480
59 492
60 98
60 106
60 158
60 163
60 177
60 181
60 232
60 238
60 254
60 293
60 337
60 362
60 484
60 485
60 490
61 100
61 128
61 131
61 133
61 143
61 148
61 155
61 198
61 201
61 237
61 246
61 275
61 286
61 305
61 404
61 417
62 134
62 155
62 179
62 237
62 246
62 253
62 273
62 306
62 367
62 414
62 416
62 458
62 483
62 484
63 65
63 96
63 118
63 147
63 162
63 163
63 168
63 176
63 199
63 228
63 242
63 281
63 326
63 372
63 382
63 384
63 436
63 446
63 461
63 466
64 67
64 87
64 97
64 102
64 203
64 280
64 303
64 304
64 307
64 310
64 341
64 417
64 444
64 499
64 500
65 74
65 75
65 82
65 116
65 126
65 138
65 170
65 205
65 226
65 301
65 307
65 312
65 403
65 406
65 445
65 462
65 472
65 488
65 492
66 77
66 81
66 181
66 236
66 269
66 310
66 323
66 339
66 344
66 380
66 384
66 405
66 419
66 430
66 463
67 112
67 128
67 147
67 169
67 171
67 213
67 303
67 317
67 368
67 385
67 390
67 404
67 420
67 438
67 465
67 472
67 474
68 99
68 112
68 195
68 207
68 220
68 235
68 240
68 259
68 377
68 394
68 396
68 421
68 429
68 438
68 478
69 78
69 111
69 124
69 159
69 180
69 195
69 227
69 260
69 277
69 316
69 354
69 389
69 427
69 441
69 493
70 87
70 121
70 143
70 159
70 164
70 179
70 204
70 239
70 246
70 265
70 299
70 347
70 355
70 428
70 449
71 129
71 131
71 133
71 250
71 287
71 354
71 402
71 427
71 434
71 441
71 449
71 454
71 468
72 100
72 176
72 185
72 195
72 226
72 258
72 284
72 288
72 322
72 323
72 356
72 373
72 377
72 442
72 493
72 496
73 83
73 143
73 253
73 303
73 312
73 340
73 349
73 362
73 372
73 399
73 411
73 457
74 142
74 143
74 166
74 169
74 200
74 250
74 271
74 295
74 304
74 310
74 343
74 352
74 402
74 458
74 466
74 495
75 96
75 103
75 157
75 158
75 175
75 200
75 276
75 348
75 410
75 478
76 156
76 161
76 164
76 171
76 183
76 208
76 217
76 252
76 274
76 316
76 407
76 433
76 460
76 477
77 155
77 197
77 257
77 260
77 266
77 277
77 278
77 289
77 296
77 299
77 338
77 340
77 359
77 373
77 396
77 397
77 398
77 401
77 416
77 437
78 87
78 89
78 91
78 112
78 126
78 173
78 189
78 244
78 260
78 261
78 314
78 332
78 357
78 386
78 434
78 476
79 82
79 90
79 103
79 162
79 217
79 253
79 326
79 368
79 377
79 398
79 434
79 452
79 454
79 469
79 491
80 228
80 232
80 256
80 267
80 270
80 289
80 292
80 311
80 324
80 369
80 405
80 415
80 465
80 468
81 84
81 86
81 159
81 174
81 234
81 247
81 256
81 260
81 278
81 322
81 336
81 341
81 385
81 387
81 421
81 445
81 457
82 102
82 119
82 135
82 136
82 187
82 212
82 219
82 227
82 228
82 248
82 251
82 253
82 299
82 308
82 350
82 357
82 412
82 413
82 419
82 454
82 466
82 478
83 101
83 123
83 186
83 260
83 270
83 273
83 284
83 297
83 335
83 353
83 364
83 377
83 391
83 408
83 445
83 452
83 498
84 112
84 136
84 150
84 159
84 194
84 239
84 245
84 250
84 292
84 300
84 336
84 340
84 421
84 428
84 436
84 457
84 482
85 193
85 216
85 222
85 244
85 273
85 300
85 348
85 375
85 414
85 479
86 96
86 102
86 155
86 194
86 225
86 254
86 268
86 286
86 353
86 376
86 380
86 392
86 407
86 493
87 94
87 214
87 226
87 234
87 240
87 244
87 273
87 287
87 345
87 361
87 402
87 465
88 131
88 162
88 176
88 198
88 211
88 267
88 301
88 313
88 363
88 375
88 394
88 403
88 444
88 450
88 490
88 491
89 96
89 129
89 154
89 170
89 182
89 230
89 240
89 313
89 319
89 395
89 440
89 459
89 494
90 124
90 133
90 151
90 191
90 236
90 286
90 292
90 300
90 357
90 396
90 426
90 462
90 487
91 116
91 131
91 206
91 212
91 267
91 308
91 316
91 354
91 355
91 382
91 445
91 471
92 105
92 146
92 179
92 283
92 298
92 349
92 357
92 412
92 468
92 495
93 168
93 174
93 206
93 224
93 233
93 251
93 269
93 296
93 318
93 345
93 385
93 390
93 430
93 431
93 452
93 467
93 477
94 98
94 118
94 148
94 175
94 185
94 216
94 261
94 286
94 300
94 344
94 354
94 486
95 103
95 128
95 157
95 161
95 175
95 179
95 184
95 215
95 244
95 366
95 441
95 454
95 499
96 127
96 128
96 160
96 166
96 175
96 193
96 218
96 234
96 247
96 250
96 338
96 347
96 355
96 420
96 465
97 137
97 138
97 139
97 155
97 165
97 195
97 237
97 265
97 317
97 325
97 377
97 425
97 458
97 489
98 119
98 130
98 133
98 151
98 171
98 231
98 233
98 254
98 271
98 272
98 380
98 446
98 451
98 462
99 142
99 168
99 180
99 204
99 309
99 405
99 482
99 495
100 124
100 133
100 157
100 230
100 235
100 268
100 272
100 293
100 354
100 361
100 380
100 405
100 422
100 453
100 465
100 487
100 497
101 114
101 148
101 177
101 225
101 227
101 265
101 339
101 358
101 362
101 394
101 461
102 118
102 128
102 138
102 151
102 172
102 174
102 209
102 238
102 249
102 327
102 372
102 379
102 387
102 410
102 420
102 421
102 428
102 434
102 444
102 468
102 469
102 484
102 500
103 113
103 163
103 185
103 198
103 212
103 214
103 220
103 224
103 238
103 244
103 344
103 346
103 361
103 385
103 387
103 433
103 440
103 475
103 493
104 105
104 150
104 182
104 249
104 286
104 387
104 412
104 439
104 459
105 221
105 236
105 247
105 309
105 317
105 328
105 377
105 395
105 460
106 109
106 116
106 133
106 157
106 204
106 207
106 244
106 246
106 258
106 291
106 400
106 449
106 479
107 153
107 157
107 159
107 168
107 183
107 202
107 210
107 240
107 250
107 255
107 275
107 295
107 347
107 362
107 374
107 414
107 432
107 443
107 447
107 470
108 130
108 144
108 180
108 182
108 188
108 232
108 239
108 257
108 269
108 283
108 317
108 355
108 385
108 405
108 409
108 462
108 481
108 499
109 143
109 151
109 211
109 252
109 287
109 290
109 310
109 322
109 352
109 387
109 408
109 474
109 482
109 490
110 143
110 165
110 185
110 208
110 240
110 242
110 254
110 279
110 298
110 390
110 393
110 401
110 425
110 428
110 499
111 112
111 160
111 189
111 194
111 233
111 280
111 285
111 301
111 314
111 317
111 327
111 354
111 359
111 381
111 385
111 389
111 434
111 441
111 454
111 456
111 473
111 474
111 488
112 171
112 212
112 224
112 243
112 252
112 259
112 260
112 269
112 294
112 304
112 326
112 333
112 335
112 350
112 363
112 368
112 372
112 406
112 438
113 123
113 144
113 163
113 278
113 296
113 303
113 321
113 324
113 330
113 345
113 346
113 361
113 368
113 375
113 385
113 387
113 409
113 473
113 493
114 117
114 184
114 237
114 239
114 285
114 352
114 393
114 406
114 418
114 444
114 492
114 496
115 127
115 198
115 226
115 229
115 271
115 295
115 307
115 386
115 416
115 455
115 499
116 179
116 225
116 238
116 240
116 241
116 258
116 328
116 363
116 368
116 437
116 441
116 468
116 472
116 478
117 145
117 209
117 217
117 244
117 264
117 290
117 332
117 344
117 350
117 353
117 432
117 433
118 129
118 140
118 145
118 194
118 266
118 269
118 304
118 386
118 447
118 481
119 127
119 130
119 148
119 152
119 163
119 180
119 207
119 243
119 246
119 251
119 303
119 304
119 357
119 409
119 423
119 424
119 446
119 453
119 458
119 495
120 167
120 179
120 185
120 195
120 234
120 237
120 240
120 256
120 274
120 346
120 385
121 133
121 136
121 350
121 362
121 414
121 453
121 454
121 466
121 490
121 497
122 140
122 179
122 202
122 269
122 295
122 299
122 302
122 345
122 372
122 374
122 413
122 432
123 178
123 221
123 232
123 259
123 264
123 290
123 327
123 408
123 411
123 481
124 150
124 171
124 172
124 180
124 206
124 234
124 236
124 262
124 398
124 427
124 438
124 440
124 485
125 156
125 185
125 201
125 214
125 216
125 255
125 269
125 315
125 398
125 413
125 444
126 168
126 218
126 253
126 255
126 324
126 333
126 366
126 431
126 464
126 484
126 493
127 138
127 149
127 157
127 171
127 178
127 213
127 226
127 276
127 309
127 377
127 409
127 411
127 421
127 466
127 487
128 140
128 158
128 208
128 216
128 228
128 284
128 314
128 339
128 351
128 357
128 375
128 397
128 456
128 457
129 147
129 162
129 164
129 165
129 186
129 193
129 218
129 240
129 246
129 249
129 286
129 324
129 334
129 365
129 367
129 375
129 388
129 389
129 391
129 403
129 450
129 500
130 138
130 140
130 171
130 188
130 195
130 200
130 222
130 237
130 248
130 285
130 317
130 342
130 424
130 446
130 451
130 478
130 479
131 146
131 159
131 177
131 245
131 258
131 295
131 347
131 360
131 444
131 445
131 494
132 144
132 156
132 182
132 190
132 205
132 226
132 264
132 300
132 305
132 332
132 334
132 398
132 406
132 409
132 417
132 455
133 152
133 157
133 159
133 170
133 184
133 187
133 200
133 225
133 240
133 277
133 280
133 285
133 290
133 347
133 370
134 174
134 178
134 206
134 233
134 242
134 253
134 282
134 292
134 316
134 331
134 361
134 376
134 393
134 399
134 408
134 455
134 472
134 484
134 488
135 210
135 266
135 271
135 272
135 299
135 311
135 314
135 374
135 375
135 415
135 426
135 431
135 434
136 152
136 155
136 167
136 169
136 177
136 214
136 218
136 270
136 281
136 361
136 396
136 406
136 462
136 483
137 148
137 151
137 219
137 241
137 266
137 278
137 297
137 320
137 322
137 346
137 366
137 367
137 405
137 442
137 462
137 496
138 173
138 278
138 282
138 296
138 301
138 317
138 337
138 358
138 383
138 410
138 443
139 156
139 172
139 180
139 204
139 235
139 238
139 298
139 316
139 334
139 348
139 364
139 448
139 475
139 494
140 149
140 162
140 189
140 225
140 276
140 293
140 343
140 382
140 448
140 462
140 466
140 467
141 159
141 179
141 188
141 205
141 210
141 261
141 309
141 335
141 420
141 421
141 452
141 462
141 475
141 482
142 150
142 168
142 185
142 215
142 220
142 272
142 275
142 303
142 335
142 347
142 352
142 363
142 448
142 491
142 496
142 500
143 150
143 180
143 224
143 225
143 263
143 396
143 425
143 427
143 438
143 480
144 155
144 202
144 209
144 233
144 348
144 394
144 412
144 433
144 445
144 499
145 150
145 225
145 246
145 312
145 318
145 329
145 333
145 356
145 357
145 372
145 396
145 423
145 451
145 499
146 168
146 264
146 287
146 341
146 345
146 358
146 365
146 431
146 450
147 190
147 199
147 203
147 275
147 309
147 331
147 350
147 352
147 360
147 377
147 400
147 410
147 421
147 424
147 440
147 495
148 150
148 167
148 181
148 203
148 208
148 250
148 263
148 295
148 344
148 402
148 435
148 460
148 471
148 483
149 179
149 209
149 210
149 219
149 233
149 234
149 304
149 373
149 380
149 384
149 416
149 429
149 445
149 466
149 487
150 182
150 237
150 260
150 266
150 268
150 281
150 309
150 330
150 331
150 341
150 390
150 414
150 417
150 426
150 431
150 433
150 441
150 452
150 491
151 171
151 215
151 292
151 297
151 346
151 451
151 453
151 478
151 492
151 500
152 190
152 193
152 196
152 231
152 276
152 277
152 283
152 295
152 405
152 445
152 465
153 155
153 165
153 177
153 181
153 252
153 276
153 325
153 346
153 414
153 418
154 156
154 255
154 312
154 348
154 358
154 448
154 451
155 198
155 204
155 215
155 223
155 314
155 315
155 316
155 352
155 359
155 403
155 429
155 432
155 436
155 477
155 491
156 206
156 286
156 322
156 326
156 335
156 370
156 391
156 401
156 417
156 418
156 442
156 472
157 169
157 224
157 286
157 324
157 350
157 472
158 179
158 222
158 254
158 268
158 305
158 418
158 500
159 170
159 230
159 244
159 262
159 283
159 304
159 322
159 344
159 346
159 363
159 369
159 408
159 423
159 439
159 450
159 456
159 468
159 481
160 175
160 190
160 213
160 238
160 261
160 274
160 308
160 336
160 356
160 368
160 383
160 393
160 414
160 421
160 468
160 492
161 198
161 205
161 208
161 218
161 247
161 274
161 281
161 292
161 320
161 324
161 378
161 385
161 438
161 439
161 475
161 488
161 494
162 169
162 178
162 180
162 196
162 201
162 246
162 265
162 340
162 385
162 397
162 406
162 412
162 416
162 433
162 458
163 167
163 209
163 236
163 240
163 278
163 289
163 291
163 292
163 300
163 316
163 322
163 359
163 403
163 417
163 477
163 482
164 176
164 243
164 245
164 258
164 272
164 279
164 303
164 306
164 361
164 383
164 413
164 450
164 476
164 491
164 499
165 234
165 254
165 268
165 318
165 369
165 401
165 405
165 424
165 448
165 475
166 221
166 252
166 253
166 308
166 327
166 340
166 347
166 363
166 366
166 375
166 377
166 391
166 427
166 448
166 470
166 490
166 495
167 229
167 238
167 269
167 279
167 308
167 331
167 356
167 360
167 387
167 390
167 425
167 446
167 456
167 500
168 215
168 235
168 238
168 253
168 258
168 273
168 303
168 350
168 354
168 383
168 402
168 411
168 460
168 497
168 499
169 186
169 242
169 302
169 342
169 343
169 372
169 389
169 410
169 440
169 454
169 463
170 177
170 237
170 278
170 291
170 301
170 310
170 314
170 326
170 358
170 362
170 410
170 451
170 455
170 462
170 464
170 466
170 478
171 209
171 215
171 220
171 307
171 368
171 400
171 404
171 406
171 427
171 437
171 451
171 457
171 468
172 196
172 239
172 240
172 250
172 256
172 266
172 289
172 319
172 322
172 332
172 372
172 406
172 424
172 480
173 181
173 183
173 208
173 210
173 222
173 240
173 258
173 271
173 277
173 299
173 312
173 328
173 329
173 331
173 347
173 381
173 450
173 487
174 212
174 231
174 232
174 234
174 458
174 484
175 177
175 195
175 229
175 282
175 315
175 391
175 465
175 479
175 492
176 183
176 188
176 226
176 248
176 330
176 347
176 352
176 365
176 398
176 418
176 425
176 445
177 193
177 206
177 271
177 332
177 336
177 441
177 444
177 445
177 479
177 484
177 491
178 221
178 234
178 274
178 286
178 291
178 304
178 322
178 379
178 399
178 482
179 198
179 208
179 213
179 259
179 280
179 319
179 366
179 372
179 435
179 436
179 442
179 455
179 484
179 485
180 209
180 213
180 294
180 309
180 332
180 362
180 406
180 439
180 448
180 471
180 500
181 197
181 287
181 294
181 350
181 416
181 459
181 478
182 195
182 298
182 321
182 387
182 416
182 424
182 430
182 464
182 489
182 490
183 188
183 193
183 196
183 205
183 217
183 219
183 231
183 274
183 280
183 338
183 372
183 403
183 406
183 461
184 206
184 273
184 288
184 301
184 308
184 341
184 419
184 441
184 461
184 481
185 211
185 327
185 374
185 391
185 400
185 464
185 492
186 220
186 236
186 252
186 271
186 331
186 341
186 346
186 347
186 367
186 397
186 418
186 432
186 457
186 493
186 494
187 190
187 200
187 212
187 234
187 243
187 250
187 254
187 273
187 276
187 297
187 366
187 374
187 381
187 476
187 485
188 238
188 274
188 366
188 370
188 498
189 204
189 306
189 309
189 319
189 342
189 359
189 371
189 397
189 443
190 210
190 215
190 230
190 250
190 251
190 280
190 292
190 326
190 370
190 459
190 468
190 498
191 195
191 199
191 257
191 288
191 317
191 337
191 338
191 364
191 382
191 411
191 417
191 468
191 475
191 476
192 221
192 269
192 275
192 303
192 333
192 334
192 335
192 344
192 352
192 372
192 403
192 413
192 431
192 457
192 493
193 221
193 230
193 265
193 331
193 335
193 380
193 386
193 393
193 452
193 464
193 466
193 481
194 195
194 209
194 245
194 259
194 275
194 408
194 424
194 428
194 475
194 497
195 198
195 244
195 274
195 295
195 301
195 357
195 375
195 439
195 447
195 478
196 341
196 393
196 399
196 420
196 433
196 473
196 474
196 477
196 492
197 275
197 284
197 302
197 318
197 334
197 351
197 359
197 363
197 448
197 489
197 500
198 297
198 379
198 385
198 390
198 450
198 460
198 462
198 471
199 233
199 263
199 317
199 352
199 370
199 383
199 439
199 442
199 482
199 497
200 217
200 218
200 227
200 340
200 364
200 402
200 486
200 495
201 206
201 211
201 215
201 239
201 243
201 261
201 307
201 309
201 352
201 358
201 359
201 372
201 380
201 405
201 445
201 454
201 497
201 498
202 211
202 227
202 230
202 245
202 274
202 341
202 402
202 445
203 228
203 284
203 298
203 312
203 326
203 336
203 373
203 379
203 422
203 449
203 456
203 475
203 485
204 214
204 288
204 299
204 385
204 394
204 395
204 413
204 432
204 443
204 444
204 445
204 498
205 228
205 250
205 289
205 299
205 318
205 321
205 323
205 387
205 408
205 457
205 460
205 484
206 334
206 338
206 343
206 369
206 374
206 396
206 408
206 416
206 422
206 429
206 431
206 475
206 479
207 210
207 234
207 246
207 248
207 250
207 325
207 339
207 358
207 471
207 473
208 210
208 238
208 270
208 275
208 287
208 391
208 408
208 470
208 487
209 249
209 254
209 283
209 284
209 381
209 496
209 497
210 214
210 230
210 254
210 269
210 321
210 336
210 356
210 359
210 363
210 369
210 390
211 253
211 263
211 281
211 283
211 308
211 429
211 446
211 461
211 492
212 222
212 283
212 306
212 366
212 385
212 390
212 402
212 467
212 495
212 496
213 221
213 242
213 327
213 346
213 347
213 350
213 419
213 422
214 221
214 224
214 248
214 277
214 280
214 282
214 290
214 304
214 320
214 363
214 364
214 373
214 403
214 417
214 462
215 234
215 238
215 253
215 279
215 302
215 353
215 374
215 409
215 414
215 460
215 486
216 238
216 269
216 278
216 326
216 327
216 484
216 498
217 243
217 284
217 290
217 311
217 401
217 450
217 481
217 487
217 499
218 264
218 298
218 305
218 356
218 386
218 400
218 484
218 495
219 223
219 230
219 247
219 287
219 382
219 423
219 429
219 431
219 443
220 260
220 303
220 338
220 350
220 370
220 378
220 438
220 448
220 466
221 237
221 242
221 253
221 276
221 284
221 302
221 349
221 358
221 367
221 406
221 414
221 475
221 488
221 495
221 496
222 277
222 319
222 334
222 352
222 354
222 374
222 377
222 390
222 428
222 446
223 249
223 311
223 356
223 380
223 384
223 401
223 428
223 433
223 441
223 478
224 238
224 265
224 285
224 308
224 314
224 318
224 338
224 342
224 372
224 379
224 437
224 453
224 468
224 487
225 232
225 241
225 257
225 268
225 280
225 365
225 385
225 388
225 406
225 438
225 450
225 499
226 279
226 283
226 337
226 345
226 371
226 416
226 422
226 459
227 256
227 265
227 330
227 345
227 356
227 378
227 407
227 411
227 471
228 239
228 247
228 259
228 260
228 286
228 289
228 311
228 325
228 335
228 373
228 481
229 239
229 272
229 288
229 291
229 298
229 303
229 322
229 327
229 372
229 409
229 413
229 467
229 481
229 488
230 231
230 268
230 323
230 344
230 350
230 384
230 419
230 444
230 453
231 254
231 267
231 346
231 350
231 360
231 378
231 393
231 398
231 406
231 465
231 471
231 475
231 488
232 250
232 335
232 362
232 366
232 378
232 457
232 490
233 250
233 256
233 289
233 319
233 322
233 360
233 363
233 380
233 399
233 405
233 407
233 410
233 466
233 477
234 242
234 243
234 264
234 271
234 278
234 313
234 330
234 369
234 387
234 408
234 417
234 439
234 472
234 499
235 263
235 278
235 295
235 326
235 375
235 420
235 440
235 445
236 241
236 277
236 278
236 307
236 324
236 342
236 377
236 397
236 411
236 464
237 286
237 344
237 349
237 351
237 373
237 441
237 498
238 264
238 279
238 280
238 292
238 319
238 322
238 343
238 347
238 354
238 356
238 391
238 431
238 449
238 469
238 472
238 477
238 489
239 289
239 299
239 329
239 335
239 338
239 372
239 416
239 432
239 441
239 459
239 474
239 477
240 276
240 323
240 351
240 359
240 371
240 404
240 452
240 483
241 284
241 315
241 320
241 367
241 452
241 494
242 243
242 311
242 341
242 406
242 421
242 426
242 471
243 246
243 254
243 269
243 297
243 316
243 395
243 413
243 437
243 443
243 459
243 470
243 493
243 495
244 260
244 312
244 346
244 361
244 368
244 397
244 403
244 417
244 423
244 427
244 479
245 285
245 286
245 304
245 322
245 342
245 353
245 382
245 391
245 413
245 452
245 499
246 280
246 306
246 353
246 410
246 451
246 479
247 275
247 285
247 327
247 348
247 389
247 392
247 436
247 458
247 466
247 484
248 254
248 288
248 298
248 311
248 319
248 349
248 369
248 371
248 449
248 456
248 462
248 480
249 259
249 313
249 367
249 378
249 428
249 446
249 482
250 254
250 259
250 277
250 279
250 394
250 403
250 426
250 438
250 470
250 472
251 284
251 298
251 315
251 402
251 408
251 412
251 477
252 266
252 269
252 280
252 303
252 371
252 397
252 398
252 416
252 428
252 444
252 479
253 282
253 295
253 301
253 408
253 443
253 444
254 301
254 311
254 322
254 344
254 393
254 432
254 459
254 499
255 258
255 280
255 312
255 313
255 314
255 382
255 387
255 389
255 397
255 433
255 470
255 489
256 287
256 300
256 313
256 358
256 363
256 386
256 389
256 418
256 427
256 431
256 471
256 476
257 302
257 306
257 339
257 341
257 343
257 416
257 418
257 436
257 437
257 447
257 458
257 477
257 480
258 281
258 289
258 369
258 462
258 472
259 295
259 312
259 315
259 359
259 374
259 384
259 411
259 440
259 475
260 315
260 327
260 340
260 348
260 362
260 385
260 431
260 496
261 265
261 276
261 284
261 338
261 365
261 380
261 394
261 414
261 472
261 487
262 297
262 320
262 333
262 344
262 358
262 378
262 431
262 436
262 476
262 490
263 271
263 307
263 330
263 358
263 368
263 394
263 442
263 460
263 498
264 346
264 373
264 386
264 387
264 399
264 459
265 344
265 348
265 379
265 427
265 452
265 463
266 277
266 291
266 298
266 308
266 322
266 326
266 329
266 348
266 388
266 406
266 414
266 419
266 420
266 435
266 466
266 476
266 493
266 494
266 500
267 314
267 340
267 348
267 376
267 382
267 465
268 282
268 294
268 320
268 360
268 364
268 375
268 387
268 413
268 416
268 471
268 481
269 300
269 302
269 310
269 343
269 347
269 390
269 409
269 411
269 412
269 430
269 445
269 485
270 271
270 291
270 294
270 320
270 355
270 382
270 408
270 467
271 273
271 296
271 309
271 341
271 365
271 453
272 289
272 309
272 320
272 346
272 380
272 438
273 300
273 334
273 340
273 351
273 395
273 396
273 408
274 315
274 343
274 358
274 428
274 432
274 448
275 279
275 292
275 403
275 443
275 456
275 472
275 478
276 292
276 313
276 317
276 346
276 348
276 376
276 431
276 434
276 474
276 486
277 284
277 343
277 365
277 426
277 474
277 486
277 495
278 301
278 311
278 380
278 383
278 401
278 403
278 417
278 455
278 471
278 475
278 494
279 285
279 301
279 327
279 343
279 348
279 350
279 399
279 494
280 311
280 352
280 374
280 405
280 419
280 421
280 427
280 470
280 500
281 305
281 318
281 320
281 345
281 351
281 422
281 456
281 497
282 315
282 352
282 376
282 378
282 400
282 412
283 293
283 447
283 463
284 285
284 338
284 363
284 415
284 425
284 426
284 434
284 458
285 291
285 294
285 307
285 311
285 343
285 347
285 371
285 412
285 413
285 414
285 422
285 493
286 291
286 298
286 340
286 366
286 378
286 382
286 405
286 434
286 443
286 447
286 499
287 291
287 297
287 300
287 318
287 351
287 363
287 386
287 417
287 424
287 426
287 441
287 452
288 337
288 357
288 380
288 442
288 453
288 458
289 297
289 298
289 310
289 335
289 338
289 350
289 355
289 357
289 365
289 389
289 404
289 440
289 465
290 300
290 322
290 369
290 373
290 396
290 405
290 408
290 433
290 450
291 341
291 382
291 393
291 396
291 446
291 448
291 465
291 492
291 500
292 329
292 338
292 354
292 378
292 452
292 458
293 307
293 309
293 355
293 361
293 362
293 458
293 473
294 366
294 407
294 414
294 431
294 434
294 449
294 454
295 355
295 409
295 430
295 471
295 493
296 300
296 301
296 303
296 349
296 364
296 391
296 425
296 498
297 303
297 394
297 482
297 483
298 362
298 366
298 376
298 454
299 314
299 318
299 330
299 419
300 313
300 335
300 352
300 419
300 420
300 426
301 310
301 315
301 318
301 364
301 376
301 384
301 396
301 476
301 490
302 307
302 316
302 317
302 324
302 336
302 398
302 439
302 453
302 473
302 484
303 340
303 345
303 363
303 422
303 433
303 459
303 483
304 314
304 382
304 417
304 423
304 427
304 454
304 472
304 491
305 327
305 379
305 388
305 390
305 433
305 464
306 311
306 324
306 361
306 416
306 445
306 493
307 313
307 315
307 374
307 396
307 406
307 430
307 457
308 338
308 358
308 367
308 383
308 392
308 456
309 326
309 360
309 377
309 442
309 488
310 371
310 467
311 314
311 395
311 418
311 457
311 482
312 329
312 371
312 437
312 455
312 470
312 484
312 497
313 315
313 343
313 426
313 500
314 399
314 414
314 482
315 316
315 330
315 355
315 376
315 382
315 406
315 434
315 448
315 454
315 460
315 467
316 405
316 479
316 491
316 497
317 334
317 350
317 351
317 371
317 394
317 403
317 429
317 481
317 493
318 319
318 333
318 345
318 382
318 422
319 327
319 335
319 371
319 383
319 394
319 482
319 484
319 486
319 494
320 372
320 392
320 420
320 462
320 474
320 497
321 357
321 362
321 414
321 434
321 448
322 335
322 467
323 331
323 347
323 353
323 364
323 369
323 372
323 392
323 422
323 441
323 481
323 490
323 491
324 358
324 366
324 377
324 395
324 417
324 423
324 470
325 359
325 403
325 416
326 338
326 360
326 399
326 413
326 415
326 469
327 331
327 332
327 334
327 340
327 354
327 356
328 340
328 398
328 413
328 437
328 468
328 475
329 338
329 367
329 377
329 380
329 384
329 401
329 411
329 429
329 495
330 383
330 407
330 408
330 441
330 471
330 479
330 493
331 354
331 374
331 421
331 429
331 448
331 485
332 356
332 429
332 435
332 495
333 452
333 468
333 472
334 380
334 428
334 449
335 381
335 398
335 444
335 500
336 339
336 352
336 419
336 428
336 456
336 459
337 341
337 382
337 428
337 436
337 457
338 406
338 428
338 453
338 489
338 493
339 376
339 389
339 411
339 450
339 451
339 468
339 500
340 392
340 404
340 439
340 460
341 344
341 385
341 405
341 412
341 481
342 370
342 386
342 406
342 422
342 466
343 358
343 401
343 405
343 418
343 445
343 467
343 476
344 348
344 352
344 372
344 397
344 414
344 442
344 463
344 467
344 471
344 476
344 496
345 379
345 394
345 470
345 475
345 489
346 368
346 372
346 398
346 400
347 360
347 370
347 436
347 445
347 447
347 471
348 350
348 357
348 376
348 379
348 479
349 386
349 402
349 432
350 355
350 368
350 370
350 371
350 375
350 493
351 373
351 400
351 416
351 427
351 485
352 365
352 370
352 379
352 477
352 480
352 489
352 490
353 382
353 425
354 398
354 400
354 418
354 435
354 460
355 415
355 436
355 472
355 484
355 487
355 495
356 364
356 367
356 382
356 407
356 457
357 380
357 405
357 419
357 458
358 397
358 408
358 444
358 446
359 390
359 456
359 483
359 490
360 362
360 388
360 419
360 431
360 434
361 374
361 406
361 419
362 364
362 369
362 413
362 467
362 474
363 403
363 436
363 481
364 375
364 423
364 487
365 409
365 410
365 417
365 455
365 467
366 413
366 431
366 478
367 385
367 438
367 449
368 371
368 449
368 466
368 486
369 403
369 413
369 416
369 432
369 447
369 451
369 485
369 491
370 374
370 415
370 427
370 443
370 448
370 479
371 396
371 409
371 433
371 446
371 454
371 468
371 479
371 488
372 419
372 448
372 481
372 496
373 394
373 420
373 465
373 475
373 485
374 390
374 424
374 435
375 385
375 423
375 466
376 378
376 388
376 402
376 429
376 458
376 498
376 500
377 380
377 392
377 438
377 449
377 454
377 458
377 481
378 391
378 414
378 478
378 489
378 494
380 395
380 415
380 429
381 384
381 388
381 412
381 417
381 445
381 453
382 400
382 402
382 486
383 410
383 411
383 479
383 490
384 419
384 465
385 403
385 457
385 461
385 491
386 406
387 389
387 419
387 426
387 476
388 439
388 453
388 479
388 488
389 426
389 446
389 458
389 474
390 421
390 458
390 467
390 491
390 495
390 499
391 395
391 398
391 418
391 460
391 474
392 410
392 413
392 416
393 416
393 451
393 473
393 489
394 404
394 426
394 453
394 468
394 476
394 493
395 435
395 454
395 493
395 499
396 409
396 440
396 447
396 497
397 409
397 427
397 429
397 441
397 443
397 453
397 467
398 406
398 439
398 474
398 490
398 500
399 443
399 461
399 490
400 411
400 426
400 457
400 470
401 403
401 449
401 453
402 431
402 463
402 476
402 482
403 420
403 435
403 448
404 427
404 457
404 459
405 420
405 453
405 477
406 434
407 432
407 452
407 479
408 420
408 428
408 475
409 479
410 422
410 476
411 443
411 454
412 490
413 499
414 430
414 461
414 475
415 483
415 490
416 464
416 496
418 438
418 458
418 467
419 434
419 441
419 487
420 422
420 454
420 468
420 479
420 493
421 433
421 460
421 463
421 490
422 472
422 490
423 443
423 455
423 456
424 440
426 434
426 466
427 435
427 445
427 448
427 474
427 486
429 495
430 431
430 432
431 434
431 469
432 445
432 460
432 478
432 484
432 486
432 488
432 495
433 484
433 486
434 436
434 453
434 484
435 442
435 444
435 461
435 465
435 484
436 446
436 462
437 452
437 494
438 455
438 456
438 462
438 464
438 475
438 479
439 468
440 454
440 472
440 480
440 497
441 454
441 460
441 461
441 462
441 466
441 470
442 453
442 459
442 477
443 490
443 500
445 460
445 481
446 462
447 456
447 466
447 486
448 451
448 472
449 468
450 452
451 452
452 461
452 479
452 487
452 497
453 475
454 480
454 491
455 467
455 485
455 500
456 477
456 484
458 470
458 494
459 463
460 463
462 468
462 482
463 475
464 473
465 479
466 484
466 493
467 500
468 490
469 474
469 478
469 490
469 498
469 499
470 475
470 484
471 484
471 495
471 497
472 496
473 488
473 499
475 495
476 486
480 485
480 486
481 500
482 487
485 490
488 494
490 498
493 499
