500 1500
1 500
1 3
1 4
1 498
1 409
2 3
2 4
2 500
2 5
2 499
3 4
3 6
3 500
3 441
4 5
4 6
4 7
5 6
5 7
5 8
5 351
6 7
6 8
6 9
6 55
7 8
7 9
7 10
8 9
8 10
8 11
8 477
9 10
9 128
9 120
10 11
10 12
10 13
11 12
11 13
11 14
11 481
12 13
12 14
12 15
13 14
13 15
13 16
14 15
14 16
14 17
14 408
15 16
15 17
15 18
16 17
16 19
16 495
17 18
17 391
17 370
18 19
18 21
18 339
19 20
19 21
19 410
19 221
20 21
20 22
20 35
21 22
21 24
21 485
22 23
22 24
22 25
22 494
23 24
23 25
23 26
24 25
24 26
24 27
24 295
25 26
25 27
25 28
26 27
26 28
26 29
26 55
27 28
27 29
27 30
28 30
28 31
28 426
28 263
29 30
29 31
29 32
29 38
30 31
30 32
30 33
30 167
31 32
31 33
31 34
31 164
31 216
32 33
32 35
32 286
33 34
33 35
33 36
33 382
34 35
34 36
34 37
34 272
35 36
35 37
35 38
36 37
36 38
36 39
37 38
37 39
37 41
38 39
38 41
39 40
39 41
39 284
40 41
40 43
40 311
40 446
41 42
41 285
41 460
42 44
42 45
42 474
43 44
43 45
43 46
44 45
44 46
44 47
45 46
45 48
45 340
45 376
46 47
46 48
46 49
47 48
47 49
47 50
48 50
48 216
48 471
49 50
49 51
49 52
50 51
50 53
50 227
50 134
50 450
51 52
51 53
51 54
51 136
52 53
52 54
52 55
52 117
53 54
53 55
53 56
54 55
54 57
54 345
55 57
55 454
56 57
56 58
56 59
57 58
57 59
57 60
58 59
58 60
58 61
59 61
59 62
59 160
60 61
60 62
60 63
61 63
61 64
61 76
62 63
62 64
62 65
63 64
63 65
63 66
63 238
64 65
64 66
64 67
65 66
65 67
65 68
65 434
66 67
66 68
66 69
67 68
67 69
67 70
68 69
68 70
68 71
69 70
69 71
69 72
70 71
70 72
70 73
71 72
71 73
71 74
72 73
72 74
72 75
73 74
73 75
73 76
74 75
74 76
74 77
75 76
75 78
75 406
76 77
76 78
76 79
76 461
76 85
77 78
77 79
77 80
78 79
78 80
78 81
79 80
79 81
79 82
80 81
80 82
80 83
81 82
81 83
81 360
82 83
82 84
82 85
82 400
83 84
83 85
83 86
84 85
84 87
84 176
85 86
85 88
85 166
85 361
86 87
86 88
86 89
87 88
87 89
87 90
88 89
88 90
88 91
88 412
89 90
89 91
89 92
90 91
90 92
90 93
91 92
91 94
91 136
92 93
92 94
92 95
93 94
93 95
93 96
94 95
94 96
94 97
95 96
95 97
95 98
96 97
96 98
96 202
96 398
97 98
97 100
97 225
98 99
98 101
98 265
99 100
99 101
99 102
99 109
100 101
100 102
100 103
101 102
101 103
101 104
102 104
102 105
102 438
103 104
103 105
103 360
104 105
104 106
104 107
104 154
105 106
105 108
105 336
106 107
106 108
106 109
107 108
107 109
107 110
107 350
108 110
108 111
108 429
109 111
109 112
110 111
110 112
110 113
111 112
111 114
111 463
111 253
111 147
112 113
112 114
112 115
113 114
113 115
113 116
113 437
114 115
114 116
114 181
115 116
115 118
115 421
116 117
116 118
116 119
117 118
117 119
118 119
118 120
118 121
119 120
119 121
119 122
119 398
120 121
120 122
120 123
121 122
121 123
121 124
122 123
122 124
122 125
122 210
123 124
123 125
123 126
124 125
124 126
124 127
125 126
125 127
125 180
125 318
125 461
126 128
126 129
126 459
126 438
127 128
127 129
127 130
128 129
128 130
128 131
129 130
129 131
129 132
130 131
130 132
130 133
131 132
131 133
131 134
132 133
132 134
132 135
133 134
133 135
133 136
133 301
134 135
134 136
135 136
135 137
135 138
135 309
136 138
136 139
137 138
137 140
137 345
138 139
138 140
138 141
139 140
139 141
139 142
140 141
140 142
140 318
140 375
141 143
141 144
141 403
142 143
142 144
142 145
142 255
143 144
143 145
143 410
144 145
144 146
144 147
145 146
145 147
145 148
145 495
146 147
146 148
146 149
147 148
147 149
148 149
148 150
148 181
149 150
149 151
149 152
149 236
149 292
150 152
150 153
150 427
151 153
151 154
151 392
152 153
152 154
152 155
153 154
153 155
153 156
154 155
154 357
155 156
155 157
155 158
156 158
156 159
156 188
157 158
157 159
157 160
158 159
158 160
158 161
159 161
159 162
159 236
160 161
160 162
160 163
161 162
161 163
161 164
162 163
162 164
162 165
163 164
163 165
163 166
164 166
164 167
165 166
165 167
165 168
165 318
166 168
166 169
167 169
167 170
168 169
168 170
168 171
169 170
169 171
169 172
170 171
170 172
170 173
170 355
171 172
171 173
171 174
171 473
172 173
172 174
172 175
173 175
173 176
173 354
174 175
174 176
174 433
175 176
175 177
175 178
175 429
176 177
176 178
176 179
177 178
177 179
177 180
178 179
178 180
178 181
179 180
179 181
179 182
180 182
180 183
181 182
181 184
181 292
182 184
182 185
182 236
183 184
183 185
183 186
184 185
184 186
184 187
185 186
185 187
185 188
185 283
186 187
186 188
186 189
187 188
187 189
187 190
188 189
188 190
188 191
189 190
189 192
189 422
189 458
190 192
190 193
190 485
191 192
191 193
191 194
192 193
192 194
192 195
193 194
193 195
193 196
193 310
194 195
194 196
194 197
194 296
195 196
195 197
195 198
195 368
196 197
196 198
196 199
197 198
197 199
197 200
198 199
198 200
198 201
199 200
199 201
199 202
200 201
200 202
200 203
201 202
201 203
201 204
202 204
202 205
202 235
203 204
203 205
203 206
203 324
204 205
204 206
204 207
205 206
205 207
205 208
206 207
206 208
206 209
207 208
207 209
207 210
208 211
208 356
208 399
209 210
209 211
209 212
210 212
210 352
211 212
211 213
211 214
212 213
212 214
212 215
213 214
213 215
213 216
214 215
214 329
214 281
215 216
215 217
215 218
216 217
216 218
217 218
217 219
217 220
218 219
218 220
218 221
219 220
219 221
219 222
220 221
220 222
220 223
221 222
221 223
221 224
222 223
222 224
222 225
222 375
223 224
223 225
223 226
224 225
224 226
224 227
224 472
225 226
225 227
225 228
226 227
226 228
226 229
227 228
227 230
227 279
228 229
228 230
228 231
229 230
229 231
229 232
230 231
230 232
230 233
231 232
231 234
231 291
232 233
232 234
232 235
233 234
233 235
233 236
234 235
234 236
234 237
235 236
235 237
235 238
236 238
236 391
237 238
237 239
237 240
238 239
238 240
239 240
239 241
239 242
240 241
240 242
240 243
241 242
241 243
241 244
242 243
242 244
242 245
243 244
243 245
243 246
243 465
244 245
244 246
244 247
245 246
245 247
245 248
246 247
246 249
246 422
247 248
247 249
247 250
248 249
248 250
248 251
249 250
249 251
249 252
250 251
250 252
250 253
251 252
251 253
251 254
252 253
252 254
252 255
253 254
253 256
254 255
254 256
254 257
255 256
255 257
255 386
256 257
256 258
256 259
257 258
257 259
257 260
258 259
258 260
258 261
259 260
259 261
259 262
260 261
260 262
260 263
261 262
261 263
261 264
262 263
262 265
262 294
263 264
263 265
264 265
264 266
264 267
265 266
265 267
265 268
265 499
266 267
266 268
266 269
267 268
267 269
267 270
268 269
268 270
268 271
269 270
269 271
269 272
270 271
270 272
270 273
271 272
271 273
271 274
272 273
272 274
273 275
273 276
273 447
273 491
274 275
274 276
274 277
275 276
275 277
275 278
276 277
276 278
276 279
277 278
277 279
277 280
278 279
278 280
278 281
279 280
279 281
279 282
280 281
280 282
280 283
281 282
281 283
281 284
282 283
282 284
282 285
282 338
283 284
283 285
283 450
284 285
284 286
284 287
285 286
285 287
285 288
286 287
286 288
286 289
287 288
287 289
287 290
288 289
288 290
288 291
289 290
289 291
289 292
290 291
290 292
290 293
291 292
291 293
291 294
292 293
292 294
293 294
293 295
293 296
294 295
294 296
294 297
295 297
295 298
296 298
296 299
297 298
297 299
297 300
298 299
298 300
298 301
299 301
299 302
299 404
299 394
300 301
300 302
300 481
301 303
301 304
302 303
302 304
302 305
303 304
303 305
303 306
304 305
304 306
304 307
305 306
305 307
305 308
306 307
306 308
306 440
307 308
307 309
307 310
308 309
308 310
308 311
309 310
309 311
310 313
310 410
311 312
311 313
311 314
312 313
312 314
312 315
312 491
313 314
313 315
313 357
314 315
314 316
314 317
314 498
315 316
315 317
315 318
316 317
316 318
316 319
316 333
317 318
317 319
317 320
318 319
318 441
319 320
319 321
319 322
319 422
320 321
320 322
320 323
321 322
321 323
321 324
322 323
322 324
322 325
323 324
323 325
323 326
324 326
324 327
325 326
325 327
325 328
326 327
326 328
326 329
327 328
327 329
327 330
328 329
328 330
328 331
329 330
329 331
329 332
330 331
330 332
330 333
331 332
331 333
331 334
332 333
332 334
332 335
333 335
333 336
334 335
334 336
334 337
335 336
335 337
335 338
336 337
336 339
336 488
337 338
337 339
337 340
338 339
338 341
339 340
339 341
339 342
340 342
340 343
340 379
341 342
341 343
341 344
342 343
342 344
342 345
343 344
343 345
343 346
344 345
344 346
344 347
345 346
345 347
345 348
346 347
346 348
346 349
346 448
347 348
347 349
347 350
348 349
348 350
348 351
349 350
349 351
349 352
350 351
350 353
351 352
351 354
352 353
352 354
352 355
353 354
353 355
353 356
354 355
354 356
354 357
355 357
355 358
356 357
356 358
356 359
357 358
357 359
357 360
358 359
358 360
358 361
359 360
359 361
359 362
360 361
360 362
360 363
360 421
361 362
361 364
362 364
362 365
362 481
363 364
363 365
363 366
364 366
364 367
364 500
365 366
365 367
365 368
366 367
366 368
366 369
367 368
367 369
367 370
368 369
368 371
369 370
369 371
369 372
370 371
370 372
370 373
371 372
371 373
371 374
372 373
372 374
372 375
372 385
373 374
373 375
373 376
374 375
374 376
374 377
375 377
375 378
376 377
376 379
376 466
377 378
377 379
377 380
378 379
378 380
378 381
379 381
379 382
380 381
380 382
380 383
381 382
381 383
381 384
382 383
382 384
383 384
383 386
383 485
384 385
384 386
384 387
385 387
385 388
386 387
386 389
387 388
387 389
387 390
388 389
388 390
388 391
389 390
389 392
389 464
390 391
390 392
390 393
391 392
391 393
391 394
392 393
392 394
392 395
393 394
393 395
393 396
394 395
394 396
395 396
395 397
395 398
396 397
396 398
396 399
397 398
397 399
397 400
398 400
399 400
399 401
399 402
400 401
400 403
401 402
401 403
401 404
402 403
402 404
402 405
403 405
403 406
403 491
404 405
404 406
404 407
405 406
405 407
405 408
406 407
406 408
406 409
407 408
407 409
407 410
408 409
408 411
409 410
409 411
409 412
410 411
410 413
411 412
411 413
411 414
412 413
412 415
413 414
413 415
413 416
414 415
414 416
414 488
415 416
415 417
415 418
416 417
416 418
416 419
417 418
417 419
417 420
418 419
418 420
418 421
419 420
419 421
419 422
419 440
420 421
420 422
420 423
421 423
421 424
422 424
422 425
422 459
423 424
423 425
423 426
424 425
424 426
424 427
425 426
425 427
425 499
426 427
426 428
426 429
427 428
427 429
427 430
428 429
428 430
428 431
429 430
429 432
430 431
430 432
430 433
431 432
431 433
431 434
432 433
432 434
432 435
433 434
433 435
433 436
434 437
434 499
435 436
435 437
435 438
436 437
436 438
436 439
437 438
437 439
438 439
438 441
438 458
439 440
439 441
439 442
440 442
440 443
441 442
441 443
442 443
442 444
442 445
443 444
443 445
443 446
444 445
444 446
444 447
445 446
445 447
445 448
446 447
446 448
447 448
447 449
447 450
448 450
448 451
449 450
449 451
449 452
450 451
451 452
451 454
451 471
452 453
452 454
452 455
453 454
453 455
453 456
454 455
454 457
455 456
455 457
455 458
456 457
456 458
456 459
457 458
457 459
457 460
458 460
459 460
459 461
460 461
460 462
460 463
461 463
462 463
462 464
462 465
463 464
463 465
463 466
464 465
464 466
464 467
465 466
465 468
466 467
466 468
466 469
467 468
467 469
467 470
468 469
468 470
468 471
469 470
469 471
469 472
470 471
470 472
470 473
471 472
471 473
471 474
472 473
472 475
473 475
473 476
474 475
474 476
474 477
475 476
475 477
475 478
476 477
476 478
476 479
477 478
477 479
478 479
478 480
478 481
479 480
479 481
479 482
480 481
480 482
480 483
481 482
481 484
482 483
482 484
482 485
483 484
483 485
483 486
484 485
484 486
484 487
485 486
485 487
485 488
486 487
486 488
486 489
487 488
487 489
487 490
488 489
488 490
488 491
489 490
489 491
489 492
490 491
490 492
490 493
491 493
492 493
492 494
492 495
493 494
493 495
493 496
494 496
494 497
495 496
495 497
496 497
496 498
496 499
497 498
497 499
497 500
498 499
499 500
