2000 9951
1 46
1 502
1 562
1 698
1 1063
1 1474
1 1800
1 1906
2 22
2 34
2 167
2 207
2 521
2 1244
2 1681
2 1797
2 1816
2 1834
2 1910
3 296
3 967
3 988
3 1118
3 1661
4 11
4 188
4 346
4 365
4 871
4 929
4 988
4 995
4 1020
4 1717
5 86
5 112
5 152
5 198
5 694
5 904
5 1064
5 1228
5 1336
5 1432
5 1536
5 1694
5 1719
5 1752
5 1921
6 23
6 182
6 226
6 537
6 893
6 1364
6 1742
7 159
7 180
7 257
7 476
7 731
7 973
7 1031
7 1330
7 1367
7 1373
7 1419
7 1607
7 1668
7 1909
7 1937
8 57
8 143
8 282
8 1543
8 1634
8 1675
8 1681
8 1955
9 127
9 662
9 663
9 1442
10 116
10 167
10 196
10 285
10 450
10 593
10 894
10 902
10 1273
10 1316
10 1718
10 1800
10 1971
11 12
11 168
11 170
11 215
11 319
11 718
11 875
11 901
11 1031
11 1376
11 1607
11 1681
11 1801
12 235
12 389
12 582
12 1129
12 1148
12 1157
12 1416
12 1679
13 195
13 611
13 920
13 954
13 1049
13 1095
13 1288
13 1330
13 1385
13 1522
13 1665
13 1944
13 1949
13 1993
14 109
14 132
14 137
14 176
14 687
14 743
14 886
14 1792
14 1932
14 1979
15 120
15 384
15 1052
15 1473
15 1521
15 1603
16 28
16 40
16 181
16 182
16 584
16 850
16 1335
16 1563
16 1740
16 1843
16 1943
17 208
17 456
17 519
17 543
17 588
17 690
17 749
17 922
17 1067
17 1179
17 1252
17 1338
17 1383
17 1862
18 30
18 114
18 190
18 194
18 350
18 395
18 698
18 748
18 907
18 914
18 980
18 1087
18 1097
18 1110
18 1408
18 1628
18 1804
18 1961
18 1995
19 42
19 290
19 363
19 697
19 795
19 1071
19 1126
19 1266
19 1345
20 139
20 237
20 249
20 278
20 465
20 587
20 670
20 742
20 1033
20 1220
20 1369
20 1388
20 1856
20 1955
21 327
21 364
21 547
21 659
21 668
21 781
21 832
21 873
21 874
21 888
21 1010
21 1314
21 1685
21 1750
22 225
22 672
22 719
22 890
22 904
22 911
22 964
22 1197
22 1261
22 1407
22 1427
22 1579
22 1648
22 1656
22 1797
23 224
23 265
23 421
23 665
23 691
23 905
23 1107
23 1193
23 1274
23 1408
23 1420
23 1617
23 1671
23 1843
23 1877
23 1964
24 536
24 974
24 1071
24 1415
24 1441
24 1483
25 96
25 457
25 880
25 1138
25 1149
25 1323
25 1355
25 1629
26 159
26 161
26 223
26 604
26 688
26 726
26 755
26 960
26 1155
26 1439
27 863
27 1011
27 1304
27 1518
27 1583
27 1604
27 1742
27 1748
27 1787
27 1798
27 1864
28 355
28 441
28 560
28 590
28 601
28 1189
28 1211
28 1510
29 393
29 448
29 554
29 626
29 631
29 730
29 732
29 1021
29 1138
29 1151
29 1198
29 1270
29 1745
30 77
30 110
30 313
30 452
30 547
30 562
30 740
30 959
30 986
30 1096
30 1268
30 1830
31 223
31 368
31 386
31 1137
31 1139
31 1210
31 1317
31 1324
31 1349
31 1381
32 289
32 313
32 1021
32 1033
32 1186
32 1459
32 1691
32 1983
33 89
33 121
33 268
33 469
33 547
33 632
33 998
33 1055
33 1596
34 85
34 97
34 754
34 1428
34 1588
35 109
35 347
35 373
35 849
35 855
35 977
35 1254
35 1439
35 1650
35 1906
36 435
36 499
36 636
36 1216
36 1360
36 1483
36 1528
36 1548
36 1632
36 1927
36 1952
36 1975
37 429
37 593
37 615
37 909
37 1174
37 1417
37 1503
37 1823
38 1072
38 1143
38 1327
38 1766
38 1796
39 565
39 611
39 912
39 962
39 1068
39 1511
39 1853
40 176
40 398
40 410
40 489
40 575
40 1054
40 1130
40 1162
40 1287
40 1623
40 1693
40 1723
41 128
41 132
41 232
41 304
41 348
41 528
41 731
41 963
41 1051
41 1263
41 1523
41 1554
41 1823
42 353
42 397
42 635
42 740
42 807
42 1012
42 1107
42 1201
42 1641
42 1730
42 1746
42 1847
42 1886
43 102
43 388
43 480
43 822
43 982
43 1191
43 1207
43 1250
43 1328
43 1457
43 1481
43 1508
43 1561
43 1639
43 1859
43 1963
44 95
44 254
44 557
44 755
44 886
44 934
44 1279
44 1347
44 1572
44 1863
44 1865
45 313
45 427
45 665
45 905
45 1630
45 1708
45 1710
46 67
46 339
46 657
46 862
46 1030
46 1083
46 1209
46 1731
47 130
47 382
47 968
47 1357
47 1439
47 1638
47 1782
48 80
48 518
48 679
48 728
48 804
48 1088
48 1115
48 1299
48 1668
48 1924
49 82
49 337
49 414
49 444
49 601
49 649
49 827
49 927
49 1068
49 1193
49 1216
49 1605
49 1759
49 1972
50 67
50 573
50 1473
51 256
51 333
51 535
51 709
51 714
51 1122
51 1194
51 1197
51 1337
51 1386
51 1649
51 1790
51 1993
52 125
52 364
52 476
52 617
52 852
52 1081
52 1196
52 1251
52 1583
52 1816
52 1889
53 85
53 223
53 306
53 788
53 793
53 891
53 1150
53 1321
53 1404
54 144
54 636
54 1253
54 1574
54 1634
54 1778
54 1837
55 147
55 222
55 609
55 1103
55 1234
55 1413
55 1467
55 1617
55 1746
55 1750
55 1836
55 1880
55 1987
56 60
56 332
56 337
56 845
56 1131
56 1141
56 1345
56 1768
57 87
57 108
57 349
57 519
57 569
57 665
57 713
57 816
57 886
57 1316
57 1351
57 1792
58 70
58 159
58 598
58 771
58 796
58 805
58 1125
58 1128
58 1199
58 1354
58 1783
59 373
59 439
59 531
59 796
59 859
59 1120
59 1282
59 1626
59 1670
59 1940
60 138
60 396
60 434
60 724
60 1052
60 1486
60 1530
60 1603
60 1655
60 1926
61 482
61 541
61 733
61 838
61 840
61 852
61 1221
61 1270
61 1343
61 1435
61 1500
61 1552
61 1564
61 1759
61 1815
61 1864
61 1962
62 64
62 222
62 296
62 677
62 722
62 727
62 1198
62 1535
62 1976
63 395
63 653
63 685
63 850
63 917
63 974
63 1036
63 1102
63 1397
63 1953
63 1988
64 163
64 194
64 250
64 822
64 1468
65 191
65 378
65 719
65 1347
65 1497
65 1651
66 713
66 752
66 809
66 1251
66 1620
67 127
67 280
67 800
67 873
67 1314
67 1354
67 1720
67 1877
68 74
68 186
68 590
68 707
68 907
69 182
69 291
69 437
69 508
69 513
69 577
69 728
69 1136
69 1732
70 602
70 718
70 801
70 921
70 971
70 1022
70 1072
70 1119
70 1237
70 1360
70 1418
70 1439
70 1445
70 1514
70 1784
71 92
71 183
71 193
71 393
71 1532
71 1703
71 1914
72 149
72 616
72 792
72 1013
72 1389
72 1760
72 1881
72 1944
72 1994
73 139
73 290
73 407
73 515
73 589
73 745
73 923
73 959
73 988
73 1174
73 1181
73 1248
73 1475
73 1676
73 1907
74 238
74 304
74 568
74 573
74 732
74 1026
74 1339
74 1393
74 1406
74 1570
75 108
75 652
75 913
75 1056
75 1839
76 257
76 378
76 384
76 856
76 883
76 997
76 1065
76 1491
76 1556
76 1569
76 1610
76 1645
76 1728
76 1874
77 183
77 430
77 780
77 813
77 943
77 1102
77 1110
77 1308
77 1419
77 1432
77 1670
77 1859
77 1917
78 188
78 432
78 437
78 564
78 1333
78 1403
78 1469
78 1815
79 98
79 219
79 233
79 316
79 328
79 649
79 710
79 978
79 1213
79 1296
79 1395
79 1638
79 1773
80 704
80 747
80 806
80 817
80 954
80 1146
80 1423
80 1827
80 1852
81 176
81 489
81 541
81 755
81 840
81 1240
81 1382
81 1476
81 1558
81 1567
81 1891
81 1959
82 151
82 337
82 634
82 786
82 862
82 900
82 970
82 973
82 1314
82 1471
82 1803
82 1826
83 132
83 226
83 630
83 733
83 769
83 1569
83 1655
83 1782
83 1841
84 303
84 457
84 830
84 1021
84 1034
84 1210
84 1712
84 1822
84 1985
85 137
85 145
85 319
85 497
85 507
85 695
85 703
85 1152
85 1645
85 1848
85 1925
86 558
86 826
86 902
86 945
86 953
86 1136
86 1298
86 1493
86 1494
86 1750
87 190
87 711
87 761
87 1045
87 1129
87 1144
87 1542
87 1689
87 1695
87 1862
88 478
88 800
88 915
88 956
88 1318
88 1342
88 1574
88 1777
88 1822
88 1847
89 147
89 605
89 908
89 1122
89 1642
89 1760
90 264
90 326
90 538
90 954
90 1022
90 1507
90 1857
90 1959
91 832
91 932
91 1417
91 1437
91 1536
92 694
92 894
92 934
92 1017
92 1027
92 1083
92 1156
92 1391
92 1644
92 1776
93 145
93 468
93 518
93 694
93 752
93 1003
93 1082
93 1311
93 1331
93 1434
93 1501
93 1886
93 1938
94 109
94 468
94 720
94 769
94 822
94 971
94 1241
94 1553
94 1576
94 1696
94 1742
95 456
95 561
95 801
95 839
95 929
95 1437
95 1579
95 1616
95 1793
95 1838
96 153
96 651
96 698
96 817
96 905
96 1060
96 1314
96 1435
96 1801
97 144
97 236
97 268
97 441
97 654
97 795
97 830
97 1144
97 1193
97 1376
97 1630
97 1644
97 1833
98 374
98 1319
98 1334
98 1372
98 1675
98 1755
98 1820
99 528
99 1039
99 1357
99 1412
99 1653
99 1825
100 176
100 195
100 388
100 397
100 533
100 797
100 952
100 997
100 1034
100 1048
100 1264
100 1380
100 1506
100 1696
100 1915
100 1962
100 1992
101 172
101 673
101 1180
101 1384
101 1870
101 1907
102 319
102 755
102 996
102 1018
102 1023
102 1243
102 1478
102 1614
102 1742
102 1879
103 298
103 411
103 746
103 861
103 1655
103 1709
103 1925
103 1999
104 246
104 711
104 952
104 1124
104 1310
104 1844
104 1896
105 147
105 166
105 365
105 508
105 608
105 754
105 1080
105 1083
105 1395
105 1550
105 1655
105 1920
106 561
106 596
106 729
106 1020
106 1229
106 1338
106 1339
106 1701
106 1839
106 1960
107 303
107 619
107 736
107 1107
107 1349
107 1400
107 1444
107 1494
107 1617
107 1660
107 1726
107 1961
108 228
108 481
108 876
108 1153
109 248
109 360
109 766
109 814
109 1141
109 1380
109 1437
109 1742
109 1852
109 1945
110 185
110 245
110 426
110 533
110 549
110 620
110 675
110 832
110 842
110 859
110 1000
110 1075
110 1215
110 1443
110 1573
110 1764
111 115
111 236
111 650
111 762
111 795
111 1048
111 1076
111 1096
111 1108
111 1251
111 1344
112 622
112 824
112 875
112 878
112 1043
112 1636
112 1719
113 138
113 471
113 709
113 720
113 960
113 1033
113 1074
113 1151
113 1869
114 238
114 305
114 358
114 554
114 636
114 678
114 825
114 921
114 988
114 994
114 1178
114 1231
114 1609
114 1634
114 1732
114 1908
115 737
115 948
115 1316
115 1458
116 345
116 407
116 649
116 900
116 940
116 1447
116 1701
116 1722
116 1897
116 1940
116 1941
117 605
117 936
117 1125
117 1143
117 1610
117 1780
117 1792
117 1820
117 1824
118 175
118 557
118 691
118 767
118 815
118 959
118 1037
118 1279
118 1466
118 1478
118 1515
118 1905
118 1927
119 207
119 604
119 888
119 1028
119 1126
119 1153
119 1184
119 1196
119 1310
119 1646
119 1760
119 1839
119 1890
120 151
120 865
120 960
120 1021
120 1132
120 1155
120 1453
120 1727
121 205
121 230
121 261
121 513
121 673
121 795
121 1065
121 1134
121 1138
121 1163
121 1330
121 1340
121 1352
121 1429
121 1723
121 1847
122 166
122 228
122 341
122 678
122 1552
122 1675
122 1720
122 1736
122 1797
123 435
123 1013
123 1349
123 1365
123 1487
123 1857
123 1911
123 1932
124 249
124 525
124 619
124 741
124 1293
124 1547
124 1652
124 1810
124 1849
124 1892
124 1964
124 1968
125 343
125 704
125 982
125 1351
125 1538
125 1563
125 1586
125 1753
125 1829
126 182
126 292
126 388
126 536
126 667
126 1482
126 1783
126 1836
126 1942
127 250
127 372
127 493
127 701
127 1195
127 1619
127 1711
127 1727
128 380
128 672
128 699
128 731
128 748
128 1060
128 1324
128 1553
128 1994
129 284
129 443
129 788
129 1172
129 1313
129 1333
129 1656
129 1666
130 156
130 193
130 300
130 380
130 410
130 460
130 483
130 667
130 722
130 771
130 773
130 918
130 1453
130 1798
131 158
131 283
131 316
131 326
131 544
131 723
131 762
131 787
131 906
131 919
131 937
131 1022
131 1115
131 1700
131 1805
131 1907
132 318
132 451
132 605
132 871
132 929
132 984
132 1007
132 1193
132 1268
132 1493
132 1503
132 1765
133 175
133 249
133 631
133 739
133 767
133 943
133 1081
133 1191
133 1437
133 1519
133 1704
133 1990
134 190
134 362
134 393
134 589
134 679
134 855
134 920
134 1024
134 1045
135 184
135 436
135 939
135 1354
135 1609
135 1632
135 1826
135 1840
135 1848
135 1881
135 1882
136 172
136 186
136 275
136 371
136 378
136 588
136 912
136 963
136 1027
136 1071
136 1191
136 1228
136 1787
137 342
137 988
137 1139
137 1870
137 1988
137 1998
138 585
138 639
138 770
138 839
138 968
138 1220
138 1723
138 1781
138 1976
139 227
139 447
139 520
139 736
139 1030
139 1110
139 1155
139 1199
139 1214
139 1685
139 1775
139 1821
140 156
140 452
140 938
140 949
140 992
140 1032
140 1093
140 1188
140 1251
140 1553
140 1729
141 237
141 243
141 361
141 766
141 878
141 893
141 1107
141 1187
141 1198
141 1312
141 1665
141 1741
141 1755
141 1844
141 1917
142 215
142 505
142 522
142 555
142 570
142 657
142 664
142 686
142 1099
142 1296
142 1484
142 1662
142 1771
142 1795
143 294
143 430
143 524
143 539
143 848
143 976
143 989
143 1215
143 1231
143 1499
143 1574
143 1827
143 1928
144 476
144 607
144 953
144 1053
144 1055
144 1134
144 1400
144 1454
144 1538
144 1893
144 1903
145 489
145 537
145 595
145 671
145 740
145 1306
145 1361
145 1412
145 1569
145 1583
145 1928
146 249
146 297
146 340
146 404
146 719
146 802
146 1237
146 1498
146 1729
147 157
147 303
147 309
147 461
147 816
147 1174
147 1220
147 1914
148 160
148 331
148 652
148 869
148 985
148 1057
148 1213
148 1320
148 1523
148 1731
148 1835
149 250
149 389
149 399
149 888
149 1262
149 1395
149 1540
149 1618
149 1963
150 304
150 348
150 426
150 447
150 524
150 644
150 861
150 1078
150 1172
150 1176
150 1201
150 1231
150 1306
150 1376
150 1468
150 1619
150 1952
151 410
151 416
151 506
151 930
151 1054
151 1277
151 1568
152 307
152 533
152 552
152 1017
152 1035
152 1095
152 1464
152 1910
153 238
153 544
153 569
153 762
153 916
153 939
153 1471
153 1666
153 1784
154 456
154 728
154 939
154 1215
154 1235
154 1348
154 1384
154 1546
155 215
155 257
155 346
155 708
155 945
155 1355
155 1439
155 1500
155 1672
156 247
156 329
156 407
156 880
156 989
156 1118
156 1318
156 1531
156 1789
156 1870
157 209
157 481
157 681
157 700
157 749
157 1291
157 1462
157 1487
157 1619
157 1628
157 1650
158 243
158 615
158 787
158 1206
158 1233
158 1394
158 1530
158 1805
158 1974
158 1988
159 186
159 250
159 1252
159 1366
159 1504
159 1706
159 1939
160 307
160 624
160 647
160 648
160 1309
160 1550
161 306
161 311
161 519
161 739
161 1081
161 1248
161 1270
161 1319
161 1380
161 1456
161 1609
161 1665
161 1675
161 1758
161 1768
161 1853
161 1940
161 1946
162 239
162 290
162 448
162 723
162 1383
162 1446
162 1487
162 1538
162 1803
162 1815
163 547
163 620
163 952
163 967
163 1339
163 1459
163 1605
163 1904
164 475
164 747
164 876
164 954
164 982
164 1659
165 315
165 414
165 560
165 893
165 898
165 1023
165 1773
165 1777
165 1880
165 1900
165 1924
166 600
166 641
166 975
166 1074
166 1186
166 1311
166 1389
166 1437
166 1440
166 1669
166 1743
166 1763
167 516
167 566
167 801
167 1074
167 1778
167 1897
167 1931
168 494
168 956
168 1130
168 1204
168 1389
168 1793
168 1835
168 1867
169 239
169 312
169 384
169 619
169 777
169 1585
169 1837
169 1984
170 585
170 636
170 653
170 657
170 704
170 731
170 763
170 1648
170 1850
171 537
171 1005
171 1200
171 1315
171 1338
171 1634
171 1644
172 197
172 1201
172 1538
172 1773
172 1783
172 1951
173 635
173 836
173 1019
173 1276
173 1482
173 1545
173 1584
174 264
174 530
174 725
174 789
174 1005
174 1211
174 1269
174 1927
175 404
175 614
175 932
175 1259
175 1559
175 1753
175 1775
175 1925
176 1169
176 1353
176 1358
176 1522
176 1886
177 192
177 716
177 946
177 1044
177 1149
177 1493
177 1521
177 1543
177 1590
177 1731
177 1732
177 1974
178 467
178 485
178 539
178 950
178 1026
178 1736
178 1738
179 190
179 411
179 543
179 937
179 943
179 1287
179 1582
179 1654
179 1806
180 1002
180 1068
180 1281
180 1572
180 1726
180 1791
181 713
181 963
181 979
181 1223
181 1270
181 1315
181 1460
181 1798
182 537
182 623
182 1062
182 1229
182 1249
182 1265
182 1345
182 1405
182 1450
182 1473
182 1838
182 1868
183 565
183 642
183 672
183 931
183 1174
183 1309
183 1634
183 1774
183 1865
183 1988
184 225
184 368
184 411
184 700
184 809
184 1000
184 1294
184 1352
184 1562
184 1843
184 1869
184 1914
185 362
185 480
185 1055
185 1272
185 1300
185 1359
185 1396
185 1917
185 1919
185 1996
186 568
186 1095
186 1705
186 1986
187 456
187 645
187 819
187 930
187 982
187 1026
187 1313
187 1322
187 1561
187 1694
188 224
188 442
188 480
188 754
188 997
188 1008
188 1009
188 1465
188 1745
188 1855
189 260
189 363
189 479
189 950
189 953
189 1188
189 1280
189 1550
189 1745
189 1777
189 1858
190 744
190 750
190 854
190 1183
190 1300
190 1612
190 1720
190 1747
190 1776
190 1930
191 231
191 1087
191 1196
191 1336
191 1374
191 1384
191 1562
192 261
192 308
192 316
192 850
192 1127
192 1187
192 1490
192 1588
192 1603
192 1662
192 1878
193 479
193 741
193 1185
193 1470
193 1551
193 1585
193 1699
194 325
194 514
194 558
194 632
194 1118
194 1901
194 1902
195 196
195 202
195 528
195 670
195 747
195 794
195 1223
195 1320
195 1373
195 1399
195 1527
195 1637
195 1936
196 286
196 460
196 716
196 895
196 1484
196 1844
197 248
197 343
197 613
197 732
197 911
197 914
197 1070
197 1253
197 1370
197 1379
197 1467
197 1507
197 1660
197 1753
197 1993
198 641
198 902
198 948
199 663
199 680
199 749
199 908
199 1022
199 1060
199 1086
199 1236
199 1368
199 1386
200 303
200 315
200 403
200 669
200 1101
200 1178
200 1228
200 1283
200 1337
200 1453
200 1472
200 1530
200 1775
200 1891
201 222
201 659
201 1399
201 1768
201 1945
202 371
202 513
202 1894
203 419
203 475
203 601
203 778
203 928
203 1254
203 1362
203 1525
203 1543
203 1770
203 1775
203 1967
204 213
204 346
204 923
204 1316
204 1513
204 1681
205 272
205 326
205 608
205 609
205 912
205 1309
205 1359
205 1435
205 1625
205 1693
206 236
206 550
206 898
206 1276
206 1287
206 1360
206 1477
206 1625
206 1655
207 510
207 629
207 1422
207 1812
207 1828
207 1839
208 252
208 451
208 843
208 903
208 1065
208 1254
208 1259
208 1423
208 1563
208 1731
208 1837
209 311
209 698
209 701
209 756
209 832
209 1124
209 1209
209 1421
210 348
210 922
210 972
210 1111
210 1812
211 452
211 751
211 1057
211 1497
211 1734
211 1775
211 1880
211 1930
212 1002
212 1462
212 1557
212 1595
212 1761
212 1769
213 456
213 947
213 971
213 1055
213 1437
213 1898
214 292
214 510
214 531
214 555
214 668
214 716
214 845
214 1103
214 1256
214 1283
214 1505
214 1872
215 327
215 506
215 675
215 858
215 1094
215 1337
215 1442
215 1475
215 1636
216 318
216 751
216 1206
216 1306
216 1514
216 1717
216 1930
217 531
217 605
217 614
217 1297
217 1960
218 371
218 393
218 416
218 421
218 506
218 921
218 963
218 1163
218 1254
218 1309
218 1583
218 1621
218 1797
218 1851
219 281
219 524
219 615
219 684
219 1049
219 1060
219 1082
219 1858
220 366
220 388
220 499
220 732
220 744
220 1302
220 1467
220 1478
220 1482
220 1529
220 1577
220 1701
220 1726
220 1908
220 1913
221 570
221 756
221 766
221 1039
221 1137
221 1809
222 246
222 511
222 572
222 815
222 895
222 1154
222 1238
222 1565
222 1608
222 1949
222 1974
223 352
223 483
223 581
223 899
223 1270
223 1622
223 1650
223 1670
223 1987
224 464
224 1065
224 1101
224 1216
224 1555
224 1637
224 1827
224 1937
225 817
225 1008
225 1162
225 1173
225 1395
225 1453
225 1672
225 1686
225 1725
226 592
226 633
226 807
226 904
226 1156
226 1184
226 1314
226 1343
226 1440
226 1881
226 1884
226 1925
226 1930
227 273
227 387
227 465
227 627
227 1224
227 1355
227 1435
227 1499
227 1512
227 1662
227 1941
228 250
228 472
228 1188
228 1253
228 1283
229 295
229 552
229 706
229 778
229 1032
229 1092
229 1209
229 1317
229 1543
229 1792
229 1910
230 361
230 415
230 851
230 943
230 987
230 1101
230 1605
230 1931
231 239
231 637
231 964
231 1028
231 1278
231 1325
231 1491
231 1575
231 1597
231 1818
231 1909
231 1965
231 1966
231 1995
232 388
232 683
232 1291
232 1526
233 605
233 663
233 695
233 714
233 967
233 972
233 1056
233 1240
233 1257
233 1351
233 1365
233 1880
234 488
234 706
234 810
234 982
234 1089
234 1143
234 1342
234 1597
234 1630
234 1684
234 1745
234 1819
235 418
235 428
235 491
235 555
235 973
235 1060
235 1362
235 1391
235 1399
235 1443
236 653
236 1065
236 1539
236 1722
236 1794
236 1831
236 1931
237 243
237 478
237 586
237 595
237 707
237 791
237 889
237 1828
238 323
238 494
238 565
238 645
238 851
238 1007
238 1330
238 1346
238 1440
238 1448
238 1625
238 1952
239 442
239 451
239 648
239 1207
239 1455
239 1668
239 1839
239 1968
240 870
240 1175
240 1340
241 316
241 366
241 449
241 564
241 567
241 583
241 1074
241 1668
241 1672
241 1699
241 1985
242 263
242 724
242 835
242 953
242 1523
242 1676
242 1779
242 1889
242 1893
242 1964
243 342
243 481
243 522
243 655
243 769
243 934
243 1003
243 1172
243 1235
243 1337
243 1615
244 481
244 591
244 756
244 783
244 870
244 871
244 916
244 951
245 274
245 469
245 934
245 936
245 1069
245 1199
245 1418
245 1595
246 430
246 460
246 736
246 784
246 1061
246 1252
246 1312
246 1649
246 1690
247 313
247 903
247 1001
247 1283
247 1482
247 1711
247 1885
248 286
248 300
248 402
248 1087
248 1375
248 1550
248 1827
248 1962
248 1971
249 331
249 698
249 776
249 858
249 893
249 986
249 1000
249 1275
249 1370
249 1479
249 1550
250 393
250 732
250 751
250 1179
250 1540
250 1925
250 1935
250 1937
250 1976
251 785
251 876
251 1103
251 1552
251 1568
251 1573
251 1693
252 551
252 844
252 1338
252 1457
252 1666
252 1812
252 1969
253 558
253 931
253 989
253 1053
253 1083
253 1197
253 1249
253 1464
253 1682
253 1715
254 298
254 723
254 974
254 1029
254 1301
254 1363
254 1399
254 1586
254 1743
255 632
255 997
255 1040
255 1099
255 1476
255 1593
255 1686
255 1861
256 1135
256 1213
256 1347
256 1391
256 1417
257 921
257 990
257 1047
257 1327
257 1370
257 1768
257 1955
258 352
258 453
258 477
258 621
258 725
258 733
258 739
258 922
258 1168
258 1549
258 1657
258 1660
258 1691
258 1718
258 1857
259 300
259 393
259 605
259 703
259 727
259 1039
259 1205
259 1277
259 1491
259 1856
260 354
260 650
260 720
260 807
260 819
260 987
260 1661
260 1881
260 1995
261 417
261 803
261 938
261 999
261 1047
261 1203
261 1440
261 1447
261 1542
261 1625
261 1888
261 1997
262 631
262 917
262 1223
262 1439
262 1636
262 1647
263 415
263 457
263 570
263 661
263 928
263 1021
263 1666
264 372
264 726
264 749
264 972
264 1234
264 1266
264 1316
264 1714
264 1803
265 1503
265 1994
266 574
266 952
266 980
266 1202
266 1339
266 1477
266 1509
266 1527
266 1668
267 568
267 666
267 755
267 1099
267 1145
267 1165
267 1201
267 1458
267 1785
267 1863
268 989
268 1397
268 1493
268 1531
268 1608
268 1634
268 1673
268 1771
268 1947
268 1948
269 290
269 553
269 777
269 838
269 886
269 973
269 990
269 1050
269 1053
269 1227
269 1428
270 362
270 528
270 964
270 1103
270 1269
270 1472
270 1620
271 1288
271 1689
271 1943
272 380
272 952
272 1068
272 1083
272 1123
272 1384
272 1468
272 1566
272 1706
272 1712
272 1848
273 528
273 651
273 883
273 892
273 894
273 1265
273 1314
273 1371
274 327
274 518
274 715
274 813
274 847
274 930
274 1030
274 1226
274 1584
274 1696
274 1874
275 893
275 1250
276 464
276 789
276 1030
276 1062
276 1147
276 1164
276 1284
276 1449
276 1643
277 436
277 859
277 1056
277 1128
277 1242
277 1498
278 583
278 990
278 1159
278 1362
278 1932
278 1954
279 715
279 992
279 1048
279 1127
279 1208
279 1312
279 1406
279 1652
279 1767
280 293
280 437
280 518
280 790
280 853
280 1086
280 1258
280 1487
280 1679
280 1777
281 379
281 463
281 491
281 596
281 765
281 1480
281 1617
281 1694
281 1830
281 1984
282 526
282 974
282 1233
282 1683
282 1968
283 303
283 336
283 710
283 847
283 1227
283 1333
284 288
284 644
284 978
284 1328
284 1411
284 1458
284 1665
284 1916
285 1164
285 1171
285 1192
285 1344
285 1591
285 1659
286 298
286 584
286 695
286 1087
286 1135
286 1575
286 1881
287 356
287 395
287 959
287 1031
287 1135
287 1139
287 1366
287 1455
287 1544
287 1550
287 1560
287 1670
287 1927
287 1954
287 1998
288 669
288 862
288 1359
288 1695
288 1984
289 805
289 842
289 1284
289 1640
289 1780
289 1817
289 1948
290 735
290 742
290 1054
290 1375
290 1534
290 1654
290 1698
290 1932
291 357
291 551
291 636
291 1096
291 1183
291 1594
292 504
292 812
292 844
292 1131
292 1832
293 299
293 445
293 781
293 1023
293 1193
293 1424
293 1572
293 1669
293 1698
293 1809
294 423
294 463
294 479
294 602
294 608
294 624
294 657
294 770
294 939
294 1006
294 1045
294 1308
295 410
295 583
295 718
295 899
295 980
295 1083
295 1408
295 1474
295 1547
295 1565
295 1582
295 1657
295 1856
295 1950
296 467
296 665
296 748
296 1173
296 1563
296 1949
297 759
297 846
297 1000
297 1256
297 1372
297 1449
297 1560
297 1756
297 1777
297 1840
297 1841
297 1855
297 1924
298 771
298 897
298 1308
298 1610
298 1618
298 1630
298 1770
299 469
299 542
299 642
299 706
299 990
299 1354
299 1787
299 1825
299 1930
300 568
300 1125
300 1367
300 1375
300 1519
300 1565
300 1973
301 875
301 1099
301 1102
301 1336
301 1339
301 1445
301 1446
301 1605
301 1987
302 599
302 724
302 751
302 814
302 900
302 911
302 927
302 1314
302 1592
302 1704
302 1764
303 1253
303 1420
303 1440
303 1768
303 1987
304 396
304 404
304 512
304 514
304 618
304 742
304 1051
304 1412
304 1533
304 1649
305 323
305 573
305 989
305 995
305 1112
305 1193
305 1264
305 1297
305 1414
305 1443
305 1450
305 1604
306 847
306 1237
306 1609
307 369
307 495
307 560
307 650
307 712
307 743
307 1002
307 1156
307 1282
307 1714
307 1852
308 526
308 929
308 1230
308 1348
308 1401
308 1477
308 1895
308 1978
309 405
309 533
309 763
309 1048
309 1197
309 1325
309 1334
309 1407
309 1489
309 1796
310 390
310 455
310 755
310 832
310 1004
310 1083
310 1786
311 657
311 665
311 742
311 830
311 872
311 1132
311 1396
311 1526
311 1561
311 1731
311 1972
312 322
312 410
312 520
312 600
312 739
312 881
312 992
312 1021
312 1398
312 1436
312 1591
312 1633
312 1943
313 1029
313 1345
313 1484
313 1818
313 1973
315 604
315 890
315 974
315 989
315 1224
315 1422
315 1428
315 1448
315 1475
315 1483
315 1601
315 1607
315 1805
315 1849
316 889
316 1078
316 1256
316 1305
316 1553
316 1700
316 1971
317 371
317 377
317 502
317 690
317 891
317 1263
317 1276
317 1345
317 1698
317 1809
318 341
318 465
318 555
318 732
318 1213
318 1245
318 1301
318 1419
318 1537
318 1907
319 427
319 1045
319 1184
319 1243
319 1289
319 1463
319 1483
319 1557
319 1631
319 1640
319 1779
319 1856
319 1860
319 1895
319 1912
320 461
320 508
320 521
320 892
320 903
320 977
320 1109
320 1184
320 1739
320 1781
321 424
321 683
321 1149
321 1236
321 1276
321 1346
321 1984
322 332
322 759
322 783
322 884
322 1355
322 1516
322 1678
322 1821
322 1835
323 391
323 468
323 536
323 744
323 773
323 863
323 1090
323 1232
323 1340
323 1414
323 1550
324 431
324 597
324 741
324 929
324 955
324 1130
324 1451
324 1615
325 388
325 406
325 590
325 615
325 1462
326 589
326 801
326 942
326 1005
326 1619
326 1917
327 423
327 463
327 734
327 806
327 894
327 912
327 1244
327 1692
327 1837
327 1995
328 362
328 601
328 759
328 1063
328 1140
328 1295
328 1603
328 1975
328 1992
329 336
329 721
329 832
329 1182
329 1908
329 1948
329 1959
329 1962
330 549
330 969
330 1000
330 1037
330 1092
330 1162
330 1210
330 1212
330 1438
330 1499
330 1662
330 1823
330 1875
331 509
331 610
331 704
331 744
331 1063
331 1370
331 1510
331 1602
332 716
332 1043
332 1089
332 1199
332 1379
332 1578
332 1619
332 1712
333 584
333 701
333 762
333 767
333 1086
333 1332
333 1452
333 1699
333 1836
334 500
334 890
334 1048
334 1148
334 1389
334 1905
335 710
335 775
335 1119
335 1211
335 1273
335 1391
335 1497
335 1871
335 1960
336 359
336 861
336 935
336 999
336 1036
336 1443
337 436
337 580
337 820
337 858
337 879
337 1099
337 1148
337 1151
337 1176
337 1515
337 1647
337 1782
337 1819
337 1826
338 689
338 774
338 1070
338 1171
338 1258
338 1347
338 1583
339 344
339 353
339 931
339 1137
339 1506
340 739
340 846
340 1040
340 1123
340 1160
340 1822
340 1861
340 1994
341 617
341 880
341 1166
341 1189
341 1283
342 476
342 495
343 661
343 774
343 824
343 1086
343 1261
343 1654
343 1739
343 1913
343 1980
344 583
344 659
344 713
344 806
344 825
344 1234
344 1448
344 1722
344 1959
345 424
345 541
345 698
345 962
346 464
346 587
346 644
346 812
346 1016
346 1199
346 1280
346 1459
346 1851
347 352
347 477
347 481
347 572
347 781
347 804
347 1162
347 1308
347 1347
347 1511
347 1792
347 1873
348 479
348 535
348 742
348 1506
348 1551
348 1941
349 495
349 504
349 626
349 710
349 1056
349 1577
349 1849
349 1945
349 1981
350 384
350 520
350 733
350 757
350 894
350 1214
350 1397
350 1506
350 1705
350 1767
350 1895
350 1967
351 378
351 509
351 891
351 1119
351 1229
351 1706
351 1755
351 1842
352 448
352 778
352 823
352 890
352 923
352 969
352 1140
352 1610
352 1847
353 375
353 389
353 457
353 765
353 927
353 1140
353 1257
353 1932
354 639
354 1016
354 1098
354 1153
354 1527
354 1594
354 1697
354 1801
354 1870
355 372
355 376
355 392
355 396
355 595
355 1193
355 1325
356 412
356 430
356 488
356 539
356 621
356 695
356 979
356 1233
356 1244
356 1480
357 436
357 680
357 792
357 1077
357 1095
357 1149
357 1327
357 1349
357 1712
357 1795
357 1878
358 646
358 705
358 956
358 1006
358 1065
358 1385
358 1410
358 1612
359 529
359 632
359 646
359 750
359 1025
359 1144
359 1321
359 1665
359 1766
359 1908
360 841
360 911
360 939
360 1076
360 1259
360 1271
360 1445
360 1555
360 1618
361 796
361 1163
361 1209
361 1264
361 1604
362 376
362 469
362 505
362 624
362 820
362 1009
362 1100
362 1136
363 812
363 950
363 1229
363 1299
363 1478
363 1523
363 1626
363 1638
363 1861
363 1898
364 543
364 545
364 800
364 1031
364 1213
364 1437
364 1547
364 1597
364 1763
364 1787
364 1928
365 611
365 1094
365 1370
365 1517
365 1684
365 1821
366 471
366 492
366 561
366 849
366 1420
366 1482
366 1503
366 1852
367 791
367 951
367 955
367 965
367 1204
367 1256
367 1387
367 1452
367 1669
367 1795
368 833
368 863
368 1374
368 1407
368 1544
368 1614
368 1826
368 1927
369 514
369 1336
369 1526
369 1874
369 1976
370 371
370 431
370 784
370 1104
370 1381
370 1420
370 1593
371 791
371 868
371 1213
371 1840
371 1964
372 501
372 568
372 604
372 1321
372 1568
372 1739
372 1928
373 645
373 940
373 1104
373 1133
373 1142
373 1280
373 1368
373 1526
373 1800
374 395
374 1012
374 1022
374 1220
374 1274
374 1390
374 1558
374 1622
374 1867
374 1962
375 462
375 679
375 800
375 1313
375 1463
375 1661
375 1678
375 1906
376 534
376 536
376 702
376 1021
376 1468
376 1523
376 1591
376 1818
376 1994
377 418
377 588
377 821
377 1133
377 1507
378 1138
378 1239
378 1322
378 1519
379 539
379 729
379 820
379 895
379 1113
379 1380
379 1536
380 435
380 543
380 549
380 587
380 1072
380 1363
380 1537
380 1570
380 1599
380 1655
381 521
381 567
381 1202
381 1239
381 1447
381 1501
381 1793
381 1919
382 501
382 585
382 593
382 1052
382 1086
382 1506
382 1608
382 1669
382 1709
383 698
383 1017
383 1487
383 1578
383 1630
383 1707
383 1963
384 422
384 550
384 721
384 811
384 1311
384 1361
384 1653
384 1887
384 1888
385 777
385 1264
385 1300
385 1338
385 1462
385 1813
385 1853
385 1862
385 1890
385 1913
386 592
386 644
386 731
386 825
386 978
386 1117
386 1233
386 1339
387 482
387 710
387 750
387 992
387 1080
387 1404
387 1912
388 753
388 973
388 1146
388 1196
388 1313
388 1439
388 1503
388 1583
388 1616
388 1686
388 1797
388 1953
389 427
389 509
389 511
389 641
389 1145
389 1742
389 1851
390 460
390 876
390 879
390 880
390 980
390 1084
390 1507
390 1834
391 416
391 431
391 438
391 703
391 763
391 830
391 920
391 1350
391 1492
391 1672
391 1799
392 486
392 548
392 959
392 1105
392 1281
392 1579
392 1716
393 479
393 710
393 822
393 1050
393 1065
393 1085
393 1109
393 1270
393 1305
393 1393
393 1460
393 1513
393 1598
393 1882
393 1975
393 1995
394 531
394 553
394 610
394 662
394 746
394 840
394 888
394 1008
394 1096
394 1582
394 1585
394 1888
395 653
395 698
395 1124
395 1291
395 1650
395 1687
395 1743
396 666
396 718
396 726
396 760
396 817
396 927
396 1619
397 691
397 827
397 1229
397 1265
397 1641
398 973
398 1088
398 1163
398 1582
398 1647
398 1743
399 491
399 496
399 719
399 1175
399 1222
399 1240
399 1246
399 1456
399 1474
399 1581
399 1637
399 1684
399 1778
399 1784
400 699
400 823
400 1066
400 1159
400 1248
400 1265
400 1411
400 1547
400 1680
400 1903
401 563
401 582
401 741
401 1250
401 1357
401 1564
401 1589
401 1893
402 1412
402 1809
402 1900
402 1999
403 891
403 960
403 991
403 1063
403 1236
403 1286
403 1478
403 1585
403 1683
404 537
404 1458
404 1526
404 1817
404 2000
405 458
405 529
405 1031
405 1241
405 1393
405 1660
406 780
406 973
406 1163
406 1515
406 1549
406 1840
406 1867
406 1930
407 816
407 1212
407 1415
407 1540
407 1650
407 1960
408 498
408 673
408 689
408 736
408 840
408 957
408 1678
409 410
409 507
409 608
409 695
409 848
409 1033
409 1790
409 1793
409 1955
409 1958
410 540
410 694
410 1222
410 1277
410 1281
410 1470
410 1590
410 1877
410 1953
411 474
411 671
411 893
411 1034
411 1593
411 1705
411 1745
411 1883
412 661
412 999
412 1063
412 1446
413 673
413 1002
413 1103
413 1181
413 1431
413 1590
413 1666
413 1679
414 541
414 743
414 804
414 854
414 997
414 1140
414 1236
414 1383
414 1665
414 1685
414 1892
415 456
415 461
415 508
415 674
415 1066
415 1370
415 1638
415 1667
415 1766
416 523
416 741
416 880
416 1270
416 1325
416 1478
416 1612
417 797
417 918
417 1086
417 1222
417 1223
417 1663
417 1698
418 519
418 548
418 824
418 946
418 1259
418 1272
418 1752
418 1783
419 546
419 720
419 753
419 1255
419 1665
420 438
420 786
420 1108
420 1119
420 1495
420 1971
421 457
421 523
421 826
421 836
421 856
421 1169
421 1640
421 1746
421 1800
422 514
422 532
422 695
422 1020
422 1498
422 1766
422 1847
422 1849
423 464
423 1112
423 1228
423 1271
423 1394
423 1427
423 1504
423 1705
424 811
424 1013
424 1096
424 1136
424 1442
424 1931
424 1976
425 507
425 528
425 609
425 770
425 824
425 949
425 1028
425 1243
425 1763
426 511
426 596
426 640
426 696
426 840
426 1327
426 1373
426 1666
426 1740
426 1821
427 498
427 753
427 841
427 844
427 1181
427 1219
427 1329
427 1386
428 436
428 452
428 683
428 918
428 1066
428 1354
428 1516
428 1522
428 1775
429 452
429 918
429 921
429 1302
429 1437
429 1525
429 1591
430 459
430 557
430 571
430 607
430 733
430 1060
430 1194
430 1647
430 1690
430 1750
430 1923
431 687
431 1159
431 1382
431 1453
431 1541
431 1873
432 960
432 1207
432 1396
432 1543
432 1633
432 1738
432 1860
432 1943
433 831
433 902
433 1049
433 1157
433 1174
433 1195
433 1215
433 1345
433 1571
433 1990
434 445
434 659
434 958
434 1773
434 1846
435 1311
435 1940
436 553
436 654
436 698
436 1047
436 1057
436 1509
436 1753
436 1776
437 716
437 1653
438 620
438 752
438 1064
438 1294
438 1340
438 1500
438 1586
438 1710
438 1816
438 1892
438 1975
438 1988
439 468
439 476
439 708
439 1549
439 1778
439 1890
439 1949
440 470
440 508
440 635
440 692
440 1255
440 1263
440 1759
441 1126
441 1745
441 1928
441 1976
442 809
442 832
442 1189
442 1246
442 1298
442 1397
442 1450
442 1529
442 1901
442 1917
442 1990
442 1994
443 633
443 933
443 952
443 1141
443 1217
443 1550
443 1902
443 1904
443 1930
444 832
444 853
444 1068
444 1086
444 1370
444 1402
444 1584
444 1969
445 478
445 823
445 920
445 923
445 1071
445 1178
445 1228
445 1581
445 1805
446 492
446 940
446 972
446 1126
446 1256
446 1505
446 1608
446 1705
446 1804
446 1903
447 560
447 766
447 903
447 1176
447 1437
447 1721
447 1815
447 1842
447 1955
447 1969
447 1982
448 528
448 818
448 896
448 913
448 961
448 1026
448 1265
448 1273
448 1303
448 1466
448 1516
448 1638
448 1700
448 1800
448 1816
448 1993
449 482
449 555
449 560
449 593
449 616
449 623
449 656
449 781
449 1157
449 1640
449 1707
449 1990
450 583
450 588
450 762
450 901
450 1216
450 1217
450 1495
450 1504
450 1636
450 1662
451 463
451 483
451 627
451 784
451 848
451 1633
451 1770
451 1841
452 527
452 911
452 1029
452 1039
452 1063
452 1619
452 1646
452 1876
452 1969
453 705
453 843
453 1365
453 1403
453 1593
453 1655
454 818
454 952
454 1345
454 1434
454 1871
454 1877
455 483
455 611
455 873
455 1075
455 1089
455 1465
455 1919
456 463
456 590
456 779
456 1223
456 1798
456 1999
457 637
457 694
457 1043
457 1473
457 1962
458 817
458 983
458 1068
458 1490
458 1826
458 1873
458 1963
459 582
459 585
459 636
459 1100
459 1453
459 1495
459 1647
459 1784
460 496
460 594
460 767
460 1128
460 1605
460 1701
460 1732
460 1771
460 1775
460 1866
460 1974
460 1993
461 688
461 1106
461 1316
461 1384
461 1767
461 1790
462 502
462 916
462 1113
462 1171
462 1673
462 1706
463 472
463 1119
464 473
464 518
464 721
464 954
464 1129
464 1159
464 1166
464 1438
464 1642
464 1767
464 1842
465 491
465 503
465 653
465 785
465 847
465 965
465 1036
465 1453
465 1792
465 1846
465 1970
466 496
466 703
466 819
466 1063
466 1181
466 1535
466 1669
466 1767
467 482
467 490
467 513
467 589
467 1335
467 1449
467 1462
468 478
468 682
468 815
468 1384
468 1918
468 1967
469 811
469 1109
469 1216
469 1220
469 1426
470 656
470 1020
470 1029
470 1094
470 1186
470 1942
471 572
471 577
471 758
471 839
471 1203
471 1333
471 1369
471 1536
471 1952
472 732
472 1304
472 1407
472 1689
472 1693
473 1006
473 1176
473 1201
473 1480
473 1485
473 1598
473 1641
473 1835
474 542
474 1154
474 1263
474 1299
475 493
475 521
475 693
475 718
475 854
475 999
475 1066
475 1096
475 1106
475 1375
475 1469
475 1690
475 1861
475 1971
476 485
476 1002
476 1079
476 1137
476 1263
476 1447
476 1598
476 1602
476 1642
476 1677
476 1809
476 1957
477 502
477 641
477 645
477 733
477 1130
477 1809
478 481
478 624
478 668
478 877
478 884
478 1092
478 1264
478 1386
478 1895
479 885
479 1024
479 1453
479 1568
480 675
480 709
480 930
480 1000
480 1743
481 954
481 1670
481 1939
481 1949
481 2000
482 508
482 590
482 672
482 1005
482 1055
482 1058
482 1061
483 628
483 648
483 792
483 857
483 920
483 926
483 975
483 979
483 1050
483 1097
483 1529
483 1533
483 1579
483 1598
483 1858
484 765
484 795
484 908
484 1404
484 1411
484 1490
484 1600
484 1806
484 1904
485 504
485 758
485 772
485 1281
485 1731
486 601
486 716
486 1159
486 1248
486 1648
486 1664
486 1911
487 663
487 1117
487 1157
487 1284
487 1286
487 1361
487 1372
487 1507
487 1700
487 1965
488 591
488 856
488 890
488 1060
488 1190
488 1304
488 1491
488 1725
488 1757
488 1855
488 1988
489 914
489 918
489 1784
489 1891
490 613
490 821
490 900
490 1104
490 1145
490 1186
490 1273
490 1776
490 1933
490 1977
490 1988
491 600
491 830
491 1080
491 1125
491 1372
491 1374
491 1466
491 1481
491 1575
491 1718
491 1880
492 659
492 756
492 885
492 1198
492 1316
492 1369
492 1495
492 1759
493 597
493 706
493 949
493 1193
493 1223
493 1508
493 1963
494 569
494 623
494 882
494 919
494 1165
494 1409
494 1426
494 1506
494 1575
494 1580
494 1722
494 1792
495 1365
495 1509
495 1549
495 1914
496 525
496 955
496 1105
496 1272
496 1374
496 1535
496 1575
496 1836
496 1970
497 500
497 590
497 761
497 801
497 925
497 1609
497 1708
498 593
498 810
498 1022
498 1101
498 1207
498 1396
498 1401
498 1439
498 1783
498 1825
499 607
499 731
499 757
499 1263
499 1458
499 1722
499 1881
500 899
500 1402
500 1704
500 1898
501 544
501 870
501 875
501 1806
501 1822
501 1936
501 1969
501 1975
502 525
502 561
502 808
502 823
502 887
502 980
502 1109
502 1233
502 1479
502 1838
503 769
503 857
503 947
503 1014
503 1111
503 1139
503 1197
503 1293
503 1760
503 1802
504 829
504 1079
504 1189
504 1286
504 1813
504 1822
505 1799
506 696
506 804
506 848
506 1021
506 1108
506 1508
506 1592
506 1632
507 1166
507 1221
507 1224
507 1341
507 1966
508 1027
508 1030
508 1199
508 1304
508 1548
508 1653
508 1741
508 1966
509 615
509 849
509 853
509 1077
509 1120
509 1137
509 1510
510 1011
510 1159
510 1379
510 1547
510 1733
511 610
511 931
511 992
511 1379
511 1562
511 1608
511 1627
511 1798
511 1982
512 783
512 1005
512 1089
512 1139
512 1249
512 1712
512 1898
513 592
513 611
513 701
513 753
513 1024
513 1138
513 1271
513 1443
513 1545
513 1671
513 1770
513 1920
514 1409
514 1587
514 1611
515 616
515 820
515 922
515 1299
515 1513
515 1775
515 1958
516 629
516 1021
516 1053
516 1195
516 1270
516 1358
516 1413
516 1759
516 1955
517 1035
517 1128
517 1165
517 1207
517 1434
517 1501
517 1703
517 1827
518 622
518 1023
518 1050
518 1180
518 1378
518 1406
518 1862
519 978
519 989
519 1030
519 1458
519 1509
519 1723
519 1814
519 1959
520 667
520 706
520 709
520 747
520 844
520 1209
520 1272
520 1622
520 1992
521 603
521 645
521 964
521 1137
521 1146
521 1528
521 1757
521 1792
522 637
522 662
522 805
522 919
522 950
522 972
522 1389
522 1525
522 1873
522 1979
523 629
523 902
523 1179
523 1358
523 1633
523 1649
524 529
524 594
524 674
524 706
524 924
524 1038
524 1050
524 1508
524 1947
524 1978
525 1443
526 669
526 1092
526 1776
526 1787
527 891
527 975
527 1616
528 566
528 762
528 1396
528 1458
528 1662
528 1728
529 542
529 574
529 643
529 677
529 728
529 890
529 1103
529 1134
529 1248
529 1369
529 1807
529 1811
529 1918
529 1933
529 1947
529 1984
529 1995
530 645
530 655
530 669
530 794
530 841
530 893
530 1038
530 1063
530 1448
530 1706
530 1818
531 542
531 699
531 1013
531 1068
531 1142
531 1337
531 1345
531 1349
531 1545
531 1921
531 1973
532 582
532 794
532 820
532 914
532 1014
532 1034
532 1954
533 617
533 649
533 723
533 982
533 1247
533 1711
533 1943
534 664
534 727
534 1129
534 1253
534 1299
534 1543
534 1617
535 601
535 678
535 849
535 875
535 924
535 1245
535 1347
536 607
536 640
536 954
536 1094
536 1462
536 1656
536 1736
536 1818
536 1909
537 598
537 1063
538 928
538 1178
538 1368
538 1414
538 1435
538 1491
538 1674
538 1889
539 757
539 795
539 844
539 1067
539 1386
539 1479
539 1511
539 1664
539 1783
540 568
540 882
540 1428
540 1632
540 1882
541 655
541 1365
541 1583
541 1595
541 1960
541 1974
542 814
542 829
542 1144
542 1799
543 644
543 812
543 887
543 1021
543 1259
543 1462
543 1608
543 1804
543 1889
544 1217
544 1249
544 1336
545 836
545 1146
545 1157
545 1574
546 592
546 613
546 638
546 705
546 763
546 1286
546 1434
546 1475
547 599
547 816
547 829
547 1078
547 1279
547 1325
547 1652
547 1944
548 561
548 777
548 1006
548 1095
548 1433
548 1461
548 1574
548 1655
548 1969
549 708
549 880
549 1057
549 1088
549 1272
549 1504
549 1750
549 1921
550 559
550 771
550 789
550 1053
550 1146
550 1222
550 1680
550 1852
550 1874
550 1956
551 885
551 1025
551 1190
551 1516
551 1723
552 729
552 1436
552 1748
552 1860
552 1921
553 569
553 900
553 1211
553 1317
553 1419
553 1893
554 1210
554 1244
554 1678
554 1759
555 855
555 914
555 1071
555 1565
555 1987
556 619
556 867
556 882
556 1101
556 1270
556 1366
556 1396
556 1498
556 1646
556 1653
556 1802
556 1919
557 1020
557 1182
557 1206
557 1423
557 1790
557 1802
557 1875
558 624
558 663
558 983
558 992
558 1248
558 1403
558 1534
558 1616
558 1740
558 1856
558 1923
559 900
559 927
559 963
559 1465
559 1484
559 1773
560 807
560 1150
560 1292
560 1609
560 1823
561 585
561 968
561 1153
561 1279
561 1694
562 725
562 752
562 818
562 920
562 1081
562 1222
562 1482
562 1543
562 1545
563 774
563 837
563 1090
563 1221
563 1394
563 1681
564 680
564 1040
564 1051
564 1367
564 1462
564 1536
564 1859
565 669
565 786
565 867
565 1146
565 1212
565 1391
565 1570
565 1872
566 603
566 664
566 1011
566 1108
566 1457
566 1556
566 1590
566 1669
566 1682
567 646
567 783
567 947
567 1195
567 1334
567 1489
567 1827
568 765
568 1420
568 1493
568 1496
568 1553
568 1706
568 1836
568 1917
569 850
569 968
569 1064
569 1185
569 1440
569 1453
569 1492
570 1032
570 1671
571 612
571 695
571 1917
572 997
572 1384
572 1471
573 1235
573 1374
573 1513
573 1643
573 1808
573 1841
574 763
574 1063
574 1131
574 1376
574 1924
575 739
575 821
575 1527
575 1583
575 1675
576 710
576 793
576 1165
576 1792
577 1006
577 1509
577 1532
577 1809
578 591
578 1072
578 1117
578 1279
578 1455
578 1805
578 1977
579 1406
579 1462
579 1623
579 1648
579 1901
580 760
580 761
580 837
580 855
580 1427
580 1515
580 1704
580 1723
580 1945
580 1960
581 756
581 781
581 1071
581 1162
581 1282
581 1294
581 1546
581 1563
581 1667
581 1865
581 1989
582 1446
582 1833
583 720
583 793
583 835
583 866
583 892
583 929
583 1131
583 1241
583 1303
583 1316
583 1333
583 1687
583 1840
584 961
584 983
584 1216
584 1266
584 1718
584 1891
585 665
585 715
586 674
586 868
586 931
586 1058
586 1475
586 2000
587 838
587 887
587 956
587 1008
587 1027
587 1114
587 1438
587 1647
587 1648
588 653
588 667
588 731
588 901
588 1240
588 1617
588 1781
589 616
589 859
589 884
589 887
589 1015
589 1220
589 1309
589 1310
589 1566
589 1689
589 1891
589 1932
589 1962
590 612
590 626
590 1487
590 1819
590 1841
590 1889
591 818
591 1057
591 1623
591 1722
591 1887
592 685
592 910
592 969
592 1044
592 1574
592 1615
592 1687
592 1908
593 670
593 865
593 887
593 1177
593 1308
593 1834
594 1085
594 1374
594 1598
594 1712
594 1903
594 1949
595 1288
595 1294
595 1297
595 1469
595 1493
595 1821
596 627
596 835
596 853
596 965
596 1220
596 1332
596 1501
596 1564
596 1596
597 1195
597 1269
597 1287
597 1430
597 1742
597 1839
597 1917
598 880
598 1483
598 1964
598 1998
599 768
599 1002
599 1147
599 1299
599 1441
599 1524
599 1941
600 681
600 1234
600 1729
601 1013
601 1507
601 1576
601 1741
601 1981
602 986
602 1444
602 1491
602 1946
602 1995
603 666
603 667
603 766
603 999
603 1049
603 1089
603 1375
603 1417
603 1455
603 1493
603 1647
603 1651
603 1674
603 1800
603 1861
603 1881
604 708
604 1050
604 1065
604 1121
604 1163
604 1569
604 1593
604 1706
604 1773
604 1916
605 1219
605 1228
605 1724
605 1858
605 1941
605 1978
606 924
606 947
606 1116
606 1354
606 1503
606 1592
606 1759
606 1952
607 1165
607 1349
607 1422
607 1477
607 1636
607 1718
607 1755
608 669
608 942
608 1275
608 1500
608 1845
609 1393
609 1455
609 1637
609 1691
609 1700
610 908
610 923
610 978
610 1093
610 1194
610 1559
610 1678
610 1826
610 1865
611 1080
611 1336
611 1533
611 1752
612 628
612 1025
612 1137
612 1168
612 1786
612 1798
612 1829
613 732
613 767
613 780
613 996
613 1004
613 1153
613 1176
613 1497
613 1554
613 1847
613 1909
614 685
614 1376
614 1502
614 1532
614 1568
614 1670
614 1845
615 624
615 710
615 758
615 772
615 861
615 1279
615 1284
615 1301
616 950
616 1598
616 1881
617 698
617 1008
617 1042
617 1409
617 1776
617 1799
618 981
618 1281
618 1464
618 1477
618 1713
618 1902
619 637
619 638
619 640
619 1277
619 1681
619 1851
619 1950
620 680
620 731
620 905
620 943
620 1454
620 1525
620 1686
620 1750
620 1763
620 1892
621 670
621 952
621 1015
621 1070
621 1267
621 1520
621 1532
621 1625
621 1808
622 1196
622 1481
622 1509
622 1719
622 1734
622 1812
623 731
623 758
623 984
623 1199
623 1327
623 1693
623 1906
624 909
624 1001
624 1163
624 1370
624 1699
624 1788
624 1883
625 773
625 957
625 1035
625 1244
625 1352
625 1449
625 1676
626 727
626 754
626 1043
626 1626
626 1869
627 666
627 822
627 1025
627 1567
627 1591
627 1693
628 652
628 672
628 710
628 809
628 1695
629 646
629 836
629 1423
629 1925
630 665
630 719
630 770
630 1373
630 1733
630 1930
631 893
631 1155
631 1389
632 715
632 1038
632 1283
632 1361
632 1387
632 1429
633 848
633 1174
633 1498
633 1599
633 1631
633 1648
633 1701
633 1739
634 861
634 1402
634 1932
635 1232
635 1338
635 1611
635 1804
636 856
636 887
636 905
636 1308
636 1374
636 1730
636 1857
637 662
637 1078
637 1168
637 1226
637 1517
637 1576
637 1615
637 1879
638 701
638 1285
638 1356
638 1901
639 776
639 932
639 1521
639 1667
640 907
640 1031
640 1044
640 1126
640 1131
640 1779
640 1950
641 947
641 1057
641 1506
641 1511
641 1594
642 959
642 1089
642 1443
642 1897
642 1969
642 1991
643 925
643 1217
643 1379
643 1774
643 1862
643 1908
644 810
644 828
644 1575
644 1924
645 1194
645 1198
645 1464
645 1603
645 1786
645 1961
646 898
646 916
646 1658
646 1716
646 1991
647 759
647 774
647 977
647 1691
647 1780
648 782
648 966
648 1048
648 1151
648 1216
648 1304
648 1493
648 1557
648 1634
648 1686
648 1794
649 752
649 1561
650 964
650 1247
650 1445
650 1618
650 1624
650 1775
651 885
651 1037
651 1063
651 1313
651 1314
651 1351
651 1414
651 1487
651 1488
651 1744
651 1751
652 959
652 983
652 1014
652 1067
652 1374
652 1407
652 1864
653 720
653 822
653 849
653 874
653 1061
653 1346
653 1495
653 1610
653 1829
653 1850
653 1924
654 669
654 738
654 1019
654 1368
654 1407
654 1570
655 678
655 982
655 1020
655 1645
655 1699
655 1790
656 784
656 1220
656 1348
657 897
657 1078
657 1170
657 1322
657 1358
657 1469
657 1494
657 1500
657 1746
658 768
658 810
658 855
658 1475
658 1514
658 1930
658 1984
659 947
659 1182
659 1245
659 1572
659 1746
660 852
660 1085
660 1896
660 1897
660 1948
661 939
661 1017
661 1116
661 1525
661 1739
662 697
662 957
662 1457
663 1261
663 1519
663 1531
663 1746
663 1936
664 1134
664 1164
664 1214
664 1225
664 1672
664 1714
664 1823
664 1890
665 759
665 1028
665 1174
665 1226
665 1351
665 1393
665 1995
666 720
666 786
666 1071
666 1241
666 1242
666 1671
666 1738
666 1810
667 1022
667 1136
667 1169
667 1492
667 1534
667 1536
667 1559
667 1715
668 699
668 875
668 1443
668 1466
668 1545
669 838
669 1146
669 1450
669 1532
669 1666
669 1807
669 1944
670 1114
670 1410
671 1700
671 1754
671 1866
672 947
672 1195
672 1216
672 1368
672 1395
672 1421
672 1791
672 1802
673 675
673 686
673 765
673 962
673 1266
673 1440
673 1463
673 1613
673 1700
673 1959
674 676
674 901
674 910
674 1042
674 1237
674 1712
674 1941
675 1155
675 1395
675 1453
675 1607
675 1670
676 805
676 1041
676 1145
676 1541
677 714
677 715
677 846
677 1079
677 1191
677 1494
677 1553
677 1677
677 1957
678 716
678 796
678 855
678 973
678 1127
679 913
679 1121
679 1799
679 1863
679 1952
680 934
680 1226
680 1360
680 1571
680 1600
681 969
681 1039
681 1276
681 1635
681 1745
681 1824
681 1846
682 1013
682 1039
682 1054
682 1491
682 1594
682 1768
682 1941
683 849
683 911
683 1057
683 1073
683 1395
683 1750
684 1588
684 1647
685 968
685 1014
685 1456
685 1683
685 1726
686 944
686 1670
686 1751
686 1867
686 1939
687 799
687 948
687 1010
687 1208
687 1463
687 1867
688 695
688 810
688 910
688 1009
688 1109
688 1234
688 1478
688 1747
689 889
689 1034
689 1443
690 978
690 1117
690 1226
690 1304
690 1520
690 1553
690 1622
690 1728
690 1824
690 1951
691 900
691 997
691 1181
691 1299
691 1597
691 1762
691 1767
692 762
692 1455
692 1839
693 956
693 1683
693 1914
694 737
694 847
694 1036
694 1229
695 732
695 828
695 1078
695 1105
695 1362
695 1397
695 1496
695 1542
696 759
696 993
696 994
696 1365
696 1524
696 1610
696 1993
697 739
697 776
697 1187
697 1201
697 1598
697 1960
698 812
698 1045
698 1212
698 1510
698 1826
698 1871
699 937
699 980
699 1228
699 1372
699 1446
699 1530
699 1551
699 1576
699 1963
700 902
700 1003
700 1090
700 1189
700 1330
701 827
701 1001
701 1424
701 1609
702 1073
702 1130
702 1197
702 1392
702 1515
702 1600
703 1272
703 1408
703 1615
703 1907
703 1950
704 1039
704 1096
704 1127
704 1200
704 1321
704 1533
704 1640
704 1672
704 1758
704 1784
704 1826
705 723
705 1003
705 1044
705 1616
705 1902
705 1962
705 1986
706 1249
706 1254
706 1475
706 1820
707 708
707 715
707 1001
708 746
708 782
708 1296
708 1599
708 1791
709 992
709 1344
709 1553
709 1908
710 1023
710 1317
711 776
711 1251
711 1444
711 1501
711 1579
711 1737
711 1998
712 942
712 1293
712 1447
712 1561
712 1688
713 867
713 1150
714 749
714 778
714 825
714 832
714 899
714 1317
714 1677
714 1815
715 925
716 959
716 1002
716 1178
716 1362
716 1615
717 1161
717 1182
717 1284
717 1319
717 1369
718 724
718 727
718 806
718 1128
718 1140
718 1416
718 1516
718 1761
719 1217
719 1339
719 1674
719 1698
719 1739
719 1785
719 1906
719 1942
719 1979
720 1044
720 1511
721 986
721 1018
721 1150
721 1190
721 1515
722 1295
722 1354
722 1513
723 963
723 1045
723 1219
723 1266
723 1703
723 1828
723 1836
723 1985
724 817
724 928
724 1044
724 1671
724 1828
725 932
725 936
725 994
725 1035
725 1099
725 1181
725 1388
725 1427
725 1583
725 1965
726 733
726 852
726 1226
726 1655
726 1704
726 1881
726 1911
727 805
727 1023
727 1024
727 1028
727 1130
727 1641
727 1857
728 763
728 768
728 1060
728 1392
728 1447
728 1667
728 1688
729 1346
729 1428
729 1603
729 1710
729 1751
729 1753
730 819
730 1093
730 1295
730 1408
730 1697
731 740
731 1309
731 1362
731 1449
731 1562
731 1584
731 1671
731 1753
731 1971
732 1058
732 1063
732 1229
732 1564
732 1587
732 1654
732 1674
732 1686
732 1687
732 1952
733 767
733 1428
733 1467
733 1731
734 738
734 833
734 1619
734 1883
735 856
735 1289
735 1676
736 1092
736 1495
736 1554
736 1812
736 1927
737 794
737 853
737 1550
737 1748
737 1862
738 789
738 1149
738 1195
738 1275
738 1399
738 1595
738 1784
738 1903
739 1149
739 1382
739 1553
739 1663
739 1879
740 782
740 1206
740 1265
740 1419
740 1692
740 1705
740 1756
740 1758
740 1874
741 976
741 1610
741 1789
741 1805
742 1535
742 1755
742 1812
743 778
743 887
743 1481
743 1641
743 1862
743 1970
744 805
744 948
744 1090
744 1355
744 1555
744 1761
745 962
745 1213
745 1302
745 1416
745 1467
745 1631
745 1864
745 1927
746 821
746 1033
746 1361
746 1418
746 1500
747 868
747 906
747 1046
747 1080
747 1142
747 1658
748 1041
748 1064
748 1205
748 1303
748 1360
748 1562
748 1670
749 759
749 1167
749 1330
749 1347
749 1652
749 1837
750 1001
750 1354
750 1508
751 798
751 1311
751 1854
751 1982
752 822
752 843
752 973
752 1094
752 1469
752 1982
753 1169
753 1340
753 1396
753 1480
753 1601
753 1646
753 1698
753 1784
754 959
754 1186
754 1400
754 1671
755 859
755 1041
755 1056
755 1096
755 1305
755 1350
755 1461
755 1560
755 1795
756 917
756 982
756 992
756 1036
756 1090
756 1466
756 1579
756 1974
757 968
757 994
757 1039
757 1751
758 788
758 1224
758 1526
758 1935
759 760
759 876
759 962
759 1224
759 1231
759 1266
759 1942
760 919
760 1040
760 1221
760 1497
760 1541
760 1703
760 1949
761 885
761 1024
761 1057
761 1498
761 1839
761 1843
761 1878
761 1926
761 1995
762 1215
762 1221
762 1236
762 1294
762 1579
762 1583
762 1677
762 1964
763 778
763 921
763 988
763 1123
763 1957
764 962
764 1105
764 1206
764 1610
764 1710
765 868
765 942
765 1325
765 1718
766 946
766 1000
766 1170
766 1692
766 1785
767 857
767 923
767 945
767 1085
767 1282
767 1590
767 1752
767 1819
768 1079
768 1357
768 1618
768 1801
769 1381
769 1561
769 1704
769 1743
770 1251
770 1796
770 1813
771 956
771 1057
771 1167
771 1743
771 1749
771 1810
771 1924
772 1278
772 1363
772 1537
772 1589
772 1774
772 1799
772 1932
773 950
773 1259
773 1308
773 1932
774 1174
774 1273
774 1387
774 1445
774 1455
774 1506
774 1842
775 932
775 1141
775 1153
775 1216
775 1252
775 1397
775 1571
775 1667
775 1686
775 1768
775 1882
775 1905
775 1928
775 1962
776 1106
776 1295
777 877
777 943
777 973
777 1521
778 1052
778 1104
778 1164
778 1258
778 1294
778 1353
778 1563
778 1573
778 1623
778 1704
778 1884
779 783
779 931
779 1010
779 1049
779 1852
780 1436
780 1744
780 1772
780 1778
780 1938
781 1169
781 1444
781 1622
781 1833
782 1263
782 1338
782 1386
782 1669
782 1711
782 1740
782 1867
782 1911
783 816
783 885
783 1024
783 1069
783 1415
783 1678
784 841
784 1172
784 1263
784 1837
785 1755
786 842
786 961
786 1048
786 1049
786 1307
786 1842
787 1253
787 1258
787 1524
787 1722
787 1959
788 922
788 945
788 1098
788 1366
788 1501
788 1825
788 1826
788 1991
789 940
789 955
789 981
789 1221
789 1495
789 1761
789 1955
789 1996
790 882
790 1236
790 1464
790 1475
790 1843
790 1940
791 992
791 1231
791 1336
791 1422
791 1526
791 1536
791 1557
791 1773
792 954
792 1576
792 1603
792 1605
792 1793
792 1963
793 871
793 1300
793 1304
793 1549
793 1552
793 1752
793 1862
794 950
794 1317
794 1531
794 1722
794 1869
795 822
795 828
795 1061
795 1067
795 1362
795 1366
795 1805
795 1932
795 1935
796 1133
796 1198
796 1812
797 864
797 894
797 1025
797 1320
797 1394
797 1418
797 1463
797 1541
797 1552
797 1651
797 1673
797 1817
798 1169
798 1174
798 1393
798 1398
798 1446
798 1622
798 1644
798 1717
798 1815
798 1875
798 1980
799 806
799 1025
799 1135
799 1269
800 1149
800 1176
800 1306
800 1440
800 1690
800 1911
802 956
802 1011
802 1049
802 1162
802 1409
802 1464
802 1840
802 1945
803 1169
803 1942
804 816
804 930
804 971
804 1006
804 1130
804 1289
804 1297
804 1497
804 1500
804 1504
804 1591
804 1645
804 1928
805 1086
805 1446
805 1468
805 1703
805 1790
806 1190
806 1310
806 1336
806 1513
806 1544
806 1923
807 1068
807 1149
807 1197
807 1568
807 1839
808 1105
808 1159
808 1611
808 1765
808 1975
809 1318
809 1430
809 1446
809 1910
810 941
810 1227
810 1296
810 1322
810 1391
810 1414
810 1450
811 1064
811 1120
811 1138
811 1160
811 1609
811 1784
812 978
812 1045
812 1139
812 1196
812 1410
812 1545
813 1426
813 1490
813 1505
813 1772
813 1845
813 1908
814 856
814 1170
814 1296
814 1426
814 1594
814 1757
814 1966
815 816
815 888
815 1137
815 1145
815 1219
815 1299
815 1357
815 1475
815 1494
815 1814
815 1897
816 988
816 1077
816 1877
816 1951
817 822
817 866
817 1015
817 1095
817 1454
817 1654
817 1763
817 1980
818 931
818 1111
818 1440
818 1584
818 1616
818 1940
818 1948
818 1963
819 879
819 1260
819 1648
819 1701
819 1929
820 821
820 1271
820 1753
820 1844
821 1480
821 1780
821 1829
822 824
822 933
822 1186
822 1413
823 1379
823 1603
823 1975
824 1153
824 1263
824 1270
824 1337
824 1445
824 1455
824 1533
825 1208
825 1502
825 1539
825 1690
825 1755
825 1834
826 989
826 1098
826 1189
826 1518
826 1571
826 1698
827 1424
827 1652
827 1658
828 849
828 1218
828 1284
828 1472
828 1545
829 1326
829 1635
829 1837
829 1925
829 1986
830 1130
830 1286
830 1476
830 1681
830 1994
831 886
831 1051
831 1208
831 1272
831 1310
831 1579
831 1593
831 1640
831 1678
831 1756
831 1922
832 1209
832 1366
832 1794
833 1284
833 1296
833 1453
833 1495
833 1631
833 1848
834 1214
834 1230
834 1236
835 1430
835 1897
835 1950
836 860
836 1013
836 1190
836 1575
836 1637
836 1647
836 1735
837 875
837 1400
837 1438
837 1477
837 1658
837 1844
838 844
838 1425
838 1709
838 1770
838 1825
839 953
839 1062
839 1369
839 1421
839 1513
839 1926
840 1103
840 1133
840 1400
840 1849
840 1957
841 941
841 1146
841 1630
841 1631
841 1712
841 1791
842 985
842 1417
842 1559
842 1930
843 1935
844 1805
844 1813
844 1981
845 1111
845 1247
845 1434
845 1597
845 1745
845 1922
845 1941
846 900
846 978
846 1732
846 1788
846 1952
847 925
847 1001
847 1261
847 1380
847 1664
847 1724
847 1929
848 1060
848 1119
848 1626
849 965
849 1084
849 1227
849 1239
849 1317
849 1453
849 1683
849 1764
849 1974
850 1066
850 1114
850 1172
850 1950
851 893
851 1434
851 1581
852 947
852 971
852 1082
852 1277
852 1416
852 1736
852 1802
852 1938
853 1397
853 1410
853 1514
853 1569
853 1715
853 1855
854 938
854 977
854 1519
854 1933
855 922
855 1437
855 1501
855 1584
855 1589
855 1662
856 905
856 1096
856 1214
856 1674
856 1845
856 1896
857 1121
857 1322
857 1385
857 1536
857 1678
857 1814
857 1823
857 1901
857 1997
858 1092
858 1475
858 1796
859 1385
859 1476
859 1868
859 1977
860 975
860 980
860 993
860 1115
860 1314
860 1326
860 1372
860 1436
860 1442
860 1581
860 1687
860 1773
860 1925
860 1961
861 1096
861 1436
861 1488
861 1680
861 1684
861 1741
861 1797
861 1851
861 1934
861 1978
862 947
862 1092
862 1501
862 1737
862 1768
863 1055
863 1411
863 1490
863 1641
863 1793
863 2000
864 900
864 1157
864 1160
864 1413
864 1576
864 1759
865 1343
865 1448
865 1559
865 1583
865 1813
865 1867
866 951
866 1042
866 1460
866 1545
866 1644
867 1027
867 1631
868 1228
868 1339
868 1491
868 1533
868 1819
869 1060
869 1114
869 1542
869 1553
869 1746
869 1924
870 930
870 1378
870 1506
870 1663
871 1029
871 1160
871 1433
871 1610
871 1753
872 880
872 1080
872 1083
872 1630
873 921
873 1238
873 1841
874 891
874 969
874 996
874 1017
874 1198
874 1319
874 1322
874 1346
874 1645
874 1654
874 1668
874 1723
874 1938
874 1946
875 981
875 1087
875 1328
875 1375
875 1647
876 1352
876 1543
876 1724
876 1801
877 1355
877 1360
877 1382
877 1600
877 1653
877 1704
878 1292
878 1608
878 1675
879 1107
879 1183
879 1197
879 1294
879 1468
879 1882
879 1931
880 943
880 1234
880 1650
880 1676
880 1945
881 1021
881 1130
881 1150
881 1612
882 1139
882 1142
882 1175
882 1180
882 1287
882 1540
882 1944
883 921
883 1366
884 1302
884 1609
884 1811
885 948
885 1648
885 1831
885 1842
885 1872
885 1893
885 1896
885 1968
886 912
886 1066
886 1116
886 1433
886 1495
886 1801
886 1839
887 1134
887 1152
887 1167
887 1426
887 1429
887 1430
887 1541
887 1598
887 1665
887 1847
888 1223
888 1534
888 1826
889 964
889 1776
889 1874
890 1132
890 1212
890 1537
890 1914
891 1011
891 1143
891 1182
891 1410
891 1500
891 1594
891 1775
892 895
892 1056
892 1102
892 1841
892 1895
893 965
893 1188
893 1482
893 1624
893 1887
894 949
894 1013
894 1194
894 1242
894 1292
894 1958
895 1501
895 1636
895 1945
896 940
896 999
896 1030
896 1147
896 1170
896 1175
896 1324
896 1473
897 925
897 1080
897 1081
897 1166
897 1327
897 1395
897 1544
897 1594
897 1744
898 1026
898 1053
898 1862
899 1000
899 1265
899 1306
899 1427
899 1625
899 1657
899 1889
900 924
900 1048
900 1205
900 1334
900 1346
900 1436
900 1601
900 1646
900 1714
900 1944
900 1966
901 921
901 976
901 1062
901 1081
901 1335
901 1625
901 1658
901 1990
902 1333
902 1383
902 1941
902 1978
903 1164
903 1804
903 1909
904 958
904 1041
904 1244
904 1361
904 1475
904 1685
904 1721
904 1737
904 1772
904 1830
904 1926
905 927
905 1003
905 1117
905 1248
905 1705
905 1874
905 1962
906 1444
906 1505
906 1630
906 1884
906 1926
907 915
907 990
907 1283
907 1290
907 1626
907 1902
908 1000
908 1159
908 1219
908 1224
908 1287
908 1391
908 1662
908 1865
908 1954
909 1017
909 1040
909 1112
909 1230
909 1278
909 1468
909 1690
909 1803
910 1132
910 1174
910 1467
910 1586
910 1820
911 956
911 1748
911 1820
912 989
912 1205
912 1344
912 1501
912 1632
912 1727
912 1822
912 1998
913 1178
913 1433
913 1445
913 1519
913 1538
914 915
914 1069
914 1096
914 1101
914 1215
914 1400
914 1445
914 1473
914 1568
914 1933
915 1099
915 1100
915 1168
915 1201
915 1308
915 1678
915 1699
916 1090
917 1037
917 1238
917 1304
917 1435
917 1658
917 1665
917 1887
918 930
918 1183
918 1658
918 1865
919 1077
919 1104
919 1609
919 1789
920 1143
920 1243
920 1267
920 1294
920 1569
921 1620
921 1686
921 1963
921 1975
922 1161
922 1533
922 1847
923 1116
923 1204
923 1343
923 1555
923 1595
923 1739
924 1129
924 1212
924 1399
924 1652
924 1675
924 1685
924 1868
924 1988
925 1016
925 1018
925 1064
925 1098
925 1154
925 1289
925 1448
925 1769
925 1915
925 1940
926 1097
926 1288
926 1664
926 1672
926 1797
927 1005
927 1119
927 1186
927 1270
927 1370
927 1600
927 1724
927 1820
928 1041
928 1171
928 1283
928 1374
928 1393
928 1835
929 1466
929 1787
929 1876
930 1373
930 1445
930 1452
930 1656
930 1981
931 1486
931 1578
931 1597
932 1029
932 1057
932 1110
932 1481
932 1489
932 1569
933 1037
933 1087
933 1193
933 1204
933 1266
933 1373
933 1919
933 1971
934 1133
934 1350
934 1770
934 1793
934 1994
935 1049
935 1118
935 1375
935 1393
935 1564
935 1591
935 1663
936 1016
936 1339
936 1396
936 1456
936 1633
936 1635
937 1074
937 1245
937 1456
937 1973
938 1281
938 1576
938 1925
938 1959
939 968
939 1414
939 1579
939 1662
939 1843
940 1211
940 1457
940 1478
940 1843
940 1852
940 1866
940 1996
941 1090
941 1167
941 1274
941 1431
941 1450
941 1768
941 1814
941 1837
942 1053
942 1292
942 1508
942 1575
942 1644
942 1686
942 1759
942 1936
942 1967
942 1989
944 1603
945 1126
945 1282
945 1348
945 1355
945 1429
945 1535
945 1630
945 1704
945 1744
946 1437
946 1798
946 1880
947 1190
947 1264
947 1659
947 1716
947 1815
947 1939
948 1006
948 1364
948 1529
948 1696
949 1380
949 1881
950 982
950 1140
950 1747
950 1948
951 1121
951 1410
951 1503
951 1583
951 1808
952 969
952 1677
952 1750
952 1760
952 1922
952 1936
952 1946
953 1099
953 1153
953 1161
953 1403
953 1802
953 1968
954 967
954 1416
954 1752
954 1789
954 1831
955 1060
955 1444
956 1063
956 1136
956 1320
956 1554
956 1626
956 1946
956 1992
957 1220
957 1292
957 1338
957 1595
957 1610
957 1765
957 1769
957 1780
958 981
958 1110
958 1204
958 1450
958 1494
958 1939
959 1049
959 1066
959 1691
960 1095
960 1207
960 1475
960 1654
960 1856
960 1905
961 1278
961 1479
962 1517
962 1773
963 1062
963 1361
963 1594
964 1189
964 1346
964 1395
964 1471
964 1810
964 1891
965 1101
965 1216
965 1629
965 1700
965 1773
966 1350
967 999
967 1034
967 1175
967 1308
967 1490
967 1679
967 1769
967 1796
967 1899
968 1341
968 1418
968 1681
968 1878
969 1086
969 1266
969 1335
969 1746
969 1818
969 1934
970 1011
970 1559
970 1739
970 1991
970 2000
971 1049
971 1097
971 1113
971 1242
971 1389
971 1872
972 1392
972 1456
972 1696
972 1858
972 1943
973 1002
973 1040
973 1195
973 1318
973 1801
973 2000
974 994
974 1032
974 1062
974 1108
974 1297
974 1419
974 1602
974 1727
974 1943
975 1324
975 1753
975 1858
976 1128
976 1148
976 1214
976 1461
976 1469
976 1476
976 1494
976 1595
976 1876
976 1992
977 1224
977 1906
978 1136
978 1153
978 1533
978 1839
978 1901
978 1960
979 1010
979 1162
979 1494
980 1080
980 1563
980 1570
980 1640
980 1895
981 1121
981 1780
981 1857
982 987
982 1131
982 1182
982 1183
982 1374
982 1689
983 1292
983 1387
983 1388
983 1605
983 1734
984 1080
984 1218
984 1439
984 1525
984 1637
984 1678
984 1836
985 1099
985 1320
985 1493
985 1494
985 1618
985 1735
985 1748
985 1890
986 1630
986 1843
987 1356
987 1450
987 1503
987 1532
987 1662
988 1034
988 1073
988 1091
988 1293
988 1411
988 1417
988 1516
988 1647
988 1978
989 1239
989 1440
989 1545
989 1568
989 1811
990 1116
990 1543
990 1569
990 1971
991 1174
991 1594
992 1107
992 1137
992 1141
992 1186
992 1288
992 1403
992 1484
992 1790
992 1959
993 1192
993 1296
993 1379
993 1904
994 1047
994 1269
994 1368
994 1548
994 1654
994 1675
994 1781
995 1127
995 1232
995 1576
995 1773
996 1046
996 1117
996 1387
996 1651
996 1665
996 1796
996 1993
997 1107
997 1374
997 1495
997 1781
998 1418
998 1617
998 1722
998 1896
999 1361
999 1722
999 1944
1000 1037
1000 1062
1000 1358
1000 1407
1000 1704
1000 1820
1000 1900
1001 1020
1001 1040
1001 1171
1001 1322
1001 1330
1001 1488
1001 1614
1002 1019
1002 1136
1002 1272
1002 1472
1002 1798
1002 1863
1003 1204
1003 1540
1003 1777
1003 1913
1003 1988
1004 1274
1005 1012
1005 1043
1005 1044
1005 1323
1006 1450
1007 1111
1007 1484
1007 1716
1007 1760
1007 1789
1008 1054
1008 1150
1008 1284
1008 1308
1008 1615
1008 1653
1008 1729
1008 1794
1009 1123
1009 1173
1009 1283
1009 1336
1010 1260
1010 1358
1010 1364
1011 1215
1011 1248
1011 1400
1012 1534
1012 1764
1013 1033
1013 1176
1013 1696
1013 1849
1014 1176
1014 1287
1014 1679
1014 1683
1015 1043
1015 1171
1015 1210
1015 1407
1015 1610
1015 1741
1015 1751
1015 1986
1016 1396
1017 1032
1017 1061
1017 1278
1017 1414
1017 1427
1017 1633
1017 1850
1017 1997
1018 1042
1018 1349
1018 1573
1019 1256
1020 1049
1020 1124
1020 1888
1021 1178
1021 1230
1021 1514
1021 1567
1021 1630
1021 1747
1021 1922
1021 1998
1022 1278
1022 1295
1022 1679
1022 1689
1022 1914
1022 1919
1023 1146
1023 1591
1023 1827
1024 1303
1024 1661
1024 1702
1025 1056
1025 1141
1025 1169
1025 1427
1025 1434
1025 1614
1025 1868
1025 1898
1026 1054
1026 1333
1026 1703
1027 1176
1027 1257
1027 1314
1027 1372
1027 1403
1027 1971
1028 1147
1028 1238
1028 1267
1028 1338
1028 1618
1028 1950
1029 1132
1029 1157
1029 1332
1029 1465
1029 1611
1029 1797
1030 1464
1030 1734
1030 1967
1031 1037
1031 1765
1031 1848
1031 1876
1031 1941
1031 1944
1031 1949
1032 1060
1032 1067
1032 1459
1032 1701
1032 1778
1032 1902
1032 1936
1033 1549
1034 1093
1034 1177
1034 1294
1034 1390
1034 1395
1034 1465
1034 1513
1034 1661
1034 1698
1034 1765
1034 1768
1034 1782
1034 1874
1034 1969
1035 1355
1035 1638
1035 1652
1035 1677
1035 1860
1036 1074
1036 1096
1036 1299
1036 1332
1036 1567
1036 1893
1037 1047
1037 1317
1037 1375
1037 1625
1037 1659
1037 1728
1037 1816
1037 1952
1038 1473
1038 1483
1038 1647
1038 1994
1039 1177
1039 1767
1039 1900
1040 1149
1040 1340
1040 1824
1040 1950
1041 1097
1041 1216
1041 1314
1041 1574
1041 1748
1041 1955
1042 1268
1042 1750
1042 1957
1043 1474
1044 1145
1044 1576
1044 1597
1044 1666
1044 1928
1044 1968
1045 1108
1046 1177
1046 1386
1046 1689
1046 1876
1046 1951
1046 1988
1047 1280
1047 1419
1047 1662
1047 1683
1047 1717
1047 1805
1047 1806
1047 1882
1047 1932
1048 1095
1048 1151
1048 1495
1048 1498
1048 1611
1049 1192
1049 1344
1049 1582
1049 1594
1049 1855
1049 1949
1050 1532
1050 1535
1050 1743
1050 1813
1050 1890
1050 1925
1051 1623
1051 1677
1051 1683
1051 1864
1051 1963
1052 1073
1052 1142
1052 1348
1052 1547
1052 1746
1053 1116
1053 1490
1053 1940
1054 1079
1054 1118
1054 1159
1054 1176
1054 1180
1054 1263
1054 1494
1054 1496
1054 1503
1054 1679
1054 1822
1055 1434
1055 1525
1055 1591
1056 1161
1056 1389
1056 1504
1056 1685
1056 1726
1057 1115
1057 1146
1057 1240
1057 1334
1057 1429
1057 1470
1057 1471
1057 1592
1057 1655
1058 1093
1058 1211
1058 1427
1058 1605
1058 1995
1059 1097
1059 1348
1059 1479
1059 1554
1059 1825
1059 1965
1060 1066
1060 1085
1060 1094
1060 1333
1060 1619
1060 1714
1060 1919
1061 1128
1061 1134
1061 1253
1061 1610
1061 1964
1062 1550
1062 1759
1062 1973
1063 1249
1063 1312
1063 1387
1063 1393
1063 1796
1064 1094
1064 1285
1064 1460
1064 1687
1064 1876
1064 1990
1065 1085
1065 1122
1065 1259
1065 1583
1065 1672
1065 1893
1066 1438
1066 1631
1067 1100
1067 1303
1067 1438
1067 1447
1067 1780
1067 1971
1068 1134
1068 1299
1068 1301
1069 1344
1069 1673
1069 1683
1070 1608
1070 1924
1070 1928
1070 1930
1070 1997
1071 1321
1071 1589
1071 1727
1072 1076
1073 1559
1073 1580
1073 1641
1073 1700
1074 1376
1074 1549
1074 1571
1074 1645
1074 1825
1074 1855
1074 1887
1075 1261
1075 1284
1075 1422
1075 1478
1075 1642
1075 1888
1076 1404
1076 1405
1076 1777
1076 1817
1077 1112
1077 1222
1077 1379
1077 1556
1078 1536
1078 1721
1078 1966
1079 1121
1079 1412
1079 1802
1079 1911
1080 1262
1080 1390
1080 1815
1081 1184
1081 1812
1081 1954
1082 1889
1083 1473
1083 1591
1083 1809
1083 1966
1084 1106
1084 1261
1084 1687
1084 1714
1085 1672
1085 1799
1086 1170
1086 1203
1086 1221
1086 1328
1086 1457
1087 1177
1087 1223
1087 1329
1087 1535
1088 1257
1088 1613
1090 1111
1090 1247
1090 1362
1090 1365
1091 1243
1091 1524
1091 1590
1091 1756
1092 1117
1092 1766
1093 1176
1093 1431
1093 1671
1093 1712
1093 1764
1093 1840
1093 1930
1093 1952
1094 1117
1094 1186
1094 1189
1094 1222
1094 1228
1094 1353
1094 1380
1094 1409
1094 1517
1094 1558
1094 1767
1094 1933
1095 1767
1095 1826
1095 1912
1096 1507
1096 1733
1096 1970
1097 1504
1097 1712
1098 1230
1098 1354
1098 1511
1098 1572
1098 1774
1098 1975
1099 1583
1099 1862
1101 1251
1101 1306
1101 1534
1101 1543
1101 1688
1101 1696
1101 1768
1102 1369
1102 1378
1102 1678
1102 1752
1102 1846
1103 1227
1103 1401
1104 1158
1104 1307
1105 1194
1105 1228
1105 1445
1105 1564
1105 1598
1105 1847
1105 1991
1106 1344
1106 1691
1107 1781
1108 1280
1108 1511
1108 1580
1109 1257
1109 1284
1109 1418
1109 1912
1110 1170
1110 1234
1110 1638
1111 1347
1111 1542
1111 1761
1111 1784
1111 1790
1111 1838
1112 1500
1112 1581
1112 1685
1112 1866
1113 1119
1113 1566
1113 1775
1114 1240
1114 1720
1114 1887
1115 1338
1115 1352
1116 1261
1116 1355
1116 1749
1117 1228
1117 1369
1117 1387
1117 1513
1117 1595
1117 1644
1117 1995
1118 1959
1119 1211
1119 1482
1119 1553
1119 1855
1120 1357
1120 1464
1120 1579
1120 1863
1121 1256
1121 1286
1121 1401
1121 1460
1122 1125
1122 1676
1123 1167
1123 1297
1123 1608
1123 1741
1123 1911
1123 1929
1125 1230
1125 1240
1125 1367
1125 1572
1125 1648
1125 1971
1126 1303
1126 1495
1126 1510
1126 1906
1127 1299
1127 1338
1127 1363
1127 1573
1127 1665
1127 1729
1127 1911
1127 1928
1128 1196
1128 1198
1128 1241
1128 1584
1128 1858
1129 1342
1129 1442
1130 1377
1130 1646
1130 1666
1131 1183
1131 1355
1132 1181
1132 1193
1132 1236
1132 1271
1132 1452
1132 1681
1132 1793
1133 1354
1133 1384
1133 1554
1134 1389
1134 1513
1134 1567
1134 1616
1134 1636
1135 1163
1135 1405
1135 1507
1135 1948
1136 1299
1136 1409
1136 1510
1136 1733
1136 1923
1136 1928
1137 1257
1137 1269
1137 1429
1137 1453
1137 1692
1137 1950
1138 1529
1138 1914
1139 1250
1139 1254
1139 1586
1139 1807
1140 1307
1140 1404
1140 1738
1141 1483
1141 1639
1141 1990
1142 1473
1142 1477
1142 1744
1142 1965
1143 1710
1143 1790
1143 1869
1143 1898
1144 1261
1144 1328
1144 1454
1144 1934
1145 1431
1145 1615
1146 1652
1146 1716
1147 1162
1147 1451
1147 1466
1147 1672
1147 1772
1147 1779
1147 1799
1148 1288
1148 1435
1148 1445
1148 1481
1148 1882
1149 1660
1149 1943
1149 1963
1150 1539
1150 1708
1150 1832
1151 1277
1151 1667
1151 1843
1152 1166
1152 1182
1152 1268
1152 1401
1152 1431
1152 1630
1152 1742
1152 1960
1153 1360
1153 1652
1153 1972
1154 1289
1154 1340
1154 1453
1154 1927
1155 1526
1155 1600
1155 1761
1155 1814
1156 1169
1156 1177
1156 1479
1156 1626
1156 1663
1156 1941
1157 1261
1157 1476
1157 1698
1157 1719
1157 1754
1157 1900
1157 1955
1158 1317
1158 1828
1159 1210
1159 1521
1159 1620
1159 1735
1159 1867
1159 1902
1160 1290
1160 1801
1161 1659
1161 1781
1161 1867
1162 1231
1162 1507
1162 1732
1162 1923
1162 1950
1163 1416
1163 1631
1163 1894
1163 1947
1164 1284
1164 1563
1164 1683
1164 1847
1164 1982
1165 1274
1165 1739
1166 1197
1166 1275
1166 1365
1166 1369
1166 1889
1167 1198
1167 1252
1167 1307
1167 1385
1167 1399
1167 1451
1167 1868
1168 1445
1168 1577
1168 1596
1168 1785
1169 1173
1169 1486
1169 1543
1169 1551
1170 1252
1170 1476
1170 1484
1170 1761
1170 1889
1170 1937
1171 1293
1171 1386
1171 1450
1171 1818
1171 1923
1171 1945
1172 1414
1172 1429
1172 1484
1172 1494
1172 1810
1172 1959
1173 1426
1174 1359
1174 1822
1174 1829
1174 1920
1174 1971
1175 1311
1175 1918
1176 1649
1176 1657
1176 1865
1177 1446
1177 1656
1177 1768
1178 1509
1178 1783
1179 1575
1180 1466
1180 1579
1180 1689
1180 1798
1180 1823
1180 1829
1180 1939
1180 1949
1181 1268
1181 1373
1181 1392
1181 1399
1181 1457
1181 1530
1181 1756
1181 1948
1182 1416
1182 1798
1182 1812
1182 1924
1183 1400
1183 1807
1183 1872
1184 1281
1184 1502
1184 1672
1184 1673
1184 1724
1184 1745
1184 1813
1185 1294
1185 1541
1185 1989
1186 1273
1186 1507
1186 1695
1186 1964
1187 1254
1187 1313
1187 1975
1188 1288
1188 1875
1189 1201
1189 1332
1189 1843
1189 1926
1190 1578
1190 1655
1190 1981
1191 1612
1191 1803
1191 1919
1192 1239
1192 1348
1192 1474
1192 1593
1192 1621
1193 1460
1193 1476
1193 1686
1193 1791
1193 1821
1193 1986
1194 1502
1194 1546
1194 1990
1195 1336
1195 1359
1195 1672
1195 1767
1195 1864
1195 1890
1196 1265
1196 1290
1196 1339
1196 1948
1197 1207
1197 1254
1198 1205
1198 1245
1198 1994
1199 1312
1199 1495
1199 1550
1199 1751
1200 1495
1200 1547
1200 1554
1200 1596
1200 1614
1200 1650
1200 1654
1200 1697
1200 1743
1200 1844
1201 1204
1201 1295
1201 1382
1201 1637
1201 1754
1201 1828
1201 1835
1201 1856
1201 1916
1202 1258
1202 1497
1202 1517
1202 1620
1202 1698
1202 1735
1202 1802
1202 1809
1202 1914
1203 1240
1203 1344
1203 1446
1203 1583
1204 1858
1205 1246
1205 1287
1205 1339
1206 1251
1206 1642
1206 1805
1206 1987
1207 1228
1207 1430
1207 1579
1207 1641
1207 1666
1207 1694
1208 1370
1208 1432
1208 1940
1209 1331
1209 1501
1210 1282
1210 1571
1210 1630
1210 1833
1210 1850
1210 1927
1211 1357
1211 1499
1211 1815
1211 1985
1212 1243
1212 1385
1212 1639
1212 1854
1212 1939
1212 1979
1213 1228
1214 1258
1216 1742
1216 1875
1216 1877
1216 1972
1217 1425
1217 1559
1217 1584
1217 1725
1218 1227
1218 1317
1218 1452
1218 1765
1218 1943
1219 1383
1219 1618
1219 1629
1220 1424
1220 1696
1220 1772
1220 1839
1220 1863
1221 1240
1221 1607
1221 1736
1221 1880
1222 1269
1222 1655
1223 1452
1223 1777
1223 1782
1224 1386
1224 1564
1224 1831
1225 1251
1225 1644
1225 1725
1225 1975
1226 1371
1226 1636
1226 1791
1226 1940
1227 1305
1227 1533
1227 1785
1227 1851
1228 1341
1228 1466
1228 1611
1229 1284
1229 1317
1229 1376
1229 1591
1229 1638
1229 1752
1229 1933
1230 1543
1230 1763
1230 1970
1231 1830
1231 1938
1232 1270
1232 1359
1232 1685
1233 1299
1233 1614
1233 1666
1233 1667
1233 1695
1233 1737
1233 1756
1233 1766
1233 1783
1233 1804
1234 1247
1234 1304
1234 1650
1235 1342
1235 1379
1235 1456
1236 1264
1236 1326
1236 1330
1236 1625
1237 1254
1237 1642
1237 1726
1237 1809
1237 1893
1238 1470
1238 1498
1238 1715
1238 1980
1239 1334
1239 1655
1239 1711
1239 1875
1239 1933
1239 1935
1240 1376
1240 1393
1240 1515
1240 1795
1240 1817
1240 1847
1240 1854
1241 1252
1241 1380
1241 1623
1241 1738
1241 1952
1242 1877
1243 1244
1243 1300
1243 1393
1243 1726
1243 1735
1243 1923
1243 1984
1244 1397
1244 1499
1244 1788
1245 1263
1245 1344
1245 1688
1245 1718
1245 1850
1245 1924
1246 1249
1246 1737
1246 1810
1247 1393
1247 1417
1247 1631
1247 1648
1247 1662
1247 1707
1247 1917
1248 1268
1248 1964
1249 1468
1249 1655
1250 1523
1250 1680
1250 1703
1250 1940
1251 1424
1251 1504
1251 1690
1251 1725
1252 1256
1252 1383
1252 1742
1253 1339
1253 1387
1253 1764
1253 1819
1253 1893
1256 1262
1256 1264
1256 1834
1257 1325
1257 1433
1257 1591
1257 1743
1258 1424
1258 1446
1258 1452
1258 1573
1258 1874
1258 1922
1259 1292
1259 1349
1259 1460
1259 1554
1259 1625
1259 1735
1259 1958
1259 1963
1259 1996
1260 1319
1260 1450
1261 1562
1262 1755
1263 1594
1263 1891
1264 1270
1264 1772
1264 1827
1264 1847
1264 1989
1265 1630
1265 1662
1265 1751
1265 1771
1265 1813
1265 1832
1266 1306
1266 1567
1266 1650
1266 1775
1267 1413
1267 1662
1267 1684
1267 1914
1268 1323
1268 1599
1268 1679
1268 1954
1269 1565
1269 1990
1270 1273
1271 1407
1271 1752
1271 1773
1271 1823
1272 1359
1272 1549
1272 1915
1272 1928
1273 1426
1273 1472
1273 1513
1273 1714
1275 1442
1276 1282
1276 1320
1276 1349
1276 1402
1276 1765
1276 1819
1277 1445
1277 1575
1277 1704
1277 1762
1278 1535
1278 1583
1278 1888
1278 1972
1279 1481
1279 1571
1279 1686
1279 1777
1280 1429
1280 1440
1280 1467
1280 1550
1280 1623
1280 1773
1280 1829
1280 1894
1280 1947
1281 1433
1281 1436
1281 1479
1281 1686
1281 1852
1282 1450
1282 1513
1282 1717
1283 1560
1283 1731
1283 1811
1284 1314
1284 1439
1284 1691
1284 1843
1285 1439
1285 1538
1285 1563
1285 1638
1285 1658
1285 1836
1285 1911
1285 1968
1286 1867
1286 1945
1287 1538
1287 1702
1288 1483
1288 1571
1288 1621
1288 1772
1288 1960
1288 1971
1288 1990
1289 1971
1290 1427
1290 1706
1290 1869
1291 1764
1291 1876
1292 1330
1292 1405
1292 1453
1292 1539
1292 1624
1292 1770
1293 1408
1293 1588
1293 1590
1293 1768
1294 1367
1294 1661
1294 1687
1294 1694
1294 1799
1295 1331
1295 1336
1295 1513
1295 1647
1295 1698
1295 1726
1295 1863
1295 1868
1296 1502
1296 1760
1297 1339
1297 1656
1297 1681
1297 1915
1298 1633
1298 1765
1299 1341
1299 1558
1299 1994
1300 1339
1300 1344
1300 1503
1300 1507
1300 1539
1300 1562
1300 1660
1300 1950
1301 1559
1301 1857
1301 1933
1302 1339
1302 1427
1302 1638
1303 1339
1303 1472
1303 1542
1303 1578
1303 1764
1303 1939
1304 1504
1304 1824
1304 1827
1304 1994
1305 1669
1305 1873
1305 1964
1306 1515
1306 1736
1306 1850
1306 1884
1307 1315
1307 1584
1308 1399
1308 1542
1308 1674
1308 1931
1309 1550
1309 1679
1309 1700
1309 1966
1310 1659
1310 1695
1311 1450
1312 1461
1312 1747
1312 1839
1313 1357
1313 1487
1314 1427
1314 1845
1314 1870
1314 1903
1314 1955
1314 1978
1315 1472
1315 1877
1315 1878
1315 1891
1316 1474
1316 1476
1316 1740
1317 1347
1317 1473
1317 1560
1317 1658
1317 1850
1317 1871
1317 1925
1318 1345
1318 1426
1318 1650
1318 1834
1318 1892
1318 1929
1319 1370
1319 1598
1319 1914
1320 1375
1320 1388
1320 1554
1320 1582
1320 1654
1320 1983
1321 1618
1321 1726
1321 1731
1321 1790
1322 1347
1322 1529
1323 1553
1323 1992
1324 1486
1324 1649
1324 1669
1324 1729
1324 1757
1324 1804
1324 1960
1325 1469
1325 1495
1325 1549
1325 1620
1325 1831
1326 1557
1326 1689
1326 1727
1326 1821
1327 1533
1327 1681
1327 1758
1327 1842
1328 1729
1328 1803
1328 1831
1328 1886
1328 1978
1328 1985
1330 1416
1330 1577
1330 1889
1330 1991
1331 1676
1331 1948
1331 1981
1332 1658
1332 1895
1332 1976
1332 1995
1332 1998
1333 1385
1333 1584
1333 1857
1334 1403
1334 1756
1335 1414
1335 1498
1335 1730
1335 1914
1336 1688
1337 1494
1337 1551
1337 1925
1337 1936
1338 1486
1339 1487
1339 1616
1339 1827
1341 1441
1341 1469
1341 1817
1342 1906
1342 1993
1343 1463
1343 1911
1343 1926
1344 1349
1344 1519
1344 1549
1344 1764
1345 1378
1345 1575
1345 1611
1345 1705
1345 1794
1345 1808
1345 1874
1346 1477
1346 1802
1346 1883
1346 1996
1347 1392
1347 1610
1348 1556
1348 1763
1348 1929
1349 1361
1350 1898
1350 1899
1351 1755
1351 1857
1352 1488
1352 1581
1352 1606
1353 1480
1353 1650
1354 1415
1354 1417
1354 1596
1354 1881
1355 1408
1355 1432
1355 1466
1355 1517
1355 1898
1355 1935
1355 1988
1356 1556
1356 1573
1356 1653
1357 1407
1357 1417
1357 1592
1357 1629
1357 1677
1357 1707
1357 1882
1359 1536
1359 1569
1359 1592
1359 1673
1359 1741
1360 1387
1360 1468
1361 1558
1361 1693
1361 1922
1362 1551
1362 1580
1362 1658
1362 1663
1363 1448
1363 1605
1363 1621
1363 1635
1364 1677
1364 1800
1365 1518
1365 1549
1365 1698
1365 1822
1366 1402
1366 1519
1366 1802
1367 1426
1367 1703
1367 1756
1367 1821
1367 1841
1368 1664
1368 1693
1368 1861
1368 1952
1369 1527
1369 1877
1370 1391
1370 1495
1371 1555
1371 1658
1371 1713
1371 1754
1371 1778
1371 1911
1372 1405
1372 1582
1373 1591
1373 1638
1373 1975
1374 1385
1374 1651
1374 1690
1374 1917
1374 1966
1375 1538
1375 1674
1376 1964
1377 1444
1377 1530
1377 1625
1378 1398
1378 1441
1378 1545
1378 1662
1378 1679
1378 1779
1378 1908
1379 1500
1379 1689
1380 1928
1381 1466
1381 1614
1381 1881
1382 1464
1382 1477
1382 1735
1382 1738
1382 1839
1382 1909
1382 1916
1383 1411
1383 1653
1383 1934
1384 1430
1384 1609
1385 1501
1385 1669
1385 1823
1385 1844
1386 1894
1386 1909
1387 1402
1387 1474
1387 1530
1387 1578
1387 1760
1387 1951
1387 1957
1388 1847
1388 1962
1388 1963
1389 1508
1389 1513
1390 1509
1390 1645
1390 1743
1390 1799
1391 1562
1391 1898
1392 1554
1392 1981
1393 1394
1393 1524
1393 1663
1393 1761
1393 1883
1394 1576
1394 1820
1394 1962
1395 1477
1395 1534
1395 1647
1395 1709
1395 1855
1395 1880
1396 1458
1396 1646
1397 1631
1397 1779
1397 1826
1397 1967
1398 1962
1398 1971
1399 1914
1400 1528
1400 1561
1401 1410
1402 1548
1402 1569
1402 1969
1403 1442
1403 1500
1403 1914
1403 1969
1403 1984
1404 1423
1404 1909
1404 1969
1405 1583
1405 1667
1405 1997
1406 1440
1406 1866
1406 1996
1407 1469
1407 1574
1407 1731
1407 1989
1407 1998
1408 1482
1408 1632
1408 1766
1409 1517
1409 1709
1409 1714
1409 1723
1409 1768
1409 1927
1409 1943
1410 1486
1410 1573
1410 1635
1410 1759
1410 1953
1410 1954
1411 1664
1412 1489
1412 1621
1412 1659
1412 1876
1413 1428
1413 1800
1414 1416
1414 1915
1415 1446
1415 1503
1415 1563
1415 1569
1415 1856
1415 1888
1416 1844
1417 1547
1417 1677
1418 1470
1418 1590
1418 1817
1418 1869
1418 1935
1418 1971
1419 1512
1419 1629
1419 1898
1420 1421
1420 1567
1420 1961
1421 1689
1422 1928
1424 1707
1424 1872
1425 1461
1426 1432
1426 1477
1426 1877
1427 1464
1428 1838
1428 1944
1429 1484
1429 1599
1429 1618
1429 1796
1429 1894
1430 1580
1430 1839
1431 1445
1431 1469
1431 1471
1431 1711
1431 1729
1431 1850
1432 1503
1432 1754
1433 1473
1433 1528
1433 1534
1433 1535
1433 1581
1433 1989
1434 1638
1434 1783
1434 1889
1434 1956
1435 1491
1435 1518
1435 1618
1435 1698
1435 1793
1435 1988
1436 1481
1436 1598
1438 1751
1438 1987
1439 1665
1439 1711
1439 1830
1440 1480
1440 1928
1441 1510
1441 1777
1441 1824
1442 1629
1442 1697
1442 1898
1442 1907
1443 1548
1443 1912
1443 1948
1444 1555
1444 1741
1444 1942
1445 1534
1445 1633
1445 1634
1445 1988
1446 1815
1447 1471
1447 1561
1447 1634
1447 1749
1448 1626
1448 1675
1448 1717
1448 1919
1449 1941
1450 1516
1450 1642
1450 1717
1451 1718
1451 1734
1452 1484
1452 1571
1452 1609
1452 1657
1452 1801
1453 1952
1455 1483
1455 1579
1455 1822
1456 1551
1457 1654
1458 1592
1458 1952
1458 1995
1459 1465
1459 1548
1459 1723
1459 1975
1460 1476
1460 1618
1460 1760
1461 1463
1463 1637
1463 1659
1463 1778
1464 1498
1464 1500
1464 1586
1464 1678
1465 1730
1466 1551
1466 1648
1466 1934
1466 1938
1467 1481
1467 1603
1467 1817
1467 1938
1468 1687
1468 1710
1468 1995
1469 1472
1469 1877
1470 1688
1471 1638
1471 1657
1471 1805
1471 1836
1472 1619
1472 1657
1472 1852
1473 1505
1473 1554
1475 1740
1475 1821
1475 1858
1476 1755
1476 1764
1477 1514
1477 1554
1477 1724
1477 1822
1477 1836
1477 1956
1478 1640
1478 1899
1479 1518
1480 1493
1480 1883
1480 1889
1481 1584
1481 1748
1482 1664
1482 1691
1483 1958
1483 1972
1484 1613
1484 1643
1484 1779
1485 1818
1485 1822
1486 1654
1486 1728
1486 1839
1486 1842
1487 1659
1487 1821
1487 1981
1489 1534
1489 1834
1490 1548
1490 1769
1490 1867
1491 1600
1491 1679
1491 1829
1492 1610
1492 1865
1492 1982
1493 1705
1494 1681
1494 1843
1495 1502
1495 1607
1495 1655
1495 1792
1495 1802
1495 1912
1496 1508
1496 1711
1496 1733
1496 1942
1497 1521
1497 1583
1497 1699
1497 1865
1497 1989
1498 1726
1499 1788
1499 1801
1499 1819
1500 1558
1500 1765
1501 1809
1502 1781
1503 1566
1503 1609
1503 1781
1503 1855
1503 1974
1504 1861
1504 1966
1505 1518
1505 1650
1505 1851
1505 1862
1506 1731
1507 1946
1508 1984
1509 1658
1509 1749
1509 1994
1510 1545
1510 1660
1510 1790
1510 1810
1510 1888
1511 1517
1511 1700
1512 1577
1512 1766
1512 1769
1513 1666
1513 1839
1514 1892
1514 1935
1515 1730
1515 1734
1515 1948
1516 1588
1516 1632
1516 1997
1517 1555
1517 1589
1517 1867
1517 1890
1517 1987
1518 1646
1518 1753
1518 1758
1518 1792
1519 1737
1520 1774
1520 1879
1520 1960
1521 1753
1522 1581
1522 1727
1522 1910
1523 1828
1523 1880
1523 1945
1524 1950
1525 1739
1525 1916
1526 1531
1526 1551
1526 1633
1526 1705
1526 1817
1527 1660
1528 1741
1528 1845
1529 1785
1530 1607
1530 1615
1530 1628
1530 1649
1530 1663
1530 1730
1531 1745
1531 1995
1533 1629
1533 1992
1534 1545
1534 1562
1534 1623
1534 1954
1535 1708
1535 1991
1536 1545
1536 1612
1536 1848
1537 1566
1537 1767
1537 1895
1538 1750
1538 1987
1539 1609
1539 1684
1539 1962
1539 1983
1540 1807
1540 1845
1542 1692
1543 1622
1544 1668
1545 1581
1546 1690
1546 1885
1546 1961
1547 1555
1547 1886
1548 1662
1548 1841
1549 1974
1552 1711
1552 1738
1553 1947
1554 1685
1555 1844
1557 1604
1557 1893
1558 1587
1559 1768
1559 1925
1560 1870
1560 1888
1560 1998
1561 1575
1561 1637
1561 1731
1561 1852
1561 1870
1562 1880
1562 1920
1563 1608
1563 1912
1564 1672
1566 1763
1566 1882
1567 1762
1567 1795
1567 1919
1567 1969
1567 1986
1568 1874
1569 1800
1569 1857
1570 1627
1571 1632
1571 1639
1572 1774
1572 1813
1572 1814
1572 1927
1573 1770
1573 1982
1574 1596
1574 1605
1574 1627
1575 1757
1575 1807
1576 1704
1576 1935
1576 1956
1577 1601
1577 1876
1578 1647
1578 1898
1579 1777
1580 1625
1580 1729
1580 1954
1581 1781
1582 1693
1583 1645
1583 1920
1583 1983
1584 1718
1584 1745
1584 1883
1584 1991
1585 1662
1586 1800
1586 1878
1586 1964
1587 1610
1588 1692
1588 1967
1588 1976
1589 1863
1589 1928
1590 1627
1590 1631
1590 1791
1592 1625
1592 1647
1592 1788
1592 1842
1592 1970
1593 1700
1593 1878
1593 1954
1594 1671
1594 1779
1594 1921
1596 1898
1596 1942
1597 1700
1597 1892
1598 1942
1598 1985
1599 1619
1599 1637
1599 1671
1599 1755
1599 1799
1599 1827
1600 1657
1600 1766
1601 1819
1601 1984
1602 1625
1602 1684
1603 1860
1603 1897
1604 1649
1605 1762
1605 1783
1605 1878
1606 1994
1607 1631
1607 1995
1608 1875
1609 1643
1609 1711
1611 1676
1611 1740
1611 1764
1611 1825
1611 1877
1612 1813
1612 1827
1612 1833
1613 1802
1613 1833
1613 1944
1613 1973
1614 1668
1614 1795
1614 1931
1614 1973
1615 1710
1615 1735
1615 1844
1616 1885
1616 1911
1616 1962
1617 1684
1617 1698
1617 1703
1617 1770
1618 1863
1618 1899
1618 1916
1618 1948
1618 1987
1619 1663
1619 1669
1619 1683
1619 1811
1619 1959
1619 1984
1620 1846
1620 1974
1622 1665
1622 1667
1622 1890
1623 1702
1623 1992
1624 1758
1624 1777
1624 1825
1625 1695
1625 1745
1625 1782
1625 1882
1625 1940
1627 1644
1627 1763
1627 1776
1627 1800
1627 1856
1628 1650
1628 1723
1629 1742
1629 1798
1630 1800
1630 1815
1630 1875
1630 1898
1631 1632
1631 1969
1633 1849
1633 1895
1634 1915
1634 1921
1635 1903
1635 1994
1638 1674
1639 1692
1639 1723
1639 1753
1639 1776
1639 1812
1639 1865
1640 1886
1640 1889
1640 1954
1641 1794
1641 1806
1641 1964
1642 1748
1642 1942
1643 1811
1643 1923
1643 1946
1644 1953
1645 1867
1645 1949
1646 1930
1647 1670
1647 1686
1649 1716
1650 1955
1652 1676
1652 1698
1652 1799
1653 1672
1653 1917
1654 1765
1655 1703
1655 1803
1656 1954
1657 1827
1658 1895
1659 1769
1660 1750
1661 1843
1662 1784
1662 1900
1664 1736
1664 1835
1664 1877
1665 1720
1665 1928
1668 1738
1668 1823
1670 1730
1670 1737
1670 1858
1670 1914
1670 1966
1672 1890
1672 1976
1673 1767
1673 1934
1673 1983
1675 1938
1675 1990
1676 1843
1676 1988
1677 1806
1677 1861
1677 1899
1678 1694
1679 1693
1680 1827
1681 1949
1682 1943
1683 1687
1686 1833
1687 1886
1687 1976
1688 1740
1688 1830
1688 1926
1689 1699
1690 1888
1691 1772
1691 1842
1692 1907
1693 1808
1693 2000
1694 1938
1695 1818
1695 1918
1695 1978
1696 1787
1696 1888
1696 1944
1697 1921
1698 1893
1699 1788
1699 1973
1700 1978
1700 1986
1702 1800
1702 1803
1703 1946
1703 1952
1704 1848
1704 1976
1706 1947
1706 1960
1707 1839
1707 1932
1708 1851
1708 1943
1708 1979
1708 1999
1709 1941
1710 1733
1711 1792
1711 1844
1712 1724
1714 1779
1714 1881
1714 1941
1715 1751
1715 1884
1717 1965
1718 1740
1718 1837
1718 1846
1718 1989
1719 1982
1720 1797
1721 1835
1721 1885
1723 1781
1723 1870
1724 1886
1725 1941
1726 1774
1726 1882
1727 1798
1728 1751
1728 1825
1728 1917
1729 1952
1731 1943
1731 1988
1731 1994
1732 1952
1733 1808
1733 1906
1733 1928
1734 1858
1734 1980
1735 1795
1735 1828
1735 1920
1735 1970
1736 1746
1736 1866
1736 2000
1738 1860
1738 1926
1738 1938
1739 1862
1739 1987
1741 1924
1741 1929
1741 1960
1742 1827
1742 1830
1742 1930
1743 1768
1743 1900
1743 1914
1743 1946
1744 1970
1747 1904
1748 1898
1749 1779
1749 1955
1750 1910
1751 1895
1752 1949
1752 1992
1753 1960
1757 1854
1757 1887
1758 1934
1758 1982
1759 1810
1760 1945
1764 1840
1765 1907
1765 1988
1766 1887
1766 1912
1768 1870
1769 1841
1769 1994
1770 1962
1772 1902
1772 1908
1774 1909
1776 1941
1777 1869
1777 1963
1778 1964
1779 1793
1781 1814
1781 1891
1782 1843
1783 1787
1786 1787
1786 1985
1787 1813
1788 1859
1789 1823
1789 1905
1790 1816
1793 1849
1793 1905
1794 1857
1794 1885
1794 1966
1795 1947
1796 1823
1797 1849
1798 1840
1798 1917
1798 1938
1799 1981
1800 1947
1802 1874
1802 1982
1803 1900
1804 1806
1804 1821
1805 1918
1806 1831
1807 1808
1807 1864
1807 1888
1808 1873
1808 1935
1808 1946
1809 1916
1810 1832
1811 1947
1811 1983
1812 1918
1812 1926
1812 1943
1812 1967
1816 1890
1818 1864
1819 1854
1820 1951
1822 1988
1824 1835
1826 1896
1827 1925
1830 1912
1830 1920
1831 1904
1834 1924
1835 1852
1839 1909
1840 1965
1841 1855
1843 1857
1843 1929
1844 1967
1848 1920
1850 1873
1851 1920
1856 1912
1856 1968
1857 1889
1857 1898
1857 1924
1862 1919
1864 1969
1866 1867
1866 1942
1867 1963
1875 1967
1876 1896
1877 1943
1881 1902
1881 1942
1881 1994
1882 1937
1883 1922
1884 1890
1884 1916
1885 1950
1889 1931
1889 1940
1890 1988
1891 1989
1893 1906
1893 1908
1893 1910
1893 1973
1896 1937
1896 1948
1897 1981
1898 1996
1916 1994
1917 1934
1919 1967
1919 1993
1921 1962
1924 1964
1930 1956
1933 1988
1934 1973
1937 1956
1938 1962
1946 1949
1956 1979
1957 1962
1957 1964
1976 2000
1979 2000
