500 1500
1 500
1 3
1 499
1 216
1 137
1 445
2 3
2 500
2 5
2 499
2 105
2 372
2 227
2 424
3 208
3 395
3 275
3 62
3 343
4 5
4 7
4 170
4 177
4 402
4 337
5 8
5 243
5 372
5 449
5 178
5 246
6 35
6 454
6 112
7 8
7 10
7 36
7 289
8 11
8 124
8 25
8 215
9 11
9 101
9 339
9 135
9 70
9 122
9 141
10 12
10 13
10 28
10 215
10 243
11 13
11 69
11 322
11 257
12 13
12 15
12 166
12 75
12 143
12 436
13 14
13 16
13 261
13 398
14 15
14 16
14 317
14 254
15 16
15 17
15 119
16 17
16 73
16 262
17 18
17 19
17 20
17 441
18 19
18 21
18 242
18 482
18 144
18 137
19 20
19 281
19 149
19 236
19 243
20 22
20 210
20 387
21 22
21 23
21 24
22 23
22 24
22 226
22 59
22 250
22 393
22 193
23 26
23 433
23 445
23 412
24 26
24 27
24 182
25 64
25 65
25 140
25 270
25 71
26 28
26 29
26 359
26 97
27 28
27 29
27 30
27 270
28 31
28 198
28 371
28 232
29 264
29 88
29 205
29 152
29 98
30 31
30 33
30 250
30 158
30 408
31 33
31 34
31 256
31 472
31 84
32 34
32 35
32 441
32 74
32 143
33 34
33 35
33 36
33 321
34 130
34 442
34 444
35 36
35 235
35 485
35 91
36 38
36 257
36 242
36 212
37 440
37 230
37 413
38 39
38 41
38 353
38 462
39 41
39 492
39 284
40 42
40 43
40 369
40 499
41 43
41 44
41 397
41 413
41 124
41 237
42 43
42 93
42 440
42 379
42 52
42 156
43 44
43 46
43 421
43 191
44 45
44 46
44 354
44 478
44 439
44 236
45 47
45 440
45 446
45 143
46 48
46 49
46 336
46 58
46 430
47 50
47 306
47 383
48 49
48 50
48 51
49 52
49 150
49 181
49 53
49 463
50 51
50 53
50 370
50 393
50 241
50 448
51 54
51 137
51 288
51 360
51 455
51 270
52 125
52 437
52 294
53 54
53 316
53 296
53 205
54 57
54 95
54 393
54 326
54 148
55 57
55 58
55 213
56 58
56 355
56 325
56 489
57 58
57 59
57 60
57 185
58 59
58 61
59 62
59 139
60 62
60 227
60 130
60 406
60 112
61 64
61 190
61 131
62 63
62 65
62 112
62 402
63 64
63 65
63 239
63 389
63 245
64 67
64 250
65 131
65 301
65 209
65 302
65 311
65 344
65 450
66 67
66 438
66 492
66 272
66 89
67 68
67 362
67 174
67 209
68 71
68 399
68 133
68 211
69 70
69 71
69 259
69 360
69 423
69 439
70 72
70 121
71 73
71 74
71 146
71 274
71 126
72 73
72 107
72 100
73 75
73 417
73 431
73 372
74 76
74 77
74 452
74 371
75 77
75 78
75 498
75 427
76 77
76 78
76 481
77 78
77 79
77 80
77 199
77 390
77 195
77 450
77 436
78 486
78 453
78 410
79 81
79 82
79 353
79 104
79 464
80 82
80 445
80 302
80 297
81 82
81 83
81 454
81 370
82 170
82 243
82 413
83 86
83 242
83 326
83 327
83 180
84 85
84 287
85 86
85 88
85 133
85 155
85 419
85 284
86 89
86 461
86 459
86 360
87 88
87 89
87 90
87 403
88 90
88 472
88 260
89 91
89 92
89 123
89 215
89 251
90 91
90 168
90 108
90 231
90 325
91 93
91 285
91 259
92 93
92 218
92 331
92 443
92 498
92 309
93 94
93 451
93 209
94 96
94 412
94 128
94 217
94 372
95 96
95 98
95 245
96 97
96 99
96 236
96 201
97 98
97 99
97 375
97 399
98 100
98 320
98 275
98 288
98 495
99 100
99 419
99 379
100 101
100 159
100 460
100 219
100 115
101 104
101 468
101 223
101 298
101 408
101 352
102 103
102 105
102 401
102 111
102 200
102 147
103 104
103 105
103 106
103 400
104 105
104 107
104 142
105 106
105 107
105 108
106 107
106 108
106 109
107 109
107 110
107 395
107 219
108 111
108 418
108 228
108 399
108 445
108 259
109 110
109 441
109 272
109 483
110 111
110 113
110 460
111 112
111 114
111 272
111 237
112 115
112 298
113 115
113 393
113 157
114 115
114 116
114 117
114 357
115 117
115 118
115 415
115 458
115 215
116 119
116 249
116 219
117 118
117 119
117 120
117 270
118 119
118 120
118 121
118 346
119 120
119 319
119 227
119 491
119 430
120 121
120 123
120 303
121 123
121 124
121 447
121 370
121 346
122 124
122 417
122 405
123 124
123 152
123 194
123 258
123 291
124 125
124 127
124 397
124 394
125 126
125 189
125 395
125 212
126 127
126 128
126 479
127 130
127 334
127 272
127 482
127 490
128 131
128 416
128 228
128 187
129 130
129 131
129 436
129 368
130 131
130 324
131 133
131 134
131 197
132 133
132 135
132 481
132 177
132 226
133 134
133 136
133 148
134 336
134 450
134 364
134 464
135 136
135 137
135 160
135 465
136 138
136 139
136 220
137 139
138 140
138 141
138 448
138 160
139 140
139 141
139 142
139 273
140 142
140 143
140 197
140 352
141 143
141 273
141 243
141 265
142 144
142 145
143 208
143 351
143 390
144 147
144 327
145 147
145 148
145 163
145 154
146 147
146 148
146 149
146 260
147 493
147 330
147 483
148 150
148 214
148 366
148 279
149 150
149 367
149 320
149 424
150 151
150 259
150 404
150 172
150 316
151 152
151 153
151 175
151 161
152 153
152 310
152 348
152 302
153 154
153 155
153 410
154 156
154 157
155 156
155 158
155 350
155 228
155 405
156 431
156 214
156 327
157 158
157 498
157 238
157 422
158 159
158 305
159 161
159 162
160 295
160 362
160 432
161 162
161 163
161 248
162 163
162 318
162 324
162 189
163 165
163 166
163 435
164 167
164 254
164 211
164 355
164 441
164 271
164 411
165 166
165 167
165 244
165 231
165 199
166 168
166 264
166 333
167 170
167 340
167 287
167 202
168 169
168 171
168 296
169 170
169 172
169 176
169 280
170 173
170 262
170 309
170 361
171 172
171 174
171 217
171 353
171 442
171 370
172 173
172 258
172 365
173 175
173 176
173 308
173 361
174 177
174 281
175 177
175 178
175 290
175 267
176 470
176 413
176 415
177 180
177 258
178 180
178 296
178 475
179 180
179 181
179 182
179 232
179 293
180 384
180 397
181 182
181 416
181 223
181 270
182 183
182 184
182 185
183 184
183 262
183 219
183 358
184 185
184 341
184 368
184 320
184 469
185 186
185 188
186 189
186 477
186 368
186 396
187 188
187 189
187 356
188 189
188 190
188 191
188 303
188 377
189 309
189 407
190 191
190 192
190 412
191 192
191 458
192 193
192 195
192 368
192 351
192 340
193 194
193 373
193 229
193 374
194 195
194 197
195 196
195 198
195 342
195 466
196 197
196 199
196 317
196 432
197 200
197 475
198 201
198 243
198 247
199 214
199 333
200 201
200 330
200 495
200 314
201 202
201 203
201 226
201 410
202 203
202 332
202 392
202 331
203 204
203 206
203 318
203 364
203 239
204 207
204 413
204 217
205 207
205 296
206 207
206 208
206 209
206 221
207 208
207 209
207 210
208 210
208 211
208 261
209 210
209 211
209 290
210 211
210 212
210 468
210 281
211 214
211 255
212 213
212 215
212 477
212 266
213 214
213 215
213 490
213 256
214 217
214 356
214 388
215 415
216 218
216 481
216 328
217 220
217 458
218 220
218 221
218 257
219 222
219 340
220 221
220 223
220 240
220 297
221 223
221 224
222 223
222 225
222 453
222 311
223 494
223 480
224 225
224 227
224 245
225 226
225 441
225 376
225 380
225 462
226 290
226 327
226 391
227 228
227 229
227 296
229 230
229 474
229 317
230 231
230 232
230 233
231 232
231 480
232 463
233 234
233 236
233 468
233 477
234 236
234 455
234 276
235 237
235 238
235 312
235 383
235 489
236 378
236 467
236 363
237 240
237 369
237 491
238 240
238 241
238 410
238 485
239 241
239 484
240 243
240 399
241 242
241 243
241 320
241 265
242 245
243 245
244 247
244 488
244 299
245 246
245 283
246 248
246 394
247 248
247 249
247 250
247 425
247 442
247 299
247 336
248 251
248 365
249 251
249 252
249 452
249 336
249 472
250 253
250 473
251 252
251 409
251 469
251 406
252 255
252 280
252 415
252 378
252 437
253 254
253 255
253 256
253 307
254 256
254 290
255 258
255 481
255 308
256 258
256 270
256 419
257 258
257 260
257 307
258 260
258 311
258 308
260 416
260 309
260 424
261 359
261 341
261 468
261 446
262 264
262 265
262 477
262 451
263 264
263 265
263 266
264 265
264 364
265 266
265 485
265 439
266 267
266 268
266 356
266 471
267 268
267 270
267 365
268 269
268 271
268 373
268 386
269 271
269 282
269 386
271 272
271 274
271 428
271 307
272 275
272 458
273 275
273 276
274 275
274 362
275 278
275 497
275 486
276 277
276 278
276 279
276 495
277 278
277 363
277 365
277 486
278 281
278 390
278 282
279 395
279 452
280 282
280 304
280 412
280 449
281 283
281 462
281 417
282 283
282 285
282 386
282 406
283 284
283 285
283 431
283 420
284 285
284 286
284 473
285 287
285 416
285 364
286 288
286 289
286 404
286 394
286 412
287 289
287 290
287 359
288 291
288 290
288 453
289 290
289 292
289 384
290 293
290 409
290 480
291 292
291 293
292 293
292 294
292 295
292 448
293 294
293 416
294 296
294 302
294 424
294 359
295 296
295 328
295 329
296 297
296 298
297 298
297 299
298 300
298 301
299 430
299 338
299 438
299 478
300 302
300 303
300 419
300 466
301 303
301 304
302 303
303 440
303 351
303 434
303 383
304 305
304 306
304 307
305 307
305 308
305 431
306 308
306 309
306 359
306 383
306 406
307 309
308 309
308 311
309 370
310 311
310 312
310 313
310 407
311 312
311 314
311 496
312 313
312 454
312 441
313 316
313 426
313 355
314 315
314 316
314 420
315 316
315 317
315 318
316 318
317 318
317 319
317 320
318 320
318 321
319 321
319 322
320 387
320 450
321 323
321 367
322 325
322 383
323 324
323 325
323 399
324 325
324 326
324 327
325 326
325 328
326 328
327 329
327 330
328 329
328 330
328 331
328 377
329 330
329 331
329 332
330 360
331 469
331 423
331 470
332 333
332 335
332 490
333 336
333 486
334 335
334 474
334 373
334 420
335 336
335 338
335 379
335 411
336 338
337 338
337 339
338 339
338 392
338 389
339 413
339 430
340 341
340 409
340 400
341 342
341 496
341 375
342 343
342 345
343 344
343 345
343 346
344 345
344 347
345 346
345 347
345 348
345 440
346 348
347 348
347 349
347 350
348 349
348 350
348 369
348 475
349 350
349 351
349 352
350 351
350 447
350 413
351 352
352 353
352 355
353 356
353 406
354 357
354 432
355 357
355 358
355 421
356 359
356 374
357 358
357 359
358 359
358 360
359 360
359 362
360 363
361 415
361 431
362 363
362 365
362 431
362 402
363 365
363 419
364 365
364 367
365 366
365 367
366 368
366 369
367 369
367 370
368 370
368 371
369 371
369 372
370 372
371 372
371 373
371 479
372 373
373 376
373 426
374 377
375 482
376 379
376 392
377 384
378 379
378 381
379 380
379 382
379 404
379 425
380 383
380 389
380 489
381 382
381 383
381 384
381 448
381 468
382 384
382 499
382 387
383 386
384 385
384 387
385 386
385 387
385 388
386 388
386 389
387 483
387 443
387 456
387 488
388 389
388 391
389 391
389 392
389 412
389 494
390 392
391 392
391 394
391 400
391 498
392 393
392 395
393 394
393 396
394 396
395 397
395 398
396 397
396 398
397 399
397 400
397 457
398 399
398 423
399 402
399 404
400 452
401 404
401 417
401 425
402 404
403 406
403 424
404 405
404 409
404 433
405 497
405 438
406 466
407 408
407 409
408 411
410 411
410 412
411 412
412 414
413 415
413 416
414 415
414 417
414 461
414 460
415 417
415 418
415 481
416 417
416 418
416 419
416 488
417 418
417 448
417 483
418 419
418 420
418 421
419 420
419 422
419 478
420 421
420 423
420 430
420 500
421 422
421 424
422 423
422 424
423 425
423 474
424 426
426 427
426 428
426 457
427 428
427 430
427 471
428 430
428 431
429 430
429 431
429 432
432 433
433 434
433 435
434 435
434 437
435 436
435 437
435 473
436 457
436 495
437 439
438 442
439 440
440 443
441 444
442 498
443 446
444 445
444 446
444 476
445 448
445 446
446 448
447 449
447 450
449 476
449 457
451 452
451 457
452 453
452 455
453 455
454 457
455 457
455 458
456 457
456 458
456 459
458 489
459 462
459 491
460 463
461 462
461 463
461 464
461 498
462 463
462 465
463 464
463 466
464 465
464 466
465 467
465 468
465 478
466 484
467 468
467 499
468 469
469 470
470 471
470 473
470 480
471 473
473 474
473 475
474 477
475 478
476 477
476 478
476 479
476 485
477 479
479 481
480 481
480 482
481 483
482 483
482 484
483 484
483 485
483 486
484 486
486 487
487 488
487 489
487 490
488 490
488 491
489 490
490 492
491 494
492 493
492 494
492 495
492 497
493 494
493 495
493 496
494 496
494 497
496 497
496 498
497 498
497 499
