500 1500
1 2
1 500
1 3
1 499
1 498
1 81
1 233
1 348
2 3
2 4
2 500
2 5
2 499
2 131
3 4
3 5
3 6
4 211
4 380
4 291
4 131
5 8
5 98
5 75
5 223
6 7
6 9
6 382
7 9
7 10
7 248
7 92
7 495
8 492
8 123
8 383
9 10
9 11
9 293
9 260
10 12
10 13
10 345
10 194
10 217
11 365
11 317
11 42
11 17
11 229
11 255
12 14
12 96
12 360
12 450
13 15
13 16
13 397
14 15
14 223
14 460
14 436
15 16
15 183
15 324
15 105
15 179
15 331
16 18
16 373
16 174
16 240
17 19
17 129
17 68
17 204
17 306
17 98
18 19
18 20
18 21
18 120
19 21
19 22
19 202
20 21
20 23
20 82
20 91
20 321
21 22
21 24
21 67
21 82
22 25
22 318
22 94
22 425
22 233
22 300
23 24
23 25
23 382
23 163
24 25
24 26
24 278
24 449
24 128
24 271
24 447
25 26
25 28
25 292
25 296
26 27
26 28
26 29
26 477
26 486
27 62
27 433
27 259
28 31
28 205
28 375
28 146
29 221
29 145
29 48
29 253
29 177
30 33
30 393
30 289
30 328
31 34
31 229
31 294
32 34
32 35
32 123
32 296
32 304
32 464
33 36
33 448
33 263
33 470
33 476
34 35
34 53
34 403
35 36
35 127
35 454
36 38
36 39
36 327
36 433
36 443
36 248
36 398
37 89
37 231
37 354
37 450
38 40
38 41
38 406
38 250
39 42
39 432
39 159
40 306
40 369
40 478
40 119
41 42
41 43
41 44
41 326
41 422
42 43
42 394
42 369
42 308
43 237
43 448
43 325
44 360
44 297
44 136
44 254
44 452
45 46
45 47
45 95
45 77
45 365
46 47
46 48
46 352
46 324
46 299
46 322
47 242
47 177
47 100
47 268
48 50
48 51
48 55
49 50
49 240
49 483
49 201
49 225
49 336
50 51
50 64
50 422
50 401
51 52
51 53
51 54
51 110
52 53
52 290
52 228
52 109
53 55
53 243
53 129
53 424
54 498
54 161
54 244
54 84
54 126
54 198
54 297
54 129
55 56
55 57
55 58
55 143
55 134
55 205
55 347
56 59
56 390
56 427
56 336
56 95
56 318
56 153
56 173
57 59
57 153
57 466
57 152
57 294
58 59
58 60
58 61
58 108
58 124
59 61
59 400
59 381
60 127
60 470
60 477
60 137
61 63
61 188
61 257
61 488
61 143
62 64
62 286
62 185
62 111
62 159
62 305
63 64
63 65
63 247
63 386
64 65
64 66
64 284
64 388
64 133
65 66
65 67
65 68
65 320
66 67
66 195
66 209
66 224
67 70
67 376
67 273
67 192
68 71
68 386
69 71
69 72
69 400
69 358
69 253
70 71
70 72
70 262
70 84
71 73
71 319
71 491
71 121
71 297
72 73
72 316
72 90
72 404
72 293
73 74
73 75
73 115
73 220
74 75
74 255
74 456
74 405
75 76
75 77
75 426
76 77
76 160
76 297
76 497
76 309
77 78
77 195
78 81
78 252
78 430
78 153
78 221
79 81
79 296
79 464
79 175
79 443
79 147
80 82
80 202
80 231
80 267
80 359
81 83
81 84
82 84
82 85
82 300
83 85
83 309
83 314
83 307
84 87
84 468
84 182
84 368
84 190
84 423
84 471
85 87
85 88
85 479
85 103
85 133
86 88
86 284
86 258
86 359
86 211
87 89
87 90
87 176
87 311
87 393
87 418
88 90
88 157
88 242
89 90
89 91
89 158
90 92
90 93
90 466
91 92
91 94
91 283
91 382
92 93
92 95
92 352
92 359
93 95
93 96
93 119
94 96
94 317
94 143
95 98
95 160
95 203
95 420
96 98
96 295
96 458
96 213
96 379
97 487
97 491
97 474
97 430
98 99
98 100
99 100
99 127
99 232
99 385
99 415
100 101
100 102
100 103
100 132
100 255
101 104
101 266
101 219
101 328
101 360
102 463
102 321
102 271
102 258
102 417
103 104
103 135
103 290
103 259
104 498
104 186
104 416
104 399
104 329
105 106
105 492
105 421
105 242
106 108
106 109
106 336
107 108
107 127
107 412
108 110
108 111
109 111
109 112
109 248
109 408
110 208
110 124
110 256
111 113
111 315
111 150
111 387
112 113
112 115
112 117
113 114
113 116
113 212
113 333
113 251
113 206
114 115
114 116
114 311
114 190
115 117
115 118
116 118
116 119
116 258
116 301
116 324
116 431
117 119
117 120
117 333
117 237
117 343
118 119
118 120
118 121
118 175
119 120
119 121
119 122
119 388
120 449
120 365
120 388
120 473
121 122
121 123
122 124
122 125
122 162
122 319
123 226
123 168
123 207
123 490
124 391
124 174
124 193
124 442
125 128
125 130
125 315
125 416
126 129
126 169
126 330
127 129
127 354
127 364
127 185
128 129
128 130
128 144
129 131
129 169
129 413
129 140
130 133
130 222
130 478
130 438
131 133
131 172
132 135
132 315
132 353
132 251
133 134
133 136
134 135
134 136
134 167
135 136
135 138
135 412
135 286
136 138
136 139
136 154
137 140
137 192
137 399
137 233
137 479
138 139
138 140
138 141
138 318
139 140
139 142
139 197
140 143
140 384
140 167
141 142
141 143
141 165
142 143
142 145
142 238
142 368
142 194
143 144
143 222
143 478
144 472
144 232
144 161
145 147
145 148
146 148
146 153
146 184
146 160
147 149
147 150
147 372
148 149
148 150
148 151
148 284
149 150
149 152
149 384
149 281
150 353
150 285
151 152
151 154
151 392
151 320
151 249
152 153
152 155
153 154
154 157
154 189
154 239
154 347
154 389
155 156
155 157
155 158
155 219
156 158
156 159
156 208
157 158
157 462
157 482
158 159
158 160
158 249
158 486
158 234
158 441
159 161
159 178
160 161
160 163
160 171
160 332
161 163
161 350
161 459
161 181
162 163
162 165
162 228
162 478
162 258
163 164
163 165
163 180
164 166
164 167
164 253
164 318
165 166
165 183
165 201
166 167
166 168
166 407
166 415
167 250
168 170
168 171
168 188
168 493
168 244
169 446
169 493
169 274
169 246
170 171
170 173
170 294
170 183
171 173
171 174
172 452
172 474
172 407
173 174
173 175
174 177
174 218
174 188
174 449
175 408
175 459
176 177
176 178
176 179
176 202
176 263
176 484
177 179
177 411
177 336
178 179
178 272
178 365
179 181
179 362
179 236
180 181
180 183
180 249
180 273
181 182
181 211
181 388
181 375
181 413
182 185
182 327
183 184
183 186
183 367
184 186
184 196
184 444
185 187
185 337
185 485
186 188
186 189
187 188
187 328
187 314
187 410
188 189
188 190
188 355
189 247
189 196
189 383
190 191
190 192
190 193
190 307
190 411
191 192
191 366
191 300
191 397
192 193
192 194
193 194
193 195
193 254
193 356
194 195
195 197
195 453
195 402
196 199
196 448
196 361
197 200
197 224
197 198
198 199
198 201
198 270
198 376
198 377
199 201
199 202
199 493
200 202
200 203
200 393
200 272
201 204
201 301
201 224
202 204
202 298
203 206
203 407
204 206
204 207
204 281
204 327
204 407
205 206
205 207
205 275
206 208
206 266
207 208
207 210
207 393
207 495
208 210
208 354
208 351
209 210
209 212
209 310
209 492
210 211
210 212
210 213
210 299
210 490
210 287
210 342
211 213
211 214
211 481
212 215
212 345
212 409
213 215
213 310
214 216
214 217
214 236
215 216
215 217
215 218
215 342
215 264
215 356
216 218
216 219
216 412
216 423
217 218
217 219
217 285
218 220
218 221
218 431
218 313
218 398
218 378
219 222
220 223
220 403
220 254
221 222
221 362
221 390
221 383
222 223
222 224
222 375
222 250
223 224
223 434
223 252
224 255
224 310
225 226
225 372
226 227
226 266
226 467
226 314
227 228
227 230
227 486
227 388
227 500
228 432
229 231
229 458
229 437
230 231
230 232
230 376
230 268
231 234
231 489
232 235
232 484
233 357
233 374
233 438
234 236
234 356
235 236
235 238
235 259
235 418
235 295
235 488
236 239
236 255
236 353
237 239
237 240
237 396
237 453
237 395
238 241
238 432
239 457
239 295
240 415
240 318
240 379
241 242
241 243
241 244
241 310
242 243
242 244
243 246
243 270
243 326
244 274
245 246
245 247
245 309
246 247
246 248
247 248
247 249
247 250
247 400
248 249
248 250
249 287
249 281
250 253
251 428
251 380
252 253
252 254
252 255
252 331
252 497
253 254
253 309
254 256
254 410
254 264
255 256
256 257
256 258
257 259
257 260
257 324
258 493
259 261
260 465
260 273
261 262
261 263
261 327
262 264
262 265
263 425
263 310
263 421
264 335
265 267
265 268
265 290
265 412
266 267
266 268
266 408
266 453
267 268
267 269
267 270
268 269
268 270
269 270
269 271
269 326
270 272
270 419
271 272
271 273
271 394
272 273
272 274
272 332
272 377
273 274
273 286
273 355
274 275
274 276
274 277
274 349
274 475
275 277
275 446
276 277
276 278
276 380
277 278
277 279
277 280
278 280
278 281
279 282
279 433
279 472
279 429
280 281
280 282
280 283
280 385
280 432
281 282
281 476
282 283
282 285
282 315
283 284
283 286
283 436
283 327
284 286
284 402
285 286
285 288
285 497
286 287
286 289
287 288
287 376
287 351
288 289
288 291
288 371
289 290
289 292
289 398
289 368
290 291
290 292
290 293
291 294
291 309
291 364
291 371
291 344
291 370
292 295
292 434
293 296
293 467
293 428
294 296
294 332
295 296
295 298
295 443
296 299
296 493
296 362
297 298
297 485
298 299
298 300
298 319
299 302
299 353
300 412
301 302
301 303
302 303
302 304
302 305
303 305
303 442
303 344
304 306
304 480
305 307
305 319
306 357
306 341
306 376
306 369
307 309
307 310
307 457
308 309
308 422
309 415
309 406
310 311
310 313
311 348
312 314
312 315
312 380
313 314
313 316
314 316
315 317
315 318
315 496
316 318
316 319
317 319
317 321
319 320
319 466
320 322
320 323
321 324
321 382
321 396
322 323
322 324
323 324
323 326
323 468
323 402
323 388
325 326
325 327
325 328
326 328
326 329
327 328
327 426
328 496
329 330
329 349
329 361
330 331
330 333
330 415
331 333
331 373
332 335
332 345
333 334
333 336
333 338
334 335
334 336
334 337
334 483
335 336
335 337
335 338
336 337
336 339
337 338
337 340
337 356
338 339
338 341
338 399
338 425
338 366
339 340
339 341
339 353
340 341
340 342
340 343
341 343
341 344
342 344
343 345
343 346
344 345
344 346
344 361
345 347
345 348
346 347
346 348
346 349
346 455
347 348
347 349
348 350
348 364
349 351
349 387
350 352
350 494
351 353
351 426
352 355
353 355
353 473
354 355
354 356
354 357
354 482
354 474
355 356
355 357
356 403
357 358
357 359
357 429
357 496
357 391
357 376
358 361
358 471
359 384
359 495
360 362
360 363
361 362
362 365
363 366
363 466
363 429
364 367
365 367
366 368
367 369
367 370
367 463
368 468
368 454
369 372
369 457
370 371
370 443
371 373
371 374
372 373
372 374
372 475
373 374
373 376
373 409
374 375
374 376
374 377
375 377
376 463
377 379
377 481
378 379
378 380
379 380
379 381
380 381
380 382
381 382
381 384
381 390
381 485
382 383
383 384
383 411
384 387
384 472
385 387
385 388
386 387
386 388
386 489
387 388
387 390
387 472
387 486
389 390
389 392
390 392
390 393
390 468
391 392
391 393
391 394
391 411
392 395
392 459
392 497
393 395
394 397
394 468
395 396
395 398
396 494
397 398
397 399
397 400
397 476
397 453
398 399
399 401
399 402
400 401
400 491
401 403
401 474
402 405
403 404
403 406
404 405
404 407
405 406
405 407
405 448
406 407
406 408
406 409
407 408
408 409
409 411
410 412
412 444
413 415
414 415
414 416
414 417
416 419
416 480
417 419
417 499
417 496
418 419
418 468
419 420
419 422
419 482
420 421
420 423
420 463
421 422
421 466
422 424
422 425
423 425
424 425
424 426
424 427
425 426
425 428
426 429
426 481
426 463
426 491
427 429
427 430
428 429
428 430
428 431
428 462
429 432
430 431
430 432
430 433
431 433
432 434
432 435
433 435
433 436
433 474
434 436
434 437
435 436
435 437
435 438
436 438
436 439
436 443
436 494
437 439
437 440
437 448
438 439
438 475
438 452
439 440
439 441
439 442
440 441
440 442
440 443
441 442
441 443
442 443
442 462
444 445
444 446
444 447
445 446
445 448
445 459
446 448
446 469
447 448
447 449
448 450
449 450
449 452
450 451
450 452
450 467
451 452
451 453
451 454
452 453
454 456
454 496
455 457
455 458
456 457
456 458
456 459
457 458
457 459
458 459
458 460
458 461
458 473
459 461
460 463
460 489
461 462
461 463
461 464
462 464
462 481
462 483
462 491
463 467
464 466
465 466
465 467
465 468
465 485
466 468
467 469
467 470
467 490
468 471
469 470
469 472
469 478
470 472
471 472
471 473
472 495
473 474
474 491
475 476
475 477
477 479
477 480
478 480
479 480
479 481
480 482
480 483
481 483
481 484
482 484
482 485
483 486
484 487
485 488
486 493
487 488
487 489
487 490
488 489
488 491
489 490
492 493
492 494
493 499
494 495
494 496
495 496
498 499
498 500
499 500
