500 1500
1 500
1 499
1 150
1 317
1 468
1 474
1 398
1 291
2 3
2 41
2 258
3 4
3 5
3 6
3 500
4 6
4 373
4 61
4 454
4 355
5 8
5 165
5 156
5 276
5 279
5 477
6 7
6 8
6 142
6 413
6 181
7 8
7 9
7 322
7 441
7 119
8 9
8 492
8 228
8 429
8 62
8 97
9 124
9 290
9 117
9 473
10 11
10 12
10 13
10 266
10 267
11 12
11 14
11 395
11 447
11 72
12 15
12 418
12 165
12 474
12 409
13 16
13 268
13 365
13 435
14 15
14 16
14 17
14 306
14 132
15 17
15 433
15 139
15 258
16 17
16 18
16 19
16 185
17 18
17 19
17 20
17 260
18 20
18 147
18 249
18 199
18 485
18 217
19 352
19 450
19 117
19 353
19 324
19 157
19 233
20 417
20 341
20 441
21 300
21 131
21 260
21 25
22 24
22 25
22 396
22 45
22 434
23 26
23 71
23 86
23 28
23 150
24 25
24 27
24 283
24 313
24 206
25 425
25 92
26 27
26 28
26 176
26 30
26 308
26 237
27 230
27 498
27 495
27 52
28 29
28 224
28 369
28 296
28 478
29 32
29 455
29 306
29 76
29 448
30 302
30 459
30 98
30 112
30 426
30 466
30 350
31 32
31 34
31 370
31 86
31 144
32 33
32 34
32 175
32 79
33 34
33 35
33 36
33 424
33 412
34 56
34 243
34 395
34 250
35 38
35 149
35 377
36 38
36 39
36 327
36 166
37 38
37 40
37 433
37 43
37 82
38 39
38 40
38 41
38 195
39 42
39 226
39 54
40 174
40 95
40 395
41 42
41 44
41 145
41 497
42 43
42 44
42 45
42 208
42 377
42 411
43 44
43 45
43 338
43 61
44 46
44 47
44 497
44 335
45 47
45 394
45 359
46 47
46 48
46 49
46 62
46 482
47 48
47 49
47 50
47 118
48 49
48 50
48 344
48 379
48 285
49 297
49 352
49 427
49 246
49 159
50 53
50 172
50 499
51 52
51 165
51 249
51 292
51 476
52 454
52 153
52 54
53 55
53 118
53 276
53 178
53 280
53 71
54 57
54 354
54 182
54 484
55 57
55 275
55 311
55 391
56 59
56 160
56 360
57 58
57 60
57 183
57 308
57 112
58 59
58 349
58 252
58 268
58 439
59 60
59 62
59 106
60 61
60 62
60 273
61 62
61 441
62 64
62 65
62 188
63 64
63 65
63 269
63 332
63 490
63 300
64 65
64 66
64 286
64 213
64 271
65 66
65 67
65 68
66 67
66 68
66 308
66 400
66 235
67 68
67 69
67 70
67 220
67 250
68 69
68 70
68 71
68 236
68 379
68 212
68 346
69 298
69 397
69 304
69 204
69 488
69 135
70 71
70 72
70 73
70 92
70 288
71 100
71 145
71 181
72 73
72 306
72 439
72 268
72 98
72 262
73 74
73 75
73 76
74 423
74 226
74 270
74 376
75 76
75 84
75 409
76 77
76 172
76 385
77 78
77 79
77 80
77 158
77 457
78 80
78 81
78 109
78 82
79 81
79 377
79 162
79 261
79 305
79 189
80 81
80 478
80 195
81 490
81 312
81 178
81 258
81 481
81 335
81 366
82 218
83 85
83 153
83 428
84 85
84 340
84 319
85 87
85 379
85 384
86 88
86 89
86 188
86 244
86 348
87 90
87 482
87 338
87 473
88 90
88 253
88 186
88 494
88 255
89 91
89 92
89 306
89 210
90 91
90 161
90 169
90 468
91 212
91 183
91 278
91 467
91 326
91 358
92 95
92 346
92 196
92 370
92 136
92 224
92 428
93 94
93 95
93 116
94 97
94 334
94 152
94 289
95 98
95 259
95 148
95 462
96 99
96 182
96 355
96 426
97 434
97 250
97 398
97 366
97 156
98 159
98 373
99 100
99 102
99 454
100 101
100 102
100 436
101 102
101 103
101 104
101 393
102 103
102 105
102 404
102 466
102 271
103 104
103 106
103 181
104 105
104 267
104 438
104 496
104 208
104 244
104 251
104 110
105 107
105 471
105 119
106 108
106 346
106 258
107 108
107 110
107 367
107 200
107 370
108 109
108 110
108 111
109 187
109 217
109 347
110 377
110 319
110 461
110 152
110 174
111 468
111 377
111 391
111 492
112 446
112 180
112 215
112 265
112 329
113 114
113 115
113 116
114 115
114 117
114 254
114 155
114 253
114 414
115 117
115 118
115 224
116 142
116 179
116 425
116 185
117 118
117 474
118 120
118 466
119 120
119 132
120 121
120 122
120 490
120 392
120 274
121 124
121 199
121 492
121 139
121 466
122 124
122 125
122 492
122 209
123 126
123 269
123 216
123 226
124 127
124 459
124 471
125 127
125 128
125 270
125 368
126 127
126 129
126 217
127 128
127 130
127 260
127 151
128 129
128 131
128 304
128 140
128 160
129 130
129 131
129 469
129 228
130 131
130 132
130 133
130 430
131 132
131 133
131 134
132 133
132 134
132 315
133 134
133 135
133 222
133 337
134 135
134 178
134 243
134 475
134 221
135 136
135 138
135 140
135 321
136 137
136 364
137 138
137 140
137 285
138 139
138 141
138 344
138 407
139 262
139 198
139 304
140 420
140 469
140 151
140 152
141 142
141 143
141 343
141 352
142 144
142 145
143 255
143 211
143 158
144 145
144 284
144 230
145 147
145 148
145 181
145 467
146 147
146 148
146 149
146 220
146 413
147 148
147 149
147 150
147 190
148 150
148 357
148 340
149 150
149 152
149 450
149 181
149 226
150 151
150 152
150 232
150 270
151 152
151 230
151 446
151 414
152 153
152 155
152 456
153 155
153 186
153 465
154 157
154 323
154 231
154 203
154 349
155 227
155 231
155 427
155 291
156 158
156 210
157 158
157 159
158 161
158 446
158 269
159 160
159 161
159 348
160 487
160 234
161 162
161 163
161 164
161 431
162 164
162 404
163 164
163 165
163 166
163 359
164 167
164 496
164 401
165 167
165 168
165 346
166 190
166 313
166 193
166 197
167 168
167 169
167 170
167 319
168 169
168 171
168 410
168 453
169 170
169 442
170 172
170 173
170 478
171 173
171 174
171 202
171 257
172 173
172 175
172 451
172 405
172 231
173 175
173 350
173 203
174 176
174 338
174 331
174 222
175 177
175 178
175 409
175 272
176 178
176 179
177 178
177 179
177 180
177 213
178 179
178 352
179 181
179 182
179 228
179 343
180 182
180 183
180 245
181 427
182 185
182 441
183 185
183 397
183 280
184 185
184 186
184 187
185 188
185 439
185 432
186 187
186 189
186 263
186 382
187 188
187 419
187 223
187 500
187 263
188 189
188 190
188 406
189 191
189 334
189 290
190 193
190 379
191 192
191 193
191 409
191 439
191 396
191 458
191 483
192 193
192 194
192 371
192 332
192 354
193 194
193 195
193 498
193 298
194 196
194 197
194 325
194 300
195 196
195 225
195 478
196 197
196 199
196 423
197 198
197 199
197 336
197 407
198 199
198 378
198 233
198 345
199 200
199 202
199 204
199 313
200 201
200 203
200 289
200 424
200 396
200 306
201 203
201 446
201 308
201 227
202 204
202 205
202 279
202 473
202 223
202 300
202 340
203 204
203 448
203 244
203 388
203 361
204 207
204 253
204 468
205 206
205 207
205 208
205 398
206 208
206 209
206 399
206 475
207 208
207 210
207 354
207 214
208 211
208 273
209 210
209 246
210 211
210 212
211 212
211 213
211 227
211 462
211 345
212 213
212 214
212 462
213 392
213 408
213 452
214 215
214 461
214 495
215 217
215 218
215 302
216 218
216 288
216 315
217 218
217 219
218 219
218 220
218 221
218 297
219 220
219 221
219 222
219 241
220 223
221 224
221 481
221 453
221 497
222 223
222 497
223 224
223 387
224 226
224 259
225 226
225 228
225 405
226 228
226 310
226 399
226 307
227 361
227 329
228 229
228 230
228 231
229 230
229 231
229 232
230 416
230 303
231 234
232 235
232 476
232 295
233 234
233 383
233 429
234 236
234 237
234 457
235 236
235 237
235 329
236 238
236 239
237 238
237 239
237 324
238 239
238 240
238 241
239 240
239 242
239 482
239 498
240 241
240 243
240 328
241 242
241 284
241 376
241 387
241 280
242 243
242 244
242 245
242 358
242 292
243 244
243 324
243 321
244 402
244 299
245 247
245 248
245 391
245 301
246 248
246 249
246 271
246 381
247 249
247 250
247 488
247 315
248 249
248 250
248 251
248 392
249 252
250 252
251 253
251 409
251 326
251 277
251 396
252 254
252 274
252 321
252 308
253 413
254 257
254 494
255 256
255 257
255 420
256 257
256 259
256 478
257 258
257 259
257 387
257 303
258 259
259 261
259 262
259 331
260 261
260 421
260 283
261 262
261 264
262 336
262 290
262 288
263 266
263 412
263 408
264 265
264 266
264 447
264 306
265 267
265 356
265 437
266 362
266 447
266 267
266 465
267 345
267 362
268 269
268 271
268 324
268 322
269 271
270 271
270 386
271 272
272 274
272 373
272 461
273 275
273 276
273 393
274 275
274 417
275 426
275 388
275 458
275 323
275 381
276 279
277 278
277 280
277 421
278 279
278 281
278 364
279 280
279 282
279 499
280 281
281 282
281 283
281 284
282 283
282 284
282 285
283 369
284 287
284 315
285 287
285 470
286 287
286 288
286 289
287 480
287 307
287 353
287 475
288 339
289 292
290 293
290 458
291 292
291 447
292 295
292 418
293 294
293 295
293 296
293 331
293 479
294 297
294 330
294 401
295 298
295 335
295 438
296 297
296 299
296 492
297 298
297 492
298 299
298 300
299 300
299 301
299 375
300 311
301 302
301 304
302 304
302 488
303 304
303 342
304 306
305 308
305 460
305 409
305 368
306 387
307 309
307 416
307 493
308 311
308 481
308 355
308 449
309 310
309 311
309 312
309 426
310 311
310 313
310 364
310 400
310 485
311 380
311 345
311 372
312 315
312 499
312 463
313 424
313 335
314 316
314 317
314 367
315 317
315 320
316 318
316 319
316 406
317 319
317 320
317 447
318 321
318 490
318 374
318 386
319 322
320 321
320 325
320 363
320 419
321 322
321 324
322 415
323 324
323 326
325 326
325 327
325 328
326 328
327 328
327 329
327 402
327 338
328 329
328 330
328 458
329 330
329 343
330 331
330 332
330 333
332 334
332 335
333 334
333 335
333 448
334 335
334 337
334 400
335 336
336 337
336 339
337 338
337 339
337 417
338 356
339 340
339 341
339 342
340 341
340 343
341 342
341 343
341 344
342 344
342 345
342 446
342 421
343 372
343 430
344 345
344 347
345 431
346 347
347 349
347 350
347 455
348 350
348 463
349 351
349 375
350 352
350 417
350 460
351 352
351 353
351 407
352 353
352 434
353 354
353 356
353 384
354 355
354 356
355 357
356 357
356 358
356 422
356 445
356 452
357 358
357 360
358 360
358 468
359 360
359 421
360 361
360 362
360 363
360 374
361 362
361 363
362 363
362 364
362 365
362 434
363 364
363 366
363 365
364 366
365 366
365 368
365 450
366 367
366 397
366 478
367 370
367 385
368 370
369 372
369 377
371 372
371 464
372 374
372 411
373 374
373 375
374 375
374 418
374 428
375 377
376 379
376 483
377 379
377 435
378 379
378 381
378 392
379 380
379 382
380 381
380 382
380 383
381 383
381 384
381 414
382 383
382 385
383 384
383 386
383 425
383 412
384 386
384 387
385 386
385 387
385 404
386 387
386 389
387 389
388 468
389 390
389 391
389 392
390 391
390 392
390 393
391 446
392 437
392 464
393 394
394 397
394 480
394 467
395 398
396 397
396 398
396 399
397 400
397 410
397 453
398 401
399 402
399 470
400 401
400 402
401 402
401 403
401 404
401 446
402 403
402 469
403 404
403 405
403 406
404 406
405 407
405 408
406 408
406 409
407 475
408 410
410 412
410 413
410 435
410 449
411 413
411 414
412 413
413 414
413 415
414 417
415 416
415 417
415 418
416 418
416 419
417 418
417 420
417 441
418 419
418 421
418 479
419 494
420 422
420 423
421 422
422 424
422 425
423 424
423 444
423 429
424 427
424 432
425 428
426 429
427 430
427 432
428 429
428 469
429 430
429 485
430 431
430 432
431 433
431 434
432 435
433 434
433 435
433 436
434 437
435 438
436 437
436 438
436 439
437 439
437 460
438 440
439 496
440 441
440 442
440 466
440 489
441 443
441 451
441 463
442 443
442 444
442 445
443 444
443 445
443 446
444 446
444 447
445 447
445 448
447 450
448 450
449 450
450 453
450 456
451 454
452 454
452 455
453 454
454 455
454 457
455 456
455 457
455 458
455 493
456 457
456 458
457 459
457 460
458 460
459 461
459 462
460 461
460 463
461 464
461 498
462 465
463 464
464 465
464 466
464 467
465 466
465 471
466 467
466 468
467 468
467 469
469 472
470 471
470 472
470 473
471 472
471 473
471 474
472 473
472 474
472 475
473 475
474 475
474 477
475 476
476 477
476 478
477 478
477 479
478 479
479 480
480 482
480 483
481 484
482 483
482 485
483 484
483 485
484 485
484 486
485 486
486 487
486 488
486 489
487 488
487 489
487 490
488 489
488 491
489 490
489 491
490 493
491 492
491 493
491 494
492 494
492 495
493 495
494 495
494 497
495 496
495 497
496 497
496 498
497 498
498 500
499 500
