500 1500
1 3
1 43
1 402
2 3
2 500
2 5
2 283
2 65
2 335
3 4
3 5
3 500
3 80
3 487
4 7
4 275
4 297
5 7
5 8
5 147
5 222
5 240
5 174
5 279
5 314
5 331
6 8
6 126
6 385
6 138
7 8
7 10
7 389
7 368
7 498
8 9
8 464
8 102
9 10
9 12
9 440
9 30
9 195
9 156
10 11
10 13
10 173
10 76
11 13
11 14
11 180
11 107
12 13
12 15
12 112
12 333
12 182
13 15
13 435
13 304
13 140
13 405
14 15
14 16
14 99
14 318
15 424
15 181
15 244
16 19
16 227
16 215
16 452
16 156
16 27
17 18
17 20
17 37
17 96
17 218
17 114
17 183
18 20
18 21
18 219
18 183
18 232
18 249
18 324
19 20
19 231
19 98
19 484
19 153
19 65
20 21
20 485
20 223
20 377
20 131
21 23
21 24
21 171
21 62
21 35
22 24
22 458
22 280
22 449
22 40
23 24
23 26
23 373
24 158
24 38
24 117
24 324
24 41
25 27
25 28
25 482
26 27
26 29
26 180
27 30
27 132
27 208
28 29
28 31
28 459
28 189
29 32
29 82
29 196
29 80
29 458
30 31
30 32
30 33
31 37
31 431
31 64
32 33
32 34
32 35
32 161
32 466
33 35
33 247
33 355
33 120
33 90
33 181
33 349
34 36
34 37
34 270
35 37
35 327
36 38
36 39
36 57
37 40
37 404
37 360
38 39
38 174
38 269
38 106
38 207
39 95
39 320
39 152
39 203
39 240
40 41
40 43
40 375
40 197
41 43
41 236
41 398
41 465
41 494
42 43
42 44
42 45
43 45
43 467
43 374
43 292
43 81
43 317
44 45
44 190
44 329
44 222
45 47
45 48
45 488
45 293
45 348
46 48
46 49
46 385
46 341
46 92
46 267
47 48
47 305
47 91
47 133
48 376
48 413
48 149
48 378
49 143
49 494
49 467
49 295
50 51
50 53
50 222
50 208
51 53
51 66
51 160
51 453
52 53
52 54
52 447
52 107
52 315
52 484
53 54
53 55
53 56
53 483
54 57
54 430
54 207
54 84
55 57
55 58
55 303
55 146
55 217
55 351
56 57
56 109
56 79
56 239
57 58
57 59
57 60
57 370
58 59
58 246
58 417
58 383
59 60
59 62
59 414
59 356
60 62
60 63
60 244
60 439
61 63
61 64
61 398
61 259
61 269
62 65
62 242
63 66
63 90
63 275
63 200
64 67
64 293
64 365
64 256
65 66
65 67
65 202
66 68
66 69
66 359
67 69
67 450
67 444
67 326
68 69
68 237
68 317
69 70
69 72
69 421
69 262
69 124
70 71
70 163
70 183
70 77
71 72
71 74
71 427
71 336
72 74
72 75
72 117
72 341
73 74
73 217
73 162
73 444
73 128
73 136
74 76
74 276
74 172
75 76
75 77
75 78
75 389
75 226
75 448
76 77
76 79
76 314
77 79
77 171
77 169
78 79
78 80
78 215
79 80
79 82
79 254
80 81
80 83
80 428
80 215
80 221
80 119
80 145
80 495
81 491
81 82
82 83
82 84
82 85
83 85
83 338
83 277
83 225
84 85
84 329
84 267
84 363
85 87
85 88
85 435
85 216
85 462
86 87
86 88
86 89
86 491
86 399
86 465
87 208
87 118
87 432
87 459
87 370
88 89
88 91
88 211
89 401
89 252
89 344
90 92
90 378
90 104
91 446
91 168
91 291
91 234
91 260
92 435
92 364
93 95
93 96
93 269
93 397
94 97
94 485
94 319
94 164
94 316
95 97
95 98
95 396
96 98
96 164
96 329
96 149
97 98
97 100
97 252
97 320
97 442
97 111
97 450
97 474
98 101
98 495
98 403
99 100
99 101
99 102
99 176
100 102
100 180
100 451
100 455
100 480
101 102
101 371
101 263
101 330
102 103
102 104
102 105
103 105
103 106
103 127
103 411
104 106
104 223
104 250
104 259
104 289
105 106
105 107
105 185
106 107
106 139
106 309
106 439
107 109
108 109
108 110
108 111
108 159
108 163
108 451
109 110
109 111
109 376
109 361
110 112
110 113
110 496
111 479
111 471
111 475
112 115
112 334
112 346
112 121
113 115
113 116
113 264
113 343
114 117
114 441
115 116
115 118
115 372
115 250
116 118
116 333
116 415
117 118
117 120
117 448
118 266
118 311
118 223
118 439
118 462
119 120
119 121
119 230
120 121
120 122
120 123
121 124
121 145
121 213
121 199
122 123
122 124
122 131
123 124
123 388
123 433
124 125
124 127
124 192
124 277
125 126
125 127
125 230
125 158
125 178
126 127
126 128
126 129
127 128
127 130
127 138
127 235
127 328
128 129
128 130
128 468
128 187
129 130
129 131
129 132
130 132
130 315
130 431
130 318
130 370
131 132
131 133
131 495
131 260
132 134
132 135
132 382
132 357
133 134
133 358
133 288
134 137
134 276
134 430
134 488
134 195
135 394
135 211
135 279
135 300
135 245
136 137
136 138
136 474
137 138
137 139
137 140
137 326
137 334
138 144
138 479
138 447
139 141
139 142
140 143
140 477
140 331
141 142
141 143
141 426
142 143
142 144
142 145
142 181
142 283
142 274
143 144
143 423
143 454
143 404
143 415
144 382
144 479
144 453
144 378
145 146
145 224
145 382
146 148
146 277
146 188
147 150
147 424
147 453
147 276
147 476
147 499
148 149
148 298
148 283
148 170
148 241
148 196
149 151
149 260
149 382
149 175
149 327
150 152
150 153
150 441
150 423
151 152
151 153
151 156
151 366
152 154
152 269
152 373
152 247
152 404
153 155
153 278
153 469
153 254
154 155
154 157
154 186
154 210
155 156
155 256
155 436
155 428
156 157
157 159
157 160
157 429
157 218
157 280
158 160
158 167
158 379
159 162
159 424
159 454
160 162
160 163
160 387
161 162
161 164
161 368
162 163
162 382
163 164
163 166
163 172
164 300
164 354
165 166
165 167
165 168
165 197
165 345
166 345
166 495
166 258
166 384
166 241
167 168
167 359
167 395
167 322
167 417
168 171
168 243
168 341
168 421
169 170
169 172
169 219
170 171
170 173
171 206
171 314
171 499
172 174
172 200
172 347
172 393
172 364
172 390
173 175
173 176
174 176
175 176
175 305
175 486
175 353
176 179
176 406
176 403
176 431
176 297
177 178
177 180
177 364
178 180
178 300
178 485
178 489
178 348
179 181
179 182
179 236
179 339
179 330
180 181
180 182
180 487
181 183
182 183
182 245
182 500
182 445
182 204
182 443
183 186
183 194
184 185
184 186
184 205
184 404
184 326
184 406
184 454
185 186
185 282
185 473
185 220
186 187
186 188
186 241
186 316
186 363
187 188
187 190
188 189
188 256
189 190
189 191
190 193
190 360
190 384
191 194
191 230
191 196
191 458
192 193
192 194
192 309
193 196
193 418
193 254
194 195
194 196
195 198
195 235
195 331
196 199
196 287
197 198
197 200
198 199
198 200
198 201
199 200
199 383
199 361
200 259
200 438
200 392
200 403
201 202
201 203
201 204
202 204
202 447
202 291
203 204
203 205
203 292
203 420
204 205
204 436
205 207
205 381
205 494
206 207
206 219
206 221
207 210
207 260
207 421
208 210
209 210
209 211
209 212
209 418
210 213
210 321
210 422
210 428
210 464
211 212
211 465
211 382
211 440
212 414
212 392
212 434
213 214
213 215
213 365
213 409
214 217
214 225
214 425
214 360
215 217
215 218
215 220
215 360
216 218
216 396
217 220
217 459
218 219
218 220
218 323
219 222
219 318
219 327
220 222
221 222
221 224
222 300
222 433
223 226
223 417
224 226
224 248
224 407
225 228
225 250
225 395
225 337
225 481
226 227
226 331
227 228
227 230
227 374
228 229
228 230
228 453
228 490
229 230
229 231
229 232
230 232
230 409
231 233
231 234
231 414
231 444
232 234
232 235
232 440
233 235
233 236
233 413
233 251
234 235
234 236
234 355
234 456
235 236
235 420
236 237
236 238
236 239
237 238
237 276
237 359
238 239
238 241
238 285
238 493
239 241
239 467
239 463
239 287
240 242
240 435
242 244
242 245
242 430
242 419
243 244
243 479
243 346
243 464
244 247
244 378
244 306
244 375
244 401
245 247
245 412
245 249
246 247
246 248
246 249
247 248
247 444
247 490
247 369
248 249
248 251
248 480
248 411
249 251
249 316
250 251
250 252
251 253
251 254
252 253
252 254
252 255
252 313
252 383
253 254
253 498
253 327
254 375
255 256
255 257
255 258
255 443
256 372
257 258
257 260
257 348
257 473
258 259
258 466
259 474
260 262
261 262
261 263
261 264
261 494
262 263
262 289
262 358
263 264
263 266
263 365
264 265
264 266
264 335
265 266
265 267
265 268
266 269
266 429
266 285
266 400
267 357
267 400
267 470
268 269
268 270
268 271
269 272
269 286
270 337
270 335
270 478
271 272
271 273
271 325
271 434
271 483
271 380
272 273
272 274
272 275
272 469
273 274
273 275
273 276
273 356
274 275
274 276
275 276
275 277
275 278
275 348
276 277
276 278
276 279
276 306
277 278
278 279
278 280
278 481
279 280
279 290
279 479
280 281
281 282
281 293
281 357
281 415
281 490
281 286
282 283
282 285
282 365
282 427
282 372
282 447
283 286
284 285
284 287
284 350
284 363
285 288
285 480
286 287
286 288
287 297
287 349
288 289
288 290
288 291
288 416
289 290
289 291
289 362
290 291
290 293
291 293
291 448
292 359
292 345
292 460
292 492
293 296
294 295
294 296
294 449
295 297
295 389
296 297
296 298
296 389
297 298
297 299
297 453
298 300
298 301
298 385
299 300
299 301
299 302
299 330
300 301
300 303
300 390
301 302
301 304
301 484
302 303
302 304
302 305
303 306
303 400
303 312
304 306
304 307
305 307
305 308
305 369
306 307
306 309
307 308
307 310
307 424
307 321
307 421
308 309
308 310
308 311
309 311
309 400
310 311
310 312
310 436
310 329
311 312
311 313
311 321
312 313
312 314
312 315
313 315
313 316
314 315
314 316
315 316
315 341
316 318
317 319
317 351
318 319
318 320
319 320
319 321
319 322
320 321
320 323
320 481
321 322
321 323
322 323
322 324
322 488
322 354
323 325
323 330
323 487
324 461
324 400
325 328
325 365
326 328
326 373
326 467
327 328
327 486
328 329
328 330
328 432
329 331
329 337
329 395
330 332
331 332
332 333
332 334
332 335
333 334
333 336
334 335
334 457
335 336
335 484
335 445
335 413
336 337
336 339
337 338
337 340
338 339
338 340
338 341
339 340
339 409
340 342
340 383
340 460
340 456
341 377
342 343
342 344
342 345
343 344
343 345
343 472
344 345
344 346
344 347
344 358
345 346
346 376
347 349
347 350
348 397
349 350
349 370
350 353
350 441
350 472
351 353
351 373
352 354
352 355
352 431
352 420
353 354
353 450
353 490
354 356
354 441
354 413
355 357
356 358
356 454
357 360
358 360
359 361
359 372
359 426
360 361
361 362
361 363
362 364
362 365
363 364
363 365
364 365
364 367
365 489
366 368
366 369
366 399
366 448
366 471
367 368
367 369
367 370
367 379
367 471
368 370
368 424
369 371
370 372
370 390
370 393
370 472
371 372
371 373
371 374
372 373
372 456
373 374
373 375
373 376
373 478
374 375
374 406
375 385
376 377
376 484
377 378
377 380
377 498
377 499
378 379
378 380
379 382
379 467
380 381
380 492
381 382
381 384
382 385
382 432
383 384
383 401
383 437
384 385
384 387
384 408
385 386
385 387
386 388
386 389
386 479
387 388
387 389
388 389
388 390
388 391
389 391
389 392
391 392
391 393
391 394
391 410
391 416
392 393
392 492
393 396
394 395
394 396
394 397
395 397
395 398
395 488
396 397
396 399
396 472
397 461
397 446
398 400
398 401
399 400
399 401
400 402
401 403
401 445
402 404
402 405
402 467
402 460
403 404
403 407
404 405
405 406
405 407
406 495
407 408
407 409
408 409
408 410
408 411
409 410
409 411
409 412
410 412
410 413
411 413
411 466
412 415
412 493
412 447
414 416
414 468
415 417
416 478
417 418
418 419
418 472
419 422
419 440
420 421
422 424
422 447
423 425
424 425
424 499
424 465
425 427
425 446
426 427
426 428
427 428
427 430
428 430
428 470
429 430
429 431
429 488
430 432
430 433
431 434
432 433
433 434
433 435
434 435
434 437
435 437
435 438
436 437
436 439
437 438
437 440
438 439
438 440
438 441
439 440
440 443
441 442
441 443
441 444
441 482
442 443
442 445
443 459
443 462
444 446
445 446
445 447
445 448
446 447
446 449
446 463
446 457
447 449
449 450
449 452
450 451
450 496
451 453
452 454
452 455
453 488
454 455
455 456
455 458
455 467
456 459
456 465
457 459
457 478
458 459
459 481
460 461
461 462
461 463
461 464
462 463
463 465
463 466
464 465
464 466
466 467
466 468
468 470
468 471
469 472
469 490
470 471
473 474
473 476
474 476
475 476
475 477
475 478
476 477
476 486
476 478
477 478
477 479
477 480
478 479
478 480
479 481
480 482
481 484
482 483
482 485
483 484
483 485
485 487
485 488
486 487
487 489
489 490
489 492
490 491
490 493
491 493
491 494
492 493
492 494
493 494
493 495
493 496
494 496
495 497
496 498
496 499
497 498
497 499
497 500
498 500
