500 1500
1 2
1 500
1 499
1 254
1 32
1 90
1 208
1 262
2 3
2 500
2 5
2 499
2 17
2 283
3 4
3 5
3 6
3 500
3 364
3 372
4 5
4 311
4 495
4 52
4 26
5 311
5 262
5 416
5 164
6 7
6 9
6 443
7 8
7 10
7 448
7 271
8 27
8 356
8 167
8 246
8 65
8 368
8 448
9 10
9 12
9 357
10 12
10 13
10 32
10 231
10 128
10 441
11 14
11 325
11 306
11 434
12 13
12 14
12 15
13 233
13 195
13 430
13 191
14 15
14 16
14 461
15 16
15 236
15 397
15 204
16 17
16 471
16 401
16 67
17 18
17 324
17 94
18 19
18 446
18 426
18 482
19 22
19 429
19 54
19 258
20 23
20 45
20 99
20 346
21 22
21 23
21 115
21 465
21 106
22 467
22 199
22 383
22 35
22 411
23 24
23 25
23 124
24 25
24 26
24 298
25 26
25 27
25 28
25 49
25 158
25 320
26 28
26 216
26 157
26 47
26 159
27 109
27 276
27 380
27 325
28 29
28 85
28 91
28 372
28 471
28 234
29 31
29 32
29 163
30 31
30 377
30 479
30 196
30 106
30 93
30 476
31 32
31 33
31 34
31 444
32 34
32 134
32 152
32 484
33 35
33 36
33 156
33 108
33 278
34 35
34 36
34 168
34 283
34 178
34 329
34 435
34 449
35 368
35 275
35 408
35 394
36 38
36 465
36 63
36 140
37 39
37 40
37 398
38 39
38 40
38 41
38 174
38 210
39 41
39 42
39 191
39 234
40 41
40 42
40 43
40 63
41 44
41 70
41 162
42 43
42 45
42 261
42 457
43 44
43 45
43 46
44 47
44 196
44 468
44 223
44 438
44 333
44 455
45 48
45 351
45 94
46 47
46 48
46 49
46 123
47 48
47 168
48 92
48 321
48 339
48 250
49 51
49 434
50 182
50 100
50 329
51 52
51 54
51 247
51 239
51 408
52 53
52 367
52 155
52 420
53 54
53 55
53 174
53 354
54 308
54 272
54 166
54 326
55 58
55 436
55 248
55 283
55 341
56 58
56 59
56 82
57 58
57 60
57 254
57 285
57 497
58 498
58 341
58 130
58 76
58 284
59 61
59 68
59 303
59 131
59 273
60 61
60 62
60 63
60 419
60 65
61 64
61 380
61 450
62 63
62 65
62 66
62 464
63 65
63 284
64 67
64 89
64 241
64 429
64 255
65 357
65 165
66 69
66 411
66 162
66 301
66 311
67 68
67 69
68 69
68 71
68 391
68 173
69 70
69 72
69 198
70 72
70 73
70 484
70 152
71 73
71 153
71 344
72 74
72 75
72 121
72 116
72 148
72 409
72 278
73 74
73 75
73 76
73 300
74 75
74 77
74 450
74 324
75 76
75 327
75 372
75 294
75 175
76 77
76 79
76 326
76 149
77 78
77 79
77 402
78 81
78 146
78 126
78 248
79 80
79 81
79 385
79 322
79 125
79 178
80 83
80 151
80 103
80 245
80 377
81 83
81 426
81 102
81 298
82 83
82 84
82 85
82 145
83 84
83 85
83 415
84 86
84 374
84 290
84 453
84 173
85 87
85 88
85 283
85 298
86 87
86 88
86 335
86 156
87 89
87 90
87 430
88 223
88 204
88 361
88 371
88 435
88 111
89 91
89 92
89 334
89 243
90 91
90 93
91 94
91 97
91 272
92 93
92 94
92 392
92 267
93 94
93 96
93 186
94 95
94 163
94 342
94 458
95 97
95 336
95 311
95 388
95 468
96 98
96 272
96 425
97 98
97 100
97 439
97 454
97 256
98 100
98 318
98 440
98 204
99 100
99 101
99 102
99 113
99 134
99 228
100 101
100 261
100 150
101 102
101 142
101 332
102 104
102 145
102 188
102 330
103 105
103 106
103 251
103 217
104 107
104 395
104 459
104 484
104 490
105 106
105 108
105 319
105 109
106 299
107 108
107 109
107 250
108 110
108 111
108 432
108 232
108 147
109 110
109 245
109 391
109 277
110 111
110 112
110 113
111 112
111 113
112 115
112 300
112 445
112 354
112 397
113 114
113 116
114 117
114 326
114 424
115 222
115 465
116 118
116 119
116 486
117 118
117 119
117 265
117 161
118 119
118 120
118 121
119 121
119 155
119 153
119 488
119 348
120 122
120 252
120 196
120 413
120 385
121 122
121 123
121 124
121 349
121 343
122 125
122 457
122 126
123 125
123 163
123 246
123 423
124 126
124 127
124 184
124 343
125 127
125 128
125 401
125 206
126 243
126 420
126 305
126 222
127 128
127 129
127 445
127 250
127 415
128 129
128 130
128 330
129 131
129 272
129 205
129 288
129 312
130 131
130 132
130 133
130 390
130 221
131 132
131 238
132 133
132 135
132 442
133 134
133 135
133 136
133 182
134 135
134 137
135 136
135 137
135 339
136 137
136 138
136 213
136 174
137 140
137 246
137 299
137 165
138 322
138 421
138 174
138 497
138 455
139 140
139 142
139 180
139 269
139 342
140 141
140 142
140 143
141 143
141 202
141 462
142 145
142 351
142 260
142 416
143 144
143 145
143 146
143 361
143 215
144 145
144 146
144 147
145 148
145 378
145 227
146 147
146 148
146 149
147 454
147 175
147 461
148 151
148 265
148 409
148 411
149 150
149 488
150 153
150 263
150 272
151 153
151 261
151 473
151 237
152 153
152 155
152 280
153 155
153 215
153 306
154 155
154 156
154 207
155 156
155 158
155 267
155 250
156 295
156 490
156 166
157 159
157 221
158 159
158 160
159 160
159 161
159 449
160 162
160 163
160 401
160 310
160 492
160 235
160 458
160 230
161 163
161 304
161 195
161 289
162 165
162 390
162 347
162 352
163 164
163 165
163 406
163 486
164 165
164 223
164 182
164 303
164 232
164 275
164 376
165 166
165 168
165 201
166 167
166 168
166 205
166 315
166 485
167 168
167 169
167 274
167 353
167 412
168 169
168 171
169 171
169 172
169 432
169 300
169 322
170 171
170 172
170 173
171 172
171 174
171 218
171 354
171 367
171 480
171 259
171 393
172 173
172 174
172 348
173 174
173 175
173 394
174 177
174 380
174 299
175 392
175 433
175 345
175 422
175 410
176 178
176 273
176 280
176 308
176 261
177 178
177 180
177 329
177 342
178 179
178 322
178 365
179 180
179 181
179 450
180 294
180 403
181 182
181 183
181 184
181 337
181 392
182 184
182 494
182 297
183 184
183 185
183 186
183 211
184 185
184 187
184 343
184 428
184 440
185 187
185 188
185 338
185 282
186 187
186 188
186 189
186 202
186 279
187 190
187 500
187 364
188 191
188 297
189 191
189 194
189 323
189 246
189 274
189 423
190 191
190 193
190 406
191 192
191 237
191 219
191 404
191 389
192 193
192 310
192 262
193 194
193 195
193 301
194 196
194 339
194 204
194 478
195 198
195 467
195 345
196 198
196 321
197 200
197 305
197 347
198 199
198 201
198 203
198 468
199 201
199 202
199 228
199 445
200 201
200 318
200 339
200 385
200 351
201 202
201 204
202 414
202 331
203 205
203 206
203 428
203 386
203 457
204 205
204 220
204 356
205 207
205 208
206 207
206 209
206 337
207 209
207 210
207 438
208 209
208 210
208 211
208 310
209 210
209 211
209 212
209 414
209 239
210 211
210 213
210 244
211 213
211 430
211 488
211 421
212 213
212 214
212 215
212 433
212 302
213 214
213 216
213 395
213 258
213 265
214 215
214 216
214 385
215 216
215 249
215 254
216 218
216 219
216 342
216 263
217 220
217 229
217 308
217 494
218 416
218 498
219 315
219 425
220 222
220 223
221 222
221 285
222 223
222 368
223 225
223 407
223 298
224 225
224 226
224 382
224 398
225 376
225 474
225 392
226 228
226 229
226 492
227 230
227 471
227 309
228 481
228 451
229 230
229 231
229 232
229 434
229 440
229 380
229 477
230 232
230 273
231 455
231 466
231 454
231 318
232 277
232 418
232 320
232 467
232 296
233 234
233 236
233 410
233 422
234 235
234 236
234 430
235 236
235 238
235 416
236 237
236 238
236 239
236 425
237 238
237 389
237 404
238 239
238 241
238 359
239 240
239 447
240 241
240 439
240 490
241 243
241 390
242 244
242 245
242 446
243 245
243 396
244 313
244 265
245 246
245 247
245 333
246 249
246 460
247 248
247 250
247 499
248 445
248 470
249 250
249 332
250 251
250 252
250 429
250 472
251 253
251 254
251 381
252 253
252 254
252 255
253 254
253 255
253 256
254 256
254 257
255 256
255 258
256 257
256 259
257 258
257 259
257 260
257 316
258 259
258 475
259 261
259 262
259 370
259 493
260 262
260 263
260 323
260 480
260 492
261 263
261 264
261 403
261 344
262 263
262 363
263 264
263 396
263 369
263 403
264 267
264 426
264 291
265 266
265 337
266 267
266 269
266 486
266 275
267 268
267 468
268 271
268 385
268 489
268 465
269 271
269 272
269 366
269 411
270 273
270 467
270 304
271 272
271 273
271 408
271 500
272 275
273 275
273 405
274 275
274 496
275 276
276 338
276 469
276 455
276 431
277 411
277 427
278 284
279 280
279 371
279 380
280 299
281 283
281 284
281 353
281 351
281 282
282 283
283 284
283 399
283 397
284 285
284 286
284 390
285 286
285 387
286 289
286 359
286 316
286 330
287 288
287 289
287 290
288 290
288 324
289 290
289 292
289 497
290 291
290 293
290 382
291 292
291 294
291 480
291 351
292 294
292 461
292 438
293 294
293 295
293 296
293 417
294 295
294 296
294 431
294 350
295 296
295 297
295 298
295 405
295 467
296 297
296 298
297 324
297 301
297 346
298 300
298 324
299 300
299 409
300 302
301 303
301 410
301 462
302 303
302 305
303 306
303 446
303 491
304 306
304 307
304 441
304 478
305 306
305 307
305 308
305 442
306 307
306 308
307 308
307 309
307 310
307 425
308 310
308 371
309 310
309 311
309 342
312 313
312 385
312 375
313 315
313 316
313 484
314 316
314 345
314 478
315 317
315 376
316 317
316 438
317 318
317 319
317 320
318 458
319 320
319 321
319 322
320 436
321 323
321 324
321 419
322 452
322 328
323 325
323 326
324 395
324 412
325 326
325 327
325 328
326 328
326 329
327 329
327 330
328 329
328 331
328 381
329 331
329 478
330 474
331 332
331 333
331 468
332 333
332 334
332 335
332 471
332 395
332 450
333 335
334 337
334 479
334 373
335 336
335 337
335 338
336 337
336 338
336 339
337 338
338 339
338 340
338 398
338 359
339 488
340 343
340 480
340 360
341 343
342 343
342 344
343 344
343 473
344 345
344 346
345 346
345 419
346 347
346 348
347 442
347 421
348 349
348 350
348 351
348 353
349 351
349 352
349 452
350 351
350 352
350 388
351 352
352 353
352 355
353 355
353 356
354 462
355 356
355 357
355 358
355 495
355 360
356 358
356 359
356 371
357 358
357 359
357 360
357 473
358 359
358 361
358 383
359 360
359 375
359 368
360 361
360 363
361 364
362 363
362 364
362 479
362 401
363 364
363 365
363 366
363 425
364 365
364 366
365 368
365 407
366 367
366 369
367 369
367 370
367 384
368 369
368 370
369 370
369 371
369 499
370 371
370 372
370 373
373 374
373 375
373 376
374 375
374 376
374 377
374 456
375 376
375 377
375 378
376 377
376 378
377 379
377 398
378 380
378 381
379 380
379 382
379 426
379 497
380 381
381 382
381 384
382 383
382 385
383 385
383 386
383 464
384 385
384 387
384 424
385 458
385 485
386 388
386 389
387 388
387 389
387 481
388 389
388 391
389 390
389 391
390 392
391 392
391 394
392 394
392 427
393 395
393 398
394 396
394 429
395 397
396 399
396 433
397 398
397 474
399 400
399 402
400 401
400 402
400 403
401 402
401 403
402 405
402 478
402 482
403 405
404 405
404 407
405 407
405 444
406 408
406 409
406 482
407 409
407 410
407 449
408 410
409 410
409 455
410 411
411 412
412 414
412 441
413 414
413 416
414 415
414 468
415 416
415 499
417 419
417 420
418 420
418 498
419 422
420 421
420 451
421 422
421 423
421 424
422 423
422 424
423 424
424 426
424 427
426 429
427 428
427 429
428 429
428 430
429 432
430 433
431 433
431 436
432 434
432 462
433 435
433 436
434 437
435 436
435 437
436 437
436 439
436 491
437 438
437 439
437 440
438 439
438 441
439 441
439 451
441 442
442 443
442 444
442 457
443 444
443 445
443 446
443 488
444 445
444 447
446 447
446 448
446 449
446 454
447 449
447 450
447 483
448 450
449 479
450 451
450 452
450 478
450 455
451 453
451 454
451 489
451 466
452 455
452 471
453 454
453 456
454 456
454 457
456 459
456 492
457 458
458 459
458 494
459 461
459 462
460 461
460 463
461 462
461 463
461 464
462 463
463 464
463 465
463 466
464 465
464 467
465 466
465 467
466 496
467 470
468 485
469 470
469 472
470 472
470 473
470 495
471 474
472 473
472 475
473 475
474 475
474 477
475 477
475 478
476 477
476 478
477 478
477 479
477 491
479 482
480 483
481 483
481 484
482 483
482 485
483 484
483 485
484 485
484 486
485 487
486 487
486 488
487 488
487 489
487 490
489 490
489 491
489 492
490 492
490 495
490 498
491 492
492 495
493 494
493 495
494 496
495 498
496 497
496 499
498 499
498 500
499 500
