500 1500
1 2
1 500
1 3
1 4
1 498
1 107
1 329
2 3
2 5
2 394
2 283
2 463
3 4
3 6
3 500
3 171
3 323
3 34
3 489
4 5
4 6
4 7
4 203
5 6
5 272
5 69
5 292
6 8
6 9
6 488
6 125
6 324
6 62
7 10
7 451
7 216
7 70
7 51
8 10
8 206
8 458
9 10
9 12
9 355
9 265
9 306
10 11
10 12
10 172
11 12
11 13
11 14
11 236
11 484
12 13
12 15
12 157
12 406
12 125
13 14
13 16
13 396
13 142
13 309
14 15
14 16
14 437
14 142
15 16
15 22
15 263
15 34
15 42
16 431
16 418
16 169
17 18
17 19
17 20
18 20
18 180
18 62
18 96
18 59
19 20
19 21
19 22
20 21
20 22
20 23
20 95
20 276
21 22
21 24
21 216
21 372
21 379
22 24
22 112
23 25
23 62
23 130
23 174
23 413
24 25
24 473
24 257
25 27
25 210
25 319
26 27
26 29
26 112
27 29
27 30
27 328
28 30
28 130
28 243
28 99
29 30
29 453
29 157
30 31
30 33
30 443
31 32
31 33
31 34
31 191
31 266
32 33
32 134
32 283
32 394
33 34
33 274
33 213
33 319
34 36
34 37
34 241
35 36
35 213
35 218
35 53
35 92
35 366
35 174
35 383
36 37
36 39
36 126
36 274
37 204
37 106
37 296
37 118
37 332
38 39
38 41
38 471
38 427
39 40
39 42
39 57
39 407
39 56
39 416
39 484
40 41
40 43
40 76
41 42
41 44
41 111
41 123
42 43
42 163
42 261
42 327
42 332
42 489
42 456
42 75
43 44
43 364
43 246
43 123
43 283
44 208
44 278
44 249
45 288
45 450
45 144
46 47
46 48
46 467
46 331
46 216
47 48
47 49
47 127
47 106
47 472
48 51
48 146
48 392
49 50
49 52
49 320
49 414
49 81
50 51
50 52
50 436
50 276
50 318
51 115
51 381
51 151
51 496
51 255
52 54
52 219
52 155
52 175
52 484
52 422
53 56
53 465
53 120
54 55
54 434
54 132
54 188
54 163
55 57
55 199
55 124
56 58
56 59
56 483
57 404
57 94
57 387
57 310
58 59
58 425
58 128
58 133
58 218
59 61
59 395
59 119
59 147
59 297
59 426
60 61
60 63
60 397
60 390
60 80
60 302
61 148
61 419
61 359
62 64
63 64
63 66
63 142
64 65
64 231
64 133
65 68
65 181
65 331
65 499
65 490
66 196
66 227
66 332
66 331
66 115
66 354
67 69
67 70
67 247
67 261
68 69
68 463
68 294
68 179
69 70
69 276
69 310
70 71
70 72
70 389
70 479
70 117
71 74
71 425
71 452
71 163
71 318
71 172
71 319
72 73
72 74
72 183
73 76
73 99
73 286
74 76
74 77
74 124
74 400
74 443
75 76
75 77
75 409
75 203
75 331
76 77
76 79
76 97
77 79
77 374
77 488
77 414
78 81
78 337
78 348
78 94
78 358
79 81
79 82
79 211
80 81
80 83
80 452
80 282
80 409
81 83
81 99
81 126
81 322
81 131
82 83
82 84
82 382
82 454
83 84
83 267
83 116
83 134
84 420
84 205
84 321
84 119
84 366
85 87
85 88
85 124
86 87
86 149
86 176
86 181
86 428
86 278
87 89
87 325
87 235
87 246
88 89
88 90
88 91
89 91
89 184
89 191
89 157
90 93
90 236
90 423
90 279
90 370
91 93
91 289
91 260
91 325
91 199
92 93
92 135
93 96
93 274
93 102
93 196
93 135
94 96
94 97
94 237
95 97
95 98
95 191
96 99
96 292
97 100
97 235
97 201
97 101
98 356
98 249
98 371
99 100
99 150
99 129
99 488
100 101
100 102
100 103
100 121
100 169
101 230
101 283
102 103
102 104
102 387
102 315
103 104
103 106
103 497
104 106
104 107
104 438
104 192
105 107
105 108
105 342
105 247
106 108
106 109
106 234
107 170
107 332
107 325
108 109
108 110
108 111
108 451
109 112
109 263
109 150
110 112
110 288
110 254
111 114
111 399
111 152
111 494
112 114
112 115
112 409
113 114
113 489
113 248
113 342
114 116
114 456
114 304
115 116
115 326
115 195
115 225
115 241
116 117
116 119
117 118
117 347
117 500
117 188
118 119
118 374
118 314
118 323
119 489
120 121
120 338
120 327
121 123
121 441
122 123
122 125
122 223
123 446
123 132
123 152
123 240
124 125
124 278
124 370
124 307
125 243
125 137
125 172
125 260
126 225
126 440
126 399
127 130
127 362
127 473
127 200
127 236
128 129
128 301
128 257
128 188
129 483
129 222
130 131
130 158
130 174
130 435
131 132
131 443
132 135
132 402
132 290
132 493
133 135
133 350
133 418
133 349
134 135
134 136
134 137
134 289
134 399
134 390
135 136
135 192
135 206
135 420
136 137
136 192
136 306
136 438
136 495
136 479
137 138
137 148
138 141
138 219
138 456
139 140
139 142
139 402
139 421
139 363
140 141
140 143
140 478
140 335
140 485
140 179
141 143
141 290
141 460
141 338
142 144
142 496
142 446
143 144
143 146
143 267
143 148
144 146
144 147
144 292
144 315
144 418
144 478
145 146
145 147
145 156
145 262
145 325
145 355
145 485
146 147
146 149
146 201
146 365
146 341
147 481
147 308
147 414
148 151
148 417
148 214
149 151
149 304
150 151
150 152
150 324
151 153
151 154
151 320
151 380
152 153
152 154
152 308
152 350
153 155
153 156
153 168
154 156
154 401
154 244
154 252
155 157
155 173
156 158
156 347
156 385
156 375
157 273
158 161
158 367
158 352
159 161
159 438
159 306
159 176
160 162
160 380
160 201
160 391
161 163
161 164
161 444
162 163
162 164
162 165
162 173
162 307
163 359
163 425
163 314
164 165
164 166
164 437
164 320
164 242
164 220
165 167
165 321
165 363
165 174
166 167
166 168
166 169
167 170
167 447
167 371
167 469
168 171
168 412
168 281
168 202
169 172
169 184
169 297
169 419
169 473
170 172
170 173
170 334
171 331
171 459
171 330
172 173
173 174
173 176
173 391
174 175
175 440
175 310
175 325
176 177
176 178
177 259
177 298
177 337
178 179
178 180
178 392
178 308
179 180
179 181
180 181
180 182
180 476
180 362
181 182
181 370
181 248
182 184
182 185
182 218
183 185
183 186
183 432
183 400
184 185
184 186
184 293
185 186
185 187
185 188
185 409
185 278
186 187
186 189
186 481
186 256
187 283
187 378
187 464
187 438
187 471
187 388
188 189
188 190
188 237
189 190
189 191
189 240
189 466
190 193
190 399
190 355
191 193
192 194
192 379
192 429
193 194
193 195
193 196
193 303
194 195
194 215
194 498
194 307
194 445
195 196
195 198
196 199
196 279
197 198
197 199
197 200
198 199
198 200
198 201
199 200
199 201
199 202
199 308
199 210
200 201
200 334
200 321
201 400
201 212
201 249
201 274
202 203
202 205
202 266
203 317
204 206
204 207
204 252
204 253
204 384
205 207
205 208
205 385
205 433
205 387
206 207
206 208
206 476
206 414
207 208
207 209
207 210
207 242
208 209
208 211
208 362
209 210
209 211
209 212
209 453
210 211
210 361
210 463
211 212
211 213
211 214
211 252
212 232
212 494
212 264
213 215
213 216
213 462
213 342
214 216
214 277
214 369
215 319
215 499
215 291
216 289
216 294
217 219
217 220
217 450
217 295
217 482
218 306
218 359
218 249
219 221
219 222
219 450
220 222
220 367
221 222
221 223
221 224
222 223
222 454
222 401
223 224
223 226
223 485
223 308
224 225
224 226
224 227
224 402
225 226
225 228
225 298
226 228
226 239
226 344
227 229
227 230
227 233
228 229
228 230
228 231
229 230
229 231
229 232
229 395
230 232
230 422
230 343
230 240
231 232
231 233
231 483
232 234
232 301
233 234
233 305
234 236
234 470
235 237
235 238
235 369
236 285
236 489
236 491
237 238
237 239
238 239
238 240
238 241
238 430
239 240
239 242
239 373
240 362
241 242
241 336
242 243
242 245
243 246
243 442
243 298
243 317
244 245
244 247
244 445
245 248
245 354
245 246
245 383
245 251
245 357
246 460
246 397
247 250
247 330
248 249
248 251
248 356
249 251
249 444
249 455
249 313
250 252
250 253
250 366
251 252
251 271
251 305
252 254
252 321
253 255
253 439
253 498
253 379
254 256
254 257
254 405
254 436
255 256
255 257
256 257
256 258
256 319
257 259
257 260
257 433
257 471
258 259
258 260
258 261
258 424
259 261
259 357
259 420
260 262
260 286
261 403
262 263
262 323
262 396
263 335
263 445
264 266
264 344
264 380
264 448
264 362
265 266
265 267
265 450
266 268
266 432
266 398
267 338
267 427
267 321
267 461
268 269
268 270
268 271
268 321
269 270
269 272
269 387
269 393
270 271
270 272
270 373
271 273
271 274
271 300
271 324
272 273
272 275
272 334
273 274
273 275
273 292
273 323
274 277
275 276
275 277
275 278
276 399
277 278
277 279
277 280
278 316
278 410
279 280
279 349
279 432
279 468
280 281
280 283
280 403
281 283
281 488
282 284
282 449
283 296
284 285
284 334
284 361
284 450
285 287
285 385
285 361
285 297
286 287
286 288
286 289
286 474
287 288
287 289
287 328
288 289
288 290
288 291
289 292
289 330
289 455
290 291
290 292
291 293
291 449
292 293
293 294
293 295
293 365
294 409
294 427
294 425
295 296
295 445
296 364
296 411
296 304
296 468
296 438
297 377
298 432
299 300
299 301
299 302
299 390
300 301
300 302
300 303
300 413
301 304
301 481
301 353
302 304
302 361
302 441
303 305
303 324
303 339
304 305
304 420
304 415
305 306
305 307
305 358
306 307
306 497
307 308
307 445
309 312
309 420
310 311
310 464
311 313
311 314
311 477
312 313
312 314
312 315
312 451
313 314
313 315
313 499
314 315
314 316
314 465
314 395
315 317
315 318
316 317
316 318
316 319
317 318
317 320
318 319
318 321
318 435
319 320
320 323
321 323
321 423
322 323
322 324
322 325
322 434
323 325
323 326
324 382
325 420
325 424
326 328
326 406
326 500
326 351
326 367
327 329
327 330
327 460
328 329
328 330
328 331
329 331
329 332
329 375
330 331
330 332
331 396
332 335
332 492
332 455
333 334
333 335
333 336
333 488
334 335
334 337
335 336
335 338
336 352
336 393
336 444
336 434
337 339
337 340
337 353
338 340
339 341
339 342
339 441
340 342
340 343
340 377
341 342
341 343
341 480
342 426
342 386
342 440
343 345
343 346
343 410
343 416
344 345
344 346
344 347
345 346
345 348
345 373
346 347
346 349
346 407
346 431
346 434
347 349
347 350
348 351
348 414
349 350
349 351
349 352
350 351
350 487
350 450
351 353
351 361
351 471
352 354
352 355
353 354
353 355
353 356
354 355
354 446
355 357
355 447
356 357
356 358
357 358
357 360
358 390
358 441
358 420
358 496
359 362
359 405
359 440
360 361
360 362
360 363
361 364
362 482
362 374
363 364
364 366
364 367
365 366
365 368
366 367
366 424
367 368
367 369
368 369
368 370
368 371
368 477
368 430
369 371
369 372
369 415
370 372
371 373
371 495
371 438
372 373
372 375
373 374
373 375
373 376
374 376
374 411
375 376
375 378
375 436
376 377
376 378
376 379
377 378
377 379
377 380
378 381
378 459
378 457
379 380
380 407
381 384
381 405
382 383
382 384
382 385
383 385
384 385
384 387
385 386
385 388
386 387
386 388
386 389
388 389
388 390
388 429
389 391
389 392
389 497
390 391
390 471
391 392
391 394
392 393
392 464
392 477
392 427
393 394
393 396
393 404
394 396
394 440
395 397
397 415
398 399
398 456
399 401
400 403
401 403
401 404
401 497
402 404
403 404
403 405
403 406
403 452
404 406
404 407
404 458
405 407
405 408
406 408
406 409
406 457
407 409
407 410
408 409
408 410
408 411
409 442
410 412
411 413
411 414
412 413
412 414
412 415
413 415
413 416
415 416
415 432
416 419
416 478
417 419
417 420
417 449
418 421
419 420
419 421
419 439
419 428
420 421
420 422
421 422
421 423
421 424
421 474
422 423
422 424
422 425
423 425
423 426
424 427
425 426
425 428
425 492
426 428
426 470
426 493
427 428
428 429
429 431
430 431
430 499
431 432
431 434
432 434
432 435
433 434
433 436
435 436
435 482
437 439
437 440
438 439
438 441
439 442
440 442
442 444
442 464
443 445
443 446
443 498
444 447
445 446
446 447
446 449
446 490
447 448
447 449
447 450
448 450
448 451
449 450
449 451
449 452
450 451
450 452
451 453
451 498
452 454
453 454
453 455
454 455
454 456
455 456
456 457
456 458
456 459
457 458
457 459
458 460
458 461
459 461
459 462
460 462
461 462
461 463
462 463
462 485
463 464
465 467
465 500
466 467
466 468
466 469
467 469
467 470
468 469
469 470
469 471
470 471
470 472
470 473
471 474
472 473
472 474
473 484
474 476
475 476
475 477
475 478
476 478
476 479
476 495
477 480
478 481
479 480
479 487
480 481
480 483
481 483
481 484
482 483
483 484
483 485
483 486
485 496
486 487
486 488
486 489
487 488
487 489
488 491
489 490
490 491
490 493
491 492
491 494
492 494
492 495
493 494
493 495
494 495
494 497
495 497
495 498
496 497
497 499
