500 1500
1 499
1 326
1 428
1 234
1 254
2 3
2 5
2 499
2 399
3 500
3 68
3 70
3 178
3 170
3 67
3 351
3 65
4 7
4 390
4 138
4 226
5 8
5 176
5 330
5 312
6 7
6 9
6 305
6 48
7 53
7 414
7 67
7 470
8 9
8 11
8 475
8 482
8 42
9 10
9 12
9 55
9 129
9 371
10 12
10 479
10 423
10 394
10 144
10 480
11 12
11 13
11 350
11 36
12 14
12 15
12 45
13 14
13 16
13 103
13 439
13 111
13 314
14 15
14 16
14 82
15 382
15 249
15 285
15 57
15 336
15 144
16 18
16 19
16 227
16 369
16 481
17 19
17 20
17 216
17 495
17 478
18 19
18 21
18 371
18 409
18 375
18 464
19 20
19 22
19 108
19 109
20 21
20 22
20 129
20 44
20 34
21 22
21 23
21 399
21 436
21 168
21 343
22 23
22 24
22 497
23 25
23 26
23 478
23 396
23 79
23 134
24 25
24 26
24 27
24 344
24 315
25 26
25 28
25 95
25 220
25 442
26 29
26 392
26 32
27 29
27 66
27 352
27 48
28 29
28 498
28 441
29 30
29 31
29 261
29 334
29 370
30 31
30 33
30 306
30 386
31 32
31 468
31 420
31 271
32 33
32 34
32 35
32 470
32 173
32 497
33 34
33 35
33 36
33 205
34 208
34 319
34 297
34 326
35 92
35 147
35 186
35 179
35 303
35 458
36 37
36 38
36 187
37 38
37 40
37 424
37 333
37 494
38 39
38 299
38 93
38 431
39 40
39 42
39 253
40 42
40 340
40 476
41 42
41 43
41 44
42 44
42 499
42 367
43 45
43 46
43 222
43 395
44 46
44 47
44 72
44 275
45 48
45 69
45 234
45 444
45 112
45 238
46 47
46 48
46 87
46 259
46 406
46 85
47 367
47 473
47 67
47 482
47 130
47 425
48 49
48 51
49 50
49 51
49 338
49 68
49 237
50 51
50 53
50 207
51 467
51 139
51 500
51 101
52 53
52 54
52 317
53 55
53 204
53 145
53 291
53 351
54 55
54 56
54 57
54 444
55 56
55 57
55 198
56 57
56 59
56 140
56 207
57 58
57 462
57 368
57 465
58 59
58 60
58 142
58 326
59 60
59 61
59 62
60 63
60 152
60 89
61 63
61 468
61 403
61 496
61 448
62 136
62 248
62 148
62 441
63 64
63 65
63 192
63 71
64 466
64 499
64 255
65 67
65 215
65 402
66 67
66 69
66 298
66 265
67 68
67 70
67 191
68 70
68 71
68 222
69 70
69 217
69 268
69 448
69 400
69 157
70 73
70 208
70 411
71 420
71 83
71 268
71 144
72 315
72 327
72 318
72 450
73 75
73 134
73 317
73 319
74 75
74 76
74 77
74 456
74 349
75 78
75 391
75 119
75 295
75 252
76 77
76 78
76 79
76 89
76 303
77 78
77 172
77 434
77 228
78 79
78 80
78 81
78 307
78 345
78 448
79 234
79 255
80 82
80 83
80 112
81 82
81 83
81 84
81 295
82 83
82 85
82 109
82 343
82 180
82 399
83 84
83 86
83 143
83 469
83 188
84 85
84 214
84 416
84 235
84 345
85 86
85 456
85 336
86 87
86 88
86 89
86 215
86 398
87 90
87 205
87 172
88 90
88 91
88 441
88 164
88 428
89 90
89 129
90 91
90 93
90 174
90 229
91 93
91 94
91 379
91 216
91 192
91 291
91 495
92 95
92 183
92 346
92 187
92 495
92 498
93 94
93 95
93 266
93 299
93 117
94 95
94 96
94 97
94 471
95 96
95 271
95 279
95 152
95 486
95 222
95 236
96 97
96 99
96 111
96 287
96 264
97 98
97 99
97 100
97 465
98 101
98 286
98 316
98 136
99 100
99 492
99 328
99 277
99 382
100 101
100 103
100 147
101 104
101 217
101 447
101 397
102 105
102 215
102 492
102 119
103 106
103 283
104 105
104 106
104 107
105 106
105 107
105 108
106 107
106 400
106 414
106 314
107 109
107 110
107 401
107 358
107 332
108 384
108 117
108 482
109 110
109 112
109 191
109 364
109 165
109 210
110 112
110 113
110 477
110 308
111 112
111 114
112 113
112 487
112 344
112 379
113 114
113 115
113 116
113 244
113 454
113 237
114 116
114 117
114 476
114 427
115 117
115 324
115 155
115 475
116 117
116 380
116 330
116 404
117 118
117 119
117 233
118 119
118 120
118 121
118 304
118 289
118 455
119 121
119 122
119 288
119 138
120 123
120 184
120 205
121 122
121 235
121 350
121 193
121 132
122 124
122 125
122 495
123 125
123 335
123 413
123 490
124 125
124 127
124 421
124 444
124 284
125 128
125 226
125 432
125 435
125 135
125 360
126 128
126 129
126 179
126 144
126 464
127 129
127 130
127 231
127 207
127 219
127 273
128 131
128 261
128 312
128 136
128 212
129 429
130 131
130 132
130 283
131 132
131 133
131 134
132 133
132 134
132 200
133 135
133 136
133 301
134 135
134 137
134 469
135 142
135 324
135 297
136 278
136 394
136 492
137 138
137 140
137 167
137 402
137 252
138 141
138 500
139 140
139 236
139 448
139 419
139 393
140 141
140 143
140 417
140 173
141 142
141 143
141 144
141 190
142 225
142 182
142 264
143 146
143 472
144 146
145 147
145 148
146 317
146 166
146 375
146 396
146 247
147 150
147 426
148 149
148 151
148 355
148 306
148 310
148 371
149 150
149 152
149 235
150 152
150 210
150 251
151 152
151 427
151 369
151 479
152 154
152 155
152 198
153 155
153 156
153 302
154 155
154 156
154 157
155 156
155 458
155 259
156 159
156 202
156 287
157 160
157 316
157 320
157 286
158 159
158 161
158 290
159 160
159 162
159 377
159 434
159 400
159 385
160 161
160 351
160 281
160 341
161 162
161 163
161 164
162 163
162 164
162 165
162 446
163 164
163 279
163 250
163 310
164 166
164 293
165 166
165 168
165 171
165 195
166 167
166 168
166 169
167 169
167 170
167 461
168 169
168 170
168 171
168 288
169 170
169 171
169 172
170 172
170 455
170 329
171 173
171 210
172 173
172 262
173 174
173 175
173 228
173 249
174 176
174 177
174 221
174 203
175 439
175 463
175 459
175 250
175 323
176 178
176 179
176 318
176 300
177 178
177 180
177 272
177 227
178 181
178 439
179 180
179 182
179 199
180 182
180 355
181 182
181 183
181 184
182 183
182 185
183 184
183 185
183 481
183 290
183 374
184 186
184 439
184 273
185 186
185 188
185 204
186 188
186 189
186 241
187 345
188 189
188 190
188 199
188 366
188 320
189 190
189 191
189 437
189 356
190 192
190 471
190 239
190 378
191 452
192 286
192 257
192 288
193 398
193 370
193 435
193 431
193 360
194 197
194 369
194 395
194 222
195 196
195 197
195 341
196 197
196 199
196 304
196 206
196 282
197 198
197 199
197 485
198 201
198 269
198 242
198 283
199 201
199 279
199 468
200 201
200 202
200 203
201 202
201 203
201 456
202 205
202 323
202 390
202 307
202 449
203 298
203 433
204 205
204 206
204 448
205 206
205 208
205 384
206 207
206 209
206 432
206 381
206 415
207 210
208 210
208 288
208 424
208 464
208 299
209 210
209 212
209 367
209 279
210 211
210 328
211 214
211 382
211 311
212 273
212 456
213 214
213 216
213 471
214 215
214 216
214 217
215 217
215 224
215 274
216 409
216 218
216 295
216 347
217 219
217 220
217 245
218 219
218 427
218 309
219 221
219 415
219 378
220 223
220 305
221 224
221 331
221 309
222 223
222 225
222 269
223 224
223 225
223 226
224 225
224 227
224 338
225 227
225 228
225 354
225 441
226 228
226 279
226 380
227 228
227 230
227 397
228 381
228 306
228 313
228 401
229 230
229 231
229 232
229 420
230 231
230 233
230 454
231 232
231 393
231 240
232 233
232 234
232 235
233 235
233 236
233 450
233 467
234 408
234 342
235 304
236 374
236 316
236 351
236 492
237 238
238 239
238 240
239 242
239 447
240 243
240 393
240 482
241 243
241 362
242 244
242 245
242 327
242 463
242 487
243 244
243 245
243 246
243 460
244 246
244 247
245 246
245 493
245 436
246 248
246 249
246 344
247 249
247 250
247 333
247 254
247 410
247 285
248 251
248 298
248 280
248 260
249 251
249 399
250 251
250 368
251 252
251 253
251 254
252 253
252 255
252 457
253 254
253 255
253 256
253 357
254 257
254 282
255 256
255 257
255 470
256 257
256 447
256 358
256 391
257 259
257 372
257 324
258 259
258 260
258 261
258 329
258 327
259 417
260 261
260 405
261 264
261 496
261 456
262 263
262 264
262 265
262 425
263 264
263 265
263 266
264 266
264 375
264 397
265 266
265 268
266 269
266 488
267 268
267 269
267 270
267 328
267 421
268 466
268 363
269 270
269 271
270 271
270 272
270 480
270 486
270 446
271 273
271 368
272 274
272 275
273 275
273 491
274 276
274 349
274 298
274 305
275 277
275 278
275 462
276 278
276 279
276 282
276 298
277 278
277 279
277 406
278 279
278 280
278 281
279 282
280 281
280 282
280 283
281 282
281 283
281 284
282 283
282 446
283 464
283 389
284 286
284 302
285 287
285 327
286 287
286 288
286 289
286 354
286 380
287 288
287 290
288 332
289 290
289 394
289 439
290 293
290 429
290 361
291 294
291 364
292 294
292 296
292 362
292 368
293 294
293 295
293 493
293 303
293 412
294 295
294 296
294 297
294 367
295 298
295 300
296 298
296 299
296 319
296 429
297 300
297 342
298 299
298 330
298 407
299 302
299 381
300 301
300 303
300 359
300 488
300 415
301 304
301 369
301 374
302 303
302 304
302 305
302 486
302 383
302 424
303 418
304 305
305 306
305 308
306 307
306 471
307 309
307 310
307 475
308 311
308 411
309 440
310 313
310 366
311 312
311 313
311 314
312 313
312 315
312 451
313 314
313 456
314 315
314 317
315 316
315 317
316 317
316 318
316 473
317 318
317 320
318 319
318 320
318 321
318 412
318 346
319 320
319 321
319 322
320 322
320 323
321 322
321 323
321 324
322 324
322 437
322 497
323 324
323 325
323 366
324 327
324 430
325 326
325 327
325 328
326 423
326 379
327 328
327 377
327 483
327 487
328 411
328 487
328 348
329 331
329 360
330 473
330 451
331 334
331 417
331 393
331 342
331 427
332 370
332 389
333 334
333 376
334 335
334 336
334 337
335 336
335 337
335 338
336 386
337 338
337 339
337 340
338 405
338 359
339 340
339 341
339 413
339 464
340 341
340 342
340 343
341 342
341 344
341 361
342 344
342 377
342 366
342 413
343 370
343 458
344 345
344 347
345 471
345 416
346 347
346 493
346 381
347 348
347 349
348 349
348 350
348 419
348 471
349 352
349 405
350 353
350 415
350 482
351 354
352 358
352 362
353 354
353 423
353 422
354 355
354 357
354 469
355 357
355 467
356 357
356 358
357 359
357 461
357 498
358 360
358 361
358 416
359 362
359 398
360 361
360 362
361 363
361 375
362 365
362 386
363 364
363 365
363 366
363 394
364 366
364 408
364 435
365 366
365 367
365 368
365 410
367 368
368 369
369 370
369 383
370 372
370 375
371 489
371 409
372 373
372 374
372 375
373 374
373 375
373 376
374 376
374 377
374 428
376 377
376 378
376 379
377 379
377 392
377 477
378 379
378 380
378 436
379 380
379 381
380 381
380 392
381 382
381 472
382 383
382 384
382 483
383 384
383 385
384 386
384 457
385 387
385 413
386 387
386 467
386 437
387 388
387 389
387 390
388 389
388 390
388 391
389 391
389 482
390 392
390 462
391 392
391 393
392 393
392 394
392 395
393 395
394 449
395 397
395 398
396 399
396 438
397 400
398 399
398 400
400 403
401 402
401 403
401 443
402 404
403 404
403 406
404 405
404 406
405 406
405 407
405 408
406 408
406 409
407 408
407 410
407 488
408 409
408 410
408 411
409 412
410 413
411 412
411 413
412 414
413 414
414 416
414 417
416 417
417 419
417 420
418 419
418 420
418 421
418 426
419 420
419 422
420 421
420 423
421 424
422 425
422 436
422 458
423 425
423 426
423 475
424 426
425 427
426 427
426 429
428 430
429 431
429 432
430 432
430 433
431 432
431 433
432 434
432 435
433 434
433 435
433 436
434 437
435 437
436 437
436 439
437 438
437 439
438 439
438 440
439 440
439 441
440 441
440 442
440 477
441 443
441 444
442 443
442 445
443 445
443 446
444 446
444 447
445 447
445 448
445 450
446 463
446 462
447 448
447 449
447 452
448 449
448 450
448 472
449 450
449 452
450 451
450 452
451 453
451 454
452 453
452 454
452 455
453 454
453 455
453 456
454 457
454 490
455 456
455 457
456 458
456 459
457 458
458 460
458 461
458 488
459 460
459 461
459 462
460 462
460 463
460 480
461 462
461 463
462 465
463 466
465 466
465 490
466 467
466 469
467 468
467 469
468 469
468 470
470 472
470 473
472 474
472 490
473 475
473 476
474 475
474 476
474 477
476 477
476 478
476 479
477 478
477 479
478 479
478 480
479 480
479 481
479 482
481 484
482 483
483 484
484 485
484 486
484 487
484 489
485 486
485 487
485 488
486 489
488 493
489 492
491 492
491 493
491 494
494 495
494 496
496 499
497 498
497 499
498 499
499 500
