1000 4264
1 928
1 220
2 928
2 220
2 173
2 421
2 250
2 120
2 54
2 305
2 291
2 274
2 325
2 614
2 103
2 703
2 816
2 691
2 710
2 139
2 768
2 355
2 883
2 793
2 684
2 153
2 411
2 152
2 904
3 928
3 220
3 173
4 220
4 173
5 928
5 220
6 928
6 220
6 173
6 421
6 250
6 120
6 54
6 305
6 291
6 274
6 325
6 614
6 103
6 703
6 816
6 710
6 139
6 768
6 153
6 904
7 928
7 220
7 173
7 421
7 250
7 120
7 54
7 305
7 291
7 274
7 325
7 614
7 691
8 928
8 220
8 173
8 421
9 928
9 220
9 173
10 928
10 220
10 173
11 928
11 220
11 173
12 928
12 220
12 173
12 421
12 54
13 928
13 220
14 928
14 220
15 928
15 220
15 173
16 928
16 220
16 173
16 421
17 928
17 220
17 173
17 305
18 928
18 220
19 928
19 220
19 173
20 928
20 220
20 173
20 421
20 250
20 120
20 54
20 305
20 291
20 274
20 325
20 614
20 103
20 703
20 816
20 691
20 710
20 139
20 883
20 153
20 578
21 928
21 173
22 928
22 220
22 173
23 928
23 220
23 173
24 928
24 220
24 173
25 173
26 928
26 220
26 173
27 928
27 220
27 173
27 421
27 250
28 928
28 220
28 173
28 421
29 928
29 220
30 928
30 220
30 173
30 421
30 250
30 120
30 54
30 305
30 291
30 274
30 325
30 614
30 703
31 928
31 220
31 173
32 928
32 220
32 173
32 421
32 305
33 928
33 220
34 928
34 220
34 173
34 421
34 250
34 120
34 54
34 305
34 291
34 816
35 928
35 220
35 173
35 421
36 220
37 928
37 220
37 173
38 928
38 220
38 173
39 928
39 220
39 173
40 928
40 220
41 220
42 928
42 220
42 173
42 421
42 305
42 291
43 928
43 220
43 173
43 421
43 250
43 120
43 54
44 928
44 220
44 173
44 421
45 928
45 220
45 173
46 928
46 220
46 173
47 928
47 173
48 928
48 220
48 173
49 928
49 220
49 173
50 928
50 220
50 173
52 928
52 220
52 173
52 421
52 250
52 54
52 305
53 928
53 220
54 928
54 220
54 173
54 421
54 250
54 120
54 305
54 291
54 274
54 325
54 614
54 103
54 703
54 816
54 691
54 710
54 139
54 768
54 355
54 883
54 793
54 684
54 153
54 411
54 526
54 578
54 483
54 426
54 441
54 152
54 590
54 285
54 622
54 932
54 351
54 262
54 593
54 94
54 407
54 906
54 730
54 601
54 251
54 611
54 880
54 542
54 689
54 962
54 633
54 904
54 708
54 856
54 564
54 751
54 972
54 89
54 293
54 249
54 955
54 234
54 723
54 892
54 584
54 358
54 651
54 506
54 97
54 652
54 281
54 555
54 529
54 115
54 138
54 840
54 990
54 947
54 572
54 905
54 431
54 298
54 405
54 576
54 676
54 778
54 362
54 720
54 595
54 463
54 468
54 528
54 348
54 238
54 416
54 780
54 825
54 746
54 323
54 498
54 559
54 218
54 190
54 536
54 306
54 909
54 439
54 110
54 939
54 333
54 442
54 561
54 379
54 758
54 260
54 523
54 59
54 844
54 254
54 700
54 993
54 144
54 368
54 531
54 989
54 338
54 817
54 964
54 653
54 265
54 563
54 757
54 842
54 566
54 679
54 328
54 853
54 814
54 316
54 540
54 732
54 699
54 613
54 902
54 911
54 211
54 170
54 580
54 924
54 808
54 509
54 951
54 831
54 599
54 342
54 319
54 329
54 678
54 821
54 386
54 799
54 948
54 864
54 707
54 871
54 800
54 922
54 686
54 714
54 981
54 908
54 619
54 548
54 489
54 186
54 899
54 694
54 373
54 639
54 214
54 688
54 258
54 810
54 987
54 852
54 124
54 181
54 111
54 414
54 346
54 606
54 320
55 928
55 220
55 173
56 220
57 928
57 220
58 928
58 220
59 928
59 220
59 173
59 421
59 250
59 120
60 928
60 220
60 173
60 250
61 928
61 220
62 928
62 220
62 173
63 928
63 220
63 173
64 928
64 220
64 173
65 928
65 220
65 173
65 421
65 250
65 120
65 305
66 928
67 928
67 220
67 173
68 173
69 928
69 220
69 173
70 928
70 220
71 928
71 220
71 173
72 928
72 220
73 928
73 220
73 173
74 928
74 220
74 173
75 928
75 220
75 173
76 928
76 220
77 928
77 220
77 173
78 928
78 220
78 173
78 421
78 250
79 928
79 220
79 173
80 928
80 220
80 173
81 928
81 220
81 173
81 421
81 250
82 928
82 220
82 173
83 928
83 220
84 928
85 928
87 928
87 220
87 173
87 421
87 250
87 120
88 928
88 220
88 173
89 928
89 220
89 173
89 421
89 250
89 120
89 305
89 291
89 274
89 325
89 691
90 928
90 220
91 928
91 220
92 928
92 220
92 173
92 421
92 250
93 928
93 220
93 173
94 928
94 220
94 173
94 421
94 250
94 120
94 305
94 291
94 274
94 325
94 614
95 928
95 220
95 173
96 220
97 928
97 220
97 173
97 421
97 250
97 120
97 305
97 291
97 325
97 614
98 928
98 220
98 173
99 928
99 173
100 928
100 220
100 173
100 421
101 928
101 220
101 173
102 928
102 173
103 928
103 220
103 173
103 421
103 250
103 120
103 305
103 291
103 274
103 325
103 614
103 703
103 816
103 691
103 710
103 139
103 768
103 355
103 883
103 793
103 684
103 153
103 411
103 526
103 578
103 483
103 426
103 441
103 152
103 590
103 622
103 593
103 407
103 906
103 730
103 249
103 362
103 265
104 928
104 220
104 173
105 928
105 220
105 173
106 928
106 220
106 173
107 928
107 220
107 173
108 928
108 220
108 173
109 928
110 928
110 220
110 173
110 421
110 250
110 120
110 305
111 928
111 220
111 173
112 928
113 928
113 220
113 173
113 421
114 928
114 173
115 928
115 220
115 173
115 421
115 250
115 120
115 305
116 928
116 220
116 173
117 928
117 220
117 173
117 421
117 250
117 120
118 928
118 220
118 173
119 928
119 220
120 928
120 220
120 173
120 421
120 250
120 305
120 291
120 274
120 325
120 614
120 703
120 816
120 691
120 710
120 139
120 768
120 355
120 883
120 793
120 684
120 153
120 411
120 526
120 578
120 483
120 426
120 441
120 152
120 590
120 285
120 622
120 932
120 351
120 262
120 593
120 407
120 906
120 730
120 601
120 251
120 611
120 880
120 542
120 689
120 962
120 633
120 904
120 708
120 856
120 564
120 751
120 972
120 293
120 249
120 955
120 234
120 723
120 892
120 584
120 358
120 651
120 506
120 652
120 281
120 555
120 529
120 138
120 840
120 990
120 947
120 572
120 905
120 431
120 298
120 405
120 576
120 676
120 778
120 362
120 720
120 595
120 463
120 468
120 528
120 348
120 238
120 416
120 780
120 825
120 746
120 323
120 498
120 559
120 218
120 190
120 536
120 306
120 909
120 439
120 939
120 333
120 442
120 561
120 379
120 758
120 260
120 523
120 844
120 254
120 700
120 993
120 144
120 368
120 531
120 989
120 338
120 817
120 964
120 653
120 265
120 563
120 757
120 842
120 566
120 679
120 328
120 853
120 814
120 316
120 540
120 732
120 699
120 642
120 613
120 902
120 911
120 359
120 211
120 299
120 170
120 568
120 424
120 924
120 808
120 502
120 745
120 277
120 342
120 319
120 329
120 821
120 799
120 187
120 948
120 399
120 988
120 864
120 871
120 535
120 922
120 686
120 222
120 165
120 383
120 364
120 440
120 373
120 570
120 357
120 973
120 302
120 859
120 422
120 569
120 516
120 965
120 787
120 286
120 731
120 621
120 419
120 425
120 224
120 450
121 928
121 220
121 173
122 928
122 220
122 173
122 421
124 928
124 220
124 173
124 421
125 928
125 220
125 173
126 928
126 220
126 173
127 928
127 220
127 173
128 928
129 928
129 220
129 173
131 173
132 928
132 220
132 173
133 928
133 220
134 928
134 220
135 928
135 220
135 173
136 928
136 220
137 928
137 220
137 173
138 928
138 220
138 173
138 421
138 250
138 305
138 291
139 928
139 220
139 173
139 421
139 250
139 305
139 291
139 274
139 325
139 614
139 703
139 816
139 691
139 710
139 768
139 355
139 883
139 793
139 684
139 153
139 411
139 526
139 578
139 483
139 426
139 441
139 152
139 932
139 351
139 601
139 531
140 173
141 928
141 220
142 928
142 220
142 173
143 928
143 173
144 928
144 220
144 173
144 421
144 250
145 928
145 220
145 173
146 928
146 220
146 173
147 928
147 220
148 928
148 220
148 173
149 928
149 220
150 928
150 220
150 173
151 928
151 220
151 173
152 928
152 220
152 173
152 421
152 250
152 305
152 291
152 274
152 325
152 614
152 703
152 816
152 691
152 710
152 768
152 355
152 883
152 153
152 411
152 526
153 928
153 220
153 173
153 421
153 250
153 305
153 291
153 274
153 325
153 614
153 703
153 816
153 691
153 710
153 768
153 355
153 883
153 793
153 684
153 411
153 526
153 578
153 483
153 441
153 955
153 260
154 928
154 220
154 173
155 928
155 220
155 173
156 928
156 220
156 173
156 421
157 928
157 220
157 173
158 928
158 220
158 173
159 928
159 220
160 928
160 220
160 173
160 421
161 928
162 928
162 220
162 173
163 928
163 220
164 928
164 220
164 173
165 928
165 220
165 173
165 421
166 928
166 220
167 928
167 220
167 173
168 928
168 220
168 173
169 928
169 220
169 173
170 928
170 220
170 173
170 421
170 250
170 291
171 220
172 928
172 220
172 173
172 421
172 250
173 928
173 220
173 421
173 250
173 305
173 291
173 274
173 325
173 614
173 703
173 816
173 691
173 710
173 768
173 355
173 883
173 793
173 684
173 411
173 526
173 578
173 483
173 426
173 441
173 590
173 285
173 622
173 932
173 351
173 262
173 593
173 407
173 906
173 730
173 601
173 251
173 611
173 880
173 542
173 689
173 962
173 633
173 904
173 708
173 856
173 564
173 751
173 972
173 293
173 249
173 955
173 234
173 723
173 892
173 584
173 358
173 651
173 506
173 652
173 281
173 555
173 529
173 840
173 990
173 947
173 572
173 905
173 431
173 298
173 405
173 576
173 676
173 778
173 362
173 720
173 595
173 463
173 468
173 528
173 348
173 238
173 416
173 780
173 825
173 746
173 323
173 498
173 559
173 218
173 190
173 536
173 306
173 909
173 439
173 939
173 333
173 442
173 561
173 379
173 758
173 260
173 523
173 844
173 254
173 700
173 993
173 368
173 531
173 989
173 338
173 817
173 964
173 653
173 265
173 563
173 757
173 842
173 566
173 679
173 328
173 853
173 814
173 316
173 540
173 732
173 699
173 642
173 613
173 902
173 911
173 359
173 718
173 211
173 299
173 568
173 580
173 424
173 924
173 808
173 502
173 509
173 745
173 417
173 670
173 277
173 401
173 951
173 831
173 599
173 342
173 319
173 203
173 329
173 678
173 821
173 386
173 799
173 524
173 187
173 948
173 399
173 988
173 864
173 707
173 871
173 800
173 876
173 535
173 922
173 686
173 714
173 480
173 313
173 981
173 908
173 619
173 503
173 322
173 482
173 577
173 548
173 489
173 862
173 308
173 786
173 403
173 222
173 242
173 186
173 303
173 900
173 383
173 675
173 660
173 899
173 364
173 194
173 440
173 491
173 683
173 722
173 898
173 301
173 807
173 694
173 373
173 570
173 475
173 394
173 357
173 868
173 420
173 639
173 321
173 738
173 349
173 973
173 214
173 688
173 276
173 508
173 241
173 588
173 231
173 302
173 258
173 515
173 810
173 849
173 859
173 994
173 837
173 361
173 300
173 616
173 247
173 422
173 901
173 569
173 671
173 253
173 976
173 393
173 497
173 916
173 427
173 668
173 835
173 326
173 881
173 516
173 339
173 201
173 934
173 233
173 846
173 867
173 207
173 615
173 987
173 875
173 372
173 923
173 965
173 484
173 273
173 833
173 470
173 336
173 685
173 907
173 956
173 813
173 852
173 702
173 376
173 953
173 208
173 541
173 917
173 471
173 763
173 382
173 712
173 481
173 806
173 446
173 295
173 803
173 375
173 775
173 787
173 997
173 977
173 467
173 629
173 839
173 767
173 239
173 937
173 209
173 490
173 286
173 600
173 873
173 565
173 798
173 343
173 783
173 721
173 858
173 984
173 560
173 193
173 352
173 863
173 731
173 666
173 255
173 444
173 499
173 466
173 621
173 801
173 841
173 248
173 496
173 415
173 549
173 843
173 828
173 774
173 513
173 747
173 530
173 662
173 304
173 655
173 638
173 737
173 681
173 539
173 701
173 661
173 877
173 654
173 838
173 630
173 866
173 538
173 181
173 546
173 734
173 834
173 874
173 311
173 711
173 607
173 367
173 492
173 288
173 903
173 980
173 458
173 412
173 438
173 820
173 551
173 645
173 796
173 512
173 486
173 543
173 419
173 915
173 594
173 212
173 395
173 740
173 404
173 589
173 177
173 960
173 959
173 888
173 895
173 587
173 617
173 544
173 199
173 933
173 448
173 602
173 347
173 414
173 272
173 554
173 230
173 942
173 585
173 865
173 637
173 284
173 847
173 636
173 623
173 522
173 433
173 425
173 175
173 346
173 770
173 943
173 205
173 805
173 766
173 822
173 287
173 263
173 340
173 553
173 224
173 879
173 659
173 532
173 886
173 215
173 505
173 525
173 447
173 748
173 925
173 781
173 210
173 779
173 736
173 312
173 819
173 185
173 827
173 510
173 456
173 695
173 514
173 795
173 890
173 971
173 450
173 788
173 453
173 235
173 742
173 246
173 1000
173 985
173 765
173 360
173 606
173 823
173 704
173 656
173 507
173 196
173 882
173 202
173 219
173 176
173 581
173 396
173 733
173 479
173 192
173 390
173 537
173 855
173 992
173 320
173 885
173 294
173 663
173 191
173 776
173 180
173 485
173 894
173 715
173 945
173 464
173 402
173 889
173 893
173 693
173 836
173 743
173 627
173 790
173 673
173 983
173 753
173 677
173 646
173 785
173 460
173 236
173 649
173 571
173 850
173 672
173 749
173 811
173 377
173 268
173 709
173 270
173 769
173 591
173 271
173 378
173 936
173 179
173 182
173 449
173 861
173 488
173 759
173 968
173 860
173 896
173 436
173 290
173 476
173 975
173 465
173 829
173 310
173 969
173 938
173 952
173 223
173 982
173 809
173 389
173 363
173 550
173 314
173 356
173 282
173 264
173 762
173 400
173 931
173 334
173 309
173 337
173 978
173 259
173 760
173 872
173 620
173 690
173 195
173 217
173 782
173 592
173 605
173 719
173 474
173 940
173 380
173 648
173 705
173 278
173 545
173 927
173 469
173 487
173 408
173 991
173 345
173 729
173 750
173 586
173 998
173 472
173 227
173 374
173 370
173 995
173 409
173 728
173 910
173 870
173 429
173 845
173 443
173 257
173 612
173 794
173 204
173 608
173 789
173 519
173 929
173 225
173 815
173 664
173 869
173 914
173 428
173 213
173 610
173 280
173 331
173 354
173 495
173 556
173 365
173 534
173 445
173 533
173 183
173 640
173 641
173 229
173 197
173 626
173 335
173 941
173 583
173 739
173 430
173 527
173 573
173 381
173 946
173 369
173 477
173 434
173 772
173 974
173 935
173 327
173 575
173 996
173 791
173 385
173 391
173 269
173 848
173 609
173 957
173 324
173 891
173 603
173 350
173 604
173 240
173 413
173 261
173 418
173 521
173 970
173 878
173 618
173 206
174 928
174 220
175 928
175 220
176 928
176 220
177 928
177 220
178 928
178 220
179 928
179 220
180 928
180 220
181 928
181 220
182 928
182 220
183 928
183 220
184 928
185 928
185 220
186 928
186 220
186 421
186 250
186 305
187 928
187 220
187 421
187 250
187 305
188 928
188 220
189 220
190 928
190 220
190 421
190 250
190 305
190 614
191 928
191 220
192 928
192 220
193 928
193 220
194 928
194 220
194 421
195 928
195 220
196 928
196 220
197 928
199 928
199 220
200 220
201 928
201 220
202 928
202 220
203 928
203 220
203 421
203 250
204 928
204 220
205 928
205 220
206 928
206 220
207 928
207 220
208 928
208 220
209 928
209 220
209 421
210 928
210 220
211 928
211 220
211 421
211 250
212 928
212 220
213 928
213 220
214 928
214 220
214 421
215 928
215 220
216 928
217 928
217 220
218 928
218 220
218 421
218 250
218 305
219 928
219 220
220 928
220 421
220 250
220 305
220 291
220 274
220 325
220 614
220 703
220 816
220 691
220 710
220 768
220 355
220 883
220 793
220 684
220 411
220 526
220 578
220 483
220 426
220 441
220 590
220 285
220 622
220 932
220 351
220 262
220 593
220 407
220 906
220 730
220 601
220 251
220 611
220 880
220 542
220 689
220 962
220 633
220 904
220 708
220 856
220 564
220 751
220 972
220 293
220 249
220 955
220 234
220 723
220 892
220 584
220 358
220 651
220 506
220 652
220 281
220 555
220 529
220 840
220 990
220 947
220 572
220 905
220 431
220 298
220 405
220 576
220 676
220 778
220 362
220 720
220 595
220 463
220 468
220 528
220 348
220 238
220 416
220 780
220 825
220 746
220 323
220 498
220 559
220 536
220 306
220 909
220 439
220 939
220 333
220 442
220 561
220 379
220 758
220 260
220 523
220 844
220 254
220 700
220 993
220 368
220 531
220 989
220 338
220 817
220 964
220 653
220 265
220 563
220 757
220 842
220 566
220 679
220 328
220 853
220 814
220 316
220 540
220 732
220 699
220 642
220 613
220 902
220 911
220 359
220 718
220 299
220 568
220 580
220 424
220 924
220 808
220 502
220 509
220 745
220 417
220 670
220 277
220 401
220 951
220 831
220 599
220 342
220 319
220 329
220 678
220 821
220 386
220 799
220 524
220 948
220 399
220 988
220 864
220 707
220 871
220 800
220 876
220 535
220 922
220 686
220 714
220 480
220 313
220 981
220 908
220 619
220 503
220 322
220 482
220 577
220 548
220 489
220 862
220 308
220 786
220 403
220 222
220 242
220 303
220 900
220 383
220 675
220 660
220 899
220 364
220 440
220 491
220 683
220 722
220 898
220 301
220 807
220 694
220 373
220 570
220 475
220 394
220 357
220 868
220 420
220 639
220 321
220 738
220 349
220 973
220 688
220 276
220 508
220 241
220 588
220 231
220 302
220 258
220 515
220 810
220 849
220 859
220 994
220 837
220 361
220 300
220 616
220 247
220 422
220 901
220 569
220 671
220 253
220 976
220 393
220 497
220 916
220 427
220 668
220 835
220 326
220 881
220 516
220 339
220 934
220 233
220 846
220 867
220 615
220 987
220 875
220 372
220 923
220 965
220 484
220 273
220 833
220 470
220 336
220 685
220 907
220 956
220 813
220 852
220 702
220 376
220 953
220 541
220 917
220 471
220 763
220 382
220 712
220 481
220 806
220 446
220 295
220 803
220 375
220 775
220 787
220 997
220 977
220 467
220 629
220 839
220 767
220 239
220 937
220 490
220 286
220 600
220 873
220 565
220 798
220 343
220 783
220 721
220 858
220 984
220 560
220 352
220 863
220 731
220 666
220 255
220 444
220 499
220 466
220 621
220 801
220 841
220 248
220 496
220 415
220 549
220 843
220 828
220 774
220 513
220 747
220 530
220 662
220 304
220 655
220 638
220 737
220 681
220 539
220 701
220 661
220 877
220 654
220 838
220 630
220 866
220 538
220 546
220 734
220 834
220 874
220 311
220 711
220 607
220 367
220 492
220 288
220 903
220 980
220 458
220 412
220 438
220 820
220 551
220 645
220 796
220 512
220 486
220 543
220 419
220 915
220 594
220 395
220 740
220 404
220 589
220 960
220 959
220 888
220 895
220 587
220 617
220 544
220 933
220 448
220 602
220 347
220 414
220 272
220 554
220 230
220 942
220 585
220 865
220 637
220 284
220 847
220 636
220 623
220 522
220 433
220 425
220 346
220 770
220 943
220 805
220 766
220 822
220 287
220 263
220 340
220 553
220 224
220 879
220 659
220 532
220 886
220 505
220 525
220 447
220 748
220 925
220 781
220 779
220 736
220 312
220 819
220 827
220 510
220 456
220 695
220 514
220 795
220 890
220 971
220 450
220 788
220 453
220 235
220 742
220 246
220 1000
220 985
220 765
220 360
220 606
220 823
220 704
220 656
220 507
220 882
220 581
220 396
220 733
220 479
220 390
220 537
220 855
220 992
220 320
220 885
220 294
220 663
220 776
220 485
220 894
220 715
220 945
220 464
220 402
220 889
220 893
220 693
220 836
220 743
220 627
220 790
220 673
220 983
220 753
220 677
220 646
220 785
220 460
220 236
220 649
220 571
220 850
220 672
220 749
220 811
220 377
220 268
220 709
220 270
220 769
220 591
220 271
220 378
220 936
220 449
220 861
220 488
220 759
220 968
220 860
220 896
220 436
220 290
220 476
220 975
220 465
220 829
220 310
220 969
220 938
220 952
220 223
220 982
220 809
220 389
220 363
220 550
220 314
220 356
220 282
220 264
220 762
220 400
220 931
220 334
220 309
220 337
220 978
220 259
220 296
220 760
220 832
220 872
220 620
220 690
220 387
220 782
220 650
220 520
220 592
220 605
220 644
220 719
220 474
220 940
220 380
220 648
220 705
220 437
220 278
220 545
220 927
220 469
220 500
220 802
220 487
220 408
220 628
220 991
220 345
220 818
220 410
220 729
220 750
220 586
220 998
220 472
220 897
220 634
220 227
220 374
220 370
220 995
220 409
220 728
220 910
220 632
220 773
220 870
220 429
220 845
220 443
220 257
220 511
220 612
220 307
220 794
220 608
220 789
220 501
220 279
220 519
220 929
220 225
220 815
220 664
220 869
220 366
220 914
220 428
220 547
220 243
220 921
220 371
220 558
220 610
220 237
220 289
220 462
220 406
220 280
220 388
220 331
220 455
220 504
220 354
220 912
220 495
220 966
220 698
220 567
220 556
220 457
220 365
220 534
220 752
220 930
220 445
220 669
220 435
220 533
220 692
220 697
220 919
220 478
220 640
220 641
220 252
220 744
220 232
220 229
220 626
220 335
220 423
220 647
220 624
220 941
220 341
220 812
220 913
220 583
220 739
220 256
220 830
220 579
220 967
220 887
220 643
220 949
220 777
220 430
220 716
220 527
220 754
220 245
220 713
220 517
220 381
220 946
220 771
220 958
220 292
220 598
220 477
220 963
220 318
220 315
220 461
220 562
220 582
220 756
220 557
220 772
220 918
220 725
220 979
220 631
220 857
220 935
220 696
220 574
220 667
220 493
220 385
220 391
220 432
220 269
220 518
220 824
220 384
220 398
220 957
220 397
220 792
220 764
220 324
220 891
220 665
220 228
220 687
220 674
220 454
220 332
220 344
220 451
220 221
220 240
220 261
220 521
220 999
220 970
220 597
222 928
222 421
222 250
223 928
224 928
225 928
227 928
228 928
229 928
230 928
231 928
231 421
231 250
232 928
233 928
234 928
234 421
234 250
234 305
234 291
234 703
235 928
236 928
237 928
238 928
238 421
238 250
238 305
238 291
239 928
239 421
240 928
241 928
241 250
242 928
242 421
243 928
245 928
246 928
246 710
247 928
247 250
248 928
249 928
249 421
249 250
249 305
249 291
249 274
250 928
250 421
250 305
250 291
250 274
250 325
250 614
250 703
250 816
250 691
250 710
250 768
250 355
250 883
250 793
250 684
250 411
250 526
250 578
250 483
250 426
250 441
250 590
250 285
250 622
250 932
250 351
250 262
250 593
250 407
250 906
250 730
250 601
250 251
250 611
250 880
250 542
250 689
250 962
250 633
250 904
250 708
250 856
250 564
250 751
250 972
250 293
250 955
250 723
250 892
250 584
250 358
250 651
250 506
250 652
250 281
250 555
250 529
250 840
250 990
250 947
250 572
250 905
250 431
250 298
250 405
250 576
250 676
250 778
250 362
250 720
250 595
250 463
250 468
250 528
250 348
250 416
250 780
250 825
250 746
250 323
250 498
250 559
250 536
250 306
250 909
250 439
250 939
250 333
250 442
250 561
250 379
250 758
250 260
250 523
250 844
250 254
250 700
250 993
250 368
250 531
250 989
250 338
250 817
250 964
250 653
250 265
250 563
250 757
250 842
250 566
250 679
250 328
250 853
250 814
250 316
250 540
250 732
250 699
250 642
250 613
250 902
250 911
250 359
250 718
250 299
250 568
250 580
250 424
250 924
250 808
250 502
250 509
250 745
250 417
250 670
250 277
250 401
250 951
250 831
250 599
250 342
250 319
250 329
250 678
250 821
250 386
250 524
250 988
250 871
250 876
250 480
250 313
250 981
250 482
250 862
250 786
250 383
250 660
250 394
250 639
250 321
250 849
250 994
250 976
250 326
250 446
250 787
250 629
250 513
250 607
250 458
250 312
250 271
250 754
251 928
251 421
251 305
251 291
251 274
251 325
251 703
251 710
251 768
252 928
253 928
254 928
254 421
254 305
255 928
256 928
257 928
258 928
259 928
260 928
260 421
260 305
260 274
262 928
262 421
262 305
262 291
262 274
262 325
262 614
262 703
262 816
262 691
262 768
262 355
262 883
263 928
263 421
264 928
265 928
265 421
266 928
268 928
269 928
270 928
271 928
272 928
273 928
274 928
274 421
274 305
274 291
274 325
274 614
274 703
274 816
274 691
274 710
274 768
274 355
274 883
274 793
274 684
274 411
274 526
274 578
274 483
274 426
274 441
274 590
274 285
274 622
274 932
274 351
274 593
274 407
274 906
274 730
274 601
274 611
274 880
274 542
274 689
274 962
274 633
274 904
274 708
274 856
274 564
274 751
274 972
274 293
274 955
274 892
274 584
274 651
274 652
274 281
274 362
274 306
274 580
274 509
275 928
276 928
276 421
277 928
277 421
278 928
279 928
280 928
281 928
281 421
281 305
281 291
282 928
283 928
284 928
285 928
285 421
285 305
285 291
285 325
285 614
285 816
285 710
285 883
286 928
286 421
287 928
288 928
289 928
290 928
291 928
291 421
291 305
291 325
291 614
291 703
291 816
291 691
291 710
291 768
291 355
291 883
291 793
291 684
291 411
291 526
291 578
291 483
291 426
291 441
291 590
291 622
291 932
291 351
291 593
291 407
291 906
291 730
291 601
291 611
291 880
291 542
291 689
291 962
291 633
291 904
291 708
291 856
291 564
291 751
291 972
291 293
291 955
291 723
291 892
291 584
291 358
291 651
291 506
291 652
291 555
291 529
291 840
291 990
291 947
291 572
291 905
291 431
291 298
291 576
291 676
291 778
291 720
291 468
291 528
291 825
291 746
291 498
291 758
291 523
291 531
291 328
291 359
291 509
291 707
292 928
293 928
293 421
293 305
294 928
295 928
296 928
297 928
298 928
298 421
298 305
299 928
299 421
300 928
301 928
301 421
302 928
302 421
303 928
303 421
304 928
305 928
305 421
305 325
305 614
305 703
305 816
305 691
305 710
305 768
305 355
305 883
305 793
305 684
305 411
305 526
305 578
305 483
305 426
305 441
305 590
305 622
305 932
305 351
305 593
305 407
305 906
305 730
305 601
305 611
305 880
305 542
305 689
305 962
305 633
305 904
305 708
305 856
305 564
305 751
305 972
305 955
305 723
305 892
305 584
305 358
305 651
305 506
305 652
305 555
305 529
305 840
305 990
305 947
305 572
305 905
305 431
305 405
305 576
305 676
305 778
305 362
305 720
305 595
305 463
305 468
305 528
305 348
305 416
305 780
305 825
305 746
305 323
305 498
305 559
305 536
305 306
305 909
305 439
305 939
305 333
305 442
305 561
305 379
305 758
305 523
305 844
305 700
305 993
305 531
305 989
305 338
305 817
305 653
305 563
305 566
305 328
305 540
305 732
305 642
305 359
305 580
305 924
305 509
305 745
305 401
305 329
305 313
305 862
305 899
305 953
305 774
305 539
305 781
305 782
305 504
306 928
306 421
307 928
308 928
308 421
309 928
310 928
311 928
312 928
313 928
313 421
314 928
315 928
316 928
316 421
317 928
319 928
319 421
320 928
320 421
321 928
321 421
322 928
322 421
323 928
323 421
324 928
325 928
325 421
325 614
325 703
325 816
325 691
325 710
325 768
325 355
325 883
325 793
325 684
325 411
325 526
325 578
325 483
325 426
325 441
325 590
325 622
325 932
325 351
325 593
325 407
325 906
325 730
325 601
325 611
325 880
325 542
325 689
325 708
325 564
325 751
325 972
325 955
325 584
325 358
325 652
325 576
325 498
325 439
325 531
325 853
326 928
327 928
328 928
328 421
329 928
329 421
330 928
331 928
333 928
333 421
334 928
335 928
336 928
337 928
338 928
338 421
339 928
339 421
340 928
341 928
342 928
342 421
343 928
345 928
346 928
347 928
348 928
348 421
349 928
349 421
350 928
351 928
351 421
351 614
351 703
351 691
351 710
351 768
351 355
351 883
352 928
353 928
354 928
355 928
355 421
355 614
355 703
355 816
355 691
355 710
355 768
355 883
355 793
355 684
355 411
355 526
355 578
355 483
355 426
355 441
355 590
355 536
356 928
357 928
357 421
358 928
358 421
359 928
359 421
360 928
361 928
361 421
362 928
362 421
363 928
364 928
364 421
365 928
366 928
367 928
368 928
368 421
369 928
370 928
371 928
372 928
372 421
373 928
373 421
374 928
375 928
375 421
376 928
376 883
377 928
378 928
378 421
379 928
379 421
380 928
382 928
382 421
383 928
383 421
384 928
386 928
386 421
387 928
388 928
389 928
389 421
390 928
391 928
393 928
393 421
394 928
394 421
395 928
396 928
397 421
399 928
399 421
400 928
401 928
401 421
402 928
403 928
403 421
404 928
405 928
405 421
406 928
407 928
407 421
407 614
407 816
407 793
408 928
409 928
410 928
411 928
411 421
411 614
411 703
411 816
411 691
411 710
411 768
411 883
411 793
411 684
411 526
411 578
411 483
411 441
411 904
411 856
412 928
413 928
414 928
415 928
416 928
416 421
417 928
417 421
419 928
420 928
420 421
421 928
421 614
421 703
421 816
421 691
421 710
421 768
421 883
421 793
421 684
421 526
421 578
421 483
421 426
421 441
421 590
421 622
421 932
421 593
421 906
421 730
421 601
421 611
421 880
421 542
421 689
421 962
421 633
421 904
421 708
421 856
421 564
421 751
421 972
421 955
421 723
421 892
421 584
421 651
421 506
421 652
421 555
421 529
421 840
421 990
421 947
421 572
421 905
421 431
421 576
421 676
421 778
421 720
421 595
421 463
421 468
421 528
421 780
421 825
421 746
421 498
421 559
421 536
421 909
421 439
421 939
421 442
421 561
421 758
421 523
421 844
421 700
421 993
421 531
421 989
421 817
421 964
421 653
421 563
421 757
421 842
421 566
421 679
421 853
421 814
421 540
421 732
421 699
421 642
421 613
421 902
421 911
421 718
421 568
421 580
421 424
421 924
421 808
421 502
421 509
421 745
421 670
421 951
421 831
421 599
421 678
421 821
421 799
421 524
421 948
421 988
421 864
421 707
421 871
421 800
421 876
421 535
421 922
421 686
421 714
421 480
421 981
421 908
421 619
421 503
421 482
421 577
421 548
421 489
421 862
421 786
421 900
421 675
421 660
421 899
421 440
421 491
421 683
421 722
421 898
421 694
421 570
421 475
421 868
421 639
421 738
421 973
421 688
421 588
421 810
421 994
421 837
421 901
421 569
421 671
421 976
421 916
421 668
421 835
421 881
421 516
421 934
421 846
421 867
421 615
421 987
421 875
421 923
421 965
421 833
421 470
421 685
421 907
421 956
421 813
421 852
421 702
421 953
421 446
421 775
421 787
421 767
421 937
421 600
421 565
421 560
421 466
421 841
421 843
421 539
421 701
421 661
421 654
421 866
421 834
421 512
421 594
421 623
421 447
421 591
421 476
421 782
421 897
421 995
421 979
422 928
423 928
424 928
425 928
426 928
426 614
426 703
426 816
426 691
426 710
426 768
426 883
426 793
426 684
427 928
428 928
429 928
430 928
431 928
433 928
434 928
435 928
436 928
437 928
438 928
439 928
440 928
441 928
441 614
441 703
441 816
441 691
441 710
441 768
441 883
441 793
441 684
441 483
442 928
443 928
444 928
445 928
446 928
447 928
448 928
449 928
450 928
453 928
454 928
455 928
456 928
457 928
458 928
460 928
461 928
462 928
463 928
464 928
465 928
466 928
467 928
468 928
469 928
470 928
471 928
472 928
474 928
475 928
476 928
477 928
478 928
479 928
480 928
481 928
482 928
483 928
483 614
483 703
483 816
483 691
483 710
483 768
483 883
483 793
483 684
483 578
484 928
485 928
486 928
487 928
488 928
489 928
490 928
491 928
492 928
493 928
494 928
495 928
496 928
497 928
498 928
499 928
500 928
501 928
502 928
503 928
504 928
505 928
506 928
506 684
507 928
508 928
509 928
510 928
511 928
512 928
513 928
514 928
515 928
516 928
517 928
518 928
519 928
520 928
522 928
523 928
524 928
525 928
526 928
526 614
526 703
526 816
526 691
526 710
526 768
526 883
526 793
526 684
526 578
528 928
529 928
530 928
531 928
532 928
533 928
534 928
535 928
536 928
537 928
538 928
539 928
540 928
541 928
542 928
542 703
542 768
543 928
544 928
545 928
546 928
547 928
548 928
549 928
550 928
551 928
553 928
554 928
555 928
556 928
557 928
558 928
559 928
560 928
561 928
563 928
564 928
564 614
564 691
565 928
566 928
567 928
568 928
569 928
570 928
571 928
572 928
572 816
573 928
574 928
576 928
577 928
578 928
578 614
578 703
578 816
578 691
578 710
578 768
578 883
578 793
578 684
580 928
581 928
582 928
583 928
584 928
584 614
585 928
586 928
587 928
588 928
589 928
590 928
590 614
590 703
590 816
590 691
590 710
590 593
591 928
592 928
593 928
593 614
593 710
594 928
595 928
598 928
599 928
600 928
601 928
601 614
601 703
601 768
601 684
602 928
603 928
605 928
606 928
607 928
608 928
609 928
610 928
611 928
611 614
612 928
613 928
614 928
614 703
614 816
614 691
614 710
614 768
614 883
614 793
614 684
614 622
614 932
614 730
614 904
614 708
614 723
614 892
615 928
616 928
617 928
618 928
619 928
620 928
621 928
622 928
622 703
622 816
622 691
622 793
623 928
624 928
626 928
627 928
628 928
629 928
630 928
631 928
632 928
633 928
633 816
634 928
635 928
636 928
637 928
638 928
639 928
640 928
642 928
643 928
644 928
645 928
646 928
647 928
648 928
649 928
650 928
651 928
652 928
653 928
654 928
655 928
656 928
657 928
659 928
660 928
661 928
662 928
663 928
664 928
665 928
666 928
667 928
668 928
669 928
670 928
671 928
672 928
673 928
675 928
676 928
677 928
678 928
679 928
681 928
682 928
683 928
684 928
684 703
684 816
684 691
684 710
684 768
684 883
684 793
684 730
684 708
684 856
685 928
686 928
687 928
688 928
689 928
689 816
689 768
690 928
691 928
691 703
691 816
691 710
691 768
691 883
691 793
691 906
691 856
692 928
693 928
694 928
695 928
696 928
697 928
698 928
699 928
700 928
701 928
702 928
703 928
703 816
703 710
703 768
703 883
703 793
703 932
703 962
703 904
703 708
703 947
703 905
703 758
704 928
705 928
706 928
707 928
708 928
709 928
710 928
710 816
710 768
710 883
710 793
710 932
710 730
710 892
711 928
712 928
713 928
714 928
715 928
716 928
718 928
719 928
720 928
720 816
721 928
722 928
723 928
723 816
724 928
726 928
728 928
729 928
730 928
730 768
730 793
731 928
732 928
733 928
734 928
736 928
737 928
738 928
740 928
741 928
742 928
743 928
744 928
745 928
746 928
747 928
748 928
749 928
750 928
751 928
752 928
753 928
754 928
755 928
757 928
758 928
759 928
760 928
762 928
763 928
764 928
765 928
766 928
767 928
768 928
768 816
768 883
768 793
768 904
768 972
768 892
769 928
770 928
771 928
772 928
773 928
774 928
775 928
776 928
777 928
778 928
779 928
780 928
781 928
782 928
783 928
784 928
785 928
786 928
787 928
788 928
789 928
790 928
792 928
793 928
793 816
793 883
793 904
794 928
795 928
796 928
797 928
798 928
799 928
800 928
801 928
802 928
803 928
805 928
806 928
807 928
808 928
809 928
810 928
811 928
812 928
813 928
814 928
815 928
816 928
816 883
816 906
816 904
817 928
818 928
819 928
820 928
821 928
822 928
823 928
824 928
825 928
827 928
828 928
829 928
830 928
831 928
832 928
833 928
834 928
835 928
836 928
837 928
838 928
839 928
840 928
841 928
842 928
843 928
844 928
845 928
846 928
847 928
849 928
850 928
851 928
852 928
853 928
855 928
856 928
857 928
858 928
859 928
860 928
861 928
862 928
863 928
864 928
865 928
866 928
867 928
868 928
869 928
870 928
871 928
872 928
873 928
874 928
875 928
876 928
877 928
879 928
880 928
881 928
882 928
883 928
885 928
886 928
887 928
888 928
889 928
890 928
892 928
893 928
894 928
895 928
896 928
897 928
898 928
899 928
900 928
901 928
902 928
903 928
904 928
905 928
906 928
907 928
908 928
909 928
910 928
911 928
912 928
913 928
914 928
915 928
916 928
917 928
918 928
919 928
921 928
922 928
923 928
924 928
925 928
926 928
927 928
928 932
928 962
928 972
928 955
928 990
928 947
928 939
928 993
928 989
928 964
928 951
928 948
928 988
928 981
928 973
928 994
928 976
928 934
928 987
928 965
928 956
928 953
928 997
928 977
928 937
928 984
928 980
928 960
928 959
928 933
928 942
928 943
928 971
928 1000
928 985
928 992
928 945
928 983
928 936
928 968
928 975
928 969
928 938
928 952
928 982
928 931
928 978
928 940
928 991
928 998
928 995
928 929
928 966
928 930
928 967
928 949
928 946
928 958
928 963
928 974
928 979
928 935
928 961
928 996
928 950
928 954
