1000 5594
1 727
1 463
2 727
2 463
2 129
2 788
2 461
2 671
3 727
3 463
3 671
4 727
4 463
5 727
5 463
5 129
5 788
5 461
5 954
5 329
6 727
6 463
6 129
6 788
6 67
6 461
6 954
6 671
6 633
6 75
6 329
6 879
6 932
6 8
6 974
7 727
7 463
7 129
7 788
7 67
7 461
7 954
7 671
8 727
8 463
8 129
8 788
8 67
8 461
8 954
8 671
8 633
8 75
8 329
8 879
8 932
8 89
8 52
8 197
8 636
8 974
8 755
8 62
8 679
8 301
8 648
8 470
8 718
8 130
8 640
8 121
8 409
8 477
8 583
8 380
8 239
8 920
8 263
8 955
8 903
8 442
8 749
8 980
8 997
8 96
8 608
8 315
8 910
8 413
8 905
8 699
8 11
8 274
8 916
8 563
8 497
8 358
8 314
8 275
8 559
8 721
8 100
8 764
8 838
8 181
8 937
8 632
8 514
8 602
8 594
8 234
8 415
8 405
8 351
8 162
8 451
8 570
8 854
8 80
8 437
8 930
8 561
8 408
8 293
8 468
8 210
8 635
8 556
8 232
8 268
8 147
8 135
8 809
8 620
8 378
8 969
8 175
8 395
8 846
8 871
8 984
8 404
8 138
8 523
8 906
8 960
8 163
8 998
8 281
8 748
8 525
8 222
8 986
8 111
8 375
9 727
10 727
10 463
10 129
10 788
10 67
11 727
11 463
11 129
11 788
11 67
11 461
11 954
11 671
11 633
11 75
11 329
11 879
11 932
11 89
11 52
11 197
11 636
11 974
11 755
11 62
11 679
11 301
11 648
11 470
11 130
11 121
11 583
11 263
11 442
11 608
11 315
11 699
11 563
11 100
11 602
12 727
13 727
13 463
14 727
14 463
15 727
15 463
17 727
17 463
17 461
19 727
19 463
19 129
20 727
20 463
21 727
21 463
21 129
22 727
22 463
22 129
22 788
22 67
22 461
22 954
22 671
22 633
22 75
22 329
22 52
22 974
22 755
22 62
23 727
23 463
23 129
23 788
24 727
24 463
25 727
25 463
26 727
26 67
27 727
27 463
27 129
28 727
28 463
28 129
28 788
28 671
29 727
29 463
29 129
30 463
30 788
31 727
31 463
32 727
32 463
33 727
33 463
33 129
33 788
33 67
33 461
33 954
33 671
33 633
33 75
33 879
33 52
33 130
35 727
35 463
36 727
36 463
37 727
37 463
37 129
37 788
39 727
39 463
39 129
40 727
40 463
41 727
41 463
41 129
41 788
42 727
42 463
43 727
43 463
43 129
43 788
43 67
43 461
43 954
43 671
43 633
43 75
43 329
43 879
43 932
43 52
43 197
43 636
43 974
43 62
43 679
43 301
43 442
44 727
44 463
45 727
45 463
45 129
45 329
46 727
46 463
46 129
46 788
46 67
46 461
46 954
46 671
46 633
46 75
46 329
46 89
46 52
46 197
46 301
47 727
47 463
47 129
47 788
49 727
49 463
49 129
50 727
50 463
51 727
51 463
51 129
51 788
51 67
51 461
52 727
52 463
52 129
52 788
52 67
52 461
52 954
52 671
52 633
52 75
52 329
52 879
52 932
52 89
52 197
52 636
52 974
52 755
52 62
52 679
52 301
52 648
52 470
52 718
52 130
52 640
52 121
52 409
52 477
52 583
52 380
52 239
52 920
52 263
52 955
52 903
52 442
52 749
52 980
52 997
52 96
52 608
52 315
52 910
52 413
52 905
52 699
52 274
52 916
52 563
52 497
52 358
52 314
52 275
52 559
52 721
52 100
52 764
52 838
52 181
52 937
52 632
52 514
52 602
52 594
52 234
52 415
52 405
52 351
52 162
52 451
52 570
52 854
52 80
52 437
52 561
52 293
52 468
52 635
52 232
52 147
52 730
52 827
52 378
52 299
52 538
52 593
52 404
52 821
52 423
52 261
52 623
52 797
52 676
52 465
52 83
52 865
52 918
52 789
53 727
53 463
53 954
54 727
54 463
55 727
55 463
55 129
55 788
55 67
55 461
55 954
55 671
55 633
55 75
55 329
55 879
55 89
55 197
55 679
55 563
56 727
56 463
57 727
58 727
58 463
58 67
59 727
59 463
59 954
60 727
60 463
60 954
61 727
61 463
62 727
62 463
62 129
62 788
62 67
62 461
62 954
62 671
62 633
62 75
62 329
62 879
62 932
62 89
62 197
62 636
62 974
62 755
62 679
62 301
62 648
62 470
62 718
62 130
62 640
62 121
62 409
62 477
62 583
62 380
62 239
62 920
62 263
62 955
62 903
62 442
62 749
62 980
62 997
62 96
62 608
62 315
62 910
62 413
62 905
62 699
62 274
62 916
62 563
62 497
62 358
62 314
62 275
62 559
62 721
62 100
62 764
62 838
62 181
62 937
62 632
62 514
62 602
62 234
62 415
62 405
62 351
62 451
62 570
62 80
62 210
62 147
62 994
62 538
62 659
62 971
62 874
62 821
62 423
62 103
63 727
63 463
63 671
64 727
65 727
65 463
65 129
65 67
65 954
66 727
66 463
67 727
67 463
67 129
67 788
67 461
67 954
67 671
67 633
67 75
67 329
67 879
67 932
67 89
67 197
67 636
67 974
67 755
67 679
67 301
67 648
67 470
67 718
67 130
67 640
67 121
67 409
67 477
67 583
67 380
67 239
67 920
67 263
67 955
67 903
67 442
67 749
67 980
67 997
67 96
67 608
67 315
67 910
67 413
67 905
67 699
67 274
67 916
67 563
67 497
67 358
67 314
67 275
67 559
67 721
67 100
67 764
67 838
67 181
67 937
67 632
67 514
67 602
67 594
67 234
67 415
67 405
67 351
67 162
67 451
67 570
67 854
67 80
67 437
67 930
67 561
67 408
67 293
67 468
67 210
67 635
67 556
67 232
67 268
67 147
67 135
67 809
67 730
67 827
67 620
67 378
67 310
67 419
67 969
67 299
67 175
67 994
67 817
67 395
67 126
67 846
67 538
67 871
67 593
67 984
67 352
67 404
67 138
67 805
67 858
67 818
67 659
67 523
67 971
67 872
67 874
67 269
67 821
67 892
67 423
67 906
67 735
67 960
67 778
67 261
67 623
67 946
67 666
67 396
67 321
67 548
67 443
67 797
67 473
67 951
67 163
67 350
67 998
67 416
67 281
67 483
67 273
67 328
67 196
67 295
67 134
67 195
67 973
67 487
67 737
67 389
67 250
67 260
67 606
67 676
67 811
67 533
67 748
67 999
67 476
67 713
67 465
67 867
67 747
67 894
67 291
67 586
67 296
67 160
67 625
67 1000
67 833
67 518
67 736
67 86
67 995
67 331
67 151
67 103
67 229
67 267
67 766
67 887
67 624
67 595
67 290
67 78
67 577
67 478
67 411
67 981
67 750
67 441
67 83
67 843
67 450
67 779
67 112
67 515
67 84
67 798
67 862
67 907
67 217
67 422
67 400
67 757
67 573
67 665
67 119
67 387
67 525
67 793
67 491
67 580
67 875
67 864
67 878
67 911
67 97
67 115
67 428
67 884
67 481
67 857
67 493
67 149
67 865
67 169
67 458
67 768
67 323
67 433
67 694
67 915
67 429
67 589
67 150
67 767
67 90
67 401
67 407
67 710
67 638
67 373
67 949
67 335
67 842
67 584
67 689
67 81
67 720
67 966
67 660
67 377
67 715
67 800
67 171
67 695
67 656
67 927
67 891
67 663
67 353
67 203
67 925
67 347
67 769
67 320
67 216
67 501
67 467
67 172
67 228
67 495
67 819
67 991
68 727
69 727
69 463
70 727
71 727
71 463
71 129
72 727
72 463
72 129
72 461
73 727
73 463
74 727
75 727
75 463
75 129
75 788
75 461
75 954
75 671
75 633
75 329
75 879
75 932
75 89
75 197
75 636
75 974
75 755
75 679
75 301
75 648
75 470
75 718
75 130
75 640
75 121
75 409
75 477
75 583
75 380
75 239
75 920
75 263
75 955
75 903
75 442
75 749
75 980
75 997
75 96
75 608
75 315
75 910
75 413
75 905
75 699
75 274
75 916
75 563
75 497
75 358
75 314
75 275
75 559
75 721
75 100
75 764
75 838
75 181
75 937
75 632
75 514
75 602
75 594
75 234
75 415
75 405
75 351
75 162
75 451
75 570
75 854
75 80
75 437
75 930
75 561
75 408
75 293
75 468
75 210
75 635
75 556
75 232
75 268
75 147
75 135
75 809
75 730
75 827
75 620
75 378
75 310
75 419
75 969
75 299
75 175
75 994
75 817
75 395
75 126
75 846
75 538
75 871
75 593
75 984
75 352
75 404
75 138
75 858
75 659
75 523
75 872
75 874
75 821
75 906
75 735
75 960
75 261
75 946
75 666
75 396
75 443
75 295
75 134
75 737
75 250
75 606
75 811
75 465
75 625
75 1000
75 833
75 736
75 331
75 887
75 78
75 577
75 84
75 665
75 119
75 104
75 402
75 97
75 884
75 704
75 914
75 828
75 767
75 401
75 902
75 687
75 198
75 452
76 727
76 463
77 727
77 463
77 129
78 727
78 463
78 129
78 788
78 461
78 954
79 727
80 727
80 463
80 129
80 788
80 461
80 954
80 671
80 633
80 329
80 879
80 932
80 89
80 197
80 636
80 679
80 648
80 718
80 583
81 727
81 463
81 129
82 727
82 463
82 129
82 788
83 727
83 463
83 129
83 788
83 461
83 954
83 671
83 633
84 727
84 463
84 129
84 788
84 954
85 727
85 463
86 727
86 463
86 129
86 788
86 461
86 954
86 671
87 727
87 463
87 129
87 788
88 727
89 727
89 463
89 129
89 788
89 461
89 954
89 671
89 633
89 329
89 879
89 932
89 197
89 636
89 974
89 755
89 679
89 301
89 648
89 470
89 718
89 130
89 640
89 121
89 409
89 477
89 583
89 380
89 239
89 920
89 263
89 955
89 903
89 442
89 749
89 980
89 997
89 96
89 608
89 315
89 910
89 413
89 905
89 699
89 274
89 916
89 563
89 497
89 358
89 314
89 275
89 559
89 721
89 100
89 764
89 838
89 181
89 937
89 632
89 514
89 602
89 594
89 234
89 415
89 405
89 351
89 162
89 451
89 570
89 854
89 437
89 930
89 561
89 408
89 468
89 210
89 635
89 556
89 232
89 268
89 135
89 809
89 730
89 827
89 620
89 310
89 969
89 299
89 994
89 395
89 846
89 593
89 805
89 858
89 821
89 960
89 623
89 443
89 797
89 350
89 737
89 290
89 843
89 422
89 813
89 589
89 90
90 727
90 463
90 129
90 788
90 954
91 727
91 463
91 129
92 727
92 463
93 727
94 727
94 463
94 129
95 727
95 463
96 727
96 463
96 129
96 788
96 461
96 954
96 671
96 633
96 329
96 879
96 932
96 197
96 636
96 974
96 755
96 679
96 301
96 648
96 470
96 718
96 130
96 640
96 121
96 409
96 477
96 583
96 380
96 920
96 955
96 903
96 749
96 980
96 608
96 315
96 274
96 969
97 727
97 463
97 129
97 788
97 461
98 727
98 129
99 727
99 463
99 129
100 727
100 463
100 129
100 788
100 461
100 954
100 671
100 633
100 329
100 879
100 932
100 197
100 636
100 974
100 755
100 679
100 301
100 648
100 121
100 409
100 380
100 274
101 463
102 727
102 463
103 727
103 463
103 129
103 788
103 461
103 954
103 932
104 727
104 463
104 129
104 788
105 727
105 463
105 129
106 727
106 463
106 129
107 727
107 463
108 727
108 463
108 129
110 727
111 727
111 463
111 129
112 727
112 463
112 129
112 788
112 461
112 954
113 727
114 727
114 463
114 129
115 727
115 463
115 129
115 788
115 461
115 954
115 671
117 727
117 463
117 129
117 461
118 727
118 463
119 727
119 463
119 129
119 788
119 954
119 671
120 727
120 463
120 129
120 788
121 727
121 463
121 129
121 788
121 461
121 954
121 671
121 633
121 329
121 879
121 932
121 197
121 636
121 974
121 755
121 679
121 301
121 648
121 470
121 718
121 130
121 640
121 409
121 477
121 583
121 380
121 239
121 920
121 263
121 955
121 903
121 442
121 749
121 980
121 997
121 608
121 315
121 910
121 413
121 274
121 916
121 721
121 764
121 594
121 415
121 162
121 378
121 261
121 737
121 474
122 727
122 463
122 129
122 788
123 727
123 463
124 727
124 463
124 879
125 727
125 463
125 129
126 727
126 463
126 129
126 788
126 461
126 954
126 671
126 633
126 329
126 755
126 679
126 413
127 727
127 463
128 727
129 727
129 463
129 788
129 461
129 954
129 671
129 633
129 329
129 879
129 932
129 197
129 636
129 974
129 755
129 679
129 301
129 648
129 470
129 718
129 130
129 640
129 409
129 477
129 583
129 380
129 239
129 920
129 263
129 955
129 903
129 442
129 749
129 980
129 997
129 608
129 315
129 910
129 413
129 905
129 699
129 274
129 916
129 563
129 497
129 358
129 314
129 275
129 559
129 721
129 764
129 838
129 181
129 937
129 632
129 514
129 602
129 594
129 234
129 415
129 405
129 351
129 162
129 451
129 570
129 854
129 437
129 930
129 561
129 408
129 293
129 468
129 210
129 635
129 556
129 232
129 268
129 147
129 135
129 809
129 730
129 827
129 620
129 378
129 310
129 419
129 969
129 299
129 175
129 994
129 817
129 395
129 846
129 538
129 871
129 593
129 984
129 352
129 404
129 138
129 805
129 858
129 818
129 659
129 523
129 971
129 872
129 874
129 269
129 821
129 892
129 423
129 906
129 735
129 960
129 778
129 261
129 623
129 946
129 666
129 396
129 321
129 548
129 443
129 797
129 473
129 951
129 163
129 350
129 998
129 416
129 281
129 483
129 273
129 328
129 196
129 295
129 134
129 195
129 973
129 487
129 737
129 389
129 250
129 260
129 606
129 676
129 811
129 533
129 748
129 999
129 476
129 713
129 465
129 867
129 747
129 894
129 291
129 586
129 296
129 160
129 625
129 1000
129 833
129 518
129 736
129 995
129 331
129 151
129 229
129 267
129 766
129 887
129 624
129 595
129 290
129 577
129 478
129 411
129 981
129 750
129 441
129 843
129 450
129 779
129 515
129 655
129 798
129 862
129 907
129 217
129 422
129 400
129 474
129 757
129 573
129 888
129 665
129 387
129 613
129 525
129 934
129 654
129 793
129 491
129 580
129 875
129 864
129 878
129 911
129 534
129 813
129 402
129 428
129 884
129 481
129 857
129 207
129 493
129 456
129 609
129 944
129 704
129 149
129 865
129 169
129 588
129 278
129 458
129 505
129 669
129 571
129 768
129 630
129 957
129 323
129 446
129 658
129 619
129 325
129 433
129 760
129 694
129 914
129 806
129 146
129 915
129 165
129 429
129 828
129 589
129 150
129 767
129 284
129 725
129 513
129 401
129 407
129 977
129 490
129 532
129 710
129 790
129 803
129 270
129 638
129 222
129 464
129 373
129 247
129 435
129 949
129 148
129 335
129 982
129 611
129 340
129 842
129 754
129 942
129 584
129 661
129 689
129 303
129 758
129 983
129 953
129 434
129 184
129 720
129 617
129 685
129 986
129 542
129 248
129 734
129 918
129 616
129 966
129 799
129 369
129 765
129 311
129 214
129 895
129 272
129 660
129 298
129 233
129 471
129 418
129 421
129 388
129 334
129 348
129 370
129 377
129 188
129 873
129 189
129 521
129 683
129 756
129 744
129 961
129 784
129 715
129 366
129 308
129 673
129 547
129 221
129 362
129 902
129 612
129 687
129 264
129 812
129 931
129 206
129 208
129 223
129 276
129 800
129 349
129 417
129 309
129 810
129 462
129 136
129 171
129 657
129 161
129 403
129 695
129 656
129 807
129 869
129 927
129 891
129 732
129 599
129 510
129 852
129 990
129 628
129 663
129 743
129 824
129 359
129 204
129 330
129 709
129 637
129 455
129 353
129 338
129 202
129 374
129 436
129 706
129 952
129 182
129 716
129 774
129 545
129 703
129 692
129 849
129 740
129 287
129 344
129 364
129 219
129 801
129 530
129 498
129 230
129 802
129 985
129 634
129 203
129 644
129 157
129 132
129 496
129 795
129 925
129 970
129 494
129 237
129 591
129 347
129 192
129 459
129 430
129 133
129 668
129 508
129 988
129 989
129 365
129 605
129 741
129 180
129 579
129 866
129 825
129 140
129 252
129 759
129 167
129 320
129 363
129 486
129 257
129 500
129 662
129 882
129 546
129 531
129 836
129 341
129 506
129 958
129 333
129 501
129 424
129 271
129 646
129 823
129 681
129 406
129 859
129 457
129 399
129 913
129 288
129 339
129 412
129 489
129 265
129 860
129 785
129 512
129 235
129 286
129 898
129 690
130 727
130 463
130 788
130 461
130 954
130 671
130 633
130 329
130 879
130 932
130 197
130 636
130 974
130 755
130 679
130 301
130 648
130 470
130 718
130 640
130 409
130 477
130 583
130 380
130 239
130 920
130 263
130 955
130 903
130 442
130 749
130 980
130 997
130 608
130 315
130 910
130 413
130 905
130 699
130 274
130 497
130 764
130 602
130 234
130 635
131 727
132 727
132 463
133 727
133 463
134 727
134 463
134 788
134 461
134 954
134 671
134 633
135 727
135 463
135 788
135 461
135 954
135 671
135 633
135 329
135 879
135 932
135 636
135 974
135 409
136 727
136 463
136 461
137 727
137 463
138 727
138 463
138 788
138 461
138 954
138 671
138 633
138 974
138 699
139 727
139 463
140 727
140 463
141 727
142 727
142 463
143 727
143 463
144 727
144 463
145 727
145 463
146 727
146 463
146 788
146 671
147 727
147 463
147 788
147 461
147 954
147 671
147 633
147 329
147 879
147 932
147 636
148 727
148 463
148 461
149 727
149 463
149 954
149 636
150 727
150 463
151 727
151 463
151 788
151 461
151 954
152 727
152 463
153 727
153 463
154 727
155 727
155 463
156 727
156 463
156 788
157 727
157 463
157 461
158 727
159 727
159 463
160 727
160 463
160 788
160 461
160 954
161 727
161 463
162 727
162 463
162 788
162 461
162 954
162 671
162 633
162 329
162 879
162 932
162 197
162 636
162 974
162 755
162 679
163 727
163 463
163 788
163 461
163 954
163 671
163 633
163 197
164 727
164 463
165 727
165 463
165 788
165 461
165 954
165 671
166 727
166 463
166 788
167 727
167 463
168 727
168 463
168 788
169 727
169 463
169 954
169 974
170 463
171 727
171 463
172 727
172 463
173 727
173 463
175 727
175 463
175 788
175 461
175 954
175 671
175 633
175 329
175 879
175 932
175 640
176 727
176 463
177 727
177 463
178 727
178 463
179 727
179 463
180 727
180 463
181 727
181 463
181 788
181 461
181 954
181 671
181 633
181 329
181 879
181 932
181 197
181 636
181 974
181 755
181 679
181 301
181 648
181 920
181 749
181 997
181 559
182 727
182 463
183 727
183 463
184 727
184 463
184 636
185 727
186 463
187 727
187 463
188 727
188 463
189 727
189 463
190 727
191 727
191 463
192 727
192 463
193 727
193 463
194 727
194 463
195 727
195 463
195 788
195 461
195 954
195 879
196 727
196 463
196 788
196 461
196 954
196 671
197 727
197 463
197 788
197 461
197 954
197 671
197 633
197 329
197 879
197 932
197 636
197 974
197 755
197 679
197 301
197 648
197 470
197 718
197 640
197 409
197 477
197 583
197 380
197 239
197 920
197 263
197 955
197 903
197 442
197 749
197 980
197 997
197 608
197 315
197 910
197 413
197 905
197 699
197 274
197 916
197 563
197 497
197 358
197 314
197 275
197 559
197 721
197 764
197 838
197 937
197 632
197 514
197 602
197 594
197 234
197 415
197 405
197 351
197 451
197 570
197 854
197 437
197 930
197 561
197 210
197 635
197 556
197 232
197 268
197 809
197 419
197 817
197 395
197 846
197 871
197 984
197 659
197 273
197 736
198 727
198 463
199 727
199 463
200 727
200 463
201 727
201 463
202 727
202 463
203 727
203 463
204 727
204 463
205 727
205 463
206 727
206 463
206 329
207 727
207 463
207 788
208 727
208 463
209 727
209 463
210 727
210 463
210 788
210 461
210 954
210 671
210 633
210 329
210 879
210 932
210 636
210 974
210 679
210 301
210 735
211 727
211 463
212 727
212 463
213 727
213 463
214 727
214 463
215 727
216 727
216 463
217 727
217 463
217 788
217 461
217 954
217 671
218 727
218 463
219 727
219 463
219 788
220 727
220 463
221 727
221 463
221 788
221 954
222 727
222 463
222 954
223 727
223 463
223 954
224 727
224 463
225 727
225 463
226 727
226 463
227 727
227 463
228 727
228 463
229 727
229 463
229 788
229 461
229 954
229 671
230 727
230 463
231 727
231 463
232 727
232 463
232 788
232 461
232 954
232 671
232 633
232 329
232 879
232 932
232 636
232 442
233 727
233 463
234 727
234 463
234 788
234 461
234 954
234 671
234 633
234 329
234 879
234 932
234 636
234 974
234 755
234 679
234 718
235 463
236 727
237 727
237 463
239 727
239 463
239 788
239 461
239 954
239 671
239 633
239 329
239 879
239 932
239 636
239 974
239 755
239 679
239 301
239 648
239 470
239 718
239 640
239 409
239 477
239 583
239 380
239 920
239 263
239 955
239 903
239 442
239 749
239 980
239 997
239 315
239 905
239 274
239 563
239 497
239 314
239 930
239 468
240 727
240 463
241 727
241 463
242 727
242 463
243 727
243 463
244 727
244 463
245 727
245 463
246 727
246 463
247 727
247 463
247 954
248 727
248 463
248 788
249 727
249 463
250 727
250 463
250 788
250 461
250 954
251 727
251 463
251 671
252 727
252 463
253 727
253 463
254 727
255 727
256 727
257 727
257 463
258 727
258 463
258 879
259 727
259 463
260 727
260 463
260 788
260 461
260 954
260 671
261 727
261 463
261 788
261 461
261 954
261 671
261 633
261 329
262 727
262 463
263 727
263 463
263 788
263 461
263 954
263 671
263 633
263 329
263 879
263 932
263 636
263 974
263 755
263 679
263 301
263 648
263 470
263 718
263 640
263 409
263 477
263 583
263 380
263 920
263 955
263 903
263 442
263 749
263 980
263 997
263 315
263 699
263 916
263 764
263 514
263 594
264 727
264 463
265 727
265 463
266 727
266 463
267 727
267 463
267 788
267 461
267 954
267 648
268 727
268 463
268 788
268 461
268 954
268 671
268 633
268 329
268 879
268 932
268 636
268 974
268 755
268 648
269 727
269 463
269 788
269 461
269 954
269 671
269 329
269 879
269 932
270 727
270 463
270 671
271 727
271 463
272 727
272 463
273 727
273 463
273 788
273 461
273 954
273 329
274 727
274 463
274 788
274 461
274 954
274 671
274 633
274 329
274 879
274 932
274 636
274 974
274 755
274 679
274 301
274 648
274 470
274 718
274 409
274 997
274 608
274 910
275 727
275 463
275 788
275 461
275 954
275 671
275 633
275 329
275 879
275 932
275 636
275 974
275 755
275 679
275 301
275 470
275 409
275 442
275 563
276 727
276 463
276 954
277 727
277 463
278 727
278 463
278 788
279 727
279 463
280 727
280 463
281 727
281 463
281 788
281 461
281 954
281 671
282 727
282 463
283 727
283 463
284 727
284 463
284 648
285 727
285 463
286 727
287 727
287 463
288 727
289 727
289 463
290 727
290 463
290 788
290 461
290 954
291 727
291 463
291 788
291 461
291 954
291 671
292 727
292 463
293 727
293 463
293 788
293 461
293 954
293 671
293 633
293 329
293 879
293 932
293 755
293 301
293 648
293 497
294 727
294 463
295 727
295 463
295 788
295 461
295 954
295 671
295 329
296 727
296 463
296 788
296 461
296 954
296 671
297 727
297 463
298 727
298 463
299 727
299 463
299 788
299 461
299 954
299 671
299 633
299 329
300 727
300 463
301 727
301 463
301 788
301 461
301 954
301 671
301 633
301 329
301 879
301 932
301 636
301 974
301 755
301 679
301 648
301 470
301 718
301 640
301 409
301 477
301 583
301 380
301 920
301 955
301 903
301 442
301 749
301 980
301 997
301 608
301 315
301 910
301 413
301 905
301 699
301 916
301 563
301 497
301 358
301 314
301 559
301 721
301 764
301 838
301 632
301 514
301 594
301 415
301 405
301 468
301 635
301 809
301 310
301 969
301 871
301 821
301 606
301 525
301 505
301 977
302 727
302 463
303 727
303 463
303 788
305 727
305 463
306 727
306 463
307 727
307 463
308 727
308 463
309 727
309 463
310 727
310 463
310 788
310 461
310 954
310 671
310 633
310 329
310 879
311 727
311 463
311 954
312 727
312 463
313 727
313 463
314 727
314 463
314 788
314 461
314 954
314 671
314 633
314 329
314 879
314 932
314 636
314 974
314 755
314 679
314 648
314 470
314 640
314 583
314 380
314 442
314 980
314 699
314 563
315 727
315 463
315 788
315 461
315 954
315 671
315 633
315 329
315 879
315 932
315 636
315 974
315 755
315 679
315 648
315 470
315 718
315 640
315 409
315 477
315 380
315 920
315 903
315 980
315 608
315 358
316 727
316 463
317 727
317 463
317 671
318 727
318 463
318 671
319 727
320 727
320 463
321 727
321 463
321 788
321 461
321 954
321 671
322 727
322 463
323 727
323 463
323 788
324 727
324 463
325 727
325 463
325 788
325 461
325 954
326 727
327 727
327 463
328 727
328 463
328 788
328 461
328 954
329 727
329 463
329 788
329 461
329 954
329 671
329 633
329 879
329 932
329 636
329 974
329 755
329 679
329 648
329 470
329 718
329 640
329 409
329 477
329 583
329 380
329 920
329 955
329 903
329 442
329 749
329 980
329 997
329 608
329 910
329 413
329 905
329 699
329 916
329 563
329 497
329 358
329 559
329 721
329 764
329 838
329 937
329 632
329 514
329 602
329 594
329 415
329 405
329 351
329 451
329 570
329 854
329 437
329 930
329 561
329 408
329 468
329 635
329 556
329 809
329 730
329 827
329 620
329 378
329 419
329 969
329 994
329 817
329 846
329 538
329 593
329 984
329 352
329 858
329 659
329 872
329 874
329 906
329 735
329 778
329 623
329 946
329 548
329 606
329 465
329 518
329 624
329 779
329 813
329 402
329 658
329 619
330 727
330 463
331 727
331 463
331 788
331 461
331 954
331 380
332 727
332 463
333 727
333 463
334 727
334 463
335 727
335 463
335 788
336 727
336 463
337 727
337 463
338 727
338 463
339 727
339 463
340 727
340 463
340 788
341 727
341 463
342 727
342 463
343 727
344 727
344 463
344 788
345 727
345 463
345 671
346 727
346 463
347 727
347 463
347 461
348 727
348 463
349 727
349 463
350 727
350 463
350 788
350 461
350 954
350 671
350 633
350 879
351 727
351 463
351 788
351 461
351 954
351 671
351 633
351 879
351 932
351 636
351 974
351 755
351 648
351 718
352 727
352 463
352 788
352 461
352 954
352 671
352 633
352 879
352 755
353 727
353 463
353 788
354 727
354 463
355 727
356 727
356 463
357 727
357 463
358 727
358 463
358 788
358 461
358 954
358 671
358 633
358 879
358 932
358 636
358 974
358 755
358 679
358 648
358 640
358 380
359 727
359 463
360 727
360 463
361 463
362 727
362 463
362 954
363 727
363 463
364 727
364 463
365 727
365 463
366 727
366 463
367 727
367 463
368 727
369 727
369 463
370 727
370 463
371 727
371 463
371 954
372 727
373 727
373 463
374 727
374 463
375 727
375 463
376 727
376 463
377 727
377 463
377 409
378 727
378 463
378 788
378 461
378 954
378 671
378 633
378 879
378 636
378 679
379 727
379 463
380 727
380 463
380 788
380 461
380 954
380 671
380 633
380 879
380 932
380 636
380 974
380 755
380 679
380 648
380 470
380 718
380 640
380 409
380 477
380 583
380 920
380 955
380 903
380 442
380 749
380 980
380 997
380 608
380 905
380 699
380 563
380 937
380 451
380 854
381 727
381 463
382 727
382 463
383 727
383 463
384 727
384 463
384 788
385 727
386 727
386 463
387 727
387 463
387 788
387 461
387 954
387 671
387 633
388 727
388 463
389 727
389 463
389 788
389 461
389 954
389 671
390 727
390 463
391 727
391 463
392 727
392 463
392 954
393 727
393 463
394 727
394 463
395 727
395 463
395 788
395 461
395 954
395 671
395 633
396 727
396 463
396 788
396 461
396 954
396 671
396 633
396 879
397 727
397 463
398 727
398 463
399 727
400 727
400 463
400 788
400 954
400 671
400 633
401 727
401 463
401 461
402 727
402 463
402 788
402 461
402 671
402 974
403 727
403 463
403 671
404 727
404 463
404 788
404 461
404 954
404 671
404 633
404 679
405 727
405 463
405 788
405 461
405 954
405 671
405 633
405 879
405 932
405 636
405 974
405 679
405 718
405 640
406 727
406 463
407 727
407 463
408 727
408 463
408 788
408 461
408 954
408 671
408 633
408 879
408 932
408 636
408 648
408 749
409 727
409 463
409 788
409 461
409 954
409 671
409 633
409 879
409 932
409 636
409 974
409 755
409 679
409 648
409 470
409 718
409 640
409 477
409 583
409 920
409 955
409 903
409 442
409 749
409 980
409 997
409 608
409 910
409 413
409 699
409 916
409 721
409 514
409 593
410 727
410 463
411 727
411 463
411 788
411 461
411 954
411 671
411 980
412 727
412 463
413 727
413 463
413 788
413 461
413 954
413 671
413 633
413 879
413 932
413 636
413 974
413 755
413 679
413 648
413 470
413 718
413 640
413 477
413 920
413 608
413 910
413 764
414 727
414 463
415 727
415 463
415 788
415 461
415 954
415 671
415 633
415 879
415 932
415 636
415 974
415 755
415 679
415 470
415 640
416 727
416 463
416 788
416 461
416 954
416 671
416 633
417 727
417 463
418 727
418 463
419 727
419 463
419 788
419 461
419 954
419 671
419 633
419 932
419 974
419 470
421 727
421 463
422 727
422 463
422 788
422 461
423 727
423 463
423 788
423 461
423 954
423 671
423 879
424 727
424 463
425 727
425 463
426 727
426 463
427 727
427 463
428 727
428 463
428 788
428 461
428 954
429 727
429 463
430 727
430 463
431 727
431 463
432 727
432 463
433 727
433 463
433 788
433 461
434 727
434 463
434 954
434 671
435 727
435 463
435 788
436 727
436 463
437 727
437 463
437 788
437 461
437 954
437 671
437 633
437 879
437 932
437 636
437 755
438 727
438 463
439 727
439 463
440 727
440 463
441 727
441 463
441 788
441 461
442 727
442 463
442 788
442 461
442 954
442 671
442 633
442 879
442 932
442 636
442 974
442 755
442 679
442 648
442 470
442 718
442 640
442 477
442 583
442 920
442 955
442 903
442 980
442 997
442 608
442 699
443 727
443 463
443 788
443 461
443 954
443 671
443 633
444 727
444 463
445 727
446 727
446 463
446 788
446 461
446 954
446 671
447 727
447 463
448 727
448 463
449 463
450 727
450 463
450 788
450 461
450 954
450 671
451 727
451 463
451 788
451 461
451 954
451 671
451 633
451 879
451 932
451 636
451 679
451 718
451 559
451 946
452 727
452 463
453 727
454 727
454 463
455 727
455 463
456 727
456 463
456 461
456 954
457 727
457 463
458 727
458 463
458 788
459 727
459 463
460 727
460 463
461 727
461 463
461 788
461 954
461 671
461 633
461 879
461 932
461 636
461 974
461 755
461 679
461 648
461 470
461 718
461 640
461 477
461 583
461 920
461 955
461 903
461 749
461 980
461 997
461 608
461 910
461 905
461 699
461 916
461 563
461 497
461 559
461 721
461 764
461 838
461 937
461 632
461 514
461 602
461 594
461 570
461 854
461 930
461 561
461 468
461 635
461 556
461 809
461 730
461 827
461 620
461 969
461 994
461 817
461 846
461 538
461 871
461 593
461 984
461 805
461 858
461 818
461 659
461 523
461 971
461 872
461 874
461 821
461 892
461 906
461 735
461 960
461 778
461 623
461 946
461 666
461 548
461 797
461 473
461 951
461 998
461 483
461 973
461 487
461 737
461 606
461 676
461 811
461 533
461 748
461 999
461 476
461 713
461 465
461 867
461 747
461 894
461 586
461 625
461 1000
461 833
461 518
461 736
461 995
461 766
461 624
461 595
461 577
461 478
461 981
461 750
461 843
461 779
461 515
461 655
461 798
461 862
461 907
461 474
461 757
461 573
461 888
461 665
461 934
461 654
461 491
461 580
461 875
461 878
461 813
461 884
461 857
461 609
461 944
461 669
461 760
461 694
461 828
461 767
461 513
461 758
461 812
461 931
461 927
461 899
461 968
461 582
462 727
462 463
462 954
463 727
463 788
463 954
463 671
463 633
463 879
463 932
463 636
463 974
463 755
463 679
463 648
463 470
463 718
463 640
463 477
463 583
463 920
463 955
463 903
463 749
463 980
463 997
463 608
463 910
463 905
463 699
463 916
463 563
463 497
463 559
463 721
463 764
463 838
463 937
463 632
463 514
463 602
463 594
463 570
463 854
463 930
463 561
463 468
463 635
463 556
463 809
463 730
463 827
463 620
463 969
463 994
463 817
463 846
463 538
463 871
463 593
463 984
463 805
463 858
463 818
463 659
463 523
463 971
463 872
463 874
463 821
463 892
463 906
463 735
463 960
463 778
463 623
463 946
463 666
463 548
463 797
463 473
463 951
463 998
463 483
463 973
463 487
463 737
463 606
463 676
463 811
463 533
463 748
463 999
463 476
463 713
463 465
463 867
463 747
463 894
463 586
463 625
463 1000
463 833
463 518
463 736
463 995
463 766
463 887
463 624
463 595
463 577
463 478
463 981
463 750
463 843
463 779
463 515
463 655
463 798
463 862
463 907
463 474
463 757
463 573
463 888
463 665
463 613
463 525
463 934
463 654
463 793
463 491
463 580
463 875
463 864
463 878
463 911
463 534
463 813
463 884
463 481
463 857
463 493
463 609
463 944
463 704
463 865
463 588
463 505
463 669
463 571
463 768
463 630
463 957
463 658
463 619
463 760
463 694
463 914
463 806
463 915
463 828
463 589
463 767
463 725
463 513
463 977
463 490
463 532
463 710
463 790
463 803
463 638
463 464
463 949
463 982
463 611
463 842
463 754
463 942
463 584
463 661
463 689
463 758
463 983
463 953
463 720
463 617
463 685
463 986
463 542
463 734
463 918
463 616
463 966
463 799
463 765
463 895
463 660
463 471
463 873
463 521
463 683
463 756
463 744
463 961
463 784
463 715
463 673
463 547
463 902
463 612
463 687
463 554
463 812
463 931
463 800
463 810
463 657
463 522
463 695
463 656
463 807
463 869
463 927
463 891
463 732
463 599
463 510
463 852
463 990
463 628
463 524
463 535
463 965
463 663
463 743
463 824
463 709
463 637
463 639
463 706
463 904
463 762
463 952
463 716
463 848
463 774
463 899
463 484
463 511
463 516
463 545
463 703
463 675
463 692
463 900
463 849
463 776
463 550
463 740
463 832
463 607
463 801
463 530
463 498
463 802
463 985
463 634
463 601
463 644
463 504
463 526
463 496
463 795
463 775
463 925
463 959
463 970
463 529
463 540
463 494
463 682
463 591
463 647
463 590
463 707
463 769
463 488
463 472
463 668
463 791
463 508
463 691
463 988
463 989
463 885
463 507
463 816
463 712
463 868
463 605
463 968
463 741
463 557
463 579
463 866
463 825
463 787
463 684
463 719
463 837
463 967
463 948
463 921
463 562
463 844
463 996
463 622
463 830
463 705
463 929
463 492
463 759
463 615
463 517
463 466
463 733
463 686
463 782
463 486
463 500
463 592
463 662
463 781
463 604
463 820
463 870
463 839
463 877
463 850
463 882
463 901
463 896
463 482
463 546
463 531
463 836
463 739
463 680
463 555
463 908
463 506
463 641
463 886
463 881
463 950
463 958
463 923
463 814
463 544
463 501
463 576
463 963
463 558
463 792
463 926
463 835
463 485
463 643
463 467
463 880
463 519
463 723
463 503
463 711
463 553
463 621
463 831
463 897
463 649
463 856
463 480
463 646
463 528
463 651
463 539
463 645
463 702
463 708
463 823
463 495
463 575
463 819
463 650
463 789
463 627
463 631
463 681
463 742
463 933
463 826
463 678
463 771
463 945
463 851
463 610
463 566
463 772
463 520
463 978
463 975
463 859
463 987
463 618
463 752
463 597
463 924
463 847
463 568
463 938
463 549
463 603
463 475
463 783
463 913
463 572
463 947
463 585
463 600
463 677
463 598
463 714
463 822
463 489
463 777
463 770
463 991
463 964
463 652
463 919
463 773
463 642
463 863
463 841
463 976
463 653
463 928
463 815
463 785
463 840
463 726
463 746
463 972
463 922
463 731
463 527
463 614
463 512
463 552
463 543
463 670
463 993
463 883
463 909
463 626
463 912
463 722
463 845
463 698
463 941
463 629
463 796
463 943
463 479
463 898
463 567
463 574
463 560
463 536
463 565
463 753
463 551
463 596
463 829
463 690
463 499
463 696
463 939
463 569
463 935
463 979
464 727
465 727
465 788
465 954
465 671
465 633
466 727
467 727
468 727
468 788
468 954
468 671
468 633
468 879
468 932
468 974
468 755
469 727
470 727
470 788
470 954
470 671
470 633
470 879
470 932
470 636
470 974
470 755
470 679
470 648
470 718
470 640
470 477
470 583
470 920
470 955
470 903
470 749
470 980
470 997
470 608
470 910
470 905
470 699
470 563
470 497
470 721
470 937
470 632
470 730
470 817
470 960
470 757
471 727
471 788
472 727
473 727
473 788
473 954
473 671
473 633
473 932
473 679
474 727
474 788
474 954
475 727
476 727
476 788
476 954
477 727
477 788
477 954
477 671
477 633
477 879
477 932
477 636
477 974
477 755
477 679
477 648
477 718
477 640
477 583
477 920
477 955
477 903
477 749
477 980
477 997
477 608
477 910
477 905
477 699
477 916
477 563
477 721
477 514
477 854
477 556
477 999
478 727
478 788
478 954
478 671
478 633
479 727
480 727
481 727
481 788
481 954
481 633
481 879
482 727
483 727
483 788
483 954
483 671
484 727
485 727
486 727
487 727
487 788
487 954
487 671
488 727
488 954
489 727
490 727
490 788
490 954
490 671
491 727
491 788
492 727
493 727
493 788
493 954
493 671
494 727
495 727
496 727
496 788
497 727
497 788
497 954
497 671
497 633
497 879
497 932
497 636
497 974
497 755
497 679
497 648
497 640
497 583
497 903
497 997
497 873
498 727
499 727
500 727
501 727
502 727
503 727
504 727
505 727
505 954
505 671
506 727
507 727
508 727
509 727
510 727
511 727
512 727
513 727
513 788
513 954
514 727
514 788
514 954
514 671
514 633
514 879
514 932
514 636
514 974
514 755
514 679
514 608
515 727
515 788
516 727
517 727
518 727
518 788
518 954
518 679
519 727
520 727
521 727
522 727
523 727
523 788
523 954
523 671
523 633
523 879
524 727
525 727
525 788
525 954
525 671
525 749
526 727
527 727
528 727
529 727
530 727
531 727
532 727
532 788
533 727
533 788
533 954
534 727
534 954
534 583
535 727
537 727
538 727
538 788
538 954
538 671
538 633
539 727
540 727
541 727
542 727
542 633
544 727
545 727
546 727
547 727
548 727
548 788
548 954
548 671
549 727
550 727
551 727
552 727
553 727
554 727
554 954
555 727
556 727
556 788
556 954
556 671
556 633
556 879
556 932
556 974
556 755
557 727
558 727
559 727
559 788
559 954
559 671
559 633
559 879
559 932
559 636
559 974
559 755
559 679
559 586
560 727
561 727
561 788
561 954
561 671
561 633
561 879
561 932
561 636
561 640
562 727
563 727
563 788
563 954
563 671
563 633
563 879
563 932
563 636
563 974
563 755
563 679
563 648
563 920
563 910
566 727
568 727
569 727
570 727
570 788
570 954
570 671
570 633
570 879
570 932
570 636
570 648
570 955
571 727
571 954
572 727
573 727
573 788
573 954
574 727
575 727
576 727
577 727
577 788
577 954
577 633
578 727
579 727
580 727
580 788
580 954
580 671
580 633
580 679
582 727
583 727
583 788
583 954
583 671
583 633
583 879
583 932
583 636
583 974
583 755
583 679
583 648
583 718
583 640
583 920
583 955
583 903
583 749
583 980
583 910
583 699
583 721
583 838
584 727
584 788
585 727
586 727
586 788
586 954
586 671
586 633
587 727
588 727
588 671
589 727
589 788
589 954
590 727
591 727
592 727
593 727
593 788
593 954
593 671
593 633
593 879
593 932
593 974
594 727
594 788
594 954
594 671
594 633
594 879
594 932
594 636
594 974
594 755
594 679
594 648
594 910
595 727
595 788
595 633
596 727
597 727
598 727
599 727
600 727
601 727
602 727
602 788
602 954
602 671
602 633
602 879
602 932
602 636
602 974
602 755
602 648
602 640
603 727
604 727
605 727
605 788
606 727
606 788
606 954
606 633
607 727
608 727
608 788
608 954
608 671
608 633
608 879
608 932
608 636
608 974
608 755
608 679
608 648
608 718
608 640
608 920
608 955
608 997
608 937
608 620
609 727
609 788
610 727
611 727
612 727
613 727
613 788
613 954
614 727
615 727
616 727
616 788
616 671
616 932
617 727
617 788
618 727
619 727
619 954
619 671
620 727
620 788
620 954
620 671
620 633
620 755
621 727
622 727
623 727
623 788
623 954
623 671
623 633
624 727
624 788
624 633
625 727
625 788
625 954
626 727
627 727
628 727
629 727
630 727
630 788
630 954
631 727
632 727
632 788
632 954
632 671
632 633
632 879
632 932
632 636
632 974
632 755
632 920
633 727
633 788
633 954
633 671
633 879
633 932
633 636
633 974
633 755
633 679
633 648
633 718
633 640
633 920
633 955
633 903
633 749
633 980
633 997
633 910
633 905
633 699
633 916
633 721
633 764
633 838
633 937
633 854
633 930
633 635
633 809
633 730
633 827
633 969
633 994
633 817
633 846
633 871
633 984
633 805
633 858
633 818
633 659
633 971
633 872
633 874
633 821
633 892
633 735
633 960
633 778
633 946
633 666
633 951
633 998
633 737
633 811
633 867
633 747
633 1000
633 843
633 878
633 768
634 727
634 755
635 727
635 788
635 954
635 671
635 879
635 755
635 718
635 980
635 997
636 727
636 788
636 954
636 671
636 879
636 932
636 974
636 755
636 679
636 648
636 718
636 640
636 920
636 955
636 903
636 749
636 980
636 997
636 910
636 905
636 699
636 916
636 721
636 764
636 838
636 937
636 930
636 827
637 727
637 788
638 727
639 727
640 727
640 788
640 954
640 671
640 879
640 932
640 974
640 755
640 679
640 648
640 718
640 920
640 955
640 903
640 749
640 980
640 997
640 910
640 905
640 966
641 727
642 727
643 727
644 727
645 727
646 727
647 727
648 727
648 788
648 954
648 671
648 879
648 932
648 974
648 755
648 679
648 718
648 920
648 955
648 903
648 749
648 980
648 997
648 910
648 905
648 699
648 916
648 721
648 854
648 930
648 827
649 727
650 727
651 727
652 727
653 727
654 727
654 788
654 954
654 671
655 727
655 788
655 954
655 671
656 727
656 954
657 727
657 954
658 727
659 727
659 788
659 954
659 671
659 879
660 727
661 727
662 727
663 727
665 727
665 788
665 954
666 727
666 788
666 954
666 671
667 727
668 727
669 727
669 788
669 954
670 727
671 727
671 788
671 954
671 879
671 932
671 974
671 755
671 679
671 718
671 920
671 955
671 903
671 749
671 980
671 997
671 910
671 905
671 699
671 916
671 721
671 764
671 838
671 937
671 854
671 930
671 809
671 730
671 827
671 969
671 994
671 817
671 846
671 871
671 984
671 805
671 858
671 818
671 971
671 872
671 874
671 821
671 892
671 906
671 735
671 960
671 778
671 946
671 797
671 951
671 998
671 973
671 737
671 676
671 811
671 748
671 999
671 867
671 833
671 981
671 750
671 779
671 888
671 878
671 914
671 765
671 673
671 800
671 952
671 928
673 727
674 727
675 727
676 727
676 788
676 954
677 727
678 727
679 727
679 788
679 954
679 879
679 932
679 974
679 755
679 718
679 920
679 955
679 903
679 749
679 980
679 997
679 910
679 905
679 699
679 916
679 721
679 764
679 838
679 937
679 930
679 871
679 778
679 797
679 784
680 727
681 727
682 727
683 727
684 727
685 727
685 788
686 727
687 727
688 727
689 727
689 788
689 954
691 727
692 727
692 788
693 727
694 727
695 727
696 727
697 727
699 727
699 788
699 954
699 879
699 932
699 974
699 755
699 718
699 920
699 997
700 727
702 727
703 727
704 727
704 788
705 727
706 727
707 727
708 727
709 727
710 727
710 788
711 727
712 727
712 954
712 879
713 727
713 788
713 954
714 727
715 727
715 788
716 727
717 727
718 727
718 788
718 954
718 879
718 932
718 974
718 755
718 920
718 955
718 903
718 749
718 980
718 997
718 910
718 905
718 916
718 764
718 969
718 994
719 727
720 727
721 727
721 788
721 954
721 879
721 932
721 974
721 755
722 727
723 727
724 727
725 727
725 788
726 727
727 788
727 954
727 879
727 932
727 974
727 755
727 920
727 955
727 903
727 749
727 980
727 997
727 910
727 905
727 916
727 764
727 838
727 937
727 854
727 930
727 809
727 730
727 827
727 969
727 994
727 817
727 846
727 871
727 984
727 805
727 858
727 818
727 971
727 872
727 874
727 821
727 892
727 906
727 735
727 960
727 778
727 946
727 797
727 951
727 998
727 973
727 737
727 811
727 748
727 999
727 867
727 747
727 894
727 1000
727 833
727 736
727 995
727 766
727 887
727 981
727 750
727 843
727 779
727 798
727 862
727 907
727 757
727 888
727 934
727 793
727 875
727 864
727 878
727 911
727 813
727 884
727 857
727 944
727 865
727 768
727 957
727 760
727 914
727 806
727 915
727 828
727 767
727 977
727 790
727 803
727 949
727 982
727 842
727 754
727 942
727 758
727 983
727 953
727 986
727 734
727 918
727 966
727 799
727 765
727 895
727 873
727 756
727 744
727 961
727 784
727 902
727 812
727 931
727 800
727 810
727 807
727 869
727 927
727 891
727 732
727 852
727 990
727 965
727 743
727 824
727 904
727 762
727 952
727 848
727 774
727 899
727 900
727 849
727 776
727 740
727 832
727 801
727 802
727 985
727 795
727 775
727 925
727 959
727 970
727 769
727 791
727 988
727 989
727 885
727 816
727 868
727 968
727 741
727 866
727 825
727 787
727 837
727 967
727 948
727 921
727 844
727 996
727 830
727 929
727 759
727 733
727 782
727 781
727 820
727 870
727 839
727 877
727 850
727 882
727 901
727 896
727 836
727 739
727 908
727 886
727 881
727 950
727 958
727 923
727 814
727 963
727 792
727 926
727 835
727 880
727 831
727 897
727 856
727 823
727 819
727 789
727 742
727 933
727 826
727 771
727 945
727 851
727 772
727 978
727 975
727 859
727 987
727 752
727 924
727 847
727 938
727 783
727 917
727 913
727 947
727 761
727 822
727 777
727 770
727 991
727 964
727 919
727 745
727 773
727 863
727 841
727 976
727 738
727 860
727 763
727 928
727 815
727 785
727 840
727 889
727 746
727 972
727 922
727 834
727 731
727 794
727 876
727 861
727 853
727 855
727 993
727 883
727 909
727 940
727 786
727 845
727 941
727 992
727 796
727 962
727 890
727 898
727 729
727 893
727 753
727 780
727 936
727 939
727 935
727 956
730 788
730 954
730 879
730 932
735 788
735 954
735 932
736 788
736 954
737 788
737 954
737 932
737 955
747 788
747 954
747 755
748 788
748 954
749 788
749 954
749 879
749 932
749 974
749 755
749 920
749 955
749 980
749 997
749 910
749 916
749 994
750 788
750 954
755 788
755 954
755 879
755 932
755 974
755 920
755 955
755 903
755 980
755 997
755 910
755 905
755 916
755 764
755 838
755 937
755 854
755 930
755 797
757 788
757 954
762 954
764 788
764 954
764 879
764 932
764 974
764 920
764 903
764 937
765 788
766 788
766 954
767 788
768 788
768 954
768 879
769 954
776 788
778 788
778 954
778 932
779 788
779 954
784 788
788 954
788 879
788 932
788 974
788 920
788 955
788 903
788 980
788 997
788 910
788 905
788 916
788 838
788 937
788 854
788 930
788 809
788 827
788 969
788 994
788 817
788 846
788 871
788 984
788 805
788 858
788 818
788 971
788 872
788 874
788 821
788 892
788 906
788 960
788 946
788 797
788 951
788 998
788 973
788 811
788 999
788 867
788 894
788 1000
788 833
788 995
788 887
788 981
788 843
788 798
788 862
788 907
788 888
788 934
788 793
788 875
788 878
788 911
788 813
788 884
788 857
788 944
788 865
788 957
788 914
788 806
788 828
788 977
788 803
788 949
788 942
788 953
788 900
788 849
788 988
788 837
788 979
793 954
797 954
798 954
803 954
805 954
806 932
809 954
809 879
811 954
811 879
812 954
817 954
818 954
818 974
818 955
821 954
827 954
827 879
827 974
833 954
838 954
838 879
838 932
838 974
838 980
846 954
846 879
846 932
854 954
854 879
854 932
858 954
862 954
863 954
867 954
871 954
871 879
872 954
872 879
874 954
874 974
879 954
879 932
879 974
879 920
879 955
879 903
879 980
879 997
879 910
879 905
879 916
879 937
879 930
879 969
879 971
879 951
879 998
879 1000
879 888
887 954
888 954
892 954
892 932
894 954
903 954
903 932
903 974
903 920
903 955
903 910
903 969
905 954
905 932
905 974
906 954
907 954
907 932
910 954
910 932
910 974
910 920
910 955
910 980
914 954
916 954
916 932
916 974
916 980
920 954
920 932
920 974
920 955
920 980
930 954
930 932
930 974
932 954
932 974
932 955
932 980
932 997
932 937
932 969
932 994
932 946
932 998
932 934
932 977
937 954
937 974
946 954
951 954
954 974
954 955
954 980
954 997
954 969
954 994
954 984
954 971
954 960
954 998
954 973
954 999
954 1000
954 995
954 981
954 957
954 988
955 974
974 980
974 997
974 994
