1000 8973
1 980
2 980
2 553
2 651
2 50
2 930
2 594
2 73
2 234
2 5
2 218
2 194
3 980
3 553
3 651
3 50
3 930
3 594
3 73
3 234
3 5
3 919
3 218
4 553
4 930
5 980
5 553
5 651
5 50
5 930
5 594
5 73
5 234
5 919
5 244
5 479
5 218
5 896
5 474
5 194
5 639
5 535
5 297
5 543
5 477
5 747
5 628
5 932
5 389
5 332
5 681
5 38
5 624
5 104
5 377
5 245
5 60
5 260
5 682
5 96
5 207
5 690
5 452
5 983
5 253
5 427
5 199
5 449
5 328
5 251
5 765
5 160
5 202
5 689
5 185
5 740
5 976
5 900
5 935
5 711
5 476
5 381
5 468
5 646
5 428
5 949
5 838
5 540
5 941
5 824
5 286
5 753
5 99
5 526
5 904
5 533
5 750
5 940
5 23
5 366
5 934
5 243
5 488
5 814
5 486
5 830
5 836
5 732
5 53
5 828
5 877
5 733
5 987
5 858
5 520
5 794
5 347
5 82
5 90
5 154
5 143
5 894
5 946
5 401
5 783
5 923
5 499
5 829
5 259
5 773
5 495
5 451
5 527
5 807
5 291
5 524
5 901
5 708
5 62
5 358
5 430
5 589
5 804
5 676
5 378
5 280
5 959
5 343
5 227
5 471
5 996
5 667
5 26
5 310
5 179
5 653
5 188
5 374
5 467
5 217
5 279
5 219
5 445
5 595
5 534
5 776
5 597
5 985
5 710
5 271
5 292
5 294
5 232
5 238
5 9
5 611
5 537
5 731
5 720
5 925
5 622
5 852
5 180
5 302
5 820
5 84
5 191
5 854
5 978
5 756
5 320
5 19
5 722
5 156
5 30
5 663
5 470
5 817
5 853
5 117
5 27
5 133
5 43
5 400
5 380
5 200
5 502
5 304
5 954
5 664
5 111
5 493
5 174
5 173
5 914
5 357
5 538
5 746
5 627
5 826
5 383
5 908
5 369
5 964
5 176
5 536
5 375
5 482
5 696
5 574
5 182
5 561
5 931
5 376
5 439
5 20
5 913
5 585
5 939
5 51
5 129
5 981
5 572
5 7
5 233
5 673
5 371
5 860
5 832
5 512
5 557
5 40
5 500
5 455
5 736
5 362
5 314
5 13
5 977
5 45
5 118
5 666
5 211
5 438
5 64
5 403
5 974
5 34
5 201
5 350
5 713
5 528
5 123
5 788
5 707
5 835
5 252
5 346
5 72
5 563
5 546
5 767
5 637
5 367
5 446
5 95
5 889
5 152
5 891
5 33
5 323
5 742
5 298
5 370
5 306
5 77
5 67
5 519
5 988
5 155
5 706
5 312
5 968
5 868
5 539
5 650
5 586
5 102
5 600
5 792
5 423
5 241
5 601
5 513
5 717
5 751
5 113
5 277
5 105
5 801
5 360
5 220
5 491
5 505
5 394
5 88
5 612
5 888
5 842
5 950
5 584
5 755
5 721
6 980
6 50
7 980
7 553
7 651
7 50
7 930
7 594
7 73
7 234
7 919
7 244
7 628
7 681
8 980
8 50
8 218
9 980
9 553
9 651
9 50
9 930
9 594
9 73
9 234
9 919
9 244
9 479
9 218
9 896
9 639
9 38
9 245
10 980
10 553
10 651
10 50
10 930
10 234
11 980
11 553
11 651
11 50
11 930
11 594
11 73
12 980
12 553
12 651
12 50
12 930
12 297
13 980
13 553
13 651
13 50
13 930
13 594
13 73
13 234
13 244
13 896
13 543
13 245
13 199
14 980
14 553
14 930
14 73
15 980
15 553
17 980
17 553
17 651
17 50
17 930
17 594
17 73
17 244
17 479
17 639
19 980
19 553
19 651
19 50
19 930
19 594
19 73
19 234
19 919
19 244
19 479
19 218
19 896
19 194
19 639
19 104
19 381
20 980
20 553
20 651
20 50
20 930
20 594
20 73
20 234
20 919
20 194
20 332
20 104
21 980
21 930
22 930
23 980
23 553
23 651
23 50
23 930
23 594
23 73
23 234
23 919
23 244
23 479
23 218
23 896
23 474
23 194
23 639
23 535
23 297
23 543
23 477
23 747
23 628
23 932
23 389
23 332
23 681
23 38
23 624
23 104
23 377
23 245
23 60
23 260
23 682
23 207
23 983
23 427
23 449
23 765
23 202
23 976
23 954
24 980
24 651
25 980
25 553
25 651
25 50
25 930
25 73
25 896
26 980
26 553
26 651
26 50
26 930
26 594
26 73
26 234
26 919
26 244
26 479
26 218
26 896
26 474
26 194
26 639
26 535
26 297
26 681
26 38
26 624
26 983
27 980
27 553
27 651
27 50
27 930
27 594
27 73
27 234
27 919
27 479
27 218
27 896
27 474
27 297
27 543
27 932
27 389
28 980
28 553
28 651
28 50
28 930
28 234
28 535
29 980
29 50
29 930
30 980
30 553
30 651
30 50
30 930
30 594
30 73
30 234
30 919
30 244
30 479
30 218
30 474
30 639
30 535
31 980
31 50
32 980
32 553
32 651
32 50
32 930
33 980
33 553
33 651
33 50
33 930
33 594
33 244
33 896
34 980
34 553
34 651
34 50
34 930
34 594
34 73
34 234
34 919
34 194
34 639
34 543
35 980
35 553
35 651
35 50
35 930
35 594
35 73
35 234
35 479
35 194
35 535
35 297
36 980
36 50
36 477
37 980
37 553
37 651
37 50
37 930
38 980
38 553
38 651
38 50
38 930
38 594
38 73
38 234
38 919
38 244
38 479
38 218
38 896
38 474
38 194
38 639
38 535
38 297
38 543
38 477
38 747
38 628
38 932
38 389
38 332
38 681
38 624
38 104
38 377
38 245
38 60
38 260
38 682
38 96
38 207
38 690
38 452
38 983
38 253
38 427
38 199
38 449
38 328
38 251
38 765
38 160
38 202
38 689
38 185
38 740
38 976
38 900
38 935
38 711
38 476
38 381
38 468
38 646
38 428
38 949
38 838
38 540
38 941
38 824
38 286
38 753
38 99
38 526
38 904
38 533
38 750
38 940
38 366
38 934
38 243
38 488
38 814
38 486
38 53
38 828
38 877
38 987
38 858
38 520
38 347
38 90
38 401
38 499
38 527
38 807
38 959
38 227
38 653
38 445
38 174
38 826
38 997
38 392
39 980
39 553
39 651
39 50
39 930
39 594
39 73
39 919
39 535
40 980
40 553
40 651
40 50
40 930
40 594
40 73
40 234
40 919
40 474
40 194
41 980
41 651
42 651
43 980
43 553
43 651
43 50
43 930
43 594
43 73
43 234
43 919
43 244
43 218
43 896
43 474
44 980
44 553
44 651
44 50
44 930
45 980
45 553
45 651
45 50
45 930
45 594
45 73
45 234
45 919
45 244
46 980
46 553
46 651
46 50
46 930
47 980
47 553
47 651
47 930
48 980
48 553
48 651
48 50
48 930
49 980
49 553
49 930
50 980
50 553
50 651
50 930
50 594
50 73
50 234
50 919
50 244
50 479
50 218
50 896
50 474
50 194
50 639
50 535
50 297
50 543
50 477
50 747
50 628
50 932
50 389
50 332
50 681
50 624
50 104
50 377
50 245
50 60
50 260
50 682
50 96
50 207
50 690
50 452
50 983
50 253
50 427
50 199
50 449
50 328
50 251
50 765
50 160
50 202
50 689
50 185
50 740
50 976
50 900
50 935
50 711
50 476
50 381
50 468
50 646
50 428
50 949
50 838
50 540
50 941
50 824
50 286
50 753
50 99
50 526
50 904
50 533
50 750
50 940
50 366
50 934
50 243
50 488
50 814
50 486
50 830
50 836
50 732
50 53
50 828
50 877
50 733
50 987
50 858
50 520
50 794
50 347
50 82
50 90
50 154
50 143
50 894
50 946
50 401
50 783
50 923
50 499
50 829
50 259
50 773
50 495
50 451
50 527
50 807
50 291
50 524
50 901
50 708
50 62
50 358
50 430
50 589
50 804
50 676
50 378
50 280
50 959
50 343
50 227
50 471
50 996
50 667
50 310
50 179
50 653
50 188
50 374
50 467
50 217
50 279
50 219
50 445
50 595
50 534
50 776
50 597
50 985
50 710
50 271
50 292
50 294
50 232
50 238
50 611
50 537
50 731
50 720
50 925
50 622
50 852
50 180
50 302
50 820
50 84
50 191
50 854
50 978
50 756
50 320
50 722
50 156
50 663
50 470
50 817
50 853
50 117
50 133
50 400
50 380
50 200
50 502
50 304
50 954
50 664
50 111
50 493
50 174
50 173
50 914
50 357
50 538
50 746
50 627
50 826
50 383
50 908
50 369
50 964
50 176
50 536
50 375
50 482
50 696
50 574
50 182
50 561
50 931
50 376
50 439
50 913
50 585
50 939
50 51
50 129
50 981
50 572
50 233
50 673
50 371
50 860
50 832
50 512
50 557
50 500
50 455
50 736
50 362
50 314
50 977
50 484
50 118
50 666
50 739
50 211
50 121
50 438
50 64
50 403
50 974
50 989
50 201
50 350
50 713
50 197
50 528
50 123
50 788
50 707
50 835
50 252
50 346
50 246
50 777
50 72
50 563
50 546
50 580
50 767
50 637
50 78
50 367
50 446
50 780
50 95
50 889
50 341
50 93
50 920
50 831
50 152
50 355
50 891
50 114
50 953
50 685
50 352
50 532
50 669
50 269
50 719
50 235
50 323
50 742
50 254
50 298
50 370
50 997
50 306
50 386
50 514
50 264
50 462
50 77
50 67
50 621
50 790
50 519
50 87
50 784
50 936
50 122
50 523
50 988
50 106
50 303
50 862
50 545
50 728
50 155
50 706
50 531
50 224
50 312
50 172
50 565
50 516
50 575
50 968
50 868
50 568
50 539
50 650
50 674
50 204
50 658
50 120
50 530
50 895
50 74
50 168
50 903
50 929
50 975
50 54
50 157
50 480
50 654
50 887
50 704
50 250
50 789
50 608
50 205
50 599
50 368
50 626
50 759
50 660
50 317
50 567
50 587
50 648
50 573
50 879
50 586
50 873
50 494
50 425
50 416
50 749
50 349
50 385
50 665
50 910
50 398
50 335
50 221
50 102
50 331
50 459
50 955
50 249
50 443
50 623
50 424
50 881
50 994
50 876
50 473
50 299
50 855
50 600
50 943
50 792
50 844
50 107
50 890
50 791
50 423
50 770
50 241
50 175
50 601
50 513
50 927
50 723
50 109
50 717
50 726
50 754
50 348
50 478
50 326
50 103
50 859
50 363
50 501
50 885
50 641
50 655
50 198
50 960
50 642
50 301
50 287
50 489
50 751
50 113
50 417
50 277
50 422
50 787
50 866
50 283
50 382
50 718
50 52
50 692
50 848
50 867
50 560
50 308
50 944
50 391
50 408
50 656
50 693
50 135
50 629
50 880
50 871
50 161
50 105
50 801
50 316
50 609
50 809
50 429
50 973
50 727
50 447
50 551
50 630
50 558
50 360
50 390
50 131
50 450
50 678
50 917
50 165
50 231
50 578
50 596
50 763
50 293
50 593
50 112
50 698
50 145
50 683
50 762
50 144
50 184
50 865
50 396
50 619
50 566
50 714
50 190
50 856
50 490
50 518
50 69
50 158
50 942
50 91
50 680
50 872
50 821
50 517
50 947
50 912
50 101
50 632
50 281
50 395
50 186
50 215
50 734
50 220
50 874
50 469
50 902
50 329
50 373
50 81
50 300
50 457
50 236
50 340
50 356
50 228
50 491
50 413
50 548
50 79
50 181
50 289
50 556
50 990
50 351
50 778
50 772
50 544
50 192
50 615
50 579
50 263
50 633
50 132
50 506
50 922
50 170
50 505
50 915
50 267
50 634
50 577
50 768
50 845
50 284
50 210
50 905
50 460
50 588
50 242
50 222
50 818
50 982
50 870
50 882
50 620
50 247
50 863
50 256
50 979
50 581
50 649
50 70
50 884
50 938
50 847
50 437
50 195
50 957
50 921
50 554
50 272
50 436
50 166
50 344
50 802
50 709
50 379
50 325
50 75
50 472
50 928
50 146
50 834
50 337
50 875
50 178
50 88
50 171
50 110
50 825
50 857
50 448
50 402
50 670
50 496
50 282
50 147
50 956
50 971
50 127
50 420
50 823
50 576
50 239
50 916
50 258
50 793
50 640
50 888
50 419
50 999
50 799
50 230
50 842
50 662
50 570
50 97
50 861
50 766
50 265
50 139
50 950
50 164
50 549
50 892
50 309
50 397
50 625
50 761
50 840
50 951
50 688
50 965
50 89
50 774
50 134
50 584
50 933
50 786
50 926
50 440
50 695
50 140
50 924
50 590
50 741
50 569
50 435
50 604
50 744
50 59
50 657
50 339
50 442
50 255
50 296
50 909
50 614
50 748
50 647
50 492
50 149
50 159
50 555
50 993
50 984
50 952
50 715
50 705
50 177
50 458
50 100
50 851
50 582
50 897
50 850
50 406
50 497
50 758
50 849
50 353
50 85
50 124
50 798
50 453
50 137
51 980
51 553
51 651
51 930
51 594
51 73
51 234
51 747
52 980
52 553
52 651
52 930
52 73
53 980
53 553
53 651
53 930
53 594
53 73
53 234
53 919
53 244
53 479
53 218
53 896
53 474
53 194
53 639
53 535
53 297
53 543
53 477
53 747
53 628
53 932
53 389
53 332
53 681
53 624
53 104
53 377
53 245
53 260
53 690
53 449
53 689
54 980
54 553
54 651
54 930
54 73
54 234
55 980
55 930
56 980
57 980
57 553
58 980
58 651
59 980
59 651
60 980
60 553
60 651
60 930
60 594
60 73
60 234
60 919
60 244
60 479
60 218
60 896
60 474
60 194
60 639
60 535
60 297
60 543
60 477
60 747
60 628
60 932
60 389
60 332
60 681
60 624
60 104
60 377
60 245
60 260
60 682
60 96
60 207
60 690
60 452
60 983
60 253
60 427
60 199
60 449
60 328
60 251
60 765
60 160
60 202
60 689
60 185
60 740
60 976
60 900
60 935
60 711
60 476
60 381
60 468
60 646
60 428
60 949
60 838
60 540
60 941
60 824
60 286
60 753
60 99
60 526
60 904
60 533
60 750
60 940
60 366
60 934
60 243
60 488
60 814
60 486
60 830
60 836
60 828
60 987
60 520
60 347
60 90
60 894
60 401
60 499
60 807
60 524
60 901
60 430
60 959
60 188
60 759
60 809
61 980
61 651
62 980
62 553
62 651
62 930
62 594
62 73
62 234
62 919
62 244
62 479
62 218
62 896
62 474
62 194
62 639
62 535
62 297
62 477
62 104
62 245
62 690
63 930
64 980
64 553
64 651
64 930
64 594
64 73
64 234
65 651
66 553
67 980
67 553
67 651
67 930
67 234
68 980
68 553
68 651
69 980
69 553
69 651
69 930
69 594
70 980
70 553
70 651
70 930
71 980
71 930
71 896
72 980
72 553
72 651
72 930
72 594
72 73
72 919
73 980
73 553
73 651
73 930
73 594
73 234
73 919
73 244
73 479
73 218
73 896
73 474
73 194
73 639
73 535
73 297
73 543
73 477
73 747
73 628
73 932
73 389
73 332
73 681
73 624
73 104
73 377
73 245
73 260
73 682
73 96
73 207
73 690
73 452
73 983
73 253
73 427
73 199
73 449
73 328
73 251
73 765
73 160
73 202
73 689
73 185
73 740
73 976
73 900
73 935
73 711
73 476
73 381
73 468
73 646
73 428
73 949
73 838
73 540
73 941
73 824
73 286
73 753
73 99
73 526
73 904
73 533
73 750
73 940
73 366
73 934
73 243
73 488
73 814
73 486
73 830
73 836
73 732
73 828
73 877
73 733
73 987
73 858
73 520
73 794
73 347
73 82
73 90
73 154
73 143
73 894
73 946
73 401
73 783
73 923
73 499
73 829
73 259
73 773
73 495
73 451
73 527
73 807
73 291
73 524
73 901
73 708
73 358
73 430
73 589
73 804
73 676
73 378
73 280
73 959
73 343
73 227
73 471
73 996
73 667
73 310
73 179
73 653
73 188
73 374
73 467
73 217
73 279
73 219
73 445
73 595
73 534
73 776
73 597
73 985
73 710
73 271
73 292
73 294
73 232
73 238
73 611
73 537
73 731
73 720
73 925
73 622
73 852
73 180
73 302
73 820
73 84
73 191
73 854
73 978
73 756
73 320
73 722
73 156
73 663
73 470
73 817
73 853
73 117
73 133
73 400
73 380
73 200
73 502
73 304
73 954
73 664
73 111
73 493
73 174
73 173
73 914
73 357
73 538
73 746
73 627
73 826
73 383
73 908
73 369
73 964
73 176
73 536
73 375
73 482
73 696
73 574
73 182
73 561
73 931
73 376
73 439
73 913
73 585
73 939
73 129
73 981
73 572
73 233
73 673
73 371
73 860
73 832
73 512
73 557
73 500
73 455
73 736
73 362
73 314
73 977
73 484
73 118
73 666
73 739
73 211
73 121
73 438
73 403
73 974
73 989
73 201
73 350
73 713
73 197
73 528
73 123
73 788
73 707
73 835
73 252
73 346
73 777
73 563
73 546
73 580
73 767
73 637
73 367
73 780
73 95
73 889
73 341
73 93
73 920
73 152
73 355
73 891
73 114
73 953
73 685
73 352
73 532
73 669
73 269
73 719
73 235
73 742
73 254
73 298
73 514
73 264
73 462
73 77
73 621
73 790
73 519
73 87
73 784
73 122
73 523
73 988
73 862
73 545
73 531
73 312
73 172
73 516
73 575
73 968
73 868
73 568
73 674
73 204
73 895
73 929
73 975
73 157
73 654
73 887
73 789
73 205
73 317
73 567
73 587
73 648
73 494
73 416
73 910
73 955
73 443
73 623
73 881
73 600
73 943
73 890
73 791
73 109
73 717
73 726
73 754
73 489
73 382
73 718
73 867
73 693
73 609
73 390
73 165
73 578
73 865
73 566
73 874
73 300
73 210
73 863
73 979
73 581
73 554
73 645
73 562
73 781
73 169
73 576
73 898
73 76
73 258
73 559
73 799
73 741
73 136
73 833
73 614
73 203
73 691
73 444
73 602
74 980
74 553
74 651
74 930
74 234
74 896
75 980
75 553
76 980
77 980
77 553
77 651
77 930
77 594
77 234
77 474
78 980
78 553
78 651
78 930
78 594
78 919
78 479
78 681
79 980
79 553
79 651
79 930
80 980
80 553
81 980
81 553
81 651
81 930
82 980
82 553
82 651
82 930
82 594
82 234
82 919
82 244
82 479
82 218
82 896
82 474
82 194
82 639
82 535
82 297
82 543
82 477
82 747
82 628
82 932
82 389
82 332
82 681
82 624
82 377
82 245
82 689
82 99
82 486
83 651
84 980
84 553
84 651
84 930
84 594
84 234
84 919
84 244
84 218
84 896
84 474
84 628
84 624
84 682
84 427
84 185
85 553
85 651
86 980
86 594
87 980
87 553
87 651
87 930
87 594
88 980
88 553
90 980
90 553
90 651
90 930
90 594
90 234
90 919
90 244
90 479
90 218
90 896
90 474
90 194
90 639
90 535
90 297
90 543
90 477
90 747
90 628
90 389
90 332
90 624
90 104
90 377
90 207
90 690
90 646
91 980
91 553
91 651
91 930
91 234
92 651
93 980
93 553
93 651
93 930
93 594
93 96
94 651
95 980
95 553
95 651
95 930
95 594
95 234
96 980
96 553
96 651
96 930
96 594
96 234
96 919
96 244
96 479
96 218
96 896
96 474
96 194
96 639
96 535
96 297
96 543
96 477
96 747
96 628
96 932
96 389
96 332
96 681
96 624
96 104
96 377
96 245
96 260
96 682
96 207
96 690
96 452
96 983
96 253
96 427
96 199
96 449
96 328
96 251
96 765
96 160
96 202
96 689
96 185
96 740
96 976
96 900
96 935
96 711
96 476
96 381
96 468
96 646
96 428
96 949
96 838
96 540
96 941
96 824
96 753
96 99
96 526
96 904
96 533
96 366
96 934
96 488
96 486
96 733
96 987
96 154
96 708
96 280
96 217
96 271
96 925
96 926
97 980
97 553
98 980
99 980
99 553
99 651
99 930
99 594
99 234
99 919
99 244
99 479
99 218
99 896
99 474
99 194
99 639
99 535
99 297
99 543
99 477
99 747
99 628
99 932
99 389
99 332
99 681
99 624
99 104
99 377
99 245
99 260
99 682
99 207
99 452
99 427
99 199
99 449
99 328
99 740
99 935
99 476
99 286
99 533
99 940
99 814
99 732
99 877
99 852
99 575
101 980
101 553
101 651
101 930
102 980
102 553
102 651
102 930
102 594
103 980
103 553
103 651
103 930
103 594
104 980
104 553
104 651
104 930
104 594
104 234
104 919
104 244
104 479
104 218
104 896
104 474
104 194
104 639
104 535
104 297
104 543
104 477
104 747
104 628
104 932
104 389
104 332
104 681
104 624
104 377
104 245
104 260
104 682
104 207
104 690
104 452
104 983
104 253
104 427
104 199
104 449
104 328
104 251
104 765
104 160
104 202
104 689
104 185
104 740
104 976
104 900
104 935
104 711
104 476
104 381
104 468
104 646
104 428
104 949
104 838
104 540
104 941
104 824
104 286
104 753
104 526
104 904
104 533
104 750
104 940
104 366
104 934
104 243
104 488
104 814
104 486
104 830
104 836
104 732
104 877
104 987
104 143
104 946
104 401
104 829
104 259
104 451
104 807
104 358
104 430
104 676
104 378
104 280
104 996
104 179
104 653
104 188
104 314
105 980
105 553
105 651
105 930
106 980
106 553
106 651
106 930
106 594
107 980
107 553
107 651
107 930
109 980
109 553
109 651
109 930
110 980
110 651
110 930
111 980
111 553
111 651
111 930
111 594
111 234
111 919
111 479
111 218
111 896
111 474
112 980
112 553
112 651
112 930
113 980
113 553
113 651
113 930
113 594
114 980
114 553
114 651
114 930
114 594
114 234
115 980
115 651
115 930
115 594
116 930
117 980
117 553
117 651
117 930
117 594
117 234
117 919
117 218
117 474
117 194
117 639
117 297
117 260
117 682
118 980
118 553
118 651
118 930
118 594
118 234
118 949
119 980
119 553
119 651
119 930
119 594
120 980
120 553
120 651
120 930
120 594
120 919
120 682
121 980
121 553
121 651
121 930
121 594
121 234
121 919
121 896
121 535
122 980
122 553
122 651
122 930
122 594
122 234
123 980
123 553
123 651
123 930
123 594
123 234
123 919
124 980
125 980
125 651
127 980
127 553
127 651
127 930
128 553
128 651
129 980
129 553
129 651
129 930
129 594
129 234
129 194
129 207
129 838
130 980
131 980
131 553
131 651
131 930
132 980
132 553
132 651
132 930
133 980
133 553
133 651
133 930
133 594
133 234
133 919
133 244
133 479
133 474
133 194
134 651
135 980
135 553
135 651
135 930
135 479
136 980
137 980
139 980
139 553
139 651
140 980
140 553
141 980
141 651
141 930
142 553
142 651
143 980
143 553
143 651
143 930
143 594
143 234
143 919
143 244
143 479
143 218
143 896
143 474
143 194
143 639
143 535
143 297
143 543
143 477
143 747
143 628
143 932
143 389
143 332
143 681
143 260
143 682
143 983
143 753
144 980
144 553
144 651
144 930
145 980
145 553
145 651
145 930
145 594
146 980
146 553
146 651
147 980
147 553
147 651
148 930
151 651
152 980
152 553
152 651
152 930
152 594
152 234
152 297
152 486
153 553
154 980
154 553
154 651
154 930
154 594
154 234
154 919
154 244
154 479
154 218
154 896
154 474
154 194
154 639
154 535
154 297
154 543
154 477
154 747
154 628
154 932
154 389
154 377
154 245
154 260
154 689
154 243
154 829
154 451
155 980
155 553
155 651
155 930
155 594
156 980
156 553
156 651
156 930
156 594
156 234
156 919
156 244
156 218
156 896
156 474
156 194
156 477
156 332
156 682
157 980
157 553
157 651
157 930
157 594
157 234
158 980
158 553
158 651
158 930
159 980
159 930
160 980
160 553
160 651
160 930
160 594
160 234
160 919
160 244
160 479
160 218
160 896
160 474
160 194
160 639
160 535
160 297
160 543
160 477
160 747
160 628
160 932
160 389
160 332
160 681
160 624
160 377
160 245
160 260
160 682
160 207
160 690
160 452
160 983
160 253
160 427
160 199
160 449
160 328
160 251
160 765
160 202
160 689
160 185
160 740
160 976
160 381
160 468
160 646
160 540
160 941
160 824
160 533
160 830
160 858
160 520
160 451
160 378
160 467
160 817
161 980
161 553
161 651
161 930
161 234
161 477
162 980
162 553
162 651
162 930
163 553
165 980
165 553
165 651
165 930
165 234
166 980
166 553
166 651
166 930
167 980
167 553
167 651
167 930
167 234
168 980
168 553
168 651
168 930
168 594
169 980
169 553
170 980
170 553
170 651
170 930
171 980
171 651
171 930
172 980
172 553
172 651
172 930
172 234
172 535
172 477
173 980
173 553
173 651
173 930
173 594
173 234
173 919
173 244
173 479
173 194
173 639
174 980
174 553
174 651
174 930
174 594
174 234
174 919
174 244
174 479
174 218
174 474
174 194
175 980
175 553
175 651
175 930
176 980
176 553
176 651
176 930
176 594
176 234
176 919
176 535
176 297
176 477
177 980
177 930
178 980
178 553
178 651
178 930
179 980
179 553
179 651
179 930
179 594
179 234
179 919
179 244
179 479
179 218
179 896
179 474
179 194
179 297
179 427
179 740
180 980
180 553
180 651
180 930
180 594
180 234
180 919
180 244
180 479
180 218
180 896
180 474
180 639
180 535
180 681
181 980
181 553
181 651
181 930
181 234
182 980
182 553
182 651
182 930
182 594
182 234
182 919
182 244
182 479
182 474
182 194
182 747
183 980
183 930
184 980
184 553
184 651
184 930
184 234
185 980
185 553
185 651
185 930
185 594
185 234
185 919
185 244
185 479
185 218
185 896
185 474
185 194
185 639
185 535
185 297
185 543
185 477
185 747
185 628
185 932
185 389
185 332
185 681
185 624
185 377
185 245
185 260
185 682
185 207
185 690
185 452
185 983
185 253
185 427
185 199
185 449
185 328
185 251
185 765
185 202
185 689
185 740
185 711
185 476
185 381
185 468
185 428
185 949
185 824
185 286
185 904
185 733
185 378
186 980
186 553
186 651
186 930
188 980
188 553
188 651
188 930
188 594
188 234
188 919
188 244
188 479
188 218
188 896
188 474
188 194
188 535
188 543
188 245
188 427
189 980
189 930
190 980
190 553
190 651
190 930
190 896
191 980
191 553
191 651
191 930
191 594
191 234
191 919
191 479
191 218
191 474
191 194
191 477
191 681
191 452
191 526
192 980
192 553
192 651
193 980
193 553
193 651
193 930
194 980
194 553
194 651
194 930
194 594
194 234
194 919
194 244
194 479
194 218
194 896
194 474
194 639
194 535
194 297
194 543
194 477
194 747
194 628
194 932
194 389
194 332
194 681
194 624
194 377
194 245
194 260
194 682
194 207
194 690
194 452
194 983
194 253
194 427
194 199
194 449
194 328
194 251
194 765
194 202
194 689
194 740
194 976
194 900
194 935
194 711
194 476
194 381
194 468
194 646
194 428
194 949
194 838
194 540
194 941
194 824
194 286
194 753
194 526
194 904
194 533
194 750
194 940
194 366
194 934
194 243
194 488
194 814
194 486
194 830
194 836
194 732
194 828
194 877
194 733
194 987
194 858
194 520
194 794
194 347
194 894
194 946
194 401
194 783
194 923
194 499
194 829
194 259
194 773
194 495
194 451
194 527
194 807
194 291
194 524
194 901
194 708
194 358
194 430
194 589
194 804
194 676
194 378
194 280
194 959
194 343
194 227
194 471
194 667
194 310
194 653
194 374
194 467
194 217
194 445
194 985
194 292
194 294
194 238
194 537
194 720
194 925
194 622
194 852
194 302
194 854
194 320
194 470
194 817
194 502
194 664
194 914
194 357
194 746
194 826
194 931
194 939
194 832
194 512
194 736
194 563
194 355
194 790
194 331
194 943
194 551
195 980
195 651
195 930
196 980
196 553
197 980
197 553
197 651
197 930
197 594
197 234
197 479
197 218
197 932
198 980
198 553
198 651
198 930
198 919
199 980
199 553
199 651
199 930
199 594
199 234
199 919
199 244
199 479
199 218
199 896
199 474
199 639
199 535
199 297
199 543
199 477
199 747
199 628
199 932
199 389
199 332
199 681
199 624
199 377
199 245
199 260
199 682
199 207
199 690
199 452
199 983
199 253
199 427
199 449
199 328
199 251
199 765
199 202
199 689
199 740
199 976
199 900
199 935
199 711
199 476
199 381
199 428
199 949
199 838
199 540
199 941
199 824
199 286
199 753
199 904
199 366
199 814
199 987
199 783
199 901
199 280
199 988
200 980
200 553
200 651
200 930
200 594
200 234
200 919
200 479
200 218
200 474
200 543
200 747
201 980
201 553
201 651
201 930
201 594
201 234
202 980
202 553
202 651
202 930
202 594
202 234
202 919
202 244
202 479
202 218
202 896
202 474
202 639
202 535
202 297
202 543
202 477
202 747
202 628
202 932
202 389
202 332
202 681
202 624
202 377
202 245
202 260
202 682
202 207
202 690
202 452
202 983
202 253
202 427
202 449
202 328
202 251
202 765
202 689
202 740
202 976
202 900
202 935
202 711
202 646
202 540
202 941
202 940
202 243
202 830
202 836
202 794
202 946
202 923
202 527
202 291
202 667
203 980
204 980
204 553
204 651
204 930
204 234
204 919
204 639
205 980
205 553
205 651
205 930
206 980
206 930
207 980
207 553
207 651
207 930
207 594
207 234
207 919
207 244
207 479
207 218
207 896
207 474
207 639
207 535
207 297
207 543
207 477
207 747
207 628
207 932
207 389
207 332
207 681
207 624
207 377
207 245
207 260
207 682
207 690
207 452
207 983
207 253
207 427
207 449
207 328
207 251
207 765
207 689
207 740
207 976
207 900
207 935
207 711
207 476
207 381
207 468
207 646
207 428
207 949
207 838
207 540
207 941
207 824
207 286
207 753
207 526
207 533
207 750
207 940
207 366
207 934
207 814
207 486
207 836
207 828
207 987
207 520
207 794
207 894
207 783
207 259
207 451
207 527
207 611
207 663
207 627
207 530
208 980
209 651
210 980
210 553
210 651
211 980
211 553
211 651
211 930
211 594
211 747
213 980
213 553
213 651
214 980
215 980
215 553
215 651
215 930
216 980
216 553
216 930
217 980
217 553
217 651
217 930
217 594
217 234
217 919
217 244
217 479
217 218
217 896
217 474
217 535
217 543
217 747
217 932
217 983
218 980
218 553
218 651
218 930
218 594
218 234
218 919
218 244
218 479
218 896
218 474
218 639
218 535
218 297
218 543
218 477
218 747
218 628
218 932
218 389
218 332
218 681
218 624
218 377
218 245
218 260
218 682
218 690
218 452
218 983
218 253
218 427
218 449
218 328
218 251
218 765
218 689
218 740
218 976
218 900
218 935
218 711
218 476
218 381
218 468
218 646
218 428
218 949
218 838
218 540
218 941
218 824
218 286
218 753
218 526
218 904
218 533
218 750
218 940
218 366
218 934
218 243
218 488
218 814
218 486
218 830
218 836
218 732
218 828
218 877
218 733
218 987
218 858
218 520
218 794
218 347
218 894
218 946
218 401
218 783
218 923
218 499
218 829
218 259
218 773
218 495
218 451
218 527
218 807
218 291
218 524
218 901
218 708
218 358
218 430
218 589
218 804
218 676
218 378
218 280
218 959
218 343
218 227
218 471
218 996
218 667
218 310
218 653
218 374
218 467
218 279
218 219
218 445
218 595
218 534
218 776
218 597
218 985
218 710
218 271
218 292
218 294
218 232
218 238
218 611
218 731
218 720
218 925
218 622
218 302
218 820
218 854
218 722
218 663
218 817
218 853
218 400
218 304
218 664
218 746
218 826
218 369
218 536
218 375
218 482
218 561
218 439
218 673
218 512
218 557
218 484
218 739
218 438
218 974
218 350
218 780
218 831
218 306
218 386
218 303
218 530
218 895
218 368
218 660
218 567
218 459
218 473
218 770
218 601
218 408
218 990
218 409
219 980
219 553
219 651
219 930
219 594
219 234
219 919
219 244
219 479
219 896
219 474
219 535
219 543
219 477
219 628
219 332
219 681
219 253
220 980
220 553
220 651
220 930
220 234
221 980
221 553
221 651
221 930
222 980
222 553
222 651
222 930
223 980
224 980
224 553
224 651
224 930
224 234
224 919
226 553
226 651
227 980
227 553
227 651
227 930
227 594
227 234
227 919
227 244
227 479
227 896
227 474
227 639
227 297
227 543
228 980
228 553
228 651
228 930
229 980
230 980
230 553
231 980
231 553
231 651
231 930
231 594
232 980
232 553
232 651
232 930
232 594
232 234
232 919
232 244
232 479
232 896
232 639
232 535
232 297
232 932
232 389
232 681
233 980
233 553
233 651
233 930
233 594
233 234
233 244
233 479
233 474
234 980
234 553
234 651
234 930
234 594
234 919
234 244
234 479
234 896
234 474
234 639
234 535
234 297
234 543
234 477
234 747
234 628
234 932
234 389
234 332
234 681
234 624
234 377
234 245
234 260
234 682
234 690
234 452
234 983
234 253
234 427
234 449
234 328
234 251
234 765
234 689
234 740
234 976
234 900
234 935
234 711
234 476
234 381
234 468
234 646
234 428
234 949
234 838
234 540
234 941
234 824
234 286
234 753
234 526
234 904
234 533
234 750
234 940
234 366
234 934
234 243
234 488
234 814
234 486
234 830
234 836
234 732
234 828
234 877
234 733
234 987
234 858
234 520
234 794
234 347
234 894
234 946
234 401
234 783
234 923
234 499
234 829
234 259
234 773
234 495
234 451
234 527
234 807
234 291
234 524
234 901
234 708
234 358
234 430
234 589
234 804
234 676
234 378
234 280
234 959
234 343
234 471
234 996
234 667
234 310
234 653
234 374
234 467
234 279
234 445
234 595
234 534
234 776
234 597
234 985
234 710
234 271
234 292
234 294
234 238
234 611
234 537
234 731
234 720
234 925
234 622
234 852
234 302
234 820
234 854
234 978
234 756
234 320
234 722
234 663
234 470
234 817
234 853
234 400
234 380
234 502
234 304
234 954
234 664
234 493
234 914
234 357
234 538
234 746
234 627
234 826
234 383
234 908
234 369
234 964
234 536
234 375
234 482
234 696
234 574
234 561
234 931
234 376
234 439
234 913
234 585
234 939
234 981
234 572
234 673
234 371
234 860
234 832
234 512
234 557
234 500
234 455
234 736
234 362
234 314
234 977
234 484
234 666
234 739
234 438
234 403
234 974
234 713
234 528
234 788
234 707
234 252
234 246
234 777
234 563
234 546
234 580
234 637
234 367
234 446
234 780
234 920
234 831
234 891
234 352
234 532
234 669
234 235
234 323
234 997
234 306
234 514
234 790
234 936
234 862
234 565
234 568
234 929
234 660
234 567
234 573
234 385
234 955
234 424
234 855
234 890
234 423
234 241
234 927
234 478
234 489
234 787
234 693
234 973
234 630
234 396
234 714
234 942
234 872
234 912
234 734
234 413
234 579
234 505
234 796
234 256
234 274
234 604
234 755
234 433
234 694
235 980
235 553
235 651
235 930
236 980
236 553
236 651
236 930
238 980
238 553
238 651
238 930
238 594
238 919
238 244
238 479
238 896
238 474
238 639
238 297
238 477
238 932
238 428
239 980
239 651
240 980
240 553
241 980
241 553
241 651
241 930
241 919
241 479
242 980
242 553
242 651
242 919
243 980
243 553
243 651
243 930
243 594
243 919
243 244
243 479
243 896
243 474
243 639
243 535
243 297
243 543
243 477
243 747
243 628
243 932
243 389
243 332
243 681
243 624
243 377
243 245
243 260
243 682
243 427
243 251
243 476
243 838
243 286
243 904
244 980
244 553
244 651
244 930
244 594
244 919
244 479
244 896
244 474
244 639
244 535
244 297
244 543
244 477
244 747
244 628
244 932
244 389
244 332
244 681
244 624
244 377
244 245
244 260
244 682
244 690
244 452
244 983
244 253
244 427
244 449
244 328
244 251
244 765
244 689
244 740
244 976
244 900
244 935
244 711
244 476
244 381
244 468
244 646
244 428
244 949
244 838
244 540
244 941
244 824
244 286
244 753
244 526
244 904
244 533
244 750
244 940
244 366
244 934
244 488
244 814
244 486
244 830
244 836
244 732
244 828
244 877
244 733
244 987
244 858
244 520
244 794
244 347
244 894
244 946
244 401
244 783
244 923
244 499
244 829
244 259
244 773
244 495
244 451
244 527
244 807
244 291
244 524
244 901
244 708
244 358
244 430
244 589
244 804
244 676
244 378
244 280
244 959
244 343
244 471
244 996
244 667
244 310
244 653
244 374
244 467
244 279
244 445
244 595
244 534
244 776
244 597
244 985
244 710
244 271
244 292
244 294
244 611
244 537
244 731
244 720
244 925
244 622
244 852
244 302
244 820
244 854
244 978
244 756
244 722
244 663
244 470
244 853
244 380
244 502
244 304
244 954
244 664
244 493
244 538
244 746
244 627
244 826
244 908
244 964
244 536
244 375
244 696
244 913
244 572
244 500
244 974
244 889
244 323
244 386
244 895
244 789
244 331
244 912
244 372
244 948
244 313
244 775
245 980
245 553
245 651
245 930
245 594
245 919
245 479
245 896
245 474
245 639
245 535
245 297
245 543
245 477
245 747
245 628
245 932
245 389
245 332
245 681
245 624
245 377
245 260
245 682
245 690
245 452
245 983
245 253
245 427
245 449
245 328
245 251
245 765
245 689
245 740
245 976
245 900
245 935
245 711
245 476
245 381
245 468
245 646
245 428
245 949
245 838
245 540
245 941
245 824
245 286
245 753
245 526
245 904
245 533
245 750
245 940
245 366
245 934
245 488
245 814
245 486
245 830
245 836
245 858
245 520
245 923
245 499
245 773
245 807
245 589
245 804
245 280
245 343
245 820
246 980
246 553
246 651
246 930
246 594
247 980
247 553
247 651
247 930
248 930
249 980
249 553
249 651
249 930
250 980
250 553
250 651
250 930
250 594
250 543
250 624
251 980
251 553
251 651
251 930
251 594
251 919
251 479
251 896
251 474
251 639
251 535
251 297
251 543
251 477
251 747
251 628
251 932
251 389
251 332
251 681
251 624
251 377
251 260
251 682
251 690
251 452
251 983
251 253
251 427
251 449
251 328
251 765
251 689
251 740
251 976
251 900
251 935
251 711
251 476
251 381
251 468
251 428
251 949
251 838
251 753
251 486
251 733
251 987
251 794
251 894
251 996
251 820
252 980
252 553
252 651
252 930
252 594
253 980
253 553
253 651
253 930
253 594
253 919
253 479
253 896
253 474
253 639
253 535
253 297
253 543
253 477
253 747
253 628
253 932
253 389
253 332
253 681
253 624
253 377
253 260
253 682
253 690
253 452
253 983
253 427
253 449
253 328
253 765
253 689
253 740
253 976
253 900
253 935
253 711
253 476
253 381
253 468
253 646
253 428
253 949
253 838
253 540
253 824
253 904
253 533
253 488
253 814
253 486
253 830
253 732
253 794
253 946
253 499
253 829
253 622
254 980
254 553
254 651
254 930
254 594
254 919
256 980
256 553
256 930
257 980
257 553
258 980
258 553
259 980
259 553
259 651
259 930
259 594
259 919
259 479
259 896
259 474
259 639
259 535
259 297
259 543
259 477
259 747
259 628
259 389
259 624
259 740
260 980
260 553
260 651
260 930
260 594
260 919
260 479
260 896
260 474
260 639
260 535
260 297
260 543
260 477
260 747
260 628
260 932
260 389
260 332
260 681
260 624
260 377
260 682
260 690
260 452
260 983
260 427
260 449
260 328
260 765
260 689
260 740
260 976
260 900
260 935
260 711
260 476
260 381
260 468
260 646
260 428
260 949
260 838
260 540
260 941
260 824
260 286
260 753
260 526
260 904
260 533
260 750
260 940
260 366
260 934
260 486
260 732
260 828
260 733
260 987
260 520
260 499
260 773
260 495
260 901
260 358
260 667
260 653
260 722
260 696
260 438
260 727
263 980
263 553
263 651
263 930
264 980
264 553
264 651
264 930
264 594
265 980
265 553
265 651
265 930
266 980
266 553
266 651
267 980
267 553
267 651
267 930
267 594
269 980
269 553
269 651
269 930
269 594
269 919
269 896
270 980
270 930
271 980
271 553
271 651
271 930
271 594
271 919
271 479
271 896
271 474
271 639
271 747
271 389
272 980
272 553
272 651
272 930
274 980
274 594
275 980
275 553
275 651
276 980
276 553
277 980
277 553
277 651
277 930
278 980
279 980
279 553
279 651
279 930
279 594
279 919
279 479
279 896
279 474
279 297
279 543
279 932
280 980
280 553
280 651
280 930
280 594
280 919
280 479
280 896
280 474
280 535
280 747
280 932
280 949
280 366
281 980
281 553
281 651
281 930
282 980
283 980
283 553
283 651
283 930
283 639
284 980
284 553
284 651
284 930
285 980
285 553
286 980
286 553
286 651
286 930
286 594
286 919
286 479
286 896
286 474
286 639
286 535
286 297
286 543
286 477
286 747
286 628
286 932
286 389
286 332
286 681
286 624
286 377
286 682
286 690
286 452
286 427
286 328
286 740
286 711
286 753
286 486
286 877
286 401
286 451
287 980
287 553
287 651
287 930
288 980
289 980
289 553
289 651
290 980
290 553
290 651
290 930
291 980
291 553
291 651
291 930
291 594
291 919
291 479
291 896
291 474
291 639
291 535
291 543
291 477
291 747
291 332
291 976
291 711
292 980
292 553
292 651
292 930
292 594
292 919
292 479
292 896
292 474
292 297
292 747
292 389
293 980
293 553
293 651
293 930
294 980
294 553
294 651
294 930
294 594
294 919
294 479
294 896
294 474
294 535
294 297
294 543
294 477
294 389
296 980
296 651
296 930
297 980
297 553
297 651
297 930
297 594
297 919
297 479
297 896
297 474
297 639
297 535
297 543
297 477
297 747
297 628
297 932
297 389
297 332
297 681
297 624
297 377
297 682
297 690
297 452
297 983
297 427
297 449
297 328
297 765
297 689
297 740
297 976
297 900
297 935
297 711
297 476
297 381
297 468
297 646
297 428
297 949
297 838
297 540
297 941
297 824
297 753
297 526
297 904
297 533
297 750
297 940
297 366
297 934
297 488
297 814
297 486
297 830
297 836
297 732
297 828
297 877
297 733
297 987
297 858
297 520
297 794
297 347
297 894
297 946
297 401
297 783
297 923
297 499
297 829
297 773
297 495
297 451
297 527
297 807
297 524
297 901
297 708
297 430
297 589
297 804
297 959
297 471
297 996
297 667
297 310
297 374
297 467
297 595
297 534
297 710
297 537
297 731
297 756
297 400
297 493
297 357
297 746
297 826
297 574
297 561
297 546
297 306
297 462
297 398
298 980
298 553
298 651
298 930
298 594
299 980
299 553
299 651
299 930
300 980
300 553
300 651
300 930
301 980
301 553
301 651
301 930
302 980
302 553
302 651
302 930
302 594
302 919
302 479
302 896
302 474
302 639
302 389
302 332
303 980
303 553
303 651
303 930
303 594
303 479
304 980
304 553
304 651
304 930
304 594
304 919
304 639
304 535
304 543
304 976
305 980
305 553
306 980
306 553
306 651
306 930
306 594
306 479
307 980
307 553
308 980
308 553
308 651
308 930
308 594
309 980
309 553
310 980
310 553
310 651
310 930
310 594
310 919
310 479
310 896
310 474
310 639
310 389
310 332
311 980
311 553
311 651
312 980
312 553
312 651
312 930
312 594
312 427
313 553
313 651
314 980
314 553
314 651
314 930
314 594
315 980
315 553
315 930
316 980
316 553
316 651
316 930
317 980
317 553
317 651
317 930
317 594
317 896
318 651
318 930
319 651
320 980
320 553
320 651
320 930
320 594
320 919
320 479
320 896
320 474
320 535
320 488
321 980
322 980
322 553
322 930
323 980
323 553
323 651
323 930
323 594
324 553
325 980
325 553
325 930
326 980
326 553
326 651
326 930
327 980
327 553
327 930
327 594
328 980
328 553
328 651
328 930
328 594
328 919
328 479
328 896
328 474
328 639
328 535
328 543
328 477
328 747
328 628
328 932
328 389
328 332
328 681
328 624
328 377
328 682
328 690
328 452
328 983
328 427
328 449
328 765
328 689
328 740
328 976
328 900
328 935
328 476
328 468
328 646
328 428
328 949
328 838
328 753
328 526
328 366
328 733
328 858
328 901
328 343
329 980
329 553
329 651
329 930
329 479
330 651
331 980
331 553
331 651
331 930
331 919
332 980
332 553
332 651
332 930
332 594
332 919
332 479
332 896
332 474
332 639
332 535
332 543
332 477
332 747
332 628
332 932
332 389
332 681
332 624
332 377
332 682
332 690
332 452
332 983
332 427
332 449
332 765
332 689
332 740
332 976
332 900
332 935
332 711
332 476
332 381
332 468
332 646
332 428
332 949
332 838
332 540
332 941
332 824
332 753
332 526
332 904
332 533
332 750
332 940
332 366
332 934
332 488
332 814
332 486
332 830
332 836
332 732
332 828
332 877
332 733
332 987
332 858
332 520
332 794
332 347
332 946
332 783
332 923
332 773
332 527
332 807
332 901
332 708
332 676
332 467
332 445
332 534
332 776
332 710
332 611
332 622
332 371
332 860
332 707
332 333
333 651
335 980
335 553
335 651
335 930
336 651
337 980
337 651
337 479
338 980
338 930
339 651
339 930
340 980
340 553
340 651
340 930
340 594
341 980
341 553
341 651
341 930
341 594
341 919
342 980
342 553
342 930
343 980
343 553
343 651
343 930
343 594
343 919
343 479
343 896
343 474
343 639
343 543
343 747
343 389
344 980
344 651
344 594
345 980
345 553
346 980
346 553
346 651
346 930
346 594
346 919
347 980
347 553
347 651
347 930
347 594
347 919
347 479
347 896
347 474
347 639
347 535
347 543
347 477
347 747
347 628
347 932
347 389
347 681
347 624
347 452
347 904
348 980
348 553
348 651
348 930
349 980
349 553
349 651
349 930
350 980
350 553
350 651
350 930
350 594
351 980
351 553
351 651
351 930
352 980
352 553
352 651
352 930
352 594
353 553
354 980
354 553
354 651
354 930
355 980
355 553
355 651
355 930
355 594
356 980
356 553
356 651
356 930
357 980
357 553
357 651
357 930
357 594
357 681
358 980
358 553
358 651
358 930
358 594
358 919
358 479
358 896
358 474
358 639
358 535
358 543
358 747
358 932
358 682
359 980
360 980
360 553
360 651
360 930
360 594
361 930
362 980
362 553
362 651
362 930
362 594
362 479
363 980
363 553
363 651
363 930
366 980
366 553
366 651
366 930
366 594
366 919
366 479
366 896
366 474
366 639
366 535
366 543
366 477
366 747
366 628
366 932
366 389
366 681
366 624
366 377
366 690
366 983
366 449
366 765
366 468
366 526
366 776
367 980
367 553
367 651
367 930
367 594
367 919
368 980
368 553
368 651
368 930
369 980
369 553
369 651
369 930
369 594
369 919
369 479
369 474
370 980
370 553
370 651
370 930
370 594
371 980
371 553
371 651
371 930
371 594
372 980
372 553
372 651
373 980
373 553
373 651
373 930
373 919
374 980
374 553
374 651
374 930
374 594
374 919
374 479
374 896
374 474
374 639
374 535
374 543
374 932
374 389
374 377
375 980
375 553
375 651
375 930
375 594
375 479
375 896
375 628
376 980
376 553
376 651
376 930
376 594
376 479
376 932
377 980
377 553
377 651
377 930
377 594
377 919
377 479
377 896
377 474
377 639
377 535
377 543
377 477
377 747
377 628
377 932
377 389
377 681
377 624
377 682
377 690
377 452
377 983
377 427
377 449
377 765
377 689
377 740
377 976
377 900
377 935
377 711
377 476
377 381
377 468
377 646
377 428
377 949
377 838
377 540
377 941
377 824
377 753
377 526
377 904
377 533
377 750
377 940
377 488
377 814
377 486
377 830
377 836
377 732
377 828
377 877
377 733
377 858
377 499
377 776
377 925
377 621
378 980
378 553
378 651
378 930
378 594
378 919
378 479
378 896
378 474
378 639
378 535
378 477
378 681
378 493
379 980
379 553
379 651
380 980
380 553
380 651
380 930
380 594
380 919
380 628
380 681
381 980
381 553
381 651
381 930
381 594
381 919
381 479
381 896
381 474
381 639
381 535
381 543
381 477
381 747
381 628
381 932
381 389
381 681
381 624
381 682
381 690
381 452
381 983
381 427
381 449
381 689
381 976
381 838
381 540
381 836
381 773
382 980
382 553
382 651
382 930
383 980
383 553
383 651
383 930
383 594
383 474
383 639
383 838
384 980
384 553
384 651
385 980
385 553
385 651
385 930
386 980
386 553
386 651
386 930
386 594
387 980
387 930
387 594
389 980
389 553
389 651
389 930
389 594
389 919
389 479
389 896
389 474
389 639
389 535
389 543
389 477
389 747
389 628
389 932
389 681
389 624
389 682
389 690
389 452
389 983
389 427
389 449
389 765
389 689
389 740
389 976
389 900
389 935
389 711
389 476
389 468
389 646
389 428
389 949
389 838
389 540
389 941
389 824
389 753
389 526
389 904
389 533
389 750
389 940
389 934
389 488
389 814
389 486
389 830
389 836
389 732
389 828
389 877
389 733
389 987
389 858
389 520
389 794
389 894
389 946
389 401
389 923
389 499
389 829
389 773
389 495
389 527
389 807
389 524
389 901
389 959
389 653
389 852
389 493
389 931
389 546
390 980
390 553
390 651
390 930
391 980
391 553
391 651
391 930
391 594
392 980
392 651
392 594
394 980
394 553
394 651
394 930
394 896
395 980
395 553
395 651
395 930
396 980
396 553
396 651
396 930
397 980
397 651
398 980
398 553
398 651
398 930
399 980
399 930
400 980
400 553
400 651
400 930
400 594
400 919
400 479
401 980
401 553
401 651
401 930
401 594
401 919
401 479
401 896
401 474
401 639
401 535
401 543
401 477
401 747
401 628
401 932
401 468
401 646
401 858
402 980
402 553
402 651
402 930
402 624
403 980
403 553
403 651
403 930
403 594
405 553
406 980
406 651
407 651
408 980
408 553
408 651
408 930
409 980
409 651
410 980
411 553
412 980
412 553
412 651
413 980
413 553
413 651
414 980
414 930
415 651
416 980
416 553
416 651
416 930
417 980
417 553
417 651
417 930
417 919
418 980
418 651
419 980
419 930
420 980
420 930
421 980
421 930
422 980
422 553
422 651
422 930
423 980
423 553
423 651
423 930
424 980
424 553
424 651
424 930
425 980
425 553
425 651
425 930
425 594
426 980
427 980
427 553
427 651
427 930
427 594
427 919
427 479
427 896
427 474
427 639
427 535
427 543
427 477
427 747
427 628
427 932
427 681
427 624
427 682
427 690
427 452
427 983
427 449
427 765
427 689
427 740
427 976
427 900
427 935
427 711
427 468
427 646
427 428
427 949
427 838
427 540
427 941
427 824
427 753
427 904
427 934
427 488
427 830
427 836
427 828
427 794
427 783
427 499
427 564
428 980
428 553
428 651
428 930
428 594
428 919
428 479
428 896
428 474
428 639
428 535
428 543
428 477
428 747
428 628
428 932
428 681
428 624
428 682
428 690
428 452
428 983
428 449
428 689
428 540
428 940
428 527
429 980
429 553
429 651
429 930
430 980
430 553
430 651
430 930
430 594
430 919
430 479
430 896
430 474
430 639
430 543
430 477
430 747
430 932
431 980
432 980
432 553
432 651
432 930
433 930
434 930
436 980
436 651
437 980
437 651
437 930
438 980
438 553
438 651
438 930
438 594
438 919
439 980
439 553
439 651
439 930
439 594
439 919
440 980
441 651
441 930
442 980
443 980
443 553
443 651
443 930
444 553
445 980
445 553
445 651
445 930
445 594
445 919
445 479
445 896
445 474
445 535
445 477
445 946
446 980
446 553
446 651
446 930
446 594
446 896
447 980
447 553
447 651
447 930
448 980
448 553
449 980
449 553
449 651
449 930
449 594
449 919
449 479
449 896
449 474
449 639
449 535
449 543
449 477
449 747
449 628
449 932
449 681
449 624
449 682
449 690
449 452
449 983
449 765
449 689
449 740
449 976
449 900
449 935
449 476
449 949
449 838
449 540
449 824
449 753
449 750
449 829
449 708
449 804
449 832
450 980
450 553
450 651
450 930
450 919
451 980
451 553
451 651
451 930
451 594
451 919
451 479
451 896
451 474
451 639
451 535
451 543
451 477
451 628
451 681
451 765
451 476
452 980
452 553
452 651
452 930
452 594
452 919
452 479
452 896
452 474
452 639
452 535
452 543
452 477
452 747
452 628
452 932
452 681
452 624
452 682
452 690
452 983
452 765
452 689
452 740
452 976
452 900
452 935
452 711
452 476
452 468
452 646
452 949
452 838
452 540
452 941
452 526
452 904
452 533
452 486
452 877
452 733
452 987
452 520
452 499
452 978
452 817
452 754
453 553
455 980
455 553
455 651
455 930
455 594
455 919
455 479
455 474
455 639
455 932
456 980
456 651
456 930
457 980
457 553
457 651
457 930
458 980
458 930
459 980
459 553
459 651
459 930
460 980
460 553
460 651
460 930
462 980
462 553
462 651
462 930
462 919
462 479
462 896
463 553
465 651
466 980
466 553
466 651
467 980
467 553
467 651
467 930
467 594
467 919
467 479
467 896
467 474
467 639
467 535
467 543
468 980
468 553
468 651
468 930
468 594
468 919
468 479
468 896
468 474
468 639
468 535
468 543
468 477
468 747
468 628
468 932
468 681
468 624
468 682
468 690
468 983
468 711
468 476
468 646
468 949
468 753
468 877
469 980
469 553
469 651
469 930
470 980
470 553
470 651
470 930
470 594
470 919
470 479
470 474
471 980
471 553
471 651
471 930
471 594
471 919
471 479
471 896
471 474
471 535
471 543
471 477
471 932
471 681
471 732
472 980
472 553
472 651
473 980
473 553
473 651
473 930
474 980
474 553
474 651
474 930
474 594
474 919
474 479
474 896
474 639
474 535
474 543
474 477
474 747
474 628
474 932
474 681
474 624
474 682
474 690
474 983
474 765
474 689
474 740
474 976
474 900
474 935
474 711
474 476
474 646
474 949
474 838
474 540
474 941
474 824
474 753
474 526
474 904
474 533
474 750
474 940
474 934
474 488
474 814
474 486
474 830
474 836
474 732
474 828
474 877
474 733
474 987
474 858
474 520
474 794
474 894
474 946
474 783
474 923
474 499
474 829
474 773
474 495
474 527
474 807
474 524
474 901
474 708
474 589
474 804
474 676
474 959
474 996
474 667
474 653
474 595
474 534
474 776
474 597
474 710
474 611
474 537
474 731
474 622
474 852
474 820
474 854
474 756
474 853
474 502
474 664
474 493
474 538
474 561
474 832
474 977
474 484
474 685
474 519
474 936
474 648
474 982
475 980
475 651
475 930
476 980
476 553
476 651
476 930
476 594
476 919
476 479
476 896
476 639
476 535
476 543
476 477
476 747
476 628
476 932
476 681
476 624
476 682
476 690
476 983
476 976
476 838
476 753
476 804
477 980
477 553
477 651
477 930
477 594
477 919
477 479
477 896
477 639
477 535
477 543
477 747
477 628
477 932
477 681
477 624
477 682
477 690
477 983
477 765
477 689
477 740
477 976
477 900
477 935
477 711
477 646
477 949
477 838
477 540
477 941
477 824
477 753
477 526
477 904
477 533
477 750
477 940
477 934
477 488
477 814
477 486
477 830
477 836
477 732
477 828
477 877
477 733
477 987
477 858
477 520
477 794
477 894
477 946
477 783
477 923
477 499
477 829
477 773
477 495
477 527
477 807
477 524
477 901
477 589
477 804
477 676
477 996
477 597
477 985
477 852
477 746
477 572
477 736
477 484
477 975
477 600
478 980
478 553
478 651
478 930
479 980
479 553
479 651
479 930
479 594
479 919
479 896
479 639
479 535
479 543
479 747
479 628
479 932
479 681
479 624
479 682
479 690
479 983
479 765
479 689
479 740
479 976
479 900
479 935
479 711
479 646
479 949
479 838
479 540
479 941
479 824
479 753
479 526
479 904
479 533
479 750
479 940
479 934
479 488
479 814
479 486
479 830
479 836
479 732
479 828
479 877
479 733
479 987
479 858
479 520
479 794
479 894
479 946
479 783
479 923
479 499
479 829
479 773
479 495
479 527
479 807
479 524
479 901
479 708
479 589
479 804
479 676
479 959
479 996
479 667
479 653
479 595
479 534
479 776
479 597
479 985
479 710
479 611
479 537
479 731
479 720
479 925
479 622
479 852
479 820
479 756
479 663
479 817
479 954
479 493
479 538
479 627
479 574
479 585
479 939
479 860
479 512
479 500
479 736
479 974
479 563
479 895
479 801
479 558
480 980
480 553
480 651
480 930
481 980
481 553
481 651
482 980
482 553
482 651
482 930
482 594
482 919
482 896
482 639
484 980
484 553
484 651
484 930
484 594
485 980
485 553
485 930
486 980
486 553
486 651
486 930
486 594
486 919
486 896
486 639
486 535
486 543
486 747
486 628
486 932
486 681
486 624
486 689
486 783
488 980
488 553
488 651
488 930
488 594
488 919
488 896
488 639
488 535
488 543
488 747
488 628
488 932
488 681
488 682
488 689
488 941
488 836
489 980
489 553
489 651
489 930
490 980
490 553
490 651
490 930
491 980
491 553
491 651
491 930
493 980
493 553
493 651
493 930
493 594
493 919
493 896
493 747
494 980
494 553
494 651
494 930
494 594
494 639
495 980
495 553
495 651
495 930
495 594
495 919
495 896
495 639
495 535
495 543
495 747
495 628
495 932
495 681
495 824
496 980
496 553
498 980
498 553
498 651
498 930
499 980
499 553
499 651
499 930
499 594
499 919
499 896
499 639
499 535
499 543
499 747
499 628
499 932
499 681
499 624
499 690
500 980
500 553
500 651
500 930
500 594
500 896
500 639
501 980
501 553
501 651
501 930
501 919
502 980
502 553
502 651
502 930
502 594
502 919
502 535
502 628
502 681
503 980
503 930
504 980
505 980
505 553
505 651
506 980
506 553
506 651
506 930
507 980
507 930
508 651
509 980
509 896
510 980
510 553
511 553
512 980
512 553
512 651
512 930
512 594
512 919
513 980
513 553
513 651
513 930
514 980
514 553
514 651
514 930
514 594
514 919
515 651
515 930
516 980
516 553
516 651
516 930
516 594
517 980
517 553
517 651
517 930
518 980
518 553
518 651
518 930
519 980
519 553
519 651
519 930
519 594
519 919
519 896
520 980
520 553
520 651
520 930
520 594
520 919
520 896
520 639
520 535
520 543
520 747
520 628
520 932
520 681
520 624
521 980
521 651
522 980
522 553
522 651
523 980
523 553
523 651
523 930
523 594
524 980
524 553
524 651
524 930
524 594
524 919
524 896
524 639
524 535
524 543
524 624
524 941
524 959
525 980
525 651
525 930
526 980
526 553
526 651
526 930
526 594
526 919
526 896
526 639
526 535
526 543
526 747
526 628
526 932
526 681
526 624
526 682
526 690
526 765
526 689
526 646
526 949
527 980
527 553
527 651
527 930
527 594
527 919
527 896
527 639
527 535
527 543
527 932
527 682
527 983
527 646
528 980
528 553
528 651
528 930
528 594
529 651
530 980
530 553
530 651
530 930
531 980
531 553
531 651
531 930
531 594
532 980
532 553
532 651
532 930
532 594
533 980
533 553
533 651
533 930
533 594
533 919
533 896
533 639
533 535
533 543
533 747
533 628
533 932
533 681
533 624
533 690
533 976
533 753
533 904
534 980
534 553
534 651
534 930
534 594
534 919
534 896
534 639
534 535
534 543
534 747
534 624
535 980
535 553
535 651
535 930
535 594
535 919
535 896
535 639
535 543
535 747
535 628
535 932
535 681
535 624
535 682
535 690
535 983
535 765
535 689
535 740
535 976
535 900
535 935
535 711
535 646
535 949
535 838
535 540
535 941
535 824
535 753
535 904
535 750
535 940
535 934
535 814
535 830
535 836
535 732
535 828
535 877
535 733
535 987
535 858
535 794
535 894
535 946
535 783
535 923
535 829
535 773
535 807
535 901
535 708
535 589
535 804
535 959
535 996
535 667
535 985
535 731
535 820
535 853
535 574
535 913
535 739
535 921
536 980
536 553
536 651
536 930
536 594
536 919
536 896
536 639
537 980
537 553
537 651
537 930
537 594
537 919
537 747
537 624
538 980
538 553
538 651
538 930
538 594
539 980
539 553
539 651
539 930
540 980
540 553
540 651
540 930
540 594
540 919
540 896
540 639
540 543
540 747
540 628
540 932
540 681
540 624
540 682
540 690
540 983
540 765
540 976
540 646
540 838
540 836
541 980
541 553
541 651
542 980
542 553
542 930
543 980
543 553
543 651
543 930
543 594
543 919
543 896
543 639
543 747
543 628
543 932
543 681
543 624
543 682
543 690
543 983
543 765
543 689
543 740
543 976
543 900
543 935
543 711
543 646
543 949
543 838
543 941
543 824
543 753
543 904
543 750
543 940
543 934
543 814
543 830
543 836
543 732
543 828
543 877
543 733
543 987
543 858
543 794
543 894
543 946
543 783
543 923
543 829
543 773
543 807
543 901
543 589
543 804
543 676
543 996
543 667
543 653
543 710
543 756
543 627
543 561
543 630
543 633
543 847
544 980
544 553
544 651
544 930
545 980
545 553
545 651
545 930
546 980
546 553
546 651
546 930
546 594
546 919
547 980
548 980
548 553
548 651
548 930
548 594
549 980
550 980
550 553
550 651
550 930
551 980
551 553
551 651
551 930
551 594
552 651
553 980
553 651
553 930
553 594
553 919
553 896
553 639
553 747
553 628
553 932
553 681
553 624
553 682
553 690
553 983
553 765
553 689
553 740
553 976
553 900
553 935
553 711
553 646
553 949
553 838
553 941
553 824
553 753
553 904
553 750
553 940
553 934
553 814
553 830
553 836
553 732
553 828
553 877
553 733
553 987
553 858
553 794
553 894
553 946
553 783
553 923
553 829
553 773
553 807
553 901
553 708
553 589
553 804
553 676
553 959
553 996
553 667
553 653
553 595
553 776
553 597
553 985
553 710
553 611
553 731
553 720
553 925
553 622
553 852
553 820
553 854
553 978
553 756
553 722
553 663
553 817
553 853
553 954
553 664
553 914
553 746
553 627
553 826
553 908
553 964
553 696
553 574
553 561
553 931
553 913
553 585
553 939
553 981
553 572
553 673
553 860
553 832
553 557
553 736
553 977
553 666
553 739
553 974
553 989
553 713
553 788
553 707
553 835
553 777
553 563
553 580
553 767
553 637
553 780
553 889
553 920
553 831
553 891
553 953
553 685
553 669
553 719
553 742
553 997
553 621
553 790
553 784
553 936
553 988
553 862
553 728
553 706
553 565
553 575
553 968
553 868
553 568
553 650
553 674
553 658
553 895
553 903
553 929
553 975
553 654
553 887
553 704
553 789
553 608
553 599
553 626
553 759
553 660
553 567
553 587
553 648
553 573
553 879
553 586
553 873
553 749
553 665
553 910
553 955
553 623
553 881
553 994
553 876
553 855
553 600
553 943
553 792
553 844
553 890
553 791
553 770
553 601
553 927
553 723
553 717
553 726
553 754
553 859
553 885
553 641
553 655
553 960
553 642
553 751
553 787
553 866
553 718
553 692
553 848
553 867
553 560
553 944
553 656
553 693
553 629
553 880
553 871
553 801
553 609
553 809
553 973
553 727
553 630
553 558
553 678
553 917
553 578
553 596
553 763
553 593
553 698
553 683
553 762
553 865
553 619
553 566
553 714
553 856
553 942
553 680
553 872
553 821
553 947
553 912
553 632
553 734
553 874
553 902
553 556
553 990
553 778
553 772
553 615
553 579
553 633
553 922
553 915
553 634
553 577
553 768
553 845
553 796
553 905
553 937
553 588
553 818
553 982
553 870
553 882
553 620
553 613
553 815
553 863
553 979
553 581
553 591
553 649
553 668
553 938
553 918
553 847
553 957
553 921
553 841
553 802
553 709
553 928
553 702
553 834
553 562
553 757
553 825
553 697
553 956
553 735
553 607
553 823
553 576
553 724
553 782
553 837
553 916
553 793
553 559
553 999
553 730
553 842
553 662
553 766
553 950
553 810
553 892
553 617
553 761
553 963
553 907
553 590
553 744
553 795
553 729
553 614
553 748
553 647
553 1000
553 839
553 725
553 671
553 972
553 564
553 603
553 958
553 571
553 952
553 672
553 803
553 822
553 970
553 850
553 694
553 846
553 638
553 962
554 980
554 651
554 594
555 980
556 980
556 651
556 930
557 980
557 651
557 930
557 594
557 919
557 628
557 932
558 980
558 651
558 930
559 980
559 651
560 980
560 651
560 930
560 594
560 747
561 980
561 651
561 930
561 594
561 681
562 980
562 651
563 980
563 651
563 930
563 594
564 980
564 930
565 980
565 651
565 930
565 594
565 919
566 980
566 651
566 930
567 980
567 651
567 930
568 980
568 651
568 930
569 930
570 980
570 930
572 980
572 651
572 930
572 594
572 639
572 747
573 980
573 651
573 930
574 980
574 651
574 930
574 594
574 919
575 980
575 651
575 930
575 594
576 980
576 930
577 980
577 651
577 930
578 980
578 651
578 930
579 980
579 651
579 930
580 980
580 651
580 930
580 594
581 980
581 651
581 930
583 980
583 930
584 980
584 651
584 930
585 980
585 651
585 930
585 594
585 919
585 624
586 980
586 651
586 930
586 594
587 980
587 651
587 930
587 594
588 980
588 651
589 980
589 651
589 930
589 594
589 919
589 896
589 639
589 681
590 651
590 930
590 919
591 980
591 651
591 930
592 980
592 651
592 930
593 980
593 651
593 930
594 980
594 651
594 930
594 919
594 896
594 639
594 747
594 628
594 932
594 681
594 624
594 682
594 690
594 983
594 765
594 689
594 740
594 976
594 900
594 935
594 711
594 646
594 949
594 838
594 941
594 824
594 753
594 904
594 750
594 940
594 934
594 814
594 830
594 836
594 732
594 828
594 877
594 733
594 987
594 858
594 794
594 894
594 946
594 783
594 923
594 829
594 773
594 807
594 901
594 708
594 804
594 676
594 959
594 996
594 667
594 653
594 595
594 776
594 597
594 985
594 710
594 611
594 731
594 720
594 925
594 622
594 852
594 820
594 854
594 978
594 756
594 722
594 663
594 817
594 853
594 954
594 664
594 914
594 746
594 627
594 826
594 908
594 964
594 696
594 931
594 913
594 939
594 981
594 673
594 860
594 832
594 736
594 977
594 666
594 739
594 974
594 989
594 713
594 788
594 707
594 835
594 777
594 767
594 637
594 780
594 889
594 920
594 831
594 891
594 953
594 685
594 669
594 719
594 742
594 621
594 790
594 784
594 936
594 862
594 728
594 706
594 868
594 674
594 658
594 929
594 975
594 704
594 599
594 660
594 665
594 623
594 881
594 855
594 600
594 792
594 723
594 717
594 641
594 642
594 848
594 656
594 678
594 917
594 596
594 619
594 680
594 734
594 915
594 768
594 796
594 834
594 875
594 864
594 840
594 924
594 839
594 966
595 980
595 651
595 930
595 919
595 896
596 980
596 651
596 930
597 980
597 651
597 930
597 919
597 628
597 932
597 877
598 980
599 980
599 651
599 930
600 980
600 651
600 930
601 980
601 651
601 930
606 980
607 980
607 930
608 980
608 651
608 930
608 639
609 980
609 651
609 930
609 919
610 980
610 651
610 930
611 980
611 651
611 930
611 919
611 896
612 980
613 980
613 651
614 651
615 980
615 651
615 930
616 980
617 980
618 930
619 980
619 651
619 930
620 980
620 651
620 930
621 980
621 651
621 930
622 980
622 651
622 930
622 919
622 896
622 747
622 932
622 690
623 980
623 651
623 930
624 980
624 651
624 930
624 919
624 896
624 639
624 747
624 628
624 932
624 681
624 682
624 690
624 983
624 765
624 689
624 740
624 976
624 900
624 935
624 711
624 646
624 949
624 838
624 941
624 824
624 753
624 904
624 750
624 940
624 934
624 836
624 732
624 828
624 877
624 987
624 858
624 894
624 946
624 923
624 829
624 653
624 722
624 831
625 980
625 681
626 980
626 651
626 930
626 896
627 980
627 651
627 930
627 919
627 896
628 980
628 651
628 930
628 919
628 896
628 639
628 747
628 932
628 681
628 682
628 690
628 983
628 765
628 689
628 740
628 976
628 900
628 935
628 711
628 646
628 949
628 838
628 941
628 824
628 753
628 904
628 750
628 940
628 934
628 814
628 830
628 836
628 732
628 828
628 877
628 733
628 987
628 858
628 794
628 894
628 946
628 783
628 923
628 829
628 773
628 807
628 708
628 804
628 710
628 925
628 664
628 903
629 980
629 651
629 930
630 980
630 651
630 930
631 651
632 980
632 651
632 930
633 980
633 651
633 930
634 980
634 651
634 930
636 980
636 930
637 980
637 651
637 930
639 980
639 651
639 930
639 919
639 896
639 747
639 932
639 681
639 682
639 690
639 983
639 765
639 689
639 740
639 976
639 900
639 935
639 711
639 646
639 949
639 838
639 941
639 824
639 753
639 904
639 750
639 940
639 934
639 814
639 830
639 836
639 732
639 828
639 877
639 733
639 987
639 858
639 794
639 894
639 946
639 783
639 923
639 829
639 773
639 807
639 901
639 708
639 804
639 676
639 959
639 996
639 667
639 653
639 776
639 710
639 854
639 756
639 722
639 853
639 954
639 914
640 980
641 980
641 651
641 930
642 980
642 651
642 930
643 930
644 651
645 980
645 651
645 930
646 980
646 651
646 930
646 919
646 896
646 747
646 932
646 681
646 682
646 690
646 983
646 765
646 740
646 949
646 923
646 985
648 980
648 651
648 930
648 932
649 980
649 651
650 980
650 651
650 930
651 980
651 930
651 919
651 896
651 747
651 932
651 681
651 682
651 690
651 983
651 765
651 689
651 740
651 976
651 900
651 935
651 711
651 949
651 838
651 941
651 824
651 753
651 904
651 750
651 940
651 934
651 814
651 830
651 836
651 732
651 828
651 877
651 733
651 987
651 858
651 794
651 894
651 946
651 783
651 923
651 829
651 773
651 807
651 901
651 708
651 804
651 676
651 959
651 996
651 667
651 653
651 776
651 985
651 710
651 731
651 720
651 925
651 852
651 820
651 854
651 978
651 756
651 722
651 663
651 817
651 853
651 954
651 664
651 914
651 746
651 826
651 908
651 964
651 696
651 931
651 913
651 939
651 981
651 673
651 860
651 832
651 736
651 977
651 666
651 739
651 974
651 989
651 713
651 788
651 707
651 835
651 777
651 767
651 780
651 889
651 920
651 831
651 891
651 953
651 685
651 669
651 719
651 742
651 997
651 790
651 784
651 936
651 988
651 862
651 728
651 706
651 968
651 868
651 674
651 658
651 895
651 903
651 929
651 975
651 654
651 887
651 704
651 789
651 759
651 660
651 879
651 873
651 749
651 665
651 910
651 955
651 881
651 994
651 876
651 855
651 943
651 792
651 844
651 890
651 791
651 770
651 927
651 723
651 717
651 726
651 754
651 859
651 885
651 655
651 960
651 751
651 787
651 866
651 718
651 692
651 848
651 867
651 944
651 656
651 693
651 880
651 871
651 801
651 809
651 973
651 727
651 678
651 917
651 763
651 698
651 683
651 762
651 865
651 714
651 856
651 942
651 680
651 872
651 821
651 947
651 912
651 734
651 874
651 902
651 990
651 778
651 772
651 922
651 915
651 768
651 845
651 796
651 905
651 937
651 818
651 982
651 870
651 815
651 863
651 979
651 668
651 884
651 938
651 918
651 847
651 957
651 709
651 928
651 834
651 757
651 825
651 857
651 670
651 967
651 697
651 971
651 735
651 823
651 898
651 724
651 782
651 837
651 916
651 793
651 888
651 999
651 861
651 950
651 892
651 951
651 965
651 813
651 933
651 969
651 926
651 743
651 924
651 741
651 883
651 755
651 795
651 833
651 909
651 721
651 948
651 771
651 800
651 958
651 805
651 703
651 986
651 827
651 803
651 758
651 849
651 945
651 962
653 980
653 930
653 919
653 896
653 711
654 980
654 930
654 919
655 980
655 930
656 980
656 930
657 980
658 980
658 930
659 980
660 980
660 930
661 930
662 980
662 930
663 980
663 930
663 919
664 980
664 930
664 919
664 747
665 980
665 930
666 980
666 930
667 980
667 930
667 919
667 896
668 980
668 930
668 919
669 980
669 930
669 919
670 980
670 930
673 980
673 930
674 980
674 930
676 980
676 930
676 919
676 896
676 765
676 829
678 980
678 930
680 980
680 930
681 980
681 930
681 919
681 896
681 747
681 932
681 682
681 690
681 983
681 765
681 689
681 740
681 976
681 900
681 935
681 711
681 949
681 838
681 941
681 824
681 753
681 904
681 750
681 940
681 934
681 814
681 830
681 836
681 732
681 828
681 877
681 733
681 987
681 858
681 794
681 946
681 829
681 925
681 854
681 939
682 980
682 930
682 919
682 896
682 747
682 932
682 690
682 983
682 765
682 689
682 740
682 976
682 900
682 935
682 711
682 949
682 838
682 941
682 824
682 753
682 904
682 750
682 940
682 934
682 732
682 828
682 877
682 987
683 980
683 930
683 919
684 980
685 980
685 930
685 919
687 980
688 980
689 980
689 930
689 919
689 896
689 747
689 932
689 690
689 983
689 765
689 976
689 900
689 935
689 711
689 753
689 783
689 985
690 980
690 930
690 919
690 896
690 747
690 932
690 983
690 765
690 740
690 976
690 900
690 935
690 711
690 949
690 838
690 941
690 753
690 940
690 733
690 889
691 980
692 980
692 930
692 896
693 980
693 930
696 980
696 930
696 747
697 980
697 930
698 980
698 930
699 930
700 980
701 980
701 930
702 980
703 930
704 980
704 930
705 980
706 980
706 930
707 980
707 930
707 919
708 980
708 930
708 919
708 896
708 932
709 980
709 930
710 980
710 930
710 919
710 747
710 932
711 980
711 930
711 919
711 896
711 747
711 932
711 983
711 765
711 740
711 976
711 824
711 934
712 980
713 980
713 930
713 896
714 980
714 930
716 980
717 980
717 930
718 980
718 930
718 919
719 980
719 930
719 919
720 980
720 930
720 919
720 896
721 980
722 980
722 930
722 919
722 896
723 980
723 930
724 980
724 930
725 980
725 930
726 980
726 930
727 980
727 930
727 896
728 980
728 930
729 980
730 980
731 980
731 930
731 919
731 896
732 980
732 930
732 919
732 896
732 747
732 932
732 829
733 980
733 930
733 919
733 896
733 747
733 932
733 824
733 794
733 783
734 980
734 930
735 980
736 980
736 930
736 919
737 930
738 980
739 980
739 930
740 980
740 930
740 919
740 896
740 747
740 932
740 983
740 765
740 976
740 838
740 941
740 940
740 829
740 852
741 980
742 980
742 930
743 980
743 930
744 980
745 980
746 980
746 930
746 919
746 896
747 980
747 930
747 919
747 896
747 932
747 983
747 765
747 976
747 900
747 935
747 949
747 838
747 941
747 824
747 753
747 904
747 750
747 940
747 934
747 814
747 830
747 836
747 828
747 877
747 987
747 858
747 794
747 894
747 946
747 783
747 923
747 829
747 773
747 807
747 901
747 959
747 996
747 931
747 891
747 955
747 916
749 980
749 930
750 980
750 930
750 919
750 896
750 932
750 983
750 935
750 753
750 904
751 980
751 930
752 980
753 980
753 930
753 919
753 896
753 932
753 983
753 765
753 838
754 980
754 930
755 980
756 980
756 930
756 919
756 896
757 980
757 930
758 930
759 980
759 930
760 980
760 930
761 980
762 980
762 930
763 980
763 930
764 980
765 980
765 930
765 919
765 896
765 932
765 983
765 976
765 900
765 935
765 838
765 824
765 814
765 923
766 980
766 930
767 980
767 930
767 919
768 980
770 980
770 930
770 919
770 896
772 980
772 930
773 980
773 930
773 919
773 896
773 932
773 983
775 980
776 980
776 930
776 919
776 896
777 980
777 930
778 980
778 930
779 930
780 980
780 930
780 919
780 896
781 980
781 930
782 980
783 980
783 930
783 919
783 896
783 932
784 980
784 930
785 980
786 980
786 930
787 980
787 930
788 980
788 930
789 980
789 930
790 980
790 930
791 980
791 930
792 980
792 930
793 980
794 980
794 930
794 919
794 896
794 932
794 830
796 980
797 980
797 930
799 980
801 980
801 930
801 919
802 980
802 930
804 980
804 930
804 919
804 896
804 900
805 980
806 930
807 980
807 930
807 919
807 896
807 932
808 980
808 930
809 980
809 930
810 930
811 980
812 980
813 980
813 930
814 980
814 930
814 919
814 896
814 932
815 980
816 980
817 980
817 930
817 919
817 896
818 980
818 930
819 980
820 980
820 930
820 919
820 896
821 980
821 930
823 980
823 930
824 980
824 930
824 919
824 896
824 932
824 983
824 949
825 980
826 980
826 930
826 919
828 980
828 930
828 919
828 896
828 932
828 829
829 980
829 930
829 919
829 896
829 900
830 980
830 930
830 919
830 896
830 932
831 980
831 930
832 980
832 930
833 930
834 980
835 980
835 930
836 980
836 930
836 919
836 896
836 932
837 980
838 980
838 930
838 919
838 896
838 932
838 983
838 976
838 858
839 980
839 930
840 980
841 980
841 930
842 980
842 930
844 980
844 930
845 980
845 930
846 980
847 980
847 930
848 980
848 930
849 930
850 980
851 930
852 980
852 930
852 919
852 896
853 980
853 930
853 919
854 980
854 930
854 919
854 896
855 980
855 930
856 980
856 930
857 980
857 930
858 980
858 930
858 919
858 896
858 932
859 980
859 930
860 980
860 930
860 919
861 980
862 980
862 930
862 919
863 980
864 980
864 930
865 980
865 930
866 980
866 930
867 980
867 930
868 980
868 930
869 980
870 980
870 930
871 980
871 930
872 980
872 930
873 980
873 930
874 980
874 930
875 980
876 980
876 930
877 980
877 930
877 919
877 896
877 932
878 980
878 930
879 980
879 930
879 896
880 980
880 930
880 919
881 980
881 930
882 980
883 980
884 980
884 930
885 980
885 930
885 919
887 980
887 930
888 980
889 980
889 930
889 919
890 980
890 930
890 919
891 980
891 930
891 919
892 980
892 930
893 980
893 930
894 980
894 930
894 919
894 896
894 932
894 976
895 980
895 930
896 980
896 930
896 919
896 932
896 983
896 976
896 900
896 935
896 949
896 941
896 904
896 940
896 934
896 987
896 946
896 923
896 901
896 959
896 996
896 985
896 978
896 954
896 914
896 973
897 980
898 980
898 930
899 980
900 980
900 930
900 919
900 932
900 983
901 980
901 930
901 919
901 932
902 980
902 930
903 980
903 930
904 980
904 930
904 919
904 932
904 935
905 980
907 980
908 980
908 930
908 919
909 980
910 980
910 930
912 980
912 930
913 980
913 930
913 919
914 980
914 930
915 980
915 930
916 980
916 930
917 980
917 930
918 980
918 930
919 980
919 930
919 932
919 983
919 976
919 935
919 949
919 941
919 940
919 934
919 987
919 946
919 923
919 959
919 996
919 985
919 925
919 978
919 954
919 964
919 931
919 939
919 981
919 974
919 953
919 968
920 980
920 930
921 980
921 930
922 980
922 930
923 980
923 930
923 932
924 980
925 980
925 930
927 980
927 930
928 980
929 980
929 930
930 980
930 932
930 983
930 976
930 935
930 949
930 941
930 940
930 934
930 987
930 946
930 959
930 996
930 985
930 978
930 954
930 964
930 931
930 939
930 981
930 977
930 974
930 989
930 953
930 997
930 936
930 988
930 968
930 975
930 955
930 994
930 943
930 960
930 944
930 973
930 942
930 947
930 990
930 982
930 979
930 957
930 967
930 971
930 950
930 963
930 969
930 991
930 995
931 980
932 980
932 983
932 976
932 935
932 949
932 941
932 940
932 934
932 987
932 946
932 985
933 980
934 980
935 980
935 983
935 976
935 949
936 980
937 980
938 980
939 980
940 980
940 983
940 941
941 980
942 980
943 980
944 980
946 980
947 980
949 980
949 983
950 980
951 980
952 980
953 980
954 980
955 980
956 980
957 980
958 980
959 980
960 980
961 980
962 980
964 980
965 980
967 980
968 980
969 980
970 980
971 980
973 980
974 980
975 980
976 980
976 983
977 980
978 980
979 980
980 983
980 987
980 996
980 985
980 981
980 989
980 997
980 988
980 994
980 990
980 982
980 999
980 991
980 1000
980 992
980 984
980 986
