200 1017
1 93
1 162
1 165
1 186
1 189
1 190
1 193
1 194
2 17
2 31
2 50
2 57
2 76
2 106
2 165
2 170
2 179
2 184
3 74
3 78
3 79
3 121
3 139
3 155
3 163
4 15
4 18
4 61
4 63
4 69
5 18
5 20
5 57
5 59
5 85
5 111
5 130
5 133
5 140
5 180
5 197
6 44
6 62
6 72
6 84
6 94
6 111
6 127
6 151
6 189
7 23
7 52
7 66
7 102
7 126
7 180
7 185
7 190
7 198
8 24
8 68
8 81
8 85
8 96
8 144
8 156
8 158
8 180
9 87
9 128
9 133
9 155
9 159
9 160
9 179
9 193
10 25
10 34
10 77
10 105
10 116
10 145
10 156
10 169
10 170
10 181
11 29
11 47
11 50
11 64
11 79
11 99
11 149
11 165
11 187
12 19
12 44
12 96
12 167
12 172
12 173
13 21
13 44
13 49
13 57
13 73
13 119
13 197
14 15
14 22
14 36
14 41
14 59
14 66
14 94
14 110
14 115
14 136
14 177
14 198
15 22
15 51
15 77
15 111
15 147
15 190
15 199
16 26
16 48
16 61
16 77
16 78
16 87
16 96
16 129
16 175
16 179
17 24
17 51
17 53
17 70
17 73
17 74
17 108
17 162
17 198
18 55
18 77
18 81
18 85
18 99
18 109
18 110
18 114
18 141
18 173
18 188
18 199
18 200
19 38
19 44
19 56
19 98
19 131
19 182
20 51
20 60
20 83
20 95
20 105
20 129
20 136
20 161
20 168
20 181
20 190
20 192
20 197
21 34
21 37
21 82
21 83
21 115
21 122
21 139
21 192
22 69
22 88
22 104
22 114
22 126
22 135
22 150
22 158
22 171
22 175
22 182
23 29
23 106
23 135
23 153
23 172
24 27
24 68
24 96
24 104
24 116
24 117
24 120
24 123
24 139
24 163
24 192
25 30
25 65
25 95
25 106
25 155
25 157
25 159
25 182
25 187
26 61
26 96
26 104
26 105
26 108
26 127
26 152
26 159
26 170
27 48
27 54
27 61
27 71
27 100
27 105
27 110
27 125
27 133
27 160
27 168
27 190
27 195
27 197
27 199
28 95
28 98
28 115
28 123
28 129
28 182
28 184
28 191
29 34
29 40
29 89
29 96
29 101
29 163
29 187
30 40
30 98
30 120
30 135
30 142
30 173
31 36
31 53
31 54
31 78
31 86
31 115
31 121
31 128
31 134
31 141
31 179
31 187
31 195
32 48
32 63
32 66
32 74
32 77
32 81
32 89
32 101
32 117
32 118
32 126
32 150
32 153
32 157
32 186
32 196
33 68
33 80
33 95
33 121
33 142
33 157
33 170
34 62
34 67
34 102
34 151
34 162
34 180
34 187
35 47
35 61
35 69
35 88
35 92
35 103
35 187
36 43
36 50
36 55
36 62
36 69
36 88
36 118
36 138
36 158
36 165
36 180
37 39
37 91
37 95
37 101
37 112
37 114
37 150
38 41
38 42
38 47
38 133
38 142
38 165
38 184
39 51
39 76
39 82
39 127
39 137
39 165
39 185
39 186
40 50
40 54
40 62
40 149
40 152
40 161
40 199
41 49
41 65
41 80
41 115
41 125
41 150
41 162
41 191
41 194
41 195
42 46
42 65
42 73
42 75
42 83
42 160
42 168
42 189
43 47
43 91
43 105
43 127
43 165
43 172
44 111
44 117
44 149
44 154
45 69
45 78
45 83
45 91
45 93
45 118
45 142
45 165
45 171
45 194
45 196
46 47
46 98
46 112
46 122
46 149
46 152
46 153
46 154
46 159
46 173
46 198
47 64
47 84
47 94
47 134
48 52
48 85
48 88
48 89
48 112
48 122
48 130
48 131
48 132
48 144
48 148
48 149
48 169
49 57
49 69
49 72
49 87
49 118
49 138
49 140
49 171
50 54
50 63
50 75
50 127
50 132
50 183
51 57
51 65
51 76
51 149
51 162
51 165
51 174
52 80
52 94
52 98
52 101
52 142
52 161
52 175
52 200
53 67
53 75
53 89
53 98
53 114
53 137
53 171
54 56
54 89
54 109
54 116
54 121
54 131
54 135
54 153
54 158
54 165
54 186
54 196
55 76
55 101
55 109
55 114
56 60
56 110
56 131
56 137
56 147
56 178
56 185
57 62
57 67
57 88
57 138
57 143
57 188
57 190
57 191
57 193
58 76
58 78
58 81
58 83
58 87
58 89
58 111
58 115
58 143
58 180
59 74
59 91
59 103
59 120
59 144
59 159
59 169
59 183
60 112
60 120
60 175
60 177
60 188
61 77
61 83
62 90
62 114
62 124
62 135
62 151
62 165
62 194
62 198
63 108
63 127
63 158
63 163
63 179
64 70
64 97
64 119
64 144
64 154
64 161
65 77
65 126
65 147
65 186
66 74
66 113
66 148
66 181
66 182
66 191
66 196
67 70
67 75
67 77
67 80
67 126
67 146
67 153
67 162
67 175
67 176
68 73
68 74
68 75
68 77
68 90
68 155
68 161
68 176
68 187
69 116
69 122
69 130
69 132
69 141
69 173
69 178
69 183
69 198
70 121
70 133
70 146
70 184
71 106
71 126
71 145
71 152
71 199
72 77
72 94
72 109
72 123
72 154
72 157
72 171
72 179
72 189
73 80
73 81
73 87
73 91
73 97
73 184
74 88
74 115
74 129
74 133
74 135
74 199
75 76
75 88
75 92
75 107
75 139
75 140
75 152
75 162
75 186
75 191
76 152
76 155
76 178
77 103
77 121
77 141
77 145
77 159
77 164
77 165
78 109
78 114
78 124
78 147
78 153
78 182
78 195
79 105
79 125
79 142
79 163
79 165
79 192
79 193
79 200
80 86
80 120
80 140
80 145
81 105
81 140
81 179
81 184
81 186
81 188
82 87
82 88
82 117
82 142
82 169
82 171
82 174
83 85
83 93
83 105
83 122
83 191
84 105
84 190
85 132
85 142
85 145
85 147
85 167
85 196
85 198
86 99
86 123
86 128
86 131
86 133
86 154
86 155
87 92
87 107
87 118
87 134
87 170
87 178
87 196
88 92
88 100
88 120
88 121
88 158
88 172
88 190
89 123
89 143
89 150
89 182
90 137
90 165
90 167
91 130
91 134
91 137
91 155
91 158
91 197
92 97
92 118
92 130
92 133
92 166
92 199
93 158
93 168
93 176
93 179
93 181
94 117
94 121
94 144
94 168
94 175
94 181
94 192
95 125
95 128
95 136
95 151
95 173
95 174
95 186
96 100
96 115
96 134
96 136
96 150
96 156
97 109
97 136
97 153
97 155
97 162
97 163
97 180
98 101
98 131
98 142
98 157
98 171
98 173
98 185
98 188
98 199
99 123
99 129
99 137
99 163
99 190
99 194
99 198
100 111
100 169
100 170
100 172
100 183
101 171
101 176
102 112
102 156
102 157
102 185
102 190
102 194
103 105
103 117
103 158
103 172
103 176
103 199
103 200
104 110
104 123
104 125
104 156
104 157
104 177
105 116
105 174
106 124
106 149
106 174
107 126
107 182
107 183
107 189
108 109
108 113
108 116
108 142
108 147
108 165
108 175
108 193
108 194
109 117
109 153
109 154
109 164
109 185
110 140
110 172
110 180
111 124
111 152
111 174
111 193
112 125
112 148
112 165
112 168
112 177
112 191
113 139
113 150
113 183
113 192
113 197
114 130
114 131
114 132
114 144
114 162
114 185
114 194
115 118
115 187
115 199
116 158
116 180
117 125
117 144
117 184
117 185
117 200
118 166
118 196
119 126
119 132
119 142
119 146
119 163
119 176
120 144
120 181
120 183
120 200
121 124
121 129
121 169
122 142
122 159
122 170
123 134
123 155
124 182
124 195
125 135
125 144
125 185
125 189
126 133
126 138
126 146
126 150
126 163
126 177
126 190
127 136
127 153
127 162
127 168
127 177
127 194
128 140
128 148
128 160
129 140
129 156
129 166
129 175
129 186
130 151
130 178
130 180
130 182
130 186
131 169
131 181
131 193
132 143
132 147
132 181
132 189
134 147
134 156
135 151
135 182
136 160
136 195
138 148
138 155
138 171
138 196
138 199
139 149
139 168
140 183
141 180
141 182
141 199
142 158
142 166
142 168
142 182
144 167
144 183
144 197
145 153
145 154
145 162
145 163
145 169
145 172
145 198
145 200
146 152
146 163
146 173
147 157
147 173
147 186
147 193
148 181
148 200
149 187
150 153
150 157
150 195
150 197
151 169
151 171
151 182
152 155
152 158
152 179
152 182
154 184
154 189
154 193
154 195
154 197
155 158
155 176
155 177
155 197
156 181
157 158
158 175
159 180
159 181
159 189
159 200
160 170
160 187
160 189
161 184
162 182
162 183
162 193
162 196
163 183
163 185
164 170
164 183
164 192
165 167
165 181
165 185
166 191
166 192
166 194
167 175
167 188
169 193
171 175
171 196
172 187
172 191
172 195
172 198
174 178
175 182
175 184
175 194
176 190
176 197
177 193
178 195
178 196
178 200
184 188
184 196
187 190
188 189
188 195
188 196
190 196
192 196
