200 1356
1 5
1 12
1 37
1 73
1 143
1 154
1 165
1 174
1 193
2 4
2 21
2 45
2 47
2 50
2 87
2 127
2 158
2 166
2 179
2 195
2 196
3 4
3 12
3 23
3 37
3 62
3 88
3 127
3 129
3 141
3 142
3 143
3 145
3 154
3 159
3 161
3 182
3 187
3 197
3 200
4 15
4 39
4 57
4 66
4 77
4 86
4 92
4 105
4 110
4 130
4 131
4 132
4 143
4 156
4 163
4 176
4 181
4 188
4 191
4 199
5 20
5 28
5 33
5 43
5 79
5 95
5 108
5 111
5 113
5 130
5 137
5 150
5 157
5 197
6 17
6 27
6 43
6 50
6 60
6 68
6 73
6 81
6 139
6 142
6 145
6 176
6 189
7 16
7 47
7 58
7 71
7 83
7 100
7 116
7 126
7 130
7 132
7 136
7 137
7 138
7 148
7 156
7 160
7 176
7 193
8 21
8 43
8 119
8 126
8 132
8 135
8 138
8 159
8 164
8 165
8 169
9 13
9 34
9 51
9 63
9 77
9 96
9 99
9 115
9 135
9 162
9 167
9 182
9 185
10 12
10 27
10 31
10 33
10 46
10 53
10 70
10 84
10 90
10 155
10 156
10 157
10 158
10 178
11 59
11 78
11 85
11 102
11 103
11 104
11 106
11 108
11 112
11 127
11 130
11 132
11 134
11 137
11 149
11 168
11 190
12 44
12 55
12 57
12 87
12 90
12 107
12 111
12 152
12 157
12 162
12 184
12 194
13 47
13 81
13 90
13 149
13 162
13 166
13 172
13 178
14 26
14 36
14 54
14 56
14 57
14 63
14 114
14 128
14 129
14 132
14 140
14 152
14 166
14 194
15 40
15 45
15 47
15 60
15 71
15 103
15 139
15 152
15 161
15 193
15 198
16 52
16 72
16 75
16 104
16 112
16 132
16 163
16 188
16 199
17 24
17 40
17 44
17 58
17 82
17 94
17 107
17 113
17 150
17 152
17 156
18 41
18 55
18 91
18 92
18 99
18 114
18 124
18 174
18 198
18 199
18 200
19 55
19 70
19 78
19 92
19 158
19 165
20 21
20 35
20 42
20 74
20 80
20 91
20 142
20 144
20 152
20 169
20 170
20 181
21 25
21 33
21 34
21 47
21 72
21 87
21 93
21 97
21 129
21 144
21 154
21 166
21 176
21 188
21 193
21 195
22 27
22 32
22 54
22 60
22 96
22 119
22 129
22 149
22 163
22 173
22 176
22 177
22 182
22 184
22 194
23 53
23 122
23 129
23 143
24 69
24 79
24 101
24 111
24 113
24 119
24 123
24 130
24 176
24 177
24 195
25 36
25 42
25 73
25 76
25 83
25 85
25 111
25 123
25 154
25 164
25 169
25 177
26 27
26 30
26 43
26 56
26 66
26 67
26 83
26 118
26 119
26 142
26 173
26 174
26 187
27 83
27 111
27 149
27 159
27 162
27 169
27 170
27 188
27 191
28 29
28 36
28 55
28 59
28 104
28 125
28 139
28 140
28 150
28 154
28 157
28 164
28 171
28 173
28 189
29 36
29 40
29 60
29 62
29 104
29 109
29 117
29 127
29 139
29 157
29 195
30 51
30 58
30 74
30 108
30 118
30 120
30 130
30 165
30 168
30 173
30 190
31 69
31 97
31 99
31 111
31 132
31 145
31 177
31 180
31 191
32 55
32 75
32 87
32 93
32 97
32 108
32 131
32 179
32 183
32 193
33 58
33 80
33 81
33 83
33 114
33 127
33 130
33 153
33 172
33 173
33 183
33 195
33 200
34 43
34 53
34 59
34 86
34 106
34 109
34 114
34 125
34 149
34 160
34 186
34 188
35 39
35 50
35 53
35 61
35 88
35 107
35 131
35 145
35 148
35 184
35 189
36 55
36 59
36 61
36 68
36 98
36 109
36 112
36 123
36 128
36 141
36 142
36 161
37 42
37 49
37 75
37 82
37 88
37 93
37 99
37 130
37 143
37 165
37 169
37 184
37 187
37 192
37 194
38 50
38 91
38 111
38 153
38 163
38 174
38 178
38 185
38 188
38 189
39 66
39 69
39 73
39 83
39 86
39 102
39 107
39 134
39 159
39 165
39 181
39 190
40 67
40 78
40 81
40 87
40 101
40 103
40 109
40 127
40 147
40 151
40 164
40 185
40 200
41 46
41 88
41 99
41 107
41 117
41 131
41 155
41 163
41 173
41 189
42 66
42 79
42 81
42 110
42 119
42 143
42 158
43 55
43 82
43 102
43 111
43 119
43 179
43 195
43 199
44 67
44 80
44 131
44 140
44 197
45 62
45 63
45 64
45 68
45 81
45 99
45 109
45 118
45 121
45 133
45 136
45 138
45 164
45 179
45 192
45 194
46 63
46 69
46 87
46 92
46 93
46 114
46 126
46 149
46 154
46 161
46 162
46 169
46 176
46 191
46 199
47 49
47 78
47 116
47 121
47 186
48 74
48 92
48 96
48 109
48 116
48 121
48 126
48 158
48 173
48 176
48 186
48 195
49 53
49 139
49 140
49 147
49 163
49 167
49 181
50 58
50 60
50 65
50 90
50 102
50 104
50 125
50 129
50 134
50 142
50 182
50 199
51 53
51 58
51 60
51 86
51 108
51 122
51 144
51 173
51 176
51 179
52 89
52 129
52 131
52 180
52 187
52 197
53 80
53 88
53 100
53 106
53 117
53 123
53 148
53 157
53 177
53 179
53 181
54 70
54 96
54 117
54 122
54 124
54 142
54 148
54 178
55 61
55 64
55 90
55 102
55 127
55 146
55 189
55 192
55 197
56 82
56 86
56 88
56 93
56 94
56 107
56 118
56 137
56 141
56 159
56 163
56 184
57 66
57 67
57 87
57 97
57 99
57 104
57 123
57 145
57 157
58 70
58 102
58 114
58 120
58 125
58 147
58 150
58 156
58 160
58 163
58 193
58 198
59 81
59 101
59 183
60 63
60 81
60 87
60 105
60 127
60 131
60 142
60 170
60 189
60 195
61 76
61 87
61 93
61 99
61 104
61 107
61 161
61 163
61 167
61 169
61 174
61 188
61 198
61 200
62 72
62 75
62 85
62 89
62 90
62 113
62 166
62 175
62 200
63 73
63 80
63 84
63 96
63 108
63 113
63 114
63 133
63 147
63 161
63 172
63 176
63 183
64 74
64 190
64 200
65 74
65 75
65 79
65 80
65 90
65 91
65 92
65 129
65 136
65 158
65 159
65 175
65 182
65 185
65 199
66 84
66 90
66 117
66 139
66 160
66 170
66 171
66 176
66 191
66 193
67 68
67 100
67 107
67 123
67 124
67 137
67 144
67 145
67 200
68 112
68 114
68 116
68 126
68 143
68 144
68 147
68 171
68 195
69 71
69 81
69 86
69 108
69 118
69 119
69 128
69 131
69 144
69 145
69 151
69 169
69 173
69 183
69 187
69 188
69 190
69 199
70 88
70 123
70 146
70 157
70 160
70 162
71 82
71 89
71 97
71 112
71 120
71 125
71 146
71 171
71 193
71 196
71 198
72 76
72 84
72 87
72 133
72 159
72 169
72 198
73 75
73 79
73 93
73 101
73 137
73 144
73 147
73 163
73 169
73 172
73 187
73 193
74 91
74 95
74 100
74 118
74 120
74 137
74 138
74 161
74 171
74 187
75 89
75 131
75 140
75 145
75 167
75 200
76 79
76 119
76 134
76 136
76 151
76 153
76 160
76 180
77 85
77 113
77 142
77 154
77 165
77 192
78 112
78 154
78 159
78 175
79 108
79 134
79 148
79 150
79 151
79 153
79 177
79 182
79 188
80 82
80 88
80 120
80 154
81 85
81 88
81 98
81 104
81 121
81 132
81 142
81 152
81 157
81 164
81 175
82 88
82 114
82 128
82 129
82 130
82 135
82 153
82 186
83 103
83 104
83 108
83 126
83 162
83 166
83 181
84 88
84 91
84 97
84 100
84 101
84 126
84 159
84 176
84 196
85 105
85 125
85 127
85 147
85 150
85 158
85 163
85 167
85 186
86 95
86 101
86 113
86 119
86 127
86 130
86 132
86 149
86 163
86 174
86 175
87 93
87 112
87 135
87 153
87 167
87 175
87 179
87 183
87 186
88 100
88 103
88 116
88 120
88 122
88 151
89 94
89 106
89 143
89 175
89 178
89 197
90 97
90 118
90 132
90 139
90 195
91 92
91 96
91 122
91 125
91 150
91 182
92 116
92 118
92 127
92 137
92 141
92 142
92 166
92 183
92 198
93 129
93 177
93 178
94 97
94 113
94 133
94 137
94 158
94 163
94 177
94 196
95 115
95 117
95 135
95 149
95 191
95 194
95 200
96 97
96 98
96 105
96 120
96 124
96 126
96 174
96 181
96 182
96 187
96 190
97 109
97 128
97 137
97 147
97 149
97 180
97 181
97 194
97 197
98 99
98 153
98 162
98 171
98 175
98 177
98 180
98 188
99 156
99 158
99 180
100 113
100 141
100 159
100 162
100 166
100 170
100 173
100 186
101 106
101 120
101 122
101 126
101 145
101 157
101 185
101 200
102 123
102 141
102 147
102 153
102 176
102 192
103 106
103 109
103 120
103 125
103 134
103 150
103 200
104 123
104 124
104 156
104 164
104 182
105 128
105 140
105 167
105 176
105 181
105 182
105 183
106 111
106 122
106 128
106 141
106 148
106 179
106 199
107 116
107 127
107 139
107 181
107 183
107 198
108 112
108 123
108 124
108 132
108 143
108 150
108 200
109 115
109 121
109 125
109 140
109 189
110 126
110 153
110 165
110 166
110 178
111 166
111 173
111 178
111 185
111 189
111 199
112 117
112 122
112 139
112 191
112 192
113 118
113 129
113 135
113 146
113 159
113 161
113 174
113 193
114 156
114 158
114 161
114 168
114 172
114 175
114 186
114 191
114 197
115 157
115 165
116 127
116 135
116 136
116 192
117 126
117 144
117 183
117 189
117 190
117 197
117 200
118 127
118 129
118 139
118 146
118 153
118 174
118 185
118 186
118 189
119 126
119 129
119 133
119 134
119 138
119 160
119 166
119 175
119 196
120 130
120 133
120 139
120 188
120 192
120 200
121 125
121 134
121 174
121 175
121 176
122 148
122 161
122 182
123 152
123 173
123 184
124 159
124 199
125 129
125 152
125 170
125 171
125 176
125 197
126 197
127 129
127 181
127 200
128 133
128 135
128 140
128 147
128 185
129 136
129 139
129 160
129 181
129 185
129 190
129 191
130 147
130 150
130 152
130 167
130 192
130 194
131 163
131 183
131 196
131 197
132 139
132 152
132 171
132 173
132 188
132 192
133 135
133 193
134 135
134 155
134 157
134 182
135 144
135 174
136 137
136 158
136 167
136 168
136 172
136 178
136 189
136 195
137 140
137 146
137 159
137 162
137 200
138 145
138 168
138 171
138 183
139 155
139 156
139 182
139 183
140 143
140 146
140 150
140 179
140 197
140 198
141 143
141 148
141 161
141 162
141 166
141 181
141 182
142 151
142 167
142 180
142 181
142 198
144 148
144 171
144 191
144 196
144 197
145 161
145 169
145 171
145 188
146 156
146 161
146 175
147 154
147 166
147 177
147 188
148 162
148 163
148 175
148 183
148 184
148 191
149 183
149 184
150 152
150 159
150 171
150 183
151 167
151 191
151 192
152 188
152 194
153 168
153 170
153 172
153 176
153 189
154 162
154 164
154 169
154 181
155 158
155 161
155 170
155 179
156 168
156 186
156 188
156 199
157 177
157 191
157 197
158 164
158 168
159 163
159 168
159 193
159 198
160 167
160 169
160 179
161 162
161 164
161 167
161 195
162 173
162 190
162 193
163 168
163 175
163 181
163 187
163 195
164 171
164 174
164 185
165 169
166 191
167 182
168 175
168 189
168 194
169 185
169 200
172 173
172 175
172 177
172 183
172 185
172 197
172 198
173 184
173 186
173 190
174 180
175 186
176 198
177 189
177 197
178 181
179 192
179 193
181 185
181 191
181 194
185 199
186 190
187 188
187 199
188 198
189 195
190 193
191 200
192 198
193 194
193 196
194 196
199 200
