200 845
1 9
1 33
1 35
1 44
1 51
1 113
1 115
1 165
1 180
2 12
2 84
2 89
2 100
2 167
3 20
3 32
3 190
3 196
4 13
4 14
4 17
4 62
4 65
4 68
4 90
4 116
4 146
4 151
4 155
4 176
4 178
5 18
5 36
5 83
5 99
5 166
6 51
6 58
6 59
6 60
6 62
6 75
6 82
6 95
6 100
7 17
7 57
7 67
7 85
7 97
7 100
7 120
7 170
7 176
7 183
8 134
8 165
8 175
8 183
8 194
9 16
9 64
9 80
9 111
9 132
9 193
10 104
10 113
10 144
10 174
11 15
11 17
11 53
11 90
11 118
11 124
11 128
11 151
12 15
12 59
12 78
12 80
12 97
12 100
12 101
12 134
12 135
12 142
12 155
12 173
13 45
13 54
13 73
13 124
13 147
13 148
13 171
13 192
14 37
14 72
14 74
14 99
14 137
14 154
15 17
15 31
15 46
15 75
15 84
15 97
15 98
15 125
15 157
15 163
16 40
16 76
16 147
16 157
16 164
16 193
17 46
17 56
17 75
17 153
18 23
18 25
18 35
18 68
18 72
18 75
18 119
18 149
18 151
18 158
19 21
19 29
19 62
19 64
19 66
19 86
19 101
19 123
19 156
19 160
19 178
19 179
20 40
20 73
20 74
20 96
20 105
20 146
20 193
20 198
21 49
21 126
21 130
21 148
21 176
21 187
22 49
22 66
22 67
22 89
22 90
22 143
22 157
22 167
22 168
22 186
23 104
23 149
23 200
24 135
24 162
25 105
25 131
25 135
25 148
25 179
25 199
26 53
26 58
26 73
26 87
26 91
26 99
26 106
26 114
26 144
26 151
26 160
27 43
27 46
27 73
27 121
27 135
27 162
27 171
28 41
28 60
28 87
28 107
28 134
28 139
29 46
29 95
29 98
29 102
29 104
29 134
29 166
29 178
30 88
30 137
30 164
30 166
31 36
31 67
31 110
31 165
31 182
31 185
31 198
32 37
32 44
32 47
32 65
32 75
32 83
32 109
32 113
32 121
32 136
32 155
32 177
32 193
32 196
33 38
33 40
33 59
33 81
33 82
33 89
33 141
33 166
33 179
33 200
34 39
34 54
34 88
34 127
34 133
34 165
34 186
35 52
35 63
35 102
35 108
35 118
35 122
35 132
35 142
35 189
36 50
36 68
36 113
36 124
36 178
36 187
37 53
37 66
37 88
37 160
37 192
38 40
38 42
38 133
38 176
39 48
39 69
39 79
39 88
39 95
39 122
39 133
39 154
39 171
39 189
40 92
40 95
40 118
40 185
40 200
41 61
41 62
41 73
41 103
41 111
41 113
41 114
41 116
41 154
41 192
42 43
42 57
42 65
42 85
42 87
42 94
42 124
42 142
42 179
42 184
42 189
42 196
43 55
43 58
43 74
43 110
43 112
43 122
43 132
43 156
43 164
43 167
43 181
44 110
44 152
44 162
44 198
45 79
45 132
46 88
46 113
46 119
46 162
46 163
46 182
46 190
47 60
47 67
47 115
47 120
47 142
47 152
48 51
48 67
48 72
48 127
48 128
48 131
48 132
48 162
48 163
48 180
48 195
49 87
49 103
49 115
49 153
49 156
49 159
49 169
49 191
50 64
50 78
50 123
50 141
50 182
50 187
50 196
51 132
51 137
51 184
51 187
52 57
52 82
52 160
52 185
53 57
53 71
53 102
53 103
53 115
53 152
53 166
54 67
54 78
54 98
54 102
54 126
54 156
54 171
54 176
55 64
55 79
55 85
55 117
55 122
55 146
55 178
55 181
55 192
56 59
56 82
56 126
56 127
56 150
56 156
57 60
57 65
57 76
57 81
57 96
57 105
57 190
58 69
58 84
58 92
58 93
58 123
58 142
58 147
58 150
58 166
58 198
59 67
59 69
59 100
59 136
59 155
59 172
59 200
60 84
60 114
60 120
60 126
60 131
60 142
60 162
60 199
61 79
61 82
61 99
61 171
61 186
62 75
62 82
62 91
62 97
62 99
62 102
62 129
62 150
62 157
62 160
62 164
62 200
63 136
63 191
64 135
64 172
64 200
65 80
65 88
65 98
65 172
66 74
66 75
66 80
66 108
66 126
66 173
66 186
67 91
67 101
67 192
67 196
68 81
68 106
68 117
68 131
68 141
68 147
68 156
68 195
69 89
69 137
69 176
70 77
70 113
70 174
71 107
71 111
71 139
71 181
72 74
72 75
72 134
72 136
72 154
72 169
72 181
72 182
73 130
73 146
73 160
73 186
73 198
74 165
74 168
75 76
75 105
75 116
75 118
75 157
75 159
76 116
76 124
76 130
76 159
76 196
77 117
77 122
77 134
77 141
77 150
77 171
77 183
77 190
78 120
78 125
78 138
78 164
78 173
79 89
80 105
80 120
80 124
80 161
80 192
81 92
81 119
81 132
81 133
81 156
81 170
81 176
81 180
82 105
82 123
82 166
82 192
83 97
83 108
83 134
83 141
84 122
84 128
84 138
84 159
84 177
84 179
85 87
85 118
85 121
85 193
86 89
86 128
86 138
86 150
86 171
86 187
87 113
87 146
87 148
87 149
87 185
88 105
88 107
89 111
89 132
89 144
90 139
90 180
91 133
91 173
91 199
92 117
92 144
92 170
92 199
93 124
93 138
93 144
93 160
93 175
93 182
93 189
93 195
94 120
94 156
94 163
95 132
95 137
95 163
96 172
96 174
97 108
97 121
97 134
97 142
97 155
97 171
97 185
98 116
98 121
98 161
98 167
99 106
99 187
99 192
100 150
100 157
100 164
100 192
101 108
101 120
101 172
101 173
102 156
102 162
102 198
103 105
103 129
103 131
103 133
103 134
103 148
104 110
104 152
104 173
104 178
105 126
105 130
105 140
105 161
107 128
107 132
107 135
107 138
107 143
107 166
107 184
108 147
108 151
108 178
109 185
110 134
111 112
111 115
111 138
111 165
111 179
111 184
111 187
113 115
113 120
113 134
113 136
113 140
113 168
114 141
114 149
114 154
114 157
114 175
114 180
114 197
115 147
115 169
115 174
115 188
115 198
116 151
116 156
116 161
117 188
118 129
118 140
118 174
118 198
119 135
119 146
119 149
119 188
120 161
120 169
120 192
120 195
121 122
121 125
121 129
121 147
121 172
121 185
121 199
122 124
122 152
122 157
122 165
122 173
122 192
122 198
123 150
123 153
123 168
123 183
123 198
124 137
124 138
124 149
124 154
124 192
124 197
125 178
125 188
126 148
126 152
126 165
127 154
127 163
127 176
128 135
128 149
128 165
128 181
129 132
129 141
130 137
130 142
131 182
132 147
132 187
132 199
133 137
133 158
133 186
134 161
134 182
134 191
134 200
135 172
135 189
135 191
136 149
136 158
136 175
137 146
137 158
137 178
138 143
138 185
139 149
139 154
139 173
139 184
140 153
140 159
140 180
140 189
141 161
142 162
142 178
142 198
143 179
143 192
143 199
144 195
145 146
145 150
145 153
146 147
146 151
146 175
147 153
147 157
147 175
147 193
148 151
149 158
150 154
151 154
152 155
152 180
152 184
152 195
153 180
154 183
154 184
156 195
157 158
157 167
157 175
158 168
158 189
160 179
160 183
161 163
161 170
161 183
161 193
162 192
162 195
163 178
163 190
165 181
166 196
168 169
168 189
168 192
168 200
169 196
170 176
170 186
171 174
171 191
172 180
173 176
175 195
176 198
177 188
178 183
179 195
180 194
181 189
182 190
184 189
187 191
188 200
190 192
191 193
191 199
197 198
