5452 1626
3 5 7 12 T
25 28 32 36 T
46 47 48 T
50 52 53 54 T
57 59 T
62 66 77 79 T
70 71 72 73 T
82 83 84 85 88 95 T
114 115 121 T
125 126 129 T
133 134 137 T
147 148 153 155 T
158 160 162 168 170 172 175 T
176 178 179 180 181 182 183 T
185 189 193 194 T
202 203 206 207 208 209 210 211 212 T
215 216 220 T
227 233 239 T
250 251 252 254 T
259 261 263 T
264 267 268 270 T
276 278 279 T
304 305 307 309 T
311 313 316 318 320 321 T
323 325 329 T
338 340 343 T
347 348 352 T
353 355 356 T
379 1501 1502 T
365 374 T
394 397 410 414 422 T
444 449 456 T
461 464 466 T
476 477 T
149 485 486 489 T
495 497 499 T
508 509 510 512 T
478 526 529 T
530 532 533 534 535 537 T
540 541 544 546 554 T
558 560 562 T
564 565 567 569 T
572 581 593 597 T
607 611 612 T
619 622 627 630 T
636 638 645 649 T
651 652 654 658 659 T
20 665 670 T
672 674 675 677 678 679 T
238 698 699 700 T
706 709 710 711 715 T
728 730 T
731 733 734 T
743 744 746 T
753 755 758 760 T
762 763 767 771 T
772 773 774 T
777 778 780 T
784 786 794 796 T
398 800 809 820 T
339 341 830 T
832 834 835 839 T
846 847 851 T
855 858 T
735 859 T
868 891 T
871 873 874 888 T
306 892 893 895 896 897 898 899 T
901 905 913 T
916 924 T
925 926 929 T
555 939 941 943 955 962 967 T
979 982 984 985 986 987 T
875 991 993 997 T
1000 1003 1006 1007 1008 T
1021 1023 1024 T
1025 1030 1031 T
1032 1034 1036 1043 T
462 467 1044 T
810 1047 1048 1050 T
1055 1056 1057 1060 T
1065 1066 1069 T
1078 1079 1080 1081 1082 1083 1085 1086 1087 1088 1089 1090 1091 T
1093 1096 T
1099 1100 T
1107 1111 T
1119 1121 1122 1128 T
1139 1140 1141 1147 T
573 4352 4353 4354 T
1161 4363 T
1172 1181 1188 T
1197 1199 T
676 680 1204 1208 T
1217 1218 1219 1220 T
1225 1226 1227 1228 1231 T
487 490 1235 1239 T
195 1242 1243 T
1244 1245 T
1205 1265 1267 T
1269 1270 1275 T
479 1276 1282 1283 1285 1288 1292 T
1289 1290 1291 1295 T
1305 1306 1308 1309 1310 1311 T
1313 1314 1318 T
326 1324 1325 1326 1327 T
1329 1331 1333 1334 1339 T
1348 1351 1354 T
1364 1368 1370 T
1371 1372 1373 1374 1375 1376 1377 1380 T
1384 1386 1389 T
1396 1398 1400 1403 T
174 1412 T
1421 1422 1423 T
1108 1426 1428 1430 1433 T
1443 1445 T
1189 1448 T
1457 1458 1459 1460 T
660 1467 T
280 1477 1478 1480 1481 1484 1485 T
480 1284 1487 T
281 1494 1496 T
1221 1504 1506 1507 1509 T
1058 1515 1516 T
130 1129 1522 1527 T
1529 1530 1531 1532 T
1541 1543 1545 1547 1550 T
1555 1556 1560 1562 T
1563 1565 1566 T
1570 1572 1574 T
944 956 1580 1581 T
1583 1588 T
1600 1606 1607 1608 1614 1619 T
1620 1623 1630 T
80 81 1631 1634 T
1638 1639 1640 T
1643 1646 1651 1661 T
1656 1658 T
1356 1668 T
375 1669 1673 1674 1675 1676 1680 1683 T
451 1687 1688 T
1130 1691 1692 1693 T
1697 1699 T
1703 1705 1709 1711 T
1723 1724 T
1729 1732 1734 T
1748 1753 1755 T
282 1670 1677 1681 1684 1756 T
547 1757 1760 T
1766 1767 1768 1769 1770 1773 1774 T
1779 1780 1781 T
1315 1319 1786 T
1787 1792 T
1798 1799 1800 1802 1803 T
945 957 963 968 1809 1811 1812 T
1246 1815 1818 T
1824 1825 1826 1829 T
1830 1832 1834 1835 1836 1837 T
1232 1849 T
1851 1852 1854 1855 T
1643 1646 1651 1661 T
1866 1871 T
980 983 1875 1876 1877 T
1881 1882 T
1890 1894 T
1905 1908 T
876 992 1909 1910 1911 1913 1914 1916 T
423 1461 1918 T
1920 1922 1926 1930 1937 T
1946 1947 1948 1950 T
1652 1662 1951 T
51 55 1557 1958 1959 1964 T
1970 1972 T
1979 1980 1983 T
1990 1992 1995 T
513 2001 2002 T
415 2005 2006 T
2024 2035 2042 T
608 2045 2046 T
2048 2050 2051 T
2055 2060 2067 2073 T
2076 2078 T
1286 2083 2084 2085 2086 2087 2088 T
2090 2091 2093 2095 T
116 2110 T
29 37 2106 2107 T
1349 2114 2117 2118 T
2120 2121 2122 2123 2124 2125 2126 2127 2128 T
1735 1788 1793 2138 T
2065 2141 2142 2145 T
4 6 8 801 2146 T
2158 2159 2161 T
2167 2169 2170 T
2171 2172 2183 T
330 2187 T
1190 2196 T
2198 2199 2200 2201 2206 2225 T
2216 2224 T
376 2219 2220 2221 2222 T
538 2223 T
2233 2245 2248 2252 T
196 2253 T
2263 2264 2270 2272 T
1584 1589 2276 2277 T
2282 2283 2284 2286 T
2287 2290 2293 2294 2295 2296 2297 2298 T
2300 2301 2305 2309 T
2323 2325 T
582 2334 2336 2338 2340 T
2342 2343 2347 T
2350 2351 2356 T
2382 2384 2385 T
1173 2386 2387 T
1001 1004 1009 2388 T
2395 2398 T
2402 2406 2411 T
927 2421 2432 T
2434 2442 2451 2452 T
2453 3439 3440 3445 T
2455 2456 2474 T
303 2463 2469 T
1177 1184 2478 2485 T
2488 2489 2491 2500 2501 T
424 2492 2494 2496 T
221 2503 2505 T
2509 2510 T
1927 2513 2515 2517 2518 T
2543 2549 2550 T
2554 2555 2557 2559 2564 T
2566 2567 2568 2569 T
2573 2574 2577 T
2579 2581 2582 T
2602 2603 2604 2607 T
2612 2614 2619 2622 T
425 2624 2625 T
2628 2632 2633 T
1352 2636 2637 T
2639 2641 2642 2643 T
745 2646 2649 T
452 1434 2650 2651 T
1533 2652 T
2653 2654 T
2544 2657 2658 2659 2661 2663 T
2665 2666 2667 2668 2669 2671 2673 T
2674 2676 2683 T
2575 2684 2686 T
2689 2691 2693 T
1827 2698 2700 2701 2702 T
877 2705 2707 2712 T
2708 2711 T
2717 2720 2722 T
1431 2730 2733 T
2738 2739 2740 T
1070 2288 T
2749 2754 2759 T
1229 2761 2762 T
2769 2775 T
624 639 2457 2776 2777 2778 2780 T
40 2800 2803 2804 T
2812 2814 2815 T
1222 1505 1508 2741 2816 2817 T
2827 2828 2831 2835 T
2837 2840 2843 2846 2849 2850 2851 2852 T
1037 2511 2855 2856 T
92 234 T
2422 2859 2860 2861 T
2870 2876 T
2882 2886 2889 T
2895 2896 2899 2915 2916 T
2904 2905 2907 2908 2911 2913 T
2927 2929 2931 T
2946 2952 2959 2963 T
707 716 2965 T
2971 2972 2973 2974 T
2976 2978 T
1900 2981 2983 T
2985 2989 T
3004 3005 3006 3010 3011 3017 T
1771 2077 2079 3020 3021 T
3025 3026 3029 3031 T
135 138 T
344 3040 3041 T
878 2713 3043 3047 3048 3050 T
1615 2900 3052 3053 3054 T
1609 3059 3060 3061 T
1704 1710 1712 3062 3063 T
117 3066 3074 T
3075 3076 T
3082 3084 T
3095 3101 T
2583 3107 3108 T
399 411 3111 T
164 3112 3113 3114 T
3119 3121 T
2584 3122 T
2412 3126 3130 T
3085 3135 3136 3137 3138 3139 3140 T
1988 3146 T
869 2443 3148 3149 T
1390 3155 T
779 3162 3165 T
3167 3168 T
601 603 1038 3173 T
3178 3179 3181 3182 T
811 3184 3185 3186 3187 3188 3189 T
1870 3192 3196 T
2306 3197 3198 T
3205 3207 T
1671 1678 1682 1685 3210 3212 3214 3217 T
3219 3221 T
3225 3227 T
426 2909 3232 3234 T
3237 3238 T
917 3241 T
334 3248 T
3250 3253 3254 T
3257 3262 3265 3266 T
909 3272 3275 3276 T
3278 3281 3282 T
2497 2829 2832 3292 3293 3294 T
90 3295 T
1570 1572 1574 T
1736 3296 T
812 3299 3300 3301 3302 3303 T
3304 3306 3308 T
3312 3313 T
2049 2052 3315 T
284 1479 1482 3316 T
3317 3318 T
548 3322 3325 3326 3327 3330 T
2444 3333 3334 T
3335 3336 3337 3338 T
342 831 3346 T
775 1094 2281 T
613 2811 T
3347 3348 3349 3354 3355 3356 3358 3360 3361 3364 3365 T
1973 2781 3366 3367 3368 3369 3370 T
2890 3373 3374 T
579 3380 T
3381 3383 T
2990 3393 3394 3395 3397 T
3399 3402 3409 T
265 400 412 427 802 T
1789 1794 2139 T
3415 3416 3420 T
2173 3424 3425 T
3426 3427 3428 3429 T
3436 3437 T
3446 3447 3449 T
1193 2950 3460 T
3462 3463 3465 T
848 1401 3470 3471 3472 T
1026 2403 2407 2413 T
3164 3476 T
2620 3477 3479 3481 3483 T
1247 1816 1819 3430 T
583 594 598 3485 3492 T
2202 2207 3505 3507 T
26 30 33 T
3012 3509 3513 T
2337 3515 3516 T
3522 3523 3524 3525 3526 T
3529 3533 T
3534 3536 T
2763 3558 3560 3561 T
3563 3565 T
3566 3573 3576 T
3582 3583 T
3589 3592 3593 3601 3603 T
2131 3605 3607 T
3608 3612 3614 T
2130 3615 3616 3618 T
3403 3410 3624 3627 3628 3629 T
3906 3909 T
2318 3639 T
1209 3640 3641 3644 T
9 3648 3649 3651 3652 T
227 233 239 T
1708 3069 T
2872 3658 T
673 3642 3659 3661 3662 T
1585 1590 3663 3665 T
3438 3667 T
119 123 T
1010 2853 3675 3676 3677 3680 3681 T
918 3242 3686 T
3688 3691 3695 3702 T
3431 3705 3706 T
17 3709 3712 T
1210 3404 3411 3717 T
2615 3718 T
3724 3726 T
1272 3731 T
1272 3731 T
2057 3736 3737 3738 3739 T
1616 3741 T
1994 3746 T
401 3748 3749 3750 3751 3752 T
3755 3756 3759 3760 T
1123 3764 3765 T
3770 3771 3772 T
3774 3775 T
222 3777 T
488 491 1240 3305 T
1177 1184 2478 2485 T
1564 1567 T
3077 3782 3784 T
2906 2910 2912 2914 3786 3787 T
3602 3788 3790 3791 T
1381 3793 3795 3796 T
3798 3800 3806 3814 T
2484 3820 3821 T
514 3824 3825 T
3836 3839 T
1526 3846 T
2242 3847 3848 T
849 3849 3851 T
3853 3854 3856 T
2877 3860 3863 T
3696 3703 3865 3867 T
3871 3875 3876 T
3888 3890 T
3897 3898 3900 T
1891 3907 T
3486 3916 3917 3918 T
67 1838 3932 3934 T
953 960 T
2162 3948 T
3405 3951 3952 3955 T
2094 2383 3960 3961 T
1435 2655 2966 T
3962 3963 3964 3968 3969 T
1601 3977 3979 3981 3984 T
110 111 2217 3991 3992 3998 4006 T
285 1495 1497 4003 T
3713 4004 4005 T
2445 2813 4010 T
1356 1668 T
3421 4011 4012 4014 4015 4016 T
1647 4017 4018 T
4030 4033 4035 T
1575 4036 4037 4038 T
481 4039 4040 T
2072 4042 4044 4046 T
165 3710 4049 4056 T
286 1142 4051 4054 4055 T
2955 3872 3877 4059 T
4062 4063 4066 4067 T
4068 4069 4071 T
1707 1713 4073 T
4074 4075 4076 4079 4080 4081 4083 T
4094 4096 T
1996 4099 4102 4107 4108 4110 T
2233 2245 2248 2252 T
1905 1908 T
2058 4125 4126 T
4129 4130 4132 4133 4134 4135 4138 T
332 4143 4144 4145 4146 T
4152 4156 4157 T
1965 2265 2271 2273 T
2475 4166 4167 T
4170 4172 4175 4180 T
1298 4185 4188 4190 T
4192 4195 T
4196 4198 4199 T
2874 4202 4203 4205 T
629 4206 4209 4214 4215 4217 T
2408 2414 3127 3131 3432 T
1594 2279 T
3357 4223 4224 4225 4226 4228 4229 4230 4231 4232 4233 4237 4238 4239 4240 T
4245 4247 T
3999 4249 4250 4251 4254 T
2629 4253 T
910 4263 4264 T
2640 3868 4265 4266 T
1378 4268 4269 4271 T
1424 2059 4280 T
3219 3221 T
4284 4287 T
2174 4291 4292 4294 4296 T
58 60 2943 T
2396 2399 4299 T
41 3068 4301 T
500 2435 4302 4303 T
4304 4305 4308 T
4316 4320 T
1624 4327 T
3807 4064 4328 4330 T
217 4333 T
1839 4336 4337 4339 T
640 2458 4340 4342 4344 T
1689 4357 4358 T
27 34 2344 4364 T
2175 2188 4368 4369 4371 T
727 4377 T
2400 3855 3857 T
4383 4385 4387 T
609 2446 4390 4391 T
2423 2862 4393 4394 4396 4399 T
1551 4402 T
2782 4404 4406 T
18 4408 T
1928 1931 1938 4409 T
4415 4416 4417 T
465 4420 4421 4423 T
3826 4431 4433 4434 T
2677 4435 4437 4438 4439 T
2424 2863 4440 T
204 2986 4442 4443 4445 4446 T
4451 4452 4453 T
4457 4458 4459 4460 4461 4462 T
1895 4468 T
3594 4474 4475 4484 T
4485 4486 4491 T
2956 3422 3873 4498 T
2312 4502 T
349 4355 T
4505 4506 4507 T
4516 4518 4520 T
3743 4526 4528 T
4533 4534 4536 T
4541 4543 T
4544 4545 4546 4547 T
428 2495 T
197 4555 T
2732 2736 3252 3256 T
4561 4562 T
768 4569 4570 T
2176 4571 4572 4573 4574 4575 T
3595 4576 4579 T
74 4432 4586 4589 T
2833 2991 4599 4600 T
1379 4612 4613 4614 4615 4616 4617 4618 4619 T
1932 1939 3617 4621 4622 T
4623 4624 4627 T
1335 3725 3727 T
1369 4629 4631 T
260 262 2742 4636 4637 T
1340 3697 4638 4639 4640 T
1462 1919 4649 4650 T
2883 2887 4651 4652 4653 4654 T
1391 1883 4655 4656 4657 T
198 3109 4658 T
1592 4659 T
3206 3208 4153 T
4660 4662 T
1840 3935 4675 T
1981 3596 4577 4677 4688 T
4678 4680 4681 T
1211 3625 4690 T
4563 4696 T
813 4698 4700 T
4702 4703 T
2023 2040 3273 4270 4709 T
4711 4715 T
4716 4722 T
127 131 4732 T
3564 4733 4734 4735 T
4072 4737 T
3030 4476 4741 4742 4743 T
988 4749 4750 4751 4753 4755 4756 4757 T
1698 4760 4761 4762 T
4763 4764 4765 T
2818 3448 3450 4770 T
1510 4774 4775 4776 T
3022 4787 T
4790 4791 4798 4800 T
4793 4795 T
2299 4797 T
1868 4803 T
2409 2415 3128 3433 T
4806 4807 4808 T
4811 4812 4813 T
816 4818 4820 4822 T
1761 4828 4829 4830 4833 4834 4835 T
3714 4837 4838 4839 T
2977 4306 4841 T
4845 4846 4848 T
1971 1974 4386 4679 4849 4850 4851 4852 T
4853 4854 4856 4857 4858 T
4862 4864 4866 4872 T
4378 4521 T
287 2416 3132 T
2864 4397 4882 T
872 879 889 4886 4887 4888 T
2755 3279 4897 T
2335 3027 3032 4477 4904 4905 T
3400 3406 3412 4906 4907 T
444 449 456 T
2179 2185 T
271 4917 4918 4919 T
444 449 456 T
119 123 T
3407 3413 3626 3965 T
2466 4926 4927 4928 T
2970 4930 4932 T
4933 4936 T
288 1143 4052 T
4938 4939 4943 T
2764 4946 T
2490 3115 4947 4948 4949 T
4950 4952 4955 T
949 4959 4961 4963 T
1312 2454 3910 4967 4968 4969 4970 4971 4972 4975 4977 T
324 2512 4978 T
575 3379 4979 T
4174 4980 T
4981 4983 T
2208 2226 4985 T
2875 4986 T
856 4987 T
4478 4988 4989 4990 T
1392 1744 4584 4991 4994 T
4718 4724 4996 T
1526 3846 T
3466 4119 T
4998 5001 5002 T
840 5004 5005 5006 T
1991 1997 5008 T
4752 5009 T
3517 5012 5013 T
919 1841 5015 T
3033 4479 5017 5019 T
2710 5022 T
2307 5024 T
1011 2389 5025 5027 T
333 5031 5032 T
4940 4944 5033 T
3678 5034 5036 5038 T
5039 5040 5041 5042 5043 T
1071 5045 5047 5049 T
4712 5055 5056 T
42 3451 5057 5059 5060 5064 T
3936 5067 T
584 3487 5068 5069 T
5070 5071 T
3668 4111 5076 T
2178 4370 4372 5077 5078 T
5079 5081 T
3319 5083 5084 5085 T
4192 4195 T
5086 5087 T
753 755 758 760 T
1176 2324 5089 T
402 1297 2735 4187 5090 5091 5092 5094 T
1101 5095 T
112 5096 5097 T
1120 1124 1131 5098 T
2179 2185 T
515 2168 T
1648 5035 5037 5101 T
5104 5107 T
585 2339 5110 T
1625 2613 2621 3482 5112 T
2839 2842 2845 2848 T
1049 4178 4418 5113 T
2699 4771 5114 5115 T
5116 5117 T
641 4341 4343 4345 5120 5121 5123 T
5124 5125 5126 T
3808 4065 4329 5130 T
911 5131 T
787 3473 5134 T
1960 1966 2605 5135 5136 T
5138 5143 T
4245 4247 T
4210 5147 5148 5149 T
610 724 4375 5150 T
2066 5151 5152 T
296 5155 5158 T
2055 2060 2067 2073 T
1534 4713 5161 T
3899 3901 4898 5164 5165 T
5167 5169 5171 5174 T
2884 2891 5175 T
576 1737 5088 5176 5177 T
732 736 3280 4899 5179 T
1012 2390 5026 T
4082 5181 5183 5184 T
880 3049 5186 T
2357 5187 T
4112 5188 5189 T
4625 5190 5191 T
350 4356 5192 5193 5195 T
2865 4395 4398 5197 T
788 4867 5199 T
19 5200 5201 T
2743 5203 5204 T
920 3243 5205 T
5206 5207 5212 T
3150 5213 T
5173 5214 5215 T
2656 2968 T
3579 5218 5220 T
4300 5221 5222 5223 5224 T
2901 5225 5226 5227 T
2870 2876 T
3966 5228 5229 T
4508 5230 5231 T
542 549 3323 3328 3331 3527 5232 5233 5234 5235 5238 5239 5240 5241 5242 T
5243 5246 T
940 942 969 T
928 2425 2433 5249 5250 T
4077 5251 5253 5254 5255 T
3013 3510 T
1923 1933 1940 5257 5259 T
1328 5260 5261 5262 5263 T
5264 5265 5269 5271 T
3086 4900 5273 T
789 5274 5275 T
4493 5277 T
2312 4502 T
132 5278 T
2819 4772 5279 T
1602 1610 4487 5280 T
3815 5281 5284 5285 T
308 5286 5289 5290 5291 5292 5293 T
2348 5294 5295 5296 5297 T
556 5299 5300 T
3078 3511 3783 T
5118 5301 T
815 821 4463 5302 5303 T
2068 2074 4045 5304 T
1144 3535 3537 5305 5306 T
429 2498 5307 5308 5311 T
218 5315 5316 T
4984 5317 T
2232 2244 3891 5318 T
5003 5319 5320 T
921 5322 5323 T
2080 3822 T
2180 4293 5324 5327 T
1192 3459 5328 T
1921 3773 5329 5330 T
1177 1184 2478 2485 T
953 960 T
3401 3408 3414 5331 T
430 2499 2830 2834 5333 5334 T
1941 5335 5336 5337 T
1341 3698 5338 5341 5343 5344 5345 5346 T
3087 5348 5349 T
20 665 670 T
4718 4724 4996 T
1273 4920 5351 5352 T
2007 5353 5356 T
1535 3838 T
2182 5326 5358 T
4179 4419 5359 T
94 396 5361 T
5362 5363 T
1764 4685 5368 T
1230 5369 T
1320 4704 5370 T
1072 3778 5371 T
4444 5372 5373 5374 T
1725 5375 T
5377 5378 T
550 1782 4601 5382 T
3034 5020 5383 T
5385 5388 5390 5391 5392 5393 5395 T
836 841 1985 2949 2961 T
290 1820 2461 2467 3309 5398 T
3222 5399 5400 5402 T
2081 3023 4788 T
661 5404 5405 5406 5407 T
4274 4428 5410 T
5413 5415 T
1626 5416 5418 T
345 3042 5419 T
4101 4115 5422 5424 T
4316 4320 T
577 1730 1733 1738 5178 T
2352 5425 5426 5427 T
5429 5430 5432 5433 5434 T
1708 3069 T
3585 5436 5438 T
5104 5107 T
291 5440 5441 T
5444 5446 5447 5448 5451 T
1 2 14 15 621 625 T
1611 4527 4529 T
63 65 1657 2391 T
100 101 653 655 662 T
102 103 104 105 106 2397 5072 T
107 108 2714 T
1382 3794 T
109 4365 5431 T
2504 5364 T
142 143 4509 T
214 1118 1357 T
551 1929 2514 2516 2519 T
213 2266 2274 3919 T
228 5162 T
240 241 242 243 3417 T
247 3578 T
248 2885 2892 T
249 1266 T
3223 5401 5403 T
256 258 3170 T
274 275 708 712 717 T
229 357 358 5163 T
361 364 378 4721 T
366 368 370 T
177 184 381 382 383 1463 T
386 387 T
389 390 391 392 458 459 460 1917 T
457 492 1241 T
475 3801 3809 T
503 505 4587 T
506 4200 T
152 519 521 523 525 T
600 602 3100 3464 T
292 371 614 615 4285 4288 T
617 1536 T
632 633 634 2685 2975 T
468 1045 T
671 681 682 684 1731 3574 T
685 3079 T
253 689 1162 T
690 1248 1817 1821 3434 T
99 692 694 697 T
949 4959 4961 4963 T
701 702 703 704 705 881 3044 T
1073 5046 5048 T
2710 5022 T
2358 4934 T
725 737 738 T
498 501 739 740 T
741 3277 5044 T
403 413 747 748 803 3235 T
761 2119 5216 T
776 1537 T
798 799 2447 T
310 822 823 T
272 825 826 828 T
853 1628 3419 T
854 2061 T
3836 3839 T
78 860 T
861 862 863 864 T
930 932 1449 T
934 4773 T
935 936 937 938 4901 5028 T
493 973 974 977 978 T
996 4720 4725 T
2630 2957 3874 3878 T
952 1017 1019 4966 T
1020 4103 4114 T
21 1051 3715 T
1052 1425 2062 T
1053 4865 4873 T
1054 1075 T
3035 4480 5018 T
635 1092 1342 3699 T
1097 1098 1558 5137 T
1105 3088 T
1113 1114 3297 T
154 156 1115 1116 1117 T
1136 1137 3083 T
68 3933 3937 T
4471 4497 5379 T
1149 1878 T
1150 1151 1152 1153 1155 1156 1157 1159 1160 T
1164 1165 1169 5029 T
416 1166 1167 1168 2008 T
1201 1203 2053 T
1223 2326 T
1233 1234 1745 2009 T
1236 1238 2506 5119 5354 T
334 3248 T
1013 1251 T
1252 1253 1254 1255 1256 1257 1258 4234 T
1259 1260 1261 1264 T
1268 1274 2063 T
1067 1277 1278 T
1279 1280 1293 5122 T
2839 2842 2845 2848 T
1299 1300 2678 T
92 234 T
1301 1302 1303 2218 T
1304 5050 T
93 327 T
4493 5277 T
1365 2930 2932 T
1076 1366 T
1408 1409 1617 3742 T
882 994 998 1410 1912 4661 T
3803 3818 5283 5288 T
1411 1892 T
86 97 1413 1414 T
1416 3956 T
303 2463 2469 T
1417 1418 1419 1775 3985 T
580 1442 T
1249 1451 1452 3435 T
484 528 T
1453 1454 3307 3310 4127 T
1455 1456 2092 4109 T
1465 1466 3194 T
1468 1469 1621 T
1307 1470 1471 T
294 1027 1472 1473 5127 T
1474 3689 3692 T
1476 3879 T
1489 1490 5332 T
1491 1492 2034 4982 T
1498 3488 3920 T
1404 1499 T
1512 3480 T
1513 1514 3892 T
1518 1521 T
2353 2359 4945 T
1540 1772 T
1549 1828 3489 T
4472 5380 T
1576 1577 3195 T
2732 2736 3252 3256 T
1578 5355 T
883 999 1582 1915 T
1597 1598 1599 2545 3810 T
3007 3014 T
1632 1633 4379 T
384 385 2401 T
1436 1655 4705 5247 T
187 191 200 T
1446 1666 T
187 191 200 T
1695 1696 2345 4366 T
981 989 1702 T
56 1559 1714 1961 T
1061 1715 1716 1717 1718 2774 T
1163 1719 1842 T
1721 1722 2115 T
1728 3530 T
1095 1741 1743 T
951 1740 4965 T
975 1749 1750 1751 2291 T
726 824 1777 4376 5080 T
952 1017 1019 4966 T
151 463 469 1778 1784 T
1758 1763 4831 T
256 258 3170 T
842 2308 3199 T
1797 4510 5023 T
1805 1808 2043 T
2616 5014 T
1593 1814 T
266 404 417 431 804 T
1845 3823 T
1846 1847 1848 2160 4216 T
1850 1857 1859 3224 T
1860 1861 T
2769 2775 T
1493 1858 1865 5421 T
1880 3740 5051 T
1125 1132 3889 5099 T
432 1885 1886 1887 5312 T
1603 1897 3980 3982 T
1102 1898 T
5167 5169 5171 5174 T
1952 1953 1954 1956 T
1059 1062 2003 2004 T
1212 2012 2014 2015 T
656 764 769 2018 2019 2020 T
1206 2026 2028 2030 2032 T
223 2089 T
2101 2102 2103 2105 4736 T
69 2112 3938 T
2113 2327 T
2520 2672 4013 T
2523 4319 T
1383 2132 2134 2135 2136 2137 T
1700 2140 5132 T
1955 2147 2148 T
1934 1942 2150 2152 2153 2155 2156 T
418 2163 2164 2165 2166 T
2203 2209 2227 T
2186 3191 4128 T
531 536 2193 2194 T
922 2213 3244 T
1618 2214 2902 T
923 5016 T
4316 4320 T
2228 2229 4248 5266 T
2234 2235 2236 2237 3817 T
5104 5107 T
626 2238 2240 4207 4211 4218 5386 5396 T
504 1690 2254 2255 2256 T
1538 2257 2258 2259 2260 2261 T
837 1986 3776 5144 T
2262 3209 T
2346 4367 T
3124 3559 3562 4999 T
1321 2302 2303 2304 T
586 2319 2320 2322 T
2329 2330 2331 2332 2333 2836 T
1987 3597 4481 5145 T
749 2360 2361 T
2362 2364 2365 2737 T
2367 2368 2369 2370 3753 T
2371 3902 T
2131 3605 3607 T
235 829 2372 T
657 765 770 2021 2373 2374 2376 T
244 2378 2379 2381 T
557 1853 T
2420 4494 T
2428 2429 2430 T
1526 3846 T
2437 2438 2440 2441 4482 T
295 1483 2459 2470 2471 2472 2473 T
2010 2480 2481 T
1405 2502 T
816 4818 4820 4822 T
1975 2524 2525 2783 T
1795 3089 3490 T
4101 4115 5422 5424 T
367 369 372 2528 T
2239 2529 2530 2531 4208 4212 4219 T
1213 3643 T
2532 2533 2534 T
2537 2539 T
853 1628 3419 T
884 2426 T
1896 2551 T
2540 2547 2548 3590 T
49 995 2552 2553 2565 2571 3942 3943 3949 3958 T
2486 2572 T
5445 5449 5452 T
1298 4185 4188 4190 T
1949 2210 2589 T
867 2593 5211 T
2596 2598 2600 4118 T
1746 2601 2718 T
296 5155 5158 T
727 4377 T
1486 1511 2609 2610 T
22 666 2611 T
2623 2660 2662 2664 T
2626 2627 3660 3967 T
3579 5218 5220 T
990 2634 2635 4754 T
1998 2638 T
2546 3799 3811 T
1262 2670 3239 T
3095 3101 T
5194 5196 T
766 2377 2682 T
45 3073 5063 5066 T
1178 1185 2487 2695 2696 T
2024 2035 2042 T
1747 4992 T
2189 2697 3096 T
663 2703 2704 T
907 915 T
31 38 2108 2706 T
2036 2715 T
2723 2724 5128 5442 T
2096 2726 2727 2728 T
1869 2729 T
192 201 2745 2746 2747 3812 T
2592 2748 5209 T
696 2751 2752 T
1604 1612 2757 4488 T
1500 2760 4738 T
818 1977 2767 2772 4824 T
2785 2788 T
1962 1967 2790 2791 T
559 563 2792 2793 2794 T
2795 2796 2798 2799 T
373 616 4286 4289 T
1362 2317 2810 T
790 2820 4868 4921 T
1539 2822 2823 2824 2825 T
2204 2211 T
13 2104 2826 5376 T
511 516 2880 2881 T
1193 2950 3460 T
642 1801 2897 2898 3215 T
1807 2917 2918 2919 T
2375 2920 4564 5010 T
3164 3476 T
2921 2922 2924 2926 T
360 2933 2934 2935 2936 2937 2938 T
870 2939 2940 2941 T
2507 3240 T
2143 2979 2980 T
10 646 2994 3650 3653 T
2995 2996 4766 4953 T
1785 2997 T
470 756 2998 T
363 2999 3000 3001 T
3598 4578 T
1963 1968 2267 3018 3019 3037 T
2037 2268 2944 3038 T
3039 5133 T
1103 1720 3046 T
188 3055 3056 3057 3058 T
3064 3065 5309 5313 T
976 3091 3093 3097 3098 4956 T
1999 3102 3103 3104 3116 3117 T
901 905 913 T
3105 4814 T
3080 3118 3785 T
781 4321 T
2069 3125 5153 T
245 2380 3141 3147 T
643 1672 1679 1686 3142 3143 3144 3211 3213 3216 T
818 1977 2767 2772 4824 T
3090 3151 T
3153 3154 3157 3158 5093 T
3159 5417 T
1145 3160 3538 T
604 1039 3174 T
4170 4172 4175 4180 T
346 2097 3161 T
2969 3166 T
1994 3746 T
2508 3175 3176 3177 T
1594 2279 T
3803 3818 5283 5288 T
3200 3201 3263 4131 4136 4139 T
1214 3202 3203 T
686 3204 T
3585 5436 5438 T
471 4706 5248 T
2877 3860 3863 T
1519 5139 T
1170 3228 3230 5052 T
2363 2366 3231 T
297 2725 5129 5443 T
683 3575 T
1437 3245 4511 T
3249 3840 T
419 3258 3259 3260 3261 T
931 933 1450 3267 T
3268 3269 3599 4483 T
361 364 378 4721 T
3271 3880 T
44 2801 2805 3285 T
1586 1595 2280 3664 T
3283 3286 T
94 396 5361 T
3288 3289 3850 T
3246 4512 T
2149 2585 3290 T
579 3380 T
144 3291 4815 T
1179 1186 3311 T
3869 4267 T
1831 1833 1843 T
3340 3341 3342 3343 3344 3345 4227 T
314 1888 3350 3351 3353 T
2417 3129 3133 3362 3363 T
1109 1112 3371 3372 T
782 4095 5082 T
472 3375 3376 3377 T
742 1982 2195 T
1635 3384 3385 3388 3389 3390 3391 T
1033 1035 1040 2857 T
75 1754 4590 T
1988 3146 T
2526 3423 4307 T
3270 3441 3442 4847 T
3452 3453 3858 T
166 1084 2133 3454 3455 3456 3457 3711 4050 4057 T
1393 3467 3468 3469 T
1343 3700 5339 T
1028 2404 2410 2418 3134 T
433 3233 3236 T
1138 3284 T
1924 1935 1943 5258 T
1005 1014 1641 1925 1944 2392 T
3382 5367 T
2690 2694 3493 T
2786 2789 3495 T
3496 3881 T
3497 3498 4513 T
1957 3499 3501 4104 T
3502 4154 4158 T
3504 3728 T
1542 1544 1546 1548 1552 3514 T
3518 3519 5267 5270 5272 T
2098 3520 3521 3528 T
885 3045 3051 3540 3541 3542 T
2617 3071 3719 T
539 3544 3545 3546 3547 T
2016 3548 3549 4628 T
1644 1663 3551 T
902 906 T
298 434 2560 3552 3553 3554 3555 T
1790 4630 T
1215 2013 2017 T
1387 1394 3556 3557 4941 T
619 622 627 630 T
2595 3567 4117 T
1063 3568 3569 3570 3571 T
2427 2866 5198 T
1742 3508 3580 3581 T
205 2987 4447 T
785 795 797 2928 T
61 3588 T
1158 3359 3609 3610 3611 T
3619 3903 T
2521 3171 3620 4548 T
405 805 3621 3622 T
2606 2753 3623 T
388 3002 3632 T
3633 4620 T
1989 3264 3630 3631 T
1336 2285 3634 3635 3637 T
3647 5340 5342 5347 T
1969 3645 3646 T
2215 2903 3613 3654 T
718 3655 5075 T
1194 2197 3656 T
3657 3757 4422 T
2047 2644 3666 T
1362 2317 2810 T
354 3669 3978 3983 T
1520 3670 T
1106 2675 2679 2692 3671 T
3672 3673 3674 4889 T
2647 3586 5450 T
3682 3683 4976 T
750 806 3684 3685 T
2765 3386 T
3298 3687 T
3539 3694 T
1362 2317 2810 T
496 502 3707 T
3708 4213 4220 5387 5389 5397 T
2618 3720 T
4951 4957 T
299 3339 3721 5156 5159 T
3722 4197 4201 T
273 827 3723 T
1224 2328 3729 T
219 224 3733 T
4274 4428 5410 T
3543 3734 3735 T
1870 3192 3196 T
2719 2721 T
2269 3744 3921 T
631 1148 1406 3747 4221 T
2867 3754 3762 T
2893 3763 4799 T
587 595 599 T
483 2535 3766 T
1936 1945 2151 2154 2157 T
2070 2075 3768 3769 4043 4047 T
4274 4428 5410 T
269 866 5210 T
3780 3781 4714 T
1046 1438 2988 T
965 971 2562 T
3797 4902 5180 5321 T
2354 5428 T
3600 3804 3805 T
3287 3827 3828 T
1862 3829 3830 3831 T
545 552 1783 3832 5236 T
1553 3833 4403 T
3834 4689 T
1805 1808 2043 T
225 1154 T
1579 3352 3842 4454 T
1362 2317 2810 T
1605 1613 2758 3852 4489 T
484 528 T
3864 4490 5268 T
2925 3883 3884 3885 5053 T
120 124 2111 3886 3887 4542 T
3893 5073 T
3701 3704 3866 3870 3894 T
1074 3779 4517 T
1420 1776 5007 5146 T
2586 3008 3123 T
1353 3314 3895 3896 3904 3905 T
588 2341 3911 T
3912 3913 3914 3915 4699 4701 T
589 2321 5111 T
3923 3924 5182 5185 T
4120 5350 T
3925 4809 T
1110 3926 T
2099 3927 4495 T
1726 3928 3929 3931 T
1475 3690 3693 3940 T
2436 3941 T
87 98 1439 T
351 3944 3945 3946 3947 T
833 3950 4810 T
2821 3959 4869 4922 T
3970 3972 T
1330 1332 1337 1344 T
894 3973 3974 3975 3976 T
2648 3986 T
3494 3987 3988 3989 T
2349 3990 5298 T
1649 3993 3994 3995 3996 3997 T
167 2355 4001 4002 T
406 807 4007 4008 4009 T
474 714 4020 T
4021 5394 T
1636 3387 3392 4022 T
39 2109 T
2439 3572 4023 T
2951 2962 3882 T
721 4025 4029 T
1397 1399 1402 1407 4041 T
1041 2858 4048 T
570 2878 T
1488 4058 T
99 692 694 697 T
1856 3716 4060 T
886 1338 3636 4890 T
1362 2317 2810 T
246 4061 T
2879 3861 4085 4086 4087 T
3953 4088 4089 4090 T
561 4091 4092 4519 T
4093 4565 T
1250 1822 T
230 435 4097 4098 T
4106 4522 T
1216 4691 T
3172 4121 T
4122 4123 4124 5237 T
4137 4140 4142 T
3443 4141 T
2687 4147 4149 4150 4151 T
2448 3506 4159 5108 T
300 4160 4161 4162 4163 4164 4165 T
4168 4514 T
2251 4181 4182 4183 T
1622 1629 T
2779 2784 4222 4405 4407 T
914 3478 3484 4241 4242 T
4235 4236 4832 4836 T
1554 4243 4697 T
1195 3461 4252 T
819 4255 4256 4257 T
543 553 3324 3329 3332 4258 4259 4260 4261 4262 T
1198 1200 2100 T
335 1345 T
3789 3792 4276 T
1872 2144 4277 T
64 2393 T
1864 2993 4279 T
605 4281 T
2000 4282 4283 4297 T
2394 2958 4290 T
3531 4298 T
843 2945 5140 T
791 4295 T
1316 1322 4204 T
11 647 1287 4084 T
436 1464 2493 T
35 1263 3226 T
887 890 4309 4310 T
1752 2289 2292 4311 T
4027 4312 T
1133 1694 4313 T
444 449 456 T
792 4322 4997 T
517 4323 4324 4325 4326 T
2233 2245 2248 2252 T
3679 4331 4332 T
1317 1323 2190 T
4334 4441 T
4335 5000 T
728 730 T
720 1568 4347 T
4348 5244 T
2541 4349 4350 T
236 4351 T
1701 4359 T
2680 4360 T
407 420 4361 4362 T
1844 4338 T
277 301 T
437 1294 4373 T
2536 3767 T
2970 4930 4932 T
3152 4380 T
2888 2894 4381 T
421 2011 2770 4382 T
4389 4626 4855 T
302 4384 5160 T
783 4392 T
3908 4400 4401 T
1202 4515 T
857 3758 3761 4410 4411 T
867 2593 5211 T
590 2688 4148 4412 4413 T
1207 4070 4414 T
591 3444 4424 4425 T
23 667 T
152 519 521 523 525 T
2570 2681 4436 T
1561 4448 4449 T
113 4450 5414 T
3550 4456 T
139 4464 4465 T
606 4466 4467 T
444 449 456 T
4469 4470 5310 5314 T
2275 3491 3922 T
1385 1388 1395 3156 T
844 1902 5141 T
1791 1796 4496 T
1526 3846 T
2802 5058 5062 T
637 644 648 650 3120 T
1864 2993 4279 T
4275 4429 4499 5411 T
474 714 4020 T
2318 3639 T
953 960 T
3503 5074 T
1654 1665 4504 T
4028 5142 5245 T
1415 1879 4523 4524 4525 T
2787 3732 T
1739 2750 2756 4530 4531 4532 4537 T
2038 2716 4538 T
2868 3532 4539 4540 T
1064 2405 2419 4550 4551 4552 4553 T
438 751 808 4554 T
3072 4556 T
3954 3957 4346 4557 4558 4559 4560 T
2522 4566 4567 T
303 2463 2469 T
3003 4031 4568 T
2946 2952 2959 2963 T
1281 4580 4581 4582 4583 T
2082 3024 4585 4591 4789 T
2182 5326 5358 T
1002 1015 2854 4592 4593 4594 4595 5030 T
1637 3971 4596 4597 T
1873 4193 T
145 1126 1134 4598 T
1903 2982 4602 4603 4604 T
337 1347 2192 T
1587 1596 3813 T
4605 4606 4683 T
1196 4608 T
328 4609 4610 4611 T
2596 2598 2600 4118 T
1889 4632 4633 T
507 1444 1447 2449 4473 4634 4635 5109 5381 T
3092 4954 T
1727 3930 T
2431 3106 T
2923 4641 4642 T
838 4643 4644 4645 T
3939 4646 T
45 3073 5063 5066 T
1022 1029 4647 T
4648 4758 T
3009 3015 3512 4794 T
2580 2587 4607 4684 T
408 4663 T
1146 1823 2464 4053 4664 4665 T
1764 4685 5368 T
1171 3229 4666 5054 T
1350 2116 4667 4668 4669 4670 4671 T
1874 4672 4673 T
2538 2542 3591 4674 4870 4923 T
24 668 5202 T
793 2608 4676 T
3320 4686 T
409 4692 4693 4694 4695 T
380 592 596 1503 T
158 160 162 168 170 172 175 T
1517 4707 4708 T
2588 3110 4710 4796 T
3819 4726 4727 4728 4729 4730 T
2631 4731 T
146 4739 4740 T
4000 4549 4744 T
1237 4745 T
3500 4105 4746 4792 T
845 1904 2953 2964 2984 4747 4748 T
2027 2029 2031 4759 T
721 4025 4029 T
76 4588 4767 T
337 1347 2192 T
2645 4768 T
3180 3183 3396 3398 4769 T
965 971 2562 T
4032 4034 T
954 961 966 972 1810 1813 T
907 915 T
580 1442 T
4176 4777 4778 4779 T
687 3081 4780 T
4781 4782 4783 4784 4785 4935 4937 T
1042 1077 1367 4786 T
128 4801 T
1363 4802 T
1759 1765 4804 T
2205 2212 2590 T
1659 4805 T
688 2527 T
1127 1135 5100 T
4455 4825 T
3841 4826 T
2576 2578 T
4827 4942 T
1905 1908 T
3028 3036 4840 5384 T
4430 4500 5412 T
1180 1187 2479 T
3474 4842 4843 4844 T
4078 5252 5256 T
1884 4859 4860 4861 T
3321 4687 4863 4874 4993 T
312 315 317 319 322 4875 T
1654 1665 4504 T
2025 2044 3274 T
1427 1429 1432 1440 T
4876 4877 4878 4924 T
2744 4879 T
136 140 1978 2797 4388 4880 4881 T
439 2556 2563 4883 4884 T
2450 4885 4973 T
4891 4892 4893 4894 4974 T
850 1104 4895 T
1068 2558 4871 4896 4925 T
1893 4816 4903 T
566 568 571 T
141 4908 4909 4910 T
4911 4912 4913 5365 T
494 4914 4915 T
3016 3587 5439 T
1528 4535 4916 T
393 4155 5011 T
1 A
2 A
3 4 A
5 6 A
7 8 9 10 11 A
12 13 A
14 A
15 A
16 17 18 19 20 21 22 23 24 A
25 26 27 A
28 29 30 31 A
32 33 34 35 A
36 37 38 39 A
40 41 42 43 44 45 A
46 A
47 A
48 49 A
50 51 A
52 A
53 A
54 55 56 A
57 58 A
59 60 61 A
62 A
63 64 A
65 A
66 67 68 69 A
70 A
71 A
72 A
73 74 75 76 A
77 78 A
79 A
80 A
81 A
82 A
83 A
84 A
85 86 87 A
88 89 90 91 92 93 94 A
95 96 97 98 99 A
100 A
101 A
102 A
103 A
104 A
105 A
106 A
107 A
108 A
109 A
110 A
111 112 113 A
114 A
115 116 117 118 119 120 A
121 122 123 124 A
125 A
126 127 128 A
129 130 131 132 A
133 A
134 135 136 A
137 138 139 140 141 A
142 A
143 144 145 146 A
147 A
148 149 150 151 152 A
153 154 A
155 156 A
157 158 A
159 160 A
161 162 A
163 164 165 166 167 168 A
169 170 A
171 172 A
173 174 175 A
176 177 A
178 A
179 A
180 A
181 A
182 A
183 184 A
185 186 187 188 A
189 190 191 192 A
193 A
194 195 196 197 198 199 200 201 A
202 A
203 204 205 A
206 A
207 A
208 A
209 A
210 A
211 A
212 A
213 A
214 A
215 A
216 217 218 219 A
220 221 222 223 224 225 A
226 227 A
228 229 230 A
231 232 233 234 235 236 A
237 238 239 A
240 A
241 A
242 A
243 244 245 246 A
247 A
248 A
249 A
250 A
251 A
252 253 A
254 A
255 256 A
257 258 A
259 260 A
261 262 A
263 A
264 265 266 A
267 A
268 269 A
270 271 272 273 A
274 A
275 A
276 277 A
278 A
279 280 281 282 283 284 285 286 287 288 289 290 291 292 293 294 295 296 297 298 299 300 301 302 303 A
304 A
305 306 A
307 308 A
309 310 A
311 312 A
313 314 315 A
316 317 A
318 319 A
320 A
321 322 A
323 324 A
325 326 327 328 A
329 330 331 332 333 334 335 336 337 A
338 339 A
340 341 342 A
343 344 345 346 A
347 A
348 349 350 351 A
352 A
353 354 A
355 A
356 A
357 A
358 A
359 360 361 A
362 363 364 A
365 A
366 367 A
368 369 A
370 371 372 373 A
374 375 376 A
377 378 A
379 380 A
381 A
382 A
383 A
384 A
385 A
386 A
387 388 A
389 A
390 A
391 A
392 393 A
394 395 396 A
397 398 399 400 401 402 403 404 405 406 407 408 409 A
410 411 412 413 A
414 415 416 417 418 419 420 421 A
422 423 424 425 426 427 428 429 430 431 432 433 434 435 436 437 438 439 A
440 441 442 443 444 A
445 446 447 448 449 A
450 451 452 453 454 455 456 A
457 A
458 A
459 A
460 A
461 462 463 A
464 465 A
466 467 468 469 470 471 472 473 474 A
475 A
476 A
477 478 479 480 481 482 483 484 A
485 A
486 487 488 A
489 490 491 492 493 494 A
495 496 A
497 498 A
499 500 501 502 A
503 504 A
505 A
506 507 A
508 A
509 A
510 511 A
512 513 514 515 516 517 A
518 519 A
520 521 A
522 523 A
524 525 A
526 527 528 A
529 A
530 531 A
532 A
533 A
534 A
535 536 A
537 538 539 A
540 A
541 542 543 A
544 545 A
546 547 548 549 550 551 552 553 A
554 555 556 557 A
558 559 A
560 561 A
562 563 A
564 A
565 566 A
567 568 A
569 570 571 A
572 573 574 575 576 577 578 579 580 A
581 582 583 584 585 586 587 588 589 590 591 592 A
593 594 595 596 A
597 598 599 A
600 A
601 A
602 A
603 604 605 606 A
607 608 609 610 A
611 A
612 613 A
614 A
615 616 A
617 A
618 619 A
620 621 622 A
623 624 625 626 627 A
628 629 630 631 A
632 A
633 A
634 635 A
636 637 A
638 639 640 641 642 643 644 A
645 646 647 648 A
649 650 A
651 A
652 653 A
654 655 656 657 A
658 A
659 660 661 662 663 A
664 665 666 667 668 A
669 670 A
671 A
672 673 A
674 A
675 676 A
677 A
678 A
679 680 A
681 A
682 683 A
684 A
685 686 687 688 A
689 A
690 A
691 692 A
693 694 A
695 696 697 A
698 A
699 A
700 A
701 A
702 A
703 A
704 A
705 A
706 707 708 A
709 A
710 A
711 712 713 714 A
715 716 717 718 719 720 721 A
722 723 724 725 726 727 728 A
729 730 A
731 732 A
733 A
734 735 736 A
737 A
738 A
739 A
740 A
741 A
742 A
743 A
744 745 A
746 A
747 A
748 749 750 751 A
752 753 A
754 755 756 A
757 758 A
759 760 A
761 A
762 A
763 764 765 766 A
767 768 769 770 A
771 A
772 A
773 A
774 775 A
776 A
777 A
778 779 A
780 781 782 783 A
784 785 A
786 787 788 789 790 791 792 793 A
794 795 A
796 797 A
798 A
799 A
800 801 802 803 804 805 806 807 808 A
809 810 811 812 813 814 815 816 817 818 819 A
820 821 A
822 A
823 A
824 A
825 A
826 827 A
828 829 A
830 831 A
832 833 A
834 A
835 836 837 838 A
839 840 841 842 843 844 845 A
846 A
847 848 849 850 A
851 A
852 853 A
854 A
855 856 857 A
858 A
859 A
860 A
861 A
862 A
863 A
864 865 866 867 A
868 869 870 A
871 872 A
873 A
874 875 876 877 878 879 880 881 882 883 884 885 886 887 A
888 889 890 A
891 A
892 A
893 894 A
895 A
896 A
897 A
898 A
899 A
900 901 902 A
903 904 905 906 907 A
908 909 910 911 912 913 914 915 A
916 917 918 919 920 921 922 923 A
924 A
925 A
926 927 928 A
929 A
930 931 A
932 933 A
934 A
935 A
936 A
937 A
938 A
939 940 A
941 942 A
943 944 945 946 947 948 949 950 951 952 953 954 A
955 956 957 958 959 960 961 A
962 963 964 965 966 A
967 968 969 970 971 972 A
973 A
974 975 976 A
977 A
978 A
979 980 981 A
982 983 A
984 A
985 A
986 A
987 988 989 990 A
991 992 A
993 994 995 A
996 A
997 998 999 A
1000 1001 1002 A
1003 1004 1005 A
1006 A
1007 A
1008 1009 1010 1011 1012 1013 1014 1015 A
1016 1017 A
1018 1019 A
1020 A
1021 1022 A
1023 A
1024 1025 1026 1027 1028 1029 A
1030 A
1031 A
1032 1033 A
1034 1035 A
1036 1037 1038 1039 1040 1041 1042 A
1043 A
1044 1045 1046 A
1047 A
1048 1049 A
1050 A
1051 A
1052 A
1053 A
1054 A
1055 A
1056 A
1057 1058 1059 A
1060 1061 1062 1063 1064 A
1065 A
1066 1067 1068 A
1069 1070 1071 1072 1073 1074 A
1075 1076 1077 A
1078 A
1079 A
1080 A
1081 A
1082 A
1083 1084 A
1085 A
1086 A
1087 A
1088 A
1089 A
1090 A
1091 A
1092 A
1093 1094 1095 A
1096 A
1097 A
1098 A
1099 A
1100 1101 1102 1103 1104 A
1105 1106 A
1107 1108 1109 1110 A
1111 1112 A
1113 A
1114 A
1115 A
1116 A
1117 A
1118 A
1119 1120 A
1121 A
1122 1123 1124 1125 1126 1127 A
1128 1129 1130 1131 1132 1133 1134 1135 A
1136 A
1137 1138 A
1139 A
1140 A
1141 1142 1143 1144 1145 1146 A
1147 1148 A
1149 A
1150 A
1151 A
1152 A
1153 1154 A
1155 A
1156 A
1157 1158 A
1159 A
1160 A
1161 1162 1163 A
1164 A
1165 A
1166 A
1167 A
1168 A
1169 A
1170 1171 A
1172 1173 1174 1175 1176 1177 1178 1179 1180 A
1181 1182 1183 1184 1185 1186 1187 A
1188 1189 1190 1191 1192 1193 1194 1195 1196 A
1197 1198 A
1199 1200 A
1201 1202 A
1203 A
1204 1205 1206 1207 A
1208 1209 1210 1211 1212 1213 1214 1215 1216 A
1217 A
1218 A
1219 A
1220 1221 1222 A
1223 1224 A
1225 A
1226 A
1227 A
1228 1229 1230 A
1231 1232 A
1233 A
1234 A
1235 A
1236 1237 A
1238 A
1239 1240 1241 A
1242 A
1243 A
1244 A
1245 1246 1247 1248 1249 1250 A
1251 A
1252 A
1253 A
1254 A
1255 A
1256 A
1257 A
1258 A
1259 A
1260 A
1261 1262 1263 A
1264 A
1265 1266 A
1267 A
1268 A
1269 A
1270 1271 1272 1273 A
1274 A
1275 A
1276 A
1277 A
1278 A
1279 A
1280 1281 A
1282 A
1283 1284 A
1285 1286 1287 A
1288 A
1289 A
1290 A
1291 A
1292 A
1293 1294 A
1295 1296 1297 1298 A
1299 A
1300 A
1301 A
1302 A
1303 A
1304 A
1305 A
1306 1307 A
1308 A
1309 A
1310 A
1311 1312 A
1313 A
1314 1315 1316 1317 A
1318 1319 1320 1321 1322 1323 A
1324 A
1325 A
1326 A
1327 1328 A
1329 1330 A
1331 1332 A
1333 A
1334 1335 1336 1337 1338 A
1339 1340 1341 1342 1343 1344 A
1345 1346 1347 A
1348 1349 1350 A
1351 1352 1353 A
1354 1355 1356 1357 1358 1359 1360 1361 1362 1363 A
1364 A
1365 A
1366 1367 A
1368 1369 A
1370 A
1371 A
1372 A
1373 A
1374 A
1375 A
1376 A
1377 1378 1379 A
1380 1381 1382 1383 A
1384 1385 A
1386 1387 1388 A
1389 1390 1391 1392 1393 1394 1395 A
1396 1397 A
1398 1399 A
1400 1401 1402 A
1403 1404 1405 1406 1407 A
1408 A
1409 A
1410 A
1411 A
1412 A
1413 A
1414 1415 A
1416 A
1417 A
1418 A
1419 1420 A
1421 A
1422 A
1423 1424 1425 A
1426 1427 A
1428 1429 A
1430 1431 1432 A
1433 1434 1435 1436 1437 1438 1439 1440 A
1441 1442 A
1443 1444 A
1445 1446 1447 A
1448 1449 1450 A
1451 A
1452 A
1453 A
1454 A
1455 A
1456 A
1457 A
1458 A
1459 A
1460 1461 1462 1463 1464 A
1465 A
1466 A
1467 A
1468 A
1469 A
1470 A
1471 A
1472 A
1473 A
1474 1475 A
1476 A
1477 A
1478 1479 A
1480 A
1481 1482 1483 A
1484 A
1485 1486 A
1487 1488 A
1489 A
1490 A
1491 A
1492 1493 A
1494 1495 A
1496 1497 A
1498 A
1499 1500 A
1501 A
1502 1503 A
1504 1505 A
1506 A
1507 1508 A
1509 1510 1511 A
1512 A
1513 A
1514 A
1515 A
1516 1517 A
1518 1519 1520 A
1521 A
1522 1523 1524 1525 1526 A
1527 1528 A
1529 A
1530 A
1531 A
1532 1533 1534 1535 1536 1537 1538 1539 A
1540 A
1541 1542 A
1543 1544 A
1545 1546 A
1547 1548 A
1549 A
1550 1551 1552 1553 1554 A
1555 A
1556 1557 1558 1559 A
1560 1561 A
1562 A
1563 1564 A
1565 A
1566 1567 1568 A
1569 1570 A
1571 1572 A
1573 1574 1575 1576 A
1577 A
1578 1579 A
1580 A
1581 A
1582 A
1583 1584 1585 1586 1587 A
1588 1589 1590 1591 1592 1593 1594 1595 1596 A
1597 A
1598 A
1599 A
1600 1601 1602 1603 1604 1605 A
1606 A
1607 A
1608 1609 1610 1611 1612 1613 A
1614 1615 1616 1617 1618 A
1619 A
1620 1621 1622 A
1623 1624 1625 1626 1627 1628 1629 A
1630 A
1631 A
1632 A
1633 A
1634 1635 1636 1637 A
1638 A
1639 A
1640 1641 A
1642 1643 1644 A
1645 1646 1647 1648 1649 A
1650 1651 1652 1653 1654 A
1655 A
1656 1657 A
1658 1659 A
1660 1661 1662 1663 1664 1665 A
1666 A
1667 1668 A
1669 1670 1671 1672 A
1673 A
1674 A
1675 A
1676 1677 1678 1679 A
1680 1681 1682 A
1683 1684 1685 1686 A
1687 A
1688 1689 1690 A
1691 A
1692 A
1693 1694 A
1695 A
1696 A
1697 1698 A
1699 1700 1701 A
1702 A
1703 1704 A
1705 1706 1707 1708 A
1709 1710 A
1711 1712 1713 A
1714 A
1715 A
1716 A
1717 A
1718 A
1719 1720 A
1721 A
1722 A
1723 A
1724 1725 1726 1727 A
1728 A
1729 1730 1731 A
1732 1733 A
1734 1735 1736 1737 1738 1739 A
1740 A
1741 1742 A
1743 A
1744 1745 1746 1747 A
1748 A
1749 A
1750 A
1751 1752 A
1753 1754 A
1755 A
1756 A
1757 1758 1759 A
1760 1761 1762 1763 1764 1765 A
1766 A
1767 A
1768 A
1769 A
1770 1771 1772 A
1773 A
1774 1775 1776 A
1777 A
1778 A
1779 A
1780 A
1781 1782 1783 A
1784 1785 A
1786 A
1787 1788 1789 1790 1791 A
1792 1793 1794 1795 1796 A
1797 A
1798 A
1799 A
1800 1801 A
1802 A
1803 A
1804 1805 A
1806 1807 1808 A
1809 1810 A
1811 A
1812 1813 A
1814 A
1815 1816 1817 A
1818 1819 1820 1821 1822 1823 A
1824 A
1825 A
1826 1827 1828 A
1829 A
1830 1831 A
1832 1833 A
1834 A
1835 A
1836 A
1837 1838 1839 1840 1841 1842 1843 1844 A
1845 A
1846 A
1847 A
1848 A
1849 A
1850 A
1851 A
1852 1853 A
1854 A
1855 1856 A
1857 1858 A
1859 A
1860 A
1861 1862 1863 1864 A
1865 A
1866 1867 1868 1869 1870 A
1871 1872 1873 1874 A
1875 A
1876 A
1877 1878 1879 A
1880 A
1881 A
1882 1883 1884 A
1885 A
1886 A
1887 1888 1889 A
1890 1891 1892 1893 A
1894 1895 1896 A
1897 A
1898 A
1899 1900 1901 1902 1903 1904 1905 A
1906 1907 1908 A
1909 A
1910 A
1911 1912 A
1913 A
1914 1915 A
1916 A
1917 A
1918 1919 A
1920 1921 A
1922 1923 1924 1925 A
1926 1927 1928 1929 A
1930 1931 1932 1933 1934 1935 1936 A
1937 1938 1939 1940 1941 1942 1943 1944 1945 A
1946 A
1947 A
1948 1949 A
1950 A
1951 A
1952 A
1953 A
1954 1955 A
1956 1957 A
1958 A
1959 1960 1961 1962 1963 A
1964 1965 1966 1967 1968 1969 A
1970 1971 A
1972 1973 1974 1975 1976 1977 1978 A
1979 A
1980 1981 1982 A
1983 1984 1985 1986 1987 1988 1989 A
1990 1991 A
1992 1993 1994 A
1995 1996 1997 1998 1999 2000 A
2001 A
2002 A
2003 A
2004 A
2005 A
2006 2007 2008 2009 2010 2011 A
2012 2013 A
2014 A
2015 2016 2017 A
2018 A
2019 A
2020 2021 A
2022 2023 2024 2025 A
2026 2027 A
2028 2029 A
2030 2031 A
2032 A
2033 2034 2035 2036 2037 2038 A
2039 2040 2041 2042 2043 2044 A
2045 A
2046 2047 A
2048 2049 A
2050 A
2051 2052 2053 A
2054 2055 A
2056 2057 2058 2059 2060 2061 2062 2063 A
2064 2065 2066 2067 2068 2069 2070 A
2071 2072 2073 2074 2075 A
2076 2077 A
2078 2079 2080 2081 2082 A
2083 A
2084 A
2085 A
2086 A
2087 A
2088 A
2089 A
2090 A
2091 2092 A
2093 2094 A
2095 2096 2097 2098 2099 2100 A
2101 A
2102 A
2103 2104 A
2105 A
2106 A
2107 2108 2109 A
2110 2111 A
2112 A
2113 A
2114 2115 2116 A
2117 A
2118 2119 A
2120 A
2121 A
2122 A
2123 A
2124 A
2125 A
2126 A
2127 A
2128 2129 2130 2131 A
2132 2133 A
2134 A
2135 A
2136 A
2137 A
2138 2139 A
2140 A
2141 A
2142 2143 2144 A
2145 A
2146 A
2147 A
2148 2149 A
2150 2151 A
2152 A
2153 2154 A
2155 A
2156 2157 A
2158 A
2159 2160 A
2161 2162 A
2163 A
2164 A
2165 A
2166 A
2167 2168 A
2169 A
2170 A
2171 A
2172 2173 2174 2175 2176 2177 2178 2179 2180 2181 2182 A
2183 2184 2185 A
2186 A
2187 2188 2189 2190 2191 2192 A
2193 A
2194 2195 A
2196 2197 A
2198 A
2199 A
2200 A
2201 2202 2203 2204 2205 A
2206 2207 2208 2209 2210 2211 2212 A
2213 A
2214 2215 A
2216 2217 2218 A
2219 A
2220 A
2221 A
2222 A
2223 A
2224 A
2225 2226 2227 A
2228 A
2229 A
2230 2231 2232 2233 A
2234 A
2235 A
2236 A
2237 A
2238 2239 A
2240 A
2241 2242 2243 2244 2245 A
2246 2247 2248 A
2249 2250 2251 2252 A
2253 A
2254 A
2255 A
2256 A
2257 A
2258 A
2259 A
2260 A
2261 A
2262 A
2263 A
2264 2265 2266 2267 2268 2269 A
2270 2271 A
2272 2273 2274 2275 A
2276 A
2277 2278 2279 2280 A
2281 A
2282 A
2283 A
2284 2285 A
2286 A
2287 2288 2289 A
2290 2291 2292 A
2293 A
2294 A
2295 A
2296 A
2297 A
2298 2299 A
2300 A
2301 A
2302 A
2303 A
2304 A
2305 2306 2307 2308 A
2309 2310 2311 2312 2313 2314 2315 2316 2317 2318 A
2319 A
2320 2321 A
2322 A
2323 2324 A
2325 2326 2327 2328 A
2329 A
2330 A
2331 A
2332 A
2333 A
2334 2335 A
2336 2337 A
2338 2339 A
2340 2341 A
2342 A
2343 2344 2345 2346 A
2347 2348 2349 A
2350 A
2351 2352 2353 2354 2355 A
2356 2357 2358 2359 A
2360 A
2361 A
2362 2363 A
2364 A
2365 2366 A
2367 A
2368 A
2369 A
2370 A
2371 A
2372 A
2373 A
2374 2375 A
2376 2377 A
2378 A
2379 2380 A
2381 A
2382 2383 A
2384 A
2385 A
2386 A
2387 A
2388 2389 2390 2391 2392 2393 2394 A
2395 2396 2397 A
2398 2399 2400 2401 A
2402 2403 2404 2405 A
2406 2407 2408 2409 2410 A
2411 2412 2413 2414 2415 2416 2417 2418 2419 A
2420 A
2421 2422 2423 2424 2425 2426 2427 A
2428 A
2429 A
2430 2431 A
2432 2433 A
2434 2435 2436 A
2437 A
2438 2439 A
2440 A
2441 A
2442 2443 2444 2445 2446 2447 2448 2449 2450 A
2451 A
2452 A
2453 2454 A
2455 A
2456 2457 2458 A
2459 A
2460 2461 2462 2463 2464 A
2465 2466 2467 2468 2469 A
2470 A
2471 A
2472 A
2473 A
2474 2475 A
2476 2477 2478 2479 A
2480 A
2481 A
2482 2483 2484 2485 2486 2487 A
2488 A
2489 2490 A
2491 A
2492 2493 A
2494 2495 A
2496 2497 2498 2499 A
2500 A
2501 A
2502 A
2503 2504 A
2505 2506 2507 2508 A
2509 A
2510 2511 2512 A
2513 2514 A
2515 2516 A
2517 A
2518 2519 A
2520 2521 2522 A
2523 A
2524 A
2525 A
2526 2527 A
2528 A
2529 A
2530 A
2531 A
2532 A
2533 A
2534 2535 2536 A
2537 2538 A
2539 2540 2541 2542 A
2543 2544 2545 2546 A
2547 A
2548 A
2549 A
2550 A
2551 A
2552 A
2553 A
2554 A
2555 2556 A
2557 2558 A
2559 2560 2561 2562 2563 A
2564 A
2565 A
2566 A
2567 A
2568 A
2569 2570 A
2571 A
2572 A
2573 A
2574 2575 2576 A
2577 2578 A
2579 2580 A
2581 A
2582 2583 2584 2585 2586 2587 2588 A
2589 2590 A
2591 2592 2593 A
2594 2595 2596 A
2597 2598 A
2599 2600 A
2601 A
2602 A
2603 A
2604 2605 2606 A
2607 A
2608 A
2609 A
2610 A
2611 A
2612 2613 A
2614 2615 2616 2617 2618 A
2619 2620 2621 A
2622 A
2623 A
2624 A
2625 A
2626 A
2627 A
2628 2629 2630 2631 A
2632 A
2633 A
2634 A
2635 A
2636 A
2637 A
2638 A
2639 2640 A
2641 A
2642 A
2643 2644 2645 A
2646 2647 2648 A
2649 A
2650 A
2651 A
2652 A
2653 A
2654 2655 2656 A
2657 A
2658 A
2659 2660 A
2661 2662 A
2663 2664 A
2665 A
2666 A
2667 A
2668 A
2669 A
2670 A
2671 2672 A
2673 A
2674 2675 A
2676 2677 2678 2679 2680 2681 A
2682 A
2683 A
2684 2685 A
2686 2687 2688 A
2689 2690 A
2691 2692 A
2693 2694 A
2695 A
2696 A
2697 A
2698 2699 A
2700 A
2701 A
2702 A
2703 A
2704 A
2705 A
2706 A
2707 A
2708 2709 2710 A
2711 A
2712 2713 2714 A
2715 2716 A
2717 2718 2719 A
2720 2721 A
2722 A
2723 A
2724 2725 A
2726 A
2727 A
2728 A
2729 A
2730 2731 2732 A
2733 2734 2735 2736 2737 A
2738 A
2739 A
2740 2741 2742 2743 2744 A
2745 A
2746 A
2747 A
2748 A
2749 2750 A
2751 A
2752 2753 A
2754 2755 2756 A
2757 2758 A
2759 A
2760 A
2761 A
2762 2763 2764 2765 A
2766 2767 A
2768 2769 2770 A
2771 2772 A
2773 2774 2775 A
2776 A
2777 A
2778 2779 A
2780 2781 2782 2783 2784 A
2785 2786 2787 A
2788 2789 A
2790 A
2791 A
2792 A
2793 A
2794 A
2795 A
2796 2797 A
2798 A
2799 A
2800 2801 2802 A
2803 A
2804 2805 A
2806 2807 2808 2809 2810 A
2811 A
2812 2813 A
2814 A
2815 A
2816 A
2817 A
2818 2819 A
2820 2821 A
2822 A
2823 A
2824 A
2825 A
2826 A
2827 A
2828 2829 2830 A
2831 2832 2833 2834 A
2835 2836 A
2837 2838 2839 A
2840 2841 2842 A
2843 2844 2845 A
2846 2847 2848 A
2849 A
2850 A
2851 A
2852 2853 2854 A
2855 A
2856 2857 2858 A
2859 A
2860 A
2861 2862 2863 2864 2865 2866 2867 2868 A
2869 2870 A
2871 2872 2873 2874 2875 2876 2877 2878 2879 A
2880 A
2881 A
2882 2883 2884 2885 A
2886 2887 2888 A
2889 2890 2891 2892 2893 2894 A
2895 A
2896 A
2897 A
2898 A
2899 2900 2901 2902 2903 A
2904 A
2905 2906 A
2907 A
2908 2909 2910 A
2911 2912 A
2913 2914 A
2915 A
2916 A
2917 A
2918 A
2919 A
2920 A
2921 A
2922 2923 A
2924 2925 A
2926 A
2927 2928 A
2929 2930 A
2931 2932 A
2933 A
2934 A
2935 A
2936 A
2937 A
2938 A
2939 A
2940 A
2941 A
2942 2943 2944 2945 2946 A
2947 2948 2949 2950 2951 2952 2953 A
2954 2955 2956 2957 2958 2959 A
2960 2961 2962 2963 2964 A
2965 2966 2967 2968 2969 2970 A
2971 A
2972 A
2973 A
2974 2975 A
2976 2977 A
2978 A
2979 A
2980 A
2981 2982 A
2983 2984 A
2985 2986 2987 2988 A
2989 2990 2991 2992 2993 A
2994 A
2995 A
2996 A
2997 A
2998 A
2999 A
3000 A
3001 3002 3003 A
3004 A
3005 A
3006 3007 3008 3009 A
3010 A
3011 3012 3013 3014 3015 3016 A
3017 A
3018 A
3019 A
3020 A
3021 3022 3023 3024 A
3025 A
3026 3027 3028 A
3029 3030 A
3031 3032 3033 3034 3035 3036 A
3037 A
3038 A
3039 A
3040 A
3041 3042 A
3043 3044 3045 A
3046 A
3047 A
3048 3049 A
3050 3051 A
3052 A
3053 A
3054 A
3055 A
3056 A
3057 A
3058 A
3059 A
3060 A
3061 A
3062 A
3063 A
3064 A
3065 A
3066 3067 3068 3069 3070 3071 3072 3073 A
3074 A
3075 A
3076 3077 3078 3079 3080 3081 A
3082 3083 A
3084 3085 3086 3087 3088 3089 3090 A
3091 3092 A
3093 A
3094 3095 3096 A
3097 A
3098 A
3099 3100 3101 A
3102 A
3103 A
3104 A
3105 3106 A
3107 A
3108 3109 3110 A
3111 A
3112 A
3113 A
3114 3115 A
3116 A
3117 A
3118 A
3119 3120 A
3121 A
3122 3123 A
3124 A
3125 A
3126 3127 3128 3129 A
3130 3131 3132 3133 3134 A
3135 A
3136 A
3137 A
3138 A
3139 A
3140 A
3141 A
3142 A
3143 A
3144 A
3145 3146 A
3147 A
3148 A
3149 3150 A
3151 3152 A
3153 A
3154 A
3155 3156 A
3157 A
3158 A
3159 A
3160 A
3161 A
3162 3163 3164 A
3165 A
3166 A
3167 A
3168 3169 3170 3171 3172 A
3173 3174 A
3175 A
3176 A
3177 A
3178 A
3179 3180 A
3181 A
3182 3183 A
3184 A
3185 A
3186 A
3187 A
3188 A
3189 A
3190 3191 3192 A
3193 3194 3195 3196 A
3197 A
3198 3199 A
3200 A
3201 A
3202 A
3203 A
3204 A
3205 3206 A
3207 3208 3209 A
3210 3211 A
3212 3213 A
3214 3215 3216 A
3217 A
3218 3219 A
3220 3221 3222 3223 3224 A
3225 3226 A
3227 A
3228 3229 A
3230 A
3231 A
3232 3233 A
3234 3235 3236 A
3237 A
3238 3239 3240 A
3241 3242 3243 3244 A
3245 3246 A
3247 3248 A
3249 A
3250 3251 3252 A
3253 A
3254 3255 3256 A
3257 A
3258 A
3259 A
3260 A
3261 A
3262 3263 3264 A
3265 A
3266 A
3267 A
3268 A
3269 3270 A
3271 A
3272 3273 3274 A
3275 A
3276 3277 A
3278 3279 3280 A
3281 A
3282 A
3283 3284 A
3285 A
3286 3287 A
3288 A
3289 A
3290 A
3291 A
3292 A
3293 A
3294 A
3295 A
3296 3297 3298 A
3299 A
3300 A
3301 A
3302 A
3303 A
3304 3305 A
3306 3307 A
3308 3309 3310 A
3311 A
3312 A
3313 3314 A
3315 A
3316 A
3317 A
3318 3319 3320 3321 A
3322 3323 3324 A
3325 A
3326 A
3327 3328 3329 A
3330 3331 3332 A
3333 A
3334 A
3335 A
3336 A
3337 A
3338 3339 A
3340 A
3341 A
3342 A
3343 A
3344 A
3345 A
3346 A
3347 A
3348 A
3349 A
3350 A
3351 3352 A
3353 A
3354 A
3355 A
3356 3357 A
3358 3359 A
3360 A
3361 A
3362 A
3363 A
3364 A
3365 A
3366 A
3367 A
3368 A
3369 A
3370 A
3371 A
3372 A
3373 A
3374 A
3375 A
3376 A
3377 A
3378 3379 3380 A
3381 3382 A
3383 A
3384 A
3385 3386 3387 A
3388 A
3389 A
3390 A
3391 3392 A
3393 A
3394 A
3395 3396 A
3397 3398 A
3399 3400 3401 A
3402 3403 3404 3405 3406 3407 3408 A
3409 3410 3411 3412 3413 3414 A
3415 A
3416 3417 3418 3419 A
3420 3421 3422 A
3423 A
3424 A
3425 A
3426 A
3427 A
3428 A
3429 3430 3431 3432 3433 3434 3435 A
3436 A
3437 3438 A
3439 A
3440 A
3441 A
3442 3443 3444 A
3445 A
3446 A
3447 3448 A
3449 3450 3451 A
3452 A
3453 A
3454 A
3455 A
3456 A
3457 A
3458 3459 3460 3461 A
3462 A
3463 3464 A
3465 3466 A
3467 A
3468 A
3469 A
3470 A
3471 A
3472 3473 3474 A
3475 3476 A
3477 3478 A
3479 3480 A
3481 3482 A
3483 3484 A
3485 3486 3487 3488 3489 3490 3491 A
3492 A
3493 3494 A
3495 A
3496 A
3497 A
3498 A
3499 3500 A
3501 A
3502 3503 A
3504 A
3505 3506 A
3507 3508 A
3509 3510 3511 3512 A
3513 A
3514 A
3515 A
3516 3517 A
3518 A
3519 A
3520 A
3521 A
3522 A
3523 A
3524 A
3525 A
3526 3527 A
3528 A
3529 3530 3531 3532 A
3533 A
3534 3535 A
3536 3537 3538 3539 A
3540 A
3541 A
3542 3543 A
3544 A
3545 A
3546 A
3547 A
3548 A
3549 3550 A
3551 A
3552 A
3553 A
3554 A
3555 A
3556 A
3557 A
3558 3559 A
3560 A
3561 3562 A
3563 3564 A
3565 A
3566 A
3567 A
3568 A
3569 A
3570 A
3571 A
3572 A
3573 3574 3575 A
3576 3577 3578 3579 A
3580 A
3581 A
3582 A
3583 3584 3585 3586 3587 A
3588 A
3589 3590 3591 A
3592 A
3593 3594 3595 3596 3597 3598 3599 3600 A
3601 3602 A
3603 A
3604 3605 A
3606 3607 A
3608 A
3609 A
3610 A
3611 A
3612 3613 A
3614 A
3615 A
3616 3617 A
3618 A
3619 A
3620 A
3621 A
3622 A
3623 A
3624 3625 3626 A
3627 A
3628 A
3629 A
3630 A
3631 A
3632 A
3633 A
3634 A
3635 3636 A
3637 A
3638 3639 A
3640 A
3641 3642 3643 A
3644 A
3645 A
3646 A
3647 A
3648 A
3649 3650 A
3651 A
3652 3653 A
3654 A
3655 A
3656 A
3657 A
3658 A
3659 3660 A
3661 A
3662 A
3663 3664 A
3665 A
3666 A
3667 3668 A
3669 A
3670 A
3671 A
3672 A
3673 A
3674 A
3675 A
3676 A
3677 3678 3679 A
3680 A
3681 A
3682 A
3683 A
3684 A
3685 A
3686 A
3687 A
3688 3689 3690 A
3691 3692 3693 A
3694 A
3695 3696 3697 3698 3699 3700 3701 A
3702 3703 3704 A
3705 A
3706 A
3707 A
3708 A
3709 3710 3711 A
3712 3713 3714 3715 3716 A
3717 A
3718 3719 A
3720 A
3721 A
3722 A
3723 A
3724 3725 A
3726 3727 3728 A
3729 A
3730 3731 3732 A
3733 A
3734 A
3735 A
3736 A
3737 A
3738 A
3739 3740 A
3741 3742 A
3743 A
3744 A
3745 3746 A
3747 A
3748 A
3749 A
3750 A
3751 A
3752 3753 A
3754 A
3755 A
3756 3757 3758 A
3759 A
3760 3761 A
3762 A
3763 A
3764 A
3765 A
3766 3767 A
3768 A
3769 A
3770 A
3771 A
3772 3773 A
3774 A
3775 3776 A
3777 A
3778 3779 A
3780 A
3781 A
3782 3783 A
3784 3785 A
3786 A
3787 A
3788 3789 A
3790 A
3791 3792 A
3793 3794 A
3795 A
3796 A
3797 A
3798 3799 A
3800 3801 3802 3803 A
3804 A
3805 A
3806 3807 3808 3809 3810 3811 3812 3813 A
3814 3815 3816 3817 3818 3819 A
3820 A
3821 A
3822 3823 A
3824 A
3825 3826 A
3827 A
3828 A
3829 A
3830 A
3831 A
3832 A
3833 A
3834 A
3835 3836 A
3837 3838 3839 3840 3841 A
3842 A
3843 3844 3845 3846 A
3847 A
3848 A
3849 3850 A
3851 A
3852 A
3853 A
3854 3855 A
3856 3857 3858 A
3859 3860 3861 A
3862 3863 A
3864 A
3865 3866 A
3867 3868 3869 3870 A
3871 3872 3873 3874 A
3875 A
3876 3877 3878 3879 3880 3881 3882 A
3883 A
3884 A
3885 A
3886 A
3887 A
3888 3889 A
3890 3891 3892 A
3893 A
3894 A
3895 A
3896 A
3897 A
3898 3899 A
3900 3901 3902 3903 A
3904 A
3905 A
3906 A
3907 3908 A
3909 3910 A
3911 A
3912 A
3913 A
3914 A
3915 A
3916 A
3917 A
3918 3919 3920 3921 3922 A
3923 A
3924 A
3925 A
3926 A
3927 A
3928 A
3929 3930 A
3931 A
3932 3933 A
3934 3935 3936 3937 3938 3939 A
3940 A
3941 A
3942 A
3943 A
3944 A
3945 A
3946 A
3947 A
3948 A
3949 A
3950 A
3951 A
3952 3953 3954 A
3955 3956 3957 A
3958 A
3959 A
3960 A
3961 A
3962 A
3963 A
3964 3965 3966 3967 A
3968 A
3969 A
3970 3971 A
3972 A
3973 A
3974 A
3975 A
3976 A
3977 3978 A
3979 3980 A
3981 3982 3983 A
3984 3985 A
3986 A
3987 A
3988 A
3989 A
3990 A
3991 A
3992 A
3993 A
3994 A
3995 A
3996 A
3997 A
3998 3999 4000 A
4001 A
4002 A
4003 A
4004 A
4005 A
4006 A
4007 A
4008 A
4009 A
4010 A
4011 A
4012 4013 A
4014 A
4015 A
4016 A
4017 A
4018 A
4019 4020 A
4021 A
4022 A
4023 A
4024 4025 A
4026 4027 4028 4029 A
4030 4031 4032 A
4033 4034 A
4035 A
4036 A
4037 A
4038 A
4039 A
4040 A
4041 A
4042 4043 A
4044 4045 A
4046 4047 A
4048 A
4049 4050 A
4051 4052 4053 A
4054 A
4055 A
4056 4057 A
4058 A
4059 A
4060 A
4061 A
4062 A
4063 4064 4065 A
4066 A
4067 A
4068 A
4069 4070 A
4071 4072 A
4073 A
4074 A
4075 A
4076 4077 4078 A
4079 A
4080 A
4081 4082 A
4083 4084 A
4085 A
4086 A
4087 A
4088 A
4089 A
4090 A
4091 A
4092 A
4093 A
4094 4095 A
4096 A
4097 A
4098 A
4099 4100 4101 A
4102 4103 4104 4105 A
4106 A
4107 A
4108 4109 A
4110 4111 4112 4113 4114 4115 4116 4117 4118 A
4119 4120 A
4121 A
4122 A
4123 A
4124 A
4125 A
4126 4127 4128 A
4129 A
4130 4131 A
4132 A
4133 A
4134 A
4135 4136 4137 A
4138 4139 4140 A
4141 A
4142 A
4143 A
4144 A
4145 A
4146 A
4147 4148 A
4149 A
4150 A
4151 A
4152 4153 4154 4155 A
4156 A
4157 4158 A
4159 A
4160 A
4161 A
4162 A
4163 A
4164 A
4165 A
4166 A
4167 A
4168 A
4169 4170 A
4171 4172 A
4173 4174 4175 4176 A
4177 4178 4179 4180 A
4181 A
4182 A
4183 A
4184 4185 A
4186 4187 4188 A
4189 4190 A
4191 4192 4193 A
4194 4195 A
4196 4197 A
4198 A
4199 4200 4201 A
4202 A
4203 4204 A
4205 A
4206 4207 4208 A
4209 4210 4211 4212 4213 A
4214 A
4215 4216 A
4217 4218 4219 4220 4221 A
4222 A
4223 A
4224 A
4225 A
4226 4227 A
4228 A
4229 A
4230 A
4231 A
4232 A
4233 4234 A
4235 A
4236 A
4237 A
4238 A
4239 A
4240 A
4241 A
4242 A
4243 A
4244 4245 A
4246 4247 4248 A
4249 A
4250 A
4251 A
4252 A
4253 A
4254 A
4255 A
4256 A
4257 A
4258 A
4259 A
4260 A
4261 A
4262 A
4263 A
4264 A
4265 A
4266 4267 A
4268 A
4269 4270 A
4271 4272 4273 4274 4275 A
4276 A
4277 A
4278 4279 A
4280 A
4281 A
4282 A
4283 A
4284 4285 4286 A
4287 4288 4289 A
4290 A
4291 A
4292 4293 A
4294 A
4295 A
4296 A
4297 A
4298 A
4299 4300 A
4301 A
4302 A
4303 A
4304 A
4305 4306 4307 A
4308 A
4309 A
4310 A
4311 A
4312 A
4313 A
4314 4315 4316 A
4317 4318 4319 4320 4321 A
4322 A
4323 A
4324 A
4325 A
4326 A
4327 A
4328 4329 A
4330 A
4331 A
4332 A
4333 A
4334 A
4335 A
4336 A
4337 4338 A
4339 A
4340 4341 A
4342 4343 A
4344 4345 4346 A
4347 A
4348 A
4349 A
4350 A
4351 A
4352 A
4353 A
4354 4355 4356 A
4357 A
4358 A
4359 A
4360 A
4361 A
4362 A
4363 A
4364 4365 4366 4367 A
4368 A
4369 4370 A
4371 4372 A
4373 A
4374 4375 4376 4377 A
4378 4379 A
4380 A
4381 A
4382 A
4383 A
4384 A
4385 4386 A
4387 4388 A
4389 A
4390 A
4391 A
4392 A
4393 A
4394 4395 A
4396 4397 4398 A
4399 A
4400 A
4401 A
4402 4403 A
4404 4405 A
4406 4407 A
4408 A
4409 A
4410 A
4411 A
4412 A
4413 A
4414 A
4415 A
4416 A
4417 4418 4419 A
4420 A
4421 4422 A
4423 A
4424 A
4425 A
4426 4427 4428 4429 4430 A
4431 4432 A
4433 A
4434 A
4435 4436 A
4437 A
4438 A
4439 A
4440 4441 A
4442 A
4443 4444 A
4445 A
4446 4447 A
4448 A
4449 A
4450 A
4451 A
4452 A
4453 4454 4455 A
4456 A
4457 A
4458 A
4459 A
4460 A
4461 A
4462 4463 A
4464 A
4465 A
4466 A
4467 A
4468 A
4469 A
4470 A
4471 4472 4473 A
4474 A
4475 4476 4477 4478 4479 4480 4481 4482 4483 A
4484 A
4485 A
4486 4487 4488 4489 4490 A
4491 4492 4493 4494 4495 A
4496 A
4497 A
4498 A
4499 4500 A
4501 4502 A
4503 4504 A
4505 A
4506 A
4507 4508 4509 4510 4511 4512 4513 4514 4515 A
4516 4517 A
4518 4519 A
4520 4521 4522 A
4523 A
4524 A
4525 A
4526 4527 A
4528 4529 A
4530 A
4531 A
4532 A
4533 A
4534 4535 A
4536 A
4537 A
4538 A
4539 A
4540 A
4541 4542 A
4543 A
4544 A
4545 A
4546 A
4547 4548 4549 A
4550 A
4551 A
4552 A
4553 A
4554 A
4555 A
4556 A
4557 A
4558 A
4559 A
4560 A
4561 A
4562 4563 4564 4565 A
4566 A
4567 A
4568 A
4569 A
4570 A
4571 A
4572 A
4573 A
4574 A
4575 A
4576 4577 4578 A
4579 A
4580 A
4581 A
4582 A
4583 A
4584 A
4585 A
4586 4587 4588 A
4589 4590 A
4591 A
4592 A
4593 A
4594 A
4595 A
4596 A
4597 A
4598 A
4599 A
4600 4601 A
4602 A
4603 A
4604 A
4605 A
4606 4607 A
4608 A
4609 A
4610 A
4611 A
4612 A
4613 A
4614 A
4615 A
4616 A
4617 A
4618 A
4619 4620 A
4621 A
4622 A
4623 A
4624 4625 4626 A
4627 4628 A
4629 4630 A
4631 A
4632 A
4633 A
4634 A
4635 A
4636 A
4637 A
4638 A
4639 A
4640 A
4641 A
4642 A
4643 A
4644 A
4645 A
4646 A
4647 A
4648 A
4649 A
4650 A
4651 A
4652 A
4653 A
4654 A
4655 A
4656 A
4657 A
4658 A
4659 A
4660 4661 A
4662 A
4663 A
4664 A
4665 A
4666 A
4667 A
4668 A
4669 A
4670 A
4671 A
4672 A
4673 A
4674 A
4675 A
4676 A
4677 A
4678 4679 A
4680 A
4681 4682 4683 4684 4685 A
4686 4687 A
4688 4689 A
4690 4691 A
4692 A
4693 A
4694 A
4695 A
4696 4697 A
4698 4699 A
4700 4701 A
4702 A
4703 4704 4705 4706 A
4707 A
4708 A
4709 A
4710 A
4711 4712 4713 4714 A
4715 A
4716 4717 4718 4719 4720 4721 A
4722 4723 4724 4725 A
4726 A
4727 A
4728 A
4729 A
4730 A
4731 A
4732 A
4733 A
4734 A
4735 4736 A
4737 4738 A
4739 A
4740 A
4741 A
4742 A
4743 A
4744 A
4745 A
4746 A
4747 A
4748 A
4749 A
4750 A
4751 4752 A
4753 4754 A
4755 A
4756 A
4757 4758 A
4759 A
4760 A
4761 A
4762 A
4763 A
4764 A
4765 4766 A
4767 A
4768 A
4769 A
4770 4771 4772 4773 A
4774 A
4775 A
4776 A
4777 A
4778 A
4779 A
4780 A
4781 A
4782 A
4783 A
4784 A
4785 A
4786 A
4787 4788 4789 A
4790 A
4791 4792 A
4793 4794 A
4795 4796 A
4797 A
4798 4799 A
4800 A
4801 A
4802 A
4803 A
4804 A
4805 A
4806 A
4807 A
4808 4809 4810 A
4811 A
4812 A
4813 4814 4815 4816 A
4817 4818 A
4819 4820 A
4821 4822 4823 4824 A
4825 A
4826 A
4827 A
4828 A
4829 A
4830 4831 4832 A
4833 A
4834 A
4835 4836 A
4837 A
4838 A
4839 A
4840 A
4841 A
4842 A
4843 A
4844 A
4845 A
4846 4847 A
4848 A
4849 A
4850 A
4851 A
4852 A
4853 A
4854 4855 A
4856 A
4857 A
4858 A
4859 A
4860 A
4861 A
4862 A
4863 A
4864 4865 A
4866 4867 4868 4869 4870 4871 A
4872 4873 A
4874 A
4875 A
4876 A
4877 A
4878 A
4879 A
4880 A
4881 A
4882 A
4883 A
4884 A
4885 A
4886 A
4887 A
4888 4889 4890 A
4891 A
4892 A
4893 A
4894 A
4895 A
4896 A
4897 4898 4899 4900 4901 4902 A
4903 A
4904 A
4905 A
4906 A
4907 A
4908 A
4909 A
4910 A
4911 A
4912 A
4913 A
4914 A
4915 A
4916 A
4917 A
4918 A
4919 4920 4921 4922 4923 4924 4925 A
4926 A
4927 A
4928 A
4929 4930 A
4931 4932 A
4933 4934 4935 A
4936 4937 A
4938 A
4939 4940 4941 4942 A
4943 4944 4945 A
4946 A
4947 A
4948 A
4949 A
4950 4951 A
4952 4953 4954 A
4955 4956 4957 A
4958 4959 A
4960 4961 A
4962 4963 4964 4965 4966 A
4967 A
4968 A
4969 A
4970 A
4971 A
4972 4973 4974 A
4975 4976 A
4977 A
4978 A
4979 A
4980 A
4981 4982 A
4983 4984 A
4985 A
4986 A
4987 A
4988 A
4989 A
4990 A
4991 4992 4993 A
4994 A
4995 4996 4997 A
4998 4999 5000 A
5001 A
5002 5003 A
5004 A
5005 A
5006 5007 A
5008 A
5009 5010 5011 A
5012 A
5013 5014 A
5015 5016 A
5017 5018 A
5019 5020 A
5021 5022 5023 A
5024 A
5025 5026 A
5027 5028 5029 5030 A
5031 A
5032 A
5033 A
5034 5035 A
5036 5037 A
5038 A
5039 A
5040 A
5041 A
5042 A
5043 5044 A
5045 5046 A
5047 5048 A
5049 5050 5051 5052 5053 5054 A
5055 A
5056 A
5057 5058 A
5059 A
5060 5061 5062 5063 A
5064 5065 5066 A
5067 A
5068 A
5069 A
5070 A
5071 5072 5073 5074 A
5075 A
5076 A
5077 A
5078 A
5079 5080 A
5081 5082 A
5083 A
5084 A
5085 A
5086 A
5087 5088 A
5089 A
5090 A
5091 A
5092 5093 A
5094 A
5095 A
5096 A
5097 A
5098 5099 5100 A
5101 A
5102 5103 5104 A
5105 5106 5107 5108 5109 A
5110 5111 A
5112 A
5113 A
5114 A
5115 A
5116 A
5117 5118 5119 A
5120 A
5121 5122 A
5123 A
5124 A
5125 A
5126 5127 5128 5129 A
5130 A
5131 5132 5133 A
5134 A
5135 A
5136 5137 A
5138 5139 5140 5141 5142 A
5143 5144 5145 5146 A
5147 A
5148 A
5149 A
5150 A
5151 A
5152 5153 A
5154 5155 5156 A
5157 5158 5159 5160 A
5161 5162 5163 A
5164 A
5165 A
5166 5167 A
5168 5169 A
5170 5171 A
5172 5173 5174 A
5175 A
5176 A
5177 5178 A
5179 5180 A
5181 5182 A
5183 A
5184 5185 A
5186 A
5187 A
5188 A
5189 A
5190 A
5191 A
5192 A
5193 5194 A
5195 5196 A
5197 5198 A
5199 A
5200 A
5201 5202 A
5203 A
5204 A
5205 A
5206 A
5207 5208 5209 5210 5211 A
5212 A
5213 A
5214 A
5215 5216 A
5217 5218 A
5219 5220 A
5221 A
5222 A
5223 A
5224 A
5225 A
5226 A
5227 A
5228 A
5229 A
5230 A
5231 A
5232 A
5233 A
5234 A
5235 5236 5237 A
5238 A
5239 A
5240 A
5241 A
5242 A
5243 5244 5245 A
5246 5247 5248 A
5249 A
5250 A
5251 5252 A
5253 A
5254 A
5255 5256 A
5257 5258 A
5259 A
5260 A
5261 A
5262 A
5263 A
5264 A
5265 5266 5267 5268 A
5269 5270 A
5271 5272 A
5273 A
5274 A
5275 A
5276 5277 A
5278 A
5279 A
5280 A
5281 5282 5283 A
5284 A
5285 5286 5287 5288 A
5289 A
5290 A
5291 A
5292 A
5293 A
5294 A
5295 A
5296 A
5297 5298 A
5299 A
5300 A
5301 A
5302 A
5303 A
5304 A
5305 A
5306 A
5307 A
5308 5309 5310 A
5311 5312 5313 5314 A
5315 A
5316 A
5317 A
5318 A
5319 A
5320 5321 A
5322 A
5323 A
5324 5325 5326 A
5327 A
5328 A
5329 A
5330 A
5331 5332 A
5333 A
5334 A
5335 A
5336 A
5337 A
5338 5339 5340 A
5341 5342 A
5343 A
5344 A
5345 A
5346 5347 A
5348 A
5349 5350 A
5351 A
5352 A
5353 5354 5355 A
5356 A
5357 5358 A
5359 A
5360 5361 A
5362 A
5363 5364 5365 A
5366 5367 5368 A
5369 A
5370 A
5371 A
5372 A
5373 A
5374 A
5375 5376 A
5377 A
5378 5379 5380 5381 A
5382 A
5383 5384 A
5385 5386 5387 A
5388 5389 A
5390 A
5391 A
5392 A
5393 5394 A
5395 5396 5397 A
5398 A
5399 A
5400 5401 A
5402 5403 A
5404 A
5405 A
5406 A
5407 A
5408 5409 5410 5411 5412 A
5413 5414 A
5415 A
5416 5417 A
5418 A
5419 A
5420 5421 5422 A
5423 5424 A
5425 A
5426 A
5427 5428 A
5429 A
5430 5431 A
5432 A
5433 A
5434 A
5435 5436 A
5437 5438 5439 A
5440 A
5441 5442 5443 A
5444 5445 A
5446 A
5447 A
5448 5449 5450 A
5451 5452 A
