432 162
55 63 T
103 104 108 109 T
110 115 T
126 131 T
309 311 315 T
36 37 41 42 T
67 71 T
52 175 T
178 180 182 T
208 209 215 216 T
267 269 272 T
320 321 T
67 71 T
368 369 372 T
11 15 T
126 131 T
22 53 57 T
28 32 33 T
49 84 86 T
116 118 T
72 145 T
146 155 159 163 166 T
225 226 227 T
230 233 234 T
263 265 T
217 301 303 305 306 308 T
374 376 379 T
111 412 T
16 23 58 T
87 210 218 T
77 107 T
186 187 219 302 T
188 192 194 197 199 201 204 T
223 224 273 T
29 316 T
24 231 T
240 244 310 T
258 260 262 377 T
341 342 345 T
74 398 402 T
202 205 404 420 422 426 T
91 241 T
211 235 238 T
156 160 167 275 276 277 T
296 322 T
312 329 332 336 T
382 383 T
164 403 T
1 212 431 T
7 9 68 245 T
19 21 196 T
93 94 95 T
330 333 T
92 313 T
50 96 122 T
139 141 T
12 152 T
171 427 T
75 399 T
157 161 338 339 T
43 406 407 409 415 T
25 27 130 T
26 123 T
255 256 T
343 416 T
165 346 T
361 370 T
112 362 413 T
242 246 314 T
153 388 T
6 417 T
76 410 T
10 213 T
126 131 T
142 147 T
38 300 T
30 132 T
259 261 378 T
77 107 T
252 254 T
59 249 T
39 44 251 408 T
31 140 143 T
78 363 411 T
144 297 384 T
168 170 351 353 355 356 365 367 373 T
257 364 418 T
40 393 396 T
45 48 331 334 T
79 184 T
19 21 196 T
80 113 T
60 232 250 T
88 97 189 T
3 281 T
13 328 T
220 253 394 395 T
221 304 397 T
200 352 354 357 366 T
81 121 400 T
135 136 239 T
154 169 T
55 63 T
236 266 270 288 T
64 390 T
14 82 401 T
385 424 T
120 190 193 198 203 206 T
268 274 T
148 151 207 405 421 423 T
149 228 243 247 T
127 133 375 T
2 214 286 432 T
318 414 T
319 344 419 T
176 326 T
83 114 185 T
4 150 350 T
229 340 T
47 179 335 T
46 117 119 T
5 282 425 T
138 289 T
55 63 T
172 173 174 307 323 T
64 390 T
284 285 386 T
137 287 292 293 294 295 T
237 290 324 T
222 391 392 T
34 35 428 T
90 105 264 T
100 101 102 429 T
17 65 T
8 69 248 T
134 380 T
98 278 279 280 T
177 283 T
271 291 T
85 181 183 299 T
89 99 191 325 327 T
317 347 348 349 T
337 358 359 360 371 T
158 162 381 430 T
298 387 T
1 2 A
3 4 5 A
6 A
7 8 A
9 A
10 A
11 12 13 14 A
15 A
16 17 A
18 19 A
20 21 A
22 23 24 25 26 A
27 A
28 29 30 31 A
32 A
33 A
34 A
35 A
36 A
37 38 39 40 A
41 A
42 43 44 A
45 46 A
47 A
48 A
49 50 A
51 52 53 54 55 A
56 57 58 59 60 61 62 63 64 65 A
66 67 68 69 A
70 71 72 73 74 75 76 77 78 79 80 81 82 83 A
84 85 A
86 A
87 88 89 A
90 A
91 92 A
93 A
94 A
95 96 97 98 99 A
100 A
101 A
102 A
103 A
104 105 A
106 107 A
108 A
109 A
110 111 112 113 114 A
115 A
116 117 A
118 119 A
120 A
121 A
122 A
123 A
124 125 126 127 A
128 129 130 131 132 133 A
134 A
135 A
136 137 A
138 A
139 140 A
141 142 143 144 A
145 A
146 A
147 A
148 A
149 150 A
151 A
152 153 154 A
155 156 157 158 A
159 160 161 162 A
163 164 165 A
166 167 A
168 A
169 A
170 A
171 A
172 A
173 A
174 A
175 176 177 A
178 179 A
180 181 A
182 183 A
184 185 A
186 A
187 A
188 189 190 191 A
192 193 A
194 195 196 A
197 198 A
199 200 A
201 202 203 A
204 205 206 207 A
208 A
209 210 211 212 213 214 A
215 A
216 217 218 219 220 221 222 A
223 A
224 A
225 A
226 A
227 228 A
229 A
230 231 A
232 A
233 A
234 A
235 236 237 A
238 239 A
240 241 242 243 A
244 245 246 247 248 A
249 250 A
251 A
252 253 A
254 A
255 A
256 257 A
258 259 A
260 261 A
262 A
263 264 A
265 266 A
267 268 A
269 270 271 A
272 273 274 A
275 A
276 A
277 A
278 A
279 A
280 A
281 282 A
283 A
284 A
285 A
286 A
287 A
288 289 290 291 A
292 A
293 A
294 A
295 A
296 A
297 298 A
299 A
300 A
301 302 A
303 304 A
305 A
306 307 A
308 A
309 310 A
311 312 313 314 A
315 316 317 A
318 A
319 A
320 A
321 322 323 A
324 A
325 A
326 A
327 A
328 A
329 330 331 A
332 333 334 335 A
336 337 A
338 A
339 340 A
341 A
342 343 344 A
345 A
346 A
347 A
348 A
349 A
350 A
351 352 A
353 354 A
355 A
356 357 A
358 A
359 A
360 A
361 A
362 A
363 A
364 A
365 366 A
367 A
368 A
369 370 371 A
372 A
373 A
374 375 A
376 377 378 A
379 380 A
381 A
382 A
383 384 385 386 387 A
388 A
389 390 A
391 A
392 A
393 A
394 A
395 A
396 A
397 A
398 399 400 401 A
402 A
403 A
404 405 A
406 A
407 408 A
409 410 411 A
412 413 414 A
415 416 417 418 419 A
420 421 A
422 423 A
424 A
425 A
426 427 428 429 430 A
431 432 A
