500 1437
1 464
1 491
2 474
2 395
2 251
2 486
2 143
2 478
2 242
2 294
2 338
2 433
2 326
2 482
2 344
2 114
2 466
2 116
2 470
2 428
2 131
2 330
2 139
2 56
2 348
2 461
2 15
2 387
2 383
2 374
2 464
2 82
2 65
2 491
2 469
2 263
2 75
2 40
2 350
2 304
2 204
2 23
2 83
2 145
2 302
2 211
2 47
2 500
2 117
2 282
2 266
2 48
2 340
2 448
2 316
2 352
2 259
2 490
2 392
2 135
2 178
2 198
2 112
2 167
2 355
2 343
2 372
2 80
2 71
2 89
2 298
2 314
2 384
2 230
2 265
2 417
2 415
2 457
2 429
2 212
2 132
2 190
2 323
2 241
2 313
2 248
2 147
2 397
2 148
2 64
2 272
2 306
2 118
2 411
2 396
2 270
2 262
2 121
2 140
3 143
4 251
4 242
4 433
4 263
4 47
5 474
5 395
5 143
5 482
5 114
5 330
5 500
5 448
5 488
5 67
5 91
5 59
6 223
8 474
8 242
8 170
8 9
9 395
9 486
9 464
9 159
9 190
9 458
9 200
9 59
10 251
12 474
12 395
12 251
12 143
12 326
12 116
12 464
12 450
12 483
12 364
12 149
13 251
13 482
13 114
13 117
13 342
14 352
15 474
15 395
15 251
15 143
15 326
15 114
15 466
15 116
15 330
15 461
15 464
15 35
15 122
15 89
15 314
15 196
15 255
15 212
15 319
16 486
17 242
17 326
18 470
19 34
19 315
20 474
20 395
20 251
20 326
22 143
23 474
23 395
23 251
23 486
23 294
23 374
23 490
23 30
23 120
23 181
24 114
25 131
26 474
27 198
28 395
28 67
29 38
29 291
30 253
30 128
30 297
31 474
31 464
31 97
32 433
32 392
32 322
33 251
34 294
35 474
35 395
35 251
35 143
35 433
35 428
35 65
35 83
35 47
35 312
36 474
36 395
36 486
36 81
36 376
37 251
37 482
37 114
37 56
37 241
37 133
38 251
38 116
38 352
38 432
39 395
39 204
39 209
40 474
40 395
40 251
40 478
40 326
40 362
40 371
40 140
41 470
41 330
41 383
41 202
42 361
43 474
43 395
43 251
43 143
43 428
43 374
43 266
43 80
43 214
43 467
45 428
45 155
46 474
46 395
46 251
46 143
46 338
46 131
46 348
46 387
46 340
46 122
46 135
46 260
46 362
47 474
47 395
47 251
47 486
47 242
47 294
47 344
47 466
47 464
47 352
47 451
47 135
47 309
47 159
48 474
48 395
48 251
48 486
48 143
48 294
48 114
48 470
48 354
48 198
48 369
48 283
48 442
48 329
49 474
49 395
49 251
49 383
49 137
49 253
50 470
53 395
54 486
54 428
55 251
55 326
55 56
56 474
56 395
56 251
56 486
56 294
56 326
56 344
56 374
56 102
56 145
56 500
56 483
56 416
56 342
56 173
56 468
56 472
57 395
57 486
57 466
57 470
57 428
57 124
57 425
57 123
60 395
62 251
63 251
64 482
64 245
65 474
65 395
65 251
65 116
65 341
65 316
65 216
65 423
66 474
66 470
66 82
66 125
67 482
67 344
69 395
69 75
69 498
70 466
70 116
70 500
70 305
70 463
71 474
71 242
71 82
71 407
71 293
71 271
72 486
72 464
73 395
73 364
74 474
74 352
74 451
75 474
75 395
75 251
75 486
75 490
75 392
75 198
75 425
75 437
75 150
75 90
75 203
75 479
76 474
76 486
76 316
77 143
77 277
78 486
78 288
79 323
79 332
80 478
80 134
80 333
81 474
81 395
81 143
81 470
81 102
81 172
82 474
82 395
82 251
82 486
82 143
82 114
82 428
82 330
82 304
82 134
82 465
82 420
82 101
83 474
83 395
83 251
83 486
83 433
83 482
83 114
83 343
84 474
84 395
84 433
84 466
84 116
84 470
84 277
84 407
84 322
85 486
85 114
86 395
86 116
86 448
87 482
88 474
88 395
88 486
88 143
88 338
88 302
88 410
88 342
88 369
88 107
88 240
89 395
90 487
91 474
91 259
92 395
92 486
92 242
92 263
92 117
92 364
92 451
92 176
92 216
92 141
92 287
92 476
93 482
93 416
96 242
97 474
97 251
97 242
98 326
98 466
98 349
99 155
100 251
100 149
101 474
101 251
102 474
102 395
102 251
102 486
102 143
102 242
102 482
102 355
102 257
102 385
103 251
104 251
104 326
104 277
105 251
105 143
105 238
106 204
106 431
107 251
107 355
107 310
110 242
111 486
111 468
111 372
111 212
112 474
112 251
112 486
112 326
112 139
112 196
113 251
113 137
114 474
114 395
114 251
114 486
114 143
114 478
114 242
114 294
114 326
114 344
114 348
114 387
114 238
114 145
114 410
114 282
114 448
114 407
114 301
114 124
114 198
114 184
114 152
114 477
114 380
115 133
116 474
116 395
116 251
116 486
116 143
116 478
116 294
116 338
116 482
116 470
116 330
116 491
116 238
116 117
116 282
116 373
116 342
116 412
116 499
116 163
116 454
116 317
117 395
117 486
117 143
117 326
117 470
117 330
117 491
117 369
118 433
119 143
119 338
119 433
119 259
119 392
119 222
120 344
120 172
121 294
122 474
122 395
122 486
122 143
122 491
122 274
123 368
124 238
124 475
124 255
124 313
125 474
125 395
125 486
125 294
125 387
125 190
126 383
127 474
127 492
128 486
128 143
128 242
128 293
129 474
129 464
129 382
131 474
131 395
131 251
131 486
131 143
131 242
131 294
131 433
131 326
131 466
131 470
131 330
131 139
131 374
131 373
131 359
131 457
131 217
131 177
131 280
131 479
132 395
132 499
134 474
134 151
135 395
135 251
135 466
136 478
137 474
137 395
137 486
137 294
137 326
137 470
137 250
137 403
137 275
138 422
139 474
139 395
139 251
139 486
139 143
139 478
139 242
139 294
139 433
139 482
139 469
139 483
139 426
139 178
139 412
139 173
139 391
141 330
143 474
143 395
143 251
143 486
143 478
143 242
143 294
143 338
143 433
143 326
143 482
143 344
143 466
143 470
143 428
143 330
143 348
143 461
143 374
143 464
143 469
143 238
143 304
143 204
143 277
143 500
143 410
143 416
143 341
143 448
143 352
143 259
143 490
143 197
143 178
143 236
143 173
143 298
143 295
143 205
143 481
143 240
143 429
143 351
143 281
143 147
143 233
143 207
143 148
143 422
143 347
143 144
143 446
143 286
143 476
144 486
145 474
145 395
145 478
145 433
145 326
145 466
145 263
145 277
145 302
145 364
145 230
146 426
149 474
149 342
149 334
149 258
151 474
151 395
151 478
151 341
151 400
151 248
152 486
153 395
154 309
155 251
155 427
156 486
156 338
156 470
156 255
157 486
159 450
161 395
162 395
162 251
162 483
162 167
163 486
164 486
164 433
164 244
166 348
166 374
167 474
167 395
167 478
167 343
167 473
167 424
167 324
168 251
169 304
170 474
170 395
170 251
170 344
170 320
170 244
171 474
171 395
171 326
171 239
172 474
172 395
173 474
173 236
176 486
176 326
177 464
177 447
178 474
179 486
180 387
180 435
181 395
184 395
185 251
186 395
187 474
187 204
188 461
189 242
189 198
190 316
191 338
192 474
193 395
193 391
195 474
196 474
196 395
196 394
197 474
197 242
197 294
197 361
198 474
198 395
198 433
198 483
198 389
199 474
200 395
201 486
202 395
202 344
203 242
204 474
204 395
204 251
204 486
204 242
204 464
204 282
204 448
204 298
204 254
205 474
207 304
207 444
207 271
208 286
209 433
210 251
211 474
211 395
211 486
211 242
211 433
211 491
211 416
212 395
213 262
214 395
214 461
215 263
216 251
216 294
216 326
217 251
218 338
218 260
219 483
222 247
223 474
225 486
225 319
226 474
226 251
226 470
226 409
229 356
230 251
230 486
230 483
231 395
234 426
235 395
236 395
236 490
238 474
238 395
238 251
238 294
238 387
238 465
238 388
238 394
238 422
240 473
241 251
241 486
241 326
241 482
242 474
242 395
242 251
242 486
242 478
242 294
242 338
242 433
242 326
242 482
242 344
242 466
242 470
242 330
242 348
242 387
242 374
242 336
242 416
242 364
242 373
242 342
242 402
242 359
242 264
242 388
242 360
242 321
243 474
244 486
245 474
245 478
245 294
245 393
246 474
246 395
246 251
246 478
246 266
246 448
246 316
247 298
248 251
249 486
250 395
251 474
251 395
251 486
251 478
251 294
251 338
251 433
251 326
251 482
251 344
251 466
251 470
251 428
251 330
251 348
251 461
251 387
251 383
251 374
251 491
251 469
251 354
251 350
251 277
251 336
251 302
251 500
251 483
251 426
251 416
251 266
251 448
251 316
251 451
251 389
251 342
251 301
251 309
251 260
251 355
251 455
251 444
251 465
251 489
251 499
251 481
251 276
251 457
251 419
251 335
251 297
251 495
251 320
251 278
252 282
253 348
255 282
256 354
257 395
257 341
259 474
259 395
259 389
260 486
260 433
260 344
260 450
261 294
263 474
263 395
263 294
263 326
263 482
263 330
263 348
263 387
263 302
263 402
263 300
264 395
265 474
266 474
266 466
266 302
266 364
266 495
267 395
271 393
271 375
272 474
272 326
274 461
277 474
277 395
277 348
277 464
277 282
277 352
277 465
277 287
278 486
279 486
279 433
279 326
281 474
281 478
281 470
282 395
282 486
282 433
282 326
282 330
282 491
283 474
283 478
286 395
287 482
287 343
291 482
293 474
293 387
293 355
293 499
294 474
294 395
294 486
294 478
294 338
294 326
294 344
294 466
294 470
294 387
294 383
294 354
294 350
294 410
294 451
294 389
294 314
294 384
294 415
294 440
294 404
295 486
295 374
296 330
297 395
297 462
298 326
298 482
298 407
300 395
301 474
301 395
301 486
301 330
302 474
302 395
302 486
302 330
302 461
302 426
302 467
302 333
304 474
304 395
304 448
304 441
304 351
304 452
305 433
306 478
306 412
308 395
308 350
309 474
309 491
311 474
312 326
313 433
315 469
315 455
316 474
316 486
316 338
316 330
316 393
317 461
317 364
319 395
321 372
324 344
325 474
326 474
326 395
326 486
326 478
326 338
326 482
326 466
326 470
326 428
326 348
326 427
326 442
326 405
326 422
328 474
328 338
330 474
330 395
330 486
330 478
330 338
330 466
330 491
330 500
330 389
330 430
330 460
336 474
336 395
336 486
336 374
336 483
336 342
336 405
337 486
338 474
338 395
338 486
338 478
338 433
338 344
338 466
338 348
338 374
338 451
338 444
338 359
338 463
338 417
338 396
339 474
339 344
340 474
341 474
341 395
341 383
341 362
342 474
342 395
342 354
343 395
344 474
344 395
344 486
344 478
344 482
344 470
344 387
344 374
344 491
344 450
344 483
344 357
344 368
344 454
345 395
346 474
348 474
348 395
348 486
348 478
348 433
348 482
348 428
348 430
349 395
349 410
349 371
350 474
350 395
350 486
350 478
352 474
352 395
352 486
354 474
354 395
354 486
354 491
354 416
354 448
354 382
355 486
356 436
357 469
362 470
362 489
363 486
363 482
364 395
364 486
364 466
364 373
364 455
365 395
369 450
371 474
371 478
371 433
372 474
372 395
372 458
373 474
373 395
373 486
373 400
374 474
374 395
374 486
374 433
374 466
374 470
374 387
378 486
379 395
381 427
383 474
383 395
383 433
383 500
384 474
384 395
385 395
387 474
387 395
387 486
387 433
387 416
387 457
387 443
388 393
389 474
389 486
390 451
390 437
392 395
392 469
392 453
393 474
395 474
395 486
395 478
395 433
395 482
395 466
395 470
395 428
395 461
395 464
395 491
395 469
395 500
395 450
395 483
395 448
395 451
395 412
395 402
395 455
395 499
395 430
395 421
395 405
395 458
395 404
395 452
395 443
395 398
395 479
396 474
397 482
399 466
410 474
411 474
412 474
412 486
412 456
413 474
415 470
416 486
416 428
416 493
417 478
421 500
422 474
423 426
425 474
426 474
426 486
428 474
428 486
428 433
428 491
428 430
430 486
430 478
431 474
431 486
431 482
432 486
433 474
433 486
433 478
433 470
433 464
433 491
433 448
433 437
433 454
434 493
436 469
437 486
438 486
442 482
445 478
448 474
448 470
450 474
450 469
450 500
451 474
451 486
451 483
456 474
457 474
460 474
461 474
461 486
461 482
461 480
463 464
464 474
464 486
464 470
464 491
464 483
466 474
466 486
466 492
467 474
467 486
468 474
469 474
469 491
470 474
470 486
470 489
470 494
473 474
474 486
474 478
474 482
474 491
474 500
474 483
474 490
474 488
474 475
474 477
474 484
474 476
477 493
478 486
478 482
478 500
478 490
480 486
482 486
482 489
483 499
484 486
486 491
486 489
486 488
486 499
