500 1262
1 187
2 37
2 5
3 351
3 275
3 490
4 187
4 338
4 465
4 37
4 226
4 95
4 5
4 321
4 351
4 233
4 82
4 299
4 31
4 56
4 391
4 378
4 289
4 357
4 237
4 222
4 182
4 163
4 13
4 140
4 462
4 311
4 389
4 480
4 439
4 262
4 157
4 415
4 68
5 187
5 338
5 465
5 37
5 226
5 95
5 321
5 351
5 233
5 82
5 41
5 392
5 299
5 31
5 429
5 241
5 145
5 120
5 56
5 87
5 487
5 101
5 128
5 326
5 228
5 222
5 182
5 336
5 192
5 462
5 337
5 204
5 29
5 164
5 227
5 79
5 70
5 115
5 495
5 261
5 92
5 257
5 444
5 384
5 382
5 102
5 238
5 90
5 361
6 233
6 145
6 156
6 216
7 187
7 465
7 56
7 370
7 48
7 29
7 368
8 321
8 120
9 392
9 476
9 329
9 136
9 229
9 410
10 427
11 302
12 187
12 338
12 378
12 40
13 187
13 338
13 226
13 321
13 271
13 122
16 187
17 187
17 338
17 465
17 327
17 172
17 399
18 187
18 338
18 37
18 95
18 299
18 179
18 40
18 323
18 64
18 183
18 165
18 213
20 82
20 28
21 144
22 187
22 338
22 128
22 298
23 120
23 38
23 265
24 141
24 162
26 315
27 285
28 31
29 103
30 465
30 193
31 187
31 338
31 465
31 37
31 226
31 95
31 299
31 429
31 56
31 87
31 162
31 289
31 209
31 140
31 168
31 492
31 300
31 471
31 480
31 38
31 329
31 470
31 59
31 454
31 384
31 355
32 325
33 338
33 37
33 226
33 333
34 67
34 136
34 189
35 187
35 465
35 56
35 310
35 222
35 492
35 485
36 338
37 187
37 338
37 465
37 226
37 95
37 321
37 351
37 233
37 82
37 41
37 392
37 299
37 429
37 241
37 145
37 56
37 391
37 141
37 87
37 280
37 179
37 162
37 487
37 310
37 131
37 326
37 317
37 94
37 103
37 206
37 467
37 117
37 182
37 336
37 140
37 173
37 327
37 39
37 395
37 337
37 374
37 287
37 494
37 446
37 38
37 439
37 177
37 181
37 353
37 67
37 144
37 184
37 153
37 456
37 196
37 415
37 323
37 385
37 89
37 477
37 134
38 216
39 237
39 182
39 293
40 187
40 338
40 465
40 226
40 141
40 166
40 467
40 75
40 483
40 146
41 187
41 338
41 465
41 226
41 95
41 321
41 392
41 241
41 145
41 120
41 56
41 391
41 141
41 280
41 162
41 487
41 101
41 77
41 276
41 336
41 140
41 479
41 194
41 389
41 239
41 343
41 407
41 261
41 153
41 428
41 161
41 210
41 398
44 383
45 204
45 383
46 226
46 378
47 357
48 187
48 145
48 337
48 356
48 383
48 477
48 230
49 226
49 145
49 166
49 312
49 403
51 187
52 187
52 303
52 182
52 161
53 379
53 139
55 338
55 185
56 187
56 338
56 465
56 226
56 95
56 233
56 82
56 120
56 166
56 310
56 128
56 222
56 117
56 152
56 492
56 63
56 285
56 495
56 421
56 380
56 125
56 377
59 95
59 217
59 358
60 465
60 87
60 103
60 150
62 187
62 487
62 128
62 445
63 465
64 338
64 448
65 187
65 442
65 214
66 187
66 296
67 187
67 338
67 87
67 143
70 321
71 338
72 187
72 487
73 145
74 338
74 300
74 272
75 187
75 338
75 299
75 145
75 317
75 432
75 404
77 187
77 338
77 233
77 378
77 449
77 343
77 270
78 299
78 141
79 338
79 465
80 187
80 432
82 187
82 338
82 465
82 226
82 95
82 321
82 351
82 233
82 299
82 241
82 145
82 120
82 391
82 141
82 166
82 263
82 303
82 289
82 101
82 449
82 332
82 357
82 182
82 276
82 209
82 256
82 119
82 474
82 161
82 409
82 247
82 102
82 146
82 475
83 338
84 187
85 187
85 180
86 187
87 187
87 338
87 465
87 226
87 321
87 299
87 241
87 391
87 128
87 462
87 300
87 246
87 267
87 470
87 415
87 272
87 134
89 357
89 383
90 424
91 187
91 392
91 241
91 370
92 187
92 412
93 391
94 187
94 338
94 95
94 378
94 136
95 187
95 338
95 465
95 226
95 321
95 351
95 233
95 392
95 299
95 120
95 391
95 280
95 166
95 378
95 162
95 263
95 131
95 326
95 449
95 467
95 418
95 462
95 297
95 119
95 173
95 370
95 479
95 446
95 448
95 302
95 388
95 202
95 331
95 482
95 411
95 149
95 386
95 196
95 498
95 180
95 272
95 174
95 244
96 187
96 166
97 187
97 465
97 392
97 241
97 177
97 455
98 226
98 321
98 445
99 179
101 187
101 338
101 128
101 467
101 469
101 405
102 431
103 187
103 429
103 391
103 353
103 144
103 111
103 127
105 317
105 360
105 180
106 177
107 338
107 373
109 338
109 116
110 326
110 482
111 389
112 338
112 226
112 321
113 338
115 376
116 187
116 220
117 187
117 465
117 321
117 241
117 289
117 488
117 466
118 187
118 338
118 128
118 163
118 167
119 187
119 338
119 233
119 410
120 187
120 338
120 465
120 226
120 321
120 233
120 280
120 179
120 263
120 289
120 131
120 317
120 275
120 271
120 204
120 302
120 471
121 187
121 162
121 173
122 187
122 226
122 163
122 374
123 187
124 187
124 338
125 454
126 187
126 338
126 442
127 187
128 187
128 338
128 465
128 226
128 299
128 449
128 268
129 131
129 442
129 189
130 365
131 187
131 338
131 226
131 351
131 392
131 299
131 429
131 391
131 449
131 479
131 314
133 226
133 241
133 332
134 275
134 302
135 187
135 179
136 145
136 172
138 429
140 187
140 338
140 321
140 241
140 303
140 228
140 312
141 187
141 338
141 465
141 226
141 321
141 299
141 145
141 166
141 487
141 263
141 289
141 228
141 332
141 357
141 157
141 381
141 472
141 493
143 187
143 166
143 473
143 223
144 187
144 233
144 179
144 222
145 187
145 338
145 465
145 226
145 228
145 453
145 202
145 456
145 459
146 233
147 439
148 187
148 182
150 187
150 338
151 187
151 338
151 194
151 329
152 187
152 351
152 283
152 376
153 187
153 338
153 273
153 468
153 333
154 187
155 182
156 233
156 241
156 280
157 432
158 233
158 176
160 187
162 187
162 338
162 465
162 226
162 321
162 479
162 421
162 330
162 230
163 187
163 338
163 321
163 297
163 370
163 337
166 187
166 338
166 465
166 226
166 351
166 392
166 289
166 228
166 359
166 475
167 187
168 187
168 338
168 446
169 226
170 187
170 332
170 275
172 193
172 176
173 187
173 233
173 429
173 370
175 465
175 199
176 187
178 297
179 187
179 338
179 226
179 233
179 299
179 263
179 397
180 187
181 430
182 187
182 338
182 429
182 292
183 310
183 244
184 187
184 465
184 325
184 212
185 187
187 338
187 465
187 226
187 321
187 351
187 233
187 392
187 299
187 429
187 241
187 391
187 280
187 378
187 487
187 263
187 303
187 289
187 310
187 326
187 317
187 348
187 449
187 228
187 332
187 282
187 206
187 357
187 237
187 222
187 467
187 276
187 418
187 336
187 209
187 432
187 256
187 192
187 457
187 275
187 462
187 258
187 441
187 297
187 327
187 370
187 427
187 359
187 479
187 395
187 394
187 494
187 291
187 488
187 340
187 446
187 389
187 300
187 264
187 302
187 471
187 442
187 439
187 422
187 305
187 284
187 325
187 365
187 246
187 424
187 205
187 285
187 490
187 356
187 329
187 453
187 436
187 482
187 411
187 214
187 248
187 400
187 371
187 330
187 212
187 257
187 454
187 243
187 349
187 364
187 493
187 247
187 451
187 384
187 277
187 425
187 223
187 358
187 419
187 334
187 417
187 251
187 500
187 195
187 435
187 398
187 401
187 215
187 403
187 497
187 464
187 485
187 333
188 357
188 499
189 338
189 465
189 233
190 323
192 465
192 193
193 299
194 338
194 465
194 467
196 275
196 363
197 226
197 321
197 337
200 458
202 338
206 487
206 356
206 229
206 259
206 309
208 487
209 432
210 338
210 311
215 465
216 338
219 338
221 465
222 338
222 233
222 391
222 395
223 338
223 378
224 276
225 340
226 338
226 465
226 321
226 351
226 233
226 392
226 299
226 429
226 241
226 391
226 280
226 487
226 263
226 303
226 289
226 326
226 228
226 237
226 467
226 336
226 297
226 370
226 287
226 448
226 476
226 262
226 343
226 490
226 383
226 257
226 477
226 451
226 362
226 401
226 466
228 338
228 465
228 351
228 233
230 465
231 351
233 338
233 465
233 321
233 351
233 392
233 299
233 241
233 391
233 487
233 289
233 310
233 256
233 275
233 264
233 476
233 456
233 447
233 298
233 470
233 472
233 349
233 377
233 286
237 338
237 351
237 263
237 355
237 440
239 338
239 311
241 338
241 465
241 391
241 280
241 418
241 337
241 480
243 262
244 337
244 305
248 473
248 304
249 342
251 429
252 326
252 283
253 338
254 310
256 338
256 299
256 280
256 378
256 349
257 338
257 303
257 388
258 338
258 378
259 387
261 465
261 299
261 432
261 318
262 338
262 399
263 338
263 465
263 351
263 392
263 391
263 310
263 348
263 276
263 397
263 353
263 411
263 447
263 333
264 338
265 427
274 288
275 465
275 391
275 487
275 289
275 457
275 489
276 338
276 465
276 392
277 401
278 338
280 338
280 465
280 351
280 391
280 310
280 348
280 305
280 469
282 338
282 465
282 300
282 350
284 465
284 351
284 409
288 338
288 321
288 422
289 338
289 465
289 462
289 340
289 379
289 452
291 338
293 338
295 338
295 351
297 338
297 311
297 394
298 338
298 351
298 299
299 338
299 465
299 321
299 351
299 429
299 480
299 365
299 364
299 334
300 352
303 338
303 465
303 321
303 326
305 338
307 338
308 338
308 321
309 336
310 338
310 321
310 391
310 326
310 395
311 338
311 465
313 338
313 392
315 465
315 493
317 338
317 465
317 321
317 476
318 351
321 338
321 465
321 351
321 392
321 378
321 325
321 495
321 498
321 377
323 392
324 351
326 338
326 487
326 348
326 430
326 435
327 432
329 338
329 369
331 348
332 338
332 465
335 338
335 465
335 379
337 465
338 465
338 351
338 392
338 429
338 391
338 378
338 487
338 348
338 449
338 467
338 418
338 457
338 462
338 370
338 427
338 359
338 492
338 488
338 446
338 480
338 452
338 356
338 436
338 456
338 406
338 339
338 443
338 386
338 354
338 366
338 367
338 454
338 375
338 364
338 414
338 358
338 419
338 399
338 387
338 402
338 346
338 405
338 491
338 393
338 475
345 433
347 391
347 494
347 439
347 358
348 360
351 465
351 392
351 429
351 391
351 378
351 374
351 472
357 483
358 474
360 429
363 378
363 421
364 494
367 392
367 487
373 392
374 465
377 465
378 465
378 391
378 442
378 385
378 499
381 388
385 465
385 416
389 391
391 465
391 392
391 429
392 465
392 429
392 449
392 471
392 453
392 400
395 429
407 465
409 457
410 465
422 495
423 429
429 465
429 457
429 495
429 460
429 455
429 486
432 452
449 473
457 462
465 487
465 467
473 487
