500 1287
1 227
1 143
1 329
1 160
1 472
1 170
1 364
1 436
1 98
1 410
1 207
1 457
1 442
1 354
1 224
1 214
1 153
1 474
1 152
1 110
1 478
1 355
1 393
1 309
1 483
1 252
1 421
1 199
1 353
1 323
1 21
1 92
1 283
1 443
1 473
1 470
1 466
1 45
1 384
1 30
1 388
1 79
1 111
1 87
1 198
1 398
1 128
1 482
1 294
1 38
1 344
1 40
1 368
1 46
1 236
1 56
1 155
1 458
1 158
1 465
1 123
1 181
3 292
3 239
5 282
5 493
6 405
6 379
7 393
8 292
9 227
9 160
9 170
9 435
9 203
9 118
11 472
11 153
11 474
11 156
11 420
11 388
11 389
13 143
13 472
13 170
13 364
13 347
14 173
14 416
14 217
14 452
14 479
16 71
16 323
16 75
17 420
18 329
18 457
18 435
18 325
18 306
18 402
18 331
19 227
19 442
21 227
21 143
21 268
21 106
21 320
22 227
22 143
22 329
22 472
22 170
22 214
22 146
22 473
22 334
22 86
22 485
22 385
22 109
22 462
23 354
25 252
25 368
26 143
26 232
26 188
26 226
27 410
27 481
27 130
28 143
29 224
30 329
30 268
30 481
30 402
31 65
32 445
33 227
33 140
33 431
34 301
35 143
37 160
37 410
37 311
37 130
37 448
37 213
38 143
38 45
39 143
39 170
39 207
39 153
39 393
39 173
39 86
39 453
39 251
39 138
40 436
41 227
41 329
42 368
42 151
42 55
43 227
44 227
44 472
44 282
45 52
45 185
45 72
46 143
46 434
47 160
48 410
49 449
50 247
50 82
51 329
52 98
52 369
52 449
52 119
52 479
53 207
54 309
56 410
56 254
56 382
58 436
58 442
58 75
59 227
59 203
60 143
61 481
63 214
63 151
64 227
64 442
65 227
65 143
65 160
65 207
65 224
65 152
65 140
65 79
65 387
66 329
66 214
66 168
67 227
67 160
70 143
70 98
70 282
70 466
71 227
71 329
71 170
71 402
71 371
71 394
71 326
72 355
72 309
72 222
74 436
74 382
75 227
75 160
75 472
75 283
75 178
75 270
76 323
76 405
77 354
78 239
78 87
79 227
79 170
79 369
79 103
80 136
81 429
82 106
82 398
82 295
82 120
83 329
83 457
85 353
86 143
86 329
87 227
87 442
87 449
87 414
88 227
88 143
88 170
88 268
88 396
88 252
88 125
88 285
88 234
88 432
90 294
91 443
91 188
92 143
92 436
92 263
92 281
93 364
93 110
94 227
94 435
95 143
95 346
95 344
96 369
96 128
97 268
98 227
98 143
98 329
98 160
98 472
98 170
98 364
98 436
98 410
98 207
98 224
98 152
98 268
98 110
98 369
98 156
98 393
98 313
98 168
98 247
98 232
98 220
98 473
98 249
98 398
98 185
98 122
98 495
98 376
98 401
98 120
98 109
98 463
98 337
98 194
98 299
99 103
99 198
102 247
103 227
103 436
103 186
103 392
103 381
104 329
104 155
104 445
105 436
105 254
105 306
106 329
106 354
106 164
107 227
107 160
107 323
107 419
108 227
108 329
108 354
108 402
108 294
108 386
108 233
109 156
110 227
110 143
110 329
110 160
110 472
110 410
110 354
110 214
110 223
110 254
110 178
110 330
110 399
110 287
110 475
110 271
111 472
111 170
111 254
111 443
111 241
111 490
111 358
112 472
112 436
112 486
113 423
113 462
114 329
114 410
114 433
114 438
115 329
115 153
115 278
115 161
116 227
116 329
116 151
117 143
117 168
117 199
118 143
118 268
119 472
119 153
119 156
119 271
119 458
120 329
120 354
120 313
120 481
120 158
121 208
121 479
122 227
123 217
124 143
124 490
124 200
125 329
125 478
125 249
125 491
125 225
126 143
126 329
126 222
127 170
127 457
127 135
127 149
128 170
128 436
128 224
128 152
128 355
129 227
129 313
129 311
131 207
131 361
132 160
132 481
133 410
133 252
135 227
135 153
136 227
137 354
138 436
139 170
140 227
140 143
140 329
140 160
140 170
140 396
140 347
140 481
140 470
140 275
140 488
140 460
143 227
143 329
143 160
143 472
143 170
143 364
143 436
143 410
143 207
143 457
143 442
143 354
143 224
143 214
143 153
143 474
143 152
143 268
143 369
143 478
143 396
143 156
143 355
143 393
143 313
143 360
143 168
143 309
143 483
143 247
143 173
143 351
143 282
143 435
143 252
143 421
143 416
143 199
143 323
143 484
143 238
143 254
143 339
143 306
143 425
143 208
143 220
143 449
143 382
143 473
143 230
143 169
143 420
143 470
143 217
143 186
143 405
143 331
143 330
143 250
143 240
143 266
143 278
143 346
143 399
143 383
143 407
143 340
143 500
143 488
143 376
143 372
143 368
143 440
143 280
143 193
143 370
143 209
143 303
143 297
143 358
143 439
143 349
143 422
143 362
143 281
143 418
143 375
143 206
143 497
143 404
143 183
143 367
143 341
143 316
143 154
143 444
143 356
144 241
145 227
145 224
145 225
146 470
146 399
147 355
147 456
147 260
148 329
149 224
149 435
149 278
151 207
151 304
152 227
152 329
152 160
152 472
152 436
152 410
152 354
152 268
152 369
152 247
152 347
152 222
152 204
152 250
152 361
152 371
152 237
152 236
152 201
153 227
153 329
153 472
153 354
153 393
153 351
153 217
153 336
153 428
154 390
156 227
156 329
156 472
156 410
156 382
156 236
156 161
156 265
158 364
159 399
160 227
160 329
160 472
160 170
160 364
160 436
160 410
160 207
160 457
160 442
160 354
160 224
160 214
160 474
160 268
160 478
160 396
160 355
160 393
160 168
160 247
160 252
160 232
160 498
160 325
160 365
160 283
160 347
160 449
160 169
160 481
160 402
160 466
160 405
160 292
160 203
160 269
160 426
160 417
160 280
160 193
160 324
160 179
160 352
160 216
160 236
160 190
160 476
160 342
160 462
160 281
160 270
160 480
160 438
162 329
163 224
164 442
164 268
165 227
165 329
165 472
165 318
165 379
165 301
168 227
168 364
168 474
168 396
168 393
168 309
168 232
168 434
168 241
168 402
168 288
168 180
168 215
169 472
169 369
169 382
169 481
169 236
169 451
169 362
170 227
170 329
170 472
170 364
170 436
170 410
170 207
170 442
170 354
170 224
170 214
170 478
170 360
170 309
170 351
170 435
170 252
170 323
170 238
170 425
170 347
170 443
170 473
170 402
170 363
170 178
170 203
170 407
170 287
170 441
170 500
170 212
170 248
170 370
170 496
170 197
170 274
170 438
170 404
170 286
172 227
172 329
172 221
173 329
173 436
173 207
173 483
173 421
173 199
173 223
175 329
175 472
175 436
175 457
176 435
176 331
178 227
178 472
178 360
178 309
178 483
179 199
179 328
180 387
181 222
182 490
185 329
185 315
186 364
186 436
186 369
186 232
186 330
186 278
186 414
187 355
187 443
188 227
188 247
188 368
190 472
191 410
192 218
193 207
197 360
198 457
198 306
199 472
199 474
199 393
199 223
199 361
199 383
199 328
199 479
199 373
200 268
201 490
203 227
203 329
203 347
204 227
204 329
204 364
204 268
204 232
204 220
206 365
206 273
207 227
207 329
207 472
207 364
207 410
207 457
207 354
207 224
207 268
207 483
207 232
207 353
207 254
207 419
207 334
207 217
207 363
207 372
207 432
207 272
207 286
208 329
208 426
208 288
209 354
209 369
211 238
212 442
212 224
214 227
214 329
214 472
214 436
214 354
214 360
214 483
214 220
214 395
214 482
214 389
216 224
216 283
217 436
217 355
217 384
219 334
220 457
220 384
221 227
221 472
221 436
221 355
222 472
222 224
222 483
223 227
223 224
223 313
223 351
224 227
224 329
224 472
224 474
224 309
224 282
224 498
224 466
224 395
224 266
224 237
224 358
225 273
226 329
226 407
227 329
227 472
227 364
227 436
227 410
227 457
227 442
227 354
227 474
227 268
227 369
227 478
227 396
227 355
227 393
227 313
227 360
227 309
227 483
227 247
227 351
227 282
227 435
227 416
227 232
227 498
227 323
227 238
227 434
227 339
227 365
227 425
227 347
227 443
227 420
227 481
227 334
227 292
227 239
227 378
227 278
227 371
227 366
227 398
227 383
227 407
227 426
227 287
227 336
227 495
227 401
227 440
227 403
227 350
227 359
227 451
227 453
227 234
227 476
227 321
227 307
227 267
227 492
227 465
227 412
227 293
232 329
232 457
232 339
232 306
232 371
232 392
232 258
236 410
238 472
238 393
238 351
238 336
239 284
240 261
241 403
241 352
243 278
244 354
245 355
246 393
246 441
247 329
247 472
247 410
247 457
247 353
247 415
247 494
247 381
249 416
249 274
250 472
250 473
252 436
252 410
252 457
252 304
252 297
252 310
253 474
253 334
254 472
254 268
254 282
254 419
254 383
254 455
255 457
256 402
257 364
257 483
258 382
259 329
259 347
261 472
261 457
263 266
263 475
266 329
266 472
267 457
268 329
268 472
268 364
268 396
268 351
268 283
268 374
269 329
269 354
270 329
271 472
273 467
275 329
276 391
277 491
278 330
279 333
282 329
282 436
282 434
282 407
283 472
283 402
283 375
284 306
286 442
286 473
287 457
288 410
292 472
292 500
294 457
295 329
295 416
295 365
296 436
297 461
299 436
301 329
301 457
302 329
302 323
303 364
306 329
306 436
306 460
306 381
309 351
309 428
311 329
311 436
311 355
311 500
311 376
313 329
313 457
313 355
313 393
315 361
317 346
318 354
318 407
319 393
319 347
323 457
323 419
325 351
325 395
325 429
328 369
329 472
329 364
329 436
329 410
329 457
329 442
329 354
329 474
329 369
329 478
329 396
329 355
329 360
329 483
329 435
329 421
329 498
329 484
329 425
329 382
329 419
329 420
329 470
329 334
329 466
329 363
329 405
329 493
329 384
329 426
329 452
329 336
329 344
329 414
329 417
329 379
329 358
329 409
329 406
329 497
329 415
329 367
329 412
330 472
330 473
331 364
331 363
334 472
334 364
335 457
339 393
339 360
340 495
344 352
344 476
345 378
346 457
347 409
351 472
351 457
351 360
351 443
353 472
353 364
353 354
353 416
353 419
353 363
354 472
354 364
354 436
354 393
354 416
354 484
354 466
354 485
354 368
354 422
354 418
355 472
355 436
355 457
355 478
355 435
355 449
355 359
356 399
357 378
358 416
359 472
359 436
359 369
359 496
360 393
360 416
360 434
360 471
364 472
364 436
364 410
364 442
364 434
364 420
364 452
364 417
364 394
364 438
364 477
365 436
365 369
365 393
365 449
365 419
365 395
365 370
365 415
366 435
368 472
369 472
369 457
369 396
369 382
369 379
369 370
369 465
369 446
371 449
372 377
376 472
379 478
383 388
383 448
386 436
387 416
393 472
393 410
393 405
393 496
394 457
394 423
395 437
395 433
396 425
398 472
399 474
401 466
403 436
403 410
405 472
405 421
410 472
410 436
410 474
410 421
410 443
410 470
410 414
416 472
416 471
417 472
419 427
419 497
420 472
421 472
421 463
422 483
425 474
425 486
428 495
434 436
434 498
434 490
435 472
435 436
436 472
436 457
436 442
436 470
436 488
440 473
442 472
442 466
442 493
442 446
447 472
449 478
449 483
449 476
451 477
457 472
457 474
457 498
457 462
460 472
462 474
466 472
472 474
472 478
472 483
472 484
472 491
472 488
472 480
472 492
483 493
484 493
