2000 1595
1 74
1 421
1 614
1 630
3 690
3 717
3 1012
5 568
5 847
5 1426
6 951
6 1407
7 789
7 864
7 1721
8 1147
8 1569
8 1626
8 1800
9 1018
10 635
10 1628
10 1820
11 598
11 1124
12 1140
12 1259
13 942
13 1189
14 1713
15 344
16 784
16 1050
17 537
17 614
17 932
17 1746
18 504
18 973
18 1137
19 1200
19 1584
19 1605
20 171
21 1104
21 1519
22 826
22 1063
22 1135
23 1636
24 527
24 971
24 1820
25 986
25 1067
25 1093
26 463
26 1309
26 1448
29 57
29 524
29 658
29 726
29 1151
29 1279
31 1880
32 372
32 407
32 572
32 1739
33 662
34 146
34 814
34 1636
35 1183
36 128
37 151
38 595
38 1051
38 1522
40 1377
41 1350
43 344
43 1097
45 998
46 910
47 311
48 487
48 1051
49 54
49 254
49 560
49 1155
50 568
50 745
50 1094
51 681
51 795
51 1045
52 198
52 250
52 1755
53 608
54 554
54 585
55 1396
55 1733
56 543
58 891
58 1364
60 680
60 1164
61 312
62 332
62 688
63 1009
64 1956
65 1411
66 1437
67 591
68 1186
68 1794
69 1167
70 558
70 1952
72 138
72 540
72 1377
73 395
74 166
75 1470
75 1991
76 102
78 610
78 657
78 808
79 127
79 295
79 413
80 866
80 973
80 1517
82 1235
84 472
84 852
84 874
85 273
85 937
85 1025
86 366
88 1265
88 1348
89 514
90 778
91 377
93 534
93 1017
93 1107
93 1159
95 1814
96 1365
96 1918
97 946
98 1574
99 570
99 757
100 134
100 211
101 190
102 342
102 1323
102 1570
103 950
104 411
104 546
104 1029
104 1415
104 1448
104 1551
104 1617
104 1655
105 848
105 1275
105 1471
106 487
107 900
107 1469
107 1557
107 1952
108 1887
109 128
109 893
110 554
110 873
111 116
111 1111
113 628
115 1556
117 546
118 1188
119 385
120 169
120 924
121 1286
122 844
122 1940
122 1987
123 1111
124 329
124 376
124 1083
124 1479
125 757
125 972
126 211
127 321
127 1338
129 839
129 1096
132 934
133 1257
133 1346
134 598
135 750
136 706
136 1661
137 1482
139 215
140 571
140 1138
140 1392
143 405
143 1574
144 1240
145 1821
145 1944
146 778
147 270
150 1454
151 466
151 1185
151 1383
152 423
152 724
152 1919
154 221
155 1945
157 717
157 1599
157 1700
160 217
160 397
160 519
160 1208
161 455
161 1551
161 1868
162 643
163 598
166 580
166 794
167 1946
168 959
170 323
171 847
171 879
171 1197
171 1255
175 808
175 1274
175 1411
175 1436
177 235
177 497
177 1122
178 949
179 837
179 969
180 186
181 374
181 1057
181 1418
181 1832
182 1168
183 375
183 1762
184 525
184 1211
184 1642
184 1881
187 388
187 1014
187 1267
187 1730
188 730
191 992
193 315
193 643
193 1020
193 1796
194 865
195 1449
195 1458
196 990
197 286
197 1873
200 1488
201 568
201 833
202 1703
203 478
203 797
203 1998
205 766
205 1816
206 385
206 1092
207 1885
208 1469
208 1860
211 1050
212 1969
213 518
213 616
213 1422
214 1095
214 1634
215 292
215 872
215 1437
215 1614
216 691
216 1437
216 1731
218 335
218 1438
218 1740
219 1176
219 1327
223 434
223 726
223 1060
224 1144
224 1245
226 296
226 540
226 1751
226 1822
226 1918
227 693
227 946
228 1395
228 1693
229 672
229 1652
230 1035
231 774
235 1069
235 1748
235 1966
237 1947
238 868
238 1090
238 1810
240 360
241 938
244 908
245 1297
245 1514
246 700
248 566
249 885
250 907
250 1837
251 1263
251 1648
252 277
252 959
252 1305
253 826
255 366
256 1311
258 497
260 1240
260 1827
264 1265
266 1435
268 293
268 1264
268 1775
270 968
271 935
272 382
272 689
272 807
272 1317
272 1471
274 550
274 675
274 1277
274 1620
275 1896
276 1943
277 1545
278 1851
280 1532
280 1573
280 1597
280 1801
281 1519
281 1705
281 1990
282 345
282 840
284 1477
286 1341
286 1630
286 1765
287 501
287 1004
287 1344
288 447
288 1921
289 599
289 1623
290 1325
291 831
291 1522
292 1997
293 1987
294 1139
295 1931
296 1019
297 799
297 1459
298 461
299 733
299 1445
299 1637
300 706
300 1089
300 1628
300 1782
301 1998
302 620
302 1274
302 1398
302 1633
302 1914
303 1013
303 1803
304 418
305 550
306 1857
308 1012
309 327
309 687
309 852
309 948
310 1016
311 1450
313 1081
313 1645
314 554
318 596
318 1405
319 1035
321 917
322 1385
323 517
323 556
323 764
323 1198
323 1609
323 1871
324 485
327 1191
329 675
329 1279
330 666
330 1508
331 650
331 1561
331 1957
334 336
335 365
335 1602
336 345
336 657
338 735
338 1008
338 1590
340 917
340 1369
341 375
341 1293
343 819
343 1664
346 595
346 1063
346 1523
347 1220
347 1441
348 1202
349 1308
350 1095
350 1643
351 1425
352 576
352 1080
352 1739
352 1990
354 637
354 788
354 1311
355 1275
356 825
357 677
357 742
357 820
357 1814
358 1069
358 1115
358 1603
360 399
360 1653
360 1662
361 1757
363 1112
363 1948
364 1489
366 1345
367 689
367 1534
368 1226
369 423
370 822
370 949
370 1083
370 1297
371 397
371 750
371 1385
373 1386
373 1523
374 756
374 783
374 1287
375 604
375 611
375 958
376 786
376 923
377 392
378 1764
379 488
380 1267
380 1817
381 904
382 1895
383 1645
386 1040
386 1925
387 601
388 766
388 818
391 813
393 853
394 866
399 1429
400 515
400 1748
402 699
404 943
405 1039
405 1871
407 1905
409 1226
409 1864
409 1985
410 1181
412 1928
413 568
414 615
414 1877
414 1925
415 1049
416 931
416 1950
417 551
417 1358
418 488
418 2000
420 974
420 1201
421 436
421 1954
422 1351
425 659
425 761
425 1172
426 1165
426 1775
427 1846
429 1411
430 1696
433 480
433 582
433 856
433 1242
434 884
434 1084
435 1856
436 1654
437 822
438 787
438 1390
438 1514
438 1987
439 1430
441 783
441 1357
442 1563
442 1689
443 1642
444 1309
444 1959
445 545
445 1620
446 650
447 1748
450 1455
451 563
451 1337
451 1390
452 716
453 1946
454 594
454 1172
454 1545
455 618
456 1149
457 679
457 1706
458 512
458 811
458 1187
458 1392
458 1487
458 1707
459 784
460 1362
460 1775
461 895
461 1120
461 1244
462 1538
463 829
463 858
464 1305
466 1030
466 1198
466 1750
467 471
467 934
467 1529
468 521
468 930
468 1453
469 834
470 1681
471 1406
471 1798
472 1550
475 481
476 894
477 1064
477 1608
477 1754
478 1451
480 1540
480 1666
481 1798
482 969
483 634
484 1780
486 639
486 1178
488 1273
488 1558
489 932
490 777
490 1017
490 1902
493 1731
493 1884
494 608
494 1646
495 1683
496 1684
496 1998
497 567
499 664
499 679
499 693
499 1959
503 820
503 1237
504 1152
504 1259
504 1865
504 1975
509 1774
511 1434
511 1833
512 1548
513 522
513 793
514 1181
514 1225
516 1014
516 1422
517 913
517 1365
517 1853
519 1970
521 1729
521 1896
522 1478
522 1749
523 810
526 1961
527 824
527 1302
527 1746
528 1770
532 849
532 1145
532 1300
532 1913
534 943
534 1374
535 675
535 737
537 710
537 1002
537 1054
537 1533
537 1680
538 1061
538 1330
538 1576
539 1424
540 1296
542 1872
542 1913
543 730
545 798
545 1629
547 1640
547 1915
548 1249
552 1137
555 1317
556 958
557 558
557 1288
558 1226
558 1372
559 1888
561 1314
562 1142
562 1534
563 1159
564 645
564 798
564 1856
564 1922
566 1490
566 1832
571 819
571 1042
572 577
572 1278
572 1827
573 1166
575 837
575 1086
575 1822
577 1740
578 735
578 1860
579 1113
579 1943
580 1128
580 1155
581 834
581 1521
582 1431
582 1502
586 941
586 1245
586 1251
586 1630
587 633
587 1412
587 1678
588 1469
588 1649
589 1029
590 1558
590 1737
591 904
591 1428
592 1570
592 1778
593 1678
594 1411
594 1541
598 1355
599 663
601 1999
602 1555
602 1596
603 1820
605 810
605 1747
605 1919
606 807
606 859
606 1071
606 1481
607 1060
607 1656
607 1916
608 740
608 1247
609 663
609 948
609 1632
609 1780
610 754
610 1234
611 1236
611 1819
611 1888
612 1158
612 1240
612 1286
613 1186
614 837
614 1595
617 687
617 917
618 977
619 1622
620 1310
621 932
621 1815
622 762
624 1097
624 1545
625 721
625 1103
625 1887
627 735
627 1696
628 1674
628 1899
630 949
631 1154
631 1708
632 1674
635 845
636 1871
637 1660
640 1735
640 1862
641 1451
643 798
643 1965
643 1985
644 1381
645 1244
648 781
648 871
648 1578
651 885
651 951
651 1797
652 763
652 1479
653 1657
654 1989
655 1224
656 1977
657 1609
659 666
659 1911
661 910
661 1399
662 1004
662 1618
663 1331
664 701
664 1637
665 798
665 1200
665 1645
668 1606
669 1057
672 1256
672 1274
674 964
674 1065
674 1347
676 737
679 979
679 1267
681 1986
682 1304
683 1433
684 925
684 962
684 1624
684 1734
685 820
687 767
687 1016
687 1510
688 764
688 981
689 1337
691 1171
691 1347
691 1818
692 1503
693 798
694 1633
695 1130
695 1250
696 1011
696 1418
697 957
697 1506
697 1509
698 1676
698 1807
698 1910
698 1951
699 970
701 1286
701 1543
702 1765
704 1305
705 817
705 1885
707 1849
708 776
710 885
711 1116
713 771
714 730
714 773
715 1201
716 896
716 1589
721 1363
721 1813
722 1903
724 1615
724 1779
725 1007
727 1348
727 1675
728 1754
728 1985
729 884
729 1000
730 858
730 983
731 1014
732 1328
732 1920
734 1285
737 1606
737 1742
738 839
738 1801
739 1640
739 1697
739 1873
740 900
743 1079
744 1102
744 1860
744 1948
746 1925
747 872
747 1932
749 1657
754 1306
755 901
756 1237
756 1725
758 829
758 981
758 1994
759 1304
759 1309
760 1887
763 1011
765 1214
767 1600
767 1906
768 1934
769 1148
770 1639
770 1827
770 1862
771 1416
771 1804
772 1793
775 1436
775 1711
776 850
778 1368
779 1055
780 1439
781 857
782 1595
783 1387
783 1440
785 824
785 1110
786 1803
787 1128
787 1762
787 1933
789 1693
789 1758
790 1985
791 1095
791 1389
791 1833
793 946
793 1217
793 1722
794 998
794 1111
794 1657
795 1699
796 1274
797 1295
797 1758
800 1263
805 1290
805 1818
807 1437
810 1441
810 1765
812 1544
812 1715
813 1077
814 1183
815 1622
816 1874
817 1267
817 1857
817 1963
818 1936
821 998
821 1330
822 952
823 1893
824 1118
824 1189
824 1626
825 1182
827 1359
828 1024
828 1350
829 948
831 1498
832 1842
834 1831
835 1087
836 1949
838 1347
838 1593
838 1765
841 1398
842 1489
842 1823
844 975
844 1370
845 1056
845 1216
846 960
846 1133
846 1854
850 1787
851 1116
853 1119
853 1489
855 1310
856 1292
857 1900
858 1112
858 1127
858 1706
860 1443
862 1221
863 1872
865 1872
866 1800
866 1888
867 1916
869 1476
870 1492
871 1618
872 1150
872 1403
873 1060
873 1429
875 1066
875 1227
876 952
876 1039
876 1082
876 1106
876 1834
878 1168
878 1543
880 1079
880 1425
881 909
882 1454
882 1549
883 1275
885 1418
885 1919
885 1929
886 1033
886 1230
886 1548
887 1925
890 897
890 1021
890 1880
892 1204
892 1286
892 1383
894 960
900 1235
900 1531
900 1986
901 1181
901 1570
903 1719
907 1655
908 1131
908 1208
909 1720
913 1300
915 1078
915 1139
915 1700
919 1600
919 1766
920 1869
922 1107
922 1271
924 1366
927 1345
927 1431
927 1748
928 1047
928 1829
928 1852
929 1517
931 943
931 1430
931 1763
932 1496
935 1202
936 1080
937 1564
939 1032
939 1877
941 1204
943 1061
944 1586
945 1172
946 1733
947 1365
950 1438
951 1583
952 982
953 1597
954 1076
954 1958
958 1875
959 1248
962 1109
962 1893
964 1979
965 1212
966 1101
966 1864
972 1557
973 1430
973 1822
974 1122
976 1732
977 1347
978 1220
978 1784
979 1403
979 1430
980 1778
982 1133
983 1165
983 1394
986 1424
987 1313
988 1251
989 1229
989 1663
989 1743
990 1229
990 1533
990 1933
991 1589
995 1635
995 1879
996 1125
997 1639
998 1364
999 1037
1000 1716
1001 1260
1001 1463
1002 1480
1005 1809
1010 1346
1011 1356
1011 1483
1013 1161
1013 1661
1014 1307
1015 1606
1015 1753
1016 1886
1019 1528
1019 1857
1021 1143
1022 1351
1022 1768
1024 1483
1025 1198
1026 1608
1026 1995
1029 1082
1029 1826
1031 1295
1031 1362
1033 1375
1033 1849
1034 1111
1035 1120
1036 1123
1036 1703
1037 1122
1037 1294
1041 1063
1041 1074
1042 1519
1042 1738
1045 1453
1049 1430
1050 1336
1051 1839
1054 1679
1057 1657
1057 1832
1058 1470
1060 1102
1060 1107
1060 1457
1061 1747
1061 1929
1064 1267
1064 1333
1066 1702
1066 1768
1067 1315
1067 1626
1068 1513
1071 1769
1077 1829
1078 1252
1078 1384
1079 1879
1081 1937
1082 1153
1082 1521
1082 1543
1082 1588
1086 1252
1086 1345
1088 1356
1089 1784
1090 1533
1091 1613
1091 1935
1093 1477
1098 1206
1101 1507
1101 1805
1102 1326
1103 1223
1103 1242
1103 1460
1103 1658
1113 1234
1113 1972
1117 1661
1117 1858
1120 1586
1121 1166
1121 1255
1121 1376
1124 1190
1129 1757
1130 1546
1131 1628
1131 1681
1132 1902
1133 1902
1137 1557
1140 1306
1141 1598
1141 1611
1147 1528
1147 1786
1149 1159
1151 1316
1153 1181
1155 1462
1158 1762
1161 1944
1164 1823
1165 1500
1166 1230
1168 1279
1173 1928
1175 1461
1175 1506
1180 1334
1183 1312
1183 1759
1184 1674
1185 1649
1188 1792
1188 1872
1191 1371
1191 1491
1192 1801
1195 1756
1195 1871
1196 1506
1196 1686
1197 1223
1198 1272
1202 1782
1204 1587
1213 1879
1213 1990
1214 1528
1216 1768
1218 1668
1219 1900
1222 1232
1224 1560
1225 1995
1231 1958
1232 1544
1232 1785
1232 1915
1236 1696
1236 1930
1237 1880
1237 1987
1239 1446
1240 1718
1242 1553
1243 1260
1246 1404
1246 1608
1249 1281
1250 1304
1251 1609
1252 1549
1252 1828
1254 1304
1255 1673
1255 1925
1256 1316
1261 1614
1262 1374
1267 1383
1270 1788
1274 1654
1274 1692
1277 1734
1277 1945
1286 1856
1286 1936
1296 1823
1298 1406
1300 1513
1300 1759
1301 1351
1301 1386
1301 1582
1301 1659
1303 1678
1318 1426
1318 1449
1318 1843
1318 1926
1320 1423
1322 1689
1323 1676
1325 1615
1326 1591
1327 1389
1327 1933
1329 1727
1332 1925
1335 1914
1336 1369
1336 1727
1340 1689
1342 1419
1342 1755
1342 1833
1345 1652
1356 1577
1357 1411
1363 1533
1364 1672
1365 1911
1369 1515
1369 1780
1370 1612
1371 1898
1375 1903
1376 1973
1378 1601
1381 1992
1383 1664
1385 1578
1385 1636
1395 1482
1398 1895
1399 1783
1403 1428
1404 1611
1404 1786
1406 1503
1411 1528
1414 1704
1417 1586
1418 1704
1427 1607
1428 1870
1430 1853
1434 1869
1441 1675
1444 1850
1447 1511
1448 1760
1448 1839
1452 1776
1458 1938
1461 1536
1465 1907
1466 1927
1469 1701
1469 1958
1472 1745
1474 1829
1476 1998
1480 1772
1481 1687
1488 1900
1488 1978
1496 1678
1498 1671
1503 1519
1516 1805
1516 1969
1521 1528
1522 1913
1526 1646
1527 1778
1530 1996
1533 1566
1534 1915
1535 1802
1536 1537
1538 1611
1546 1608
1546 1917
1547 1694
1549 1596
1550 1625
1552 1953
1555 1897
1556 1839
1557 1809
1558 1659
1559 1573
1566 1677
1566 1748
1569 1705
1571 1708
1579 1886
1583 1756
1584 1841
1585 1970
1592 1930
1593 1611
1593 1795
1601 1874
1608 1987
1609 1717
1612 1906
1613 1961
1619 1988
1627 1810
1636 1637
1642 1997
1647 1680
1653 1741
1660 1717
1660 1834
1662 1817
1679 1729
1685 1968
1686 1751
1687 1961
1689 1950
1691 1710
1691 1947
1693 1789
1706 1904
1713 1839
1717 1844
1722 1725
1731 1945
1734 1743
1743 1909
1746 1859
1758 1960
1760 1851
1762 1885
1764 1797
1765 1857
1772 1967
1778 1792
1788 1849
1791 1895
1791 1954
1800 1902
1810 1926
1812 1832
1813 1838
1833 1914
1858 1945
1861 1864
1863 1989
1876 1930
1880 1908
1889 1895
1889 1949
1892 1967
1899 1906
1916 1938
1919 1940
1924 1960
1926 1943
1933 1936
