2000 1000
795 1310
240 1725
600 1879
1092 1676
1270 1939
45 1486
182 1384
99 1615
734 1470
829 1302
779 1203
414 1218
157 244
199 1153
50 1439
1780 1808
679 1363
425 1483
273 977
1598 1907
790 1752
1294 1514
1577 1884
27 1720
796 999
401 726
603 1535
1400 1788
310 1291
514 1039
146 1021
398 1084
1540 1920
193 953
417 1335
518 1149
311 1753
729 847
468 1575
92 1333
132 1378
1194 1804
399 410
728 1916
415 1029
736 1493
173 1010
654 1710
17 1922
130 807
532 1870
198 258
522 764
1073 1541
140 1336
494 1834
846 1898
216 837
217 802
1469 1608
424 1113
634 1081
629 737
428 994
722 1877
832 1191
852 931
780 1827
503 597
346 641
1274 1554
296 1476
1129 1990
457 1295
989 1174
64 672
704 1023
391 563
786 1727
506 1435
539 974
1326 2000
521 749
153 1814
991 1220
85 1298
688 1838
925 1009
278 1665
1240 1686
148 1735
594 1413
271 741
1201 1447
713 946
1578 1681
72 550
579 1769
1050 1772
1070 1787
606 1405
376 1190
213 1968
1285 1684
524 1186
123 1647
169 720
731 1912
1368 1709
200 1638
201 1612
1284 1328
580 1123
303 1214
1047 1739
583 1357
1219 1366
353 1569
957 1693
111 1309
251 1567
447 459
544 1313
282 1792
1118 1399
888 1095
168 635
793 1352
269 272
422 640
870 1819
948 1253
922 1353
1297 1797
308 1530
83 1192
295 855
1456 1961
1341 1822
485 598
824 1196
219 707
860 1387
26 1332
500 1233
283 481
778 1345
1277 1428
1431 1724
204 673
1359 1628
1717 1849
1774 1816
862 1078
443 546
577 1202
626 1732
406 1311
690 1506
152 909
407 1675
1155 1825
291 826
141 1574
1855 1926
1033 1836
809 1188
175 642
1204 1318
711 1794
596 1956
37 43
82 423
229 1287
439 1771
1645 1707
215 449
11 390
243 1945
926 955
1111 1117
817 1286
395 681
1515 1606
787 1950
1228 1949
300 520
618 1086
188 706
692 904
1125 1555
628 1652
813 1450
630 1167
1158 1890
968 1711
32 1361
723 1404
1723 1909
7 959
878 1427
743 1382
114 128
1402 1594
1619 1690
333 553
1466 1835
1102 1809
754 1867
493 551
239 1449
777 1213
170 1340
1523 1582
768 1393
1164 1631
1496 1714
658 1432
47 452
637 1211
433 905
823 1100
299 914
52 1860
125 1463
174 1337
1261 1847
979 1832
133 491
1317 1617
876 1767
697 969
889 892
151 1866
386 1583
127 1908
975 1480
487 759
22 260
771 1421
30 929
674 1241
801 1282
709 1873
67 1755
738 1918
419 1146
816 1828
549 1484
990 1999
663 1744
1807 1894
434 1781
71 1064
189 293
319 1324
512 1691
912 1689
192 1857
1513 1551
650 767
1524 1798
340 1108
543 1306
171 1425
1223 1312
53 377
1634 1697
1097 1810
28 869
450 1334
384 504
440 1061
375 1331
900 1790
209 899
363 1195
322 916
1232 1882
84 886
655 976
145 1381
1082 1458
203 559
997 1481
719 988
197 1666
757 1756
191 612
667 1624
405 1475
2 1490
874 1545
657 784
456 1279
1544 1906
58 1498
44 431
1217 1520
623 1801
774 1872
576 1451
1018 1796
1669 1757
368 1246
56 661
947 1107
343 1505
973 1919
910 1314
135 689
118 1423
913 1230
765 1103
1043 1605
1093 1444
1940 1954
177 691
264 421
525 614
1644 1812
389 1346
684 1016
555 1369
86 1973
359 1741
276 413
1962 1978
14 1307
137 1548
65 220
184 1718
96 473
1175 1208
190 1145
1531 1800
1045 1507
1053 1511
882 1629
1821 1886
233 716
1526 1941
1320 1464
250 1928
1247 1641
718 1377
605 1747
226 268
797 1679
1193 1917
3 1678
615 1806
205 739
230 256
1184 1468
636 962
183 1901
23 591
1120 1560
438 1126
619 1376
202 1115
285 1131
81 1871
1713 1943
1343 1568
15 1517
1418 1491
1259 1754
1563 1766
1698 1783
708 1224
735 949
1467 1649
482 732
335 341
470 785
965 1896
582 694
1508 1915
302 1085
1625 1933
74 1706
35 1635
210 1487
548 1226
538 1670
799 808
19 1114
369 1004
378 1461
613 699
38 993
284 1036
562 733
1134 1462
324 1099
1163 1358
1388 1733
954 1742
88 432
48 1024
429 972
263 1614
1168 1293
625 1850
453 1985
280 1694
187 950
928 1479
237 1296
63 762
670 1601
115 1199
664 1805
1448 1603
20 1465
1536 1734
1096 1471
585 1759
66 687
387 1249
1176 1589
980 1516
95 574
753 827
966 971
763 1765
863 958
467 1385
1546 1793
266 312
274 325
592 891
803 1200
231 867
782 1653
218 1858
1344 1923
13 1071
225 1726
788 1058
495 665
393 556
89 1960
1559 1695
714 1136
1396 1579
105 1657
1225 1688
1035 1051
185 1119
932 1215
554 1403
116 1028
1138 1539
1622 1899
523 616
117 1914
211 1265
339 1460
382 1165
469 1170
103 1094
29 1383
249 254
59 499
383 1633
1181 1375
783 1356
1391 1621
246 1417
221 1580
533 1419
104 1571
534 1820
776 1573
412 1705
379 1626
180 1426
1650 1728
760 1494
461 1454
147 840
644 1975
835 859
1156 1848
983 1121
294 791
881 1640
937 1401
1104 1905
298 938
769 1179
426 1105
951 1719
313 908
94 1278
527 1929
31 1338
1412 1639
139 1942
186 1370
901 1572
1656 1770
528 981
348 871
842 1504
6 109
755 880
477 1519
648 1648
400 1079
884 1101
483 1989
113 1889
409 1811
486 701
1316 1936
1687 1861
936 1157
496 1132
725 1620
601 669
57 267
570 1984
761 1561
1482 1986
1415 1658
238 864
397 1275
1281 1587
756 1473
770 1646
590 794
480 1300
529 1592
567 1704
1025 1499
1040 1497
374 653
1308 1842
1288 1976
1761 1778
435 1032
895 1273
812 1885
51 1662
39 138
329 367
898 1934
1075 1630
595 1231
1069 1169
323 1474
108 228
24 1141
441 1600
1682 1750
1046 1841
181 1390
513 1863
328 1799
288 1763
1455 1878
662 1824
1212 1730
1315 1813
484 1000
751 1124
703 806
396 1143
1406 1869
12 403
945 1749
588 1502
475 1445
1875 1948
236 1599
804 1364
599 1660
1159 1183
492 887
1187 1776
142 1659
1826 1921
227 1227
235 1994
70 1005
702 1856
1777 1897
560 1534
622 1518
149 1981
110 678
18 1736
490 810
1893 1965
1683 1737
1437 1843
987 1207
371 700
207 857
557 836
342 1576
347 1026
404 1133
262 820
942 1055
1290 1671
1243 1321
122 1173
34 822
476 1027
42 408
894 1927
666 1416
800 1883
223 828
488 1248
507 843
102 1441
872 1768
366 1142
1059 1347
1591 1604
257 1900
927 1057
611 1602
1420 1722
150 1127
1083 1152
575 745
214 474
1700 1785
540 1151
748 1329
1011 1303
1239 1408
372 511
25 952
825 883
16 1150
1876 1983
758 1229
131 350
143 1209
247 1019
316 624
234 344
1389 1864
1269 1292
87 819
1330 1558
1472 1651
1263 1895
394 1721
839 921
245 1503
530 1892
345 696
161 448
727 1930
821 1946
78 1911
349 1322
172 1537
334 1935
1552 1607
290 589
792 1501
309 877
1459 1663
647 854
646 1703
154 1110
4 924
604 1139
1042 1532
454 1371
100 1386
1048 1701
10 437
1007 1044
744 1299
750 866
875 1144
941 1593
978 1642
587 1244
281 918
208 1751
943 1782
607 1595
277 1442
292 509
361 1008
1865 1977
1109 1823
1512 1957
923 1553
902 1112
775 1398
241 1784
317 858
129 649
9 1636
21 1372
1090 1846
287 1998
698 815
985 1137
479 1692
442 462
79 1304
1162 1862
232 652
222 715
380 1817
212 1586
279 831
561 1987
1267 1618
416 1492
1522 1588
159 1031
1210 1758
305 1661
41 639
124 1738
984 1702
944 1904
1271 1643
617 1509
321 693
1128 1585
631 1264
411 995
571 1222
360 1066
845 964
1533 1746
1712 1888
97 1088
126 1411
178 1839
1182 1677
1054 1995
286 856
36 1993
742 1234
911 1430
683 919
307 1980
558 1562
519 686
163 633
464 472
465 1380
915 933
49 1276
134 844
451 789
1395 1488
868 1495
144 381
675 1845
330 508
1581 1925
1355 1433
890 1510
1668 1902
196 446
69 76
304 873
5 1251
179 195
1610 1988
1538 1829
357 1266
194 1815
54 609
1255 1760
772 1374
373 1903
1198 1235
458 531
224 364
8 93
1130 1854
705 1729
998 1982
444 651
566 1632
906 1063
632 1525
33 1565
121 1547
1609 1745
721 1453
315 338
392 460
1006 1424
1062 1185
248 1773
1 593
660 1699
1407 1457
136 1037
1409 1966
1013 1072
982 1997
1038 1910
120 275
1680 1881
849 1077
259 717
893 1272
861 1060
77 331
332 1851
573 1160
695 1256
471 645
253 1716
805 1564
505 885
1360 1637
830 1001
356 1180
1596 1932
1708 1844
385 578
1089 1597
1868 1991
1339 1452
1354 1590
1197 1795
1414 1891
1305 1557
1015 1257
1067 1685
46 730
355 811
879 1485
1166 1655
436 1791
746 961
166 1140
1177 1831
1362 1566
1116 1672
564 939
752 1148
265 1429
301 1221
1969 1996
60 112
1034 1611
1068 1762
608 865
773 1189
176 552
517 1748
1880 1924
463 1786
1020 1740
781 1696
526 1833
80 1258
712 940
897 1489
162 1556
798 1803
536 1654
1262 1349
62 1963
354 841
747 1410
1348 1550
547 1394
1616 1859
306 1030
1237 1283
638 1521
671 1280
314 1964
297 572
1584 1674
73 1245
167 206
584 903
327 1992
545 1549
766 1041
402 1012
643 1236
358 1979
1301 1959
1252 1438
602 1958
320 1049
107 676
370 1971
158 1325
960 1913
1268 1818
516 1527
119 668
1667 1802
565 1002
261 1664
501 1673
1147 1528
848 1052
724 1422
351 682
838 1178
581 1373
160 1627
935 1367
1715 1967
55 1443
388 1216
996 1206
61 1477
907 1543
541 1327
1056 1931
1529 1953
336 1434
466 1135
445 1350
970 1837
920 1351
851 1242
252 1319
963 1065
510 1852
326 621
90 1238
1779 1853
1087 1613
478 1154
155 986
498 1743
430 934
818 930
1478 1623
917 1955
1022 1254
1014 1250
420 502
352 1289
853 1171
40 1440
833 1970
1365 1840
165 1938
242 1017
537 1172
362 1091
586 656
542 1952
289 1205
106 1260
677 685
515 1944
497 1392
1436 1500
318 365
489 1397
75 1937
68 568
659 1161
569 1106
1098 1379
270 1874
967 1951
1122 1974
1775 1972
1731 1947
101 610
710 992
956 1789
850 1542
255 1342
98 455
1003 1074
627 814
535 740
1080 1446
834 896
156 164
337 1887
620 1830
91 1764
418 1076
427 1570
680 1323
