2000 5000
1053 1178
1053 1724
1053 1776
1053 134
1053 879
1178 266
1178 756
1178 324
1178 712
640 1534
640 1287
640 940
640 1329
640 939
1534 1292
1534 196
1534 405
1534 1605
12 1965
12 402
12 344
12 76
12 1226
1965 1839
1965 294
1965 1249
1965 631
1885 1974
1885 223
1885 467
1885 131
1885 1737
1974 638
1974 84
1974 636
1974 482
1173 1768
1173 425
1173 415
1173 1934
1173 1593
1768 186
1768 1665
1768 563
1768 1615
61 1332
61 1289
61 1667
61 312
61 1770
1332 1465
1332 1092
1332 1986
1332 1066
988 1722
988 397
988 74
988 1039
988 1747
1722 147
1722 858
1722 1852
1722 941
993 1837
993 575
993 90
993 1116
993 552
1837 1219
1837 1143
1837 622
1837 1112
1001 1661
1001 498
1001 743
1001 692
1001 1203
1661 1408
1661 1035
1661 1004
1661 354
361 806
361 1855
361 1925
361 1348
361 1806
806 1360
806 1859
806 809
806 332
1193 1602
1193 1179
1193 756
1193 1607
1193 1662
1602 647
1602 776
1602 1943
1602 304
957 1362
957 1276
957 649
957 1262
957 1552
1362 1776
1362 499
1362 178
1362 1149
34 1845
34 870
34 566
34 1927
34 29
1845 846
1845 1894
1845 1807
1845 57
740 1778
740 1011
740 1495
740 1563
740 1182
1778 945
1778 266
1778 845
1778 1844
1483 1822
1483 1391
1483 19
1483 191
1483 621
1822 1036
1822 143
1822 1458
1822 1859
789 1899
789 1881
789 1871
789 1919
789 1428
1899 296
1899 385
1899 1584
1899 112
861 1250
861 1118
861 406
861 678
861 610
1250 691
1250 929
1250 1056
1250 816
568 1671
568 1853
568 927
568 1389
568 1238
1671 1844
1671 1164
1671 1109
1671 753
69 526
69 1975
69 1579
69 960
69 227
526 1495
526 1959
526 425
526 1591
378 1510
378 1087
378 1922
378 336
378 1960
1510 1900
1510 231
1510 108
1510 811
598 1550
598 1159
598 78
598 1895
598 1619
1550 845
1550 413
1550 285
1550 1560
978 1017
978 632
978 343
978 558
978 774
1017 1114
1017 1649
1017 1194
1017 1495
1480 1672
1480 1842
1480 512
1480 1908
1480 168
1672 1692
1672 721
1672 884
1672 1281
763 799
763 1357
763 1269
763 840
763 1303
799 1404
799 286
799 464
799 143
589 683
589 161
589 164
589 424
589 394
683 1746
683 621
683 1307
683 990
1359 1503
1359 1904
1359 1060
1359 516
1359 1574
1503 1562
1503 562
1503 1925
1503 1604
25 991
25 966
25 415
25 333
25 123
991 260
991 776
991 306
991 1397
1408 536
1408 336
1408 1598
1408 856
128 180
128 1528
128 125
128 1047
128 554
180 1230
180 184
180 333
180 1679
480 1800
480 1740
480 1414
480 529
480 1365
1800 1636
1800 1209
1800 283
1800 95
447 1623
447 157
447 4
447 1265
447 1157
1623 1969
1623 1851
1623 470
1623 1458
1082 1905
1082 741
1082 215
1082 416
1082 1535
1905 1840
1905 900
1905 1752
1905 767
606 1387
606 1621
606 758
606 325
606 1598
1387 652
1387 1834
1387 1008
1387 148
1363 1366
1363 1706
1363 276
1363 230
1363 561
1366 1704
1366 560
1366 384
1366 1544
1088 1161
1088 1218
1088 1188
1088 136
1088 1342
1161 411
1161 1372
1161 1127
1161 834
142 1697
142 1886
142 1157
142 1379
142 1007
1697 1100
1697 43
1697 111
1697 373
735 750
735 599
735 766
735 234
735 464
750 1518
750 1278
750 1823
750 221
887 1521
887 1737
887 1726
887 1098
887 443
1521 1347
1521 1052
1521 88
1521 512
563 643
563 1799
563 472
563 1946
643 400
643 1992
643 358
643 1300
792 1634
792 1444
792 461
792 1815
792 955
1634 853
1634 1834
1634 19
1634 1772
592 1236
592 1537
592 934
592 1866
592 1155
1236 1342
1236 972
1236 1321
1236 1297
63 1875
63 508
63 270
63 382
63 1946
1875 109
1875 1122
1875 375
1875 1729
765 1918
765 273
765 1901
765 479
765 835
1918 1317
1918 718
1918 1586
1918 1235
1035 1513
1035 80
1035 1229
1035 1103
1513 1531
1513 1049
1513 692
1513 912
558 1588
558 529
558 305
558 1228
1588 607
1588 224
1588 1557
1588 1103
506 1398
506 975
506 1032
506 882
506 339
1398 1244
1398 1251
1398 1525
1398 115
482 775
482 1000
482 928
482 1843
775 567
775 1581
775 1941
775 1815
71 948
71 1189
71 421
71 1028
71 396
948 831
948 461
948 340
948 605
649 659
649 13
649 1184
649 1401
659 1360
659 1857
659 849
659 625
74 428
74 1296
74 1220
74 1274
428 1024
428 159
428 1555
428 1234
593 764
593 992
593 9
593 287
593 1023
764 814
764 580
764 266
764 177
641 1478
641 1753
641 1445
641 1999
641 684
1478 544
1478 1622
1478 678
1478 759
1766 1853
1766 1951
1766 1577
1766 1936
1766 1342
1853 1657
1853 334
1853 814
772 1409
772 299
772 42
772 1932
772 264
1409 994
1409 1401
1409 246
1409 1613
464 1293
464 476
464 994
1293 1044
1293 1743
1293 62
1293 119
1386 1568
1386 1861
1386 1235
1386 290
1386 508
1568 239
1568 565
1568 80
1568 1627
20 84
20 585
20 374
20 1136
20 38
84 1612
84 1476
84 1565
107 726
107 539
107 339
107 1486
107 252
726 1345
726 1440
726 1011
726 209
301 1760
301 1708
301 830
301 124
301 318
1760 832
1760 70
1760 495
1760 1675
215 1491
215 242
215 358
215 50
1491 884
1491 1101
1491 1792
1491 1153
1233 1511
1233 227
1233 1271
1233 1006
1233 1617
1511 1996
1511 1841
1511 407
1511 298
781 1350
781 231
781 1090
781 1767
781 45
1350 628
1350 311
1350 1581
1350 1868
174 1840
174 877
174 690
174 1318
174 1772
1840 1488
1840 1241
1840 493
122 1650
122 292
122 1260
122 998
122 674
1650 229
1650 531
1650 1914
1650 1180
1360 608
1360 1047
1360 1418
487 1253
487 709
487 68
487 734
487 736
1253 1351
1253 47
1253 460
1253 86
344 1470
344 298
344 802
344 73
1470 1117
1470 723
1470 1007
1470 317
757 885
757 283
757 1278
757 1700
757 1684
885 48
885 138
885 1565
885 1085
1328 1869
1328 1182
1328 323
1328 1482
1328 255
1869 413
1869 94
1869 382
1869 1681
913 1361
913 56
913 1048
913 81
913 17
1361 1160
1361 891
1361 1118
1361 1944
1275 1750
1275 1030
1275 183
1275 766
1275 1893
1750 1441
1750 1858
1750 1141
1750 727
373 895
373 1039
373 1278
373 472
895 997
895 1212
895 702
895 496
628 185
628 1587
628 896
628 116
280 1835
280 845
280 1775
280 60
280 1803
1835 256
1835 1678
1835 1847
1835 581
722 1951
722 289
722 572
722 1090
722 528
1951 1418
1951 1461
1951 2
500 1838
500 1406
500 1009
500 807
500 1240
1838 434
1838 130
1838 856
1838 1323
507 565
507 1481
507 399
507 1518
507 1436
565 173
565 16
565 1385
1091 1525
1091 829
1091 50
1091 1715
1091 1842
1525 1906
1525 1612
1525 1983
852 1014
852 91
852 323
852 153
852 327
1014 1627
1014 36
1014 1111
1014 705
986 1997
986 383
986 1946
986 1638
986 473
1997 605
1997 870
1997 1298
1997 120
1349 1820
1349 1666
1349 1587
1349 601
1349 1278
1820 1774
1820 1865
1820 699
1820 1125
356 1830
356 766
356 1248
356 1589
356 40
1830 1268
1830 998
1830 1111
1830 909
1168 1479
1168 567
1168 1123
1168 1660
1168 1137
1479 998
1479 550
1479 1581
1479 1742
1654 1867
1654 184
1654 1057
1654 1090
1654 1103
1867 1763
1867 1331
1867 410
1867 557
579 855
579 38
579 1883
579 1249
579 914
855 384
855 1785
855 1919
855 1457
336 1097
336 1637
336 242
1097 561
1097 1733
1097 912
1097 29
673 719
673 1887
673 1651
673 308
673 334
719 1092
719 1808
719 1073
719 32
267 1263
267 117
267 820
267 375
267 847
1263 1108
1263 1221
1263 1140
1263 1492
817 1141
817 1998
817 216
817 206
817 747
1141 228
1141 1067
1141 1617
1692 1487
1692 123
1692 1342
1692 1050
1400 1987
1400 357
1400 226
1400 1902
1400 1755
1987 1995
1987 828
1987 118
1987 712
1226 1605
1226 1334
1226 1749
1226 57
1605 989
1605 362
1605 1180
1887 1438
1887 662
1887 1540
1887 422
75 1443
75 1609
75 1243
75 1136
75 471
1443 188
1443 1554
1443 155
1443 1993
658 1498
658 631
658 444
658 1836
658 1382
1498 327
1498 1898
1498 65
1498 679
944 1074
944 1880
944 595
944 1909
944 1277
1074 10
1074 783
1074 422
1074 286
383 512
383 1662
383 1080
383 576
512 1449
512 30
1795 1883
1795 1434
1795 681
1795 433
1795 458
1883 1468
1883 1488
1883 1599
419 1374
419 682
419 1546
419 1972
419 421
1374 618
1374 576
1374 1582
1374 236
625 1213
625 133
625 1048
625 436
1213 1354
1213 1976
1213 635
1213 602
77 1344
77 465
77 1127
77 443
77 1413
1344 823
1344 1469
1344 251
1344 1194
1390 1955
1390 1283
1390 11
1390 1023
1390 264
1955 823
1955 1137
1955 1559
1955 1823
239 396
239 1164
239 708
239 696
396 880
396 199
396 687
90 761
90 921
90 1288
90 780
761 327
761 1203
761 1777
761 1231
647 1847
647 548
647 31
647 476
1847 1936
1847 426
1847 1805
1670 1945
1670 830
1670 1439
1670 811
1670 341
1945 232
1945 1668
1945 1773
1945 1895
169 1993
169 858
169 1783
169 1703
169 562
1993 37
1993 980
1993 235
1857 1553
1857 532
1857 1924
1857 1427
335 979
335 952
335 1937
335 1206
335 1125
979 297
979 942
979 609
979 15
1030 827
1030 871
1030 352
1030 1755
1391 1064
1391 732
1391 575
1391 682
622 1975
622 458
622 328
622 609
1975 1474
1975 1005
1975 1131
48 139
48 28
48 1371
48 247
256 1854
256 827
256 753
256 1863
1854 1561
1854 918
1854 376
1854 379
1532 1607
1532 1659
1532 1712
1532 1633
1532 1399
1607 977
1607 1879
1607 1825
1062 1200
1062 707
1062 961
1062 1579
1062 236
1200 1177
1200 1964
1200 1148
1200 742
246 1580
246 1245
246 42
246 1079
1580 176
1580 1586
1580 1138
1580 372
541 939
541 713
541 1686
541 1620
541 1065
939 452
939 185
939 1797
1542 1544
1542 1781
1542 1388
1542 1868
1542 1424
1544 936
1544 959
1544 1003
1667 1953
1667 691
1667 1694
1667 229
1953 1755
1953 665
1953 1530
1953 1128
578 1989
578 1625
578 717
578 388
578 1437
1989 1453
1989 849
1989 151
1989 997
778 1791
778 518
778 1536
778 1637
778 955
1791 1321
1791 1423
1791 1616
1791 1879
9 297
9 627
9 248
9 1235
297 1482
297 728
297 1590
27 839
27 348
27 6
27 1290
27 285
839 777
839 1664
839 707
839 574
204 243
204 1
204 829
204 901
204 1836
243 1060
243 981
243 1924
243 307
250 359
250 1429
250 624
250 1431
250 1347
359 1239
359 805
359 85
359 1827
539 837
539 406
539 1578
539 319
281 877
281 1533
281 189
281 1330
281 499
877 1668
877 1282
877 583
1100 992
1100 847
1100 60
1100 1693
1787 1846
1787 796
1787 949
1787 797
1787 1721
1846 1375
1846 1690
1846 720
1846 652
973 1104
973 141
973 318
973 1600
973 1606
1104 293
1104 212
1104 331
1104 1700
172 1055
172 1920
172 1669
172 1785
172 1459
1055 1769
1055 316
1055 98
1055 1784
530 534
530 650
530 1448
530 1243
530 1224
534 527
534 208
534 245
534 1313
399 2000
399 902
399 1566
399 611
2000 1494
2000 1442
2000 360
2000 1563
1379 1499
1379 420
1379 57
1379 66
1499 1217
1499 64
1499 1774
1499 586
319 1519
319 1743
319 685
319 1898
1519 1731
1519 543
1519 1160
1519 1614
278 1481
278 1346
278 976
278 1635
278 19
1481 697
1481 650
1481 1372
591 1941
591 426
591 1475
591 1167
591 1591
1941 518
1941 577
1941 654
1212 1507
1212 805
1212 14
1212 730
1507 1281
1507 777
1507 1761
1507 68
1102 1635
1102 351
1102 511
1102 1208
1102 1841
1635 478
1635 1155
1635 977
711 1979
711 925
711 1127
711 1467
711 1947
1979 254
1979 1114
1979 1143
1979 363
1358 1561
1358 1004
1358 1273
1358 1973
1358 1235
1561 484
1561 1244
1561 751
453 1189
453 696
453 872
453 6
453 1703
1189 444
1189 1107
1189 306
681 824
681 614
681 969
681 188
824 509
824 1884
824 826
824 962
1775 1849
1775 1973
1775 1818
1775 1990
1849 662
1849 461
1849 516
1849 668
605 1009
605 289
605 1261
468 945
468 1070
468 5
468 737
468 1536
945 1985
945 1543
945 1551
825 953
825 1048
825 795
825 1506
825 1748
953 834
953 1872
953 253
953 1971
1217 1706
1217 1338
1217 298
1217 874
1706 620
1706 159
1706 72
893 1582
893 1124
893 1810
893 857
893 261
1582 696
1582 1976
1582 1718
502 714
502 129
502 1107
502 481
502 1707
714 1396
714 1831
714 55
714 1019
340 386
340 684
340 964
340 996
386 1427
386 1983
386 617
386 1902
1076 1703
1076 551
1076 100
1076 1818
1076 1620
1703 397
1703 1303
465 1586
465 424
465 1545
465 1157
1586 412
1586 1612
449 787
449 1530
449 1468
449 1151
449 1434
787 1910
787 1711
787 1258
787 894
150 1659
150 741
150 423
150 1018
150 1937
1659 866
1659 951
1659 1621
217 437
217 1651
217 758
217 760
217 997
437 816
437 283
437 950
437 1417
145 268
145 1680
145 1425
145 1781
145 989
268 608
268 1258
268 1077
268 1124
1043 1418
1043 1393
1043 1615
1043 228
1043 1232
1418 1874
1418 1425
375 730
375 1317
375 1376
730 1068
730 1388
730 1372
597 1597
597 421
597 1314
597 1934
597 486
1597 989
1597 1633
1597 118
1597 1517
1118 1809
1118 420
1118 1036
1399 1696
1399 1000
1399 1126
1399 1850
1696 1013
1696 1052
1696 1464
1696 718
380 1195
380 1509
380 1271
380 1823
380 1031
1195 1713
1195 996
1195 1629
1195 189
1142 1252
1142 1557
1142 713
1142 272
1142 1567
1252 693
1252 398
1252 966
1252 1487
371 1146
371 697
371 1239
371 1852
371 1891
1146 1995
1146 1812
1146 390
1146 498
318 1485
318 377
318 1164
1485 89
1485 1998
1485 1179
1485 1246
1855 1446
1855 274
1855 1970
1855 1159
960 1891
960 171
960 1753
960 1966
1891 420
1891 410
1891 704
151 1493
151 1435
151 1147
151 715
1493 510
1493 1430
1493 1228
1493 1640
117 1616
117 734
117 458
117 1559
1616 1858
1616 987
1616 485
560 1139
560 1984
560 1234
560 1144
1139 241
1139 1786
1139 1059
1139 736
408 1270
408 439
408 874
408 1095
408 1396
1270 249
1270 1557
1270 1693
1270 1240
636 1134
636 1878
636 1159
636 1579
1134 1679
1134 801
1134 414
1134 964
1455 1725
1455 1348
1455 949
1455 147
1455 739
1725 812
1725 1923
1725 910
1725 1008
49 1337
49 841
49 1140
49 136
49 1093
1337 152
1337 842
1337 192
1337 545
94 585
94 501
94 1928
94 1712
585 1575
585 1038
585 88
92 1973
92 15
92 114
92 1739
92 124
1973 1266
1973 216
1251 1666
1251 1765
1251 1682
1251 700
1666 1577
1666 843
1666 273
296 921
296 339
296 689
296 387
921 1589
921 1431
921 854
478 1914
478 17
478 253
478 1383
346 1681
346 996
346 24
346 1919
346 337
1681 989
1681 1641
1681 1981
805 3
805 82
805 1860
816 1385
816 1156
816 1125
574 1050
574 644
574 1364
574 1256
1050 442
1050 210
1050 1996
343 400
343 1018
343 1131
343 51
400 1148
400 22
400 138
845 485
845 910
327 392
327 1264
392 1007
392 758
392 1294
392 1339
638 1782
638 170
638 1630
638 66
1776 1364
1776 1175
1776 1203
261 1758
261 1294
261 963
261 1246
1758 840
1758 219
1758 688
1758 1563
311 1079
311 1320
311 114
311 1788
1609 1653
1609 903
1609 456
1609 1267
1653 1401
1653 639
1653 1902
1653 1862
1554 1717
1554 334
1554 888
1554 1843
1717 1290
1717 230
1717 798
1717 496
137 645
137 1280
137 556
137 1704
137 1160
645 1915
645 210
645 1170
645 1590
30 290
30 754
30 788
30 1463
290 257
290 1610
290 1790
1630 1712
1630 1210
1630 998
1630 1135
1712 952
1712 1308
111 363
111 469
111 1087
111 222
363 680
363 710
363 1566
567 1323
567 768
567 484
1108 925
1108 700
1108 149
1108 365
1518 79
1518 1649
1518 283
827 1738
827 962
827 376
1738 269
1738 1810
1738 1798
1738 971
316 768
316 1904
316 1011
316 1710
768 1695
768 800
768 1464
143 288
143 931
143 1540
288 1764
288 1145
288 181
288 1560
413 1176
413 129
413 200
191 1002
191 431
191 1046
191 1585
1002 1639
1002 576
1002 1553
1002 354
710 1338
710 167
710 231
710 747
1338 1904
1338 712
1338 59
1099 1150
1099 1013
1099 1877
1099 596
1099 32
1150 795
1150 294
1150 623
1150 898
888 1115
888 1144
888 211
888 1859
1115 590
1115 354
1115 1085
1115 1834
1061 1272
1061 1515
1061 1109
1061 1234
1061 1779
1272 671
1272 746
1272 1199
1272 1039
720 1238
720 630
720 1664
720 22
1238 1057
1238 1524
1238 1132
1850 1957
1850 333
1850 1638
1850 1646
1957 528
1957 569
1957 62
1957 566
709 820
709 609
709 1662
709 1335
820 883
820 148
820 666
24 717
24 1677
24 135
24 247
717 848
717 807
717 1427
514 581
514 1205
514 1991
514 1774
514 733
581 1106
581 1227
581 1469
1211 1741
1211 234
1211 1576
1211 1566
1211 655
1741 2
1741 439
1741 1803
1741 619
1230 1314
1230 300
1230 767
1230 1333
44 1598
44 1015
44 1567
44 517
44 932
1598 493
1598 1545
1595 1852
1595 564
1595 924
1595 1879
1595 1392
1852 808
1852 1430
1347 1446
1347 1539
1347 1402
105 1995
105 320
105 1802
105 739
105 81
1995 572
1995 1406
466 954
466 1066
466 1316
466 1033
466 282
954 660
954 1757
954 777
954 95
1 891
1 747
1 1027
1 1310
891 1114
891 157
891 441
1414 1632
1414 924
1414 997
1414 708
1632 1187
1632 1863
1632 1834
1632 1695
609 1878
609 1865
1878 1502
1878 330
1878 1410
39 1533
39 57
39 1327
39 263
39 443
1533 770
1533 436
1533 1962
1323 1406
1323 1509
1323 52
1406 1133
1406 686
15 1818
15 923
15 170
352 946
352 161
352 1798
352 525
946 716
946 1647
946 1025
946 860
424 785
424 489
424 274
785 1781
785 50
785 678
785 1576
1985 1492
1985 264
1985 1789
1985 1804
81 1385
81 189
81 1573
1385 1823
1385 1923
1629 1863
1629 528
1629 1353
1629 663
1863 601
1863 1818
303 680
303 517
303 5
303 875
303 1977
680 1393
680 752
680 863
199 559
199 1171
199 669
199 193
559 1874
559 1718
559 1762
559 1998
660 305
660 925
660 1793
660 1872
1018 1307
1018 800
1018 1225
812 110
812 325
812 1302
812 1288
10 79
10 245
10 462
10 879
402 1827
402 956
402 1194
402 974
1827 516
1827 584
1827 517
831 1186
831 1833
831 1204
831 1701
1186 1403
1186 1019
1186 1814
1186 1075
693 851
693 1460
693 1198
693 1501
1160 577
1160 1145
546 1727
546 1592
546 1504
546 1749
546 784
1727 922
1727 22
1727 987
1727 162
819 1068
819 456
819 1715
819 729
819 1148
1068 943
1068 1190
1068 1311
358 444
358 88
358 1147
444 1045
444 738
67 1958
67 1197
67 255
67 76
67 1963
1958 642
1958 919
1958 78
1958 1571
1145 1763
1145 1279
1145 1907
1763 911
1763 80
1763 499
1255 1369
1255 679
1255 1176
1255 1297
1255 1163
1369 1368
1369 83
1369 1782
1369 801
826 963
826 689
826 747
826 1223
963 610
963 123
963 1728
610 1604
610 175
610 1176
1604 260
1604 1316
1604 310
759 909
759 1665
759 798
759 1422
909 1012
909 1117
909 1909
206 962
206 165
206 564
206 620
962 394
962 1971
302 441
302 912
302 1034
302 1920
302 1295
441 1054
441 679
441 1153
1910 287
1910 321
1910 811
1910 398
479 1794
479 795
479 907
479 1128
1794 1026
1794 646
1794 1384
1794 1302
746 1734
746 152
746 295
746 1392
1734 1946
1734 338
1734 1198
1734 1333
247 626
247 972
247 1557
626 1125
626 1059
626 1421
626 1683
188 708
188 655
188 440
357 911
357 134
357 65
357 676
916 1135
916 329
916 1720
916 200
916 1998
1135 1528
1135 1999
1135 651
912 1585
912 1644
653 1435
653 1305
653 1660
653 779
653 1619
1435 524
1435 431
1435 1562
221 1512
221 796
221 184
221 300
1512 902
1512 1947
1512 314
1512 1618
1543 1529
1543 1545
1543 333
1543 793
688 1621
688 1422
688 42
688 1056
1621 634
1621 1119
918 536
918 1286
918 1570
918 1538
970 1721
970 903
970 901
970 209
970 1433
1721 1308
1721 124
1721 982
11 66
11 815
11 475
11 1826
66 569
66 961
1218 1295
1218 1622
1218 1465
1218 1701
406 1617
406 1735
406 1994
1092 766
1092 747
1092 306
1196 1394
1196 635
1196 190
1196 321
1196 864
1394 60
1394 238
1394 1708
1394 423
57 694
697 1454
697 93
697 1396
1454 1210
1454 830
1454 1933
1454 587
271 299
271 943
271 1798
271 1224
271 115
299 235
299 602
299 1574
310 1459
310 832
310 624
310 557
1459 1292
1459 1699
1459 505
131 1982
131 1437
131 284
131 1185
1982 42
1982 927
1982 31
1982 1537
1078 1267
1078 1990
1078 1547
1078 474
1078 608
1267 923
1267 1484
1267 300
841 1031
841 601
841 1746
841 1916
1031 1110
1031 1572
1031 1367
218 1577
218 332
218 685
218 1109
218 1531
1577 520
1577 202
971 1289
971 153
971 1961
971 322
1289 4
1289 584
1289 557
176 1441
176 208
176 91
176 1154
1969 291
1969 1080
1969 1279
1969 494
1155 1219
1155 1841
1155 326
116 1300
116 1546
116 896
116 1617
1300 1348
1300 152
1300 582
207 1832
207 958
207 1013
207 1628
207 537
1832 537
1832 1500
1832 859
1832 1228
743 1812
743 388
743 615
743 1277
1812 1192
1812 1613
1812 1509
1004 251
1004 1094
1004 616
1589 1177
1589 1474
1589 503
1636 284
1636 164
1636 624
1636 418
521 652
521 1579
521 698
521 615
521 1090
652 262
652 878
211 1658
211 470
211 771
211 871
1658 886
1658 614
1658 1606
1658 1740
728 1396
728 41
728 1501
728 164
1396 910
181 769
181 1303
181 1181
181 527
769 1401
769 1079
769 365
769 865
1858 1462
1858 1153
1858 374
1404 1450
1404 966
1404 200
1404 1177
1450 1353
1450 684
1450 1714
1450 420
29 1129
29 366
29 1762
1129 160
1129 1367
1129 195
1129 1383
367 370
367 1473
367 661
367 695
367 1191
370 307
370 657
370 1505
370 1817
2 1669
2 330
2 1432
1669 920
1669 484
1669 1442
548 1131
548 114
548 981
548 439
305 664
305 964
305 3
840 197
840 1419
840 496
208 727
208 104
208 177
727 488
727 1467
727 255
1247 1587
1247 450
1247 1434
1247 264
1247 1645
1587 1392
1587 225
604 663
604 476
604 212
604 270
604 1877
663 1516
663 1089
663 1016
473 1183
473 1882
473 1804
473 1742
1183 190
1183 1646
1183 1280
1183 594
91 999
91 911
91 1726
943 782
943 1590
943 60
741 342
741 135
741 1656
1429 1456
1429 1807
1429 1305
1429 886
1456 1487
1456 1836
1456 1327
1456 1767
1475 1572
1475 1299
1475 202
1475 323
1572 524
1572 481
1572 1808
391 1494
391 744
391 544
391 1767
391 637
1494 18
1494 1006
1494 564
631 902
631 1415
631 1041
435 783
435 1269
435 401
435 1802
435 896
783 938
783 553
783 123
629 1780
629 164
629 1998
629 183
629 1930
1780 87
1780 577
1780 1439
1780 1980
140 276
140 119
140 562
140 1921
140 492
276 1744
276 533
276 414
1351 821
1351 389
1351 72
1351 875
458 1911
458 1693
956 535
956 1890
956 1448
956 1929
662 3
662 62
662 742
1909 1921
1909 535
1909 1032
1921 858
1921 1804
1921 214
415 1420
415 1428
415 1045
1420 127
1420 185
1420 603
1420 900
1365 1942
1365 1964
1365 754
1365 1214
1942 1215
1942 958
1942 1556
1942 1593
1148 1190
1148 1442
1190 338
1190 766
1190 843
110 1723
110 1207
110 259
110 1356
1723 425
1723 836
1723 1756
1723 1395
87 1739
87 931
87 167
87 734
1739 1541
1739 1468
1739 564
930 967
930 969
930 1940
930 1742
930 1214
967 1384
967 291
967 89
967 1299
935 1311
935 880
935 1054
935 58
935 272
1311 715
1311 1755
1311 1372
1680 1679
1680 100
1680 220
1680 599
1911 1930
1911 1413
1911 898
1911 1376
33 227
33 1892
33 496
33 114
33 1222
227 725
227 729
1215 1890
1215 1674
1215 1291
1215 642
1890 1080
1890 1535
1890 965
136 1860
136 1915
136 220
1860 846
1860 1113
1860 324
342 1736
342 1716
342 780
342 1826
1736 1143
1736 209
1736 161
1736 1290
213 279
213 642
213 1131
213 1732
213 1402
279 1410
279 393
279 456
279 1813
1229 1421
1229 903
1229 1509
1229 511
1421 1966
1421 237
1421 100
304 1565
304 519
304 1249
304 968
1565 1691
1565 1673
183 418
183 459
183 691
229 1162
229 724
229 1433
1162 1167
1162 1451
1162 815
1162 1032
1496 1886
1496 983
1496 1871
1496 1901
1496 119
1886 611
1886 522
1886 1187
495 1806
495 803
495 1262
495 1204
1806 934
1806 1058
1806 1978
212 929
212 1628
212 1967
929 1903
929 881
929 1288
1278 527
1442 1771
1442 875
1771 504
1771 488
1771 1501
1771 1709
1013 1356
1013 1060
163 1868
163 1426
163 1648
163 1698
163 760
1868 1502
1868 808
989 156
70 1411
70 1370
70 1246
70 1492
1411 756
1411 1393
1411 927
1411 808
536 1576
536 999
536 1848
154 587
154 510
154 811
154 381
154 1651
587 1367
587 220
587 1249
642 554
642 1107
51 580
51 1859
51 234
51 1241
580 595
580 1436
580 1662
397 252
397 1801
397 630
190 1600
190 1273
190 869
864 868
864 156
864 42
864 1687
868 226
868 542
868 1539
868 1303
266 427
266 959
498 518
498 1356
498 427
518 706
518 1464
871 992
871 1356
871 104
992 738
992 1980
62 1119
62 1065
1119 1446
1119 665
1119 738
699 1676
699 1112
699 171
699 1441
1676 1751
1676 836
1676 1963
1676 843
983 1206
983 1872
983 38
983 1032
1206 1307
1206 1339
1206 1897
556 873
556 1705
556 1893
556 1448
873 1992
873 870
873 549
873 782
138 737
138 1785
138 767
1221 1923
1221 431
1221 959
1221 849
232 897
232 594
232 97
232 838
897 853
897 1505
897 784
897 376
716 186
716 553
716 1412
716 1716
1553 1948
1553 146
1553 1932
1892 53
1892 1318
1892 41
1892 803
499 1169
499 1759
1007 1056
1007 1331
1541 543
1541 1529
1541 896
1541 5
906 1228
906 884
906 863
906 1682
906 773
1228 1073
251 1476
251 455
251 404
902 1005
902 494
1367 1786
1367 40
1596 1796
1596 1265
1596 1352
1596 1843
1596 682
1796 1569
1796 566
1796 171
1796 193
321 430
321 1466
321 1279
430 1908
430 403
430 244
430 851
56 1093
56 1882
56 463
56 878
1403 691
1403 328
1403 1547
1403 1419
1502 1803
1502 856
1502 102
505 1944
505 1207
505 1691
505 666
1944 908
1944 446
1944 1673
228 561
228 569
228 1336
1740 1925
1740 739
1740 1743
1925 1279
1925 26
410 889
410 702
410 1303
889 368
889 1242
889 732
889 1895
489 1182
489 1116
489 1804
489 1641
1182 52
1182 341
738 1657
738 1711
1657 1579
1657 671
1657 1610
1426 1209
1426 1555
1426 1976
1426 745
977 1939
977 385
977 809
1939 1684
1939 1259
1939 220
1939 193
691 1316
1316 1027
1316 767
1167 670
1167 1453
1167 1149
1535 1937
1535 797
1535 794
1937 1393
1937 390
1441 1643
1441 1819
472 1888
472 1926
472 395
1888 423
1888 248
1888 350
1888 429
129 1262
129 1504
129 690
390 543
390 570
390 1198
543 721
543 426
1453 287
1453 93
1453 1567
1241 1352
1241 1318
1241 770
1352 1471
1352 964
1352 394
423 519
423 1730
762 1317
762 426
762 354
762 595
762 1733
1317 384
1317 1919
922 1306
922 1171
922 931
922 1326
1306 1334
1306 1762
1306 1302
1306 1818
1166 1932
1166 1923
1166 1753
1166 1960
1166 698
1932 1615
1932 1536
959 1373
959 59
1373 434
1373 1405
1373 1625
1373 387
1036 928
1036 612
1036 886
112 1208
112 1205
112 1310
112 1059
1208 600
1208 1207
1208 1067
333 1257
1356 1948
1948 76
1948 637
1948 1191
884 274
884 1428
1314 664
1314 226
1314 784
259 854
259 233
259 1522
259 1907
854 1425
854 1044
854 1287
744 633
744 1019
744 1504
744 872
1581 1463
1581 1876
942 1261
942 1329
942 1245
942 32
1261 1377
1261 418
1261 582
1368 684
1368 416
1368 813
1368 1963
234 445
234 21
1307 167
1307 381
132 1163
132 547
132 844
132 1828
132 197
1163 1537
1163 1652
1163 309
829 627
829 1935
829 1682
68 1673
68 379
68 270
1673 1495
1673 134
224 1920
224 754
224 1803
224 1864
1920 655
1920 432
755 1556
755 1562
755 1047
755 1425
755 848
1556 1514
1556 633
1556 4
328 1977
328 1963
328 194
1977 429
1977 1165
1977 774
725 1384
725 476
725 1930
725 1041
1384 982
1384 670
582 847
582 1709
582 99
847 1248
847 313
696 1023
696 368
323 1364
323 1357
698 1961
698 1744
698 1647
1961 1964
1961 863
1961 1575
1416 1423
1416 205
1416 270
1416 675
1416 905
1423 1445
1423 1460
1423 553
617 1972
617 1816
617 185
617 1799
1972 760
1972 54
1972 1175
219 650
219 442
219 1284
219 345
650 1603
650 1728
523 1327
523 1744
523 210
523 1949
523 1992
1327 1851
1327 1611
330 1915
330 694
330 242
1915 522
1915 525
870 203
870 890
146 293
146 1627
146 198
146 1831
293 254
293 497
293 1222
1377 1683
1377 106
1377 451
1377 462
235 752
235 553
235 1175
752 1444
752 329
752 1277
618 1685
618 814
618 1873
618 490
1685 72
1685 1040
1685 1613
1685 1715
969 976
969 1523
969 1928
976 120
976 1926
976 695
7 1531
7 237
7 1816
7 1265
7 802
1531 1954
1531 1792
60 551
115 835
115 844
115 109
835 952
835 1471
835 265
1704 1839
1704 1040
1704 337
1839 1295
1839 1389
1839 794
1528 484
1528 1274
1528 1988
387 1644
387 865
387 294
1644 1174
1644 666
1644 1407
1286 1447
1286 1137
1286 1790
1286 603
1447 777
1447 1380
1447 1947
1447 1106
1759 1896
1759 265
1759 923
1759 404
1896 1021
1896 1486
1896 554
1896 1687
350 1762
350 1059
350 1472
350 1603
1762 1124
718 1865
718 509
718 1709
1865 1698
1865 713
178 287
178 786
178 1265
178 1260
702 1861
702 1601
702 1642
1114 248
1114 1010
1321 1430
1321 192
1321 1199
862 1011
862 995
862 440
862 732
862 834
1011 1355
416 1419
416 1354
416 1990
1419 644
1419 125
1033 1095
1033 540
1033 1137
1033 611
1095 372
1095 1335
1095 951
608 376
608 255
822 1814
822 1508
822 1304
822 550
822 1765
1814 802
1814 446
1814 1336
1353 446
1353 360
1353 1085
1116 1792
1116 454
1116 1130
544 807
544 1844
544 1862
377 417
377 1402
377 1202
377 1571
417 451
417 1874
417 1803
417 1894
1537 1371
1537 1841
99 557
99 542
99 955
99 202
557 149
994 1742
994 549
994 486
1648 1933
1648 1077
1648 254
1648 1334
1933 1474
1933 788
1933 1370
369 1357
369 1649
369 1619
369 1548
369 1477
1357 89
1357 4
231 1881
231 1938
1881 334
1881 83
1881 1081
1172 1415
1172 1336
1172 362
1172 1769
1172 1746
1415 411
1415 804
1415 1335
1070 1714
1070 1216
1070 1825
1070 607
124 1260
124 403
1260 119
1260 182
120 1784
120 1322
120 1335
1784 975
1784 414
1784 1292
187 562
187 240
187 1016
187 167
187 517
562 1235
801 950
801 148
801 1370
950 1315
950 18
950 857
684 655
1487 1232
1487 724
613 899
613 705
613 1320
613 1912
613 1170
899 1326
899 1799
899 452
899 263
1769 192
1769 547
1769 1710
599 35
599 1744
599 96
1140 1584
1140 828
1140 432
1584 1073
1584 395
1584 157
858 1422
858 1313
1137 1256
1271 1515
1271 158
1271 1064
1515 1871
1515 1983
1515 1711
669 952
669 1935
669 1981
669 205
952 1620
425 1907
425 1813
420 671
848 914
848 646
848 621
569 721
569 258
721 1984
721 771
615 837
615 1199
615 1524
837 98
837 1222
837 269
1057 1936
1057 513
1057 194
1936 236
1936 535
1019 1405
1019 1660
611 202
611 26
1315 1185
1315 1719
1315 1687
1315 1748
1284 1834
1284 1257
1284 810
1284 1187
511 1130
511 1952
511 1571
1130 40
1130 1098
1130 1340
635 126
635 1472
635 76
158 1880
158 571
158 624
158 1329
287 813
796 1324
796 1990
796 1191
1980 1988
1980 509
1980 1304
1988 1898
1988 121
1988 366
616 1038
616 985
616 1688
616 1617
1038 309
1038 938
1038 1687
1207 1489
1207 623
1628 1755
1628 1375
1628 362
1495 972
1285 1318
1285 1656
1285 171
1285 1063
1285 1171
1318 194
1449 1655
1449 1325
1449 1084
1449 947
1655 623
1655 1517
1655 1906
1655 37
1707 1950
1707 674
1707 949
1707 1751
1950 1927
1950 872
1950 1873
1950 703
332 1136
332 1808
332 490
644 1901
644 1220
644 182
1901 1034
1901 881
1329 1943
1329 522
872 1962
872 1614
1269 586
1269 797
1269 675
1684 1793
1684 1177
1684 1355
926 1506
926 1773
926 588
926 1702
926 153
1506 165
1506 1811
1506 790
694 1752
694 878
694 1732
126 1964
126 8
126 515
126 1256
1026 1807
1026 134
1026 576
1026 193
1048 1324
1048 1243
1324 1084
1324 1626
1324 687
365 1819
365 519
365 291
1819 550
1819 474
1819 1902
1964 859
823 1098
823 1786
823 1968
1098 166
1098 450
1691 1214
1691 1709
1691 1880
814 1458
814 165
513 36
513 113
513 1606
513 1425
1530 1204
1530 1745
1530 1197
1486 1792
1486 1471
1486 1555
1792 919
708 1935
708 351
1807 1573
1807 1751
1227 1797
1227 907
1227 1199
1227 1968
1797 476
1797 405
1797 412
139 1903
139 283
139 1754
139 1569
547 1894
547 981
547 1436
3 1339
3 1175
880 1808
880 433
880 1466
1066 545
1066 1444
1066 405
254 1412
254 1077
1412 1084
1412 1757
1412 1551
452 860
452 65
452 265
446 1897
446 1268
1176 1305
1176 1967
545 348
545 160
545 97
1276 55
1276 481
1276 1713
1276 1578
1651 672
1651 1829
273 1259
273 1571
273 1223
349 1312
349 1413
349 1900
349 1683
349 1817
1312 828
1312 1913
1312 1904
1312 1500
808 1826
808 197
1826 1877
1826 1039
1009 41
1009 1811
1009 535
1992 850
1992 216
832 1274
832 1133
832 1674
528 504
528 1549
314 1705
314 1641
314 1643
314 1851
1705 1345
1705 37
1705 1801
1805 1908
1805 445
1805 1402
1805 226
1908 382
1908 1021
432 1431
432 876
432 1042
1431 1136
1431 1256
834 549
834 1546
439 1592
439 1562
1592 175
1592 148
1592 130
31 40
31 774
31 779
40 389
1615 337
1615 1833
1087 1601
1087 1466
1087 1956
47 1488
47 1583
47 1012
47 220
1930 450
1930 1774
1996 133
1996 1753
1996 1748
95 1674
95 734
95 1631
1674 38
1674 830
289 600
289 46
289 483
803 1882
803 1864
803 1555
1882 958
1882 815
144 223
144 1320
144 756
144 1133
144 857
223 1889
223 1624
223 634
1152 1770
1152 1583
1152 1310
1152 1728
1152 167
1770 83
1770 933
1770 414
28 326
28 1570
28 177
28 23
1305 1497
1305 800
348 106
348 339
348 53
381 846
381 230
381 733
846 1383
846 393
510 748
510 905
510 1514
754 1322
754 1984
1714 1283
1714 1343
1714 1631
1290 784
1290 149
1094 900
1094 1612
1094 1726
1094 1764
1292 1864
1292 1663
985 1153
985 1249
985 1624
985 938
1283 830
1283 1438
1283 1257
8 1516
8 1906
8 6
8 366
1516 45
1516 101
1516 1383
975 1433
975 1551
975 981
900 1445
900 551
800 927
800 860
927 516
554 1123
554 85
867 1856
867 623
867 1451
867 1895
867 656
1856 540
1856 1028
1856 456
1856 1612
1509 1136
860 1626
860 1931
1446 1000
1446 108
672 1802
672 53
672 1320
672 490
1802 404
1802 515
429 583
429 325
429 1783
583 1407
583 1689
583 1924
1430 999
1430 1785
949 1467
949 1117
1075 1926
1075 1301
1075 1045
1075 1188
1926 788
1926 1464
277 347
277 538
277 121
277 875
277 198
347 876
347 1065
347 630
347 258
1859 1022
1808 1724
1757 682
1757 1889
1757 451
1210 1472
1210 1645
1210 102
41 1702
41 773
426 1185
1500 1903
1500 729
1500 216
1903 1326
1903 1171
1874 533
1874 797
925 810
925 448
655 1730
19 1600
19 1025
1600 646
1600 85
421 695
421 103
1179 1444
1179 1747
1179 515
1444 573
774 1395
774 285
1395 1428
1395 1482
1395 1325
590 1574
590 162
590 1476
590 1452
1574 1824
1574 859
148 438
438 313
438 436
438 1949
438 1700
731 1698
731 1876
731 1608
731 573
731 537
1698 1089
1698 955
844 1817
844 1209
844 315
374 240
374 1898
374 298
1405 1871
1405 742
1405 987
1871 695
1638 982
1638 1457
1638 312
537 295
537 1239
1287 843
1287 240
1287 1164
1752 460
1752 675
1752 1105
1639 1467
1639 388
1639 1962
1639 614
1546 865
1546 707
83 937
83 255
153 1842
153 550
1842 532
1842 1216
53 1952
53 393
1583 1071
1583 508
1583 72
1432 1866
1432 686
1432 161
1432 1025
1866 570
1866 1938
1866 965
664 601
664 233
664 999
1003 1460
1003 1986
1003 686
1003 857
1460 1931
1460 203
630 1999
630 203
1027 1817
1027 1549
1027 1952
1817 586
450 152
450 1828
903 1127
903 35
679 793
679 516
1132 1237
1132 1591
1132 22
1132 687
1237 1754
1237 932
1237 881
1237 856
911 355
911 575
894 1301
894 98
894 1343
894 407
1301 1922
1301 1192
1301 317
1709 1967
249 360
249 1220
249 920
249 1716
152 588
492 1900
492 1773
492 1209
492 1309
1900 1427
1900 101
651 1664
651 118
651 1424
651 646
1664 749
1664 665
998 230
1072 1428
1072 904
1072 809
1072 733
1072 1389
322 1381
322 1570
322 815
322 1536
1381 448
1381 395
1381 257
1381 1181
519 1225
519 1593
1646 1105
1646 595
1646 1618
282 1689
282 1652
282 1291
282 532
1689 36
1689 1181
1689 1175
836 1954
836 1647
836 360
1128 1831
1128 1461
1128 656
1831 915
1831 584
1090 1310
1310 59
161 607
905 1264
905 508
905 874
1264 1417
1264 915
1264 1457
524 1873
524 1049
524 1547
1201 1262
1201 838
1201 1313
1201 733
1201 46
1262 1339
114 908
226 833
966 1028
966 1633
1028 313
1028 366
748 1282
748 1851
748 1520
748 403
1508 729
1508 525
1508 1256
1508 1699
5 1981
5 863
1185 1452
1185 1952
1452 1472
1452 467
1452 240
1064 182
1064 457
1064 1319
88 1824
88 1340
1488 1451
1488 1627
108 192
108 240
108 1348
192 474
118 882
118 907
309 1121
309 742
309 225
1121 1308
1121 1158
1121 1978
1121 668
706 931
706 1282
706 1526
706 285
382 1599
382 1060
1599 284
1599 1731
1599 73
724 312
724 881
724 98
1433 1917
1433 398
1917 1086
1917 646
1917 1927
1917 1232
26 1829
26 394
26 1954
1829 1171
1829 1862
1829 657
284 1991
284 1246
1187 1788
1187 595
1935 1170
1935 1694
1633 821
1633 1715
1938 1457
1938 1126
1938 1620
678 937
678 36
937 1558
937 469
937 892
1923 130
157 18
157 777
1008 1751
1008 1927
1008 1101
1751 1884
1295 654
1295 1476
1298 1934
1298 776
1298 96
1298 809
1934 483
1934 1037
238 1954
238 1873
238 1051
238 1240
1954 1020
1492 1322
1492 1380
676 904
676 6
676 200
676 1165
904 1151
904 1527
904 648
1127 1022
1034 245
1034 535
1034 1054
1364 1779
1364 685
1730 1870
1730 73
1730 1994
1870 996
1870 45
1870 179
1870 1489
388 1477
388 1690
1029 1678
1029 1049
1029 364
1029 1761
1029 1389
1678 712
1678 1809
1678 1096
1205 55
1205 552
1205 166
1461 177
1461 984
1461 1613
883 1745
883 1663
883 637
883 1575
1745 1688
1745 1448
1745 1477
156 1462
156 773
156 462
101 928
101 1138
101 1067
928 461
928 1151
1203 1851
1203 1971
1570 1801
1570 876
38 723
1197 1504
1197 170
1197 1601
1504 936
97 1573
97 448
97 1006
1573 508
1573 1105
1804 1809
1296 737
1296 657
1296 770
1296 1928
527 1439
527 248
1781 1767
1781 1436
938 194
938 776
1743 366
1743 940
202 700
700 689
700 307
384 411
384 1204
411 1624
411 119
821 637
821 1268
821 418
788 1174
788 159
1174 1012
1174 1458
1174 1202
265 1133
265 355
1133 353
1331 951
1331 125
1331 245
210 1576
210 1245
1641 291
1641 1622
1117 1718
1117 93
1724 1919
1724 80
1724 1477
497 715
497 1990
497 1761
497 538
715 109
715 43
1125 368
828 1754
828 780
1754 677
1754 850
776 1729
241 634
241 1564
241 1913
241 1232
1716 1906
1716 454
1603 637
1603 997
1603 1960
1093 1952
1093 488
1093 477
197 705
197 422
601 501
1424 1956
1424 285
1424 749
1012 1158
1012 313
1927 253
1471 1828
1471 1520
1047 1124
1047 64
1021 470
1021 1037
1021 1334
795 705
795 58
475 1319
475 55
475 865
475 262
1319 1594
1319 1244
1319 531
134 317
313 1929
1154 1873
1154 133
1154 1340
1154 1265
863 729
242 1240
242 275
1336 1355
1336 850
1355 494
1355 275
1126 1545
1126 21
1126 503
1545 1675
457 632
457 1473
457 275
457 355
632 594
632 54
632 786
1463 690
1463 1608
1463 1042
179 1563
179 54
179 486
179 106
1563 165
1566 263
1566 1774
127 878
127 1181
127 1520
127 76
878 619
974 1245
974 175
974 1059
974 1889
1245 89
404 196
404 1138
1427 1445
1177 1020
1032 586
522 1069
522 1608
102 1063
102 602
102 791
1063 341
1063 1081
1063 1490
325 1322
325 552
1438 1821
1438 804
1438 272
760 1884
760 810
113 175
113 779
113 1069
113 1313
175 549
133 1810
133 470
1810 331
1810 471
758 422
758 1731
1731 1695
1731 1816
1109 1567
1109 1601
1567 1732
1169 1618
1169 1983
1169 980
1169 1188
1618 520
1618 1225
811 542
496 586
1049 1219
1049 771
1334 1156
422 1058
43 173
43 1490
43 1259
173 1813
173 1375
173 291
1880 1339
1880 1715
1326 1505
1326 162
185 1690
1690 810
1690 1799
1417 1962
1417 431
1417 1991
1962 1557
1402 1422
882 1392
882 1464
882 1558
770 1333
770 306
1333 1378
1333 690
205 1468
205 786
205 1748
538 1788
538 103
538 1383
312 442
312 1552
1876 1216
1876 552
1876 842
1123 1675
1123 79
1123 324
501 52
501 1943
501 1380
1422 1371
756 990
198 1497
198 941
198 16
1497 1280
1497 503
1497 982
849 550
849 1107
351 436
351 1816
351 866
436 1744
1474 1643
1474 125
434 1165
434 329
434 1710
742 1489
1489 86
1489 491
104 155
104 460
104 961
155 603
155 701
155 1046
1782 1156
1782 147
1782 1558
1322 1547
1067 186
1067 1843
1914 1611
1914 1467
1914 648
1713 1647
1713 732
1713 1594
1410 1601
1410 1258
1410 856
1729 1083
1729 771
1729 1164
875 791
782 1022
782 1015
782 23
1022 686
1022 1710
866 917
866 1024
866 1564
1202 771
1202 196
1202 1065
1232 483
1821 627
1821 1248
1821 1815
1821 17
1562 1606
461 923
141 292
141 674
141 46
141 1559
292 1113
292 455
292 14
923 1279
570 503
570 252
570 732
1679 1663
1679 1790
1042 1861
1042 1080
1042 1378
1861 1051
1861 412
1445 1663
1468 490
106 1103
106 842
412 908
412 1231
1656 1912
1656 245
1656 1222
1912 1940
1912 1931
1912 320
186 1749
186 307
1627 1904
933 1702
933 45
933 990
933 661
1702 1376
1702 818
98 1514
674 488
674 1124
1086 1694
1086 1940
1086 362
1086 1978
1458 300
1345 784
1345 1214
1345 270
401 996
401 751
401 86
401 471
398 469
398 1144
469 168
469 804
1823 443
1523 1746
1523 16
1523 55
1523 298
1746 1737
334 908
1643 1044
1643 93
603 531
603 656
1079 1514
1079 564
1434 1266
1434 736
184 1037
184 1645
881 262
1872 1194
1872 1637
308 1266
308 1257
308 1058
308 818
427 607
427 620
427 1790
607 1371
14 209
14 1231
14 1147
209 409
654 1552
654 619
654 22
1552 1462
1552 951
1591 665
1591 1044
258 195
258 1016
258 1902
326 1198
326 1994
326 64
1198 455
1341 1472
1341 842
1341 1984
1341 1259
1341 1234
1299 707
1299 555
1299 753
712 1947
600 1188
600 851
600 1772
713 1085
713 355
1085 529
520 690
520 791
520 1105
790 1719
790 1273
790 1756
790 1052
1719 1551
1719 1020
1719 1231
936 1968
936 1375
936 345
665 1266
620 890
620 100
445 1877
445 682
445 798
1877 123
667 1625
667 409
667 984
667 1346
667 36
1625 685
1625 407
1663 931
1153 1824
1209 54
671 1343
671 1694
1343 619
1343 1407
260 1354
260 1527
260 164
1375 1548
1413 149
1413 1575
135 932
135 532
135 594
932 947
932 1040
331 37
331 1844
331 1143
6 1956
705 1828
1844 353
1569 463
1569 1005
1569 160
1274 751
1274 103
264 1564
1611 571
1611 1120
1611 1112
1110 917
1110 405
1110 225
1110 940
874 1392
874 584
602 704
602 201
704 1538
704 1482
704 32
1983 1585
561 1575
561 244
1073 1096
1073 1191
1354 1113
1354 1799
1325 577
1325 1893
1325 103
627 1473
627 1330
338 1947
338 633
338 1225
850 1304
850 1732
1304 1801
1304 1708
1514 1699
1465 1793
1465 1188
1465 1765
1469 1699
1469 947
1469 491
1699 1473
1111 1991
1111 1051
1111 1700
1991 571
1484 749
1484 1999
1484 345
1484 201
797 1747
89 455
379 82
379 1077
379 21
1268 1254
1268 474
1248 201
1248 1388
1490 225
1490 1783
1490 1967
633 1440
633 677
1440 222
1440 1526
1440 467
485 1956
485 1006
485 109
1956 1120
403 1220
403 109
1220 203
237 890
237 621
237 1683
177 914
914 1737
914 1224
1346 23
1346 1348
1346 295
987 1025
987 341
1025 517
951 160
233 1051
233 1548
233 1103
1051 1258
1606 1649
459 990
459 100
459 596
459 639
990 1309
612 1986
612 751
612 329
612 1040
1986 1668
1986 59
1083 1291
1083 1660
1083 1756
1083 1330
670 1294
670 17
670 1138
1294 409
1294 1046
474 1046
486 692
486 1288
692 968
692 58
509 1749
509 555
196 364
196 46
364 79
364 1382
364 18
168 531
168 200
168 257
531 833
890 1686
890 1219
1981 1451
1981 171
1219 739
79 460
481 1879
481 1560
1879 1020
1753 315
1548 656
1548 1959
1798 1929
1798 984
1929 1239
1929 1733
689 1010
689 1069
1010 1701
1010 1501
1010 1180
551 1122
551 1978
1767 577
488 907
907 1089
490 1308
1308 1122
815 16
125 1242
194 901
1790 529
1039 1439
1622 320
1622 454
1000 1559
1000 1620
1984 1590
262 433
262 1538
1096 1397
1096 1642
1096 1748
1522 1016
1522 1978
1522 981
1522 1243
253 1949
253 972
677 1631
677 1084
677 869
1631 13
1631 1789
1913 166
1913 1735
1913 1711
958 1578
958 1244
1282 553
1282 1041
908 275
572 317
572 1898
572 1024
353 385
353 1906
353 1330
1647 910
1864 442
1864 1113
170 807
170 540
368 1737
368 851
1342 745
1052 1756
1052 225
1401 668
1747 1693
1747 467
1473 1266
470 1194
1044 82
1024 1192
1024 337
1649 1777
1688 1216
1688 1949
1688 35
838 418
838 1239
838 1340
1273 1700
1273 1041
571 1765
571 1701
1071 1668
1071 1645
1071 345
1071 159
1668 1785
1907 851
1907 1640
707 1081
843 786
639 1378
639 460
639 723
1378 1558
1378 1297
1665 1710
1665 924
1665 1786
222 1686
222 1320
222 248
1928 389
1928 1120
1144 86
1144 1884
686 1994
484 786
1081 1170
1081 1559
876 189
876 85
1448 915
995 1536
995 195
995 1773
995 917
454 648
454 103
648 793
648 1642
78 1529
78 1642
78 448
1529 1848
1529 274
1107 1967
807 1970
540 1482
540 594
1578 573
1578 1549
1393 1242
532 1970
1683 1999
1788 1626
1788 533
1462 1916
1462 263
1686 1593
1686 1848
1809 1916
1809 853
1994 1811
504 1380
504 1779
504 1539
1708 414
1708 1585
549 1779
214 477
214 802
214 1959
214 1640
477 362
477 542
477 1571
189 1652
1652 1437
1652 588
982 1833
573 1884
573 813
1457 701
1718 1254
1718 1843
96 619
96 1711
96 355
1151 1309
1151 965
737 596
737 794
529 463
934 1960
934 73
934 657
1960 1749
1547 1924
286 1924
286 64
286 614
376 1833
1889 1970
1889 751
1637 455
1637 596
1894 263
1894 1813
385 72
385 32
1120 892
1120 1811
1222 1046
842 734
575 1281
575 463
886 1380
886 1773
93 1916
1966 1388
1966 1539
1966 389
433 1825
433 1642
1825 18
1825 407
345 1833
1122 23
1122 162
1089 1772
1089 968
405 773
773 272
1916 493
1112 193
1112 920
294 1330
294 999
1963 395
230 588
1624 555
1624 360
1015 1254
1015 147
1015 1243
1259 1184
456 1060
45 1180
1280 295
1280 1106
1181 701
1505 409
1505 269
1946 462
300 703
809 1836
533 879
533 1065
879 1520
879 723
1045 216
1045 1728
1165 1277
1165 666
1277 1297
440 1223
440 59
440 892
1223 1687
1223 1693
1477 739
1244 1037
1783 1242
1783 1560
1376 393
1376 1058
794 1054
794 1005
1054 1949
853 947
853 1614
1756 1815
1815 1023
791 1619
791 50
1077 736
320 1254
320 269
80 941
503 58
1291 82
1291 634
121 1313
121 491
121 833
471 804
471 1789
804 409
968 1610
968 813
1610 1527
1610 661
1199 1005
1156 980
1156 274
1254 624
614 1594
182 1231
182 1246
201 525
201 493
525 1204
1281 1549
1281 1594
919 1801
919 703
919 1841
1216 1560
668 1526
668 745
1242 1407
1407 802
1214 515
1257 1897
160 1382
1476 898
1069 1793
1069 588
147 576
924 584
924 1436
73 1159
451 1388
451 947
329 1976
372 1058
372 1726
372 1970
687 1106
687 1158
1106 1585
252 1733
252 1297
1143 1370
1968 1157
1968 1959
818 1158
818 965
818 1184
1158 463
892 491
892 1660
1240 780
1225 701
1816 1976
1793 1662
1056 1149
1056 244
1040 753
1258 86
50 736
1170 1555
203 1677
21 341
21 972
984 703
984 1897
1149 395
1149 901
130 869
130 1335
4 1517
813 869
869 810
64 695
1147 1159
1147 1694
917 1848
917 393
269 661
661 1191
1157 149
431 1789
52 745
52 1101
1590 623
1105 910
675 1540
675 793
1540 1520
1540 1389
1959 35
1813 1397
1439 1971
1922 961
1922 16
1922 46
1564 1184
1564 1789
745 85
1675 1538
1675 324
162 1302
1397 596
1397 1016
1761 65
1761 666
965 275
37 1897
165 621
257 1020
257 1614
394 307
1309 1101
1309 779
1943 555
1943 315
685 1640
980 1180
980 442
515 1626
865 1677
1677 82
1677 1735
491 833
833 723
780 272
1626 339
1538 656
779 1777
1526 1836
1526 542
1131 13
1940 1288
1940 1437
1551 1764
54 940
23 1517
634 1862
354 940
1824 1614
1824 733
443 1234
1527 1382
1527 1549
657 1764
159 1382
1931 1893
1931 13
1772 295
1023 955
337 1720
494 767
494 1742
1732 1524
448 1619
317 1728
65 1370
555 1517
1828 462
703 898
961 1080
1501 1971
964 1640
1779 749
566 1735
566 1466
1735 1682
1184 1371
1037 1608
195 1576
195 1113
1720 1777
1720 306
1720 1558
1777 166
898 13
1437 1895
896 552
1302 1695
1695 236
901 915
166 1372
389 1084
1594 315
701 1613
1451 1764
1726 1224
1192 793
1192 1608
1848 753
1786 483
1138 1733
1539 493
244 1701
244 798
315 236
1811 467
749 1524
915 941
1645 1893
941 483
1006 1224
35 1524
1041 1101
1765 859
58 920
1466 1593
1682 1340
17 857
1862 407
798 859
920 324
