2000 4104
1 971
1 184
2 971
2 184
2 1769
4 971
4 184
4 207
4 1889
4 1704
4 1394
4 1422
5 971
5 184
6 971
6 184
7 971
7 184
7 79
8 971
8 184
9 971
9 184
10 971
10 184
10 896
11 971
11 184
12 971
12 184
13 971
13 184
14 971
14 184
15 971
15 184
15 1151
15 807
15 1811
16 971
16 184
17 971
17 184
17 207
18 971
18 184
19 971
19 184
20 971
20 184
21 971
21 184
22 971
22 184
23 971
23 184
23 113
24 971
24 184
26 971
26 184
27 971
27 184
29 971
29 184
29 207
30 971
30 184
30 319
31 971
31 184
32 971
32 184
32 1704
33 971
34 971
34 184
35 971
35 184
36 971
36 184
37 971
37 184
38 971
38 184
39 971
39 184
39 207
41 971
41 184
43 971
43 184
44 971
44 184
44 1349
45 971
45 184
46 971
46 184
46 946
47 971
47 184
47 207
47 1047
47 1399
47 1266
48 971
48 184
49 971
49 184
50 971
50 184
50 1889
50 896
50 1022
51 971
51 184
52 971
53 971
53 184
55 971
55 184
56 971
56 184
58 184
59 971
59 184
59 207
60 971
60 184
61 971
61 184
61 207
61 1278
61 690
61 1315
61 1151
61 1366
62 971
62 184
62 1378
63 971
63 184
64 971
64 184
65 971
65 184
66 971
66 184
67 971
67 184
67 79
67 1740
68 971
68 184
68 1233
69 971
69 184
71 971
71 184
72 971
72 184
73 971
73 184
73 1889
74 971
74 184
75 971
75 184
75 207
75 1889
75 710
77 971
78 971
78 184
79 971
79 184
79 207
79 1889
79 766
79 320
79 113
79 1278
79 1705
79 1047
79 1137
79 943
79 1928
79 1310
79 1536
79 369
79 525
79 871
79 1533
79 1366
79 453
79 728
79 520
79 1880
79 1769
79 983
79 708
80 971
80 184
80 1536
81 971
81 184
82 971
82 184
82 320
82 978
83 971
84 971
84 184
85 971
86 971
86 184
87 971
87 184
88 971
88 184
89 971
89 184
90 971
90 184
91 971
91 184
92 971
93 971
93 184
94 971
95 971
95 184
96 971
96 184
97 971
97 184
97 207
98 971
99 184
100 184
101 971
101 184
102 971
102 184
103 971
103 184
103 207
104 971
105 971
105 184
105 1785
106 971
106 184
107 971
107 184
107 766
108 971
108 184
109 971
109 184
109 207
109 1378
109 636
109 115
110 971
110 184
110 766
110 537
111 971
111 184
112 971
112 184
113 971
113 184
113 207
113 1889
113 766
113 320
113 762
113 324
113 1385
113 1227
113 1315
113 687
113 525
113 636
113 355
113 1817
113 1856
113 929
113 986
113 681
113 1954
113 518
113 768
113 119
113 1643
113 1920
113 1477
113 1041
113 1640
114 971
114 184
115 971
115 184
116 971
116 184
117 971
117 184
118 971
118 1889
119 971
119 184
120 971
120 184
120 636
121 1889
123 971
123 1704
124 971
125 971
125 184
126 971
127 971
127 184
127 1704
128 971
129 971
129 184
129 1047
130 971
130 184
131 971
131 184
132 971
133 971
133 184
134 971
135 971
135 184
136 971
136 184
136 766
137 971
137 184
138 971
138 184
140 971
140 184
141 971
141 184
142 184
143 971
143 184
144 971
144 184
145 184
146 184
147 971
147 184
148 971
148 184
149 971
149 184
149 207
150 971
150 184
151 971
151 184
152 971
152 184
153 184
154 971
155 971
155 184
156 971
156 184
157 971
157 184
158 971
158 184
158 871
158 1431
159 971
159 184
160 971
160 184
161 971
161 184
161 766
162 971
162 184
163 971
163 184
164 971
164 184
165 971
165 184
165 207
165 766
165 1261
166 971
166 184
167 971
167 184
168 971
168 184
169 971
169 184
170 971
170 184
171 971
172 971
172 184
173 971
174 971
174 184
174 1829
175 184
176 971
176 184
177 971
177 184
177 1704
178 971
178 184
180 971
180 184
180 207
181 971
181 184
181 1889
183 971
183 184
184 971
184 207
184 1889
184 766
184 320
184 762
184 1378
184 1278
184 1704
184 324
184 1705
184 1347
184 896
184 1508
184 1047
184 1823
184 1385
184 1387
184 1137
184 1641
184 943
184 1928
184 690
184 1227
184 1315
184 1310
184 1961
184 1536
184 857
184 566
184 689
184 369
184 1301
184 1394
184 1237
184 1151
184 392
184 807
184 302
184 515
184 252
184 1022
184 1765
184 854
184 687
184 1867
184 525
184 871
184 709
184 997
184 1533
184 737
184 636
184 1122
184 1366
184 1200
184 1877
184 303
184 1599
184 453
184 355
184 1873
184 1943
184 1817
184 1341
184 579
184 728
184 635
184 533
184 1284
184 500
184 1422
184 1856
184 1998
184 672
184 1076
184 1336
184 1740
184 319
184 1206
184 585
184 560
184 1844
184 435
184 583
184 1318
184 1842
184 487
184 529
184 929
184 804
184 305
184 974
184 1219
184 1514
184 614
184 1135
184 1407
184 1886
184 1701
184 1548
184 216
184 491
184 698
184 520
184 299
184 1626
184 1732
184 883
184 336
184 713
184 1633
184 1156
184 1955
184 1176
184 416
184 1510
184 1951
184 946
184 664
184 1130
184 1513
184 647
184 530
184 405
184 499
184 986
184 890
184 317
184 957
184 1995
184 1270
184 1408
184 1983
184 1809
184 1992
184 1808
184 824
184 1745
184 722
184 221
184 959
184 194
184 275
184 775
184 1737
184 1881
184 1700
184 924
184 373
184 1013
184 364
184 1399
184 1711
184 1726
184 210
184 1953
184 826
184 1189
184 1818
184 726
184 238
184 717
184 1266
184 916
184 1339
184 1138
184 540
184 727
184 1012
184 577
184 581
184 1710
184 1102
184 1354
184 327
184 1987
184 409
184 754
184 485
184 411
184 1260
184 561
184 1105
184 1538
184 1528
184 1245
184 1929
184 425
184 211
184 1145
184 1369
184 379
184 576
184 1956
184 705
184 1525
184 904
184 990
184 655
184 968
184 352
184 1325
184 681
184 1051
184 1478
184 600
184 474
184 1020
184 964
184 1258
184 1496
184 1060
184 601
184 294
184 230
184 1506
184 505
184 1203
184 1523
184 1571
184 532
184 1811
184 1594
184 546
184 734
184 313
184 482
184 426
184 1323
184 1232
184 1269
184 1447
184 626
184 812
184 1069
184 588
184 1813
184 1309
184 387
184 1800
184 1364
184 1071
184 1719
184 1950
184 979
184 1790
184 1367
184 810
184 1388
184 1539
184 683
184 1840
184 1724
184 693
184 1954
184 1738
184 1617
184 862
184 817
184 1465
184 200
184 1578
184 1676
184 1008
184 549
184 455
184 1439
184 1451
184 806
184 803
184 191
184 213
184 692
184 827
184 447
184 1326
184 861
184 783
184 1940
184 508
184 1190
184 833
184 769
184 1000
184 634
184 1371
184 518
184 960
184 1024
184 283
184 1032
184 228
184 1417
184 1887
184 1972
184 522
184 1127
184 765
184 1222
184 368
184 1274
184 884
184 1939
184 596
184 794
184 1585
184 1709
184 408
184 1384
184 562
184 1663
184 1212
184 978
184 1027
184 673
184 696
184 1355
184 1957
184 667
184 740
184 1068
184 652
184 578
184 1303
184 1792
184 657
184 1981
184 1994
184 1698
184 796
184 1848
184 763
184 1287
184 306
184 1031
184 1718
184 1216
184 1659
184 1592
184 1201
184 894
184 875
184 1532
184 1320
184 513
184 621
184 707
184 471
184 1746
184 353
184 300
184 1040
184 1357
184 296
184 287
184 996
184 206
184 547
184 1785
184 1502
184 1444
184 1892
184 1154
184 239
184 1898
184 1589
184 822
184 1495
184 688
184 1646
184 1863
184 1531
184 1470
184 1133
184 328
184 359
184 1816
184 1831
184 1351
184 253
184 293
184 1434
184 1409
184 710
184 780
184 814
184 743
184 476
184 516
184 545
184 1452
184 1648
184 1973
184 1207
184 564
184 903
184 1329
184 1335
184 1414
184 969
184 1352
184 1524
184 599
184 931
184 992
184 1317
184 1564
184 724
184 873
184 1468
184 1880
184 1890
184 1879
184 1455
184 678
184 758
184 1446
184 1017
184 1504
184 829
184 539
184 446
184 374
184 307
184 1073
184 723
184 1233
184 1132
184 326
184 832
184 1370
184 555
184 1545
184 592
184 1948
184 483
184 292
184 1153
184 295
184 1314
184 691
184 1196
184 1864
184 676
184 1933
184 1166
184 1035
184 982
184 398
184 397
184 282
184 451
184 1656
184 506
184 196
184 537
184 1768
184 1240
184 290
184 1812
184 1722
184 1628
184 1891
184 653
184 1635
184 1884
184 768
184 1099
184 1311
184 1847
184 1500
184 1602
184 1188
184 1290
184 240
184 1491
184 633
184 188
184 407
184 980
184 403
184 610
184 517
184 1337
184 918
184 1634
184 285
184 841
184 1164
184 1243
184 1672
184 1622
184 1978
184 795
184 720
184 1313
184 1095
184 203
184 1381
184 1402
184 1345
184 1389
184 1769
184 747
184 458
184 632
184 872
184 761
184 378
184 699
184 785
184 611
184 852
184 607
184 223
184 1629
184 1755
184 1016
184 412
184 1070
184 498
184 847
184 1055
184 1535
184 714
184 465
184 1660
184 1915
184 551
184 1413
184 1257
184 1485
184 330
184 382
184 815
184 1581
184 1805
184 624
184 1019
184 1540
184 449
184 1832
184 1963
184 1406
184 1440
184 1249
184 881
184 1752
184 277
184 1001
184 1702
184 830
184 965
184 741
184 345
184 1498
184 985
184 1853
184 1193
184 1678
184 625
184 1443
184 704
184 1975
184 1819
184 289
184 1136
184 1782
184 733
184 1695
184 310
184 431
184 1503
184 1494
184 279
184 1971
184 668
184 675
184 1841
184 1554
184 1256
184 365
184 349
184 281
184 1666
184 1643
184 1391
184 994
184 504
184 756
184 1826
184 1501
184 1170
184 1205
184 575
184 224
184 1753
184 1292
184 375
184 486
184 256
184 953
184 1555
184 377
184 1582
184 925
184 1239
184 798
184 1688
184 1460
184 490
184 1247
184 1776
184 1569
184 620
184 711
184 1229
184 1784
184 1056
184 1088
184 1741
184 1058
184 1197
184 1733
184 1990
184 255
184 1595
184 950
184 1424
184 1393
184 350
184 906
184 1964
184 1308
184 1296
184 1968
184 958
184 1473
184 1868
184 1815
184 344
184 1018
184 977
184 1450
184 573
184 1089
184 1720
184 1866
184 1445
184 1607
184 1235
184 1691
184 1172
184 658
184 989
184 1225
184 1049
184 703
184 1441
184 1261
184 1094
184 222
184 1202
184 735
184 360
184 638
184 808
184 550
184 1002
184 1965
184 1631
184 877
184 1383
184 1559
184 1772
184 1876
184 242
184 1436
184 286
184 250
184 444
184 1044
184 1729
184 1348
184 1400
184 337
184 797
184 679
184 1162
184 241
184 706
184 479
184 1942
184 650
184 448
184 259
184 1766
184 494
184 793
184 464
184 1574
184 966
184 1036
184 1199
184 719
184 1520
184 1949
184 298
184 1057
184 1902
184 730
184 1077
184 1177
184 701
184 501
184 731
184 1664
184 232
184 428
184 1087
184 1480
184 1211
184 470
184 738
184 983
184 1537
184 1849
184 1316
184 736
184 1356
184 348
184 708
184 1005
184 1403
184 1469
184 1373
184 473
184 1911
184 261
184 1438
184 1807
184 251
184 1567
184 1493
184 791
184 235
184 1562
184 1568
184 1264
184 1395
184 229
184 1801
184 1613
184 1423
184 1147
184 789
184 247
184 1273
184 332
184 260
184 1997
184 1689
184 1960
184 1124
184 1534
184 651
184 461
184 837
184 1362
184 1895
184 590
184 1917
184 939
184 885
184 892
184 1744
184 1731
184 778
184 961
184 938
184 432
184 1430
184 1210
184 1547
184 1751
184 1783
184 1758
184 1435
184 1591
184 1218
184 1379
184 666
184 1730
184 1743
184 776
184 406
184 1349
184 725
184 1466
184 1878
184 1611
184 1913
184 926
184 1759
184 1010
184 572
184 1916
184 568
184 371
184 1685
184 1209
184 1294
184 1764
184 225
184 1255
184 1146
184 1086
184 716
184 1067
184 1358
184 1111
184 963
184 1093
184 1754
184 1927
184 1174
184 1777
184 1039
184 619
184 1143
184 215
184 1793
184 1612
184 800
184 1924
184 732
184 1855
184 616
184 1338
184 1167
184 1304
184 988
184 1576
184 245
184 399
184 752
184 354
184 1346
184 933
184 1359
184 850
184 1215
184 1644
184 1276
184 637
184 1750
184 1097
184 1590
184 781
184 1605
184 1714
184 1896
184 1761
184 1059
184 909
184 272
184 659
184 1228
184 1748
184 477
184 244
184 1838
184 341
184 1220
184 1828
184 1079
184 954
184 863
184 878
184 565
184 401
184 219
184 415
184 1021
184 1649
184 512
184 1988
184 914
184 1610
184 864
184 1252
184 922
184 1587
184 1223
184 1639
184 1003
184 936
184 629
184 334
184 1615
184 556
184 1251
184 1179
184 1530
184 901
184 613
184 1922
184 951
184 1618
184 209
184 445
184 1295
184 237
184 463
184 362
184 1515
184 1786
184 759
184 1779
184 439
184 684
184 608
184 266
184 1527
184 819
184 941
184 1009
184 569
184 912
184 1194
184 226
184 1091
184 380
184 1312
184 536
184 1448
184 1431
184 1250
184 930
184 802
184 1416
184 1006
184 1214
184 662
184 799
184 1796
184 893
184 895
184 1191
184 880
184 1645
184 1396
184 1157
184 1265
184 1289
184 1509
184 1654
184 1390
184 1282
184 1914
184 1900
184 792
184 1030
184 609
184 1361
184 1897
184 246
184 1609
184 1192
184 321
184 481
184 274
184 190
184 670
184 1834
184 605
184 836
184 450
184 1363
184 1476
184 1198
184 887
184 844
184 1824
184 421
184 1893
184 1579
184 1583
184 195
184 1920
184 919
184 523
184 811
184 202
184 644
184 767
184 227
184 1907
184 1100
184 441
184 323
184 1803
184 1668
184 511
184 1236
184 917
184 718
184 1117
184 975
184 1420
184 1544
184 1862
184 715
184 1519
184 1906
184 1827
184 848
184 1919
184 442
184 1962
184 1253
184 1331
184 779
184 189
184 1728
184 1411
184 367
184 1985
184 1061
184 440
184 1328
184 1550
184 1806
184 1300
184 1457
184 342
184 1931
184 1085
184 777
184 1275
184 1616
184 208
184 1739
184 1155
184 558
184 563
184 384
184 1637
184 339
184 1120
184 1486
184 1123
184 1865
184 1410
184 268
184 962
184 1050
184 623
184 1935
184 1118
184 1717
184 1332
184 934
184 1464
184 1516
184 1682
184 1175
184 322
184 828
184 1286
184 1774
184 278
184 1078
184 1575
184 1475
184 1165
184 771
184 1376
184 598
184 1428
184 746
184 753
184 641
184 1642
184 1489
184 414
184 265
184 1281
184 639
184 1958
184 1477
184 1852
184 1837
184 514
184 860
184 921
184 311
184 1271
184 1213
184 1158
184 1412
184 1969
184 1334
184 243
184 1760
184 192
184 1843
184 1557
184 507
184 913
184 665
184 1825
184 1671
184 1934
184 1517
184 1029
184 284
184 1072
184 1802
184 1090
184 1377
184 1217
184 1353
184 1683
184 1708
184 1871
184 1007
184 1083
184 1490
184 671
184 1830
184 1551
184 1374
184 1131
184 366
184 882
184 642
184 1471
184 1640
184 1781
184 1142
184 418
184 1186
184 1662
184 618
184 1624
184 363
184 1168
184 329
184 1690
184 1238
184 1034
184 694
184 631
184 674
184 1526
184 1780
184 1543
184 1829
184 262
184 1360
184 587
184 949
184 1433
184 1573
184 685
184 856
184 385
184 1846
184 1110
184 1669
184 1163
184 1584
184 460
184 1065
184 1139
184 643
184 402
184 1092
184 1556
184 582
184 1918
184 570
184 1775
184 372
184 840
184 1627
184 335
184 429
184 1521
184 1121
184 1899
184 751
184 1921
184 1333
184 276
184 755
184 234
184 998
184 928
184 1725
184 855
184 1673
184 1989
184 1096
184 944
184 1382
184 1677
184 786
184 454
184 1368
184 586
184 1042
184 1757
184 669
184 1925
184 956
184 1015
184 1600
184 1045
184 995
184 217
184 1716
184 948
184 484
184 1770
184 1419
184 571
184 630
184 1742
184 1272
184 910
184 1947
184 1606
184 615
184 527
184 204
184 509
184 1380
184 816
184 459
184 1986
184 1652
184 1221
184 801
184 1959
184 1462
184 1833
184 1082
184 331
184 1872
184 891
184 1426
184 430
184 858
184 1679
184 593
184 1820
184 1923
184 1699
184 1398
184 1107
184 1297
184 489
184 270
184 1670
184 1159
184 433
184 1723
184 1161
184 457
184 984
184 1894
184 970
184 1246
184 1321
184 1655
184 1799
184 935
184 866
184 1937
184 820
184 1226
184 955
184 417
184 1386
184 744
184 1293
184 410
184 1074
184 542
184 559
184 1454
184 394
184 1636
184 1116
184 1011
184 288
184 1026
184 1492
184 788
184 1048
184 865
184 757
184 1062
184 1397
184 423
184 1033
184 389
184 1327
184 952
184 1565
184 1128
184 729
184 1429
184 497
184 782
184 1268
184 790
184 869
184 472
184 1023
184 1481
184 1991
184 697
184 1905
184 1204
184 1280
184 784
184 1693
184 1859
184 760
184 874
184 1566
184 1342
184 543
184 346
184 343
184 249
184 1372
184 1667
184 1392
184 967
184 1763
184 1283
184 316
184 907
184 602
184 1115
184 1103
184 531
184 443
184 393
184 628
184 900
184 1542
184 831
184 1152
184 258
184 541
184 1593
184 1756
184 519
184 1620
184 1875
184 534
184 338
184 325
184 1984
184 1797
184 1463
184 1734
184 739
184 1999
184 1459
184 1507
184 1306
184 1767
184 1794
184 220
184 1075
184 606
184 604
184 552
184 712
184 1861
184 198
184 521
184 1553
184 267
184 557
184 1597
184 1560
184 1558
184 825
184 495
184 772
184 835
184 1762
184 1715
184 1675
184 1952
184 1004
184 1835
184 897
184 199
184 1546
184 1850
184 1140
184 645
184 805
184 1932
184 1789
184 1966
184 889
184 376
184 702
184 851
184 1248
184 462
184 879
184 357
184 214
184 843
184 868
184 999
184 264
184 1651
184 1938
184 1046
184 660
184 1552
184 1529
184 1572
184 1773
184 612
184 356
184 528
184 280
185 971
186 971
187 1310
188 971
188 359
189 971
190 971
190 1889
191 971
191 1514
192 971
193 971
194 971
194 1047
194 1886
195 971
196 971
196 435
199 971
200 971
200 207
201 971
202 971
203 971
205 971
206 971
206 207
207 971
207 1889
207 766
207 320
207 762
207 1378
207 1278
207 1704
207 324
207 1705
207 1347
207 896
207 1508
207 1047
207 1823
207 1385
207 1387
207 1137
207 1641
207 943
207 1928
207 690
207 1227
207 1315
207 1310
207 1961
207 1536
207 857
207 566
207 689
207 369
207 1301
207 1394
207 1237
207 1151
207 392
207 807
207 302
207 515
207 252
207 1765
207 854
207 687
207 1867
207 525
207 871
207 709
207 997
207 1533
207 737
207 636
207 1122
207 1366
207 1200
207 453
207 355
207 579
207 1284
207 500
207 1422
207 1998
207 1076
207 560
207 435
207 1318
207 804
207 1219
207 1886
207 1701
207 216
207 520
207 299
207 336
207 1633
207 946
207 664
207 1130
207 499
207 775
207 210
207 826
207 1189
207 726
207 1710
207 1105
207 1528
207 1956
207 655
207 1258
207 546
207 482
207 1232
207 1069
207 1813
207 1790
207 683
207 1451
207 518
207 1032
207 228
207 1585
207 1698
207 621
207 707
207 287
207 1589
207 307
207 326
207 1864
207 397
207 1768
207 290
207 1164
207 1622
207 1070
207 1853
207 1841
207 1666
207 711
207 1308
207 1445
207 1202
207 1002
207 1917
207 885
207 988
207 380
207 609
207 1834
207 450
207 1198
207 1919
207 1286
207 842
207 1474
207 1560
207 1141
207 1980
208 971
209 971
210 971
210 1889
210 1963
211 971
212 971
213 971
214 971
215 971
216 971
216 1889
216 1928
216 1316
217 971
218 971
219 971
220 971
221 971
222 971
223 971
224 971
225 971
226 971
227 971
228 971
229 971
230 971
232 971
233 971
234 971
234 1889
235 971
237 971
237 800
238 971
239 971
240 971
241 971
242 971
243 971
244 971
245 971
245 797
245 1112
246 971
247 971
248 971
250 971
251 971
252 971
252 1889
252 324
252 1266
253 971
254 971
255 971
256 971
257 971
258 971
259 971
259 1341
259 1915
260 971
261 971
262 971
263 1929
264 971
265 971
266 971
267 971
268 971
269 971
270 971
270 579
271 971
272 971
273 971
274 971
275 971
276 971
277 971
278 971
279 971
281 971
282 971
283 971
284 971
285 971
286 971
287 971
288 971
289 971
289 1889
289 1022
290 971
292 971
292 1008
293 971
294 971
295 971
296 971
297 971
298 971
298 1278
299 971
299 1889
300 971
300 1809
301 971
302 971
302 766
302 696
302 1933
302 340
303 971
304 971
305 971
305 1704
305 387
306 971
306 1751
307 971
308 971
309 971
310 971
310 1137
310 1533
311 971
312 971
313 971
314 971
316 971
317 971
318 971
319 971
319 1889
319 762
320 971
320 1889
320 766
320 762
320 1378
320 1704
320 324
320 1705
320 896
320 1508
320 1047
320 1823
320 1385
320 1137
320 1641
320 1928
320 690
320 1315
320 1961
320 857
320 369
320 1533
320 737
320 636
320 1366
320 1599
320 453
320 529
320 1626
320 1633
320 1808
320 655
320 1455
320 1988
320 1575
320 1374
320 1947
320 584
320 519
320 972
321 971
322 971
322 1704
323 971
324 971
324 1889
324 766
324 762
324 1378
324 1983
324 1496
324 1648
324 539
326 971
327 971
327 1227
327 1151
327 579
328 971
329 971
330 971
330 1641
332 971
334 971
335 971
336 971
337 971
339 971
339 1278
340 971
341 971
342 971
343 971
344 971
345 971
345 1889
346 971
348 971
349 971
350 971
350 1336
351 971
352 971
352 1889
352 1536
352 1886
352 554
353 971
354 971
355 971
355 766
355 896
355 1842
355 1951
355 1871
356 971
357 971
358 971
358 1310
359 971
359 766
360 971
361 971
362 971
363 1889
364 971
365 971
366 971
367 971
368 971
369 971
369 1889
369 766
369 392
369 1051
369 1976
370 971
371 971
372 971
373 971
374 971
375 971
375 1889
376 971
377 971
378 971
379 971
379 1704
380 971
381 971
382 971
383 971
384 971
385 971
386 971
387 971
388 971
389 971
390 971
391 971
392 971
392 1889
392 766
393 971
394 971
395 971
397 971
398 971
399 971
400 971
401 971
402 971
403 971
405 971
405 1536
406 971
407 971
408 971
409 971
409 1135
411 971
411 1641
411 807
412 971
413 971
414 971
415 971
416 971
416 1889
417 971
417 857
418 971
419 971
420 971
421 971
422 971
424 971
425 971
425 1961
426 971
427 971
428 971
429 971
431 971
432 971
433 971
434 971
435 971
435 1310
436 971
437 971
438 971
439 971
440 971
441 971
442 971
443 971
444 971
445 971
446 971
447 971
448 971
449 971
450 971
451 971
453 971
453 1889
455 971
457 971
458 971
459 971
460 971
461 971
462 971
463 971
464 971
465 971
466 971
467 971
468 971
469 971
470 971
471 971
472 971
473 971
474 971
474 1578
475 971
476 971
476 1047
477 971
478 971
479 971
480 971
481 971
482 971
482 762
483 971
484 971
485 971
486 971
486 1278
487 971
487 766
487 1873
488 971
489 971
489 766
490 971
491 971
491 1889
491 1385
492 971
493 971
494 971
497 971
498 971
499 971
499 1278
500 971
500 1889
500 766
500 1705
500 924
500 517
501 971
502 971
504 971
505 971
505 1943
506 971
507 971
508 971
509 971
509 1889
510 971
511 971
512 971
513 971
514 971
515 971
515 1889
515 1310
515 968
516 971
517 971
517 1285
518 971
520 971
520 862
521 971
522 971
523 971
525 971
525 807
526 971
529 971
529 1378
530 971
531 971
532 971
533 971
533 762
533 1508
533 1227
536 971
537 971
538 971
539 971
539 709
540 971
541 971
541 1889
543 971
544 971
545 971
546 971
547 971
549 971
549 1765
550 971
551 971
552 971
553 971
555 971
556 971
557 971
558 971
560 971
560 1889
560 1790
561 971
562 971
563 971
564 971
565 971
566 971
566 1889
566 1339
566 1203
566 1848
567 971
568 971
569 971
570 971
571 971
572 971
573 971
574 971
575 971
576 971
576 1817
577 971
578 971
579 971
579 1889
580 971
581 971
581 1867
582 971
583 971
584 971
585 971
585 1889
585 807
585 655
586 971
586 1111
587 971
588 971
588 766
589 971
590 971
591 971
592 971
594 971
595 971
596 971
597 971
598 971
599 971
600 971
601 971
602 971
603 971
605 971
606 971
607 971
608 971
608 1873
609 971
610 971
611 971
612 971
613 971
614 971
615 971
616 971
617 971
618 971
619 971
620 971
620 762
621 971
622 971
623 971
624 971
625 971
626 971
626 1961
628 971
629 971
630 971
630 1538
631 971
632 971
632 1889
632 1928
633 971
633 1151
634 971
635 971
635 1961
635 854
636 971
636 1889
636 997
637 971
638 971
639 971
640 971
641 971
642 971
643 971
644 971
646 971
647 971
648 971
649 971
650 971
651 971
652 971
653 971
655 971
656 971
656 1310
657 971
658 971
659 971
660 971
661 971
662 971
663 971
664 971
664 1889
665 971
665 1301
666 971
667 971
668 971
668 1889
669 971
670 971
671 971
672 971
673 971
674 971
675 971
676 971
677 971
678 971
679 971
680 971
681 971
682 971
683 971
684 971
685 971
687 971
687 766
687 1594
688 971
688 701
689 971
689 1889
689 698
689 1881
689 1020
690 971
690 1889
690 857
690 1856
690 1076
690 1335
691 971
692 971
693 971
694 971
695 971
696 971
698 971
698 1378
698 1961
699 971
700 971
701 971
703 971
704 971
705 971
706 971
707 971
708 971
709 971
710 971
711 971
713 971
713 896
713 1844
714 971
715 971
716 971
717 971
718 971
719 971
720 971
720 1387
721 971
722 971
722 943
723 971
724 971
725 971
725 1417
726 971
726 1705
727 971
727 766
728 971
728 1269
729 971
730 971
731 971
731 1889
731 766
732 971
733 971
734 971
735 971
736 971
736 1823
737 971
737 1508
737 1641
737 959
737 1956
738 971
739 971
740 971
741 971
743 971
744 971
745 971
746 971
747 971
748 971
749 971
750 971
751 971
752 971
753 971
753 1840
754 971
754 1889
754 762
754 943
755 971
756 971
757 1310
757 1351
758 971
759 971
760 971
761 971
762 971
762 1889
762 766
762 1508
762 1385
762 1387
762 943
762 1227
762 1536
762 807
762 1929
762 1535
762 1480
762 1999
763 971
764 971
765 971
766 971
766 1889
766 1378
766 1278
766 1704
766 1705
766 1347
766 896
766 1508
766 1823
766 1387
766 1641
766 1928
766 1227
766 1315
766 1536
766 857
766 1151
766 807
766 1951
766 1189
766 916
766 1594
766 810
766 1465
766 1676
766 1914
766 940
766 1242
767 971
768 971
769 971
769 1365
770 971
771 971
772 971
773 971
774 971
775 971
776 971
777 971
778 971
779 971
780 971
781 971
782 1889
783 971
784 971
785 971
786 971
787 971
788 971
789 971
790 971
791 971
792 971
793 971
794 971
795 971
796 971
797 971
798 971
799 971
800 971
802 971
803 971
804 971
805 971
806 971
806 1889
807 971
807 1889
807 1378
807 1704
808 971
809 971
810 971
811 971
812 971
813 971
814 971
815 971
816 971
817 971
818 971
819 971
820 971
821 971
822 971
823 971
824 971
825 971
826 971
827 971
828 971
829 971
830 971
831 971
832 971
833 971
834 971
835 971
836 971
837 971
838 971
839 971
840 971
841 971
842 971
844 971
846 883
847 971
848 971
849 971
850 971
851 971
852 971
853 971
854 971
854 1366
854 1465
855 971
856 971
857 971
857 1889
857 1378
857 1315
857 1711
858 971
859 971
860 971
861 971
862 971
862 871
863 971
864 971
866 971
868 971
870 971
871 971
871 1022
872 971
873 971
874 971
875 971
877 971
878 971
879 971
880 971
881 971
882 971
883 971
883 1889
883 1378
884 971
885 971
886 971
887 971
888 971
889 971
890 971
891 971
892 971
893 971
894 971
895 971
896 971
896 1889
896 1823
896 1385
896 1818
898 971
899 971
900 971
901 971
902 971
903 971
904 971
905 971
906 971
906 1704
907 971
908 971
909 971
910 971
911 971
912 971
913 971
914 971
915 971
916 971
917 971
918 971
918 1961
919 971
920 971
921 971
922 971
923 971
924 971
924 1765
924 1371
925 971
926 971
927 971
928 971
929 971
930 971
931 971
933 971
934 971
935 971
936 971
938 971
939 971
940 971
940 1122
941 971
943 971
943 1889
943 1378
943 1704
943 1641
943 1995
943 1138
943 1940
944 971
945 971
946 971
947 971
949 971
950 971
951 971
952 971
952 1889
952 1955
953 971
954 971
955 971
956 971
957 971
958 971
959 971
959 1278
960 971
961 971
962 971
963 971
964 971
965 971
966 971
967 971
968 971
969 971
970 971
971 1889
971 1378
971 1278
971 1704
971 1705
971 1347
971 1508
971 1047
971 1823
971 1385
971 1387
971 1137
971 1641
971 1928
971 1227
971 1315
971 1310
971 1961
971 1536
971 1301
971 1394
971 1237
971 1151
971 1022
971 1765
971 1867
971 997
971 1533
971 1122
971 1366
971 1200
971 1877
971 1599
971 1873
971 1943
971 1817
971 1341
971 1284
971 1422
971 1856
971 1998
971 1076
971 1336
971 1740
971 1206
971 1844
971 1318
971 1842
971 974
971 1219
971 1514
971 1135
971 1407
971 1886
971 1701
971 1548
971 1626
971 1732
971 1633
971 1156
971 1955
971 1176
971 1510
971 1951
971 1130
971 1513
971 986
971 1995
971 1270
971 1408
971 1983
971 1809
971 1992
971 1808
971 1745
971 1737
971 1881
971 1700
971 1013
971 1399
971 1711
971 1726
971 1953
971 1189
971 1818
971 1266
971 1339
971 1138
971 1012
971 1710
971 1102
971 1354
971 1987
971 1260
971 1105
971 1538
971 1528
971 1245
971 1929
971 1145
971 1369
971 1956
971 1525
971 990
971 1325
971 1051
971 1478
971 1020
971 1258
971 1496
971 1060
971 1506
971 1203
971 1523
971 1571
971 1811
971 1594
971 1323
971 1232
971 1269
971 1447
971 1069
971 1813
971 1309
971 1800
971 1364
971 1071
971 1719
971 1950
971 979
971 1790
971 1367
971 1388
971 1539
971 1840
971 1724
971 1954
971 1738
971 1617
971 1465
971 1578
971 1676
971 1008
971 1439
971 1451
971 1326
971 1940
971 1190
971 1000
971 1371
971 1024
971 1032
971 1417
971 1887
971 1972
971 1127
971 1222
971 1274
971 1939
971 1585
971 1709
971 1384
971 1663
971 1212
971 978
971 1027
971 1355
971 1957
971 1068
971 1303
971 1792
971 1981
971 1994
971 1698
971 1848
971 1287
971 1031
971 1718
971 1216
971 1659
971 1592
971 1201
971 1532
971 1320
971 1746
971 1040
971 1357
971 996
971 1785
971 1502
971 1444
971 1892
971 1154
971 1898
971 1589
971 1495
971 1646
971 1863
971 1531
971 1470
971 1133
971 1816
971 1831
971 1351
971 1434
971 1409
971 1452
971 1648
971 1973
971 1207
971 1329
971 1335
971 1414
971 1352
971 1524
971 992
971 1317
971 1564
971 1468
971 1880
971 1890
971 1879
971 1455
971 1446
971 1017
971 1504
971 1073
971 1233
971 1132
971 1370
971 1545
971 1948
971 1153
971 1314
971 1196
971 1864
971 1933
971 1166
971 1035
971 982
971 1656
971 1768
971 1240
971 1812
971 1722
971 1628
971 1891
971 1635
971 1884
971 1099
971 1311
971 1847
971 1500
971 1602
971 1188
971 1290
971 1491
971 980
971 1337
971 1634
971 1164
971 1243
971 1672
971 1622
971 1978
971 1313
971 1095
971 1381
971 1402
971 1345
971 1389
971 1769
971 1629
971 1755
971 1016
971 1070
971 1055
971 1535
971 1660
971 1915
971 1413
971 1257
971 1485
971 1581
971 1805
971 1019
971 1540
971 1832
971 1963
971 1406
971 1440
971 1249
971 1752
971 1001
971 1702
971 1498
971 985
971 1853
971 1193
971 1678
971 1443
971 1975
971 1819
971 1136
971 1782
971 1695
971 1503
971 1494
971 1971
971 1841
971 1554
971 1256
971 1666
971 1643
971 1391
971 994
971 1826
971 1501
971 1170
971 1205
971 1753
971 1292
971 1555
971 1582
971 1239
971 1688
971 1460
971 1247
971 1776
971 1569
971 1229
971 1784
971 1056
971 1088
971 1741
971 1058
971 1197
971 1733
971 1990
971 1595
971 1424
971 1393
971 1964
971 1308
971 1296
971 1968
971 1473
971 1868
971 1815
971 1018
971 977
971 1450
971 1089
971 1720
971 1866
971 1445
971 1607
971 1235
971 1691
971 1172
971 989
971 1225
971 1049
971 1441
971 1261
971 1094
971 1202
971 1002
971 1965
971 1631
971 1383
971 1559
971 1772
971 1876
971 1436
971 1044
971 1729
971 1348
971 1400
971 1162
971 1942
971 1766
971 1574
971 1036
971 1199
971 1520
971 1949
971 1057
971 1902
971 1077
971 1177
971 1664
971 1087
971 1480
971 1211
971 983
971 1537
971 1849
971 1316
971 1356
971 1005
971 1403
971 1469
971 1373
971 1911
971 1438
971 1807
971 1567
971 1493
971 1562
971 1568
971 1264
971 1395
971 1801
971 1613
971 1423
971 1147
971 1273
971 1997
971 1689
971 1960
971 1124
971 1534
971 1362
971 1895
971 1917
971 1744
971 1731
971 1430
971 1210
971 1547
971 1751
971 1783
971 1758
971 1435
971 1591
971 1218
971 1379
971 1730
971 1743
971 1349
971 1466
971 1878
971 1611
971 1913
971 1759
971 1010
971 1916
971 1685
971 1209
971 1294
971 1764
971 1255
971 1146
971 1086
971 1067
971 1358
971 1111
971 1093
971 1754
971 1927
971 1174
971 1777
971 1039
971 1143
971 1793
971 1612
971 1924
971 1855
971 1338
971 1167
971 1304
971 988
971 1576
971 1346
971 1359
971 1215
971 1644
971 1276
971 1750
971 1097
971 1590
971 1605
971 1714
971 1896
971 1761
971 1059
971 1228
971 1748
971 1838
971 1220
971 1828
971 1079
971 1021
971 1649
971 1988
971 1610
971 1252
971 1587
971 1223
971 1639
971 1003
971 1134
971 1615
971 1251
971 1179
971 1530
971 1922
971 1618
971 1295
971 1515
971 1786
971 1779
971 1527
971 1009
971 1194
971 1091
971 1312
971 1448
971 1431
971 1250
971 1416
971 1006
971 1214
971 1796
971 1126
971 1191
971 1645
971 1396
971 1157
971 1265
971 1289
971 1509
971 1654
971 1390
971 1282
971 1914
971 1900
971 1030
971 1749
971 1361
971 1657
971 1897
971 1609
971 1192
971 993
971 1834
971 1363
971 1299
971 1476
971 1198
971 1836
971 1824
971 1686
971 1893
971 1579
971 1583
971 1920
971 1822
971 1907
971 1081
971 1100
971 1803
971 1668
971 1236
971 1117
971 975
971 1420
971 1544
971 1862
971 1519
971 1906
971 1827
971 1043
971 1919
971 1962
971 1684
971 1253
971 1331
971 1728
971 1411
971 1985
971 1484
971 1061
971 1328
971 1550
971 1806
971 1300
971 1457
971 1931
971 1340
971 1085
971 1275
971 1616
971 1739
971 1155
971 1804
971 1637
971 1120
971 1486
971 1123
971 1865
971 1410
971 1050
971 1935
971 1118
971 1254
971 1717
971 1332
971 1063
971 1464
971 1516
971 1682
971 1175
971 1241
971 1286
971 1774
971 1078
971 1575
971 1475
971 1165
971 1787
971 1376
971 1428
971 1642
971 1489
971 1169
971 1281
971 1958
971 2000
971 1661
971 1477
971 1852
971 1837
971 1993
971 1694
971 1271
971 1213
971 1158
971 1412
971 1930
971 1969
971 1334
971 1760
971 1843
971 1557
971 1825
971 1671
971 1375
971 1934
971 1517
971 1449
971 1029
971 1713
971 1072
971 1802
971 1090
971 1377
971 1217
971 1353
971 1683
971 1708
971 1871
971 1007
971 1083
971 1490
971 1830
971 1551
971 1810
971 1374
971 1131
971 1041
971 1483
971 1941
971 1471
971 1487
971 1640
971 1781
971 1142
971 1186
971 1662
971 1624
971 1168
971 1885
971 1690
971 1238
971 1944
971 1034
971 1234
971 1526
971 1780
971 1680
971 1543
971 1829
971 1263
971 1360
971 1433
971 1573
971 1110
971 1638
971 1996
971 1669
971 1163
971 1584
971 1065
971 1038
971 1139
971 1658
971 1092
971 1775
971 1627
971 1778
971 1549
971 1521
971 1114
971 1121
971 1921
971 1333
971 1839
971 1108
971 1604
971 998
971 1725
971 1673
971 1989
971 1976
971 1096
971 1382
971 1125
971 1677
971 1945
971 1368
971 1598
971 1042
971 1735
971 1608
971 1421
971 1015
971 1600
971 1045
971 995
971 1716
971 1770
971 1870
971 1742
971 1272
971 1798
971 1415
971 1947
971 1606
971 1437
971 1380
971 1946
971 1479
971 1499
971 1647
971 1959
971 1665
971 1418
971 1082
971 1872
971 1426
971 1242
971 1679
971 1820
971 1699
971 1405
971 1512
971 1178
971 1398
971 1297
971 1670
971 1159
971 1614
971 1161
971 1926
971 984
971 987
971 1621
971 1979
971 1703
971 1632
971 1894
971 1901
971 1246
971 1321
971 1799
971 1171
971 1937
971 1712
971 1226
971 1596
971 1386
971 1098
971 1184
971 1293
971 1149
971 1074
971 1454
971 1636
971 1912
971 1080
971 1492
971 1692
971 1048
971 1343
971 1062
971 1397
971 1482
971 1580
971 1033
971 1344
971 1267
971 1630
971 1112
971 1327
971 1681
971 1625
971 1113
971 1518
971 1565
971 1128
971 1429
971 1150
971 1747
971 1037
971 1268
971 1302
971 1481
971 1991
971 1974
971 1119
971 1905
971 1874
971 1204
971 1280
971 1693
971 1859
971 1566
971 1342
971 1181
971 976
971 1372
971 1667
971 1392
971 1104
971 1283
971 1791
971 1259
971 1115
971 1279
971 1052
971 1298
971 1541
971 1542
971 1350
971 1909
971 1756
971 1561
971 1180
971 1650
971 1620
971 1875
971 1456
971 1984
971 1797
971 1707
971 1734
971 1459
971 1319
971 1324
971 1794
971 1075
971 1474
971 1861
971 1674
971 973
971 1425
971 1553
971 1597
971 1458
971 1560
971 1401
971 1244
971 1696
971 1106
971 1653
971 1762
971 1715
971 1675
971 1952
971 1004
971 1195
971 1432
971 1427
971 1288
971 1064
971 1497
971 1522
971 1932
971 1795
971 1603
971 1882
971 1248
971 1160
971 1262
971 1706
971 1365
971 1208
971 1305
971 1619
971 999
971 1651
971 1788
971 1938
971 1814
971 1821
971 1910
971 1330
971 1046
971 1285
971 1529
971 1572
971 1053
971 1141
971 1322
971 991
971 1980
971 1623
974 1202
986 1047
997 1889
997 1237
997 1866
997 1034
1008 1704
1012 1385
1022 1889
1022 1278
1022 1341
1024 1884
1027 1347
1047 1889
1047 1137
1047 1315
1047 1434
1051 1599
1057 1889
1068 1310
1069 1961
1085 1284
1105 1889
1116 1538
1122 1505
1122 1938
1127 1889
1130 1394
1135 1347
1135 1137
1135 1817
1137 1889
1137 1227
1137 1315
1137 1206
1137 1444
1137 1449
1145 1943
1156 1382
1176 1875
1188 1240
1189 1422
1200 1889
1203 1889
1227 1889
1227 1508
1227 1676
1227 1344
1230 1765
1237 1889
1237 1998
1243 1889
1243 1414
1261 1278
1266 1508
1278 1889
1278 1867
1278 1336
1278 1711
1278 1388
1278 1434
1290 1877
1301 1889
1301 1705
1310 1889
1310 1939
1312 1889
1315 1889
1315 1892
1316 1928
1323 1626
1332 1536
1341 1889
1347 1889
1347 1533
1347 1995
1347 1382
1347 1474
1354 1414
1366 1889
1367 1705
1378 1889
1378 1641
1378 1928
1378 1738
1378 1443
1378 1486
1384 1564
1385 1889
1385 1407
1387 1889
1387 1943
1393 1889
1394 1641
1394 1455
1397 1961
1408 1889
1422 1889
1446 1582
1502 1700
1508 1889
1508 1705
1510 1889
1518 1769
1530 1704
1533 1823
1536 1889
1548 1889
1592 1889
1599 1704
1599 1765
1602 1928
1625 1734
1628 1889
1641 1889
1704 1889
1704 1867
1704 1711
1704 1811
1705 1889
1705 1823
1705 1988
1725 1889
1730 1889
1732 1823
1740 1889
1759 1889
1765 1889
1768 1886
1780 1889
1823 1889
1856 1889
1867 1889
1873 1889
1877 1889
1881 1889
1886 1889
1889 1928
1889 1961
1889 1942
1889 1991
1933 1951
