2000 1866
1 698
1 1865
1 1274
1 797
1 1764
1 799
1 265
2 166
2 1870
3 647
3 1224
3 564
4 1522
5 281
5 584
5 1379
6 21
7 1668
7 539
7 411
8 990
8 1787
8 1683
8 319
9 412
9 1625
10 909
10 366
11 1290
13 1634
14 609
14 748
14 535
14 1704
14 442
14 354
14 71
14 431
15 509
15 1788
15 502
15 1038
15 1312
15 1380
15 1052
16 817
16 123
17 1702
17 288
18 609
18 412
19 1581
19 658
19 1651
20 1573
21 1035
21 38
22 1401
24 1930
24 1595
27 1191
28 153
28 1272
29 1392
30 235
30 586
30 159
30 1679
30 611
30 1347
30 608
30 961
30 317
30 1161
30 945
30 1233
30 212
30 1141
31 1013
31 274
31 658
31 111
32 849
33 171
33 540
33 1323
34 1859
34 1813
34 1883
34 931
35 700
36 1751
36 1026
38 991
40 1859
41 478
41 413
42 1928
42 1734
43 770
43 811
45 888
45 1149
46 224
46 1662
48 1127
48 349
49 1844
49 1191
51 669
51 576
52 1581
52 1165
52 1398
53 405
55 263
55 382
55 1996
56 1574
57 320
57 1175
58 1153
58 914
59 773
60 1392
60 735
60 796
60 1962
61 1491
61 1024
61 408
62 784
67 1961
67 1496
69 1145
69 1979
70 906
70 1175
70 670
70 1552
70 377
71 1660
73 406
74 864
74 1649
76 1131
76 1404
77 1856
78 1255
79 1140
80 1035
80 470
80 1556
81 1049
81 1619
83 1931
83 941
83 411
83 1352
84 197
84 1674
85 370
86 1311
87 793
88 1883
88 316
91 1158
91 536
92 1360
93 620
93 645
93 207
96 643
97 1116
99 1135
100 1856
100 944
101 982
103 339
103 1497
103 1670
103 1843
104 465
104 1169
105 235
105 1619
108 1658
108 1725
109 447
109 410
109 1195
110 1676
110 1683
112 391
112 1797
113 257
113 1050
115 1063
116 1449
116 542
116 1370
116 1252
116 290
116 1317
116 717
116 172
116 746
116 800
116 886
116 1798
116 198
116 530
116 1680
116 676
116 130
116 718
117 230
117 239
117 995
117 685
117 1308
117 938
120 1116
121 1156
122 1230
122 638
123 595
123 1224
124 1984
124 1082
125 216
125 275
127 274
128 150
129 154
130 1063
130 1557
131 1994
131 708
131 1021
132 787
132 1126
132 826
133 1675
133 1294
133 309
135 235
136 920
137 1525
137 445
138 1998
138 1089
141 1581
141 1535
142 854
143 712
144 1249
145 1807
145 280
146 1022
146 1704
147 1998
149 1249
150 817
150 159
150 1730
151 1050
151 537
151 583
152 687
152 1709
152 892
153 1958
153 1163
153 666
153 556
154 313
154 1032
154 862
155 1007
155 183
158 817
158 1994
158 619
158 1604
159 542
159 589
159 274
159 280
159 807
159 1684
159 865
160 1609
160 436
160 746
160 1286
161 1254
162 1776
164 1049
164 1764
164 287
165 696
166 1626
166 1558
166 842
166 1145
166 1214
166 731
166 1576
166 1229
166 812
166 213
166 1208
167 1411
167 1942
167 750
168 1385
169 777
169 1676
170 949
171 1420
171 1716
172 1938
173 817
174 1500
176 1479
177 871
179 909
179 1252
180 410
180 1310
180 372
181 812
182 584
182 1176
182 319
184 1670
185 252
187 1544
187 774
188 1679
188 633
189 1405
190 1248
191 772
191 1418
191 851
191 206
191 350
191 1732
191 1292
193 1994
193 1751
193 195
194 1968
195 235
195 1385
195 1026
195 304
195 1606
196 1033
197 1539
197 539
197 1662
197 1650
198 1392
199 1807
199 656
199 730
199 808
199 1708
201 1392
202 1843
204 235
204 258
205 1186
206 864
206 878
206 1936
209 1126
210 817
212 1702
213 623
213 230
213 388
214 220
214 264
217 539
220 400
220 1982
221 1796
222 1265
222 304
223 817
223 1377
224 1762
225 640
226 844
227 797
228 984
228 579
229 1091
230 1609
230 698
230 1540
230 1274
230 1970
230 1163
231 1497
233 1392
233 1132
234 419
234 1638
235 1581
235 817
235 407
235 1049
235 535
235 1656
235 1738
235 1858
235 1754
235 881
235 419
235 1851
235 592
235 1586
235 1258
235 489
235 1673
235 971
235 820
235 760
235 837
235 730
235 1311
235 875
235 1283
235 1937
235 1363
235 775
235 1868
235 1533
235 1105
235 1015
235 1027
235 409
235 416
235 603
235 1591
236 948
236 1663
236 808
237 1002
238 258
238 781
238 403
238 1622
239 1994
239 281
239 1333
240 1762
240 1752
242 813
242 1840
242 1769
243 1049
243 1051
243 1575
245 1405
245 1796
245 410
245 1080
246 1117
248 1933
250 1244
250 256
251 390
251 1572
252 1795
252 1611
254 1377
254 297
254 1415
256 1581
257 833
257 1554
257 1368
257 1884
258 1858
258 1532
258 734
258 1671
259 1392
259 1807
259 967
260 1366
263 1679
263 1470
264 1820
266 1754
266 1673
266 755
266 561
267 819
268 1402
269 310
269 1714
270 1582
270 1853
270 639
271 550
272 1277
272 345
274 1619
274 987
274 428
274 1054
274 558
274 1322
274 1056
275 1051
275 1666
276 1560
277 1737
277 337
277 1517
278 568
280 1022
280 1921
281 1563
281 1577
282 673
282 1659
282 921
282 1195
283 553
283 916
285 1795
285 304
285 621
286 329
287 1691
287 670
289 1863
290 984
290 1485
290 1389
290 1924
290 646
292 1581
292 1869
293 1267
293 1028
293 299
294 465
296 1173
297 303
297 896
297 536
298 940
299 1525
299 528
300 1762
301 600
301 1590
303 1245
304 900
305 767
305 1212
305 504
306 589
306 994
306 934
306 1398
306 960
307 1755
307 325
307 484
309 1162
310 542
310 1751
311 1244
312 1861
313 630
313 833
314 554
314 531
314 1397
314 545
317 1247
318 817
318 833
318 1558
318 988
320 1890
320 1285
320 771
320 1391
321 1049
321 1520
322 605
322 1955
323 1007
323 521
324 1284
324 1353
327 662
328 1153
328 500
328 1934
329 465
329 1683
330 1799
331 422
332 465
332 511
332 375
333 1026
333 640
333 985
335 864
335 1754
335 1042
335 1237
336 1215
336 1492
338 1103
339 1049
340 1057
340 940
342 1581
343 498
343 1322
344 703
350 1893
350 1415
352 1543
354 1703
355 1436
356 1369
356 1557
358 1449
360 407
360 1102
361 837
361 1907
362 1699
363 1246
364 466
364 1771
364 1374
364 1672
368 980
370 1772
371 711
371 605
372 1203
373 501
373 624
374 1586
375 909
376 768
376 1492
377 1392
378 1247
379 400
379 718
382 1089
382 1567
383 1043
384 854
384 736
385 1751
386 1339
387 1393
388 407
388 1277
388 1397
388 1425
389 994
390 1988
390 1222
390 1640
391 1247
393 921
393 750
394 1863
394 1790
395 1581
395 999
395 606
395 1399
395 1646
396 1404
397 478
397 1434
399 1709
400 1585
400 1256
400 733
402 424
403 1018
403 1974
404 1256
404 976
407 1022
407 1152
407 1012
407 1527
407 822
407 1228
407 1821
407 1685
409 903
410 1014
410 1572
411 1581
413 1581
415 817
415 811
415 1504
415 1246
416 1994
416 1185
416 1118
417 1276
418 657
418 985
419 610
421 1402
421 1668
421 1185
421 736
421 1416
422 1166
423 2000
423 452
424 738
426 1535
427 1599
427 1533
428 1581
429 1110
429 664
431 817
431 796
432 1065
433 994
435 1019
435 1150
436 830
436 1684
437 1283
437 1770
437 1128
440 453
441 933
442 1615
446 1310
447 996
448 1994
448 1503
448 1833
448 714
450 760
450 1079
451 1973
451 1537
452 732
452 1315
453 1287
453 773
454 1581
455 907
456 1651
457 881
457 1586
457 1954
460 909
460 463
462 775
462 1786
463 817
463 1751
463 1268
463 702
463 1233
463 1245
463 1493
464 687
465 1452
465 1286
466 1627
466 1008
468 804
469 746
470 1711
470 517
471 689
471 872
471 1643
472 1787
473 1889
474 968
474 893
474 1177
474 1334
475 1781
476 502
477 1581
479 1520
479 1217
480 817
482 1689
483 1595
483 1643
484 1821
485 1581
485 1049
487 1859
487 960
488 910
488 1380
489 890
490 1856
494 1597
495 1524
498 733
499 1063
500 1051
500 731
501 1513
501 968
501 1888
502 600
502 583
504 827
505 1251
506 1093
507 977
508 1811
508 1319
508 1794
510 1606
514 1705
515 1702
515 948
517 534
518 1901
519 1581
523 1926
524 1022
524 849
524 1884
526 935
526 1470
526 1137
526 1907
526 1309
528 1057
528 728
528 1468
533 1994
534 935
534 758
535 1593
535 739
535 1531
538 602
540 907
541 1967
542 598
542 1974
542 559
542 1444
542 1821
542 1667
542 1977
546 1559
546 1646
547 1607
548 635
550 1702
550 653
551 667
552 833
553 1751
553 955
554 1088
554 1905
557 1405
559 1682
560 1049
561 1994
561 1254
561 1477
563 1306
566 1438
566 778
568 975
570 1050
571 1785
571 1345
573 879
574 1581
575 973
575 859
578 864
578 1748
579 1544
579 592
582 987
582 1967
582 989
586 1261
586 1653
586 1760
586 1523
586 1462
586 1286
586 1799
586 1476
586 1591
587 1442
587 1997
587 891
588 1473
589 817
589 1453
589 736
589 1836
589 1301
589 1640
589 1074
590 1392
591 1709
593 1994
593 1278
593 1348
593 1366
595 1581
595 1677
595 1703
595 856
596 1347
596 626
596 939
597 1483
598 1752
598 1245
599 724
600 1581
600 643
601 911
601 1415
601 1549
602 631
602 900
605 1653
605 1814
608 1606
609 1691
609 1858
609 1758
609 1221
609 1910
609 624
609 1334
609 859
609 1996
610 768
610 738
610 1171
612 698
612 1230
612 892
614 1698
614 809
615 770
615 1494
616 1608
617 1127
619 1950
619 1068
621 1994
621 1812
621 892
621 898
622 1201
623 1540
623 1698
623 1856
623 1206
623 1726
623 1798
623 1495
623 634
625 1581
626 1112
626 912
626 1832
627 1392
627 1280
627 1150
627 1925
627 1905
628 1057
629 761
629 1101
630 793
630 1998
632 1581
632 825
632 959
633 1082
635 810
636 1795
636 1056
637 1299
638 1065
640 658
641 699
644 1581
644 1994
644 1754
644 875
644 1608
644 894
644 897
645 1626
645 1800
645 1888
646 1041
647 1100
649 894
650 1301
651 1893
651 1367
651 900
656 1619
656 921
657 806
658 1362
658 740
659 1609
660 1859
661 999
662 1370
663 1467
665 858
665 1497
665 1707
665 1866
666 1115
668 705
668 1227
670 1890
672 1499
672 896
673 1656
674 1503
674 1535
680 1175
680 931
680 1495
680 1745
681 1244
681 1258
681 1377
682 1689
682 1686
685 1052
686 810
687 817
687 1822
687 1164
687 1908
687 1349
687 1421
687 1070
687 1239
687 1189
688 1609
689 1278
689 1841
690 1800
690 1513
690 1020
694 1581
695 1666
697 866
698 995
698 738
698 1429
699 1688
699 1451
700 984
700 1677
700 1746
701 1389
701 902
702 1380
702 1193
707 1213
711 1859
712 817
715 1533
716 1935
717 1282
717 802
717 1659
718 1032
719 1120
721 1335
722 790
722 1771
723 1581
723 817
723 1953
724 1880
725 1012
726 843
726 1530
728 1581
728 817
730 1953
731 1373
731 1066
732 1261
732 1523
733 1367
733 1001
737 786
737 1864
738 1090
739 902
739 1256
741 1485
743 1923
744 1581
744 1252
745 1216
746 992
748 1581
748 1013
748 1192
748 1959
748 1957
748 1649
748 1684
750 1244
751 849
751 1201
752 1411
752 1851
752 760
753 1859
755 1701
756 1327
757 1619
757 924
757 1652
758 1581
758 907
761 909
761 1191
761 1289
762 1623
765 1581
765 1657
765 1320
766 901
766 1398
767 1358
767 1320
767 1594
769 1492
770 1743
770 1505
771 1581
771 865
772 1859
772 1088
772 1067
775 1088
776 1520
776 1643
777 1117
777 1806
777 880
777 1692
777 964
778 1609
779 881
780 996
782 1723
786 1449
786 1788
787 1249
787 1651
787 1325
787 1094
788 1528
789 1199
789 1309
791 1511
793 1485
793 848
793 1429
795 1222
796 1774
796 1644
797 847
798 1992
802 1533
803 1581
805 1449
806 1581
807 1245
808 1011
808 1682
809 1545
810 1356
810 1699
810 1368
810 1959
810 1834
811 1206
811 1421
814 1911
814 946
814 1372
815 1363
816 1952
817 1581
817 1022
817 1385
817 927
817 1013
817 1267
817 1627
817 907
817 1707
817 1742
817 1739
817 1815
817 944
817 1777
817 1318
817 1537
817 1733
820 1813
821 1392
821 980
821 1270
826 1291
829 849
829 1059
829 1078
831 1045
832 886
833 1405
833 968
833 1567
834 1320
834 1935
835 1369
837 1952
837 1182
838 1857
839 1405
840 1258
840 1999
841 1738
843 1691
843 1671
845 1653
846 1089
847 1581
847 1449
847 1960
847 1881
847 881
847 1961
850 1560
850 1872
853 1554
855 1449
856 1449
856 1540
857 1919
858 1866
858 1106
861 1368
863 1145
864 1581
864 1070
865 1581
865 1941
869 1745
871 1486
877 1070
877 1829
878 1800
878 1657
878 915
878 1982
881 1057
882 1952
882 1638
883 1079
883 1443
885 1959
888 1996
889 1581
889 1669
890 1367
892 1503
892 1535
893 1405
893 1710
894 1574
895 1744
897 1576
899 1240
900 1623
902 1793
905 1181
907 1034
909 1497
910 1012
910 1159
912 1544
917 1544
921 1418
923 1994
923 1953
926 1414
926 1294
927 1153
927 1893
927 1822
928 1406
929 1988
930 1119
931 1867
934 1596
935 1513
936 1624
936 1745
937 1358
940 1268
940 1712
941 1597
941 1175
941 986
942 1222
945 1045
947 1596
947 1349
948 1449
948 1247
948 1762
950 1426
952 1780
953 1051
953 1100
953 1275
955 1813
956 1191
957 1670
961 1593
963 1737
967 1985
970 1364
970 1384
972 1807
974 1525
976 1953
977 1870
979 1923
980 1449
981 1170
984 1994
984 1356
984 1127
984 1438
984 2000
984 1712
987 1221
987 1104
988 1785
988 1445
990 1428
991 1947
992 1994
993 1449
993 1259
994 1463
994 1491
994 1946
994 1737
994 1462
995 1528
997 1317
997 1549
999 1581
999 1461
999 1159
1000 1117
1000 1383
1003 1932
1005 1449
1006 1581
1006 1402
1007 1057
1007 1399
1007 1257
1007 1826
1007 1146
1007 1227
1010 1459
1011 1405
1011 1505
1013 1941
1013 1818
1015 1438
1017 1570
1018 1790
1022 1668
1022 1427
1022 1295
1023 1626
1026 1581
1026 1338
1026 1715
1026 1649
1027 1699
1028 1565
1030 1071
1031 1738
1034 1796
1035 1781
1035 1603
1035 1410
1039 1440
1043 1811
1043 1557
1044 1689
1045 1813
1046 1454
1048 1697
1049 1247
1049 1841
1049 1559
1049 1165
1049 1957
1049 1648
1049 1400
1049 1195
1049 1241
1049 1897
1051 1453
1055 1671
1056 1891
1057 1199
1057 1411
1057 1326
1057 1478
1058 1105
1060 1446
1061 1338
1063 1277
1063 1940
1066 1392
1070 1085
1071 1609
1074 1812
1074 1895
1076 1492
1077 1712
1078 1859
1078 1845
1078 1487
1081 1581
1084 1758
1085 1594
1086 1790
1088 1393
1088 1623
1093 1691
1093 1863
1093 1281
1094 1885
1095 1899
1097 1930
1099 1719
1100 1619
1102 1581
1102 1449
1102 1689
1104 1238
1104 1451
1104 1551
1105 1688
1106 1541
1108 1327
1112 1515
1113 1871
1114 1510
1117 1248
1117 1961
1120 1689
1120 1893
1122 1626
1122 1760
1122 1870
1126 1452
1126 1220
1127 1620
1127 1297
1129 1827
1130 1571
1131 1795
1136 1986
1136 1621
1136 1608
1137 1994
1137 1626
1138 1532
1143 1216
1145 1699
1146 1496
1147 1691
1149 1908
1150 1677
1150 1172
1151 1905
1153 1823
1153 1357
1157 1213
1157 1894
1159 1691
1159 1454
1160 1544
1163 1285
1164 1964
1165 1345
1166 1745
1169 1405
1170 1627
1170 1723
1175 1552
1175 1237
1180 1585
1182 1632
1184 1847
1193 1581
1193 1807
1195 1285
1195 1841
1196 1571
1196 1833
1197 1579
1199 1355
1202 1249
1205 1835
1206 1602
1207 1405
1207 1609
1207 1264
1211 1343
1211 1861
1214 1906
1217 1869
1217 1985
1217 1787
1219 1278
1221 1881
1221 1651
1224 1350
1228 1722
1234 1485
1234 1836
1238 1795
1245 1609
1247 1923
1249 1739
1252 1373
1252 1640
1254 1994
1254 1513
1255 1539
1255 1882
1256 1598
1256 1956
1258 1664
1261 1497
1262 1766
1265 1427
1266 1881
1267 1709
1267 1358
1267 1364
1268 1784
1270 1463
1272 1367
1275 1385
1278 1764
1278 1361
1283 1356
1285 1487
1287 1393
1288 1317
1291 1405
1291 1542
1295 1626
1298 1677
1299 1920
1306 1842
1311 1852
1312 1727
1313 1581
1313 1679
1314 1414
1315 1392
1317 1347
1317 1325
1317 1633
1319 1460
1320 1379
1324 1870
1325 1648
1327 1423
1327 1386
1331 1350
1340 1741
1341 1994
1344 1392
1347 1453
1350 1817
1351 1489
1355 1869
1356 1468
1356 1884
1358 1994
1358 1508
1359 1959
1361 1925
1361 1840
1362 1450
1367 1735
1367 1728
1368 1415
1368 1445
1370 1903
1371 1784
1372 1863
1373 1457
1376 1904
1377 1684
1378 1936
1379 1764
1382 1457
1383 1412
1385 1791
1392 1585
1392 1630
1392 1784
1392 1579
1392 1647
1392 1885
1392 1828
1392 1816
1393 1482
1394 1889
1401 1665
1402 1988
1402 1922
1405 1691
1405 1963
1405 1665
1405 1552
1405 1415
1405 1763
1411 1800
1411 1991
1411 1965
1411 1799
1416 1869
1417 1976
1418 1848
1424 1724
1429 1743
1435 1571
1436 1859
1437 1581
1437 1711
1438 1815
1438 1624
1439 1791
1443 1449
1448 1679
1449 1738
1449 1630
1449 1456
1449 1612
1449 1729
1450 1922
1451 1621
1452 1843
1455 1982
1458 1629
1459 1869
1462 1978
1468 1623
1468 1796
1468 1764
1469 1657
1469 1556
1474 1760
1480 1691
1482 1522
1485 1532
1485 1664
1489 1559
1489 1547
1489 1852
1492 1958
1496 1923
1497 1691
1500 1976
1505 1957
1507 1581
1507 1635
1509 1539
1510 1586
1510 1735
1511 1906
1513 1581
1514 1555
1520 1708
1520 1948
1526 1541
1528 1532
1534 1602
1536 1596
1539 1581
1539 1879
1540 1994
1543 1723
1544 1921
1545 1970
1546 1638
1546 1576
1548 1706
1551 1581
1552 1771
1553 1985
1559 1709
1562 1960
1562 1658
1562 1939
1566 1691
1571 1927
1572 1973
1575 1884
1580 1953
1581 1994
1581 1623
1581 1802
1581 1998
1581 1918
1581 1725
1581 1815
1581 1772
1581 1737
1581 1927
1581 1594
1581 1803
1581 1860
1585 1724
1594 1831
1596 1814
1597 1691
1598 1911
1598 1822
1599 1689
1619 1886
1620 1851
1620 1932
1622 1878
1623 1630
1626 1690
1626 1635
1626 1975
1626 1683
1630 1851
1630 1819
1634 1994
1638 1789
1644 1883
1651 1784
1654 1927
1656 1657
1662 1778
1664 1772
1666 1958
1669 1822
1670 1994
1674 1890
1676 1680
1677 1958
1679 1683
1680 1688
1684 1916
1691 1974
1691 1790
1693 1750
1695 1795
1698 1994
1698 1758
1702 1990
1704 1760
1706 1737
1706 1906
1710 1984
1712 1952
1712 1739
1715 1796
1728 1806
1734 1858
1742 1804
1743 1986
1745 1817
1748 1807
1751 1882
1755 1920
1758 1990
1771 1805
1781 1994
1782 1987
1785 1807
1786 1829
1793 1864
1794 1814
1794 1840
1796 1807
1797 2000
1806 1869
1807 1887
1811 1919
1813 1907
1817 1910
1845 1885
1851 1882
1857 1944
1858 1952
1862 1994
1883 1944
1928 1959
1939 1960
1939 1973
1964 1999
1972 1995
