2000 1000
294 1269
784 1560
837 1715
189 1509
180 1302
1292 1469
825 914
1359 1769
707 1224
1167 1855
951 1813
1112 1767
623 1063
933 1261
256 1535
1096 1822
1227 1348
465 1965
3 1098
565 1396
640 1161
532 1884
909 1843
644 1936
114 813
1551 1984
193 1780
1281 1980
44 1135
1158 1510
430 533
1424 1898
11 55
597 808
906 1127
218 1782
693 754
733 1217
1191 1952
234 487
1434 1957
428 1911
137 554
641 743
889 1986
1547 1806
1010 1867
378 1025
751 1625
1454 1773
111 919
86 179
803 1910
89 1017
10 724
1003 1617
190 654
497 564
268 363
57 817
483 1721
1243 1598
257 1229
582 1035
1639 1934
1156 1310
342 1044
455 1339
775 1847
427 1039
250 1882
634 1728
475 670
885 1081
1248 1798
308 929
262 1200
1283 1774
233 517
631 774
1192 1506
1019 1673
370 1416
39 490
1208 1716
1605 1690
113 457
1037 1080
396 1154
83 932
71 549
418 922
1159 1176
502 1995
1352 1500
374 1800
343 510
975 1513
805 1349
587 870
856 1004
1262 1710
716 1100
399 1582
1201 1941
1210 1681
456 1070
801 1095
687 1082
1259 1793
1597 1779
756 782
495 1900
657 1581
1821 1938
350 1820
1107 1134
1697 1741
454 727
102 684
1407 1920
423 776
203 983
1356 1438
182 1863
499 1808
797 1978
100 1016
382 1232
622 1241
143 1234
682 1530
171 1543
1462 1712
273 526
372 419
653 1750
387 520
1930 1975
1030 1709
1432 1451
1790 1824
393 1027
1807 1904
283 310
5 1803
1136 1556
235 1600
802 1967
119 476
1622 1858
1403 1918
108 1379
709 854
1087 1700
238 424
144 798
669 1959
474 780
1132 1442
1344 1621
241 1670
410 1061
1152 1280
247 1412
1275 1369
1652 1746
651 1007
702 1318
384 1408
18 942
195 1392
738 1402
31 893
899 1603
81 723
570 762
639 1536
593 773
830 1085
425 551
338 1297
790 1058
941 1456
1445 1883
263 745
522 996
834 835
959 1235
307 1309
311 1032
49 1450
1632 1718
1014 1705
306 972
890 1410
56 433
788 1133
275 1213
1316 1756
1541 1865
242 807
1796 1835
1078 1973
53 126
54 1650
1649 1825
806 1285
1689 1861
65 1659
678 1374
333 1321
40 601
630 1971
812 1355
159 1550
6 288
656 1602
726 1926
513 659
325 1591
1282 1735
117 1562
568 1745
1185 1802
1062 1693
87 636
140 1972
588 1174
317 1781
1569 1922
714 1179
1189 1799
300 1948
282 1921
169 543
1015 1274
76 599
174 667
151 940
168 1676
131 544
1490 1903
91 1792
1401 1956
328 1619
580 1849
977 1009
796 1324
734 1251
64 1564
146 861
1387 1429
459 1559
795 1783
556 616
547 1443
668 1184
460 1384
519 1708
50 326
212 397
558 629
926 1439
1260 1553
443 1578
1529 1607
744 1417
323 1671
944 1353
800 1717
864 1491
853 924
577 1834
992 1420
1056 1423
164 1763
299 648
546 1599
862 1301
765 820
504 1831
763 1704
337 1425
36 701
615 1546
916 1385
939 1777
1239 1651
70 1337
548 571
170 1195
9 204
116 666
609 1749
1268 1296
1739 1964
211 1074
1147 1433
272 434
232 361
624 1868
674 804
1801 1814
1778 1812
25 166
994 1596
315 1805
46 198
158 1333
1012 1730
1612 1618
967 1969
183 1744
633 1962
1165 1307
184 815
962 1909
290 1888
391 1117
583 1049
892 1319
356 787
603 1311
781 832
508 646
1335 1754
383 642
316 979
715 1390
1593 1631
191 966
742 1981
412 934
1488 1960
689 852
592 1566
444 1677
1099 1361
785 1314
1231 1382
1120 1304
541 1838
112 529
243 1287
276 390
986 1996
974 1604
80 982
1313 1460
394 1029
1291 1558
398 1655
334 1890
876 952
973 1797
514 1857
1204 1648
469 1953
1079 1644
68 873
1486 1653
12 1637
220 1815
327 1878
863 1345
496 1588
550 903
30 1273
225 1848
1093 1160
85 1218
1365 1628
1519 1686
208 1935
1131 1928
965 1914
293 838
185 509
1270 1467
421 1661
1026 1515
877 898
1155 1409
314 1544
400 1885
304 1759
324 1072
602 1471
150 389
811 1703
123 1329
22 249
523 1574
596 1378
253 401
515 1817
281 329
265 613
1449 1968
1542 1629
720 1691
129 213
1638 1764
1290 1575
1212 1247
1103 1340
335 1230
177 1031
451 1005
210 1455
453 1841
617 799
279 404
561 1322
1573 1881
711 1755
725 872
1138 1306
90 486
879 1293
819 1199
1453 1565
600 993
555 851
1059 1507
1508 1937
672 1674
95 201
447 918
1791 1987
816 1776
120 1435
732 1414
122 987
874 1089
72 1395
1295 1411
351 392
332 531
572 1672
153 538
1489 1514
985 1990
989 1713
1577 1874
1066 1924
1568 1905
162 385
130 1723
395 1877
1207 1563
368 737
921 1169
322 779
470 1660
748 1772
121 1125
45 1633
1188 1540
8 1086
101 1552
467 468
833 1977
537 1170
567 793
915 1647
530 655
488 1830
610 1011
878 1091
891 1537
408 638
110 1875
349 988
500 1148
19 695
435 1415
27 52
961 1363
426 1357
217 1601
379 1761
1300 1732
216 980
753 1999
1226 1517
635 1211
258 1144
1503 1664
406 1626
611 1775
516 585
1504 1916
545 1146
1294 1688
1109 1624
645 1907
1589 1614
1071 1350
1516 1737
858 1889
1372 1872
1571 1929
278 429
1418 1988
706 736
691 1879
1162 1263
920 1092
746 1168
1143 1222
628 664
1067 1492
778 1237
296 828
505 1487
730 1178
274 1465
1330 1731
1286 1554
871 1464
1236 1733
608 1499
313 1173
94 869
24 1308
109 440
1182 1869
480 761
1367 2000
187 1609
620 1985
1421 1473
309 1315
1654 1684
1076 1707
347 524
271 376
1041 1368
842 1787
245 1141
562 1751
155 857
923 1214
752 1094
246 1789
305 1448
359 1657
128 1477
1197 1862
135 717
649 1090
741 1075
133 954
868 1561
477 1020
525 1963
836 1358
831 1252
591 1679
107 1557
254 1765
106 1122
255 1083
575 1164
658 1836
362 791
1172 1819
1140 1458
1220 1338
614 1101
637 739
38 1997
1627 1725
589 937
1047 1913
160 1196
175 1724
1250 1613
165 618
1584 1876
301 1818
1186 1430
557 850
1088 1950
848 895
1046 1279
125 173
445 910
1288 1468
287 1901
907 1377
2 1899
14 360
560 604
1036 1616
845 1002
413 841
463 1992
699 1711
1342 1579
1452 1701
978 1949
859 1583
59 1023
590 1166
1171 1669
1656 1845
1145 1388
573 1253
142 1951
197 1747
73 521
552 1795
1406 1590
62 1940
1305 1785
388 542
449 1931
364 1106
34 1051
222 1687
759 1864
810 1299
229 481
1203 1788
721 943
818 894
371 821
13 219
1524 1932
432 1743
28 747
766 1341
881 1328
1444 1832
340 595
409 713
1163 1413
935 1555
442 1137
472 998
945 1447
586 1685
540 1816
42 1859
221 1663
473 1399
686 1354
336 719
1123 1642
485 1364
846 1077
224 685
984 1694
344 1114
1278 1683
244 999
1000 1391
1892 1991
1054 1646
1097 1351
23 771
612 1840
663 1635
1265 1829
1116 1221
154 971
402 1887
619 1327
214 366
289 369
99 1422
650 1961
420 1993
172 1272
417 783
705 1497
367 1102
930 1844
16 1680
291 1381
758 1332
875 1917
947 1695
1043 1254
1360 1437
1 78
960 1485
888 1856
489 826
259 1038
1157 1523
231 1205
1006 1839
269 1698
511 1915
708 1678
1757 1896
74 1895
855 1139
827 1068
1013 1496
1149 1366
461 1267
58 1142
436 688
506 1427
192 1240
767 1431
161 578
355 1752
1459 1528
528 1823
1069 1760
1216 1303
416 1124
1258 1794
626 1608
882 1534
690 955
1533 1742
770 1073
569 665
1405 1983
559 1545
1587 1740
1115 1256
844 1943
21 1610
209 1441
936 1370
1404 1615
1505 1954
692 991
264 1206
1033 1150
900 1276
437 621
139 1202
1478 1927
47 1128
32 1893
1675 1974
261 1734
346 866
700 860
186 886
115 1271
518 740
298 319
652 829
69 1640
148 1277
75 1958
318 1298
302 963
904 1022
188 1606
964 1827
1400 1482
728 1727
681 1386
1611 1665
207 1466
230 1050
386 1706
1183 1242
735 1860
1177 1320
958 1105
270 1531
141 236
1028 1048
1323 1383
252 598
321 441
285 1925
897 1549
280 1837
92 1121
199 680
494 625
452 1702
768 1493
1539 1946
41 1811
93 1620
884 1942
29 772
1784 1979
1104 1982
286 348
1804 1966
61 1151
77 839
292 764
1326 1658
1257 1586
438 1394
96 471
149 1538
196 1470
1255 1634
1113 1312
138 809
194 206
37 1809
17 946
574 1766
1228 1244
295 1457
357 1908
1897 1906
814 1119
1567 1851
431 1336
749 1246
267 968
718 1667
345 1970
579 1481
777 908
1426 1753
228 1641
415 1495
925 1480
794 1662
896 1682
1668 1762
88 1347
358 704
239 1180
883 1065
1264 1696
938 1126
181 1193
501 1939
1118 1758
373 698
163 223
927 1373
887 1736
1842 1947
703 1018
493 632
450 661
320 1854
60 503
1040 1933
105 1548
277 1175
712 1722
103 1111
446 1194
20 677
662 1474
330 1001
215 1828
981 1209
694 905
676 1912
710 1398
377 969
605 976
178 1397
539 1525
260 789
507 1325
534 1190
479 1501
403 1771
948 1580
492 1440
458 1060
1249 1419
1362 1852
990 1021
1380 1484
237 1833
1461 1576
535 1923
79 1643
1266 1346
297 1475
136 865
303 1945
157 1989
660 880
43 683
205 1886
147 731
792 1853
1375 1518
1130 1592
4 584
643 1483
63 917
849 1826
226 1042
697 1045
312 956
928 1463
1692 1719
1064 1494
722 1376
902 1572
647 1053
1289 1850
227 1699
627 995
911 1666
1057 1720
422 1636
1498 1871
478 606
202 1880
607 1520
512 1511
1008 1446
104 563
152 1595
200 1919
823 1153
240 1726
769 953
48 491
1334 1866
1052 1223
411 1873
671 1284
970 1846
760 1371
1714 1998
97 1436
167 448
98 1233
35 576
248 1187
84 679
15 1891
913 1055
26 1748
341 353
365 957
352 1024
581 1512
124 1645
462 1393
553 757
375 1245
414 1502
407 950
1181 1894
176 380
354 566
1219 1768
118 466
33 1810
156 1472
1976 1994
51 1944
1389 1532
381 696
67 82
843 1108
66 931
729 1522
145 1084
901 1476
266 1630
127 527
675 755
673 822
1585 1870
1034 1331
847 867
439 484
1238 1902
1343 1955
464 824
1129 1623
482 1110
912 1198
750 1428
1317 1521
251 1479
997 1570
498 1594
594 1729
134 405
786 1225
339 536
7 840
1215 1738
132 1527
949 1786
284 331
1526 1770
