2000 6077
1 639
1 754
1 827
1 1180
1 1254
1 1691
2 274
2 581
2 582
2 1538
2 1842
3 1246
3 1438
3 1834
3 1838
3 1896
3 1988
4 724
4 847
4 1223
4 1804
5 588
5 622
5 1607
5 1767
5 1770
6 38
6 164
6 570
6 588
6 753
6 977
6 1030
6 1242
6 1507
7 40
7 645
7 958
7 1605
7 1657
7 1843
7 1918
8 345
8 698
8 900
8 1932
9 264
9 1272
10 12
10 280
10 361
10 661
10 720
10 967
10 1048
10 1349
10 1442
10 1485
10 1571
10 1824
11 94
11 727
11 852
11 1615
11 1827
12 20
12 93
12 715
12 932
12 1010
12 1018
12 1020
12 1509
13 189
13 259
13 440
13 1009
13 1057
13 1764
13 1883
14 18
14 168
14 1475
14 1995
15 267
15 437
15 1192
15 1567
15 1961
16 328
16 460
16 509
16 958
16 1027
16 1350
16 1379
16 1391
17 141
17 502
17 1034
17 1075
17 1256
17 1740
18 541
18 858
18 940
18 1276
18 1897
19 499
19 612
19 689
19 691
19 1666
19 1936
20 34
20 40
20 273
20 306
20 361
20 811
20 1224
20 1496
21 306
21 728
21 1293
21 1349
21 1461
21 1564
21 1566
21 1616
22 1178
22 1209
22 1425
22 1441
22 1783
22 1785
22 1799
22 1829
22 1958
23 387
23 1659
23 1987
24 80
24 637
24 747
24 844
24 1016
24 1214
24 1215
24 1282
24 1824
24 1825
24 1995
25 29
25 360
25 366
25 1535
25 1688
26 123
26 155
26 419
26 1056
26 1462
26 1755
26 1925
26 1988
27 280
27 299
27 738
27 1450
28 140
28 450
28 701
28 827
28 1501
28 1571
28 1586
28 1987
29 58
29 430
29 478
29 645
29 1265
29 1706
29 1799
30 437
30 1798
31 269
31 663
31 928
31 1212
32 793
32 964
32 1278
32 1886
33 746
33 910
33 1707
34 327
34 1101
34 1835
34 1878
34 1929
35 70
35 367
35 1043
35 1974
36 145
36 479
37 375
37 475
37 820
37 861
37 1478
38 1156
38 1290
38 1312
39 141
39 142
39 143
39 780
39 913
39 1070
39 1146
39 1232
39 1577
39 1841
40 728
40 772
40 1212
40 1268
40 1818
40 1933
41 582
41 1523
41 1552
41 1637
41 1934
42 206
42 1293
42 1836
43 820
43 1108
43 1581
43 1680
44 466
44 644
44 723
44 1069
44 1253
45 157
45 959
45 1280
46 137
46 613
46 863
46 1287
46 1325
46 1650
46 1705
46 1724
46 1727
46 1740
46 1962
47 1351
47 1678
47 1963
47 1970
48 76
48 368
48 395
48 466
48 1826
49 136
49 441
49 1439
49 1532
49 1693
49 1786
50 155
50 500
50 716
50 1006
51 1131
51 1566
51 1807
51 1834
51 1904
52 392
52 479
52 1353
52 1466
52 1540
52 1795
53 205
53 372
53 377
53 636
53 643
53 1573
54 57
54 593
54 676
54 696
54 796
54 840
54 1608
55 65
55 206
55 655
55 839
55 1094
55 1619
55 1630
55 1986
56 850
56 1476
56 1958
57 74
57 347
57 381
57 911
57 1085
57 1267
57 1525
57 1609
57 1707
57 1711
58 208
58 382
58 772
58 868
58 1152
58 1399
58 1834
59 360
59 417
59 482
59 585
59 637
59 829
59 1012
59 1665
60 178
60 236
60 615
60 1320
60 1460
60 1622
60 1639
60 1879
61 698
61 1337
62 107
62 145
62 209
62 580
62 978
63 250
63 276
63 699
63 712
63 715
63 1016
63 1115
63 1125
63 1273
63 1310
63 1461
63 1615
63 1774
63 1939
64 92
64 666
64 875
64 1573
64 1655
64 1791
64 1951
65 219
65 296
65 1490
65 1825
66 457
66 1213
66 1942
67 490
67 583
67 1157
67 1431
67 1563
67 1608
68 565
68 635
68 790
68 1247
68 1399
68 1695
68 1875
69 327
69 779
69 1109
69 1217
69 1266
69 1640
69 1642
70 239
70 327
70 572
70 796
70 1173
70 1493
70 1515
70 1602
70 1642
70 1948
71 81
71 104
71 311
71 664
71 930
71 949
71 1108
71 1731
71 1788
71 1811
72 115
72 254
72 295
72 429
72 695
72 722
72 1015
72 1204
73 499
73 584
73 922
73 1255
73 1280
74 1636
75 291
75 338
75 389
75 731
75 908
75 988
75 1863
76 110
76 288
76 731
76 821
76 1967
77 257
77 276
77 412
77 791
77 856
77 1480
77 1928
78 294
78 472
78 605
78 1124
78 1262
78 1786
78 1929
79 436
79 1063
79 1096
79 1312
79 1350
80 154
80 777
80 1787
81 285
81 504
81 914
81 978
81 1183
81 1355
82 443
82 471
82 832
82 1073
82 1413
82 1775
82 1840
83 178
83 224
83 323
83 821
83 1672
83 1760
84 103
84 141
84 514
84 1488
84 1706
84 1750
84 1855
85 540
85 835
85 932
85 1491
85 1557
85 1659
85 1797
85 1980
86 152
86 379
86 470
86 501
86 900
86 901
86 1276
87 195
87 199
87 453
87 701
87 1013
87 1101
87 1235
87 1500
87 1576
88 339
88 644
88 786
88 791
88 985
88 1580
88 1735
88 1756
89 203
89 237
89 569
89 758
89 905
89 998
89 1234
89 1791
90 776
90 850
90 1221
90 1674
90 1719
91 783
91 994
91 1032
91 1054
91 1087
91 1384
91 1458
91 1489
91 1704
92 213
92 1066
92 1224
92 1764
93 231
93 259
93 594
93 603
93 1219
93 1879
94 413
94 439
94 535
94 651
94 698
94 857
94 1115
94 1154
94 1359
95 558
95 785
95 1000
96 118
96 135
96 761
96 794
96 1400
97 862
97 1109
97 1444
97 1604
97 1809
97 1959
98 111
98 172
98 673
98 1223
98 1280
98 1336
99 270
99 644
99 1428
99 1559
99 1660
99 1690
100 663
100 986
100 1094
100 1177
101 518
101 787
101 888
101 1020
101 1258
101 1285
102 892
102 991
102 1336
102 1363
103 451
103 738
103 789
103 1328
104 174
104 257
104 367
104 808
104 1122
104 1232
104 1435
104 1973
105 689
105 807
105 1234
105 1379
105 1640
105 1738
106 126
106 362
106 410
106 433
106 564
106 1124
106 1627
106 1693
107 240
107 433
107 1390
107 1577
107 1666
108 241
108 330
108 642
108 813
108 951
108 1164
109 789
109 1108
109 1213
109 1489
109 1623
109 1692
110 743
110 1051
110 1229
110 1363
110 1481
110 1704
111 280
111 703
111 1796
111 1959
112 597
112 1107
113 157
113 197
113 304
113 467
113 906
113 1111
113 1220
113 1574
113 1610
113 1752
113 1828
113 1872
113 1993
114 353
114 854
114 1235
114 1387
114 1458
114 1651
115 367
115 1672
115 1736
115 1892
115 1999
116 1146
116 1180
116 1668
117 490
117 803
117 1103
117 1468
117 1638
118 477
118 1640
119 169
119 249
119 354
119 524
119 866
119 1336
119 1568
119 1842
120 167
120 569
120 711
120 840
120 1027
120 1711
120 1721
120 1804
121 374
121 443
121 466
121 612
121 773
121 1619
121 1801
121 1846
121 1862
122 163
122 235
122 1532
122 1716
123 424
123 592
123 732
123 883
123 962
123 1502
123 1583
124 301
124 364
124 863
124 1444
124 1959
125 770
125 852
125 1494
126 322
126 711
126 812
126 857
126 898
126 1063
126 1553
126 1613
126 1786
127 289
127 376
127 809
127 847
127 976
127 1198
128 184
128 189
128 250
128 897
128 1071
128 1074
128 1234
128 1509
128 1559
128 1743
129 137
129 452
129 624
129 813
129 1175
129 1377
130 551
130 711
130 1574
130 1879
130 1916
131 352
131 693
131 697
131 1287
131 1588
131 1656
132 164
132 239
132 660
132 709
132 831
132 1049
132 1114
132 1703
133 653
134 460
134 491
134 597
134 1860
135 706
135 756
135 1459
136 514
136 820
136 955
136 1205
136 1307
136 1357
137 234
137 406
137 858
137 1936
138 483
138 743
138 1683
139 443
139 798
139 1095
139 1431
139 1643
139 1753
140 764
140 911
140 1755
140 1895
140 1930
141 555
141 857
141 923
141 1899
141 1907
142 303
142 470
142 570
142 939
142 1527
142 1866
143 399
143 463
143 1059
143 1247
143 1495
144 933
144 947
144 1201
144 1355
144 1757
145 213
145 984
145 1294
145 1436
145 1532
145 1689
145 1796
146 448
146 735
146 1260
146 1670
146 1680
146 1696
147 340
147 1003
147 1245
147 1293
147 1546
147 1639
147 1752
147 1900
147 1913
147 1930
148 582
148 954
148 1055
148 1448
148 1816
148 1852
149 1058
149 1221
149 1393
149 1471
150 386
150 782
150 990
150 1271
150 1554
150 1601
150 1807
150 1950
151 485
151 614
151 671
151 809
151 1171
151 1208
151 1399
151 1452
151 1973
152 694
152 1059
153 486
153 554
153 991
153 1163
153 1267
153 1359
153 1364
153 1495
153 1608
153 1711
153 1861
153 1980
153 1986
154 1502
154 1994
155 243
155 329
155 457
155 596
155 805
155 1527
156 309
156 756
156 1963
157 549
157 928
157 1653
157 1712
157 1745
158 230
158 406
158 762
158 829
158 848
158 1042
158 1993
159 678
159 865
159 871
159 1275
159 1298
159 1448
159 1484
159 1661
160 623
160 731
160 884
160 967
160 1194
160 1505
160 1888
161 471
161 647
161 769
161 789
161 1608
161 1823
162 396
162 874
162 965
162 1112
162 1319
162 1454
162 1593
162 1885
163 254
163 342
163 436
163 601
163 863
163 1139
163 1304
163 1750
164 252
164 272
164 300
164 395
164 535
164 647
164 783
164 856
164 1057
164 1339
164 1762
164 1987
165 249
165 626
165 1188
165 1392
165 1425
165 1911
166 778
166 1196
166 1538
166 1599
166 1655
166 1844
167 212
167 449
167 957
167 1065
167 1611
168 258
168 622
168 632
168 723
168 1268
168 1623
169 213
169 514
169 1121
169 1403
169 1418
169 1524
170 309
170 1308
170 1765
171 289
171 542
171 630
171 1050
171 1292
172 184
172 192
172 194
172 503
172 1160
172 1346
172 1411
172 1851
172 1951
173 236
173 319
173 1369
173 1656
174 766
174 843
174 1493
175 608
175 1224
175 1275
175 1380
175 1399
175 1761
176 378
176 463
176 1259
176 1265
176 1702
177 376
177 516
177 1400
177 1431
177 1439
177 1782
177 1811
178 1583
178 1635
179 379
179 794
179 1906
180 258
180 1127
180 1808
181 810
181 870
181 896
181 1515
182 200
182 266
182 341
182 419
182 554
182 673
182 720
182 1017
182 1977
183 251
183 393
183 599
183 1754
184 795
184 876
184 973
184 981
185 300
185 788
185 890
185 1468
185 1691
185 1886
186 469
186 649
186 807
186 823
186 1000
186 1069
186 1276
186 1575
187 207
187 345
187 384
187 855
187 1927
188 1696
188 1817
188 1943
189 462
189 564
189 633
189 686
189 808
189 1315
190 529
190 1118
190 1330
190 1575
191 265
191 276
191 499
191 791
191 999
191 1262
191 1542
191 1546
191 1660
191 1709
191 1716
191 1867
191 1884
191 1963
192 297
192 759
193 320
193 1146
193 1203
193 1336
193 1390
193 1670
193 1787
193 1950
194 998
194 1172
194 1417
194 1586
195 840
195 876
195 993
195 1223
195 1224
195 1626
195 1656
196 499
196 520
196 624
196 884
196 1107
196 1437
196 1940
197 1031
197 1254
197 1278
197 1494
197 1957
198 352
198 1162
198 1230
198 1457
198 1571
198 1612
198 1653
199 221
199 615
199 666
199 810
199 1190
199 1735
200 382
200 424
200 1038
200 1297
200 1372
200 1500
200 1768
200 1956
201 223
201 589
201 733
201 761
201 1007
201 1185
201 1237
201 1257
201 1267
201 1295
201 1504
201 1525
201 1726
202 258
202 753
202 1875
203 546
203 763
203 1059
203 1159
203 1257
203 1691
203 1906
204 1193
204 1195
205 727
205 872
205 875
205 1150
205 1444
205 1543
205 1645
205 1906
206 265
206 468
206 1217
206 1304
206 1397
206 1940
207 318
207 771
207 1117
207 1428
207 1900
208 411
208 503
208 1157
208 1188
208 1255
208 1762
209 299
209 615
209 979
209 1494
209 1987
210 635
210 732
210 1185
210 1584
211 406
211 579
211 879
211 952
211 1165
211 1400
211 1800
211 1942
212 267
212 1561
213 620
213 789
213 870
213 1076
213 1256
213 1655
213 1859
214 362
214 557
214 1436
214 1787
214 1873
214 1878
214 1892
215 379
215 793
215 1622
215 1861
216 222
216 291
216 681
216 821
216 1076
217 365
217 652
217 1085
218 496
218 1041
218 1085
218 1423
218 1572
219 413
219 1843
219 1940
220 265
220 573
220 764
220 1118
220 1231
220 1630
220 1748
221 742
221 826
221 913
221 942
221 1336
222 1863
223 357
223 744
223 1406
223 1554
223 1690
223 1854
223 1922
224 507
224 688
224 750
224 1489
224 1734
224 1773
225 782
225 1057
225 1433
225 1820
226 462
226 758
226 822
226 846
226 1203
226 1343
226 1505
226 1790
227 427
227 520
227 562
227 929
227 1163
227 1201
227 1430
227 1473
228 495
228 895
228 1160
228 1221
228 1712
229 241
229 414
229 818
229 915
229 1332
229 1371
230 408
230 1001
230 1429
231 289
231 549
231 1200
231 1269
232 288
232 875
232 948
232 1046
232 1100
232 1385
232 1445
232 1502
232 1782
232 1876
233 306
233 586
233 651
233 797
233 1052
233 1137
233 1311
233 1627
234 473
234 1016
234 1036
234 1311
234 1677
235 1085
235 1112
235 1434
235 1798
236 759
236 1015
237 670
237 1206
238 358
238 501
238 631
238 761
238 835
238 1048
238 1956
239 397
239 1295
239 1514
239 1610
239 1709
239 1795
240 371
240 586
240 766
240 1092
240 1133
240 1508
240 1608
240 1763
240 1770
240 1875
241 458
241 515
241 555
241 899
241 957
241 971
241 1203
241 1422
241 1805
241 1863
241 1992
242 322
242 360
242 438
242 628
242 723
242 760
242 1438
242 1886
243 1588
243 1737
244 302
244 523
244 1364
244 1592
244 1661
245 608
245 1293
245 1508
245 1514
245 1743
246 1970
247 349
247 1309
247 1862
248 508
248 677
248 865
248 1079
248 1140
248 1486
248 1706
248 1903
248 1992
249 789
249 915
249 1149
249 1208
249 1627
249 1685
250 427
250 1333
251 664
251 855
251 1077
251 1223
251 1351
251 1489
251 1677
252 1300
252 1316
252 1472
252 1614
252 1919
253 420
253 1109
253 1200
253 1419
253 1882
254 450
254 596
254 835
254 1084
254 1742
254 1934
255 318
255 403
255 592
255 1136
255 1982
256 300
256 692
256 729
256 833
256 835
256 1130
256 1450
256 1543
256 1795
257 387
257 565
257 654
257 932
257 1118
257 1422
257 1520
257 1863
258 294
258 513
258 868
258 954
258 1551
258 1786
259 398
259 891
259 1623
259 1894
259 1970
260 594
260 763
260 858
260 1960
261 528
261 1570
261 1648
261 1978
262 671
262 1034
262 1396
262 1527
262 1564
263 752
263 780
263 845
263 861
263 1099
263 1209
263 1420
264 835
264 1379
264 1469
264 1919
264 1992
265 628
265 720
265 1637
266 453
266 470
266 957
266 1309
266 1319
267 801
267 815
267 860
267 1048
267 1481
267 1715
267 1979
268 414
268 975
268 1182
268 1326
268 1360
268 1522
268 1533
268 1795
269 450
269 559
269 978
269 1045
269 1117
269 1316
269 1445
269 1663
269 1764
269 1877
269 1891
270 543
270 684
270 882
270 1273
270 1622
270 1660
270 1686
270 1838
271 1055
271 1174
271 1343
271 1955
272 277
272 331
272 346
272 582
272 1623
273 435
273 992
273 1549
273 1847
274 1188
274 1223
274 1238
275 620
275 754
275 795
275 1104
275 1287
275 1592
276 483
276 635
276 1320
276 1943
277 1082
277 1776
277 1801
277 1925
278 1322
279 368
279 542
279 702
279 897
279 1082
279 1096
279 1406
279 1556
280 1106
280 1269
280 1873
280 1880
281 1190
281 1326
281 1685
281 1891
282 1485
282 1503
282 1911
283 347
283 605
283 857
283 1564
283 1664
283 1857
284 461
284 699
284 739
284 1497
284 1680
284 1841
285 547
285 559
285 894
285 1864
285 1960
286 668
286 691
286 1129
286 1155
287 411
287 671
287 716
287 750
287 1152
287 1428
287 1827
288 390
288 655
288 1084
288 1377
288 1387
288 1505
288 1810
288 1969
289 455
289 473
289 902
289 1194
289 1782
289 1851
290 740
290 1319
290 1328
290 1388
290 1400
290 1793
291 805
291 1326
291 1451
291 1510
291 1650
292 801
292 1333
292 1490
292 1568
292 1691
293 684
293 1287
293 1533
293 1677
293 1837
294 415
294 575
294 1365
294 1415
294 1636
294 1637
295 1473
295 1729
296 1886
296 1890
297 435
297 646
297 1909
298 460
298 610
298 876
299 605
299 1110
299 1218
299 1268
299 1300
299 1330
300 772
300 867
300 877
300 936
300 958
300 1229
300 1334
300 1686
300 1968
301 394
301 764
301 1397
301 1486
301 1936
302 453
302 978
302 1283
302 1777
303 441
303 1178
303 1205
303 1242
303 1549
303 1762
304 655
304 920
304 1107
304 1355
304 1658
304 1766
304 1810
304 1823
305 1043
305 1327
305 1618
306 370
306 386
306 1598
306 1601
307 483
307 510
307 1111
307 1434
308 493
308 731
308 795
308 921
308 1070
308 1460
309 1063
309 1570
310 585
310 964
310 1312
310 1366
310 1435
310 1870
311 1202
312 1330
312 1795
313 369
313 554
313 596
313 636
313 652
313 1080
313 1487
314 328
314 374
314 444
314 705
314 811
314 982
314 1468
314 1657
314 1664
314 1725
315 426
316 435
316 653
316 991
316 1397
316 1418
316 1473
316 1560
317 812
317 849
317 1119
317 1609
318 536
318 551
318 689
318 694
319 490
319 748
319 1468
319 1531
319 1605
319 1892
319 1919
319 1999
320 626
320 745
320 913
320 938
320 994
320 1550
320 1628
320 1671
320 1919
321 849
321 853
321 856
321 880
322 365
322 549
322 633
322 711
322 1178
322 1401
322 1427
322 1437
323 498
323 1269
323 1783
323 1900
323 1908
323 1944
323 1996
324 373
325 572
325 1494
325 1592
325 1712
326 821
326 1156
326 1407
326 1582
326 1599
326 1674
327 416
327 520
327 1046
327 1144
327 1337
327 1906
327 1991
328 332
328 487
328 1091
328 1322
329 1284
330 619
330 1089
330 1742
330 1876
330 1989
331 335
331 337
331 1060
331 1227
331 1755
332 585
333 345
333 771
333 915
333 940
333 1085
333 1954
334 965
334 1366
334 1746
334 1766
334 1828
335 413
335 1532
335 1792
335 1858
336 884
336 963
336 1002
337 352
337 850
337 927
337 974
337 1011
337 1069
337 1074
337 1147
337 1209
337 1642
337 1796
338 789
338 1180
339 354
339 410
339 565
339 575
339 1457
339 1790
339 1980
340 683
340 1319
340 1324
340 1546
340 1627
340 1764
340 1767
341 886
341 895
341 1525
341 1697
342 896
342 919
342 1101
342 1129
342 1137
342 1989
343 1828
344 803
344 898
344 1286
344 1398
344 1687
344 1688
344 1694
344 1708
344 1726
344 1843
345 672
345 1009
345 1228
345 1729
346 423
346 521
346 682
346 1015
346 1083
346 1150
347 908
347 1781
347 1886
348 516
348 569
348 744
348 1011
348 1079
348 1131
348 1255
348 1332
348 1383
348 1469
348 1560
348 1754
349 412
349 579
349 1257
349 1609
349 1611
349 1873
349 1888
350 564
350 1216
350 1421
351 399
351 824
351 868
351 1178
351 1241
351 1277
351 1878
352 1463
353 696
353 1266
353 1796
353 1964
354 1392
354 1871
354 1873
355 872
356 1511
356 1902
357 368
357 589
357 910
357 1110
357 1120
357 1177
357 1196
357 1370
357 1397
357 1433
357 1953
358 485
358 1073
358 1163
358 1421
358 1969
359 582
359 588
359 1034
359 1069
359 1159
360 653
360 971
360 1371
360 1448
361 434
361 836
361 1068
361 1106
361 1842
361 1890
362 492
362 837
362 839
362 1204
362 1398
362 1425
363 494
363 563
363 798
363 1028
363 1078
363 1522
363 1609
363 1612
363 1799
363 1936
364 743
364 774
364 999
364 1455
364 1499
364 1970
365 682
365 975
365 1742
365 1820
365 1944
366 554
366 843
366 1326
366 1780
366 1888
367 377
367 384
367 523
367 1340
367 1841
368 594
368 620
368 699
368 1315
368 1733
369 574
369 623
369 803
369 831
369 1610
369 1684
369 1726
369 1750
369 1758
370 853
370 1514
371 476
371 487
371 491
371 588
371 599
371 902
372 827
372 926
372 1233
372 1527
373 566
373 1279
373 1343
373 1614
373 1885
374 1059
374 1210
374 1465
374 1635
374 1715
375 385
375 416
375 583
375 611
375 709
375 1307
375 1990
375 1992
376 517
376 614
376 754
376 844
376 1428
376 1982
377 394
377 880
377 892
377 972
377 1105
377 1374
377 1678
377 1859
377 1891
378 866
378 1117
378 1214
378 1371
378 1379
379 1705
379 1741
380 1066
380 1754
381 493
381 528
381 794
381 1008
382 695
382 777
382 1100
382 1368
382 1442
382 1544
382 1640
382 1776
383 421
383 1004
383 1354
383 1459
383 1498
383 1572
383 1714
384 499
384 602
384 722
384 877
384 1456
384 1479
384 1506
384 1598
384 1899
384 1968
385 636
385 794
385 1119
385 1260
385 1636
385 1651
385 1815
386 815
386 938
386 1573
387 515
387 1004
387 1252
387 1418
387 1698
388 509
388 577
388 1760
388 1853
389 447
389 589
389 760
389 1323
389 1728
390 418
390 593
390 621
390 761
390 1444
390 1725
390 1980
391 438
391 715
391 917
391 920
391 1010
391 1067
391 1489
392 886
392 1585
392 1834
393 666
393 1450
393 1704
394 911
394 1249
394 1825
394 1896
395 911
395 1802
396 485
396 1502
396 1924
397 831
397 1055
397 1250
397 1393
397 1842
398 402
398 752
398 943
398 1236
398 1530
399 637
399 941
399 1572
399 1595
400 528
400 685
400 753
400 2000
401 621
401 948
401 1234
401 1281
402 476
402 605
402 1875
403 915
403 1082
403 1140
403 1472
403 1772
404 523
404 755
405 462
405 531
405 639
405 794
405 1261
405 1510
405 1600
405 1954
406 425
406 835
406 898
407 458
407 574
407 839
407 1067
407 1356
407 1471
407 1502
407 1619
407 1847
408 661
408 1041
408 1058
408 1063
408 1759
409 585
409 721
409 1320
409 1691
410 482
410 731
410 938
410 1651
411 958
411 1506
411 1972
412 774
412 1372
412 1763
413 434
413 474
413 504
413 746
413 1439
413 1834
413 1853
414 803
414 1276
414 1591
414 1925
414 1938
414 1998
415 809
415 1236
415 1373
415 1737
416 523
416 1042
416 1169
416 1850
417 1049
417 1086
417 1512
417 1709
417 1992
418 1827
419 962
419 1173
420 1533
420 1615
421 922
421 940
421 972
421 1147
421 1654
421 1919
422 749
422 1259
422 1422
423 698
423 700
423 976
423 1578
423 1878
424 673
424 1482
424 1848
425 911
425 951
425 1002
425 1512
425 1731
426 623
426 680
426 696
426 895
426 1022
426 1090
426 1122
426 1183
427 1689
427 1765
427 1915
428 545
428 731
428 947
428 1342
428 1598
429 503
429 685
429 859
429 1214
430 507
430 983
430 1088
430 1396
430 1585
430 1867
431 620
431 622
431 1267
431 1478
432 493
432 1005
432 1236
432 1527
433 549
433 631
433 726
433 1030
434 437
434 595
434 672
434 784
434 838
434 1445
435 442
435 1421
435 1677
435 1697
435 1828
436 1706
436 1733
437 604
437 644
437 1010
437 1591
437 1805
438 1618
439 1283
439 1370
439 1425
440 659
440 737
440 779
440 859
440 1530
440 1825
441 492
441 1181
441 1435
441 1505
441 1597
442 854
442 1877
443 991
443 1821
444 855
444 1073
444 1234
444 1416
444 1527
444 1622
444 1785
445 681
445 1117
445 1784
445 1966
446 1121
446 1740
447 462
447 481
447 1469
447 1479
447 1698
448 732
448 944
448 1090
448 1646
448 1672
448 1771
448 1907
448 1999
449 1467
449 1652
449 1757
449 1845
450 667
450 1443
450 1565
450 1879
450 1944
451 506
451 711
451 944
451 1102
451 1451
451 1548
451 1605
452 556
452 1480
453 848
453 1206
453 1995
454 505
454 707
454 854
454 1650
454 1860
455 673
455 1028
455 1033
455 1555
456 1509
456 1899
457 463
457 930
457 1053
457 1098
457 1139
457 1241
457 1539
458 1566
458 1609
458 1722
458 1787
459 935
459 1087
459 1308
459 1613
459 1687
460 657
460 1255
460 1495
460 1566
460 1851
460 1894
461 570
461 910
461 1123
461 1442
461 1999
462 713
462 932
462 942
462 1168
462 1240
462 1594
462 1696
462 1734
462 1986
463 480
463 772
463 1451
463 1593
463 1609
464 678
464 771
464 778
464 1215
464 1682
464 1698
464 1815
464 1866
465 553
465 573
465 751
465 924
465 997
465 1617
465 1655
466 628
466 1160
466 1439
466 1526
466 1655
466 1858
467 546
467 1361
467 1488
467 1651
467 1735
468 825
468 865
468 1052
468 1145
468 1173
468 1576
469 625
469 846
469 1047
469 1426
469 1473
469 1677
470 1036
470 1255
470 1953
471 986
471 1018
471 1113
471 1436
471 1994
472 483
472 588
472 639
472 663
472 916
472 1255
472 1572
472 1718
472 1943
473 724
473 1016
473 1298
473 1461
473 1469
473 1619
474 789
474 1144
475 930
475 1592
475 1714
475 1877
475 1917
476 585
476 788
476 1342
476 1652
476 1845
477 827
477 1168
477 1562
478 515
478 882
478 1189
478 1204
478 1293
478 1919
479 511
479 852
480 821
482 624
482 1383
482 1671
483 780
483 1115
483 1217
483 1680
484 621
484 893
484 1029
484 1323
484 1604
484 1860
485 515
485 1062
485 1218
486 1579
487 1292
487 1754
488 887
488 1355
489 527
489 699
489 908
489 1249
489 1628
489 1710
489 1812
490 870
490 933
490 980
490 1118
490 1173
490 1495
490 1588
490 1723
490 1901
491 786
491 1100
492 1222
492 1976
493 824
493 1113
493 1953
494 938
495 885
495 1212
495 1390
495 1461
495 1977
495 1987
496 522
496 528
496 679
496 1452
497 526
497 603
497 936
497 1792
498 632
498 719
498 826
498 855
498 917
498 983
498 1456
498 1698
498 1849
498 1908
499 669
499 926
499 954
499 1007
499 1773
500 540
500 556
500 696
500 1087
500 1523
500 1842
500 1939
500 1979
501 555
501 573
501 1203
502 686
502 968
503 764
503 956
503 1174
503 1300
503 1382
503 1452
503 1525
503 1593
504 618
504 936
504 1105
504 1214
504 1283
504 1911
505 1048
505 1407
505 1673
505 1810
506 631
506 833
506 1534
506 1959
507 778
507 1317
507 1907
508 1108
508 1364
508 1825
509 666
509 1092
509 1205
509 1940
510 704
510 957
510 1296
510 1304
510 1412
510 1636
510 1757
511 693
511 1389
511 1735
512 972
512 1550
512 1719
513 782
513 831
513 1125
513 1699
514 859
514 1317
514 1602
514 1886
515 604
515 641
515 811
515 1093
515 1245
515 1680
515 1718
515 1825
516 816
516 1394
516 1416
516 1754
516 1885
516 1910
517 886
517 1075
517 1109
517 1272
517 1394
517 1443
517 1643
517 1779
517 1910
518 1474
518 1522
519 1636
519 1794
519 1882
519 1926
520 690
520 1005
520 1260
520 1461
521 577
521 762
521 830
521 839
521 1502
521 1539
521 1575
521 1629
521 1844
521 1893
522 1039
522 1062
522 1824
522 1951
522 1955
523 861
524 611
524 664
524 717
524 886
524 1282
524 1525
524 1905
524 1981
525 589
525 636
525 851
525 910
525 992
525 1262
525 1504
525 1509
525 1578
526 917
526 1707
526 1769
527 546
527 1509
527 1818
528 714
528 888
528 915
528 1446
528 1834
529 986
529 1166
529 1417
529 1558
530 853
530 952
531 619
531 1111
531 1836
531 1872
531 1883
532 657
532 1229
532 1233
532 1531
532 1927
533 1176
533 1180
533 1193
533 1280
534 905
534 1692
534 1910
535 1246
536 582
536 709
536 837
536 1303
536 1534
537 1031
537 1065
537 1667
537 1956
537 1998
538 923
538 960
538 1153
538 1224
538 1718
539 827
539 900
539 1084
539 1085
539 1195
539 1570
539 1826
539 1915
540 570
540 573
540 782
540 865
540 1464
540 1675
540 1769
541 789
541 1189
541 1434
541 1489
541 1852
542 653
542 1792
543 880
543 953
543 1029
543 1330
543 1551
544 1059
544 1266
546 1302
546 1310
546 1762
547 1020
547 1195
547 1216
547 1268
547 1744
547 1815
548 762
548 1586
548 1661
549 1039
549 1116
549 1196
549 1346
549 1504
549 1687
550 566
550 988
551 1372
551 1382
551 1399
551 1836
552 971
553 1645
553 1963
554 1048
554 1782
555 689
555 959
555 1062
556 790
556 1019
556 1423
557 565
557 806
557 937
557 1007
557 1177
557 1584
557 1597
558 751
558 967
558 1240
559 615
559 634
559 746
559 1070
560 571
560 748
560 989
560 1255
560 1286
560 1525
560 1568
560 1778
560 1789
561 1282
561 1757
561 1978
562 673
562 677
562 683
562 702
562 757
562 779
562 1365
562 1597
562 1755
562 1786
562 1936
563 1052
563 1894
564 568
564 781
564 848
564 973
564 1177
564 1533
564 1741
564 1744
565 813
565 1839
565 1899
566 593
566 825
566 1328
566 1331
567 911
567 1714
567 1814
568 782
568 838
568 940
568 1268
568 1674
568 1800
569 1042
569 1302
570 817
570 936
570 971
570 1132
570 1186
570 1319
571 1151
572 576
572 644
572 1277
572 1790
572 1837
573 958
573 1056
573 1410
573 1890
573 1928
574 719
574 1082
574 1215
574 1281
574 1707
575 596
575 647
575 659
575 795
575 1126
575 1305
575 1317
575 1488
575 1614
576 615
576 932
576 1017
576 1697
576 1922
577 789
577 1018
577 1114
577 1662
578 702
578 919
578 1430
578 1612
578 1923
578 1936
578 1951
579 1008
579 1257
579 1525
580 691
580 997
580 1198
580 1247
581 752
581 818
581 932
581 1106
581 1147
581 1246
581 1577
582 862
582 1200
582 1772
582 1958
583 723
583 984
583 1288
584 722
584 751
584 897
584 949
584 971
584 975
584 1679
585 661
585 892
585 982
585 1551
585 1746
585 1867
586 1748
586 1790
586 1891
586 1958
587 1097
588 659
588 868
588 1338
588 1551
588 1639
589 795
589 873
589 1222
589 1581
589 1757
589 1819
590 848
590 1069
590 1459
590 1831
591 690
591 1934
592 956
592 1173
592 1429
592 1441
592 1546
592 1628
593 605
593 972
593 1886
594 985
594 1508
594 1726
594 1784
595 738
595 918
595 1131
595 1360
595 1497
595 1539
596 1026
596 1147
597 632
597 873
597 1152
597 1597
597 1763
597 1777
598 601
598 754
598 852
598 1144
598 1539
598 1546
598 1715
599 846
599 861
599 905
599 1233
599 1902
599 1928
600 787
600 803
600 971
600 1622
601 754
601 1411
601 1992
602 649
602 669
602 1039
602 1437
603 691
603 758
603 991
603 1613
604 659
604 816
605 936
605 1253
605 1769
605 1818
605 1892
606 793
606 899
606 1035
606 1672
606 1751
606 1827
606 1899
607 1094
607 1634
608 887
608 1168
608 1414
608 1869
609 624
609 1002
609 1020
609 1030
609 1869
610 642
610 814
610 1043
610 1815
611 1069
611 1599
611 1629
611 1682
612 1069
612 1507
612 1659
613 924
613 1829
614 670
614 810
614 1347
614 1544
614 1766
615 1232
615 1337
615 1352
615 1735
616 948
616 1081
616 1166
616 1498
616 1714
617 953
617 1615
618 779
618 1089
618 1353
618 1431
618 1473
618 1483
618 1622
618 1850
618 1890
619 799
619 995
619 1936
620 852
620 1528
620 1980
621 1673
622 685
622 804
622 819
622 986
622 1369
623 724
623 761
623 886
623 997
623 1606
623 1625
623 1715
624 792
624 987
624 1112
624 1472
624 1730
624 1753
625 707
625 884
625 1406
625 1596
625 1769
625 1998
626 667
626 1110
626 1842
626 1896
627 957
627 1068
627 1620
627 1722
627 1835
627 1875
628 839
628 1199
628 1238
628 1828
629 643
629 1217
629 1547
630 693
630 1227
630 1541
630 1644
631 1727
632 775
632 883
632 1302
632 1376
632 1597
633 648
633 962
633 985
633 1496
633 1549
633 1913
634 715
634 1690
635 739
635 771
635 1264
635 1394
635 1721
636 674
636 1296
638 656
638 767
638 1859
638 1955
638 1980
639 715
639 1345
639 1842
640 937
640 1197
640 1211
640 1298
640 1446
640 1476
640 1839
640 1841
641 866
641 978
641 1111
641 1122
641 1271
642 851
642 1238
642 1251
642 1520
643 823
643 990
644 1031
644 1043
644 1118
644 1144
644 1931
645 803
645 1653
645 1697
645 1746
646 797
646 1093
646 1379
646 1494
646 1934
647 1000
647 1162
647 1608
648 892
648 1485
648 1672
648 1810
648 1992
649 844
649 849
649 1046
649 1244
649 1747
650 1176
650 1280
650 1785
651 700
651 867
651 898
651 911
651 949
651 1289
651 1961
652 950
652 1166
652 1294
652 1422
652 1837
652 1931
653 982
653 1190
654 817
654 894
654 1280
654 1439
655 740
655 900
655 1368
655 1891
656 668
656 739
656 1282
656 1286
656 1414
656 1846
656 1893
657 836
657 845
657 974
657 1027
657 1831
658 1229
658 1545
659 1297
659 1410
659 1795
659 1983
660 1287
660 1334
660 1337
660 1580
660 1628
660 1864
660 1915
660 1940
661 865
661 1671
661 1876
662 1240
662 1425
662 1972
662 1975
663 752
663 950
663 1081
663 1303
663 1321
663 1444
663 1459
663 1469
663 1473
665 700
665 724
665 784
665 995
665 1067
665 1103
665 1588
665 1674
665 1718
665 1835
666 1172
666 1328
666 1851
666 1960
666 1976
667 777
667 933
667 1524
667 1694
667 1983
668 915
668 1743
668 1820
669 802
669 1780
669 1855
669 1935
669 1942
671 1487
671 1545
671 1751
672 1169
672 1177
672 1281
672 1412
672 1437
672 1509
673 739
673 763
673 1196
673 1581
673 1763
674 1225
674 1691
674 1819
675 805
675 835
675 1122
675 1172
675 1321
675 1542
676 752
676 822
676 1233
676 1422
676 1815
676 1841
677 1129
677 1690
678 933
678 1040
678 1248
678 1650
678 1683
678 1837
679 1002
679 1764
680 738
680 1942
681 723
681 797
681 1063
681 1110
681 1118
681 1147
681 1291
681 1435
682 801
682 977
682 1899
683 1409
683 1461
683 1621
684 708
684 985
684 1069
684 1187
684 1739
685 770
685 1470
686 753
686 1044
686 1081
686 1111
686 1649
686 1956
687 932
687 967
688 754
688 760
688 993
688 1012
689 1058
689 1214
689 1369
689 1586
689 1777
689 1905
689 1922
690 1252
690 1380
691 934
691 1061
691 1755
692 721
692 1064
692 1563
692 1664
692 1789
693 1598
693 1875
694 797
694 1014
694 1356
694 1595
695 1179
695 1240
695 1269
696 817
696 1205
696 1912
697 966
698 1766
699 710
699 898
699 1229
699 1522
699 1861
699 1920
701 1459
701 1588
702 956
702 1421
702 1652
702 1874
702 1952
703 877
703 1077
703 1463
703 1518
703 1875
704 1183
704 1275
704 1570
704 1638
704 1734
704 1821
705 958
705 1856
706 1672
706 1770
706 1774
707 855
707 1804
707 1950
708 849
708 1634
709 1832
710 830
710 1254
711 1059
711 1092
711 1277
711 1580
712 909
712 1269
712 1350
712 1442
712 1505
712 1925
713 989
713 1231
713 1383
713 1737
713 1784
713 1885
714 939
714 1577
714 1612
714 1716
715 836
715 1029
715 1179
715 1292
715 1446
715 1626
715 1808
715 1926
715 1970
716 725
716 1535
716 1756
716 1779
717 1314
717 1369
717 1768
718 1926
718 1944
719 721
719 728
719 781
719 1046
719 1192
719 1438
719 1853
720 726
720 1111
721 1547
721 1632
721 1658
721 1735
721 1811
722 1140
723 1155
724 741
724 1062
724 1469
724 1561
724 1617
724 1701
724 1833
725 766
725 812
725 894
725 1110
725 1592
726 1059
726 1341
727 893
727 908
727 1071
727 1646
728 1116
728 1552
728 1596
729 1526
730 1617
730 1966
731 1045
731 1178
731 1247
731 1716
731 1980
732 887
732 1489
732 1782
733 771
733 783
733 1046
733 1419
733 1757
734 1112
735 1204
735 1380
735 1540
735 1692
735 1991
736 885
737 781
737 1163
737 1188
737 1238
737 1244
737 1260
737 1343
737 1779
738 909
738 1029
738 1197
739 1244
740 799
740 1124
740 1510
740 1903
740 1967
741 1395
742 1074
742 1690
742 1801
742 1815
742 1833
743 1386
743 1453
743 1524
743 1798
744 1065
745 1005
745 1049
745 1545
746 952
746 1099
746 1130
746 1542
746 1626
746 1643
746 1825
747 896
747 1776
748 838
748 1369
749 1394
749 1710
749 1981
750 1778
750 1830
751 897
751 1024
751 1192
751 1751
752 1015
752 1182
752 1434
752 1966
753 842
753 931
753 969
753 1142
753 1650
754 1103
754 1471
754 1714
754 1925
754 1945
755 848
755 1180
755 1327
755 1433
755 1534
756 1077
756 1144
756 1383
756 1678
757 1062
757 1991
758 1163
758 1202
758 1282
758 1382
758 1405
758 1469
758 1578
758 1662
758 1859
759 1464
759 1548
759 1671
759 1726
759 1886
760 1105
760 1312
760 1442
760 1577
761 1020
761 1104
761 1377
761 1670
761 1910
762 1160
762 1298
763 1490
763 1503
763 1784
764 1325
764 1745
764 1967
765 1535
765 1759
765 1858
765 1962
766 845
766 912
766 1392
766 1879
766 1937
766 1957
767 1291
767 1296
767 1648
767 1735
767 1820
767 1887
768 1047
768 1311
768 1843
768 1854
768 1994
769 771
769 812
769 1400
771 935
771 1701
771 1903
772 1348
773 1313
773 1735
774 969
774 1790
774 1815
774 1900
775 1234
775 1338
775 1855
776 1751
777 1374
777 1469
777 1956
778 1259
778 1721
778 1988
779 1866
780 809
780 1310
780 1326
780 1637
781 882
781 1058
781 1324
782 993
782 1382
782 1542
783 1230
783 1590
783 1901
784 1168
784 1891
785 890
785 1113
785 1849
787 877
787 929
787 1385
787 1880
787 1906
788 1111
788 1644
788 1694
788 1829
789 937
789 1336
789 1936
790 1041
790 1073
790 1706
791 1654
791 1779
791 1941
792 1509
792 1784
793 997
793 1083
793 1290
793 1978
793 1991
794 918
794 1975
795 1723
795 1821
795 1903
796 1206
796 1270
796 1331
796 1819
797 1543
797 1558
797 1791
797 1877
797 1980
798 1360
798 1578
798 1798
799 1077
799 1080
800 853
800 1072
800 1273
800 1685
801 855
801 1116
801 1149
801 1264
801 1632
801 1684
801 1896
802 865
802 1035
802 1277
802 1338
802 1555
802 1713
803 804
803 820
803 911
803 1143
804 1074
804 1189
804 1519
804 1603
805 980
805 1256
806 1324
806 1341
806 1757
807 890
808 1599
808 1638
808 1902
809 835
809 961
809 1219
809 1565
810 960
810 1961
811 817
811 923
811 1082
811 1088
811 1267
811 1479
812 1018
812 1715
813 892
813 1020
813 1223
813 1540
814 1203
814 1404
815 857
815 1489
815 1936
815 1981
816 1466
816 1782
816 1936
817 981
817 1284
817 1342
817 1750
818 1628
818 1799
818 1863
819 964
819 995
819 1360
819 1409
819 1843
820 1107
821 980
821 1647
821 1727
822 893
822 1004
823 885
823 1164
823 1429
823 1596
824 883
824 1231
824 1281
824 1786
825 1076
825 1439
825 1579
825 1782
826 885
826 1492
826 1584
826 1952
827 838
827 944
827 1067
827 1969
828 1011
828 1509
828 1690
828 1744
829 1220
829 1968
830 1199
830 1339
830 1394
831 855
831 908
831 1086
831 1184
831 1219
831 1285
831 1403
831 1445
831 1462
831 1894
831 1909
832 865
832 1833
833 988
833 1124
833 1771
834 848
834 1290
835 881
835 986
835 1145
835 1499
835 1573
836 1324
836 1525
837 980
837 1162
837 1453
837 1554
837 1593
838 910
838 1099
838 1522
838 1571
838 1671
838 1884
839 1392
839 1824
840 856
840 908
840 1004
840 1312
841 1321
841 1598
841 1670
841 1715
841 1939
843 1004
843 1136
843 1435
843 1475
843 1659
844 1194
844 1219
844 1327
845 926
845 927
846 1900
847 971
847 991
847 1472
847 1983
848 1015
848 1043
848 1068
848 1195
848 1717
848 1801
849 920
849 1048
849 1160
849 1358
850 883
850 1718
851 923
851 1258
851 1437
851 1954
852 977
852 1094
852 1166
852 1293
852 1466
853 918
853 1446
853 1592
853 1986
854 972
854 1141
854 1956
855 1131
855 1182
855 1726
855 1898
856 900
856 1305
857 1137
858 1206
859 951
859 988
859 1268
859 1513
859 1586
859 1893
860 968
861 1405
861 1694
861 1708
861 1763
861 1841
861 1904
862 996
862 1694
862 1739
863 1485
863 1848
863 1960
864 1602
864 1722
864 1777
865 1038
865 1165
865 1858
865 1930
866 1023
866 1605
866 1720
867 1104
867 1762
869 879
869 1461
869 1982
870 1108
870 1812
870 1847
871 1093
871 1306
871 1775
872 1333
872 1341
872 1411
872 1651
872 1688
872 1833
872 1897
873 914
873 1225
873 1528
873 1668
874 975
875 1212
875 1345
876 1167
876 1368
876 1885
877 925
877 1103
877 1181
877 1515
877 1874
878 1009
878 1123
878 1359
878 1508
879 1641
879 1994
880 962
880 995
880 1269
880 1699
880 1958
881 907
881 957
881 1165
881 1272
881 1751
882 1274
882 1924
883 1054
884 928
884 952
884 1355
884 1708
884 1777
885 1604
885 1628
886 1162
886 1555
886 1566
886 1658
886 1870
886 1977
888 1125
888 1527
888 1794
888 1925
889 1011
889 1129
889 1352
889 1474
890 1278
890 1292
890 1402
890 1467
890 1651
890 1962
891 976
891 1082
892 925
892 1003
892 1248
892 1398
892 1421
893 1077
893 1122
893 1167
893 1221
893 1279
893 1518
894 1199
894 1756
894 1950
895 1843
896 1664
897 1050
897 1757
898 1055
898 1106
898 1146
898 1333
898 1727
898 1843
899 1022
899 1173
899 1320
899 1628
900 1125
900 1701
901 1038
901 1107
901 1118
901 1123
901 1246
901 1404
901 1512
901 1648
902 1276
902 1625
903 911
903 1276
904 968
904 999
904 1050
904 1637
904 1767
905 1371
905 1911
906 972
906 1022
906 1383
906 1462
906 1843
906 1952
907 956
907 1054
907 1265
907 1308
907 1668
908 1043
908 1080
908 1514
908 1631
909 911
909 1021
909 1078
909 1785
909 1837
909 1969
910 1642
911 919
911 946
911 1543
911 1625
911 1965
912 1043
912 1623
914 1651
914 1989
915 1016
915 1079
915 1183
915 1215
915 1611
916 1146
916 1171
916 1311
916 1441
916 1526
916 1886
916 1953
917 1485
917 1591
918 981
918 1520
919 1039
919 1288
920 1090
920 1181
920 1205
921 1600
921 1620
921 1736
921 1751
921 1888
922 1002
922 1133
922 1148
922 1511
922 1538
923 1622
924 1091
925 1088
925 1662
925 1836
925 1901
925 1990
926 1097
926 1366
927 1108
927 1360
929 1066
929 1274
929 1541
929 1690
930 1135
930 1342
930 1658
930 1822
930 1904
930 1954
930 1991
931 998
931 1147
931 1458
932 943
932 1162
932 1383
932 1820
934 996
934 1040
934 1062
934 1178
934 1691
934 1775
934 1798
934 1890
936 1706
936 1742
936 1743
937 1255
937 1456
938 1032
938 1132
938 1327
939 979
939 1387
940 1204
940 1464
940 1617
941 1291
941 1681
941 1936
942 1689
942 1863
943 1019
943 1689
943 1919
944 1301
944 1610
944 1663
945 1118
945 1374
945 1549
945 1615
945 1849
946 1293
946 1902
947 1229
947 1528
947 1924
947 1959
948 1207
948 1232
948 1349
948 1429
948 1580
948 1874
949 1113
949 1605
950 1000
950 1380
950 1948
951 1570
951 1659
951 1715
951 1914
952 1144
952 1609
952 1874
952 1971
953 1068
953 1117
953 1908
953 1938
953 1993
954 1539
954 1635
954 1768
954 1991
955 1020
955 1157
955 1251
955 1370
955 1629
956 1290
956 1924
957 1804
958 984
958 1389
958 1526
959 1011
959 1551
959 1650
959 1777
960 1480
961 985
961 1446
962 984
962 1480
962 1792
962 1872
963 1069
963 1404
963 1480
963 1764
964 1095
965 1419
965 1443
965 1478
965 1584
966 1526
966 1679
966 1941
966 1974
966 1996
967 1026
967 1218
967 1562
967 1770
968 983
968 1300
968 1740
968 1982
969 1027
969 1187
969 1244
969 1952
970 1058
970 1107
971 1021
971 1069
971 1763
971 1775
971 1869
972 1973
973 1131
973 1168
973 1646
974 1036
974 1645
974 1782
975 1295
975 1886
976 1012
976 1106
977 1131
977 1423
977 1447
977 1710
978 1300
978 1886
979 1837
980 1330
980 1844
980 1979
981 1578
981 1614
981 1618
981 1924
983 1078
983 1132
983 1385
983 1540
984 1196
984 1248
984 1396
984 1554
984 1955
985 1084
985 1508
985 1635
986 1407
987 1100
987 1674
988 1026
988 1105
988 1130
988 1307
988 1746
988 1866
989 1049
989 1480
989 1499
989 1736
989 1798
990 1171
990 1246
991 1155
991 1787
991 1962
991 1988
992 1793
993 1736
993 1831
993 1941
994 1733
996 1210
996 1257
996 1388
997 1994
998 1091
999 1302
999 1358
1000 1014
1000 1083
1000 1288
1000 1938
1001 1057
1001 1591
1002 1430
1002 1881
1002 1942
1003 1050
1003 1409
1003 1818
1004 1244
1004 1826
1004 1904
1004 1962
1004 2000
1005 1269
1006 1766
1006 1772
1006 1910
1007 1266
1007 1754
1008 1533
1008 1707
1009 1200
1009 1293
1009 1311
1009 1652
1009 1690
1010 1150
1011 1098
1011 1790
1011 1832
1012 1774
1013 1479
1013 1984
1014 1932
1015 1377
1016 1706
1016 1902
1017 1340
1017 1631
1017 1648
1018 1481
1019 1077
1019 1107
1019 1932
1021 1057
1021 1134
1021 1204
1021 1392
1021 1436
1021 1573
1021 1618
1022 1158
1022 1616
1022 1756
1022 1791
1023 1362
1023 1409
1023 1512
1024 1095
1024 1353
1024 1537
1024 1813
1025 1770
1025 1843
1026 1171
1026 1564
1027 1127
1027 1554
1027 1935
1028 1722
1028 1873
1028 1901
1029 1415
1029 1417
1029 1715
1030 1035
1030 1439
1030 1748
1031 1362
1031 1416
1031 1652
1034 1171
1034 1192
1034 1269
1035 1715
1035 1753
1037 1592
1037 1837
1038 1305
1038 1316
1038 1734
1039 1418
1039 1685
1039 1784
1040 1282
1040 1704
1041 1157
1041 1560
1042 1574
1044 1147
1044 1611
1045 1168
1045 1270
1045 1402
1045 1626
1046 1108
1047 1163
1047 1209
1047 1613
1047 1735
1048 1485
1049 1318
1050 1366
1050 1421
1051 1338
1051 1765
1051 1799
1052 1057
1052 1873
1053 1135
1053 1173
1053 1313
1053 1608
1053 1756
1053 1769
1053 1835
1054 1216
1055 1571
1056 1315
1056 1907
1057 1109
1057 1397
1057 1580
1058 1076
1058 1411
1058 1962
1059 1345
1059 1645
1060 1268
1060 1431
1060 1592
1061 1385
1061 1610
1061 1644
1061 1731
1061 1947
1061 1957
1062 1607
1063 1104
1063 1178
1063 1787
1064 1246
1064 1348
1065 1297
1065 1671
1065 1855
1067 1097
1067 1238
1067 1808
1068 1470
1068 1611
1069 1384
1069 1485
1069 1725
1070 1741
1070 1868
1070 1933
1071 1308
1071 1339
1071 1721
1071 1918
1072 1517
1072 1533
1073 1198
1074 1232
1075 1568
1075 1724
1076 1332
1077 1225
1077 1422
1077 1456
1078 1251
1078 1371
1079 1243
1079 1250
1079 1965
1080 1084
1080 1271
1080 1367
1080 1622
1080 1648
1080 1755
1080 1778
1081 1228
1082 1253
1082 1383
1082 1892
1082 1930
1083 1091
1083 1193
1083 1509
1083 1693
1084 1480
1084 1572
1085 1333
1085 1814
1085 1863
1087 1705
1087 1851
1087 1910
1088 1522
1088 1625
1088 1692
1088 1858
1089 1234
1089 1335
1089 1382
1089 1568
1089 1887
1090 1257
1090 1901
1090 1912
1092 1403
1092 1611
1092 1732
1092 1957
1093 1315
1093 1325
1093 1731
1093 1813
1094 1470
1095 1190
1096 1448
1096 1689
1096 1800
1096 1849
1097 1139
1097 1192
1097 1295
1097 1573
1097 1632
1097 1662
1098 1823
1099 1792
1100 1252
1101 1178
1101 1246
1102 1165
1102 1215
1102 1423
1102 1462
1102 1638
1102 1674
1102 1820
1103 1242
1103 1245
1103 1354
1103 1561
1103 1606
1104 1147
1104 1262
1104 1910
1105 1202
1105 1298
1106 1401
1106 1601
1106 1785
1106 1805
1106 1886
1107 1508
1107 1789
1108 1333
1108 1374
1108 1377
1108 1839
1109 1212
1109 1305
1109 1681
1109 1838
1110 1290
1110 1400
1111 1208
1111 1308
1111 1780
1112 1131
1112 1812
1112 1958
1113 1149
1113 1676
1113 1929
1114 1187
1114 1236
1114 1490
1114 1650
1115 1179
1115 1465
1115 1885
1116 1172
1116 1588
1116 1969
1117 1245
1117 1890
1118 1257
1118 1267
1118 1329
1118 1770
1118 1812
1119 1662
1119 1886
1120 1694
1120 1952
1121 1221
1121 1650
1121 1858
1121 1868
1122 1146
1122 1854
1122 1943
1123 1149
1123 1381
1123 1443
1123 1688
1123 1820
1124 1718
1124 1836
1126 1487
1126 1515
1126 1580
1126 1598
1126 1739
1127 1331
1127 1390
1127 1823
1128 1239
1128 1413
1128 1622
1129 1300
1129 1449
1130 1495
1130 1526
1131 1148
1131 1239
1131 1319
1131 1564
1131 1999
1132 1177
1132 1361
1133 1184
1133 1302
1133 1405
1133 1564
1134 1295
1134 1376
1134 1453
1134 1729
1135 1469
1135 1496
1135 1922
1136 1468
1136 1609
1136 1706
1137 1268
1137 1332
1138 1338
1139 1341
1139 1853
1139 1976
1140 1393
1140 1486
1140 1634
1141 1232
1141 1371
1141 1620
1142 1498
1142 1744
1143 1367
1143 1787
1143 1824
1143 1832
1144 1651
1145 1751
1146 1402
1146 1496
1146 1530
1146 1531
1146 1807
1147 1700
1147 1842
1147 1919
1148 1481
1148 1604
1150 1287
1150 1956
1151 1489
1151 1541
1151 1616
1151 1781
1152 1462
1153 1208
1153 1443
1153 1958
1154 1227
1154 1634
1154 1753
1154 1817
1154 1924
1154 1936
1155 1228
1155 1451
1156 1618
1156 1644
1156 1804
1157 1459
1157 1846
1157 1943
1158 1439
1158 1973
1160 1415
1161 1572
1161 1803
1161 1891
1161 2000
1162 1184
1162 1470
1162 1733
1162 1754
1163 1361
1164 1170
1164 1304
1164 1450
1164 1679
1164 1748
1164 1858
1164 1903
1164 1951
1165 1223
1165 1260
1165 1532
1165 1773
1165 1939
1166 1884
1167 1684
1168 1700
1168 1721
1169 1203
1169 1352
1169 1382
1169 1411
1169 1608
1170 1175
1170 1309
1170 1314
1170 1518
1171 1518
1172 1275
1172 1460
1172 1464
1172 1496
1172 1654
1172 1758
1172 1983
1173 1317
1173 1412
1173 1510
1173 1522
1173 1776
1175 1511
1175 1515
1175 1971
1176 1227
1176 1835
1177 1262
1177 1654
1177 1844
1177 1878
1177 1974
1177 1989
1178 1287
1178 1476
1179 1337
1179 1830
1179 1896
1179 1975
1180 1294
1180 1547
1181 1186
1181 1226
1181 1575
1181 1988
1182 1187
1182 1600
1182 1859
1183 1365
1183 1541
1184 1503
1184 1710
1184 1758
1184 1979
1185 1265
1185 1831
1187 1449
1187 1488
1187 1636
1188 1320
1189 1335
1190 1959
1191 1209
1191 1821
1192 1280
1192 1300
1193 1746
1193 1798
1194 1460
1194 1541
1194 1855
1195 1502
1195 1827
1197 1799
1197 1946
1198 1265
1198 1302
1198 1968
1198 1975
1199 1300
1199 1369
1199 1636
1199 1641
1199 1660
1199 1868
1200 1649
1200 1745
1200 1749
1200 1864
1201 1755
1201 1842
1201 1916
1201 1968
1201 1976
1202 1262
1202 1565
1203 1489
1204 1335
1204 1509
1204 1895
1205 1216
1205 1683
1205 1757
1205 1990
1206 1271
1206 1768
1207 1450
1207 1813
1208 1648
1209 1520
1209 1790
1209 1990
1210 1232
1210 1589
1210 1834
1211 1280
1211 1528
1211 1831
1211 1904
1212 1240
1212 1383
1212 1798
1212 1848
1212 1868
1212 1876
1213 1655
1213 1674
1213 1962
1213 1991
1214 1409
1214 1720
1214 1849
1215 1265
1215 1404
1215 1626
1215 1890
1216 1878
1219 1632
1219 1702
1219 1861
1220 1528
1220 1819
1221 1739
1222 1270
1222 1468
1222 1618
1222 1669
1223 1348
1223 1659
1223 1882
1223 1985
1224 1466
1224 1471
1224 1488
1224 1501
1224 1756
1226 1293
1226 1370
1226 1513
1226 1894
1226 1919
1227 1704
1228 1281
1228 1463
1228 1508
1228 1658
1228 1706
1228 1810
1228 1970
1229 1496
1229 1513
1229 1594
1229 1596
1229 1794
1229 1891
1230 1234
1230 1398
1230 1620
1230 1628
1232 1233
1232 1277
1233 1322
1233 1475
1233 1738
1233 1794
1234 1298
1234 1734
1235 1680
1236 1477
1236 1519
1236 1567
1236 1655
1236 1849
1237 1989
1238 1790
1238 1919
1239 1522
1240 1437
1240 1508
1240 1728
1241 1311
1241 1365
1241 1989
1242 1544
1242 1572
1243 1674
1243 1988
1244 1490
1244 1572
1244 1621
1245 1275
1246 1437
1246 1542
1246 1601
1246 1762
1246 1874
1247 1285
1247 1452
1247 1765
1247 1773
1247 1798
1248 1400
1249 1274
1250 1362
1250 1808
1250 1868
1251 1263
1251 1988
1251 1992
1252 1434
1252 1470
1252 1647
1252 1705
1253 1263
1253 1401
1254 1286
1254 1458
1254 1593
1255 1314
1255 1560
1255 1825
1256 1411
1256 1870
1256 1998
1258 1453
1258 1471
1258 1595
1258 1816
1259 1290
1259 1469
1259 1570
1259 1613
1259 1845
1260 1465
1260 1525
1260 1683
1261 1369
1261 1651
1261 1711
1262 1307
1262 1313
1262 1437
1262 1742
1263 1395
1263 1644
1263 1691
1264 1879
1265 1296
1265 1482
1265 1668
1265 1905
1266 1320
1266 1399
1266 1598
1266 1670
1266 1683
1266 1937
1267 1488
1267 1533
1267 1848
1267 1958
1268 1342
1268 1355
1268 1817
1268 1885
1271 1706
1272 1281
1272 1301
1273 1381
1273 1641
1273 1662
1273 1803
1274 1353
1275 1353
1275 1932
1275 1988
1277 1697
1278 1520
1278 1724
1278 1855
1279 1899
1279 1982
1281 1443
1281 1712
1281 1864
1282 1534
1282 1593
1283 1767
1284 1622
1284 1729
1285 1444
1285 1487
1285 1514
1286 1824
1287 1538
1287 1980
1288 1385
1288 1467
1288 1474
1288 1579
1288 1581
1288 1895
1288 1977
1290 1732
1291 1968
1293 1296
1293 1322
1293 1391
1293 1469
1293 1476
1294 1643
1294 1791
1296 1498
1296 1538
1296 1887
1296 1971
1297 1491
1297 1948
1298 1627
1298 1840
1300 1508
1300 1875
1301 1555
1301 1616
1303 1956
1304 1609
1304 1930
1305 1624
1306 1373
1306 1745
1306 1958
1307 1355
1307 1433
1307 1560
1307 1840
1307 1959
1308 1792
1308 1916
1310 1413
1310 1549
1311 1745
1312 1746
1312 1850
1313 1467
1313 1682
1313 1790
1314 1665
1314 1751
1314 1975
1315 1530
1315 1672
1315 1862
1315 1990
1316 1866
1318 1809
1318 1881
1318 1982
1319 1369
1319 1531
1319 1876
1321 1622
1321 1817
1322 1454
1322 1807
1324 1549
1324 1836
1325 1729
1326 1533
1326 1649
1326 1902
1327 1617
1327 1769
1327 1851
1329 1397
1329 1770
1331 1876
1332 1339
1332 2000
1334 1392
1335 1538
1335 1575
1338 1481
1338 1996
1339 1356
1339 1669
1339 1711
1339 1798
1339 1955
1340 1537
1341 1413
1342 1860
1342 1887
1343 1923
1345 1421
1347 1908
1347 1937
1348 1534
1348 1537
1348 1848
1349 1565
1350 1355
1350 1623
1350 1965
1351 1634
1351 1895
1352 1533
1352 1771
1354 1471
1354 1787
1354 1882
1354 1935
1356 1470
1356 1851
1356 1958
1357 1558
1358 1415
1358 1452
1358 1472
1359 1608
1359 1989
1360 1644
1362 1444
1362 1578
1362 1787
1362 1981
1363 1624
1363 1744
1364 1599
1364 1798
1364 1959
1365 1483
1365 1517
1366 1585
1368 1475
1368 1755
1369 1386
1369 1718
1369 1810
1370 1401
1370 1427
1371 1384
1371 1766
1371 1851
1371 1987
1372 1944
1374 1484
1374 1785
1375 1914
1376 1465
1376 1471
1376 1677
1376 1799
1377 1484
1377 1823
1378 1647
1378 1652
1381 1742
1381 1883
1382 1423
1382 1613
1383 1796
1383 1916
1383 1928
1384 1716
1386 1424
1386 1536
1387 1512
1387 1781
1389 1637
1389 1985
1390 1532
1390 1696
1391 1677
1392 1585
1392 1613
1392 1857
1392 1944
1392 1953
1392 1956
1393 1454
1393 1933
1395 1904
1396 1868
1397 1545
1397 1801
1397 1817
1398 1488
1398 1526
1398 1702
1398 1953
1399 1727
1399 1768
1399 1999
1401 1408
1402 1592
1402 1804
1402 1970
1403 1634
1403 1936
1404 1508
1404 1903
1405 1447
1406 1481
1406 1636
1407 1426
1407 1479
1407 1937
1408 1634
1408 1773
1409 1515
1410 1525
1410 1621
1411 1649
1412 1664
1412 1849
1412 1888
1412 1940
1413 1452
1413 1463
1413 1510
1413 1668
1413 1718
1414 1617
1414 1820
1415 1587
1415 1799
1417 1679
1419 1641
1419 1824
1420 1429
1420 1984
1421 1699
1422 1943
1423 1844
1424 1472
1424 1498
1424 1547
1425 1487
1425 1842
1426 1469
1427 1601
1427 1679
1427 1766
1427 1847
1428 1765
1429 1979
1430 1504
1430 1783
1431 1592
1432 1680
1434 1459
1434 1991
1435 1587
1435 1801
1436 1714
1437 1513
1437 1654
1438 1809
1438 1958
1439 1496
1439 1843
1440 1515
1441 1573
1442 1686
1442 1798
1443 1782
1444 1883
1445 1487
1445 1700
1446 1508
1447 1882
1448 1456
1448 1601
1449 1760
1449 1995
1450 1775
1451 1907
1451 1965
1454 1456
1457 1927
1457 1934
1458 1642
1459 1530
1459 1542
1460 1778
1462 1595
1462 1893
1466 1634
1466 1975
1467 1750
1467 1907
1467 1932
1468 1486
1468 1547
1469 1746
1470 1633
1470 1894
1471 1539
1471 1602
1472 1711
1472 1865
1472 1981
1473 1920
1475 1865
1475 1867
1476 1554
1477 1782
1479 1581
1479 1626
1482 1935
1483 1536
1483 1749
1486 1837
1487 1605
1487 1761
1487 1829
1488 1754
1488 1805
1488 1832
1488 1927
1488 1997
1489 1896
1489 1911
1489 1912
1490 1840
1491 1655
1491 1819
1491 1861
1491 1947
1493 1518
1493 1977
1494 1768
1495 1880
1497 1578
1497 1787
1498 1603
1498 1613
1499 1528
1499 1987
1501 1651
1502 1779
1503 1525
1503 1742
1503 1937
1504 1692
1504 1735
1504 1736
1505 1610
1505 1831
1505 1955
1506 1916
1509 1770
1509 1916
1510 1624
1511 1946
1512 1568
1512 1636
1512 1738
1512 1935
1513 1641
1514 1575
1515 1532
1515 1716
1517 1574
1517 1638
1517 1668
1518 1526
1518 1594
1518 1656
1518 1702
1518 1854
1519 1687
1519 1898
1519 1914
1520 1544
1520 1558
1521 1727
1521 1848
1521 1891
1521 1912
1522 1644
1522 1978
1523 1647
1523 1795
1523 1900
1524 1720
1524 1841
1525 1590
1525 1642
1525 1791
1526 1582
1526 1878
1527 1920
1528 1593
1528 1769
1528 1872
1528 1956
1530 1625
1530 1907
1531 1561
1531 1885
1532 1793
1533 1845
1534 1579
1535 1855
1538 1689
1538 1863
1538 1959
1539 1602
1539 1789
1540 1579
1540 1748
1540 1867
1541 1594
1541 1685
1541 1780
1541 1846
1541 1855
1542 1703
1542 1716
1543 1593
1543 1671
1543 1920
1545 1747
1545 1930
1546 1603
1546 1765
1550 1712
1550 1809
1552 1635
1552 1795
1552 1981
1553 1750
1553 1751
1554 1754
1555 1648
1555 1852
1557 1696
1559 1566
1559 1969
1560 1595
1560 1873
1561 1654
1562 1679
1562 1828
1562 1985
1563 1630
1563 1663
1564 1844
1564 1922
1566 1920
1566 1955
1568 1701
1568 1843
1570 1926
1572 1803
1572 1825
1573 1736
1573 1866
1573 1906
1574 1773
1574 1803
1574 1902
1576 1878
1577 1950
1579 1745
1579 1778
1580 1611
1580 1886
1581 1770
1581 1850
1583 1591
1583 1909
1584 1768
1584 1775
1584 1830
1584 1841
1584 1928
1587 1761
1587 1819
1589 1808
1589 1960
1590 1606
1590 1835
1591 1638
1591 1896
1591 1968
1592 1867
1593 1699
1593 1844
1593 1894
1595 1679
1595 1919
1596 1795
1597 1801
1597 1848
1597 1896
1598 1615
1599 1644
1599 1773
1600 1652
1601 1804
1602 1647
1603 1774
1603 1997
1606 1679
1606 1707
1606 1765
1607 1882
1607 1891
1609 1734
1610 1749
1610 1897
1610 1942
1611 1934
1612 1632
1612 1649
1612 1881
1612 1898
1614 1934
1614 1995
1615 1619
1615 1726
1616 1680
1616 1937
1617 1803
1618 1627
1618 1956
1619 1837
1619 1878
1620 1907
1621 1799
1624 1639
1624 1756
1624 1804
1624 1828
1624 1912
1625 1894
1626 1922
1627 1707
1629 1687
1630 1948
1632 1681
1632 1977
1633 1751
1634 1641
1635 1726
1635 1733
1637 1960
1639 1962
1640 1666
1640 1746
1641 1686
1641 1699
1641 1933
1642 1671
1642 1677
1642 1686
1642 1851
1642 1895
1643 1730
1644 1902
1644 1973
1645 1785
1647 1734
1647 1808
1648 1732
1648 1805
1648 1977
1650 1782
1651 1837
1651 1847
1652 1706
1653 1701
1655 1673
1655 1706
1655 1783
1655 1929
1657 1703
1657 1718
1657 1985
1659 1981
1660 1707
1660 1824
1660 1891
1660 1956
1660 1984
1661 1679
1661 1889
1661 1896
1662 1854
1664 1824
1664 1902
1665 1767
1665 1849
1665 1855
1665 1927
1666 1762
1667 1786
1667 1979
1668 1683
1668 1808
1669 1747
1670 1720
1670 1903
1671 1910
1673 1750
1673 1861
1674 1893
1675 1695
1677 1741
1679 1832
1680 1683
1683 1756
1683 1866
1684 1751
1685 1718
1685 1814
1685 1845
1685 1862
1688 1750
1690 1896
1690 1915
1692 1933
1694 1776
1694 1893
1696 1870
1697 1808
1698 1973
1699 1747
1699 1857
1701 1940
1702 1900
1703 1996
1706 1779
1709 1862
1709 1907
1710 1827
1710 1879
1711 1753
1713 1922
1715 1912
1715 1950
1717 1789
1717 1848
1718 1800
1718 1842
1719 1882
1719 1885
1721 1783
1722 1855
1723 1812
1723 1832
1723 1881
1726 1737
1728 1878
1730 1855
1731 1748
1732 1822
1732 1922
1733 1974
1734 1838
1736 1776
1736 1790
1737 1889
1737 1917
1738 1954
1738 1994
1739 1898
1741 1934
1742 1862
1744 1906
1744 1988
1746 1747
1746 1975
1747 1761
1750 1826
1751 1824
1751 1958
1752 1830
1753 1912
1753 1943
1754 1927
1754 1956
1755 1791
1758 1918
1759 1789
1759 1858
1759 1913
1761 1834
1761 1882
1762 1778
1762 1942
1763 1925
1764 1866
1767 1844
1769 1808
1771 1904
1771 1905
1772 1878
1773 1972
1774 1895
1776 1845
1777 1821
1779 1868
1780 1781
1784 1923
1784 1931
1786 1816
1786 1889
1786 1977
1787 1828
1787 1873
1787 1923
1788 1846
1789 1815
1789 1889
1790 1886
1792 1840
1794 1859
1794 1974
1795 1827
1800 1951
1801 1977
1806 1880
1807 1871
1813 1845
1814 1816
1817 1901
1828 1935
1831 1963
1833 1855
1836 1923
1837 1839
1837 1872
1839 1932
1839 1968
1840 1846
1843 1855
1845 1983
1845 1987
1846 1903
1848 1890
1852 1962
1858 1913
1859 1964
1861 1990
1864 1874
1865 1872
1866 1990
1867 1984
1869 1937
1871 1905
1871 1966
1874 1938
1874 1950
1878 1998
1887 1915
1890 1990
1891 1908
1891 1910
1891 1992
1893 1984
1897 1958
1914 1991
1916 1924
1924 1968
1939 1964
1946 1963
1947 1960
1949 1984
1973 1975
1976 1989
1979 1997
1980 1994
