2000 3970
1 841
1 1233
1 1729
1 1983
2 1202
2 1906
3 639
3 706
3 789
3 989
3 1046
3 1742
3 1759
4 103
4 399
4 478
4 788
4 1456
5 107
6 78
6 600
6 628
6 920
6 1853
7 437
7 692
7 711
7 1411
7 1490
8 498
8 587
8 647
8 956
8 1348
8 1498
8 1588
8 1971
9 634
9 1497
10 422
10 889
10 1336
11 85
11 586
11 626
11 934
11 1513
12 1066
12 1310
12 1454
12 1977
13 679
13 1099
13 1287
13 1379
13 1571
13 1873
14 794
15 76
15 192
15 912
15 951
15 1718
16 151
16 1118
16 1396
16 1654
17 377
17 942
17 1000
17 1348
17 1403
17 1734
17 1987
18 249
19 203
19 1357
19 1728
19 1796
20 645
20 1295
21 422
21 759
21 1417
23 447
23 557
24 1195
24 1417
24 1462
25 275
25 932
25 1693
25 1820
26 553
26 770
26 852
26 916
26 1220
26 1622
27 855
27 1204
28 366
28 389
28 1227
28 1469
28 1613
28 1724
28 1899
28 1981
29 54
29 261
29 264
29 443
29 592
29 1559
30 105
30 727
30 1059
30 1217
30 1385
30 1987
31 153
31 557
31 855
31 1716
32 599
32 656
32 890
32 1140
33 224
33 437
33 584
33 1632
34 138
34 377
34 723
34 1555
35 298
35 1140
35 1177
35 1194
35 1292
35 1389
35 1943
36 71
36 1797
36 1835
37 207
37 1116
37 1623
37 1994
38 122
38 348
38 1833
39 1202
40 385
40 1498
41 893
41 1347
42 675
42 1274
42 1503
42 1669
42 1778
43 998
43 1607
44 660
44 743
44 1833
45 431
45 698
45 712
45 1065
45 1323
46 88
46 1347
46 1514
46 1963
46 1989
47 714
47 717
47 938
47 1611
47 1736
48 1084
48 1508
48 1672
49 338
49 1953
50 517
50 635
50 1000
50 1373
50 1928
51 123
51 451
51 819
51 1105
52 332
52 488
52 656
52 879
52 1407
52 1773
53 211
53 266
53 520
53 1135
53 1526
53 1949
54 415
54 549
54 1071
54 1472
54 1620
55 1057
55 1353
56 1618
56 1751
56 1854
57 260
57 576
57 842
57 1469
57 1668
57 1737
58 851
58 867
58 1297
58 1352
58 1423
59 680
59 1336
60 431
60 513
60 1273
60 1618
60 1841
61 486
61 816
61 956
61 971
61 1238
61 1700
61 1851
61 1970
62 90
62 163
62 417
62 1218
62 1376
62 1716
63 223
63 640
63 670
63 1298
63 1551
64 193
64 333
64 831
64 1012
64 1055
64 1160
64 1627
65 127
65 579
65 684
65 1768
65 1799
65 1982
65 1986
65 1995
66 1219
66 1507
66 1808
67 463
67 711
67 1312
67 1426
67 1825
68 328
68 462
68 836
68 900
68 939
68 1534
69 331
69 918
69 932
69 1057
69 1275
69 1345
69 1687
70 100
70 1189
70 1540
70 1702
70 1922
71 280
71 774
71 801
71 1313
71 1758
71 1979
72 146
72 1702
73 228
73 840
73 999
73 1496
73 1609
73 1787
73 1899
74 241
74 454
74 933
74 1407
74 1409
74 1412
75 541
75 668
75 974
75 1154
75 1164
75 1738
75 1834
76 462
76 517
76 634
76 724
76 794
76 1869
77 354
77 570
77 974
77 1779
77 1785
78 165
78 475
78 885
78 1091
79 104
79 931
79 1346
79 1926
79 1985
80 1313
81 1369
82 1734
83 552
83 899
83 1204
83 1496
83 1712
84 220
84 1282
85 596
85 1871
86 839
86 1783
87 355
87 954
88 893
88 1202
88 1850
89 670
89 752
89 1198
89 1680
90 245
90 801
90 1432
90 1884
90 1943
91 643
91 1624
92 185
92 1099
92 1621
93 407
93 880
93 1243
93 1828
93 1891
93 1901
94 154
94 330
94 741
94 1454
94 1918
96 877
96 1042
96 1056
96 1745
97 713
97 1061
97 1240
97 1805
98 276
98 1038
98 1166
98 1286
98 1726
99 899
99 1755
99 1836
100 516
100 646
101 1322
101 1546
102 174
103 122
103 1169
103 1182
103 1417
104 201
104 216
104 509
104 772
104 1096
104 1727
105 456
105 1096
105 1633
105 1939
106 469
106 1638
106 1848
107 1713
108 235
108 885
108 1045
108 1241
108 1436
108 1942
109 431
109 811
109 1249
109 1418
109 1458
110 317
110 972
110 1574
110 1939
111 1749
111 2000
113 1670
114 338
114 1364
114 1721
115 1899
116 1680
116 1987
117 191
117 1949
118 194
118 971
118 1073
118 1079
118 1600
118 1601
118 1700
118 1928
119 1064
119 1097
120 1242
120 1245
120 1395
120 1754
121 1656
121 1677
122 765
122 1306
122 1495
122 1507
122 1722
123 240
123 343
123 659
123 1771
124 565
124 647
125 455
125 467
125 1371
125 1791
125 1925
125 1989
126 792
126 1165
126 1313
126 1355
126 1777
127 168
127 924
127 1402
128 1321
128 1459
128 1760
129 776
129 944
129 1105
129 1257
129 1405
129 1745
130 229
130 1121
130 1199
130 1237
130 1268
131 276
131 635
131 1653
132 155
132 404
132 1060
132 1149
133 142
133 1151
133 1712
134 369
134 420
134 911
134 922
135 463
135 514
135 1671
135 1715
136 155
136 434
136 902
136 1259
136 1740
136 1814
137 763
137 1418
137 1471
138 468
138 1027
138 1069
138 1146
139 232
139 1363
139 1495
140 158
140 432
140 672
140 701
140 1284
140 1367
140 1438
140 1986
141 275
141 1428
142 537
142 1684
143 846
143 923
143 1398
143 1486
144 486
144 811
144 1873
144 1920
145 422
145 514
146 157
146 847
146 854
146 1602
147 183
147 791
147 965
147 1126
148 213
148 726
148 1487
148 1518
148 1660
149 319
149 999
149 1040
149 1200
150 533
151 514
151 639
151 777
151 1788
152 192
152 674
152 804
152 1831
153 681
153 1260
153 1664
153 1942
154 753
154 780
154 1991
155 167
155 199
155 325
155 369
155 641
155 779
155 877
156 1202
156 1788
157 1790
157 1900
157 1981
158 1043
159 1402
160 707
160 846
160 878
160 1291
161 877
161 1002
161 1052
161 1524
161 1565
162 491
162 540
162 1080
162 1394
162 1910
163 866
163 1277
163 1476
163 1713
164 241
164 1335
164 1356
164 1419
164 1518
164 1817
164 1849
165 761
165 1127
165 1749
165 1847
166 202
166 735
166 1375
167 310
167 964
167 1833
168 1188
169 195
169 350
169 911
169 953
169 1466
169 1643
169 1724
170 459
170 516
171 712
171 1751
172 906
173 524
173 1326
173 1618
174 1060
174 1166
174 1504
175 452
175 868
175 1407
176 886
176 1571
176 1775
176 1844
176 1860
177 375
177 806
177 1374
178 1389
178 1846
179 1608
180 668
180 892
180 910
180 1159
180 1194
180 1405
180 1407
181 1213
181 1381
183 432
183 631
183 1439
184 207
184 1271
184 1425
185 416
185 840
185 1056
185 1137
185 1270
185 1347
185 1570
185 1689
186 397
186 681
186 1289
187 1145
187 1594
187 1742
187 1982
187 1984
188 779
188 796
188 822
188 912
188 1593
189 210
189 788
189 1316
189 1406
189 1499
190 404
190 765
190 1439
190 1484
190 1850
191 326
191 1719
191 1824
193 460
193 840
193 1724
194 468
194 489
194 847
194 1474
196 634
196 980
196 1024
196 1440
196 1685
196 1792
196 1877
197 252
197 1512
197 1535
198 733
198 1453
198 1537
198 1641
198 1773
198 1966
199 518
199 1691
201 794
201 1211
201 1275
201 1515
202 1710
202 1849
203 1279
204 260
204 711
204 1302
204 1976
205 1025
205 1199
205 1425
205 1426
205 1766
205 1812
206 375
206 421
206 618
206 953
206 1219
207 1780
207 1947
208 225
208 530
208 576
208 1766
209 439
209 592
209 901
209 935
210 435
210 679
210 1077
210 1298
210 1509
211 698
211 891
211 1471
211 1534
211 1690
211 1853
212 393
212 441
212 754
212 854
212 881
212 1384
212 1671
213 387
213 396
213 1085
213 1320
214 1494
214 1827
215 261
215 330
215 1252
215 1750
215 1795
215 1867
216 1112
217 530
217 589
217 1059
218 397
218 541
218 831
218 1165
219 392
219 781
219 988
219 1259
219 1505
219 1619
220 341
220 766
220 942
220 1016
220 1137
221 507
221 707
221 795
221 1215
221 1863
222 238
222 967
222 1094
222 1158
222 1470
223 958
223 1092
223 1459
223 1849
224 1031
224 1080
224 1235
224 1758
225 671
225 800
225 1479
225 1642
226 1173
226 1956
227 253
227 1209
227 1404
227 1741
228 244
228 1956
229 241
229 1081
229 1103
230 353
230 1757
230 1859
231 335
231 1358
231 1513
231 1574
231 1713
232 1908
233 470
233 652
233 1092
233 1540
234 366
234 1808
234 1936
234 1944
235 257
235 989
235 1118
235 1629
236 655
236 659
236 807
236 958
236 1443
236 1510
236 1657
237 1879
238 858
238 928
238 976
239 682
239 1040
239 1263
239 1450
239 1705
240 314
240 366
240 406
240 724
240 1496
240 1605
240 1957
241 1617
241 1678
242 1706
242 1847
243 1187
243 1473
244 835
244 1723
244 1767
245 761
245 989
245 1471
246 257
246 319
246 613
246 641
246 1356
246 1979
248 275
248 778
248 784
248 1054
249 537
249 837
249 1814
249 1889
249 1954
250 331
251 1153
251 1608
252 360
252 586
252 839
254 902
254 997
254 1159
254 1343
254 1520
254 1635
254 1820
255 450
257 644
257 1492
257 1857
258 699
258 1871
259 422
259 1727
259 1871
260 703
261 420
261 442
261 1103
261 1852
262 761
262 1405
262 1965
263 1253
263 1569
264 1200
264 1673
264 1900
265 1171
265 1378
265 1553
266 749
266 1405
266 1532
267 314
267 358
267 930
267 1617
267 1794
268 735
268 1100
268 1663
268 1678
269 842
269 1930
270 615
271 1458
271 1473
271 1934
272 643
272 724
272 1745
272 1929
273 704
273 1015
273 1485
273 1837
274 831
274 1519
275 312
275 673
275 849
275 1520
275 1631
275 1820
275 1887
276 1013
276 1256
277 408
277 476
277 1915
278 701
278 951
280 309
280 759
280 1208
280 1480
280 1609
281 303
281 346
281 806
281 1500
281 1587
282 978
282 1547
282 1642
282 1669
282 1741
283 381
283 996
283 1834
285 366
285 547
285 1062
285 1221
285 1481
285 1802
285 1887
286 529
286 871
286 1076
286 1363
286 1995
287 1020
287 1632
288 358
288 718
288 1154
289 1420
289 1981
290 945
290 1179
290 1292
290 1349
290 1395
290 1564
290 1999
291 621
291 779
292 305
292 607
292 629
292 1945
293 984
293 1698
294 1334
294 1589
295 482
295 812
295 1118
295 1157
295 1593
295 1681
295 1847
296 313
296 1255
296 1546
296 1563
297 356
297 366
297 1045
297 1614
297 1738
297 1862
298 587
298 721
298 738
298 1066
298 1132
298 1201
298 1624
299 521
299 595
299 1867
300 587
300 1045
301 932
302 1953
303 668
303 682
303 752
303 989
303 1518
303 1550
303 1948
304 305
304 385
304 432
304 1887
305 656
305 690
305 1202
305 1346
305 1443
306 1377
306 1423
308 724
308 1142
308 1301
308 1507
309 434
309 751
309 840
309 1528
309 1670
309 1858
310 825
310 1427
311 588
311 987
311 1498
311 1669
312 554
312 956
312 1381
313 1663
313 1750
314 424
314 556
314 670
314 751
314 1240
315 324
315 1878
316 727
316 1059
316 1277
317 1074
317 1564
318 452
318 820
318 1283
319 1360
319 1442
319 1471
319 1568
320 1616
321 424
321 821
321 1093
321 1189
321 1447
321 1663
321 1776
322 586
322 1157
322 1352
322 1377
323 530
323 531
323 624
323 1024
323 1234
323 1362
323 1420
323 1484
323 1692
324 893
324 1077
324 1282
325 816
326 1407
326 1487
326 1524
327 1421
327 1809
327 1870
328 977
328 1062
329 336
329 485
329 894
329 1374
329 1673
330 442
330 1923
332 1021
332 1202
332 1600
333 551
334 1029
334 1059
334 1102
334 1221
334 1230
334 1369
335 547
335 1086
336 629
336 630
336 671
336 1361
337 963
337 1346
337 1984
339 407
339 578
339 807
339 1937
340 512
340 1144
340 1357
340 1543
341 394
341 1195
341 1652
341 1779
341 1868
342 674
342 851
342 976
342 1137
343 382
343 1090
343 1619
343 1629
343 1802
344 845
344 1219
344 1519
344 1947
344 1986
345 561
345 1260
345 1374
345 1790
345 1953
345 1962
346 737
347 350
347 582
347 753
347 1515
347 1931
348 582
348 673
348 822
348 1057
348 1086
349 409
349 414
349 705
349 1366
350 573
350 1379
350 1721
351 882
351 1208
351 1647
351 1682
351 1860
351 1881
352 825
352 1263
353 600
353 1191
354 382
354 1040
354 1516
354 1945
355 476
355 823
355 953
355 1403
355 1622
355 1687
356 917
356 1357
356 1824
357 397
357 697
357 1085
358 888
358 1243
358 1521
358 1861
359 406
359 668
359 764
359 942
360 374
361 528
361 546
361 820
362 384
362 665
362 1130
362 1537
363 1517
363 1724
364 484
364 1638
365 397
365 626
365 1118
365 1451
365 1690
366 494
366 1170
366 1723
366 1808
367 564
367 755
367 1018
367 1829
368 1551
368 1747
369 1070
370 569
370 1470
370 1871
371 1948
372 431
372 943
372 1412
372 1837
372 1879
372 1885
373 715
373 812
373 815
373 1208
373 1520
373 1763
374 811
374 1308
374 1404
374 1553
374 1697
375 1677
375 1833
376 1399
376 1730
376 1746
376 1831
377 476
377 605
377 1254
377 1361
377 1507
377 1520
378 721
379 945
379 981
380 945
380 1072
380 1301
380 1943
381 843
382 781
382 911
382 1082
382 1433
382 1556
382 1704
383 1355
383 1635
383 1694
384 642
384 1226
384 1744
386 722
386 825
386 912
386 1085
386 1251
386 1743
387 1621
387 1783
388 508
389 995
389 1172
389 1221
389 1260
389 1262
389 1335
389 1808
391 424
391 605
391 1919
392 725
393 1307
393 1456
394 1903
395 464
395 802
395 1048
395 1507
395 1513
396 452
396 1158
396 1239
397 697
397 820
397 984
397 1031
397 1322
397 1342
397 1746
397 1822
398 667
398 1070
398 1225
398 1296
398 1617
398 1706
398 1739
399 1394
399 1485
400 537
400 659
401 553
401 760
401 1465
401 1610
401 1716
402 1112
402 1217
402 1479
402 1556
402 1876
402 1882
403 507
403 1077
403 1590
403 1630
403 1741
404 1139
404 1278
405 1134
405 1229
405 1441
406 899
406 1350
406 1624
407 752
407 1479
408 1479
408 1571
408 1814
409 1494
409 1594
410 733
410 1007
410 1027
410 1586
410 1804
411 420
411 853
412 431
412 1217
413 794
413 1070
413 1991
414 629
414 886
414 1111
414 1391
414 1405
414 1867
415 472
415 544
415 722
415 901
415 972
415 1030
416 608
416 1095
416 1974
416 1987
417 1140
418 639
418 1599
419 1373
420 1177
420 1866
421 1686
421 1692
421 1895
421 1909
422 445
422 640
422 751
423 985
423 1336
423 1405
423 1780
424 868
424 1058
424 1292
424 1780
425 788
425 1240
425 1528
426 1742
427 730
427 1030
427 1045
427 1688
428 605
428 631
428 1257
428 1656
429 587
429 765
429 819
429 887
429 1704
430 550
430 1310
431 804
431 814
431 863
431 1607
432 551
433 787
433 1400
433 1883
434 568
434 1115
434 1556
435 1745
435 1799
435 2000
436 1051
436 1552
437 1339
437 1421
437 1527
437 1820
437 1968
438 691
438 798
438 1024
438 1499
438 1695
438 1958
439 800
440 1179
440 1483
441 966
441 1662
442 460
443 595
443 789
443 1318
443 1924
444 1286
444 1349
444 1699
444 1791
445 776
445 871
446 995
446 1037
446 1223
446 1368
446 1564
447 1092
447 1383
447 1515
448 457
448 971
448 1560
449 581
449 1804
449 1865
450 716
450 920
450 1396
450 1670
450 1701
450 1806
450 1925
450 1968
451 719
451 1166
451 1495
452 643
452 1434
453 572
454 1060
454 1067
454 1417
454 1507
454 1782
455 1606
456 522
456 997
456 1173
456 1610
457 1069
457 1137
457 1814
459 1963
459 1998
460 467
460 854
460 965
460 1625
460 1825
461 508
461 1110
461 1423
461 1636
462 888
462 1310
462 1620
463 548
463 612
463 829
463 864
464 531
464 1016
465 506
465 844
465 1244
465 1319
465 1973
466 823
466 1695
466 1708
467 736
467 929
467 1139
467 1219
467 1823
467 1883
468 1506
468 1571
469 500
469 868
470 1190
470 1234
470 1731
471 479
471 534
471 1510
472 1600
472 1831
472 1948
473 534
473 556
473 598
474 1975
475 507
475 796
476 518
476 669
476 791
476 921
476 1046
476 1486
477 1111
477 1144
477 1508
477 1833
477 1864
478 810
478 1589
478 1928
479 562
479 632
479 672
479 702
479 1673
479 1993
480 960
480 1054
480 1108
480 1241
481 728
481 1054
481 1306
482 1819
483 575
483 1142
483 1186
484 521
485 1040
485 1177
485 1488
485 1499
485 1945
486 912
486 1141
487 714
488 1103
488 1672
488 1725
489 1213
489 1626
489 1975
490 539
490 1158
491 788
491 1166
491 1301
491 1363
491 1881
492 596
492 1916
493 600
493 1299
494 831
494 1647
494 1665
494 1939
494 1988
496 990
496 1712
497 1314
498 1061
498 1261
498 1430
498 1550
498 1682
498 1856
499 550
499 691
499 1599
500 1718
500 1847
501 1380
502 512
502 623
502 735
502 977
502 1590
502 1783
503 834
503 1593
503 1868
504 1201
504 1281
504 1673
505 743
505 1002
507 574
507 1283
507 1444
508 950
508 1154
509 1256
509 1308
509 1367
509 1620
510 1223
511 1937
512 897
512 1089
512 1268
513 1003
513 1136
513 1730
514 1113
514 1347
514 1449
514 1665
515 996
515 1985
516 578
516 604
516 757
516 1092
517 984
517 1446
518 878
518 1044
518 1203
518 1289
518 1796
519 1759
519 1781
519 1932
520 1253
520 1822
520 1933
521 836
521 1477
522 1560
522 1998
523 598
523 864
523 891
524 1412
524 1415
524 1455
524 1780
524 1800
526 579
526 924
526 1404
527 748
527 1190
528 1274
528 1385
528 1744
529 1286
529 1478
529 1880
529 1916
530 1844
530 1939
531 792
531 838
531 1393
531 1660
533 659
533 1072
533 1331
533 1603
535 794
535 1593
535 1597
535 1613
536 1011
537 812
538 1495
539 692
539 823
539 1579
539 1804
540 879
540 1102
540 1236
540 1369
540 1833
540 1954
541 1308
542 1003
542 1068
542 1401
543 1312
543 1476
543 1906
545 629
545 1144
545 1648
546 774
546 780
546 1142
546 1151
546 1767
546 1996
547 851
547 1052
548 723
548 929
548 1756
548 1960
549 1105
550 1358
550 1698
551 1776
552 1951
553 759
553 1215
553 1875
554 1412
554 1628
554 1972
555 1620
556 1704
557 653
557 1766
558 1022
558 1570
559 1067
559 1363
560 1854
561 715
561 1042
561 1197
561 1564
562 645
562 722
562 991
562 1338
562 1424
562 1557
562 1674
562 1991
563 1229
564 627
564 671
564 1110
565 889
565 1986
566 1058
566 1343
567 774
567 1517
567 1728
568 689
568 935
568 1093
569 1004
569 1885
570 1438
570 1821
571 622
571 890
571 1126
571 1649
571 1910
571 1966
572 579
572 1192
572 1554
573 1159
573 1575
573 1680
573 1698
574 768
574 1193
574 1884
575 634
575 886
576 745
576 1174
576 1691
577 624
577 1385
578 701
578 714
578 888
578 1025
578 1189
578 1790
579 1833
580 676
580 812
580 919
580 1000
580 1980
581 877
581 1259
582 659
582 733
582 956
582 1184
584 602
585 690
585 1637
585 1755
586 1262
586 1402
586 1627
587 642
587 1160
588 883
588 1160
588 1956
589 969
589 1075
589 1282
589 1784
590 840
591 967
591 1043
591 1973
592 1577
592 1698
593 1179
593 1748
594 862
594 1426
596 1469
596 1769
596 1949
597 815
597 1259
597 1527
597 1830
597 1838
597 1936
599 861
599 1448
599 1965
600 621
600 844
600 998
600 1489
600 1640
601 931
601 1753
602 626
602 815
602 849
602 1321
602 1596
603 638
603 682
603 1062
603 1885
604 1111
604 1209
604 1256
604 1295
604 1437
604 1758
605 918
605 1651
605 1911
605 1986
606 1080
606 1386
607 703
607 1605
607 1626
607 1655
608 1618
609 1085
609 1550
609 1670
609 1957
610 889
610 1123
610 1496
610 1740
610 1944
611 1303
611 1466
611 1662
612 1263
612 1569
612 1934
613 1080
614 813
615 645
615 855
615 1183
616 729
616 1403
617 666
617 820
617 1158
617 1591
617 1674
617 1678
617 1947
618 1034
618 1815
618 1901
619 746
619 1129
619 1152
621 838
621 1484
621 1891
622 698
622 713
622 1267
622 1714
623 837
623 1046
623 1111
623 1412
623 1691
623 1831
624 864
624 1788
625 838
625 1236
625 1962
626 929
626 1620
626 1844
627 634
627 1287
627 1777
628 1157
628 1224
628 1438
628 1552
629 1100
629 1650
630 1529
630 1617
631 1327
631 1574
631 1937
632 802
633 739
633 1454
634 814
634 948
634 1155
634 1480
635 842
635 1357
636 761
636 1900
637 1272
638 687
638 1081
638 1780
640 1027
641 1188
641 1832
642 844
642 879
642 886
642 964
642 1224
642 1471
642 1596
643 1731
644 804
645 1306
645 1750
645 1853
646 1475
646 1830
647 824
647 876
647 934
647 1464
647 1813
649 844
649 1571
649 1611
649 1843
649 1861
650 1391
651 1976
651 1987
652 1094
652 1225
653 857
653 1344
653 1535
654 676
654 1304
654 1619
654 1989
655 1084
656 1773
657 1985
658 1078
658 1166
659 1096
659 1330
660 1496
660 1508
661 1072
662 1325
662 1810
662 1982
663 1423
664 1275
664 1421
664 1840
665 762
665 1338
665 1863
665 1865
666 1179
667 1934
668 883
668 982
668 1029
668 1328
668 1428
668 1537
668 1905
669 1431
670 866
671 1126
671 1317
671 1403
672 897
672 1880
673 1287
673 1728
673 1737
674 1103
674 1249
674 1330
674 1338
674 1541
675 1002
675 1830
675 1991
676 698
676 1270
676 1692
676 1833
677 1116
677 1262
677 1736
678 1402
678 1795
679 1136
679 1899
680 1156
680 1380
680 1421
680 1704
681 785
681 1150
681 1482
681 1946
682 1422
683 1098
683 1185
683 1882
684 736
684 795
684 901
684 1866
685 1143
685 1420
686 1647
686 1928
687 1195
689 1286
689 1532
690 1389
690 1637
690 1753
691 1063
691 1265
691 1327
691 1649
691 1943
692 872
692 1121
692 1609
693 705
693 1161
693 1207
693 1313
693 1755
693 1953
695 735
696 716
696 1165
696 1199
696 1236
696 1340
697 1615
697 1772
698 764
698 1470
698 1622
698 1986
699 718
699 837
699 1458
700 1109
700 1497
700 1539
700 1925
701 1194
701 1211
702 1511
702 1959
703 1529
703 1581
703 1749
703 1960
704 1961
705 1755
705 1999
707 829
708 1001
708 1217
708 1772
709 898
710 789
710 826
711 1142
712 1110
712 1897
712 1979
713 900
713 1418
714 1387
714 1641
715 760
715 1494
715 1726
716 1810
716 1888
717 752
717 778
717 1143
717 1169
717 1217
717 1254
717 1682
717 1862
718 1259
718 1531
718 1964
719 1478
719 1520
719 1893
720 836
720 871
720 875
720 1210
720 1918
721 1286
721 1336
721 1416
721 1887
721 1987
723 943
724 899
724 1522
726 1471
726 1636
727 1281
727 1360
727 1696
727 1708
727 1963
728 961
728 1211
728 1325
729 1277
730 799
731 1268
731 1617
732 855
732 1527
732 1579
732 1593
733 959
733 1120
733 1861
734 760
736 768
736 1482
736 1616
737 1034
737 1270
737 1366
738 862
738 1034
738 1147
739 767
740 1089
740 1232
740 1763
741 744
741 1462
741 1773
742 792
742 1305
742 1434
742 1488
743 1041
743 1265
743 1524
745 792
745 1515
746 1403
746 1797
747 1856
748 837
748 1422
749 873
749 1817
750 866
750 1353
750 1511
750 1662
751 1018
751 1617
752 1875
753 1584
753 1725
753 1820
754 941
754 1639
754 1889
755 1441
755 1685
756 1102
756 1510
756 1789
756 1856
756 1873
756 1918
756 1933
757 1343
757 1420
757 1723
758 836
758 1300
758 1798
758 1907
759 1059
759 1582
760 852
760 1749
760 1923
761 1021
761 1029
761 1111
761 1825
761 1924
762 815
762 1017
762 1106
763 1127
764 1444
764 1863
764 1999
765 1104
765 1374
766 779
766 1185
766 1675
767 1002
767 1011
767 1179
767 1367
767 1581
768 1031
768 1668
769 1932
771 1244
771 1712
771 1720
771 1768
772 942
772 1242
772 1303
772 1845
773 1779
773 1855
774 1112
774 1690
775 966
775 1060
775 1129
776 1060
776 1594
777 1961
778 1416
779 1263
780 1378
780 1411
780 1664
780 1874
781 1135
781 1304
781 1838
781 1859
781 1970
782 919
782 1114
782 1151
782 1273
782 1615
783 974
783 1303
784 1005
784 1027
784 1516
785 1029
785 1192
785 1275
785 1294
785 1386
785 1520
786 1187
786 1441
786 1442
787 1825
787 1853
788 789
788 1313
789 1292
789 1397
789 1919
790 859
790 892
790 1116
790 1948
791 1115
791 1289
791 1505
792 1720
793 1178
793 1598
795 819
795 977
795 1705
796 837
796 1530
796 1798
798 940
798 1080
798 1858
799 1078
799 1339
799 1427
800 931
800 1928
801 912
801 986
801 1422
802 1065
802 1100
802 1981
803 1046
803 1418
804 982
805 889
805 929
805 1096
805 1874
806 830
806 1686
806 1898
808 823
808 1099
808 1260
809 1659
809 1745
809 1856
810 1174
810 1861
811 908
811 1527
812 1115
813 1879
814 1325
814 1707
814 1945
815 1940
816 1922
817 1004
817 1025
817 1151
817 1492
819 1126
819 1654
821 1300
821 1829
822 824
823 1159
823 1294
823 1777
823 1817
824 1862
825 1524
826 1275
826 1341
826 1348
826 1608
826 1816
827 864
828 851
829 1991
832 939
832 1037
832 1991
833 894
833 1141
833 1688
833 1955
834 943
834 1472
834 1938
835 1653
835 1887
836 1080
836 1157
836 1226
836 1708
836 1853
837 1230
837 1330
837 1919
838 1037
838 1306
838 1371
838 1694
839 926
839 1098
839 1804
842 848
843 927
843 1948
844 941
844 1035
844 1433
844 1854
845 1914
846 1141
846 1939
847 941
847 1218
847 1320
849 998
849 1940
850 1770
850 1922
851 964
851 1428
851 1863
851 1898
852 1966
853 1347
854 914
855 906
855 1637
855 1859
856 929
856 963
856 1080
856 1615
857 1377
857 1922
858 1056
858 1418
859 1561
860 1035
860 1834
860 1885
860 1897
862 1391
862 1965
863 978
863 1002
863 1384
863 1946
864 870
864 1156
864 1254
865 1052
865 1486
865 1782
867 1005
867 1929
868 1808
868 1842
868 1888
869 1393
869 1861
869 1916
871 886
871 927
871 996
871 1398
871 1696
873 914
873 1139
873 1784
874 1086
874 1716
875 1471
875 1874
876 1473
876 1737
876 1830
876 1887
876 1910
877 938
877 1405
877 1482
877 1714
877 1774
878 916
878 1107
878 1162
878 1337
878 1391
878 1793
879 1108
879 1829
880 1189
880 1808
881 1347
881 1446
882 958
882 1009
882 1037
882 1772
882 1895
883 1296
884 970
884 1122
884 1765
884 1776
884 1993
885 915
885 1361
889 1923
889 1988
890 1839
891 1025
891 1690
892 1749
893 1809
894 1454
895 1166
895 1223
895 1856
896 1744
897 1667
897 1739
897 1762
897 1781
898 949
898 1621
899 917
899 1061
899 1398
899 1774
899 1870
900 1061
900 1906
901 1160
901 1265
901 1857
903 1280
904 909
904 1384
904 1459
904 1664
904 1847
905 918
905 930
905 988
906 1313
906 1831
906 1862
907 912
908 1045
908 1618
908 1863
909 1089
909 1345
909 1799
910 1074
910 1363
910 1939
910 1962
911 972
913 1766
913 1967
914 917
914 1750
916 1620
916 2000
917 1253
918 1279
918 1526
919 986
919 1433
919 1513
919 1692
921 961
922 1580
923 1981
924 1812
925 1612
926 960
926 1060
926 1228
926 1612
927 1154
927 1871
928 1157
929 939
929 1356
929 1937
929 1987
930 1509
931 1042
931 1339
931 1630
933 1681
934 1386
935 1842
936 1475
936 1584
936 1830
937 1130
937 1171
937 1364
937 1969
938 1538
938 1965
939 1224
940 1197
940 1430
940 1671
940 1996
941 1207
941 1399
941 1557
941 1672
942 1504
942 1580
942 1734
943 1309
943 1840
944 1684
944 1760
945 1185
945 1327
946 1827
947 1441
947 1799
947 1877
948 1261
948 1861
948 1936
949 970
949 1374
949 1799
950 1023
950 1881
950 1937
951 1015
951 1292
951 1309
951 1915
952 1899
955 1763
956 1016
956 1178
957 1142
957 1244
957 1708
958 1014
958 1049
958 1561
959 1557
960 1745
961 1535
962 1177
963 1129
963 1655
963 1792
964 1090
964 1949
965 1098
966 1409
966 1562
966 1710
966 1712
967 1523
967 1704
967 1903
968 1024
968 1180
968 1480
970 1017
970 1481
971 1156
971 1544
971 1796
972 1200
972 1511
974 1535
975 1271
975 1761
976 1133
976 1222
977 1102
977 1617
977 1682
978 1326
978 1502
980 1100
980 1465
980 1563
980 1958
981 1246
982 1299
982 1773
983 1862
984 1525
984 1904
985 1144
985 1196
985 1262
985 1519
985 1905
986 1050
986 1070
986 1295
986 1729
987 1673
988 1026
988 1634
988 1672
988 1888
989 1063
989 1443
989 1924
991 1459
991 1595
991 1729
991 1847
993 1043
993 1235
993 1453
993 1621
994 1494
995 1087
995 1499
996 2000
997 1299
997 1314
997 1907
997 1964
998 1388
999 1317
999 1351
999 1884
1000 1104
1000 1347
1001 1601
1002 1782
1003 1160
1003 1475
1003 1631
1003 1934
1003 1988
1004 1218
1006 1182
1006 1778
1007 1101
1007 1851
1007 1875
1007 1887
1008 1097
1008 1646
1008 1795
1008 1971
1009 1455
1010 1146
1010 1286
1010 1353
1010 1436
1010 1939
1011 1109
1011 1377
1011 1744
1011 1764
1012 1650
1013 1459
1013 1585
1014 1118
1014 1459
1014 1493
1014 1985
1015 1306
1016 1227
1016 1467
1016 1656
1017 1293
1017 1397
1017 1512
1017 1554
1019 1578
1019 1871
1019 1966
1020 1753
1021 1121
1021 1123
1021 1887
1024 1092
1025 1031
1026 1053
1027 1485
1028 1899
1028 1954
1029 1457
1029 1840
1030 1077
1030 1141
1030 1572
1030 1832
1031 1362
1031 1372
1031 1987
1032 1158
1032 1957
1033 1269
1033 1371
1033 1498
1033 1795
1033 1857
1034 1571
1035 1162
1035 1821
1036 1356
1036 1489
1036 1705
1036 1748
1036 1753
1037 1589
1037 1634
1038 1550
1038 1858
1039 1757
1039 1831
1040 1922
1041 1054
1041 1247
1041 1740
1042 1289
1042 1358
1043 1172
1045 1148
1045 1350
1046 1284
1046 1363
1046 1380
1046 1509
1046 1642
1046 1749
1047 1497
1048 1123
1048 1870
1049 1086
1049 1339
1049 1658
1049 1704
1050 1839
1050 1964
1051 1228
1051 1827
1052 1862
1052 1987
1053 1117
1053 1941
1053 1993
1054 1308
1054 1417
1054 1618
1055 1774
1056 1333
1057 1346
1057 1375
1057 1726
1058 1996
1059 1295
1059 1607
1060 1799
1061 1227
1061 1254
1061 1739
1062 1135
1062 1156
1062 1227
1062 1707
1063 1138
1064 1355
1064 1915
1064 1949
1065 1350
1066 1084
1067 1511
1068 1326
1068 1870
1069 1603
1069 1797
1069 1898
1074 1335
1074 1615
1075 1341
1075 1966
1076 1259
1076 1619
1076 1633
1076 1999
1078 1141
1078 1449
1078 1608
1078 1772
1078 1964
1078 1966
1079 1187
1079 1513
1079 1635
1080 1354
1080 1772
1080 1824
1082 1098
1082 1190
1082 1898
1084 1096
1084 1121
1084 1366
1085 1449
1085 1696
1086 1802
1086 1920
1086 1993
1088 1486
1089 1107
1089 1227
1091 1431
1091 1564
1091 1610
1091 1998
1092 1123
1092 1563
1092 1695
1092 1707
1093 1123
1093 1389
1093 1677
1094 1149
1094 1348
1094 1435
1094 1954
1095 1612
1096 1692
1096 1996
1098 1735
1099 1131
1099 1195
1099 1279
1099 1288
1101 1852
1102 1123
1102 1281
1104 1245
1104 1330
1104 1730
1105 1196
1105 1374
1105 1666
1106 1137
1106 1729
1107 1471
1108 1607
1108 1618
1110 1266
1112 1129
1112 1324
1113 1656
1114 1474
1115 1147
1115 1317
1115 1384
1115 1962
1115 1988
1116 1178
1116 1606
1116 1774
1116 1779
1119 1525
1119 1787
1120 1174
1120 1326
1120 1472
1121 1272
1121 1966
1122 1498
1122 1615
1123 1138
1123 1857
1124 1143
1124 1911
1124 1955
1126 1516
1126 1615
1126 1869
1127 1394
1127 1431
1127 1494
1127 1693
1127 1728
1128 1722
1132 1164
1133 1166
1133 1815
1133 1831
1134 1346
1134 1370
1135 1560
1136 1416
1137 1144
1137 1494
1138 1331
1140 1325
1140 1586
1141 1219
1141 1359
1141 1556
1142 1499
1142 1720
1142 1974
1143 1534
1143 1720
1144 1458
1144 1711
1145 1412
1145 1990
1146 1431
1146 1612
1146 1701
1147 1426
1148 1890
1149 1802
1150 1389
1150 1788
1151 1418
1151 1602
1151 1760
1151 1825
1152 1153
1152 1649
1153 1381
1153 1444
1155 1580
1155 1870
1156 1412
1156 1551
1156 1804
1157 1292
1157 1638
1158 1332
1158 1569
1159 1449
1159 1828
1160 1165
1161 1619
1162 1713
1162 1724
1163 1270
1163 1750
1164 1375
1164 1530
1165 1395
1165 1448
1165 1643
1165 1819
1166 1195
1166 1364
1166 1980
1167 1790
1168 1255
1168 1298
1169 1561
1169 1645
1169 1776
1169 1855
1170 1292
1170 1508
1170 1973
1171 1347
1171 1757
1171 1888
1173 1712
1173 1812
1175 1315
1175 1486
1176 1206
1176 1826
1176 1875
1177 1911
1178 1436
1178 1767
1179 1767
1180 1192
1181 1462
1181 1750
1182 1486
1182 1644
1182 1918
1183 1702
1184 1250
1184 1770
1185 1308
1185 1920
1186 1342
1186 1936
1187 1383
1187 1858
1188 1259
1188 1797
1189 1436
1189 1469
1190 1337
1190 1505
1190 1762
1191 1432
1191 1754
1192 1316
1192 1606
1192 1961
1193 1313
1194 1992
1195 1353
1195 1380
1195 1546
1195 1593
1195 1652
1196 1434
1196 1713
1198 1547
1198 1807
1199 1700
1201 1996
1202 1580
1202 1760
1203 1399
1203 1421
1203 1586
1203 1977
1204 1261
1205 1223
1205 1460
1206 1312
1207 1710
1207 1904
1209 1625
1210 1276
1210 1354
1210 1699
1210 1774
1211 1658
1211 1753
1212 1386
1212 1410
1213 1947
1217 1690
1218 1231
1218 1816
1218 1899
1218 1931
1219 1985
1220 1360
1222 1356
1223 1536
1223 1561
1223 1715
1224 1617
1224 1965
1225 1524
1227 1272
1227 1709
1228 1424
1228 1551
1229 1893
1230 1429
1230 1876
1231 1650
1231 1739
1231 1925
1232 1696
1232 1818
1233 1282
1233 1936
1234 1522
1234 1579
1234 1660
1235 1798
1236 1819
1237 1579
1238 1486
1239 1361
1239 1489
1239 1637
1242 1552
1242 1568
1242 1671
1243 1331
1243 1405
1243 1778
1243 1991
1244 1289
1245 1837
1246 1352
1247 1428
1248 1300
1248 1311
1249 1319
1250 1826
1250 1922
1252 1396
1252 1928
1252 1935
1253 1892
1254 1850
1255 1744
1256 1412
1256 1951
1256 1952
1257 1469
1257 1690
1258 1403
1258 1810
1259 1736
1259 1739
1260 1736
1261 1581
1263 1297
1264 1319
1264 1509
1264 1539
1264 1798
1265 1561
1266 1376
1267 1762
1267 1873
1268 1472
1270 1795
1271 1675
1271 1796
1272 1545
1273 1348
1273 1974
1274 1277
1274 1564
1274 1793
1275 1739
1275 1991
1276 1584
1276 1616
1277 1482
1277 1591
1277 1772
1278 1285
1279 1489
1279 1721
1279 1927
1280 1631
1281 1658
1281 1722
1282 1482
1282 1744
1284 1465
1284 1903
1284 1956
1285 1581
1287 1323
1287 1751
1289 1946
1290 1876
1291 1361
1292 1873
1294 1791
1295 1521
1296 1443
1296 1993
1297 1578
1297 1698
1298 1883
1299 1547
1300 1813
1302 1342
1302 1384
1302 1554
1303 1611
1304 1750
1304 1902
1305 1387
1305 1859
1306 1334
1308 1589
1308 1865
1308 1991
1309 1704
1310 1452
1311 1496
1312 1783
1312 1785
1313 1546
1314 1421
1316 1480
1317 1515
1318 1487
1319 1409
1319 1456
1319 1499
1320 1547
1320 1642
1321 1326
1321 1637
1321 1773
1323 1349
1323 1398
1323 1866
1323 1984
1324 1589
1324 1833
1324 1870
1325 1697
1326 1365
1326 1831
1328 1658
1328 1968
1330 1961
1331 1825
1333 1357
1333 1697
1333 1727
1334 1858
1335 1466
1335 1926
1336 1373
1336 1769
1337 1405
1338 1764
1338 1841
1339 1364
1339 1715
1340 1345
1341 1418
1341 1632
1342 1798
1342 1854
1343 1629
1345 1552
1345 1595
1345 1755
1346 1963
1349 1544
1350 1354
1350 1632
1351 1569
1352 1413
1353 1623
1355 1816
1355 1878
1356 1468
1356 1505
1356 1608
1356 1745
1356 1958
1357 1604
1358 1799
1359 1901
1359 1938
1360 1394
1360 1439
1360 1670
1364 1535
1364 1572
1366 1738
1368 1550
1369 1638
1369 1941
1370 1799
1370 1864
1371 1747
1372 1484
1372 1581
1373 1773
1374 1549
1375 1514
1375 1723
1375 1978
1376 1783
1378 1970
1379 1848
1380 1728
1380 1822
1381 1572
1381 1803
1382 1973
1384 1745
1385 1392
1385 1584
1385 1791
1388 1430
1388 1659
1392 1451
1393 1668
1394 1451
1397 1434
1397 1773
1397 1842
1397 1872
1399 1936
1401 1464
1401 1933
1402 1431
1402 1713
1403 1441
1403 1630
1405 1646
1407 1617
1407 1792
1408 1504
1409 1579
1409 1919
1410 1443
1410 1583
1410 1713
1412 1890
1414 1424
1414 1597
1416 1465
1417 1629
1418 1616
1419 1525
1421 1695
1421 1899
1422 1758
1424 1560
1424 1681
1425 1812
1425 1882
1426 1738
1427 1512
1427 1574
1427 1592
1429 1889
1430 1899
1430 1967
1431 1620
1431 1669
1431 1781
1432 1988
1434 1643
1434 1840
1436 1553
1436 1706
1437 1477
1437 1595
1438 1979
1439 1654
1439 1816
1439 1829
1441 1497
1443 1521
1444 1997
1445 1518
1446 1936
1447 1530
1447 1845
1448 1821
1451 1789
1454 1964
1458 1796
1459 1702
1460 1514
1460 1556
1460 1998
1461 1938
1464 1674
1466 1480
1466 1573
1467 1927
1469 1587
1470 1892
1470 1942
1471 1848
1472 1978
1473 1533
1474 1725
1475 1527
1477 1681
1477 1789
1478 1483
1479 1918
1480 1926
1482 1489
1482 1832
1483 1549
1483 1899
1484 1806
1484 1878
1485 1522
1488 1694
1491 1780
1492 1735
1492 1884
1495 1636
1495 1854
1496 1525
1497 1938
1499 1628
1502 1789
1502 1804
1502 1914
1506 1762
1507 1771
1509 1825
1511 1605
1511 1770
1511 1864
1512 1893
1512 1956
1513 1823
1515 1820
1517 1719
1517 1834
1517 1890
1518 1541
1518 1685
1520 1630
1523 1550
1523 1630
1525 1603
1526 1863
1526 1997
1528 1583
1528 1992
1531 1705
1532 1560
1532 1880
1533 1736
1534 1902
1534 1929
1537 1581
1539 1751
1540 1601
1540 1610
1540 1654
1541 1740
1541 1982
1543 1750
1544 1659
1545 1830
1546 1935
1547 1872
1548 1925
1548 1977
1549 1562
1550 1708
1550 1715
1550 1944
1550 1961
1552 1722
1552 1944
1553 1575
1554 1730
1554 1947
1556 1657
1556 1858
1557 1603
1560 1686
1560 1984
1561 1673
1562 1606
1562 1868
1562 1914
1567 1673
1567 1879
1568 1944
1570 1856
1571 1673
1571 1791
1572 1677
1574 1760
1574 1815
1574 1979
1576 1768
1576 1775
1578 1656
1578 1659
1580 1761
1583 1838
1583 1866
1586 1814
1588 1704
1588 1862
1591 1744
1592 1709
1593 1612
1595 1872
1596 1737
1596 1888
1599 1628
1599 1687
1602 1756
1603 1877
1605 1879
1605 1935
1606 1849
1607 1687
1607 1766
1607 1892
1608 1877
1609 1902
1609 1985
1610 1801
1610 1812
1612 1672
1612 1680
1612 1954
1613 1849
1615 1625
1616 1746
1616 1954
1617 1916
1619 1714
1621 1984
1623 1651
1623 1996
1625 1899
1629 1714
1630 1643
1635 1678
1635 1909
1635 1917
1636 1791
1641 1866
1642 1835
1642 1892
1643 1806
1644 1723
1644 1988
1645 1678
1648 1853
1649 1742
1649 1962
1649 1969
1654 1933
1655 1666
1655 1986
1656 1788
1656 1972
1656 1974
1657 1972
1658 1824
1658 1856
1662 1703
1662 1779
1663 1766
1664 1894
1665 1790
1665 1922
1667 1731
1668 1670
1669 1826
1671 1906
1673 1679
1674 1895
1677 1728
1678 1962
1680 1705
1682 1717
1683 1817
1689 1976
1691 1941
1692 1782
1692 1993
1697 1898
1697 1955
1698 1726
1698 1868
1698 1896
1699 1726
1699 1859
1701 1789
1702 1877
1706 1740
1706 1815
1708 1740
1708 1807
1709 1781
1710 1719
1710 1724
1711 1921
1713 1750
1716 1777
1717 1875
1719 1957
1721 1975
1722 1812
1725 1765
1726 1767
1726 1868
1728 1785
1729 1960
1731 1853
1731 1951
1733 1773
1733 1943
1735 1760
1737 1781
1740 1893
1741 1974
1742 1954
1743 1851
1743 1893
1755 1845
1755 1906
1760 1817
1762 1873
1768 1868
1769 1827
1771 1862
1775 1889
1776 1924
1778 1802
1778 1869
1786 1853
1786 1906
1790 1923
1792 1943
1794 1888
1796 1926
1797 1892
1799 1979
1801 1819
1819 1829
1820 1889
1822 1884
1825 1859
1829 1985
1833 1858
1833 1930
1837 1890
1837 1912
1840 1907
1853 1877
1857 1974
1859 1910
1867 1976
1867 1977
1870 1956
1877 1916
1878 1958
1878 1995
1879 1929
1880 1934
1887 1948
1888 1892
1894 1935
1894 1950
1898 1934
1901 1978
1903 1911
1923 1955
1930 1981
1939 1998
1946 1984
1948 1977
1954 1998
1976 1990
1979 1989
1992 1999
