2000 2000
331 928
331 37
928 1755
1484 1810
1484 454
1810 1279
606 638
606 83
638 911
796 878
796 722
878 367
570 1618
570 1973
1618 1182
167 676
167 720
676 72
736 1916
736 233
1916 1758
1038 1314
1038 1608
1314 798
1178 1474
1178 1140
1474 1657
1466 1761
1466 550
1761 11
1073 1946
1073 1767
1946 995
627 1371
627 1412
1371 423
1034 1200
1034 1493
1200 1533
748 843
748 1681
843 696
240 1419
240 1911
1419 1783
170 457
170 73
457 415
40 118
40 1575
118 395
145 665
145 514
665 177
293 1732
293 465
1732 1044
1022 1841
1022 980
1841 1643
710 1346
710 506
1346 337
657 962
657 601
962 509
800 1648
800 711
1648 1048
891 1803
891 1871
1803 1565
491 1158
491 611
1158 1853
1512 1970
1512 137
1970 71
362 1193
362 475
1193 68
567 1562
567 1226
1562 1639
698 999
698 382
999 864
1092 1118
1092 1690
1118 1195
379 1362
379 1949
1362 275
1108 1248
1108 61
1248 1529
178 554
178 1377
554 943
84 547
84 1842
547 311
1001 1939
1001 523
1939 1191
601 1823
285 1440
285 339
1440 1206
1383 1861
1383 409
1861 929
834 1124
834 1326
1124 1353
1205 1854
1205 430
1854 1478
92 1719
92 1940
1719 579
735 1676
735 343
1676 234
1141 1955
1141 116
1955 1014
403 528
403 445
528 344
702 1090
702 1485
1090 1606
1049 1463
1049 432
1463 1687
1402 1730
1402 772
1730 890
151 578
151 1051
578 340
712 1777
712 1046
1777 1267
1471 1537
1471 1433
1537 83
34 1341
34 907
1341 1409
1794 1961
1794 1567
1961 1102
1187 1369
1187 509
1369 1018
232 422
232 464
422 357
378 476
378 1960
476 760
1816 1985
1816 1273
1985 1180
1155 1336
1155 1101
1336 1826
272 989
272 624
989 883
1755 1826
281 1712
281 586
1712 124
155 1078
155 635
1078 1907
932 1035
932 1339
1035 478
1114 1829
1114 1907
1829 1891
521 1809
521 1801
1809 374
185 1860
185 876
1860 1853
88 121
88 1324
121 1005
65 1449
65 1587
1449 650
283 854
283 859
854 1680
458 706
458 290
706 1013
328 596
328 1204
596 1679
604 1025
604 1706
1025 1202
444 1338
444 1194
1338 1839
23 899
23 1306
899 719
1673 1913
1673 1922
1913 74
826 994
826 1243
994 333
1194 1213
504 1208
504 782
1208 109
542 1500
542 552
1500 959
394 964
394 1177
964 1317
120 1627
120 1811
1627 8
809 1700
809 1432
1700 153
1793 1807
1793 158
1807 1278
75 1332
75 1447
1332 363
556 738
556 1052
738 1773
377 1261
377 1894
1261 1986
1024 1746
1024 1309
1746 803
959 261
63 576
63 324
576 620
69 470
69 1781
470 288
29 1337
29 1706
1337 375
737 749
737 1209
749 1766
405 950
405 1230
950 421
548 590
548 1264
590 183
982 1785
982 926
1785 561
1264 649
89 1653
89 887
1653 1423
1070 1489
1070 303
1489 569
751 1852
751 1280
1852 431
672 1708
672 1640
1708 372
41 1576
41 632
1576 351
1271 1479
1271 681
1479 646
149 1029
149 754
1029 1294
1499 1751
1499 218
1751 529
1201 1908
1201 907
1908 841
102 1442
102 436
1442 56
519 1093
519 1647
1093 271
546 930
546 968
930 629
486 1819
486 1007
1819 1525
44 1357
44 1450
1357 1918
469 1766
469 398
1482 1963
1482 1936
1963 1340
104 325
104 1189
325 1825
489 1335
489 938
1335 1511
252 1099
252 447
1099 1031
150 822
150 1818
822 756
348 1481
348 369
1481 441
219 1330
219 287
1330 1259
51 1374
51 176
1374 433
451 670
451 1580
670 1030
183 1477
553 1355
553 1776
1355 1762
1520 1522
1520 618
1522 797
1083 1292
1083 1393
1292 616
755 1310
755 1815
1310 1182
307 1937
307 1943
1937 1721
468 1662
468 1895
1662 31
346 1636
346 816
1636 1260
77 608
77 820
608 1429
724 1359
724 1245
1359 1936
1710 1798
1710 1548
1798 568
228 597
228 915
597 39
463 1403
463 297
1403 1214
1560 1859
1560 935
1859 1283
1149 1996
1149 1649
1996 1195
649 1776
273 1953
273 742
1953 305
701 1231
701 867
1231 1950
356 410
356 355
410 1558
225 1238
225 78
1238 477
115 1744
115 1786
1744 1566
1521 1989
1521 1166
1989 1617
1600 1644
1600 776
1644 1651
869 1574
869 1232
1574 1633
206 852
206 1670
852 1768
454 837
837 1163
373 1752
373 1021
1752 510
1820 1912
1820 679
1912 1505
900 1906
900 1165
1906 1880
464 369
1161 1718
1161 1578
1718 437
614 1585
614 715
1585 849
1668 1899
1668 1192
1899 1045
705 1443
705 821
1443 1903
195 289
195 569
289 1111
652 1059
652 172
1059 495
524 873
524 1104
873 257
56 5
626 1415
626 133
1415 490
133 579
929 1146
1060 1527
1060 1784
1527 1797
1762 1948
1948 156
743 1591
743 306
1591 541
1566 612
1094 1934
1094 409
1934 857
1703 1978
1703 829
1978 1199
1320 1868
1320 501
1868 202
164 2000
164 179
2000 1436
1101 947
1345 1372
1345 993
1372 168
870 1524
870 1873
1524 1186
1204 406
1 846
1 494
846 1411
1063 1164
1063 1172
1164 1483
637 647
637 1901
647 653
262 1115
262 1835
1115 1696
465 292
143 1689
143 792
1689 1454
497 609
497 1139
609 1112
1447 1949
980 449
790 1801
790 1293
1795 1994
1795 1467
1994 1398
71 1556
1556 685
1186 1621
1621 1167
587 1850
587 1959
1850 1069
386 1531
386 656
1531 1729
1139 1808
1518 1685
1518 203
1685 216
186 868
186 259
868 1105
583 1587
583 1301
1630 1634
1630 1401
1634 1941
815 1830
815 1603
1830 70
970 1444
970 332
1444 1976
746 1470
746 1424
1470 1559
849 1828
1828 1539
1143 1780
1143 1926
1780 339
10 355
10 936
1824 1849
1824 697
1849 734
94 726
94 1931
726 267
180 766
180 537
766 818
537 43
342 1502
342 1593
1502 1616
985 1608
985 505
1533 1823
538 1004
538 787
1004 742
179 1480
1480 440
33 114
33 911
114 1507
782 349
1384 1469
1384 1923
1469 1760
301 1851
301 1262
1851 831
76 192
76 972
192 1305
1064 1873
1064 1142
937 1918
937 644
1019 1987
1019 231
1987 1745
881 1757
881 452
1757 675
116 1396
1396 58
1030 1242
1242 525
390 473
390 1733
473 1930
485 1299
485 1495
1299 919
532 1905
532 1343
1905 460
1259 130
249 1516
249 1295
1516 1971
1206 971
1606 1639
692 810
692 1228
810 687
1229 1838
1229 1058
1838 215
792 1800
1800 1714
1424 1790
35 1220
35 1349
1220 194
758 1020
758 1066
1020 1441
148 831
148 1249
926 1769
21 238
21 897
238 85
946 1979
946 1426
1979 1269
1604 1836
1604 539
1836 107
1041 1759
1041 113
1759 1169
1148 1476
1148 165
1476 169
697 1540
1540 1799
347 1427
347 241
1427 74
245 1150
245 1536
1150 1791
897 1750
1750 718
598 1274
598 978
1274 562
472 1952
472 211
1952 7
1487 1701
1487 1594
1701 1538
664 1219
664 1834
1219 414
526 611
526 1758
817 1461
817 662
1461 1329
835 1366
835 507
1366 700
288 1871
940 1568
940 251
1568 1468
103 922
103 1879
922 1969
1436 343
436 1885
1885 1342
708 1410
708 1276
1410 1000
100 624
100 1688
1324 666
1536 785
459 1645
459 32
1645 366
788 1555
788 1304
1555 139
269 581
269 79
581 948
134 1705
134 495
1705 1681
429 1473
429 220
1473 1607
771 1322
771 1891
1322 791
734 1475
1250 1622
1250 1601
1622 139
391 1446
391 500
1446 884
1316 1796
1316 1053
1796 1720
1000 1356
1930 1291
138 628
138 917
628 1554
1239 1957
1239 73
1957 795
1495 630
24 642
24 1121
642 745
82 732
82 221
732 990
1237 1624
1237 669
1624 1724
594 1438
594 997
1438 923
685 45
794 1728
794 144
1728 612
266 1837
266 1199
1837 1386
260 860
260 1328
860 27
543 1328
543 885
733 814
733 636
814 147
996 1682
996 1619
1682 572
49 1350
49 61
1350 1782
1543 1671
1543 1145
1671 646
867 944
1176 1914
1176 1727
1914 479
1179 1660
1179 986
1660 1734
201 1075
201 762
1075 1339
414 684
1061 1933
1061 1932
1933 438
136 271
136 866
367 1609
1498 1821
1498 1430
1821 1889
1232 1293
135 1740
135 1896
1740 1599
648 833
648 364
833 326
156 1754
765 1534
765 413
1534 1156
411 1414
411 714
1414 927
588 818
588 424
475 415
1023 1569
1023 1790
1569 337
1501 1687
1501 1614
1131 1367
1131 1287
1367 1043
375 795
482 1595
482 1872
1595 575
1511 396
566 1674
566 898
1674 263
81 842
81 617
842 688
1973 435
427 1107
427 171
1107 1072
643 1814
643 326
1814 284
1940 1684
1076 1552
1076 222
1552 60
938 308
1105 1170
1170 801
1584 1699
1584 1123
1699 1739
87 1452
87 1690
1452 1974
667 715
667 1612
80 1184
80 1016
1184 1867
786 1984
786 558
1984 9
563 1646
563 568
1646 416
20 1398
20 1185
154 166
154 1327
166 95
218 602
46 1127
46 1515
1127 1426
1862 1944
1862 96
1944 1561
1089 1203
1089 593
1203 1491
106 131
106 227
131 1137
1704 1772
1704 1575
1772 1056
188 1741
188 62
1741 1493
934 1036
934 1549
1036 13
1490 1928
1490 858
1928 54
1666 1745
1666 1881
1296 1654
1296 1964
1654 1546
110 1040
110 1743
1040 544
1847 1942
1847 1308
1942 1590
629 1279
502 517
502 1074
517 358
775 1658
775 564
1658 535
1258 1663
1258 918
1663 253
1082 1995
1082 1207
1995 574
1889 1779
160 1162
160 1095
1162 345
5 1921
500 861
1058 341
123 1243
123 420
551 1806
551 1897
1806 544
169 1475
39 728
728 314
253 1883
1883 1691
295 388
295 1523
388 1890
1189 1684
943 1363
1363 723
15 599
15 1505
599 864
1409 1467
168 1215
340 1972
1972 1870
1559 483
909 997
909 38
1228 1048
231 1865
908 1935
908 1695
1935 1938
1318 1919
1318 995
1919 1043
935 1135
1135 1647
1180 1325
811 956
811 1266
956 127
443 1692
443 1392
1692 62
717 1815
717 518
1249 59
1144 1510
1144 290
1510 759
1010 1430
1010 30
1290 1713
1290 979
1713 969
1297 1343
1297 163
1727 966
750 1210
750 400
1210 592
216 438
1052 1548
695 1768
695 1454
383 1273
383 1589
1109 1902
1109 915
1902 442
224 1774
224 1084
1774 1641
508 1304
508 514
707 1779
707 1456
731 824
731 990
824 1439
957 1661
957 704
1661 1376
1072 1611
1611 91
763 1121
763 440
725 1683
725 330
1683 895
1104 525
499 931
499 512
931 718
1305 1218
700 1390
431 481
924 967
924 1623
967 560
1507 839
696 191
417 1544
417 1032
1544 404
610 776
610 1026
322 1541
322 1428
1541 1845
9 645
787 1252
177 1407
1055 1571
1055 754
1571 1565
316 1497
316 806
1497 1735
490 716
716 1065
223 1943
223 1966
1464 1855
1464 217
1855 1222
503 914
503 1291
914 677
1840 1846
1840 963
1846 368
1218 913
513 1373
513 659
1373 747
1737 1870
1737 536
586 1214
1053 1503
1503 520
1213 799
633 880
633 1765
880 205
1120 1413
1120 1929
1413 45
1069 1856
1856 1678
11 1391
1391 187
351 1788
1067 1257
1067 336
1257 973
516 1154
516 1925
1154 1804
498 1631
498 591
1631 855
130 1613
1613 1284
480 1317
480 1763
1909 1954
1909 370
1954 1160
1926 1399
1478 1767
557 1128
557 28
1128 1504
1781 1917
1917 197
552 1458
1458 1152
948 1278
539 621
621 418
675 890
1301 1802
1152 446
1619 37
1309 1513
1349 1743
446 1079
555 1733
555 1975
399 1894
399 1731
1245 1951
1951 1898
175 1103
175 277
1103 70
1284 1130
22 452
22 1252
236 1198
236 91
1198 874
515 1553
515 1651
1553 1927
26 1770
26 268
1770 819
595 987
595 3
987 152
48 360
48 1747
360 1196
16 1460
16 365
1460 690
992 1626
992 645
1626 1225
1586 1956
1586 1616
1956 1181
886 1990
886 1843
1990 1412
420 1400
1400 1802
1519 1637
1519 1340
1637 393
437 359
334 1742
334 1451
1742 1042
874 1707
305 1864
1864 954
575 1459
1459 392
204 1632
204 1281
1632 1311
330 244
954 1992
690 1117
1117 1123
1975 241
1508 1749
1508 198
1749 1561
3 300
424 875
392 318
550 584
584 1037
1365 1965
1365 389
1965 1709
689 784
689 1348
784 1563
1468 487
1818 683
729 1085
729 25
1085 376
122 264
122 1406
264 883
1754 1592
1146 1665
13 622
622 1844
455 1492
455 108
1492 1334
862 976
862 1003
976 60
730 1431
730 50
1431 1348
969 825
631 1080
631 1423
1080 694
1896 1344
799 893
893 315
1071 1315
1071 600
1315 1686
872 877
872 1285
877 1526
86 871
86 577
871 1724
85 1887
1691 620
55 1378
55 181
1378 1583
1570 1593
1570 1388
1964 296
918 1945
1747 1509
1196 389
863 913
863 1878
861 807
221 1675
1675 461
894 1166
894 661
960 1111
960 1435
527 1638
527 793
1638 210
1068 1696
1068 428
229 1535
229 927
1535 125
1344 176
699 1866
699 530
1866 1981
184 1649
184 851
345 434
434 402
406 978
374 309
261 291
291 477
1145 1735
181 1122
1122 79
1212 1453
1212 1289
1453 1711
329 1923
329 313
203 1380
1488 1882
1488 1629
1882 1323
53 298
53 279
298 650
144 721
1601 603
404 1451
1872 275
1769 1738
1554 471
278 1175
278 713
1175 1557
327 888
327 1542
888 904
1738 387
1266 802
1387 1462
1387 1783
1462 753
1760 674
494 292
1129 1432
1129 1756
767 1982
767 1368
1982 408
111 1677
111 1130
1677 673
1353 1664
126 1922
126 395
233 1445
889 1715
889 1433
1715 1134
191 1642
1642 312
591 709
709 1915
370 173
507 1240
1240 1686
317 1494
317 823
1494 1988
323 1425
323 12
1425 958
760 1197
1197 1778
220 1911
311 1235
1950 1113
1831 1945
1831 1132
630 1697
1697 193
109 350
801 781
430 1263
1263 602
259 1381
1381 1026
694 895
659 773
529 1241
1241 653
949 1455
949 757
1455 450
939 1670
939 1268
1233 1888
1233 1711
1888 761
803 902
479 354
1285 1898
1962 1997
1962 207
1997 1578
562 132
453 1138
453 1625
1138 1244
270 1282
270 141
1282 1321
745 580
1386 1288
282 1256
282 574
1256 247
923 172
416 847
847 1967
1027 1904
1027 991
1904 1550
884 1822
505 632
54 1614
161 1725
161 828
1725 1602
1416 1721
1416 230
779 1429
779 836
1515 821
781 248
1222 324
450 1900
202 1390
296 1168
1168 1002
1289 432
857 1097
1097 1635
616 1379
1379 512
777 1333
777 1609
1333 830
1714 1988
904 780
315 189
823 112
1254 1901
1254 1098
1376 1132
673 1361
1361 533
1895 1331
1236 1358
1236 991
1358 1054
1280 974
287 1156
284 1106
618 936
1617 789
807 1217
1217 1303
423 1321
124 1869
297 1640
2 523
2 1270
560 1298
361 1395
361 791
1395 617
541 1564
254 1269
254 336
1005 1119
466 1597
466 1136
1597 210
1057 1364
1057 98
1364 592
518 1235
1334 286
1050 1998
1050 1596
1998 1375
248 1496
1496 157
214 945
214 234
945 412
684 1797
1822 682
7 615
615 190
441 1183
368 1268
727 941
727 244
941 365
1177 1603
1931 1126
1167 64
280 1420
280 1652
1420 215
1546 759
1095 1133
1804 8
1281 1445
1925 1042
1006 1789
1006 955
1789 1313
321 1457
321 534
1457 1557
875 302
669 1153
435 1151
199 793
199 1380
1079 38
850 903
850 662
903 1786
947 1509
1966 1983
1983 856
263 1717
1717 1598
433 208
713 1672
1323 1417
892 1021
892 1044
1009 1277
1009 840
1277 1385
522 1833
522 17
1833 764
247 1255
1308 1875
1875 1753
1302 1306
1302 67
979 1434
963 384
536 1215
320 1999
320 129
1999 426
666 1253
654 1844
654 189
230 879
879 308
1153 1448
1448 827
363 1817
1817 844
1140 1594
371 1003
371 353
1370 1827
1370 42
1827 1102
1477 1307
478 1394
1394 747
917 953
1720 98
1183 18
335 1876
335 853
1876 1223
1643 209
257 1216
952 1929
952 1588
756 50
426 1532
580 740
496 1011
496 605
1011 1190
1652 381
107 906
906 1605
306 25
439 1910
439 902
1910 1924
839 1014
785 1326
256 634
256 1406
634 1405
1137 1960
1629 920
721 534
780 1813
820 1880
246 445
246 1615
1012 1147
1012 658
1147 142
1417 1267
1791 1247
142 703
376 1407
1707 752
619 663
619 198
663 418
1112 1764
1764 129
277 1272
1635 1607
773 1251
1251 1947
887 1007
1765 827
18 1992
722 1159
354 1303
235 1877
235 1722
1877 1723
605 1927
600 919
687 1517
1065 1665
66 1286
66 1628
1286 819
1163 1329
1835 57
789 146
841 1893
1893 1881
157 1669
1669 520
96 1659
1659 217
1491 1275
1602 825
1028 1081
1028 255
1081 1262
484 1920
484 1845
1920 1397
558 1211
1087 1581
1087 1702
1581 1216
419 1567
419 467
338 639
338 1084
639 623
1159 364
304 533
304 258
1702 408
1736 1967
1736 1784
64 1787
719 1656
1656 397
471 1969
772 1538
319 1722
319 942
683 1172
108 691
1354 1385
1354 1863
741 1679
741 397
101 1993
101 1523
1993 640
140 752
140 174
1525 1532
460 1782
1331 1368
349 921
274 1017
274 1265
1017 1514
1066 1157
753 1811
162 1077
162 309
1077 1657
1393 1389
113 804
1325 4
95 205
267 6
1347 1623
1347 302
380 1771
380 1504
1771 1545
1588 128
1439 1211
127 1096
1096 194
830 1545
1116 1547
1116 401
1547 1739
1113 1775
573 1039
573 769
1039 1230
1227 1270
1227 299
128 1298
19 1620
19 190
1620 905
1173 1564
1173 1062
1008 1088
1008 984
1088 1551
797 1313
1255 1287
200 276
200 1938
276 571
449 1986
163 239
243 768
243 901
768 813
1592 1397
1188 1813
1188 1100
993 1921
1763 1633
488 1209
488 802
125 1832
99 988
99 973
988 671
428 898
1411 607
1825 208
90 1693
90 384
1693 981
1680 255
30 227
506 1605
1311 359
1342 43
984 1375
341 493
493 783
314 625
625 965
447 660
660 1037
173 1174
1174 402
510 1884
1884 1405
242 492
242 1563
492 1190
1045 1319
42 1450
250 352
250 1435
352 1351
146 474
783 851
1013 585
333 651
651 312
251 1192
300 739
739 193
565 1388
565 1667
381 1716
1716 848
487 774
1169 1947
1018 865
286 1788
1550 641
545 1265
545 1160
856 1572
1572 1805
845 925
845 1577
925 1392
366 661
382 1688
912 1625
912 1513
865 1778
961 1486
961 808
1486 1418
1506 1694
1506 1589
1694 132
58 1834
1046 853
1119 1356
564 1360
572 1244
703 975
975 158
844 1246
313 905
723 1792
1792 778
1528 1582
1528 1047
1582 1526
1731 1892
117 1753
117 182
1225 1401
357 577
147 401
968 171
78 744
72 1573
1615 1968
859 1421
774 804
32 396
31 1610
1599 1002
1971 1709
421 1404
1260 1530
372 1848
1848 1799
603 720
14 977
14 816
977 1422
806 1551
344 1377
1832 1734
1981 1698
59 1051
462 1224
462 1698
1224 655
332 1865
112 1886
1539 237
1142 1863
812 1319
812 310
840 1775
442 1352
456 1428
456 299
393 425
1327 828
1678 511
159 1033
159 1016
1033 1098
1106 1959
93 1991
93 1729
1991 1032
1628 656
400 412
1047 1171
1171 944
1664 1583
1421 57
953 67
1360 829
640 571
212 1695
212 1897
1272 531
197 222
901 838
688 1253
1226 549
239 1812
353 1382
1382 916
668 1165
668 1191
511 693
693 1100
1549 68
641 658
1352 1465
187 1247
1805 1650
585 1517
1134 1579
1579 778
535 762
1181 385
1787 1434
28 1288
593 279
674 1980
1980 1858
691 986
213 1133
213 1748
1874 1976
1874 679
540 561
540 209
1641 1580
265 1408
265 882
1408 1723
385 1185
1915 174
226 635
226 1234
682 686
686 1530
1748 4
1404 501
1756 1879
1514 1110
744 1886
876 303
1590 1878
105 623
105 1295
855 1465
448 589
448 1031
589 1958
965 1867
1136 1485
1221 1276
1221 1086
153 1900
52 714
52 6
671 1275
955 1650
407 1207
407 769
36 1151
36 237
141 966
832 1472
832 678
1472 1312
1612 1812
1307 1015
1422 97
207 866
1542 310
805 1086
805 1672
47 770
47 582
770 836
655 998
998 258
981 1858
1126 165
677 1157
636 152
1869 1015
761 1932
474 1573
1246 1726
983 1441
983 1389
1892 27
294 958
294 607
971 1062
1300 1418
1300 808
1283 398
1399 613
425 1125
972 1529
896 1655
896 12
1655 559
951 1483
951 549
916 1726
350 1598
1294 17
1924 680
1667 910
1890 1558
1577 1903
211 858
757 1091
1091 1125
798 1887
97 119
119 1958
1842 1223
1974 1054
848 740
358 582
974 910
483 1456
680 1857
1857 1312
461 1843
764 1977
1977 1610
1074 481
613 1202
1351 1773
1968 711
1839 1234
387 933
813 1437
1437 413
531 942
933 268
559 885
467 681
318 196
137 182
920 678
704 838
1056 1941
1110 882
921 1596
644 1808
196 530
