2000 1321
3 830
3 1045
4 1143
4 1892
5 1900
6 1112
7 1234
9 144
9 480
10 264
10 919
11 837
12 317
13 878
14 767
14 857
14 1173
16 1001
16 1660
18 1411
19 422
21 705
21 1422
24 571
24 807
24 905
24 1219
26 134
27 566
29 771
30 696
30 913
31 1479
33 273
33 1582
33 1744
34 499
34 1773
35 1645
36 574
37 348
37 1143
38 1867
39 1545
39 1748
41 975
42 995
43 969
45 676
46 1354
48 1885
49 1392
49 1453
49 1730
50 375
50 1885
50 1924
51 528
51 730
51 1069
51 1287
52 95
52 210
52 1232
53 983
53 1463
54 531
54 1284
55 987
55 1335
55 1336
55 1904
56 935
57 1401
58 542
59 453
61 381
62 1312
63 1382
66 921
66 1160
68 484
68 1335
69 74
69 792
69 1407
70 166
71 248
71 757
73 199
73 1243
74 1310
75 873
75 1044
75 1284
76 940
76 1998
77 1734
77 1850
79 313
79 506
79 1013
79 1359
81 739
81 1161
81 1707
82 313
82 985
82 1276
83 211
83 1335
84 1857
86 95
86 926
86 1213
86 1823
86 1950
89 209
89 363
89 678
89 967
89 1531
91 1161
91 1171
92 402
92 566
92 1801
93 522
93 1318
96 367
101 1912
103 782
104 609
104 799
105 215
105 597
107 1553
108 395
108 880
108 1071
108 1513
109 325
110 898
110 903
111 374
111 746
115 501
115 887
115 1880
116 821
117 210
117 546
117 1941
120 1504
121 1974
122 559
122 722
122 983
123 908
123 1567
123 1952
124 620
126 188
126 413
128 1560
130 403
130 605
130 846
131 732
132 1361
133 1161
134 1605
135 1865
136 170
136 664
136 798
136 821
136 1237
136 1486
136 1678
138 1973
139 862
140 322
140 704
141 1831
144 584
144 798
145 551
146 1496
148 695
148 1161
150 1173
151 1375
155 1171
156 1248
158 880
158 1073
160 1707
161 162
161 379
161 1258
165 1611
166 524
166 1474
166 1685
167 1097
168 365
168 583
168 1905
170 452
170 453
170 1453
171 238
171 271
173 1795
174 1507
175 1103
175 1628
175 1818
176 217
177 1134
179 459
179 1277
181 1627
182 1695
184 984
184 1394
185 223
186 784
186 1062
187 872
187 1055
187 1326
188 1844
191 1463
193 949
193 1173
194 1592
195 624
195 1404
197 1115
198 555
198 1705
199 645
200 285
203 304
203 1395
204 434
204 454
204 1452
204 1911
205 1516
208 386
209 846
209 1818
209 1959
212 555
212 1103
212 1141
212 1145
213 940
213 1702
214 958
215 1676
215 1729
215 1913
217 820
221 1388
223 1131
224 265
224 800
224 1523
225 422
226 1070
228 1601
228 1791
229 1675
231 1107
231 1251
231 1561
232 1542
233 945
233 1410
235 517
235 1359
240 748
241 1646
242 245
242 1185
242 1395
244 1105
244 1180
244 1438
245 810
245 1443
245 1650
246 956
246 1561
246 1602
247 1280
248 1012
248 1050
249 1449
250 678
251 1199
252 635
252 887
253 1099
253 1147
253 1532
254 260
254 1238
255 745
255 782
255 855
256 610
257 852
257 1280
258 1572
261 512
263 465
264 298
264 958
264 1596
265 1308
268 1296
269 1069
270 1616
270 1698
271 1019
273 314
273 377
273 1299
274 1318
276 1070
276 1399
276 1601
276 1860
276 1913
278 1688
279 1513
280 1809
282 343
282 891
285 821
286 1089
287 1009
287 1491
289 587
289 987
289 1126
290 866
290 1051
290 1088
290 1216
291 1023
291 1505
293 1709
294 398
294 1584
295 695
296 1687
297 1283
299 1705
299 1904
300 1606
301 1929
304 867
305 1766
307 486
308 787
309 590
310 663
311 1184
311 1201
312 1824
313 526
314 821
314 891
314 1415
314 1769
316 1490
320 1134
323 534
325 1043
326 1293
328 1953
329 541
331 1393
332 1320
333 1700
334 868
334 1422
334 1814
335 637
336 882
336 1132
336 1934
337 1616
338 1625
338 1987
340 419
340 1319
340 1587
341 1184
341 1887
342 634
343 986
344 412
344 525
344 532
345 991
346 1148
346 1335
347 585
347 635
347 1249
350 784
351 1605
351 1883
352 436
352 867
352 917
352 1586
352 1594
352 1991
356 609
358 704
358 727
360 1531
361 464
361 869
364 570
364 1410
366 987
370 887
370 946
372 1951
373 577
373 636
373 1116
374 1297
377 1273
377 1616
377 1679
378 1568
378 1827
379 1170
380 987
380 1441
381 988
381 1728
382 1545
383 575
384 1011
384 1936
385 1084
386 1210
386 1997
387 604
387 757
387 1302
388 391
388 1146
388 1232
388 1285
389 1216
390 981
390 1228
392 1364
393 1226
393 1497
394 1014
396 1074
397 448
400 890
401 1684
402 743
403 706
403 1043
403 1321
405 551
405 1948
407 899
408 1013
408 1103
410 1518
411 528
411 1025
415 1234
415 1971
416 976
416 1286
416 1334
418 1559
419 460
419 522
419 1670
423 867
424 942
424 1235
424 1529
424 1886
425 1258
426 864
426 1283
426 1737
427 1172
428 1838
430 726
431 1283
432 693
433 547
434 896
434 1220
435 747
437 506
437 1115
437 1515
439 1298
439 1938
439 1948
440 737
441 498
442 685
443 1992
446 1971
448 1607
448 1865
451 1516
451 1844
451 1864
452 489
453 534
453 1672
453 1783
455 752
456 599
457 696
457 1732
458 900
458 908
458 1385
458 1575
459 1557
459 1879
461 1050
462 1938
463 597
464 1027
464 1541
464 1953
465 936
467 1836
470 1361
471 1180
472 827
473 940
473 1214
475 1529
478 1906
478 1972
479 1506
479 1761
480 1776
480 1937
482 1233
482 1699
483 573
483 1889
484 550
487 842
487 1780
488 1173
488 1430
491 1256
491 1905
492 665
492 1015
492 1087
493 1318
493 1789
496 1443
497 1548
502 1577
503 1567
504 620
504 1029
505 1772
507 1959
508 1810
509 705
510 973
512 789
512 1109
513 1748
514 1542
515 1139
516 706
519 732
519 920
519 1026
521 942
522 1350
524 1003
527 1291
528 1283
529 797
531 1953
534 693
535 1073
537 1169
539 1871
545 625
547 747
547 1141
547 1622
548 1957
549 814
549 897
549 959
549 1085
549 1216
550 676
554 1504
555 748
557 933
557 1519
559 979
559 1789
563 1619
563 1705
564 1959
566 1274
567 986
567 1854
568 1355
569 1010
573 1919
574 776
575 770
575 1002
576 1136
577 1514
579 1692
580 709
582 1322
582 1380
583 1752
584 1065
584 1339
584 1991
586 991
586 1401
588 691
588 741
588 1126
589 597
589 1229
590 1100
590 1252
591 1691
592 874
592 881
594 879
596 1773
597 771
597 1203
603 1060
604 1851
606 1387
610 935
610 1470
611 639
611 697
613 1111
613 1931
614 1523
615 1095
616 1203
616 1358
617 1300
618 716
618 991
619 994
619 1924
619 1978
620 1145
620 1150
620 1944
621 1658
621 1839
622 1606
623 1593
624 1455
627 833
629 856
629 923
629 1541
633 1512
634 1953
635 739
636 1752
637 830
638 1298
639 1515
640 1801
643 690
643 786
644 1139
645 1152
645 1911
647 1264
648 857
648 1645
649 920
649 1511
650 1181
651 800
651 1502
652 739
653 838
653 1740
655 1019
656 1705
657 1912
658 785
658 1600
658 1722
661 1176
664 1845
665 1960
667 1544
667 1579
672 1233
672 1745
673 689
673 1908
674 1338
674 1565
677 1408
678 1704
680 858
680 944
682 1192
685 1611
686 1204
686 1430
686 1737
686 1745
688 1299
688 1580
689 828
691 1182
691 1326
692 1425
693 1833
695 1480
695 1527
699 1367
700 839
701 809
702 883
702 1515
703 1572
703 1790
704 1342
705 1682
705 1730
707 1005
707 1846
707 1961
709 1452
710 877
710 991
713 1451
720 1054
720 1220
720 1669
723 978
725 1135
728 1782
729 1959
732 1733
736 1101
736 1594
737 1930
740 1201
743 1329
743 1993
745 977
748 1643
749 1716
752 885
752 1905
754 1254
756 1960
759 854
759 1146
759 1676
759 1701
760 1276
762 1508
768 949
768 1542
769 1424
769 1473
770 1009
772 773
773 1362
773 1541
774 1710
774 1976
775 867
775 1745
777 1700
779 1507
783 1748
784 1807
785 1675
785 1870
789 1315
792 1642
795 983
795 1130
796 954
796 1736
796 1752
796 1772
798 848
800 1110
801 1014
804 1968
805 1535
807 1717
811 1492
814 1327
815 1061
817 1845
818 1213
819 824
819 1493
820 1530
823 1040
825 1398
826 1653
827 1219
827 1972
828 1502
829 936
830 1526
831 1128
831 1965
832 1294
833 1613
834 1331
834 1754
835 1105
835 1482
836 1686
837 1943
838 1740
839 1373
839 1634
839 1828
841 1354
841 1851
842 1085
842 1306
842 1313
842 1872
843 971
843 1910
844 1307
847 975
847 1617
848 1720
849 909
851 1017
853 903
854 1585
857 937
857 1311
859 1336
860 1966
861 1000
861 1747
862 1454
863 920
863 1220
864 1042
864 1745
866 1253
867 1697
868 1161
872 1137
872 1396
874 1287
876 1648
880 1983
883 1982
884 1333
885 1935
890 995
891 910
891 1309
891 1778
891 1824
892 953
894 1154
894 1843
894 1883
896 1015
898 1510
901 1108
903 946
908 982
908 1147
908 1293
909 1854
910 1539
913 1600
915 1026
915 1091
915 1535
915 1684
916 1286
917 1520
919 1230
922 1625
924 1494
925 1159
926 1247
928 1919
929 1666
931 968
933 1486
933 1747
935 1228
936 1754
937 1032
937 1297
939 1330
944 1223
946 2000
947 1646
947 1795
948 1179
948 1629
953 1896
957 1988
958 1974
962 1891
964 1237
964 1857
968 1891
969 1881
972 1155
973 1976
975 1966
977 1414
978 1048
982 1285
982 1414
983 1405
984 1536
986 1490
993 1037
996 1369
998 1093
998 1788
999 1126
999 1696
1000 1628
1000 1760
1002 1432
1004 1662
1005 1732
1005 1996
1010 1845
1013 1085
1013 1148
1013 1964
1015 1374
1016 1581
1016 1671
1023 1848
1025 1026
1026 1152
1027 1104
1029 1150
1031 1285
1031 1888
1032 1104
1032 1385
1032 1736
1034 1324
1036 1399
1037 1430
1037 1614
1038 1139
1038 1253
1038 1535
1039 1332
1040 1609
1043 1125
1043 1426
1044 1506
1046 1821
1046 1933
1048 1798
1048 1925
1054 1704
1055 1099
1059 1863
1060 1396
1063 1745
1065 1598
1066 1375
1067 1436
1067 1704
1067 1858
1068 1676
1068 1867
1071 1253
1073 1226
1075 1160
1075 1738
1078 1366
1078 1407
1080 1731
1082 1747
1083 1611
1085 1448
1086 1633
1088 1981
1090 1750
1091 1487
1092 1884
1094 1113
1096 1226
1096 1710
1097 1227
1099 1620
1100 1750
1100 1766
1102 1225
1105 1129
1106 1176
1114 1527
1115 1299
1116 1474
1116 1621
1117 1521
1121 1253
1122 1508
1125 1691
1126 1565
1127 1592
1129 1503
1130 1281
1134 1463
1136 1487
1138 1861
1139 1506
1139 1582
1140 1759
1140 1860
1143 1969
1144 1430
1146 1153
1146 1473
1148 1444
1148 1675
1148 1912
1149 1598
1152 1354
1154 1247
1155 1520
1159 1964
1161 1296
1162 1459
1163 1442
1164 1552
1165 1187
1165 1532
1165 1611
1166 1499
1168 1177
1169 1375
1171 1310
1172 1675
1172 1918
1173 1591
1173 1905
1175 1348
1175 1368
1175 1429
1177 1923
1180 1401
1182 1792
1184 1654
1185 1626
1186 1408
1187 1303
1187 1328
1189 1354
1189 1891
1191 1350
1191 1405
1193 1497
1197 1837
1199 1459
1199 1552
1200 1807
1203 1362
1203 1540
1204 1652
1206 1226
1209 1351
1209 1384
1210 1248
1211 1640
1211 1714
1212 1280
1214 1320
1218 1914
1221 1621
1223 1708
1224 1505
1224 1624
1224 1627
1224 1787
1231 1603
1231 1735
1233 1732
1239 1871
1241 1298
1245 1700
1248 1290
1249 1362
1249 1755
1249 1868
1252 1387
1252 1644
1257 1821
1258 1592
1261 1334
1271 1887
1273 1967
1276 1956
1277 1296
1277 1300
1278 1891
1280 1422
1280 1818
1283 1575
1294 1461
1295 1550
1297 1939
1301 1970
1304 1563
1305 1784
1306 1825
1308 1321
1308 1678
1309 1378
1311 1468
1313 1465
1313 1689
1313 1747
1314 1420
1316 1445
1317 1876
1318 1773
1323 1543
1328 1921
1329 1393
1330 1728
1331 1856
1332 1438
1333 1335
1333 1957
1341 1469
1343 1857
1346 1818
1351 1971
1354 1920
1354 1934
1355 1529
1359 1497
1359 1675
1361 1823
1362 1486
1364 1392
1365 1819
1369 1398
1370 1566
1371 1893
1373 1827
1373 1981
1375 1396
1385 1447
1385 1990
1385 1999
1390 1864
1392 1683
1393 1936
1394 1638
1398 1683
1398 1823
1402 1707
1404 1902
1411 1853
1413 1889
1413 1941
1420 1852
1421 1962
1423 1788
1426 1761
1433 1888
1437 1973
1438 1555
1441 1788
1447 1696
1456 1744
1458 1679
1464 1859
1467 1541
1467 1656
1469 1563
1472 1682
1475 1512
1476 1744
1487 1853
1488 1827
1491 1555
1494 1955
1496 1508
1498 1828
1506 1939
1508 1809
1510 1709
1515 1971
1516 1953
1518 1758
1520 1649
1522 1781
1526 1702
1533 1766
1539 1942
1544 1629
1551 1712
1553 1601
1553 1960
1559 1683
1563 1836
1564 1607
1568 1868
1576 1843
1578 1771
1579 1842
1583 1687
1585 1632
1587 1761
1593 1974
1594 1893
1596 1808
1597 1894
1604 1840
1604 1966
1607 1916
1611 1721
1613 1725
1618 1763
1623 1816
1648 1950
1663 1766
1664 1884
1665 1949
1666 1678
1667 1957
1677 1740
1687 1700
1689 1904
1697 1938
1701 1782
1709 1935
1716 1746
1720 1829
1721 1976
1721 1981
1723 1804
1728 1912
1729 1808
1740 1824
1741 1763
1760 1915
1767 1823
1779 1823
1781 1878
1789 1937
1790 1990
1809 1830
1818 1936
1819 1853
1823 1986
1830 1953
1832 1848
1835 1846
1836 1964
1837 1952
1847 1940
1857 1996
1859 1892
1875 1977
1895 1944
1898 1983
1904 1947
1920 1957
1955 1991
