2000 5034
1 1516
2 1959
2 199
2 495
2 697
3 1516
3 128
4 140
4 1516
4 829
4 1959
4 1913
4 1470
4 635
4 1169
4 621
4 46
4 1876
4 1739
4 1174
4 1258
4 1920
4 1492
4 1029
4 304
4 1621
4 1611
4 729
4 644
4 578
4 1215
4 1251
4 369
4 823
4 228
4 1451
5 1739
6 1169
6 466
9 126
10 1799
11 1775
11 1470
11 745
11 427
12 140
12 1516
12 829
12 1913
12 635
12 1124
12 464
12 496
12 1797
12 1161
12 519
12 665
13 1506
13 389
13 1994
14 140
14 1516
14 829
14 1169
14 1762
14 467
14 713
16 1775
18 950
19 635
19 1311
20 140
20 1516
20 829
20 737
20 1959
20 1763
20 192
20 1739
20 745
20 1594
20 730
20 1523
20 640
20 353
20 912
20 1902
21 140
21 635
21 1367
21 548
22 621
24 140
25 928
25 490
26 140
26 829
26 1124
26 1126
26 1142
26 1258
27 1490
27 115
28 1258
29 1516
30 257
30 717
30 886
31 140
31 829
31 1913
31 261
31 400
31 1701
32 140
32 1959
32 270
33 499
34 760
34 764
34 1333
35 142
36 1729
38 1516
39 140
39 635
39 250
40 140
40 1516
40 829
40 1913
40 1775
40 1470
40 935
40 1145
40 1899
40 1702
40 1945
40 587
40 1675
40 1462
40 1170
40 1888
41 1155
41 1126
41 542
41 792
41 700
41 1952
42 829
42 1470
42 1480
42 596
42 208
43 140
43 829
43 1775
43 1174
43 1342
44 829
45 140
45 949
46 140
46 1516
46 829
46 737
46 1959
46 1913
46 1775
46 1470
46 192
46 1081
46 1490
46 1127
46 1613
46 325
46 782
46 1892
46 82
46 717
46 1026
46 1446
46 1102
46 658
46 967
46 282
46 1344
46 51
46 1784
46 1877
46 1271
46 1013
46 1651
47 349
48 140
48 829
48 1775
48 621
48 1295
49 1516
49 829
49 764
49 204
50 509
50 959
50 1397
51 227
53 140
53 1142
53 123
54 495
54 760
55 1184
56 1139
58 1516
58 829
58 686
58 198
59 84
60 140
60 1516
60 1417
60 1174
60 1932
60 1678
60 839
60 200
60 101
60 1904
60 1551
61 307
62 737
62 1751
63 349
64 863
65 140
65 1516
65 829
65 737
65 1959
65 1913
65 1470
65 1506
65 1876
65 1597
65 1311
65 685
65 325
65 784
65 1099
65 1309
65 123
65 200
65 262
65 1781
65 1477
65 906
66 1516
66 1490
68 1516
68 829
68 1959
69 1117
70 140
70 1311
70 1896
70 950
70 375
70 825
71 1959
71 846
72 796
73 1516
73 829
73 1174
73 1832
74 140
74 1516
74 829
74 1913
74 1124
74 1506
74 649
74 1075
74 257
74 685
74 467
74 557
74 556
74 1004
74 1921
74 1767
75 140
75 829
75 846
75 645
75 1472
75 296
75 1779
75 1507
75 1577
76 935
77 1516
77 829
78 1126
78 362
78 245
79 157
79 894
80 1417
80 1799
81 140
81 829
81 414
82 140
82 737
82 1775
82 949
82 1142
82 935
82 1308
82 685
82 1196
82 982
82 90
82 673
83 1606
83 1006
83 700
84 1775
84 1367
84 1492
84 1555
85 645
86 829
86 1775
86 980
87 1311
88 140
88 314
88 948
89 1516
89 245
89 766
90 1516
90 829
90 1308
90 811
90 114
91 1516
91 192
91 509
91 1088
91 976
91 1242
91 1460
92 140
92 829
92 1628
93 140
93 1913
93 1739
93 639
93 1096
93 1119
93 187
93 819
94 140
94 737
94 1883
95 140
95 476
95 742
96 829
97 1591
98 1606
98 947
100 140
100 1516
100 829
100 1959
100 1470
100 1417
100 1138
100 1367
100 1295
100 176
100 434
100 782
100 1538
100 756
100 1809
100 1437
101 1516
103 795
104 1417
104 374
104 1097
105 829
105 635
105 416
106 140
106 1516
106 829
106 1959
106 1470
106 192
106 1998
106 1138
106 1127
106 1198
106 1844
107 1002
107 1233
108 829
108 1018
109 140
109 829
109 846
109 1139
110 1127
110 673
112 1516
113 1516
113 829
113 1959
113 1124
113 1258
114 140
114 829
114 1155
114 261
114 1795
114 1689
116 1775
116 147
117 140
117 1775
117 1762
117 1785
117 515
117 146
118 1169
119 829
119 1913
120 1659
123 737
123 1490
123 565
124 1516
124 829
124 346
125 1516
125 966
126 1931
127 1516
127 1169
128 140
128 829
128 1876
128 1472
128 555
128 853
128 1106
128 241
128 547
128 1048
129 1959
129 409
130 1627
131 676
132 140
132 829
132 1739
132 1896
132 881
133 1126
133 144
133 226
133 1978
134 469
134 196
134 988
135 1492
136 1621
136 699
137 140
137 1516
137 829
137 1775
137 1606
137 948
137 1421
138 140
138 1516
138 1142
138 1297
138 254
138 703
138 1352
138 1366
139 1516
139 829
139 1506
139 1467
140 1516
140 829
140 737
140 1959
140 1913
140 1775
140 1470
140 635
140 1169
140 1124
140 1506
140 1417
140 621
140 1007
140 1155
140 649
140 1763
140 192
140 1998
140 1081
140 846
140 1876
140 1739
140 1935
140 416
140 1174
140 745
140 1490
140 1126
140 949
140 1075
140 1762
140 645
140 980
140 1049
140 1142
140 858
140 199
140 495
140 1138
140 1258
140 1472
140 509
140 1127
140 1297
140 935
140 1627
140 257
140 261
140 1799
140 344
140 1367
140 1920
140 409
140 1308
140 144
140 1480
140 362
140 245
140 1836
140 811
140 1975
140 1991
140 539
140 1492
140 1597
140 1613
140 1029
140 1700
140 1311
140 1139
140 304
140 760
140 347
140 1746
140 1002
140 1086
140 268
140 414
140 1777
140 657
140 685
140 1016
140 1794
140 325
140 1374
140 1795
140 1196
140 1368
140 646
140 1591
140 1213
140 1896
140 1823
140 219
140 1295
140 1883
140 627
140 1579
140 1481
140 1156
140 619
140 965
140 1050
140 767
140 481
140 147
140 227
140 1889
140 890
140 467
140 1594
140 728
140 1941
140 176
140 434
140 230
140 1942
140 296
140 686
140 1621
140 590
140 1606
140 784
140 1542
140 464
140 496
140 1536
140 1766
140 1989
140 248
140 1084
140 1325
140 1209
140 1145
140 555
140 1770
140 822
140 1734
140 853
140 1694
140 947
140 1274
140 314
140 254
140 1710
140 709
140 596
140 1538
140 476
140 471
140 1175
140 1362
140 504
140 1435
140 1412
140 1464
140 1892
140 168
140 350
140 1198
140 1442
140 1648
140 1985
140 565
140 895
140 818
140 1682
140 884
140 959
140 1628
140 982
140 1488
140 1038
140 405
140 1355
140 1088
140 877
140 513
140 517
140 365
140 1664
140 1982
140 568
140 1899
140 1457
140 950
140 1981
140 861
140 1067
140 556
140 730
140 1996
140 1559
140 1257
140 567
140 1333
140 729
140 1918
140 918
140 1132
140 1939
140 1831
140 897
140 1386
140 2000
140 1422
140 1332
140 354
140 756
140 1858
140 786
140 1293
140 1582
140 717
140 1026
140 1006
140 1929
140 1623
140 1785
140 1702
140 1986
140 1108
140 1023
140 1945
140 1350
140 258
140 948
140 452
140 1580
140 604
140 1217
140 1455
140 971
140 923
140 235
140 852
140 945
140 1449
140 1565
140 469
140 1963
140 1475
140 1863
140 659
140 1102
140 1932
140 259
140 1875
140 976
140 1971
140 351
140 1416
140 638
140 708
140 696
140 1414
140 1197
140 1946
140 1914
140 1287
140 1307
140 1041
140 1163
140 1264
140 750
140 1629
140 1523
140 211
140 170
140 1653
140 1850
140 1964
140 1468
140 1401
140 967
140 212
140 1312
140 412
140 1059
140 1427
140 1183
140 158
140 1408
140 1544
140 1717
140 1296
140 1080
140 1149
140 461
140 308
140 1250
140 1581
140 1872
140 1654
140 1119
140 375
140 1244
140 633
140 1407
140 1854
140 1082
140 145
140 682
140 802
140 855
140 197
140 1873
140 236
140 862
140 1503
140 1234
140 938
140 839
140 1396
140 200
140 1713
140 930
140 332
140 1797
140 972
140 352
140 1265
140 913
140 1230
140 460
140 349
140 888
140 606
140 262
140 1853
140 1280
140 1756
140 154
140 532
140 1856
140 1760
140 1482
140 1353
140 333
140 478
140 196
140 626
140 600
140 580
140 1323
140 1903
140 287
140 1215
140 962
140 1880
140 1658
140 1517
140 1804
140 1200
140 842
140 1962
140 1547
140 775
140 908
140 1782
140 1494
140 1092
140 1015
140 742
140 1684
140 1781
140 1378
140 370
140 1599
140 1864
140 1462
140 1645
140 766
140 1357
140 505
140 1077
140 1384
140 498
140 1907
140 573
140 1968
140 1660
140 406
140 1904
140 537
140 1365
140 1208
140 1220
140 1540
140 1718
140 928
140 1504
140 519
140 473
140 399
140 1439
140 1867
140 1846
140 1695
140 1282
140 836
140 237
140 1815
140 1789
140 1286
140 231
140 1637
140 381
140 267
140 447
140 744
140 1337
140 997
140 577
140 374
140 1158
140 1902
140 225
140 1990
140 440
140 716
140 1925
140 1493
140 1527
140 1897
140 570
140 960
140 1994
140 1723
140 216
140 956
140 457
140 985
140 800
140 667
140 1273
140 1254
140 165
140 1937
140 372
140 630
140 238
140 872
140 1525
140 1626
140 994
140 1387
140 1825
140 1912
140 714
140 454
140 1553
140 359
140 395
140 1319
140 1298
140 592
140 1101
140 1123
140 256
140 838
140 324
140 1153
140 1708
140 900
140 1419
140 1732
140 1056
140 1148
140 1624
140 456
140 385
140 1247
140 1706
140 1487
140 1133
140 1032
140 712
140 178
140 169
140 1549
140 1211
140 1491
140 155
140 1778
140 958
140 791
140 1425
140 561
140 490
140 1512
140 752
140 1714
141 1516
144 1516
144 829
144 737
144 1959
144 1913
144 1470
144 846
144 745
144 1920
144 1991
144 248
144 1355
144 697
144 1854
144 1689
144 152
144 1877
144 761
144 1811
144 252
144 376
145 1516
145 829
145 822
145 1189
146 1374
147 1516
147 829
147 649
147 1876
147 1823
147 1295
147 1536
147 1785
147 503
147 978
147 1679
147 924
147 791
148 1099
149 1516
149 646
150 1875
151 1516
151 1775
151 1580
151 534
152 1763
152 1912
153 737
156 1516
156 1049
156 657
157 1913
157 949
157 1374
158 1516
158 829
158 1169
159 1081
160 495
160 801
162 1944
163 980
163 434
163 1088
165 829
166 1516
166 442
167 829
167 1763
167 1126
167 1591
167 1481
167 537
168 1516
168 829
168 1959
168 980
168 1920
168 268
168 1892
168 1468
168 515
170 1959
170 1320
171 829
171 261
171 686
172 737
172 400
174 621
175 635
175 1506
175 1029
175 643
176 1516
176 829
176 1169
176 1002
176 557
176 1038
176 365
176 1466
178 846
178 1050
180 1516
180 205
181 1579
181 1806
181 1519
183 717
183 1691
185 1605
186 852
188 829
188 1989
189 635
190 1516
190 1959
191 737
191 1367
191 1777
191 1055
192 1516
192 829
192 737
192 1959
192 1913
192 1775
192 1470
192 635
192 1169
192 1506
192 1155
192 1998
192 1490
192 1075
192 1762
192 1049
192 347
192 325
192 1795
192 1579
192 1942
192 314
192 733
192 1332
192 786
192 1946
192 576
192 1760
192 1091
192 580
192 1693
192 1357
192 1947
192 1078
192 1304
192 1420
192 1869
192 1306
193 1536
194 1516
195 442
197 829
197 1470
197 639
197 204
197 1954
197 1321
198 1959
198 1470
198 944
198 1154
198 392
198 1738
198 1150
198 899
199 1516
199 829
199 737
199 1959
199 1913
199 1506
199 1417
199 649
199 1763
199 416
199 245
199 1492
199 1591
199 686
199 1694
199 266
199 247
199 208
199 1310
199 1531
199 736
199 618
199 588
199 934
200 1516
200 829
200 251
202 829
202 1959
202 1155
202 1081
202 1139
202 1212
204 829
204 980
205 1516
205 1913
205 1464
205 421
205 659
205 597
205 663
205 1335
206 1488
207 1516
207 829
207 1507
208 737
208 621
208 1892
208 650
209 1470
209 1155
209 1175
211 1516
211 1763
211 1618
212 1959
212 354
214 1506
214 1127
214 1297
214 248
214 884
214 278
215 1516
215 829
215 1155
215 1139
215 513
215 298
215 522
216 737
216 635
218 1470
218 1288
219 1516
219 829
219 635
219 1081
219 846
219 1935
219 1138
219 509
219 617
219 1448
219 1360
222 1959
222 1201
223 1417
223 858
225 737
225 854
225 1482
226 1516
226 737
226 1959
226 1775
226 1086
226 1694
226 945
227 1516
227 829
227 1959
227 1775
227 1470
227 1126
227 1836
227 517
227 427
227 1357
228 306
229 1691
230 1516
230 829
230 737
230 1417
230 649
230 1174
230 949
230 409
230 1492
230 1712
230 1596
230 661
230 1846
230 1391
230 1486
231 1516
231 829
231 1470
231 949
233 1851
234 1531
234 1507
235 1516
235 1913
235 811
235 1156
235 383
236 829
236 1913
236 1155
238 1155
238 685
239 737
239 1470
239 686
242 1516
242 649
243 737
243 1913
243 648
244 1516
244 829
245 1516
245 829
245 1913
245 1775
245 1470
245 635
245 1417
245 621
245 1155
245 846
245 1935
245 949
245 344
245 1597
245 414
245 1777
245 764
245 309
245 1226
245 1560
245 1927
246 737
246 1775
247 1516
247 1913
247 1355
247 1409
247 841
247 1380
248 1516
248 829
248 737
248 1913
248 1763
248 745
248 949
248 1700
248 1423
248 1159
249 1516
249 1126
250 1935
252 1470
253 1012
254 1516
254 829
254 737
254 1169
254 1490
254 1297
254 1597
254 782
254 471
254 1350
254 882
256 1038
257 1516
257 829
257 737
257 1959
257 1775
257 1124
257 1506
257 649
257 1935
257 1126
257 645
257 980
257 509
257 1127
257 1597
257 1374
257 581
257 708
257 1555
257 1438
257 1683
257 996
257 714
257 612
257 915
258 829
258 1007
258 1308
258 1311
258 769
258 1965
258 1335
259 1470
259 262
260 1739
260 1472
260 1454
261 1516
261 829
261 737
261 1959
261 1470
261 635
261 1169
261 1763
261 1081
261 1174
261 1490
261 1126
261 645
261 650
261 507
261 1555
261 1850
261 1643
261 1610
261 312
261 1439
261 337
261 1032
262 1516
262 829
262 686
263 596
263 1435
264 737
264 1084
265 1975
266 829
266 1813
267 1516
267 1775
268 1516
268 829
268 737
268 1913
268 1124
268 1762
268 1258
268 1156
268 1942
268 1648
268 556
268 1478
268 1785
268 1531
268 342
268 1684
268 665
269 1913
270 1607
273 649
273 1510
274 1813
274 1014
275 1913
275 1823
276 635
276 416
276 1899
276 1962
277 1779
278 1935
278 676
280 829
281 829
281 974
282 1913
282 1142
282 1943
282 450
283 1516
283 829
283 1169
283 1138
284 1516
284 829
284 1007
284 1975
284 947
284 2000
285 829
285 733
285 433
286 1115
287 1516
287 829
287 737
287 949
287 1799
287 1611
288 1040
290 1516
290 1913
290 1621
290 982
290 802
290 386
291 829
294 737
294 1775
294 1470
294 1442
294 553
295 1516
295 509
295 973
295 1416
295 1414
296 1516
296 829
296 1913
296 1775
296 1139
296 1831
296 521
297 1470
297 649
298 1516
298 829
298 377
299 635
299 1889
299 472
304 1516
304 829
304 1913
304 1775
304 1470
304 1007
304 745
304 1126
304 362
304 1991
304 1594
304 590
304 959
304 1257
304 535
304 546
304 458
304 562
304 711
305 1196
305 1563
306 1763
306 1174
306 1442
307 1510
307 948
308 1959
308 1124
308 1127
308 853
308 1813
308 1063
308 1207
310 829
310 737
311 1516
311 829
311 1470
313 1959
314 1516
314 829
314 1959
314 1075
314 858
314 852
315 1920
316 1516
316 753
317 1516
318 1516
318 829
318 1913
318 708
318 1045
319 1627
320 1975
320 1700
321 737
321 783
322 1763
322 1258
323 395
324 1475
325 1516
325 829
325 1959
325 1470
325 1506
325 1367
325 539
325 646
325 556
325 897
325 1386
325 1646
325 343
325 676
325 1234
325 1557
326 1155
326 358
326 1928
326 643
328 509
328 496
328 443
330 829
330 982
331 829
331 737
331 1959
331 708
332 1516
334 1000
334 1398
335 1775
335 976
336 1913
336 1373
336 1687
336 1273
336 1912
337 1579
338 737
338 645
339 829
339 1806
341 737
341 1913
341 1142
341 828
342 829
342 1082
343 1913
343 1579
344 1516
344 829
344 1959
344 1913
344 1775
344 1169
344 621
344 1155
344 846
344 1126
344 495
344 1799
344 1975
344 1435
344 452
344 1080
344 1149
344 1113
344 1134
344 1055
344 1497
345 1506
346 1470
346 636
347 1516
347 829
347 1959
347 1913
347 1775
347 1169
347 1124
347 1506
347 1763
347 1998
347 1762
347 1613
347 1374
347 1795
347 590
347 1981
347 1108
347 1735
347 1750
347 1802
347 1353
347 1345
350 1516
350 829
350 1775
350 1169
350 1124
350 1506
350 1206
350 668
350 1683
351 1516
351 829
351 1169
351 1049
351 362
352 621
354 829
354 1367
354 1628
354 1109
354 838
357 1872
358 1516
358 829
359 1700
359 1538
360 1913
360 1127
360 1308
360 629
360 1903
361 1913
361 1126
362 1516
362 829
362 737
362 1913
362 621
362 1155
362 1935
362 645
362 1138
362 1472
362 1297
362 1086
362 1795
362 1770
362 947
362 1884
362 601
362 591
363 829
363 1470
364 1959
364 884
365 829
365 1124
365 1935
366 1154
369 1516
370 1470
370 409
370 1626
371 1516
371 1775
371 1470
371 1169
371 1763
371 893
371 1661
372 973
373 1913
374 1775
375 829
375 1108
375 1163
375 1608
376 829
376 1174
376 1145
377 1516
377 1081
377 1049
380 1155
380 1488
381 456
382 649
383 1746
384 829
384 737
384 1913
384 1775
384 1490
384 1823
384 947
384 884
386 1516
386 829
386 635
386 618
386 1951
387 829
387 1654
388 1297
388 571
389 829
390 1775
392 1775
392 1520
394 1169
394 1506
394 1127
394 811
394 1440
395 1337
399 737
399 1935
399 1138
400 829
400 811
401 1516
403 1913
403 1297
403 1441
404 1516
404 1913
404 1086
404 1203
405 1516
405 1913
405 635
405 621
405 1883
405 1344
409 1516
409 829
409 1959
409 635
409 1506
409 1007
409 539
409 1989
409 1204
409 1211
410 539
410 1478
410 869
410 530
412 1516
412 1700
413 1516
414 1516
414 829
414 737
414 1913
414 1775
414 1470
414 509
414 1766
414 853
414 1875
414 1787
414 1916
414 748
414 979
414 1231
415 829
416 1516
416 829
416 737
416 1959
416 1913
416 1775
416 1470
416 1007
416 1739
416 1935
416 745
416 1127
416 1029
416 1700
416 657
416 1374
416 877
416 1457
416 1342
416 449
416 632
416 1456
416 1634
416 1436
416 833
416 908
416 1438
416 1562
416 1771
416 428
417 1516
417 1959
417 1124
417 1935
417 1075
417 728
417 1084
417 1457
417 1654
417 1022
417 678
418 571
418 1312
420 1198
421 1516
421 1136
422 1516
423 1516
423 829
426 1307
427 1516
427 829
427 1613
427 1206
428 1863
428 682
429 829
429 1081
429 1075
429 1883
431 434
432 1516
432 1494
434 1516
434 829
434 737
434 635
434 1392
434 921
434 1543
435 737
436 1913
436 1365
438 1417
439 1368
440 1989
440 1087
441 1876
442 1516
442 621
442 767
442 1209
443 1516
443 476
444 1102
445 1516
445 829
446 1516
446 635
446 509
447 1155
447 1991
448 1775
449 1746
449 1295
449 1133
451 1516
451 1959
451 1913
451 1169
451 1859
452 1516
452 829
452 1274
456 1075
457 1630
458 811
458 884
459 829
459 1386
461 1545
462 1516
463 737
463 1682
464 1516
464 829
464 737
464 1959
464 649
464 1174
464 1490
464 489
465 1516
465 1470
465 948
465 813
467 1516
467 829
467 737
467 649
467 1081
467 1040
467 1509
467 536
467 893
471 1516
471 829
471 1775
471 1470
471 1935
471 1490
471 1075
471 811
471 1050
471 1041
471 1871
474 1029
475 1355
476 1516
476 1959
476 635
476 1169
476 980
476 813
476 1204
476 1845
477 523
478 646
479 1989
481 1516
481 829
481 1169
481 1763
481 495
481 965
481 774
481 1801
481 1054
481 1638
482 1360
483 513
485 752
486 1297
486 1156
487 1829
488 829
488 948
491 1972
492 1627
492 590
493 1775
494 1007
494 1975
495 1516
495 829
495 737
495 1959
495 1913
495 1775
495 635
495 1417
495 1763
495 846
495 1739
495 645
495 1597
495 1374
495 767
495 1942
495 1084
495 1464
495 2000
495 1785
495 1808
495 885
495 1988
495 1715
495 1304
495 520
495 1277
496 1516
496 829
496 1470
496 1417
496 1442
496 1402
496 1432
498 1516
498 996
498 1491
499 829
499 737
499 1775
500 1516
500 1973
501 1516
501 1174
502 1959
502 1206
503 829
503 737
504 829
504 1169
504 621
505 829
505 547
506 829
506 1506
506 1081
506 960
506 1973
507 829
507 1913
507 1183
507 988
508 1075
509 1516
509 829
509 737
509 1959
509 635
509 1169
509 1007
509 1739
509 645
509 858
509 1591
509 973
509 782
509 1985
509 1355
509 1831
509 1107
509 841
509 1115
509 974
509 578
509 1816
509 1109
509 637
509 905
509 1639
509 1753
509 1058
511 1176
512 1605
512 1890
513 829
513 1959
513 1126
513 1260
514 1516
514 829
514 1913
514 1506
514 1029
515 1516
515 1913
515 1763
515 1139
516 1075
517 829
517 737
517 1763
517 1627
517 1883
517 1442
517 1071
517 1223
517 883
517 671
518 949
519 1762
521 1959
521 639
521 1294
522 829
522 1775
522 1736
523 1516
523 1470
523 1155
524 1930
525 1325
525 1651
527 1138
528 1581
529 829
530 1643
534 654
536 829
537 829
537 1356
539 1516
539 829
539 737
539 1959
539 1775
539 1470
539 1417
539 1075
539 858
539 1597
539 1016
539 890
539 1536
539 786
539 1884
539 1787
539 1970
539 1177
539 579
539 1827
539 832
539 1767
539 582
540 1516
540 1762
541 1516
541 1959
541 1071
542 1516
542 846
542 1174
543 829
543 1913
543 1559
543 548
544 1470
544 1601
545 737
545 1775
545 1470
548 1588
550 737
551 1516
551 829
552 1762
553 1775
553 565
555 1516
555 829
555 737
555 635
555 811
555 974
556 829
556 1174
556 628
557 1516
557 829
557 949
557 1836
557 1513
557 1231
558 1597
559 1004
559 885
560 1124
562 1775
563 646
563 1990
564 829
564 1959
565 1739
565 1374
565 1814
565 1398
567 635
567 1627
567 1350
567 1322
568 829
568 1470
568 1049
568 784
568 1814
568 1414
568 1211
570 1913
570 1775
570 635
570 1002
570 1427
571 829
571 1959
571 1480
572 635
576 829
576 737
576 621
576 1668
577 1536
578 1935
578 1368
579 635
579 745
579 1086
581 1998
581 645
581 965
582 1137
584 829
584 1016
584 890
587 1516
587 1414
587 1030
588 1913
588 1308
588 690
590 1516
590 829
590 1775
590 1799
590 1929
590 1986
590 863
591 1463
592 1066
593 1611
594 1959
596 1516
596 737
596 1959
596 1913
596 635
596 1591
596 885
599 1470
599 1169
599 1763
599 1097
600 1829
600 803
601 1124
601 1142
601 1901
601 971
602 1775
602 1169
603 1174
603 1740
604 1516
604 1913
605 1516
606 1963
607 1516
607 829
607 1287
607 909
609 1959
609 957
610 1959
610 1795
611 1126
611 1991
612 829
612 1953
613 1516
613 1959
614 759
614 1697
616 829
616 1959
616 1470
616 1762
617 1516
617 1155
617 906
618 945
619 1516
619 829
619 737
619 1126
619 1297
619 1975
619 1295
619 1084
620 1775
621 1516
621 829
621 737
621 1959
621 1913
621 1775
621 1470
621 1169
621 1124
621 1417
621 1007
621 1155
621 1763
621 980
621 935
621 1627
621 1308
621 890
621 1766
621 1198
621 1899
621 717
621 1550
621 1004
621 720
621 1772
621 1873
621 1712
621 1200
621 1660
621 803
621 1432
621 1210
621 1707
621 1354
622 1516
622 737
622 1506
623 1951
626 1075
626 1142
626 1799
626 725
627 1516
627 829
627 1470
627 846
627 1777
627 1196
627 1481
627 918
627 1237
628 829
628 1775
632 1470
632 1580
633 1470
633 1723
634 1639
635 1516
635 829
635 737
635 1959
635 1913
635 1775
635 1470
635 1169
635 1124
635 1506
635 1417
635 1007
635 1155
635 649
635 1763
635 1998
635 1081
635 846
635 1876
635 1739
635 1935
635 1174
635 745
635 1490
635 1126
635 1075
635 1762
635 645
635 1049
635 1258
635 1836
635 1991
635 1613
635 1002
635 1086
635 685
635 1794
635 1368
635 1591
635 1823
635 1295
635 767
635 686
635 1536
635 1084
635 1145
635 1770
635 1175
635 1206
635 1611
635 1982
635 950
635 1939
635 639
635 1580
635 1931
635 901
635 971
635 1096
635 1569
635 1725
635 983
635 648
635 799
635 1168
635 676
635 1407
635 1995
635 857
635 1237
635 1756
635 1179
635 1903
635 1077
635 1109
635 1369
635 1394
635 1385
636 1470
637 1597
637 1794
638 829
638 949
638 1358
639 829
639 1913
639 1775
639 1506
639 1126
639 1489
639 1393
640 1516
640 1029
640 1481
640 709
640 1300
641 1075
641 1161
642 1516
642 1476
644 829
644 1492
644 945
644 1573
645 1516
645 829
645 737
645 1959
645 1775
645 1470
645 1506
645 1763
645 1627
645 1367
645 1582
645 1026
645 1023
645 1779
645 720
645 1345
645 1737
646 1516
646 829
646 737
646 1959
646 1739
646 1174
646 1049
646 1794
646 1606
646 1386
646 1630
646 1093
646 1598
646 1228
647 1516
647 1775
647 1027
648 1775
648 1081
648 677
648 1879
648 1776
649 1516
649 829
649 737
649 1959
649 1913
649 1775
649 1470
649 1169
649 1007
649 1763
649 1998
649 1174
649 1049
649 1138
649 1258
649 1975
649 760
649 1086
649 1481
649 1084
649 1510
649 1972
649 950
649 1040
649 1403
649 1917
649 1864
649 674
649 727
649 1524
649 772
649 724
650 1516
650 1913
650 1763
650 828
653 1775
653 1573
654 1124
655 1739
655 1935
655 1527
657 1516
657 829
657 737
657 1959
657 1470
657 1935
657 1490
657 1480
657 1287
657 1091
657 1189
659 1174
659 1972
659 1518
659 1273
661 1687
663 829
664 1124
664 1316
665 1516
666 1746
668 1108
668 1503
669 829
669 713
670 829
671 737
671 1350
672 1516
672 1342
673 1516
673 1124
673 1594
675 1775
675 811
675 686
677 1516
677 1913
677 1889
677 1349
678 1016
679 1470
681 1425
682 1516
683 1514
684 1124
684 1503
685 1516
685 829
685 1959
685 1913
685 1169
685 1124
685 1998
685 1196
685 968
685 1761
685 1686
686 1516
686 829
686 1311
686 709
686 1648
686 733
686 1842
686 1397
689 1913
689 1779
690 1762
691 1516
691 737
691 1935
691 1049
691 1527
692 980
692 1920
692 1573
693 737
693 1196
695 1739
696 1959
696 1258
696 1678
696 1693
696 1801
697 1516
697 1448
698 1135
698 768
699 829
700 829
702 1417
703 1516
704 1516
704 980
704 1918
705 1913
706 829
708 1516
708 829
708 1916
709 1516
709 829
709 737
709 1506
709 1307
709 1402
709 1495
709 1900
710 829
711 1627
712 737
712 1775
712 1998
714 846
715 829
715 890
715 1747
717 1913
717 918
717 801
717 943
719 1156
720 829
723 949
723 1031
724 1972
726 1472
727 1516
728 1516
728 829
728 1490
728 1258
728 981
728 892
728 974
728 1864
729 829
729 1417
729 1049
729 1610
729 1722
730 1516
730 737
730 980
730 858
730 1983
730 1888
733 1516
733 829
733 1155
733 1799
733 1777
733 1932
733 1690
734 745
735 1297
735 1295
735 1270
736 889
737 1516
737 829
737 1959
737 1913
737 1775
737 1470
737 1169
737 1124
737 1506
737 1417
737 1007
737 1155
737 1763
737 1998
737 1081
737 846
737 1876
737 1739
737 1935
737 1174
737 745
737 1490
737 1126
737 949
737 1075
737 1762
737 980
737 1049
737 1142
737 858
737 1138
737 1258
737 1127
737 1297
737 1799
737 1367
737 1920
737 1308
737 811
737 1991
737 1597
737 1700
737 1139
737 1746
737 1002
737 1777
737 1794
737 1374
737 1196
737 1368
737 1591
737 1823
737 1156
737 965
737 890
737 1941
737 1542
737 973
737 1175
737 1412
737 895
737 1813
737 1972
737 1355
737 1040
737 861
737 918
737 757
737 1386
737 1478
737 1339
737 2000
737 756
737 1017
737 1107
737 1945
737 1656
737 1014
737 1875
737 1787
737 891
737 1725
737 1779
737 750
737 1401
737 1059
737 932
737 1296
737 1943
737 1581
737 1654
737 1495
737 1244
737 1463
737 1995
737 781
737 839
737 1809
737 1603
737 1089
737 921
737 1500
737 835
737 1499
737 1518
737 847
737 1193
737 1663
737 1864
737 1948
737 1109
737 1687
737 787
737 1009
737 1220
737 928
737 1218
737 1116
737 820
737 1576
737 1671
737 997
737 849
737 1535
737 743
737 1937
737 917
737 1707
737 1806
737 1118
737 1560
737 1788
737 1117
737 1979
737 1755
737 1253
737 1186
737 1263
738 1959
739 829
741 1913
742 1913
742 1762
742 1195
743 1470
744 1516
745 1516
745 829
745 1959
745 1913
745 1775
745 1007
745 1763
745 846
745 1174
745 949
745 1049
745 1920
745 757
745 948
745 1137
745 1654
745 802
745 913
745 1129
747 1627
747 1991
748 829
751 829
751 1457
753 829
753 1470
753 1016
753 834
755 1477
756 829
756 1913
756 1417
756 1876
757 829
757 1876
757 1184
758 829
760 1516
760 829
760 1913
760 1506
760 1081
760 1126
760 1075
760 1138
760 1223
760 944
760 1293
760 1963
760 1850
760 841
760 1271
762 1613
762 1022
764 1516
764 1998
764 1594
764 1811
766 829
767 1516
767 829
767 1775
767 1155
767 1762
767 1472
767 1975
767 804
767 808
768 1516
769 1516
769 1959
769 1606
770 1261
771 1516
771 1959
771 1174
773 1126
773 1815
774 1613
774 1900
775 1367
775 1579
775 1555
777 1998
778 829
779 829
779 1970
780 1169
781 949
781 1758
782 1516
782 829
782 1169
782 1510
782 1370
782 1792
782 1445
782 793
783 1913
783 1526
784 1516
784 829
784 1007
784 1998
784 1196
784 1505
784 1087
785 1481
786 1516
786 1127
788 1367
789 1174
790 1516
790 1606
791 1932
792 1913
793 1914
793 1526
794 1954
794 1636
794 958
795 829
796 1516
796 873
798 829
798 1700
799 1516
799 1763
800 935
802 1959
802 1155
803 1516
804 1516
806 1115
806 1552
808 1959
808 1998
809 1913
809 1417
809 1308
810 829
810 1998
810 1580
810 1848
811 1516
811 829
811 1417
811 1126
811 1049
811 1746
811 1646
811 1102
811 834
811 1427
811 1689
811 1573
811 1370
812 1081
813 1913
813 1799
813 1813
816 1594
817 1998
818 1516
818 1935
818 1010
820 1516
822 1516
822 1775
822 1047
822 1484
822 1539
822 1690
823 1913
823 1804
824 1913
824 1775
824 1081
824 1892
825 829
826 1126
827 1472
828 1694
828 1377
829 1516
829 1959
829 1913
829 1775
829 1470
829 1169
829 1124
829 1506
829 1417
829 1007
829 1155
829 1763
829 1998
829 1081
829 846
829 1876
829 1739
829 1935
829 1174
829 1490
829 1126
829 949
829 1075
829 1762
829 980
829 1049
829 1142
829 858
829 1138
829 1258
829 1472
829 1127
829 1297
829 935
829 1627
829 1799
829 1367
829 1920
829 1308
829 1480
829 1836
829 1975
829 1991
829 1492
829 1597
829 1613
829 1029
829 1700
829 1311
829 1139
829 1746
829 1002
829 1086
829 1777
829 1016
829 1794
829 1374
829 1795
829 1196
829 1368
829 1591
829 1213
829 1896
829 1823
829 1295
829 1883
829 1579
829 1481
829 1156
829 965
829 1050
829 1889
829 890
829 1594
829 1941
829 1942
829 1621
829 1606
829 1542
829 1536
829 1766
829 1989
829 1145
829 1770
829 1734
829 1694
829 973
829 947
829 1510
829 1274
829 1099
829 1710
829 1538
829 1362
829 1435
829 1412
829 1464
829 1892
829 1442
829 1648
829 1901
829 895
829 1309
829 1611
829 1682
829 884
829 959
829 1223
829 1972
829 1488
829 1088
829 877
829 1987
829 1392
829 1982
829 1899
829 1040
829 861
829 1067
829 1996
829 1257
829 897
829 1386
829 1478
829 1339
829 1389
829 1422
829 1332
829 1423
829 1582
829 1944
829 1006
829 1079
829 1986
829 1342
829 1572
829 1217
829 1455
829 901
829 852
829 1245
829 1449
829 1963
829 1855
829 1863
829 1102
829 1884
829 1014
829 1787
829 1971
829 891
829 1555
829 883
829 983
829 1197
829 1288
829 1840
829 1307
829 1229
829 1163
829 1264
829 1523
829 1402
829 1027
829 1267
829 1838
829 1544
829 1508
829 1605
829 1115
829 1176
829 1872
829 1428
829 1119
829 1548
829 1184
829 974
829 1691
829 1772
829 1051
829 1802
829 1873
829 1967
829 1672
829 1970
829 1377
829 1713
829 1448
829 1988
829 1809
829 1603
829 1089
829 1134
829 1724
829 1675
829 1289
829 1760
829 1436
829 1769
829 1179
829 1315
829 1877
829 1323
829 1515
829 864
829 1215
829 1644
829 1922
829 1577
829 1200
829 1610
829 1513
829 833
829 908
829 1684
829 1752
829 1599
829 1595
829 1431
829 1764
829 1305
829 1090
829 1380
829 863
829 905
829 1999
829 1947
829 1190
829 1010
829 1001
829 1249
829 904
829 977
829 978
829 1452
829 1761
829 1562
829 1738
829 1415
829 1543
829 860
829 1535
829 1356
829 1033
829 960
829 1632
829 946
829 1498
829 1150
829 985
829 1322
829 1273
829 1277
829 1240
829 1299
829 1345
829 1227
829 1129
829 1870
829 1224
829 1445
829 994
829 1790
829 1221
829 1242
829 1686
829 943
829 1235
829 1661
829 1662
829 926
829 1319
829 906
829 1376
829 1053
829 1298
829 1044
829 1950
829 1586
829 1587
829 1153
829 1180
829 1708
829 952
829 1354
829 1690
829 1487
829 1181
829 915
829 845
829 1749
829 1425
829 1263
829 1680
830 1762
830 1389
833 1127
833 936
834 1516
834 1763
834 1081
834 1389
834 1654
835 1959
835 1058
836 1597
836 1899
837 949
837 1986
839 1426
840 1236
841 1516
841 1913
841 1542
841 1113
841 1822
842 1516
842 1258
842 1087
843 1516
843 1258
843 1504
844 980
844 1006
845 1075
846 1516
846 1959
846 1913
846 1775
846 1417
846 1763
846 1081
846 1480
846 1613
846 1311
846 1295
846 1883
846 1985
846 1040
846 1350
846 1717
846 896
846 1443
847 1516
847 1944
850 1962
851 1516
852 1516
852 1081
852 1317
853 1516
853 1470
853 1196
854 1516
854 1124
855 1505
855 1834
858 1516
858 1959
858 1913
858 1775
858 1155
858 1739
858 1492
858 1579
858 1175
858 1265
858 1635
861 1516
861 1763
861 1613
861 1295
861 1688
867 1516
867 1126
867 1311
868 1124
868 1301
869 1516
869 1417
870 1516
870 1138
874 1412
874 1403
875 1516
875 1127
875 1005
876 1417
876 1367
877 1516
877 1293
877 1523
877 1653
878 1169
882 1516
883 1516
883 1935
883 1490
883 1746
884 1368
884 1351
884 1024
884 1393
885 1516
885 1959
885 1050
887 1075
887 1741
888 1311
888 1951
888 1340
889 1516
890 1516
890 1913
890 1775
890 1470
890 1417
890 1510
890 1005
891 1516
891 1763
891 1127
891 1067
891 1433
892 1470
892 1169
892 1858
894 1206
894 1296
894 1934
895 1959
895 1308
895 1794
895 1926
895 1957
897 1516
897 1959
897 1169
897 1472
897 1981
900 1991
901 1516
901 1959
901 1267
903 1998
907 1516
909 1017
911 1663
912 1516
912 1169
912 1186
913 1472
915 1959
916 1913
916 1799
917 1959
918 1516
918 1007
918 1138
919 1516
923 1139
923 1746
923 1851
924 1670
925 1470
926 1795
928 1516
928 1677
929 1516
930 1985
933 1959
934 1516
935 1516
935 1775
935 1470
935 1124
935 980
935 1597
935 1777
935 1481
935 1929
935 1461
935 1856
935 1885
935 1180
935 986
936 1913
936 949
938 1959
938 1913
940 1336
942 1516
943 1169
943 1472
944 1516
944 1169
944 1435
944 1653
944 1771
947 1516
947 1470
947 1935
947 1297
947 1374
948 1516
948 1538
948 1211
949 1516
949 1959
949 1913
949 1775
949 1470
949 1169
949 1998
949 1935
949 1613
949 1794
949 1374
949 1368
949 1901
949 1355
949 1787
949 1414
949 1634
949 1315
949 1828
949 1440
950 1516
950 1959
950 1124
951 1739
952 1775
953 1775
954 1470
957 1516
957 1939
957 1471
958 1075
959 1169
959 1248
959 1657
961 1003
961 979
961 1254
962 1574
963 1763
965 1516
965 1959
965 1913
965 1138
965 1991
965 1597
966 1472
967 1775
967 1475
967 1239
968 1490
969 1088
969 1687
971 1516
971 1913
971 1763
971 1975
971 1734
972 1442
973 1516
973 1470
973 1542
973 1149
974 1775
974 1470
975 996
976 1516
977 1998
977 1746
979 1169
980 1516
980 1959
980 1913
980 1470
980 1417
980 1155
980 1876
980 1075
980 1258
980 1472
980 1777
980 1942
980 1963
980 1229
980 1360
980 1826
981 1739
981 1075
981 994
982 1516
982 1959
982 1913
982 1775
982 1746
982 1220
983 1586
986 1127
988 1516
989 1506
989 1352
989 1281
989 990
990 1516
990 1422
992 1516
992 1959
992 1606
993 1325
996 1516
996 1470
996 1876
997 1977
998 1492
999 1959
1000 1516
1001 1913
1001 1739
1001 1901
1002 1516
1002 1913
1002 1124
1002 1045
1004 1516
1005 1920
1006 1516
1006 1672
1007 1516
1007 1959
1007 1913
1007 1775
1007 1470
1007 1169
1007 1506
1007 1763
1007 1081
1007 1739
1007 1126
1007 1472
1007 1627
1007 1836
1007 1975
1007 1746
1007 1889
1007 1594
1007 1175
1007 1892
1007 1985
1007 1475
1007 1229
1007 1872
1007 1886
1007 1903
1007 1695
1007 1129
1007 1848
1008 1026
1008 1843
1009 1959
1009 1434
1010 1492
1010 2000
1011 1142
1011 1523
1012 1959
1012 1062
1013 1516
1013 1795
1013 1027
1013 1500
1014 1739
1015 1763
1015 1367
1016 1516
1016 1959
1016 1913
1016 1775
1016 1126
1016 1472
1016 1995
1016 1894
1016 1238
1016 1530
1016 1570
1017 1913
1017 1775
1017 1155
1017 1067
1023 1887
1024 1913
1025 1777
1026 1169
1026 1992
1027 1883
1027 1538
1027 1079
1029 1516
1029 1959
1029 1913
1029 1138
1029 1777
1029 1307
1029 1544
1029 1916
1029 1072
1030 1228
1033 1959
1033 1124
1034 1138
1034 1663
1035 1516
1035 1739
1037 1913
1037 1124
1038 1913
1038 1267
1039 1612
1040 1516
1040 1138
1040 1920
1040 1086
1041 1516
1043 1516
1045 1198
1045 1786
1046 1597
1046 1777
1047 1516
1047 1913
1047 1470
1047 1081
1048 1516
1048 1883
1049 1516
1049 1959
1049 1913
1049 1417
1049 1155
1049 1998
1049 1739
1049 1368
1049 1464
1049 1939
1049 1582
1049 1197
1049 1523
1049 1380
1049 1633
1050 1516
1050 1739
1050 1762
1050 1700
1050 1223
1051 1367
1051 1386
1051 1163
1052 1770
1053 1470
1053 1799
1056 1516
1057 1107
1059 1710
1059 1903
1060 1138
1061 1913
1062 1516
1062 1913
1062 1470
1064 1516
1066 1470
1067 1594
1067 1414
1067 1458
1067 1259
1067 1568
1068 1174
1069 1417
1071 1516
1071 1169
1071 1081
1071 1492
1071 1594
1074 1142
1075 1516
1075 1959
1075 1913
1075 1775
1075 1836
1075 1613
1075 1368
1075 1682
1075 1290
1075 1759
1075 1463
1075 1543
1075 1583
1075 1574
1075 1187
1077 1490
1077 1795
1078 1916
1079 1470
1079 1088
1079 1277
1079 1818
1080 1516
1080 1168
1081 1516
1081 1959
1081 1913
1081 1775
1081 1470
1081 1169
1081 1155
1081 1174
1081 1308
1081 1991
1081 1746
1081 1594
1081 1648
1081 1458
1081 1645
1081 1820
1081 1897
1082 1654
1083 1471
1084 1516
1084 1989
1084 1944
1084 1419
1086 1516
1086 1775
1086 1169
1086 1710
1086 1845
1087 1516
1087 1913
1087 1456
1088 1516
1088 1959
1088 1836
1089 1913
1089 1396
1090 1392
1090 1646
1094 1959
1095 1829
1096 1516
1096 1883
1098 1702
1099 1516
1099 1959
1099 1913
1099 1470
1099 1476
1099 1752
1102 1297
1102 1797
1102 1324
1104 1989
1106 1775
1108 1516
1108 1155
1108 1311
1109 1959
1110 1483
1111 1516
1113 1516
1113 1913
1113 1623
1114 1725
1115 1959
1115 1836
1119 1464
1121 1516
1121 1355
1121 1929
1123 1516
1123 1739
1124 1516
1124 1959
1124 1913
1124 1775
1124 1470
1124 1169
1124 1506
1124 1417
1124 1763
1124 1998
1124 1876
1124 1935
1124 1174
1124 1126
1124 1480
1124 1492
1124 1597
1124 1766
1124 1145
1124 1274
1124 1901
1124 1423
1124 1351
1124 1373
1124 1397
1124 1599
1124 1718
1124 1282
1124 1919
1124 1420
1126 1516
1126 1959
1126 1913
1126 1775
1126 1470
1126 1169
1126 1876
1126 1174
1126 1308
1126 1480
1126 1311
1126 1536
1126 1797
1126 1886
1126 1313
1126 1394
1126 1800
1126 1575
1127 1516
1127 1959
1127 1913
1127 1775
1127 1472
1127 1975
1127 1311
1127 1464
1127 1918
1127 1208
1127 1496
1128 1582
1129 1913
1129 1472
1131 1913
1132 1516
1132 1913
1132 1745
1132 1233
1134 1953
1135 1516
1135 1470
1137 1516
1137 1393
1138 1516
1138 1959
1138 1470
1138 1169
1138 1739
1138 1627
1138 1981
1138 1929
1138 1351
1138 1779
1138 1873
1138 1500
1138 1560
1139 1516
1139 1913
1139 1892
1139 1900
1139 1280
1140 1359
1142 1516
1142 1959
1142 1775
1142 1169
1142 1876
1142 1739
1142 1883
1142 1209
1142 1422
1142 1475
1142 1855
1142 1829
1142 1862
1142 1603
1142 1856
1144 1775
1145 1516
1145 1775
1145 1417
1145 1308
1146 1959
1148 1775
1151 1775
1154 1516
1155 1516
1155 1959
1155 1913
1155 1775
1155 1470
1155 1506
1155 1998
1155 1876
1155 1762
1155 1627
1155 1311
1155 1746
1155 1295
1155 1989
1155 1808
1155 1922
1155 1826
1155 1800
1155 1405
1156 1516
1156 1959
1156 1650
1157 1313
1159 1931
1161 1913
1164 1516
1167 1959
1169 1516
1169 1959
1169 1913
1169 1775
1169 1470
1169 1506
1169 1417
1169 1763
1169 1998
1169 1762
1169 1258
1169 1367
1169 1920
1169 1308
1169 1480
1169 1794
1169 1883
1169 1481
1169 1941
1169 1542
1169 1206
1169 1611
1169 1223
1169 1981
1169 1996
1169 1333
1169 1831
1169 1858
1169 1702
1169 1550
1169 1850
1169 1358
1169 1411
1169 1432
1169 1718
1169 1294
1169 1418
1169 1893
1174 1516
1174 1959
1174 1913
1174 1775
1174 1472
1174 1799
1174 1920
1174 1480
1174 1700
1174 1829
1174 1448
1174 1546
1175 1881
1176 1627
1177 1239
1179 1516
1180 1763
1181 1516
1184 1516
1184 1762
1187 1913
1189 1516
1189 1756
1190 1516
1190 1804
1191 1775
1192 1417
1193 1516
1193 1756
1193 1432
1196 1516
1196 1775
1196 1470
1196 1417
1196 1297
1196 1623
1196 1463
1197 1795
1197 1274
1197 1198
1198 1470
1198 1920
1198 1213
1198 1355
1198 1829
1199 1516
1199 1368
1202 1384
1203 1516
1204 1814
1206 1516
1208 1516
1209 1516
1209 1481
1209 1813
1209 1866
1212 1516
1213 1516
1213 1602
1213 1382
1213 1259
1216 1959
1216 1251
1217 1959
1217 1762
1217 1858
1217 1477
1221 1325
1221 1257
1223 1516
1223 1935
1223 1405
1225 1422
1226 1762
1227 1913
1229 1516
1229 1258
1229 1446
1230 1516
1230 1763
1230 1978
1235 1516
1235 1254
1238 1470
1238 1776
1239 1627
1239 1579
1241 1506
1242 1758
1244 1516
1244 1954
1245 1492
1245 1621
1245 1829
1248 1824
1251 1739
1251 1799
1251 1606
1257 1516
1257 1918
1257 1393
1258 1516
1258 1959
1258 1913
1258 1417
1258 1876
1258 1777
1258 1774
1259 1959
1259 1558
1261 1613
1261 1274
1262 1516
1264 1516
1265 1470
1267 1913
1267 1489
1268 1948
1269 1516
1269 1957
1273 1447
1273 1314
1274 1516
1274 1913
1274 1775
1274 1799
1279 1516
1280 1427
1281 1393
1282 1699
1285 1913
1287 1492
1288 1775
1289 1327
1290 1516
1290 1470
1290 1823
1290 1295
1292 1516
1293 1516
1293 1823
1293 1889
1293 1894
1295 1516
1295 1959
1295 1648
1295 1423
1295 1929
1295 1576
1296 1516
1297 1516
1297 1959
1297 1998
1297 1876
1297 1762
1297 1480
1298 1377
1302 1913
1302 1470
1302 1795
1303 1594
1304 1913
1304 1378
1305 1777
1305 1795
1307 1516
1307 1417
1307 1829
1308 1516
1308 1775
1308 1506
1308 1935
1308 1374
1308 1481
1308 1892
1308 1764
1308 1445
1308 1778
1308 1326
1309 1516
1309 1959
1310 1775
1311 1516
1311 1799
1311 1594
1311 1442
1311 1436
1311 1421
1311 1748
1312 1750
1314 1920
1317 1959
1317 1763
1317 1818
1323 1516
1323 1913
1325 1516
1325 1913
1325 1775
1325 1627
1325 1579
1326 1935
1328 1516
1328 1373
1329 1777
1330 1516
1332 1368
1333 1516
1333 1793
1333 1753
1333 1742
1335 1472
1336 1913
1336 1506
1339 1959
1339 1979
1341 1516
1342 1959
1342 1763
1342 1876
1342 1700
1342 1771
1344 1378
1345 1516
1347 1470
1349 1470
1350 1516
1350 1565
1351 1516
1351 1627
1351 1700
1351 1551
1352 1402
1353 1516
1354 1823
1355 1920
1358 1468
1359 1516
1361 1775
1361 1681
1362 1775
1362 1472
1362 1943
1362 1954
1363 1506
1363 1943
1365 1762
1367 1516
1367 1959
1367 1913
1367 1775
1367 1470
1367 1480
1367 1700
1367 1621
1367 1932
1368 1516
1368 1478
1368 1929
1368 1769
1368 1727
1369 1777
1371 1739
1372 1516
1372 1470
1373 1914
1374 1516
1374 1977
1374 1681
1377 1959
1383 1959
1383 1414
1384 1763
1386 1470
1389 1516
1389 1959
1389 1407
1389 1504
1390 1799
1392 1516
1392 1959
1392 1991
1392 1777
1392 1412
1396 1516
1396 1913
1396 1775
1396 1896
1397 1506
1398 1775
1398 1506
1400 1998
1401 1516
1402 1811
1403 1913
1403 1775
1407 1588
1408 1742
1409 1775
1409 1746
1410 1516
1410 1540
1411 1941
1412 1516
1412 1959
1412 1913
1412 1763
1412 1918
1413 1417
1414 1613
1414 1779
1416 1820
1416 1707
1417 1516
1417 1959
1417 1913
1417 1775
1417 1470
1417 1763
1417 1876
1417 1935
1417 1920
1417 1594
1417 1606
1417 1446
1417 1842
1417 1544
1417 1615
1418 1935
1421 1516
1423 1516
1423 1959
1423 1920
1423 1505
1423 1496
1424 1470
1427 1739
1428 1516
1428 1799
1428 1613
1429 1794
1431 1700
1431 1996
1435 1516
1435 1503
1435 1513
1435 1657
1437 1516
1438 1836
1439 1516
1439 1762
1442 1516
1442 1913
1446 1606
1446 1816
1451 1516
1453 1694
1455 1516
1455 1998
1455 1985
1456 1913
1457 1516
1457 1913
1461 1516
1462 1591
1464 1959
1468 1913
1468 1944
1469 1998
1470 1516
1470 1959
1470 1913
1470 1775
1470 1506
1470 1763
1470 1739
1470 1762
1470 1472
1470 1627
1470 1700
1470 1746
1470 1883
1470 1621
1470 1989
1470 1734
1470 1987
1470 1899
1470 1735
1470 1653
1470 1829
1470 1808
1470 1862
1470 1955
1470 1894
1470 1727
1470 1722
1470 1660
1470 1668
1470 1493
1470 1973
1470 1818
1470 1552
1470 1771
1472 1516
1472 1959
1472 1506
1472 1935
1472 1941
1472 1942
1472 1981
1472 1528
1475 1516
1476 1892
1476 1847
1478 1516
1478 1959
1478 1775
1478 1763
1480 1516
1480 1597
1480 1759
1481 1516
1481 1506
1481 1569
1481 1781
1487 1492
1490 1516
1490 1959
1490 1913
1490 1775
1490 1506
1490 1998
1490 1739
1490 1799
1490 1896
1490 1883
1490 1515
1490 1911
1492 1516
1492 1959
1492 1775
1492 1506
1492 1998
1492 1648
1494 1516
1495 1762
1498 1959
1504 1913
1504 1775
1505 1516
1505 1913
1506 1516
1506 1959
1506 1913
1506 1775
1506 1739
1506 1935
1506 1700
1506 1896
1506 1889
1506 1594
1506 1766
1506 1996
1506 2000
1506 1629
1506 1842
1506 1654
1506 1534
1506 1952
1506 1730
1506 1568
1508 1831
1510 1516
1510 1775
1510 1991
1515 1998
1516 1959
1516 1913
1516 1775
1516 1763
1516 1998
1516 1876
1516 1739
1516 1935
1516 1762
1516 1627
1516 1799
1516 1920
1516 1836
1516 1975
1516 1991
1516 1597
1516 1613
1516 1700
1516 1746
1516 1777
1516 1794
1516 1795
1516 1591
1516 1896
1516 1823
1516 1883
1516 1579
1516 1889
1516 1594
1516 1941
1516 1942
1516 1621
1516 1606
1516 1542
1516 1536
1516 1766
1516 1989
1516 1770
1516 1734
1516 1694
1516 1710
1516 1892
1516 1648
1516 1901
1516 1611
1516 1682
1516 1813
1516 1987
1516 1996
1516 1918
1516 2000
1516 1858
1516 1944
1516 1623
1516 1945
1516 1580
1516 1656
1516 1963
1516 1855
1516 1875
1516 1787
1516 1569
1516 1735
1516 1555
1516 1725
1516 1814
1516 1946
1516 1914
1516 1523
1516 1829
1516 1717
1516 1943
1516 1581
1516 1736
1516 1905
1516 1854
1516 1802
1516 1618
1516 1926
1516 1894
1516 1856
1516 1630
1516 1727
1516 1644
1516 1658
1516 1577
1516 1804
1516 1962
1516 1782
1516 1864
1516 1595
1516 1596
1516 1887
1516 1593
1516 1540
1516 1803
1516 1846
1516 1811
1516 1520
1516 1798
1516 1776
1516 1716
1516 1535
1516 1527
1516 1607
1516 1669
1516 1589
1516 1639
1516 1564
1516 1845
1516 1566
1516 1852
1516 1810
1516 1908
1516 1805
1516 1642
1516 1575
1516 1786
1516 1906
1516 1749
1516 1893
1517 1762
1523 1959
1526 1959
1526 1988
1527 1889
1531 1959
1536 1959
1536 1930
1537 1959
1537 1913
1538 1959
1538 1978
1538 1796
1541 1991
1542 1739
1550 1823
1550 1724
1553 1877
1559 1613
1564 1739
1567 1905
1567 1974
1568 1766
1569 1813
1572 1739
1576 1913
1578 1959
1579 1989
1579 1615
1582 1814
1583 1931
1586 1913
1590 1827
1591 1959
1591 1972
1591 1764
1592 1959
1594 1959
1596 1645
1597 1913
1597 1616
1601 1896
1605 1913
1606 1913
1606 1763
1606 1770
1606 1664
1606 1666
1609 1962
1611 1763
1611 1799
1613 1959
1613 1913
1613 1775
1613 1920
1613 2000
1613 1642
1613 1788
1616 1913
1616 1739
1620 1775
1621 1823
1621 1648
1621 1721
1623 1986
1627 1959
1627 1913
1627 1794
1627 1996
1627 1875
1630 1876
1633 1959
1636 1959
1636 1795
1637 1942
1640 1959
1646 1883
1646 1868
1648 1775
1650 1959
1653 1959
1656 1913
1656 1775
1658 1959
1658 1889
1660 1842
1667 1991
1669 1872
1672 1775
1674 1913
1676 1959
1685 1739
1686 1775
1687 1762
1687 1813
1689 1913
1693 1823
1694 1998
1694 1858
1697 1718
1700 1775
1702 1959
1710 1775
1711 1959
1711 1749
1717 1775
1718 1775
1719 1740
1723 1851
1731 1977
1734 1959
1734 1913
1734 1775
1734 1938
1738 1959
1739 1959
1739 1913
1739 1775
1739 1763
1739 1836
1739 1941
1739 1769
1745 1904
1746 1775
1746 1985
1756 1959
1761 1963
1762 1959
1762 1913
1762 1775
1762 1998
1762 1935
1762 1972
1762 1783
1763 1959
1763 1913
1763 1775
1763 1998
1763 1939
1769 1775
1770 1896
1771 1913
1775 1959
1775 1913
1775 1998
1775 1876
1775 1935
1775 1799
1775 1836
1775 1991
1775 1777
1775 1896
1775 1883
1775 1889
1775 1989
1775 1985
1775 1813
1775 1899
1775 1858
1775 1945
1775 1840
1775 1905
1775 1967
1775 1983
1775 1864
1775 1928
1775 1973
1775 1845
1776 1807
1777 1959
1777 1913
1777 1992
1779 1913
1784 1944
1787 1981
1793 1814
1795 1850
1799 1959
1799 1913
1799 1954
1799 1984
1801 1998
1804 1913
1813 1985
1815 1913
1822 1959
1822 1991
1823 1959
1823 1829
1827 1985
1831 1935
1836 1959
1836 1913
1836 1998
1836 1866
1838 1941
1840 1959
1852 1942
1854 1875
1855 1959
1855 1981
1860 1959
1860 1935
1868 1913
1872 1913
1872 1975
1875 1896
1875 1931
1875 1884
1876 1959
1876 1913
1876 1941
1876 1987
1882 1913
1884 1959
1887 1998
1889 1959
1889 1941
1898 1998
1913 1959
1913 1998
1913 1935
1913 1975
1913 1989
1913 1986
1913 1948
1913 1921
1913 1952
1913 1979
1920 1998
1931 1998
1932 1959
1935 1959
1935 1991
1935 1940
1941 1959
1944 1959
1959 1998
1959 1975
1959 1972
1959 2000
1959 1995
1959 1965
1959 1973
1972 1998
1973 1975
1977 1998
1988 1998
