2000 2427
1 514
1 176
1 31
1 1228
2 664
3 1106
3 168
4 932
4 385
4 1138
4 988
5 993
6 932
6 1604
6 317
6 1981
6 355
6 568
6 1894
6 269
6 1553
6 824
6 954
6 1297
7 1655
7 1505
7 1136
7 744
7 935
7 1550
8 932
8 1146
8 1868
9 445
10 459
10 1954
10 796
10 1911
10 1378
11 773
12 700
12 1635
13 685
13 1447
13 309
14 1653
16 1117
16 1556
16 1859
16 91
18 1604
18 155
18 1983
18 1639
19 1308
19 374
19 780
20 1487
20 703
20 90
21 297
21 1372
21 1255
21 972
21 1734
23 1138
23 1864
23 187
24 1691
25 175
25 173
25 1133
25 1427
27 332
27 1886
27 889
27 325
28 337
28 1636
29 1047
30 1724
30 658
30 620
35 932
35 1986
35 1562
35 1066
36 55
37 922
37 801
38 1088
39 932
39 615
39 1660
39 187
39 1687
39 676
39 661
41 1197
41 294
41 90
43 1068
43 1521
44 743
44 265
44 1382
45 223
46 1289
47 293
47 1614
47 1283
47 1949
47 1670
48 1892
48 1850
49 932
49 1173
50 523
50 122
50 82
52 1526
52 942
52 810
53 291
53 498
55 1873
55 742
55 1773
55 165
55 846
56 1442
57 109
57 710
58 1203
59 1672
59 1373
59 1730
60 1249
60 829
61 1480
62 932
62 1604
62 297
62 407
62 1094
62 1576
62 1097
62 1878
62 332
62 1146
62 175
62 1241
62 1939
62 229
62 1904
62 1197
62 1532
62 681
62 1690
62 1864
62 1308
62 1968
62 1865
62 355
62 1647
62 793
62 420
62 1454
62 1106
62 641
62 1533
62 968
62 1314
62 1531
62 631
62 472
62 1800
62 1168
62 504
62 936
62 592
62 1957
62 166
62 942
62 396
62 1476
62 725
62 147
62 1461
62 635
62 1040
62 1288
62 823
62 1870
62 876
62 444
62 594
62 458
62 731
62 1203
62 1770
62 1448
62 1569
62 827
62 941
64 1604
64 1868
64 1455
64 1499
65 598
66 1023
67 1886
68 899
69 1074
69 1977
70 175
70 1133
70 986
70 1392
70 1787
71 1636
72 932
72 1094
72 182
72 1810
73 472
73 774
74 284
74 250
74 1970
74 1679
74 555
75 1245
75 1527
76 1879
76 205
77 597
77 766
78 1231
79 175
79 1202
80 1340
81 1094
81 1007
81 337
82 1415
83 583
84 1691
85 332
85 459
85 1912
87 1648
88 790
88 1214
89 1097
90 1529
91 1255
92 1179
92 1647
92 1239
93 1741
93 1265
93 989
94 332
96 557
96 174
96 872
97 1166
97 561
97 1955
99 297
99 683
99 849
100 1438
103 1146
103 958
103 314
104 204
104 1676
106 520
107 1298
107 1655
108 986
108 1867
108 929
108 241
109 1023
109 1865
109 1027
110 778
110 1421
111 189
111 1012
112 835
112 1243
113 1604
113 392
114 376
115 1333
115 1582
115 602
116 229
116 1491
116 208
117 1613
117 1989
119 1047
119 1801
119 651
120 297
120 249
120 541
121 743
121 711
123 1704
124 1594
124 1372
125 1231
126 932
126 1576
126 1138
126 1805
126 1501
126 1716
126 431
126 1215
126 638
126 1774
127 1865
128 1489
129 1844
130 337
130 1988
130 1623
131 1964
131 1365
133 1251
134 1173
135 1244
136 710
136 1114
136 1723
137 293
137 1068
139 1013
139 250
139 310
140 1047
140 944
140 1344
142 932
142 1023
142 385
142 1812
142 1504
143 932
143 1865
143 1016
143 890
143 1767
143 1534
144 175
144 1593
145 683
146 940
146 937
147 932
147 282
147 605
148 719
148 245
148 1381
149 932
149 1342
149 1366
149 917
149 655
149 1079
150 832
153 1672
153 237
153 850
154 958
154 619
154 1541
155 459
155 1202
155 1218
158 932
158 672
159 681
159 1121
161 615
162 743
162 590
162 707
164 1490
164 1432
166 1047
166 1906
166 1863
167 932
167 407
167 1576
167 1731
167 830
167 1114
167 341
167 702
168 1617
168 1192
169 1513
169 1956
170 1604
170 500
170 964
170 1913
170 1180
170 965
170 707
171 1150
171 1884
171 394
171 1245
172 1342
172 1746
173 932
173 1668
173 357
173 1636
173 1134
173 1596
173 1962
173 318
173 298
174 1047
174 207
175 293
175 1689
175 1231
175 663
175 1651
175 1364
175 1563
175 1777
175 1782
175 1254
175 394
175 670
175 1223
175 1733
175 702
175 712
175 1948
175 1394
178 1487
178 276
179 1481
180 1821
181 1604
181 1164
182 1094
182 214
182 710
182 967
182 1185
182 800
182 1453
183 1752
185 1604
185 506
185 778
185 703
185 1959
185 679
185 220
185 440
185 660
185 1837
187 1047
187 1819
189 297
189 407
189 293
189 751
189 1886
189 1904
189 1865
189 1315
189 683
189 955
189 1454
189 1127
189 703
189 1443
189 1777
189 686
189 1515
189 1021
189 1088
189 1368
190 1886
191 1604
193 1533
193 1941
194 370
194 1468
197 891
198 1128
200 1878
201 1800
202 1949
202 358
203 297
203 407
203 293
203 414
203 541
203 1263
203 217
203 1545
204 932
204 506
204 1048
204 986
204 671
204 428
204 303
204 1465
207 1594
207 1696
207 551
210 407
210 816
210 1648
212 1604
212 337
213 552
213 1321
213 1889
213 1228
213 1910
214 1736
215 1619
215 958
215 1059
215 1742
215 1951
217 1490
218 1425
218 693
218 238
220 703
221 407
221 1202
221 1686
222 1254
222 1014
223 893
223 1226
223 235
223 973
223 1935
224 371
224 1660
224 778
224 543
225 1319
226 1524
226 430
229 1094
229 1097
229 1613
229 1619
229 455
229 866
229 1149
229 1486
229 1728
229 535
229 1037
229 461
229 1833
230 1097
231 1013
232 548
232 310
233 1049
235 835
235 1491
235 289
236 1576
237 1500
237 990
238 1066
239 1604
239 1576
239 1087
239 1479
239 647
239 1404
239 1157
240 289
243 1133
243 694
243 1614
243 746
244 1890
244 302
245 1342
246 1065
247 1407
247 289
248 1878
248 1250
248 1976
248 518
248 737
249 293
249 1731
249 1366
249 673
250 663
250 1642
250 821
250 1343
251 1146
251 1684
253 1910
257 1786
257 1568
257 280
258 844
259 635
260 1479
261 1605
262 1023
264 1553
265 385
266 1981
267 1938
269 1105
269 1113
269 1282
270 891
270 949
271 1138
271 955
271 1227
271 1903
274 1712
275 1604
275 877
275 609
275 578
275 1942
277 1744
277 986
278 1689
278 1079
279 691
279 1118
279 1354
279 1209
282 796
283 1997
283 1401
283 1298
283 1347
283 602
284 932
284 297
284 1576
284 568
284 1284
284 1667
284 289
284 360
286 1532
286 696
287 1963
288 1047
288 1660
288 664
288 1370
288 1828
288 726
288 1003
290 758
291 293
291 956
291 1368
292 1007
292 659
292 1092
292 1065
292 811
292 705
292 1747
293 932
293 297
293 407
293 1094
293 1047
293 1241
293 459
293 1319
293 445
293 1619
293 1660
293 1396
293 1087
293 960
293 1832
293 719
293 1120
293 754
293 1469
293 376
293 373
293 887
293 1866
293 995
293 1495
293 1612
293 1586
293 1591
293 800
294 1068
294 1886
294 1786
296 1342
296 317
296 1981
296 1034
296 1986
296 1437
296 1072
296 1024
297 932
297 407
297 1094
297 1576
297 1097
297 1064
297 1146
297 1068
297 751
297 743
297 1741
297 371
297 414
297 520
297 1672
297 700
297 329
297 1501
297 1304
297 1193
297 1986
297 500
297 1912
297 312
297 583
297 514
297 1704
297 1255
297 750
297 1883
297 417
297 1477
297 1322
297 505
297 1828
297 539
297 1894
297 1901
297 580
297 1926
297 723
297 980
297 1527
297 1091
297 796
297 435
297 1615
297 1611
297 1814
297 1853
297 477
297 945
297 1416
297 850
297 1558
297 1685
297 359
297 1739
297 303
297 395
297 661
297 1038
298 739
301 1997
301 1983
302 1034
304 1127
307 745
310 332
310 1064
310 408
310 562
311 1257
312 323
313 407
313 332
313 1074
313 420
314 1471
314 808
315 1731
316 541
317 932
317 1094
317 1097
317 1342
317 1904
317 1074
317 619
317 693
317 1561
317 718
317 739
317 1851
319 1391
320 1878
321 1907
321 986
321 1742
321 1050
323 1528
323 1224
324 1500
324 460
325 332
325 1146
325 1864
325 1598
325 399
326 1055
327 407
327 1736
328 743
329 407
329 1660
329 1315
329 1261
330 1878
330 1791
331 1690
332 1241
332 1689
332 1105
332 1173
332 1532
332 1391
332 681
332 1423
332 663
332 1751
332 703
332 1897
332 851
332 591
332 1477
332 1283
332 540
332 980
332 626
332 1104
332 825
332 767
332 1815
332 1876
332 415
332 937
332 736
332 1108
332 409
332 367
332 905
333 600
333 1093
333 873
334 793
335 958
335 1017
335 693
335 1953
335 1238
336 1097
336 1404
336 1165
337 951
337 956
337 543
338 1146
338 1566
338 1159
338 968
338 789
338 1502
338 508
339 1806
341 942
341 1256
342 1094
342 1905
343 1904
343 1372
343 1659
344 917
344 1375
346 932
347 1047
347 368
349 1074
349 1333
349 1306
349 1815
349 1343
351 1173
351 903
352 1097
352 1298
352 1314
353 1094
353 1654
354 495
355 932
355 1741
355 1202
355 1750
355 1780
355 1212
357 1716
357 750
357 757
359 1964
359 1759
359 1309
360 752
360 574
361 1097
361 1376
361 1827
362 1298
362 1931
363 1903
366 1467
366 1807
367 1939
367 1898
368 718
371 1197
371 681
371 1308
371 1898
371 559
371 431
371 940
371 1781
373 751
373 1532
373 713
374 1576
374 1423
374 919
374 1346
374 842
376 672
377 1345
377 943
378 1094
378 951
378 806
378 920
378 881
379 502
381 662
382 627
382 1884
382 1010
383 529
383 1961
384 1298
384 691
384 650
384 1375
385 932
385 1604
385 1146
385 1939
385 1127
385 670
385 1489
386 1604
387 1804
388 1263
388 1730
389 1164
392 1011
393 1651
397 1787
398 1068
398 1079
399 552
401 1094
402 1094
404 414
404 700
404 1724
405 1108
406 1241
406 1092
407 932
407 1576
407 1146
407 1289
407 633
407 1693
407 724
407 1425
407 578
407 1065
407 1477
407 1406
407 1844
407 1100
407 874
407 1495
407 616
407 816
407 987
407 1263
407 522
407 438
407 785
407 1932
407 732
407 457
407 950
407 1729
408 1401
408 1013
408 1864
408 543
409 1096
410 1183
410 913
411 995
412 1381
414 1241
414 506
414 1407
414 1879
414 1789
415 1921
417 1787
418 1576
418 1146
418 474
418 1800
418 722
418 1596
419 713
419 1872
420 932
420 1094
420 1939
420 1689
420 445
420 1619
421 925
422 1885
423 1325
424 992
424 741
426 1425
426 554
426 478
427 1398
429 1714
429 1100
429 717
431 1604
431 778
432 932
433 1723
434 1203
435 506
435 1308
435 1304
435 811
435 1727
435 1543
436 1150
436 1353
436 590
437 1532
437 909
438 976
438 475
438 1468
439 1289
439 881
440 1365
442 760
442 554
443 1689
445 1173
445 1487
445 718
446 933
446 1587
448 641
448 1411
448 482
449 679
450 1116
451 585
452 971
452 1412
452 649
453 925
454 1878
454 1146
454 615
454 1273
455 1047
455 908
455 968
455 689
455 1375
455 906
455 1624
456 1615
457 1052
459 743
459 1930
459 915
459 1602
459 666
459 1504
460 1289
461 904
461 1004
466 537
466 1394
467 1488
468 1708
468 822
469 1768
470 1868
471 1818
471 1071
472 1094
472 1864
472 619
472 592
472 680
475 932
475 899
475 800
476 1271
478 1097
478 1968
478 1513
480 1640
480 624
480 1820
482 909
484 1047
484 1080
485 497
486 978
486 510
488 1786
488 1307
488 817
491 637
492 1172
492 1358
494 650
497 1774
499 1068
500 1604
500 867
501 691
501 889
501 1376
503 1023
504 1342
506 1604
506 1801
506 726
506 749
506 1806
507 828
507 1594
508 1490
508 1265
509 1555
510 1576
510 1968
510 1290
510 1809
513 1582
514 1939
514 1819
514 1443
514 1346
514 749
515 692
520 1225
520 639
520 1235
520 997
522 1094
523 681
523 1493
524 1035
524 1407
524 634
525 1471
526 818
529 1064
530 1241
530 737
530 1036
531 1064
531 1270
531 1457
532 1804
533 839
538 639
538 549
539 1097
539 852
541 932
541 1906
543 1179
546 1097
548 1116
548 810
550 1945
551 1868
551 1645
552 1997
552 886
552 1779
552 846
554 760
555 845
556 650
556 1253
557 1094
557 1981
558 1094
558 615
558 744
558 742
558 1855
559 1261
559 1033
559 612
560 1094
561 1068
565 1712
566 1838
567 1179
567 1876
568 1690
568 1055
568 1162
568 912
571 1976
571 1162
573 1604
573 1047
573 933
573 1018
573 1083
573 1607
574 796
578 1428
580 1064
581 1097
581 1105
581 1239
583 1094
583 1200
583 1393
583 1900
584 1858
585 1064
586 1138
587 1581
588 668
588 1198
590 1576
591 778
591 949
592 1691
592 902
593 669
593 873
593 1223
594 932
594 858
595 978
595 1015
595 1158
597 932
597 1741
597 635
598 932
598 1769
601 1864
601 634
603 624
603 1624
604 1660
606 1604
606 1996
606 645
606 1038
607 900
607 1577
608 1119
609 1604
609 1068
609 1939
609 1876
610 979
610 825
610 1475
613 805
615 1471
615 1720
615 1054
615 1131
616 1173
618 1500
619 1173
619 1958
619 1806
624 1342
624 795
625 1342
625 1982
626 1097
626 1173
626 1399
627 634
627 1719
627 1646
627 1238
628 1986
629 1197
630 889
633 1013
633 1906
633 1521
633 1322
633 1824
634 1241
636 724
636 1912
637 1724
639 1401
639 1630
641 1977
642 1904
642 1922
643 1427
645 1575
647 787
647 1265
647 1088
649 1143
650 1583
652 1532
654 703
654 1482
654 1658
654 1661
655 1197
655 1868
657 1064
658 712
659 1695
660 1819
660 1626
660 896
662 1173
663 1996
663 1455
663 1337
665 1064
667 1423
668 932
668 1319
668 1613
669 696
669 1420
670 909
670 1120
670 1247
671 810
671 1902
672 691
674 1647
674 1782
674 1754
676 1741
676 1374
678 877
679 1013
680 1257
681 1094
681 1690
681 1571
681 1694
683 1964
683 1913
685 932
685 1837
686 1679
687 759
689 1138
689 1595
690 932
690 1391
690 1217
690 1124
690 1700
691 1604
691 1532
691 1391
692 1942
692 1167
693 1614
693 1242
693 1374
694 1406
694 998
694 788
696 1819
697 1604
697 1064
698 1647
699 1925
700 1604
700 1690
700 866
701 1526
703 1986
703 811
703 807
704 1342
704 1564
705 1570
705 1859
706 1942
708 1097
708 793
708 1515
713 1197
713 1554
717 1074
717 1592
718 1229
719 820
719 1467
719 1225
719 929
719 1747
720 820
720 888
723 1768
724 820
724 1545
724 1761
724 1661
725 1231
725 1727
725 1583
728 1532
728 1123
728 1290
729 1741
730 1813
731 925
732 1714
734 1566
734 1714
735 1218
736 1832
736 1684
738 1094
738 1047
738 1714
739 1319
739 1501
739 1836
740 1319
743 1396
743 1930
743 993
743 893
743 1386
743 1006
743 805
743 1198
743 938
743 1552
743 1276
743 1538
743 1802
744 1880
744 1623
745 1790
745 1425
745 1656
746 1719
747 879
750 1183
750 1135
751 1097
751 1868
751 933
751 1983
751 1637
751 1367
751 1627
752 1078
752 1735
753 1878
753 1741
753 1017
753 1122
754 1342
754 953
755 1899
756 1379
759 1342
759 1633
760 1619
761 928
762 1859
763 1774
764 842
764 1815
765 1105
765 825
766 1571
766 863
767 1094
768 1174
770 972
771 1576
771 1866
772 1099
776 1146
777 1604
777 1923
777 1244
777 1316
778 932
778 1304
778 1095
780 1631
782 1997
786 1164
786 1487
786 921
787 1993
787 1898
792 1604
793 1241
793 1865
793 900
793 1892
793 1558
793 1643
793 1400
795 1899
795 1035
795 1979
795 1464
796 1303
797 1064
797 1469
799 1643
802 1414
802 1982
803 1473
811 1604
811 1023
811 1396
811 905
812 1064
813 1005
815 1315
816 1561
817 1012
818 1557
819 1221
820 917
822 1653
822 1150
822 1237
822 1036
822 839
823 830
825 1456
825 1309
827 1576
828 1342
828 1197
831 960
831 1356
834 1923
835 1088
837 1105
837 1606
839 1467
840 1939
842 1068
844 1379
846 1628
847 918
848 1604
849 1519
851 1034
852 1114
852 1824
853 1381
854 1885
856 1878
856 955
862 1785
863 1426
863 1764
864 1028
864 1801
864 1384
865 899
865 1841
866 1064
866 1068
866 995
866 1615
866 1473
867 932
867 1604
868 1604
868 1012
870 1651
872 1068
872 1340
875 1593
877 1047
877 1906
877 1092
877 1065
879 1809
880 1146
882 1068
882 1250
882 1093
884 1907
885 1013
885 962
886 1530
889 1576
891 1030
893 913
893 1054
893 1699
898 1604
899 1886
900 1576
900 1068
900 1147
900 1762
900 1167
900 1686
903 1485
904 1925
904 1236
906 1410
907 1098
908 1127
908 979
908 1010
910 1672
910 1256
911 1700
912 1094
913 1023
915 1604
915 1413
916 1097
916 1909
918 1651
919 1760
921 1970
922 1156
922 1664
924 1092
924 1696
924 1648
925 1576
926 1917
926 1717
928 1604
928 1655
928 1715
929 1375
929 1474
930 1097
932 1604
932 1097
932 1878
932 1146
932 1500
932 1319
932 1741
932 1981
932 933
932 1298
932 1655
932 1150
932 1986
932 1605
932 1353
932 1716
932 960
932 1183
932 972
932 1772
932 1028
932 1852
932 1916
932 1862
932 1019
932 1484
932 1273
932 1131
932 1686
932 1578
932 1841
932 1792
932 1122
932 1145
932 1444
932 1038
933 1179
933 1923
933 1014
933 1474
935 1877
936 1821
936 1665
936 1721
937 1146
937 1181
938 1604
938 1094
939 1688
941 1064
941 953
942 1072
942 1508
943 1094
943 1850
944 1146
946 1646
947 1817
951 1241
951 1981
951 1255
953 1892
954 1873
956 1424
956 1249
956 1510
958 1016
958 1820
958 1519
959 1939
960 1930
960 1876
960 1295
961 1878
961 1548
962 1970
966 1315
966 1621
967 1076
968 1604
970 1094
970 1425
970 1754
971 1097
972 1974
972 1579
975 1540
976 1753
978 1023
978 1957
979 1508
979 1302
980 1714
980 1752
980 1328
981 1827
982 1504
983 1604
985 1063
987 1688
991 1301
992 1613
992 1167
993 1190
995 1576
995 1753
996 1241
998 1958
998 1709
999 1946
1007 1401
1007 1396
1010 1129
1011 1094
1011 1150
1012 1401
1012 1018
1013 1064
1013 1105
1013 1688
1017 1149
1018 1437
1022 1182
1023 1864
1023 1116
1023 1162
1023 1665
1023 1270
1023 1738
1023 1186
1023 1726
1023 1382
1024 1101
1027 1386
1027 1085
1028 1712
1029 1941
1031 1919
1034 1604
1034 1097
1034 1342
1034 1146
1034 1500
1034 1425
1034 1653
1035 1878
1035 1516
1036 1094
1038 1342
1040 1342
1041 1470
1041 1648
1043 1396
1043 1633
1045 1218
1046 1047
1047 1878
1047 1917
1047 1100
1047 1920
1047 1419
1047 1086
1047 1511
1048 1791
1048 1524
1054 1320
1055 1734
1058 1138
1063 1409
1064 1878
1064 1500
1064 1401
1064 1250
1064 1691
1064 1566
1064 1074
1064 1350
1064 1759
1064 1099
1064 1785
1064 1167
1064 1515
1064 1447
1064 1645
1064 1334
1064 1154
1068 1878
1068 1610
1068 1753
1071 1474
1072 1604
1073 1382
1075 1698
1075 1251
1078 1576
1080 1619
1080 1959
1081 1710
1083 1904
1083 1413
1084 1647
1087 1562
1087 1091
1088 1227
1089 1630
1091 1532
1092 1386
1092 1175
1092 1524
1093 1399
1094 1604
1094 1576
1094 1097
1094 1868
1094 1613
1094 1968
1094 1906
1094 1832
1094 1123
1094 1843
1094 1782
1094 1668
1094 1162
1094 1602
1094 1558
1094 1851
1097 1604
1097 1878
1097 1689
1097 1690
1097 1974
1097 1268
1097 1353
1097 1260
1097 1832
1097 1383
1098 1500
1099 1689
1099 1327
1100 1393
1100 1578
1100 1835
1103 1604
1103 1271
1103 1367
1103 1572
1105 1138
1105 1554
1105 1605
1105 1407
1105 1346
1105 1842
1105 1848
1110 1878
1113 1888
1114 1997
1115 1200
1117 1691
1120 1619
1123 1852
1123 1291
1124 1886
1126 1319
1126 1261
1126 1635
1127 1939
1127 1904
1127 1217
1127 1332
1131 1146
1131 1635
1132 1691
1133 1289
1133 1615
1133 1869
1136 1974
1136 1296
1138 1183
1138 1516
1139 1385
1140 1364
1140 1866
1140 1639
1143 1604
1146 1878
1146 1491
1146 1942
1146 1593
1146 1227
1146 1162
1146 1625
1146 1538
1147 1308
1147 1660
1149 1250
1149 1911
1149 1489
1150 1342
1150 1938
1150 1563
1151 1261
1151 1776
1153 1233
1154 1178
1155 1596
1156 1637
1157 1898
1157 1436
1159 1342
1159 1997
1159 1236
1159 1729
1162 1899
1164 1907
1164 1749
1164 1838
1164 1591
1166 1938
1166 1388
1168 1385
1169 1237
1170 1576
1172 1342
1172 1321
1173 1241
1173 1422
1173 1930
1173 1863
1174 1682
1178 1795
1179 1604
1179 1690
1179 1688
1179 1612
1179 1859
1180 1917
1187 1604
1187 1780
1188 1401
1188 1653
1193 1864
1193 1248
1193 1887
1197 1604
1197 1500
1197 1522
1201 1213
1202 1414
1204 1864
1204 1414
1205 1653
1205 1461
1207 1423
1207 1597
1208 1244
1212 1352
1216 1258
1217 1997
1217 1614
1218 1984
1220 1968
1220 1622
1221 1342
1222 1604
1222 1693
1222 1439
1223 1500
1225 1660
1225 1501
1225 1817
1225 1514
1229 1739
1231 1871
1231 1881
1233 1425
1234 1340
1236 1500
1236 1454
1237 1425
1237 1578
1239 1576
1241 1868
1241 1571
1241 1706
1241 1762
1241 1430
1241 1669
1241 1297
1242 1786
1245 1878
1247 1968
1248 1604
1248 1490
1248 1899
1248 1926
1248 1397
1250 1376
1250 1331
1254 1604
1254 1685
1255 1727
1258 1518
1260 1549
1261 1727
1262 1536
1262 1617
1262 1685
1263 1819
1265 1576
1265 1549
1267 1313
1268 1315
1269 1603
1271 1689
1272 1576
1273 1554
1273 1924
1277 1355
1282 1545
1283 1925
1283 1826
1286 1630
1288 1976
1289 1878
1289 1716
1289 1720
1289 1622
1289 1799
1289 1612
1296 1516
1298 1319
1298 1713
1299 1693
1301 1904
1304 1537
1304 1624
1305 1604
1308 1938
1308 1916
1313 1868
1315 1516
1316 1690
1319 1878
1319 1819
1319 1912
1319 1424
1319 1785
1319 1871
1321 1939
1321 1838
1321 1840
1321 1920
1321 1896
1323 1690
1325 1981
1331 1596
1335 1532
1337 1417
1337 1670
1342 1500
1342 1981
1342 1660
1342 1571
1342 1744
1342 1749
1342 1551
1342 1792
1342 1962
1342 1989
1342 1431
1345 1626
1346 1448
1350 1943
1350 1933
1352 1878
1352 1803
1352 1735
1353 1411
1355 1497
1357 1362
1358 1932
1365 1500
1366 1707
1367 1374
1369 1932
1369 1664
1372 1655
1373 1797
1377 1500
1377 1471
1379 1799
1379 1931
1382 1501
1385 1441
1390 1799
1391 1651
1391 1813
1391 1489
1391 1975
1393 1619
1393 1562
1397 1805
1400 1997
1401 1616
1405 1596
1407 1432
1412 1828
1415 1821
1420 1961
1422 1878
1422 1873
1422 1924
1423 1825
1423 1675
1423 1699
1425 1883
1426 1923
1427 1430
1430 1583
1430 1952
1430 1439
1430 1621
1435 1997
1440 1570
1445 1907
1446 1930
1452 1455
1452 1678
1459 1715
1459 1820
1461 1741
1464 1477
1465 1926
1469 1604
1470 1862
1471 1853
1473 1681
1475 1753
1476 1904
1484 1799
1486 1637
1486 1611
1487 1955
1490 1689
1490 1672
1494 1524
1496 1532
1497 1894
1500 1939
1500 1974
1500 1930
1500 1662
1500 1597
1500 1668
1500 1592
1501 1932
1505 1619
1516 1605
1523 1799
1528 1561
1528 1858
1530 1819
1530 1582
1530 1780
1531 1766
1536 1878
1542 1939
1548 1645
1549 1706
1551 1750
1551 1924
1554 1576
1554 1797
1554 1972
1559 1986
1565 1604
1566 1818
1566 1642
1566 1823
1570 1606
1570 1692
1571 1604
1576 1604
1576 1939
1576 1619
1576 1660
1576 1676
1576 1819
1576 1883
1576 1638
1580 1890
1582 1759
1583 1935
1590 1665
1592 1804
1593 1981
1593 1838
1604 1878
1604 1997
1604 1613
1604 1786
1604 1974
1604 1964
1604 1715
1604 1942
1604 1930
1604 1821
1604 1944
1604 1866
1604 1824
1604 1738
1604 1827
1604 1677
1611 1724
1611 1852
1613 1636
1614 1772
1619 1877
1619 1626
1623 1713
1626 1758
1627 1671
1630 1701
1630 1850
1631 1939
1631 1913
1639 1985
1640 1985
1641 1970
1653 1660
1653 1890
1656 1660
1658 1843
1660 1939
1660 1741
1661 1940
1664 1981
1672 1711
1676 1805
1681 1695
1688 1805
1689 1865
1690 1790
1690 1758
1693 1939
1693 1741
1699 1921
1701 1741
1701 1981
1701 1819
1702 1866
1706 1982
1707 1716
1708 1740
1711 1877
1716 1804
1722 1768
1729 1944
1730 1927
1737 1768
1741 1843
1751 1759
1751 1927
1759 1950
1764 1957
1795 1826
1805 1981
1818 1916
1824 1866
1836 1986
1851 1886
1853 1968
1864 1940
1865 1878
1868 1878
1869 1939
1873 1988
1876 1997
1878 1968
1878 1970
1878 1996
1878 1884
1878 1889
1886 1954
1888 1964
1893 1961
1894 1904
1895 1908
1900 1917
1902 1963
1904 1967
1922 1977
1939 1941
1939 1946
1976 1981
