2000 1855
1 939
1 1072
2 453
2 582
2 768
2 1266
2 1390
2 1523
3 44
3 594
5 8
5 837
5 1400
6 456
6 484
6 1998
8 1541
8 1705
9 707
9 1127
10 937
10 1232
10 1816
12 1159
12 1650
13 784
13 874
14 522
14 1178
15 836
16 1835
16 1842
17 865
17 1079
19 611
20 511
20 588
20 1735
21 1491
21 1770
21 1843
23 229
23 1046
23 1496
24 908
25 951
25 1934
26 528
26 899
27 1865
28 709
28 1031
28 1164
28 1530
29 409
30 1008
30 1984
30 1988
31 1380
32 399
32 1341
35 545
35 1030
36 307
36 615
36 653
37 816
37 1091
41 552
41 1104
42 1199
42 1357
43 673
43 1443
44 266
45 998
46 189
46 950
47 307
47 1882
48 1567
48 1838
48 1986
51 111
51 119
52 325
53 1029
54 601
54 1338
55 825
56 1261
56 1746
57 775
58 1488
58 1534
58 1863
59 1174
59 1659
59 1926
60 258
60 560
61 1360
61 1506
61 1620
62 926
62 1400
62 1463
63 71
63 1947
64 612
65 340
65 1073
65 1188
65 1510
65 1858
67 698
67 807
67 1666
68 934
69 265
70 216
70 374
70 1485
71 254
73 191
73 435
73 781
73 1078
76 146
76 1536
78 1805
80 666
80 1933
80 1937
81 288
81 376
82 601
82 1771
84 630
84 1309
84 1491
84 1918
87 241
87 393
87 611
87 648
87 843
87 903
87 1569
88 1028
88 1235
88 1524
89 383
89 1126
91 1799
92 279
92 545
92 1211
93 230
93 488
94 815
95 216
95 1133
95 1604
96 218
96 1293
97 195
97 472
97 495
97 1249
97 1764
98 176
98 271
98 704
98 1206
99 1410
99 1678
100 202
100 699
100 705
100 780
100 1365
101 831
102 1884
102 1920
104 277
104 308
104 1373
105 358
105 545
105 750
105 1435
106 1255
106 1678
107 289
107 1559
108 1634
108 1760
110 722
110 1096
110 1275
110 1829
111 785
111 1324
111 1384
111 1873
112 1275
113 908
114 422
114 980
115 501
115 1109
116 1674
118 1121
118 1839
119 281
119 587
120 1625
120 1741
121 1463
123 1483
125 1618
126 1372
126 1988
127 1368
128 131
128 808
129 813
130 346
130 1867
131 350
131 428
131 881
131 1048
131 1695
132 301
133 285
133 888
134 780
134 1289
135 177
135 1105
136 896
136 965
136 1545
137 688
137 1812
140 569
140 1610
143 198
143 544
143 1308
143 1568
144 456
144 1738
145 1236
146 562
146 650
146 1023
146 1107
146 1532
147 520
147 1825
148 468
148 1045
149 179
149 373
151 236
151 395
151 1376
153 1468
154 403
154 870
155 1134
156 244
156 1691
156 1890
157 1151
157 1589
158 820
159 898
159 1429
160 588
160 971
160 1325
160 1507
160 1636
160 1748
161 1315
162 166
162 1506
163 655
163 1369
163 1981
164 360
165 1087
166 969
167 313
168 566
168 1200
168 1997
169 410
169 512
169 752
170 179
171 1420
171 1833
172 414
172 1202
173 609
174 697
174 1037
175 365
175 368
175 1166
175 1381
175 1454
175 1591
176 449
176 589
176 1045
176 1988
177 547
179 1049
179 1464
180 356
180 700
183 1860
183 1906
184 333
184 1009
185 255
185 1182
186 1627
187 899
188 1127
188 1474
189 1160
189 1666
189 1855
190 1547
191 871
191 1139
192 302
192 398
192 642
192 1710
192 1865
193 1288
194 822
194 1859
196 462
196 627
196 1135
196 1805
197 1517
198 444
198 1170
199 1409
199 1708
200 1287
202 339
203 1676
205 1709
206 791
207 547
207 1602
209 250
209 678
210 341
210 1169
211 719
212 572
213 680
215 1596
216 403
216 524
217 1153
217 1303
218 1287
218 1377
220 609
220 847
221 1470
222 1609
223 477
223 1489
224 908
224 959
224 982
224 1225
224 1363
225 1099
225 1542
225 1763
225 1965
226 938
226 1448
226 1647
227 1613
228 386
228 393
229 1215
229 1519
230 789
230 1991
231 1361
232 492
232 726
232 1829
233 1328
233 1804
234 1581
235 534
236 671
236 1791
237 747
237 1977
238 1498
239 599
239 960
240 1305
241 592
241 938
241 1186
241 1961
243 645
243 932
244 545
244 1029
245 548
247 854
247 890
247 1369
248 1104
249 1688
249 1887
250 874
250 1080
250 1574
251 1663
252 1945
253 733
253 1131
253 1873
253 1931
254 339
255 643
255 1602
255 1777
256 804
256 884
257 571
257 1585
258 373
258 1867
259 1081
260 267
261 1742
262 1409
264 361
264 400
264 1034
264 1403
265 1145
265 1182
265 1968
266 1167
267 750
268 1333
268 1873
269 1632
270 537
270 714
270 904
270 1107
271 313
271 1387
272 314
272 446
272 875
272 1317
272 1366
272 1828
274 872
278 314
278 1695
279 727
279 886
281 442
282 695
283 652
283 1614
283 1637
285 320
285 1072
288 723
288 1181
288 1738
290 391
290 914
292 784
292 1166
292 1218
292 1696
293 349
293 1733
294 298
295 1273
295 1381
295 1994
296 517
296 739
296 1211
296 1816
298 1200
299 912
299 1677
299 1766
299 1792
301 1121
301 1593
301 1988
302 657
302 1108
302 1291
302 1457
302 1854
303 357
303 1394
303 1604
305 875
305 1840
306 988
306 1425
308 894
308 1686
309 1554
309 1841
310 937
310 963
310 1678
311 615
311 1200
312 881
313 713
314 1951
315 432
315 934
316 518
316 1874
319 739
320 867
320 1439
321 903
321 1216
324 1770
325 1636
325 1951
326 1255
327 399
327 1072
329 1890
330 885
330 1312
330 1462
331 692
331 1126
332 610
333 668
333 1581
334 1736
335 486
336 1412
336 1451
337 1362
339 1220
339 1329
339 1520
340 872
341 805
343 1309
344 633
345 764
346 1204
346 1382
349 740
349 1260
349 1528
350 1467
352 357
352 1696
354 622
355 1615
356 762
356 1490
357 462
357 975
359 1586
359 1851
359 1984
360 707
362 654
362 920
362 1771
364 650
364 1878
364 1912
365 513
365 709
365 959
366 931
368 1067
369 1122
369 1148
369 1288
370 597
370 1859
371 1264
371 1513
372 944
373 537
373 1747
374 1613
375 898
376 1333
377 620
377 1780
378 1751
379 1105
381 1440
381 1441
382 568
382 722
382 1823
385 1807
385 1920
386 689
387 1086
388 1347
390 686
391 898
391 1608
393 899
393 1052
393 1610
394 1396
394 1719
395 397
395 804
395 1107
395 1435
396 401
396 527
398 1631
399 1004
399 1351
399 1450
399 1830
400 1103
401 1358
402 405
403 517
404 509
404 1640
405 864
405 1046
408 1746
409 1652
411 1549
411 1588
412 1328
413 1814
414 592
414 939
414 1624
415 982
415 1382
415 1495
415 1975
416 1122
416 1445
417 1068
417 1389
418 572
420 474
421 845
422 755
423 673
423 1013
424 1229
424 1604
425 488
425 737
425 1125
425 1518
425 1640
426 1081
426 1167
426 1413
426 1471
427 557
427 1911
428 1807
429 775
429 879
431 1111
431 1234
431 1919
432 861
432 1163
432 1231
432 1652
433 930
433 1344
434 1903
435 743
436 578
436 619
436 1126
436 1255
437 1407
437 1773
437 1806
438 988
441 684
442 1634
444 535
444 619
445 690
445 1753
446 637
447 550
448 1092
448 1687
448 1739
448 1907
449 1653
452 1731
453 485
453 542
455 853
457 825
458 978
459 1948
461 1886
463 979
463 1940
465 1214
465 1346
466 1238
467 853
467 1823
468 486
468 512
468 661
468 813
470 1575
472 533
473 1207
474 856
474 1676
475 954
475 1714
476 544
476 1503
476 1998
478 1848
479 924
479 1226
479 1664
480 525
480 713
480 733
480 1610
482 606
482 747
482 1051
482 1223
483 620
483 1729
484 708
484 766
484 1721
485 1240
485 1862
486 1380
486 1760
487 1212
488 899
489 1627
490 727
490 858
490 1176
490 1416
491 974
491 1341
496 1762
498 1384
498 1463
502 1170
502 1388
503 640
504 587
505 744
505 1042
505 1371
508 1472
509 1703
509 1833
510 1667
511 706
511 761
513 1280
513 1444
515 641
515 1075
516 1469
516 1862
517 1343
517 1685
517 1990
518 777
519 689
520 760
520 904
520 1887
521 747
522 1721
523 640
523 935
527 1697
528 1110
529 670
529 1876
530 1928
531 743
532 1525
533 938
535 1659
536 1965
538 1998
540 1005
540 1460
541 1156
542 1248
543 1629
543 1671
544 1493
546 849
546 926
546 1075
546 1589
547 549
547 1254
547 1282
548 814
548 934
548 1870
549 1743
551 660
551 1277
551 1350
552 948
553 1306
554 1127
555 588
555 1086
555 1826
557 1004
558 1312
558 1912
559 630
559 1068
560 1763
561 599
562 1827
563 697
563 871
564 1316
565 1116
566 732
566 1033
566 1327
567 1351
569 669
570 692
570 1652
571 1499
572 684
573 1362
574 1215
575 778
575 1068
575 1836
575 1846
577 1198
578 1735
578 1931
579 1064
579 1712
580 742
581 817
581 985
581 1652
582 1618
582 1659
583 1765
584 686
584 991
584 1343
584 1974
585 1449
585 1483
586 1315
587 1511
588 1907
589 777
589 944
589 1483
590 1929
593 1692
593 1836
594 1302
595 1554
596 1257
597 1001
599 746
599 1196
599 1970
600 1022
600 1747
603 1953
606 735
607 904
607 925
608 884
610 1890
610 1932
611 768
612 1859
613 1317
613 1778
614 1247
614 1429
616 758
619 840
619 1125
619 1756
621 957
623 774
623 839
623 1931
624 1307
624 1863
625 704
629 765
629 1828
629 1861
630 733
630 1023
630 1575
630 1958
631 775
631 1184
632 1837
633 1268
634 1410
636 786
636 910
636 1791
638 1308
639 1665
640 926
640 1139
640 1520
641 1580
642 1160
642 1846
644 1850
644 1935
645 1607
646 1725
647 1974
648 664
648 1028
648 1097
648 1723
648 1929
648 1948
653 885
653 1081
654 703
654 1772
655 1587
656 1135
656 1238
656 1704
657 672
657 842
657 910
658 1377
661 882
663 1026
664 1140
665 725
665 1304
665 1792
667 1178
667 1553
669 671
670 728
670 960
670 1371
673 839
673 1760
674 681
674 701
674 1145
674 1317
674 1725
675 809
675 966
675 1015
675 1460
675 1487
676 1837
677 1286
677 1793
678 937
678 1159
678 1467
678 1512
679 1094
679 1907
680 1768
680 1894
681 797
681 915
682 885
682 1342
683 1080
684 983
684 1081
686 988
687 1525
688 980
688 1169
688 1540
691 958
692 1067
692 1396
693 1529
693 1975
695 1405
695 1852
696 846
696 970
698 988
699 1450
701 1950
703 716
703 1681
704 1008
704 1852
705 809
705 1213
706 1348
706 1790
708 1265
709 920
709 1535
709 1824
713 1804
714 1345
715 1883
718 1047
718 1292
718 1595
719 879
721 778
721 1056
722 879
723 1081
725 826
725 828
725 1057
725 1571
725 1694
726 1282
726 1473
726 1545
727 876
727 955
727 1983
728 1169
729 903
729 1399
729 1904
730 1127
731 1236
731 1817
732 1964
733 1056
734 1137
735 1302
739 1056
739 1734
741 1017
741 1358
741 1722
741 1744
742 1063
742 1388
743 1459
744 1617
745 1843
746 793
748 1247
748 1254
749 1699
750 995
750 1057
752 1581
753 787
753 1029
754 880
754 1449
754 1475
754 1992
755 1893
757 1040
757 1611
758 935
758 1513
761 805
761 847
761 1014
763 830
763 1995
764 1314
764 1568
766 1543
767 1455
771 1463
771 1708
773 1821
775 1196
775 1781
776 1717
777 1775
778 1763
780 1842
781 1110
781 1626
782 785
783 1803
785 835
785 1492
785 1859
786 1179
786 1535
787 962
791 1706
792 1581
792 1770
793 1631
794 903
794 1149
794 1348
794 1419
794 1719
795 1463
795 1777
796 916
796 1420
796 1550
796 1840
797 1516
798 1091
798 1850
799 999
800 1268
800 1779
802 830
804 1506
805 1408
805 1922
807 1661
808 1808
811 865
811 1549
811 1946
813 974
813 1323
814 1415
814 1805
816 1525
818 1153
819 1047
819 1522
821 1907
822 1137
822 1165
822 1661
824 1773
825 1906
826 1044
826 1762
827 842
827 1536
828 1128
828 1255
829 1423
830 991
833 1317
835 1773
835 1816
836 1770
837 1651
837 1747
838 1203
838 1312
838 1526
838 1947
839 1896
840 1040
840 1653
841 922
841 1057
841 1480
841 1587
842 1375
843 1098
844 1071
844 1132
844 1244
849 887
849 993
850 1079
851 1510
852 1049
853 1372
854 1241
854 1247
854 1948
855 1173
856 1522
857 1898
858 1205
859 1796
860 1286
860 1910
860 1943
861 1378
862 1716
862 1836
862 1919
864 1297
864 1540
865 1836
868 906
868 1171
868 1576
869 1802
872 1581
873 1591
874 1242
874 1600
874 1997
876 1250
876 1634
876 1665
877 1461
877 1840
878 1133
878 1410
879 1185
882 1288
882 1532
883 1364
884 1835
885 1672
886 996
887 973
887 1081
888 1773
889 1805
891 1259
891 1817
891 1969
892 1913
894 996
894 1234
894 1545
896 1705
897 1375
898 1019
898 1021
900 953
900 1711
901 1685
903 1852
905 1694
905 1716
906 1187
906 1344
908 1592
909 1565
909 1832
910 1280
910 1696
911 1023
912 1677
912 1953
915 1524
916 1921
917 997
917 1390
917 1471
917 1744
918 1740
919 1737
920 1276
921 1012
921 1034
921 1505
922 971
922 1151
923 1549
923 1971
926 990
927 1337
927 1880
928 1618
929 1612
930 1357
930 1736
930 1753
931 1233
931 1541
932 1958
933 1155
934 1211
934 1793
934 1852
935 1807
937 1041
939 1273
939 1397
940 1263
944 1267
944 1534
946 1377
946 1536
946 1822
951 1358
952 1096
952 1651
954 1071
954 1631
956 1190
958 1070
960 971
960 1735
960 1947
961 1964
963 1422
965 1315
965 1882
966 1706
969 1468
969 2000
970 1479
970 1591
970 1764
971 1496
972 1492
972 1640
973 1728
974 1152
975 1115
975 1782
979 1236
979 1719
981 1206
983 1749
986 1879
988 1135
988 1570
988 1715
988 1894
992 1469
992 1773
992 1948
992 1975
993 1770
995 1980
996 1013
996 1649
997 1981
1000 1287
1000 1502
1000 1995
1001 1434
1002 1980
1005 1255
1005 1260
1005 1491
1005 1759
1010 1586
1010 1593
1011 1429
1013 1835
1014 1254
1015 1563
1016 1032
1016 1296
1018 1212
1019 1184
1021 1115
1023 1548
1026 1304
1026 1442
1030 1668
1031 1558
1032 1038
1032 1308
1033 1041
1033 1106
1033 1427
1033 1561
1034 1856
1034 1947
1035 1458
1035 1883
1037 1988
1038 1190
1038 1890
1039 1459
1040 1293
1040 1316
1040 1539
1041 1103
1041 1918
1042 1298
1043 1172
1043 1470
1043 1719
1046 1391
1046 1699
1049 1061
1050 1314
1051 1136
1053 1187
1053 1655
1054 1488
1055 1995
1056 1843
1057 2000
1058 1617
1059 1358
1059 1943
1061 1107
1061 1145
1063 1816
1064 1613
1066 1505
1067 1978
1068 1635
1069 1080
1069 1455
1069 1759
1071 1505
1071 1609
1073 1121
1080 1372
1080 1850
1082 1581
1082 1664
1082 1716
1083 1409
1083 1559
1083 1822
1086 1315
1086 1739
1086 1835
1088 1209
1090 1910
1092 1459
1092 1477
1092 1776
1093 1361
1094 1190
1094 1290
1094 1937
1095 1113
1095 1902
1096 1468
1097 1846
1098 1466
1102 1246
1102 1949
1103 1267
1104 1460
1105 1455
1105 1559
1106 1612
1107 1843
1111 1242
1112 1771
1112 1911
1113 1761
1117 1914
1119 1860
1120 1733
1121 1322
1122 1517
1124 1479
1124 1967
1125 1715
1126 1567
1126 1606
1127 1495
1128 1648
1130 1418
1131 1619
1131 1785
1132 1694
1133 1599
1134 1354
1134 1958
1137 1877
1138 1599
1140 1957
1141 1618
1141 1788
1144 1666
1145 1570
1145 1916
1148 1936
1149 1297
1150 1618
1152 1205
1152 1994
1154 1865
1155 1418
1160 1350
1161 1288
1161 1411
1162 1189
1162 1330
1162 1792
1163 1493
1163 1744
1166 1743
1167 1366
1167 1672
1167 1857
1171 1532
1172 1870
1173 1207
1173 1396
1173 1679
1174 1705
1175 1665
1176 1373
1177 1806
1178 1302
1179 1416
1179 1913
1181 1665
1188 1974
1189 1276
1189 1318
1191 1310
1193 1344
1195 1767
1196 1220
1200 1959
1201 1239
1201 1612
1201 1807
1208 1924
1210 1876
1211 1463
1211 1921
1212 1671
1213 1296
1214 1912
1216 1671
1219 1592
1220 1436
1220 1710
1223 1456
1223 1719
1224 1257
1226 1922
1228 1572
1228 1870
1230 1464
1231 1323
1235 1385
1235 1499
1237 1717
1238 1300
1239 1636
1240 1812
1241 1505
1242 1508
1242 1802
1243 1344
1244 1291
1244 1847
1246 1768
1247 1472
1248 1435
1248 1495
1249 1498
1252 1261
1255 1300
1256 1392
1256 1927
1258 1789
1261 1482
1265 1768
1266 1769
1267 1553
1267 1912
1267 1999
1269 1354
1270 1390
1270 1737
1270 1968
1272 1466
1272 1645
1275 1766
1277 1600
1278 1516
1282 1832
1283 1389
1285 1584
1286 1618
1287 1929
1288 1468
1289 1419
1292 1824
1292 1859
1294 1465
1294 1851
1294 1979
1296 1904
1297 1364
1297 1429
1297 1498
1298 1931
1300 1359
1304 1549
1304 1572
1304 1624
1306 1635
1306 1770
1308 1946
1311 1876
1325 1452
1326 1929
1326 1997
1328 1674
1329 1723
1330 1361
1331 1450
1335 1491
1335 1884
1344 1814
1345 1867
1346 1624
1346 1753
1347 1701
1349 1831
1350 1365
1355 1883
1357 1631
1358 1564
1358 1687
1362 1365
1372 1525
1372 1735
1373 1636
1376 1481
1378 1498
1381 1722
1381 1755
1382 1998
1385 1696
1387 1883
1389 1948
1390 1605
1393 1694
1394 1503
1394 1769
1395 1903
1399 1447
1399 1759
1400 1675
1400 1960
1401 1530
1401 1787
1404 1525
1413 1540
1415 1586
1417 1678
1419 1538
1419 1873
1420 1935
1421 1614
1424 1678
1425 1818
1426 1504
1426 1545
1436 1652
1438 1766
1442 1773
1443 1501
1444 1767
1447 1923
1454 1804
1454 1975
1456 1749
1456 1974
1460 1895
1460 1915
1462 1621
1462 1821
1464 1819
1465 1646
1470 1475
1470 1604
1471 1669
1473 1874
1475 1659
1478 1508
1480 1764
1481 1519
1485 1714
1487 1867
1491 1753
1494 1798
1494 1941
1495 1512
1496 1979
1499 1838
1501 1837
1503 1519
1507 1779
1511 1924
1514 1907
1515 1652
1518 1789
1525 1630
1527 1810
1527 1856
1529 1714
1529 1808
1532 1671
1534 1834
1535 1943
1536 1975
1539 1994
1541 1905
1553 1639
1555 1785
1556 1739
1558 1607
1558 1853
1576 1625
1579 1841
1580 1926
1580 1999
1582 1722
1586 1658
1586 1950
1589 1721
1594 1824
1599 1841
1599 1862
1600 1974
1602 1949
1610 1951
1614 1707
1614 1918
1615 1763
1618 1687
1626 1918
1630 1794
1636 1716
1641 1947
1643 1999
1651 1979
1658 1886
1661 1992
1675 1838
1679 1686
1680 1824
1682 1869
1686 1889
1690 1972
1694 1733
1703 1858
1708 1731
1714 1979
1715 1767
1721 1750
1724 1896
1730 1856
1731 1775
1731 1816
1732 1981
1734 1817
1738 1764
1740 1849
1743 1753
1746 1755
1756 1868
1756 1873
1762 1791
1764 1820
1765 1771
1765 1833
1769 1919
1771 1841
1775 1915
1778 1920
1779 1887
1780 1897
1790 1938
1803 1833
1806 1969
1818 1920
1835 1916
1841 1858
1862 1907
1867 1934
1885 1936
1895 1994
1896 1933
1912 1976
1915 1935
1915 1981
1917 1949
1918 1963
1918 1990
1941 1955
1941 1964
1981 1999
1985 1997
