2000 2000
540 1447
540 774
1447 366
273 1103
273 788
1103 776
53 1737
53 1716
1737 1241
491 1325
491 461
1325 494
1363 1520
1363 1299
1520 1735
380 1723
380 1797
1723 1313
515 1539
515 93
1539 1082
433 1878
433 10
1878 843
967 1928
967 1369
1928 1189
477 1283
477 1046
1283 1671
311 576
311 1787
576 627
929 1263
929 1204
1263 1697
1705 1899
1705 1978
1899 612
891 1911
891 424
1911 476
1402 1861
1402 219
1861 652
203 1308
203 39
1308 397
1728 1882
1728 449
1882 1847
560 1173
560 1910
1173 1580
735 1025
735 803
1025 496
274 550
274 826
550 650
10 68
68 1527
394 1900
394 1279
1900 1139
793 1380
793 318
1380 1528
427 765
427 956
765 693
636 1433
636 1904
1433 1302
868 1819
868 1264
1819 1110
411 1952
411 1397
1952 74
925 1270
925 309
1270 1453
1114 1551
1114 1419
1551 1835
951 1938
951 589
1938 671
253 733
253 1167
733 312
824 1754
824 417
1754 870
844 1174
844 122
1174 72
1370 1778
1370 1949
1778 504
1199 1222
1199 193
1222 276
642 810
642 1913
810 875
157 207
157 1201
207 210
1044 1119
1044 1562
1119 1216
358 1954
358 286
1954 321
1011 1845
1011 859
1845 31
66 1437
66 369
1437 124
1231 1848
1231 29
1848 484
1674 1780
1674 435
1780 1969
13 199
13 1657
199 1649
1158 1635
1158 372
1635 1429
265 1646
265 272
1646 1747
183 790
183 521
790 1253
405 1248
405 928
1248 1382
202 1563
202 69
1563 1538
88 1541
88 966
1541 301
1904 325
611 1353
611 339
1353 645
192 695
192 196
695 1518
412 1930
412 692
1930 1032
467 1982
467 1274
1982 345
301 813
367 732
367 1528
732 131
1000 1133
1000 1895
1133 1847
80 1313
80 347
389 1016
389 549
1016 1510
369 1681
1681 365
42 154
42 1654
154 127
1815 1876
1815 214
1876 257
269 690
269 101
690 1019
911 2000
911 801
2000 1314
1387 1700
1387 142
1700 634
27 110
27 236
110 1906
286 1273
1273 1525
569 924
569 1239
924 345
293 1843
293 1033
1843 429
148 256
148 972
256 285
1574 1791
1574 1372
1791 335
1262 1296
1262 1213
1296 399
277 1984
277 651
1984 45
652 382
49 1711
49 1292
1711 1703
255 1816
255 610
1816 806
1172 1667
1172 1095
1667 1718
458 1766
458 685
1766 58
1416 1475
1416 703
1475 913
410 908
410 1856
908 798
941 1856
941 444
297 622
297 47
622 403
518 590
518 179
590 505
147 305
147 802
305 1134
1652 1867
1652 980
1867 457
1079 1188
1079 450
1188 339
970 1281
970 1827
1281 1512
179 1160
1160 682
168 742
168 1830
742 1738
594 850
594 1813
850 1013
152 913
152 646
76 1269
76 1834
1269 1903
165 1755
165 942
1755 662
266 1429
266 278
249 931
249 1820
931 1974
276 1479
1479 1009
1069 1115
1069 1939
1115 459
909 1800
909 376
1800 1630
781 1880
781 1765
1880 2
81 565
81 766
565 493
1017 1827
1017 1228
337 527
337 1858
527 947
1080 1654
1080 999
885 890
885 353
890 836
36 41
36 918
41 216
1292 135
906 1358
906 1056
1358 801
208 647
208 754
647 1931
836 1185
725 1053
725 1818
1053 1837
612 869
1895 846
418 1396
418 784
1396 984
731 1483
731 1918
1483 694
666 1991
666 589
1991 969
101 237
591 1179
591 817
1179 482
64 1550
64 326
1550 741
12 191
12 804
191 388
603 1190
603 173
1190 1362
1393 1983
1393 1110
1983 1097
227 939
227 719
939 218
681 1109
681 922
1109 1323
1376 1405
1376 1894
1405 1383
516 1450
516 1334
1450 247
459 916
916 172
29 1857
1857 795
878 985
878 1495
985 940
1033 1124
1124 1155
876 1469
876 1726
1469 1142
484 1656
198 322
198 1587
322 1005
786 1432
786 1028
1432 1441
360 1440
360 894
1440 1979
866 903
866 141
903 1077
577 1932
577 308
1932 1615
1039 1877
1039 1030
1877 1748
1302 1679
240 1343
240 522
1343 1116
127 1974
778 1055
778 408
1055 490
606 683
606 1854
683 1415
449 699
699 842
743 917
743 414
917 1794
1508 1803
1508 95
1803 692
439 771
439 1789
771 1896
1201 1980
946 1361
946 1648
1361 1561
1618 1790
1618 1036
1790 933
972 583
630 1915
630 863
1915 1392
186 1529
186 1931
1529 1107
617 1078
617 1564
1078 307
446 1196
446 1031
1196 1620
1730 1973
1730 1330
1973 429
261 1788
261 395
1788 451
620 1232
620 1682
1232 1694
1184 1719
1184 177
1719 1852
387 1146
387 1122
1146 975
1481 1942
1481 716
1942 696
1748 696
538 1135
538 295
1135 705
1478 1644
1478 1477
1644 777
897 1482
897 1377
1482 959
283 1439
283 1068
1439 1274
234 1583
234 349
1583 829
187 1471
187 176
1471 100
1507 1527
1507 1105
697 1164
697 288
1164 782
955 1688
955 1465
1688 495
1214 1948
1214 1668
1948 1497
1362 86
1127 1571
1127 280
1571 381
44 1687
44 1492
1687 1326
456 1223
456 99
1223 195
508 1004
508 853
1004 490
797 1781
797 1936
1781 1907
159 478
159 115
478 1796
795 507
257 1916
1916 1885
572 796
572 1651
796 1070
200 1153
200 1521
1153 643
326 472
97 243
97 136
243 634
226 653
226 1304
653 1207
613 1062
613 1328
1062 1504
881 1142
881 51
30 598
30 107
598 1953
476 1438
1438 1464
40 382
40 78
74 1494
1572 1898
1572 1980
1898 963
461 1315
1315 1020
969 1492
430 689
430 1054
689 1838
728 1286
728 884
1286 1599
1410 1463
1410 1243
1463 745
306 510
306 1314
510 1340
1304 1793
546 1394
546 457
1394 1220
1261 1605
1261 65
1605 1287
995 1077
995 1027
1495 1219
19 1993
19 1829
1993 822
523 1941
523 137
1941 79
863 957
957 1198
332 912
332 751
912 178
373 1215
373 887
1215 616
77 807
77 1547
807 1578
922 344
279 762
279 1435
762 460
500 1255
500 158
1255 391
1523 1762
1523 73
1762 1411
1414 1855
1414 244
1855 1249
1107 1704
1704 1426
512 1229
512 1067
1229 1128
1401 1656
1401 1373
497 1515
497 1275
1515 166
1170 1989
1170 588
1989 1260
509 586
509 1382
586 1964
377 1041
377 808
1041 1254
705 1268
532 1738
532 883
244 114
1081 1422
1081 763
1422 1012
386 860
386 1202
860 1161
1419 209
973 1480
973 1526
1480 1092
883 1406
1406 1817
84 1318
84 921
1318 291
867 1169
867 858
1169 635
385 1166
385 236
1166 1599
759 1227
759 310
1227 1462
333 710
333 1141
710 441
1561 1024
1707 1969
1707 1666
357 838
357 1138
838 132
328 1040
328 1621
1040 755
608 1094
608 1884
1094 1265
1121 1579
1121 1386
1579 1998
1649 856
769 904
769 539
904 1317
50 888
50 1500
888 1920
815 1774
815 736
1774 1193
547 711
547 1641
711 1208
950 1324
950 570
1324 1872
693 1182
724 1247
724 1347
1247 1455
635 723
1443 1751
1443 1389
1751 736
1716 1567
336 1430
336 1806
1430 1769
1379 1852
1379 316
513 1966
513 614
1966 35
281 1351
281 1462
1351 944
455 1238
455 1598
1238 1285
1125 1298
1125 1130
1298 1305
1330 1776
588 1996
1996 1065
893 1320
893 225
1320 1664
435 1556
94 1344
94 1821
1344 663
92 1420
92 107
1420 519
602 1113
602 1998
1113 1600
378 1368
378 525
1368 1058
1675 1886
1675 968
1886 1740
1849 1922
1849 1454
1922 729
444 872
440 562
440 1793
562 260
1012 1807
1807 529
282 384
282 38
384 1851
1657 1399
1452 1813
1452 1099
1964 1118
210 105
121 961
121 1267
961 181
719 1586
474 1722
474 1548
1722 841
349 1535
729 1603
1603 487
1531 1962
1531 1956
1962 1250
262 676
262 640
676 1187
142 351
351 1455
99 1701
1701 383
1834 300
846 1449
524 1844
524 1091
1844 1770
174 1057
174 160
1057 432
750 1024
750 1678
1117 1949
1117 302
1045 1817
1045 1083
1829 554
122 530
530 407
399 172
32 865
32 839
865 1869
996 1960
996 1798
1960 1988
777 1364
1364 480
1250 1836
362 1005
362 1378
26 678
26 1068
678 1112
300 1030
402 1752
402 727
1752 1957
21 483
21 933
483 1485
578 1154
578 120
1154 1108
971 1234
971 463
1234 1683
927 1573
927 89
1573 1805
1 361
1 1953
361 250
1542 1697
1542 1473
1554 1671
1554 671
1280 1431
1280 252
1431 1585
685 1828
111 232
111 875
232 857
768 1256
768 1889
1256 35
34 1297
34 1389
1297 160
1805 976
651 1085
131 713
713 1398
1220 9
657 1317
657 489
1392 1666
976 1442
1442 787
643 1758
670 990
670 1789
990 1015
1276 1703
1276 1177
167 1947
167 422
1947 78
1597 1609
1597 1218
1609 787
125 1047
125 1927
1047 1417
83 901
83 1013
901 1271
873 1206
873 1331
1206 1461
1360 1553
1360 684
1553 1836
65 1545
268 803
268 1043
1287 896
1312 1927
1312 800
1567 1888
1888 134
184 1892
184 1854
1892 1035
1345 1695
1345 684
1695 999
944 413
1770 1838
355 727
355 1945
404 848
404 1152
848 481
1183 1489
1183 239
1489 745
1630 1404
180 582
180 921
582 1684
827 1067
827 1448
468 1772
468 441
1772 914
182 1149
182 1502
1149 1935
915 1710
915 1159
1710 1221
1686 1965
1686 173
1965 1496
568 1486
568 134
1486 228
1216 170
940 828
108 1995
108 212
1995 1089
896 1477
650 229
485 935
485 1698
935 932
140 751
140 17
928 1132
1132 1075
20 197
20 1061
197 1568
3 1685
3 1139
1685 16
124 1566
1566 717
1510 275
218 1466
1466 958
1758 1470
314 536
314 1266
536 135
554 388
79 1307
1307 1907
669 1258
669 1350
1258 812
849 1225
849 1259
1225 1091
702 1026
702 1537
1026 593
205 894
205 1809
660 1029
660 1373
1029 551
566 607
566 370
607 1808
1538 1084
222 574
222 841
574 494
308 1191
133 1628
133 59
1628 55
413 779
779 818
718 1235
718 438
1235 764
56 770
56 854
770 117
899 1167
899 289
968 1735
552 1468
552 1182
1468 424
932 626
436 1665
436 1042
1665 371
942 1456
1295 1661
1295 1796
1661 629
1548 658
739 1065
739 758
1003 1669
1003 580
1669 1873
164 425
164 1558
425 145
1821 1445
959 1423
792 1570
792 1645
1570 1204
115 686
344 1828
1102 1912
1102 1724
1912 1018
614 506
1562 715
584 1806
584 342
1141 1221
826 749
228 975
317 1727
317 129
1727 752
1435 1797
1498 1588
1498 1935
1588 828
1398 496
366 945
945 1971
1502 1893
1181 1917
1181 1773
1917 1967
85 1197
85 1706
1197 175
979 1782
979 1203
1782 190
250 486
350 448
350 1673
448 962
460 1074
1074 487
1340 1946
661 1509
661 1662
1509 284
1162 1940
1162 1014
1940 775
62 1558
62 1590
1773 936
1946 752
1194 1334
1194 170
348 1692
348 1341
1692 146
149 808
149 272
70 1418
70 1866
1418 138
472 1349
1349 288
397 501
501 785
1031 1451
1339 1837
1339 1491
1613 1668
1613 229
639 708
639 1869
708 155
59 1936
1019 687
555 974
555 141
974 1763
644 1955
644 212
1955 1465
783 1884
783 1881
712 1680
712 374
1680 1992
542 1943
542 263
1943 1835
1851 528
393 1591
393 1303
1591 214
858 1348
758 1683
1564 1999
1064 1875
1064 1178
1875 1341
506 1059
1059 905
143 1007
143 396
1007 738
1268 1365
381 390
390 259
766 926
1224 1604
1224 2
1604 1049
450 520
520 1771
980 259
819 1555
819 682
1555 673
842 864
864 1610
1275 194
319 1354
319 1658
1354 1615
1303 4
1288 1624
1288 1156
1624 1672
58 1578
247 564
709 1395
709 1786
1395 1595
1018 1476
1476 1633
798 1244
1244 502
43 488
43 1434
488 1381
371 994
1048 1355
1048 447
1355 309
54 417
54 204
1020 1293
1293 1524
1198 1708
1708 1777
31 284
428 1381
428 1165
1470 1921
171 938
171 415
938 1833
926 1514
1514 359
1391 1959
1391 294
1959 1636
302 640
1672 1058
462 1266
462 763
1054 1840
714 1487
714 700
1487 178
823 1659
823 75
1659 130
505 1987
1987 1458
1108 1049
1585 1945
15 1485
15 331
923 1337
923 466
1337 235
67 1123
67 1175
1123 930
1464 1691
1691 1193
717 1088
1088 28
481 757
892 1614
892 1257
1614 1909
447 855
855 1831
150 977
150 155
977 1850
596 1472
596 1233
1472 52
1316 1569
1316 492
1569 1327
260 1150
1150 1131
254 1744
254 1473
1744 1143
541 983
541 847
983 987
701 1157
701 1961
1157 585
161 1372
161 343
1743 1763
1743 363
631 1178
631 943
407 176
103 1696
103 845
1696 473
395 1724
237 211
25 1633
25 1593
1106 1556
1106 1425
1310 1322
1310 1650
1322 1565
1602 1759
1602 363
1759 1733
1777 479
359 1720
1060 1970
1060 1536
1970 615
1202 1642
675 1979
675 98
1134 737
914 1972
1584 1832
1584 543
1832 1908
9 354
354 564
1409 1714
1409 61
1714 604
1369 144
615 627
720 854
720 271
1872 698
82 832
82 1632
832 1897
465 1653
465 707
1653 919
252 1028
181 811
811 352
895 1386
895 1750
51 1918
1400 1638
1400 471
1638 1992
421 563
421 11
563 422
626 549
561 1217
561 219
1217 633
445 1185
445 123
1425 621
686 839
648 992
648 1543
992 466
1043 1750
406 641
406 1090
641 340
368 1203
368 1926
1249 551
48 667
48 1010
667 1944
400 1155
400 851
24 984
24 1893
318 753
1180 1611
1180 1977
1611 1207
628 726
628 886
726 1532
1988 270
998 1311
998 1291
1311 1978
700 432
625 1623
625 558
1623 1883
1662 1488
1619 1923
1619 679
1923 821
575 1658
575 1679
1461 1503
1329 1977
1329 716
1913 907
118 1010
118 1136
1034 1799
1034 889
1799 756
39 982
982 163
764 1795
1795 1929
658 1747
856 1545
185 398
185 579
398 1810
347 954
954 1926
499 1905
499 1698
1905 230
1327 1764
1764 1858
1246 1776
1246 169
1809 216
715 1242
1242 1741
376 1252
1883 610
109 1404
109 238
1159 1072
117 1612
1305 1676
453 1213
453 1981
1161 1565
6 1576
6 862
1576 475
126 1385
126 370
1385 730
1189 1342
889 1407
1407 672
869 557
965 993
965 573
993 646
920 1745
920 1168
1745 537
1328 1367
663 1594
1594 988
1897 470
329 522
329 1265
136 1625
1291 139
1371 1802
1371 1769
1802 1839
211 1333
93 1859
1859 623
1321 1801
1321 379
1801 1756
177 1408
1518 1870
8 817
8 1122
748 1530
748 245
1530 521
120 1961
1441 1753
1753 1951
89 1352
674 1580
674 1186
621 1451
235 981
981 580
221 1720
221 1309
1889 1163
1909 1871
492 825
1096 1165
1096 123
61 949
949 294
1285 1338
794 1245
794 1350
1245 997
1488 818
816 1412
816 1499
1412 1015
195 1968
1968 1997
1357 1736
1357 1309
1736 321
1590 1709
1709 1272
907 1536
105 1787
1338 1335
1383 1501
1501 1200
1445 910
139 882
668 1226
668 1868
1226 1939
144 1100
882 1306
1200 1209
814 1874
814 1111
1874 1326
616 1006
431 1664
431 1842
1342 374
525 1100
1228 1864
1864 535
1706 1934
930 52
299 991
299 1413
991 744
454 785
454 1544
843 471
1212 1632
1212 327
1522 1937
1522 664
1937 1052
1032 754
1544 820
1051 1534
1051 605
1534 1775
988 1885
470 1061
1850 1384
629 365
1023 1063
1023 948
1063 1559
270 691
1792 1919
1792 772
1919 706
898 1822
898 55
1822 1408
1356 1617
1356 1715
1617 1663
1537 1549
1549 1577
11 587
1403 1814
1403 825
1814 278
740 1241
740 840
1929 464
14 877
14 791
877 437
343 1690
1690 1148
63 1901
63 28
1901 113
761 1156
761 153
645 22
753 1301
1301 356
151 1641
151 220
570 1746
1104 1760
1104 659
1760 287
1684 1601
1715 1496
209 1209
231 1871
231 528
557 1218
1547 1413
1098 1456
1098 204
1083 1593
1517 1934
1517 438
567 773
567 813
773 315
392 1824
392 1640
1824 900
609 1035
609 7
879 1533
879 271
1533 1830
543 852
698 1085
1129 1192
1129 201
1192 230
16 791
1957 556
802 539
1138 1914
1914 1097
146 1660
1660 1629
239 805
805 756
1112 722
862 1254
1259 1631
600 1457
600 687
1457 1990
1187 1336
960 1620
960 60
248 746
248 1610
746 1589
213 788
213 1637
342 1427
1427 1725
23 1975
23 1676
1975 553
665 1299
665 320
1999 1853
289 396
784 102
98 1825
1825 1713
1411 130
1490 1677
1490 1678
1677 241
346 880
346 544
880 722
632 1014
632 1655
138 442
442 1118
583 1560
1673 755
102 18
679 1810
517 1557
517 1282
1557 649
1300 1823
1300 1126
1823 1951
744 1950
1950 1586
556 1670
1670 475
1111 1284
1956 1606
900 1761
1399 789
1458 1972
416 548
416 1454
548 1879
623 1552
1552 1833
806 1902
1902 688
1143 1587
1713 1524
1070 1560
519 1436
1436 116
341 526
341 1608
526 375
1415 1493
1493 1205
1335 1384
1526 851
1640 1840
480 947
997 335
91 994
91 989
1397 1444
1444 246
1606 1963
1963 706
1282 69
312 482
403 71
338 498
338 619
498 1084
502 619
1631 264
581 1424
581 1390
1424 1577
258 919
258 1944
238 1484
503 1589
503 597
1500 493
1818 1784
5 37
5 1540
37 1120
145 747
1377 1990
1205 119
1006 1140
1140 1647
1497 1637
662 1101
1101 571
822 451
340 1860
426 830
426 534
830 298
489 545
587 1506
1642 1853
1278 1985
1278 242
1985 1887
1066 1284
1066 223
910 193
852 1095
1136 1093
1191 1958
1958 437
1920 1786
1505 1596
1505 1426
1596 292
871 964
871 1581
964 799
1820 1073
1211 1908
1211 57
263 937
937 1651
1046 33
837 1846
837 1374
1846 106
113 1598
853 656
1513 1986
1513 963
1986 1804
605 847
571 1812
1812 1195
241 46
1467 1726
1467 511
1499 1575
1543 119
280 1147
1147 953
1264 1546
1546 1779
1186 1388
486 327
364 593
364 114
220 1994
504 1390
741 1891
1891 1446
760 1761
760 654
597 1734
1734 780
129 529
420 1921
420 313
1568 1870
649 1600
624 789
624 1277
604 1333
1105 1332
1839 1997
1073 821
1741 1663
677 1740
677 1643
1116 1903
1260 1767
1767 1144
1994 206
1208 1348
1267 1811
1811 1607
223 1626
1626 479
290 633
290 1925
638 1725
638 1783
169 267
379 1712
1002 1894
1002 559
978 1277
978 90
245 1771
310 1757
1757 1831
1008 1421
1008 1137
1421 1519
656 87
38 834
734 772
734 334
189 1732
189 654
1732 1290
1323 1037
1210 1375
1210 1721
1375 799
1367 275
196 1050
738 1639
251 776
251 469
704 721
704 1924
721 463
637 1863
637 1042
1863 443
887 285
1608 469
1271 116
194 655
655 1417
137 1289
1289 1655
545 1423
1336 1729
1729 1089
1022 1682
1022 325
408 1639
464 1540
1027 495
264 215
225 1145
1145 1881
315 1460
1087 1933
1087 1506
1933 419
353 296
884 1195
1099 1120
956 1131
948 1890
1890 730
4 1086
829 1236
1236 128
553 544
73 1693
1842 1643
812 1862
1862 1446
71 537
1484 1739
1739 1717
1535 1784
206 304
304 1021
535 1037
1163 1768
1768 1627
1052 595
375 804
1374 902
316 943
800 356
703 1749
153 1092
295 767
767 1082
592 1319
592 1607
1319 962
723 188
22 1009
215 514
514 72
1294 1712
1294 1148
1177 1233
688 694
1733 132
324 1625
324 320
246 1971
313 86
680 1525
680 1086
1253 1865
419 1346
1346 242
664 298
1866 303
1137 1742
1742 1071
190 1925
473 1582
1582 1491
267 1388
1453 834
391 507
987 573
857 1176
1176 1272
1647 1826
1826 835
1126 1702
158 833
1239 1622
1622 511
952 1449
952 1130
966 934
1519 986
1779 106
17 1171
1171 156
1521 1865
331 958
1783 401
1219 1240
1240 1976
1279 559
1581 1879
1021 1785
1785 757
1093 599
1168 1575
7 1924
1868 415
534 953
18 1645
1595 934
1746 1128
673 1731
1731 1967
233 1050
233 292
163 1629
1694 1365
831 861
831 1756
861 659
90 1252
1504 1721
1532 1559
443 585
1306 1511
747 75
156 217
1494 1689
1689 1621
533 599
533 104
618 1237
618 1072
1237 1906
452 1699
452 775
1699 414
1717 1896
1243 60
175 1251
1798 886
128 936
707 330
1332 162
859 323
33 1090
287 780
296 1612
833 1636
1144 1230
1512 303
989 1749
166 1038
1038 1474
95 100
809 1036
809 1290
1428 1459
1428 188
1459 1347
1474 1448
835 1151
1151 45
1075 1378
1718 96
918 1076
423 1076
423 401
224 601
224 691
601 774
1352 1650
672 1366
749 1627
874 1887
874 1359
1808 1434
782 1251
217 840
1230 1616
96 1765
1511 986
330 334
905 1601
820 1775
1981 1592
57 1693
1071 872
352 1503
46 1841
1841 1516
1516 1634
737 1056
1331 558
162 409
409 1366
1001 1460
1001 372
902 47
291 1804
1873 1702
307 1648
87 1910
1359 845
1592 1616
1634 595
104 323
579 434
1152 434
1794 531
112 201
112 531
383 1976
1860 1175
870 1257
