2000 1309
1 944
6 414
6 399
6 1210
6 128
6 301
7 1651
7 835
8 904
9 560
10 1375
10 722
12 189
15 671
16 1173
17 1040
18 143
20 1216
21 74
23 394
24 334
25 521
26 485
27 1306
30 1086
31 546
31 620
32 1803
32 1494
33 52
33 1139
35 910
35 1825
35 1437
36 1194
36 194
37 249
37 1924
38 880
38 397
38 703
38 1333
39 1182
39 1290
39 1106
39 224
40 431
40 437
41 867
41 1407
41 1239
42 816
43 340
44 1645
44 1417
47 1682
49 1709
49 447
49 1312
50 1606
50 706
51 1818
51 801
52 586
53 350
54 1531
54 164
55 944
57 648
59 641
59 1754
61 1399
62 1060
62 97
62 1000
62 232
65 290
65 321
65 1832
67 1991
67 1906
68 1189
68 1537
69 1972
70 762
72 1882
72 888
74 794
75 1273
76 983
76 1723
76 878
76 899
78 1347
79 1939
79 690
80 895
80 1974
81 90
81 142
82 965
83 1540
83 1937
84 184
86 1493
86 1945
87 420
88 1616
90 1685
90 299
90 1603
90 1140
91 666
91 1620
94 374
94 1044
94 1819
95 694
95 1226
96 1010
96 1173
97 129
97 413
99 1228
100 362
100 1626
100 872
102 1926
102 1900
102 1823
108 217
109 1146
109 469
109 1684
109 1509
111 203
112 1861
115 845
117 1832
121 735
126 1078
130 1065
130 1286
133 1097
133 1877
135 442
135 1254
137 1297
138 495
138 1804
140 1835
140 1233
141 1292
142 902
143 334
144 281
145 341
146 943
147 996
148 380
148 212
149 1354
150 244
150 1803
151 283
152 405
152 263
152 217
153 162
153 1752
154 385
154 1466
155 1778
156 1889
158 620
158 1426
159 1676
159 1190
163 346
164 1353
164 564
164 508
164 1207
166 784
167 1968
167 1151
168 1479
169 828
170 880
170 435
170 1177
170 280
171 201
173 1908
174 1551
175 1261
177 507
178 476
179 1913
182 1405
182 1757
182 1227
184 361
184 295
187 1556
187 378
187 1773
187 364
190 1910
196 1100
196 1022
197 642
197 1926
197 1837
199 1953
199 1127
200 759
200 542
200 1349
201 999
201 823
205 449
205 1805
205 1429
206 1876
207 1556
207 1657
207 1238
207 1970
208 1124
208 865
209 1268
209 715
209 1779
209 535
213 1980
215 1721
216 1307
218 1445
220 985
221 1022
224 944
224 1284
224 1532
226 627
229 1853
230 1549
230 1156
232 1735
233 1093
234 1733
236 1582
237 1508
238 1534
240 1950
241 559
242 1238
242 274
243 1822
243 958
244 1380
244 373
247 414
247 1257
247 1906
248 1785
248 1702
249 1439
249 1015
250 1354
250 1434
250 371
251 1599
251 891
253 370
255 1664
255 939
255 392
255 1335
256 710
256 1477
257 1645
257 1281
258 440
258 261
259 1572
259 927
262 1103
263 841
264 463
264 731
265 405
265 1750
265 1139
265 1454
267 1998
268 592
269 1529
269 1930
270 945
270 1815
271 427
274 1172
275 820
276 375
277 1409
278 1683
280 800
280 893
282 711
283 1614
287 881
287 1319
289 473
290 1709
292 1531
292 1749
292 1389
293 1417
294 1952
295 492
295 978
296 446
296 1106
296 607
297 1664
297 1945
298 401
298 449
300 1807
301 1689
301 1295
301 1302
303 777
304 597
306 631
306 1095
307 1825
307 1660
307 1220
308 658
309 1302
309 1367
310 1903
311 442
311 784
312 1830
312 1326
313 588
315 709
315 1955
315 1032
315 973
316 618
318 530
319 1665
321 1760
321 596
322 1283
323 903
323 1214
323 1974
323 674
324 1448
325 1017
326 374
329 1073
329 1698
329 452
330 1724
332 1678
332 344
334 1531
335 1344
336 466
336 1871
337 750
337 1450
337 723
339 1925
339 350
341 596
342 663
343 1649
343 856
344 990
344 1407
344 412
345 850
347 1170
348 1497
356 1366
357 1657
357 570
357 1640
358 367
359 1275
359 490
361 1094
362 1196
362 1407
362 466
362 1548
362 1247
363 836
364 1638
364 583
365 1216
367 1972
367 1142
368 1444
370 641
370 1898
371 546
372 1174
373 1394
374 785
374 1785
374 894
374 475
376 1256
376 987
377 594
379 1352
380 831
381 925
382 961
383 1819
384 1168
385 648
387 1888
387 515
388 526
388 945
391 1770
392 1755
392 854
393 1651
393 475
394 1274
396 1038
397 886
398 1436
398 1228
398 1580
398 778
398 1335
398 891
399 1690
400 1451
401 1406
401 818
403 1165
403 925
404 1675
404 434
405 438
405 1361
406 942
406 1429
407 1100
407 1526
409 1783
411 1124
411 902
413 510
413 1649
413 1434
414 1891
417 1722
417 904
418 1653
419 1274
419 862
419 527
420 1033
420 1764
420 686
420 1559
421 504
422 1965
423 910
423 808
423 1878
423 967
424 443
425 733
427 977
427 1069
428 999
428 1002
431 983
431 1353
431 1344
431 1395
431 1358
432 1310
433 1149
435 939
435 657
435 1783
436 1789
438 1595
439 1540
439 572
439 1095
442 609
442 867
443 1053
444 715
444 1548
444 733
446 1368
446 555
447 1393
448 1076
449 1470
451 1118
452 533
454 714
455 1949
455 946
456 1565
459 1142
459 1191
462 1013
463 598
464 1354
466 1160
466 682
467 804
468 1019
469 1626
469 837
469 522
470 1023
471 619
472 1545
472 1769
472 1443
474 1063
474 794
476 1685
477 1521
478 825
478 961
479 546
479 1216
480 1478
480 1383
481 654
482 1688
482 509
483 1860
484 910
484 1007
487 1234
487 1759
488 1172
488 1951
488 1626
490 908
491 1465
491 1379
493 1236
494 1749
495 1791
496 519
496 1593
497 882
498 874
498 783
498 1616
499 1338
499 1524
500 1684
505 1379
505 1941
506 533
507 1872
508 900
509 754
511 721
512 1646
513 1490
514 1273
517 1972
519 588
520 1255
520 1734
521 1086
523 1723
524 1530
525 803
526 570
526 1267
526 953
527 1604
528 1138
529 1270
530 1168
531 1423
532 873
533 876
534 1477
534 1365
536 784
537 1763
544 1961
544 1386
546 1732
547 1740
548 655
549 609
550 1639
550 1816
553 1436
553 1380
554 882
555 1674
556 1262
557 691
558 1989
559 990
560 1900
560 1016
561 1917
561 1190
561 1303
561 1315
562 1833
563 1559
563 1805
565 1994
565 1600
565 727
566 1603
567 1530
568 982
568 1847
568 728
570 935
572 1220
573 740
573 1824
573 759
573 1763
574 1217
574 1554
576 1447
577 1722
577 1056
578 1041
580 1400
580 1020
581 887
583 1033
583 1963
583 1560
584 1505
585 823
587 1063
587 1120
590 1550
593 1544
595 707
599 1604
600 1104
603 922
607 974
607 1022
608 1829
609 1598
609 1290
609 1816
611 1629
616 1741
616 1536
619 1697
620 734
621 1760
622 1068
624 1205
625 1387
628 974
630 1577
630 1832
631 770
631 1104
632 1319
634 1991
635 1940
638 1416
640 1030
640 1874
644 1137
645 921
648 1589
649 912
649 889
650 1573
650 1010
652 1345
652 1757
653 677
653 1811
654 1928
654 1852
655 1190
656 1928
657 1901
659 1359
661 1178
661 1400
662 1931
664 1690
665 1611
667 1717
668 1064
670 1876
670 1729
672 1878
673 878
674 825
674 1325
675 1040
677 1475
678 1103
679 970
680 1265
681 1644
682 765
683 1491
685 1974
686 695
686 789
686 952
688 1814
689 1026
691 1305
691 1678
692 898
693 1089
694 1205
695 1286
696 1817
696 1269
697 1768
698 1573
701 1438
701 1472
703 1372
703 757
703 1702
703 1286
705 1191
705 1985
708 1371
709 1156
709 1578
711 1516
713 732
714 1524
715 1071
716 937
717 1224
717 1236
717 1159
718 1414
718 736
719 1162
720 762
720 943
720 864
721 798
723 1030
724 864
726 829
730 1482
730 1715
731 759
735 1006
735 1903
736 1539
737 740
739 1266
744 1586
747 1012
752 1458
754 1165
755 982
756 1764
760 1628
764 1289
766 1915
766 1505
766 1207
766 1641
768 1162
768 1017
772 1808
772 922
774 1194
776 1374
777 1603
778 1637
778 1528
778 1432
781 1194
782 945
784 1655
784 1813
785 1452
788 1936
790 1304
791 1226
791 1659
794 1733
795 1099
795 1296
800 1893
800 1224
800 1236
803 1604
803 1627
804 919
806 1554
808 1073
810 1974
812 1094
814 1583
815 1997
816 826
818 864
821 1951
821 1519
823 1983
824 1712
826 1792
828 1209
829 1574
829 967
833 1940
833 1548
834 996
834 1015
835 873
835 913
837 1744
837 1947
838 1541
839 1319
840 985
840 958
842 1911
842 1331
844 988
844 1972
845 883
845 1660
845 1463
846 1044
849 1023
850 1902
850 978
850 1171
852 1212
854 989
860 1319
863 1405
863 1862
865 1217
867 948
867 1641
868 937
868 1136
868 1024
869 1735
869 871
870 996
870 1701
871 969
874 1080
877 1775
877 1666
882 1410
883 1721
886 1723
891 1935
892 1420
893 1000
894 941
896 1876
898 1275
898 1369
901 973
903 1943
905 1237
907 1656
908 1500
909 971
909 977
909 1314
911 1199
911 1430
911 1903
911 1802
912 1975
915 939
918 1264
929 1956
929 1492
929 1826
931 1899
931 1479
931 1122
936 1656
937 1682
937 1721
938 1752
939 1935
940 1217
940 1609
940 1424
940 1009
941 1938
942 1886
944 1998
945 1848
945 1230
945 1331
947 1163
950 1041
954 1344
957 1626
957 1946
958 1001
958 1214
959 1848
959 1885
960 1224
961 1381
962 1074
963 1497
967 1082
967 1026
970 1661
970 1267
971 1848
971 1942
972 1390
973 1452
974 1677
974 1934
976 1522
981 1056
982 990
982 1075
982 1356
983 1068
983 1317
985 1536
987 1551
991 1658
996 1146
996 1328
998 1035
999 1253
1002 1886
1002 1500
1004 1148
1006 1924
1006 1181
1010 1791
1011 1699
1014 1479
1014 1087
1015 1051
1015 1884
1018 1653
1018 1258
1021 1557
1022 1447
1025 1226
1028 1467
1028 1366
1030 1046
1036 1621
1039 1808
1039 1183
1040 1821
1040 1070
1040 1651
1041 1607
1045 1429
1048 1948
1051 1256
1051 1523
1052 1805
1054 1082
1054 1188
1057 1925
1058 1649
1060 1493
1060 1179
1062 1162
1064 1635
1064 1724
1064 1561
1065 1573
1065 1528
1066 1533
1068 1557
1068 1708
1068 1665
1070 1306
1073 1482
1073 1734
1074 1308
1077 1121
1078 1274
1079 1613
1080 1605
1082 1425
1084 1464
1084 1370
1085 1803
1086 1516
1089 1195
1096 1223
1099 1189
1099 1657
1103 1700
1103 1289
1104 1844
1104 1793
1104 1339
1106 1916
1107 1523
1107 1532
1108 1743
1110 1677
1111 1465
1111 1357
1112 1497
1113 1796
1116 1177
1116 1865
1119 1153
1120 1727
1122 1306
1122 1777
1122 1128
1123 1898
1125 1242
1125 1648
1127 1585
1131 1583
1131 1576
1132 1306
1135 1480
1136 1231
1136 1937
1143 1268
1143 1163
1143 1357
1143 1346
1146 1397
1146 1501
1147 1639
1148 1305
1149 1720
1150 1273
1154 1347
1154 1569
1155 1491
1156 1346
1158 1718
1158 1777
1160 1906
1164 1625
1165 1899
1166 1169
1167 1270
1170 1688
1171 1242
1172 1935
1172 1942
1172 1895
1174 1790
1178 1990
1178 1523
1185 1788
1186 1652
1186 1663
1188 1925
1192 1665
1193 1971
1193 1418
1196 1438
1196 1953
1197 1204
1199 1357
1199 1215
1201 1635
1201 1853
1204 1675
1205 1430
1205 1618
1206 1321
1208 1763
1209 1478
1209 1222
1210 1916
1213 1270
1214 1509
1216 1691
1219 1773
1224 1552
1226 1385
1239 1278
1244 1951
1248 1393
1251 1328
1252 1698
1256 1945
1257 1904
1258 1598
1258 1632
1260 1412
1261 1492
1262 1623
1264 1626
1265 1327
1272 1834
1272 1636
1273 1988
1279 1301
1279 1796
1286 1766
1286 1322
1288 1379
1289 1674
1292 1460
1292 1829
1293 1552
1296 1938
1297 1313
1298 1351
1298 1315
1299 1574
1299 1648
1300 1480
1302 1731
1304 1602
1309 1579
1310 1779
1311 1356
1314 1554
1314 1954
1315 1737
1319 1334
1323 1469
1326 1913
1332 1541
1333 1920
1335 1586
1336 1472
1337 1427
1337 1352
1346 1812
1347 1875
1348 1721
1350 1514
1351 1595
1356 1423
1358 1846
1359 1711
1360 1634
1363 1824
1363 1555
1363 1680
1368 1859
1369 1592
1372 1904
1379 1649
1379 1475
1381 1544
1384 1827
1388 1440
1393 1848
1393 1664
1398 1879
1402 1577
1405 1484
1407 1950
1407 1783
1408 1911
1410 1579
1414 1895
1415 1456
1417 1871
1418 1956
1420 1726
1422 1771
1425 1925
1427 1646
1428 1433
1428 1929
1433 1605
1434 1566
1437 1588
1437 1444
1439 1490
1439 1736
1441 1589
1441 1896
1451 1650
1454 1722
1454 1606
1454 1789
1457 1536
1459 1869
1461 1761
1464 1674
1465 1743
1466 1795
1474 1726
1478 1877
1479 1953
1482 1929
1484 1826
1492 1656
1497 1737
1509 1628
1516 1872
1525 1968
1528 1534
1530 1929
1532 1659
1534 1977
1536 1941
1537 1938
1542 1878
1542 1753
1543 1941
1547 1949
1553 1607
1555 1726
1560 1659
1563 1655
1565 1749
1567 1774
1571 1681
1572 1861
1574 1657
1575 1808
1576 1916
1577 1645
1578 1721
1582 1663
1594 1700
1597 1700
1598 1629
1601 1845
1605 1706
1609 1689
1615 1673
1622 1873
1625 1925
1629 1990
1629 1746
1634 1817
1635 1855
1638 1905
1639 1977
1641 1753
1649 1685
1649 1710
1649 1857
1654 1988
1661 1911
1666 1751
1676 1929
1677 1885
1692 1972
1699 1828
1704 1827
1709 1927
1710 1756
1712 1821
1715 1979
1751 1877
1776 1882
1780 1968
1790 1916
1799 1900
1808 1835
1810 1914
1826 1939
1829 1968
1857 1999
1866 1887
1879 1898
1893 1949
1904 1914
1906 1922
1908 1939
1913 1975
