2000 1362
1 1270
1 1633
2 147
2 1202
2 1372
2 1607
3 482
3 1402
7 520
7 1781
8 429
8 682
8 1161
8 1185
8 1951
10 869
12 19
12 1521
13 1864
14 1342
14 1429
14 1853
15 1449
16 545
16 930
17 762
17 1467
17 1695
18 155
18 567
19 371
19 380
19 499
21 1046
21 1305
21 1351
21 1954
22 1720
25 120
25 217
25 397
25 644
25 1683
27 302
27 401
27 1975
28 126
28 452
28 1254
29 1722
30 1105
31 799
31 1539
31 1648
32 931
33 1409
35 1220
35 1637
36 713
37 1414
39 1888
40 1533
41 639
42 495
42 1642
45 1330
46 1141
46 1787
48 189
49 101
49 275
50 539
51 504
53 1797
53 1993
54 676
56 394
56 459
58 682
58 874
59 1311
60 399
60 1272
61 1409
61 1596
63 215
63 1437
65 1238
68 952
69 1701
71 794
72 1434
72 1477
73 368
73 545
73 670
73 685
73 858
74 105
74 178
75 725
75 1572
76 1577
77 1922
79 1303
80 780
80 1125
81 479
82 660
82 1112
83 1134
84 235
84 440
86 200
86 809
86 1054
86 1746
86 1841
87 1052
87 1629
88 141
88 885
88 1156
90 600
91 457
92 633
92 1588
92 1973
94 493
94 1237
94 1778
95 1338
96 175
96 188
97 1182
97 1462
99 676
99 1588
101 419
101 542
103 513
103 1010
104 279
104 478
106 549
106 1198
107 1027
108 113
109 1347
110 638
110 1050
111 1824
112 471
112 808
112 1489
114 767
114 1140
115 986
115 1476
117 524
117 1117
118 970
119 735
119 1260
119 1458
119 1532
120 1882
122 1181
124 888
124 1934
125 1170
128 610
129 200
130 1394
130 1577
132 886
133 703
134 1072
134 1552
135 574
136 1216
136 1836
141 565
142 408
143 1070
144 1148
145 853
146 944
147 1608
147 1666
148 438
148 1879
149 448
149 1113
150 1828
153 1373
154 809
154 1341
157 1596
157 1597
158 1351
158 1797
159 297
159 1084
160 312
160 1120
161 1693
162 176
162 957
162 1761
163 164
165 352
166 401
166 1753
167 1911
168 496
168 1100
169 1329
170 1109
171 754
171 1174
172 969
175 588
175 596
175 1282
176 436
176 1810
177 873
177 1156
177 1648
178 1465
181 1467
183 1132
184 1073
185 1958
186 1430
186 1492
187 643
187 1808
189 767
189 1299
189 1347
189 1701
190 528
190 999
191 788
191 1744
193 752
196 1528
197 525
197 897
198 1753
201 1188
204 582
204 1605
205 729
206 472
206 1187
206 1325
207 1764
208 744
208 836
211 291
214 1852
215 1907
216 1436
217 1869
218 239
218 585
218 707
219 366
221 601
221 1455
222 957
222 1108
222 1383
222 1733
223 835
225 868
225 983
227 1178
227 1256
229 339
229 784
230 819
230 1254
233 1309
234 1011
234 1236
236 768
236 997
236 1552
237 1566
237 1670
239 1347
240 1470
240 1955
242 784
242 1545
242 1728
243 1517
245 1015
246 573
246 928
246 1906
247 1195
250 649
250 1582
251 466
251 1915
252 1108
252 1789
253 1917
254 968
256 762
256 839
256 1194
257 456
257 1967
258 1768
259 893
260 1096
261 717
263 1646
264 1788
264 1868
265 1569
266 776
266 1569
269 543
269 1051
270 1284
270 1466
274 1356
278 1506
279 1175
279 1548
279 1578
281 304
281 1411
282 1835
283 356
283 1030
284 1008
285 650
285 1204
287 491
287 1257
287 1971
288 1007
290 673
290 773
290 1836
291 753
293 310
293 1307
293 1932
294 558
294 695
294 758
295 764
295 1325
297 1901
298 530
298 1809
299 432
299 579
299 865
301 629
301 1741
302 426
304 1398
305 915
306 1025
308 929
308 1020
309 1721
309 1914
311 765
311 1575
311 1707
312 333
313 677
313 1598
315 629
315 889
315 1583
316 344
316 1489
317 707
317 926
317 1221
317 1303
318 518
321 1017
325 1142
325 1235
326 1562
327 967
328 1213
328 1324
329 347
329 1552
330 1077
331 979
332 723
334 979
336 1776
338 957
339 1091
340 1237
340 1239
340 1372
341 624
341 1279
344 893
344 1254
345 1029
345 1030
346 1205
347 564
348 1657
349 1940
350 692
350 1562
350 1895
353 1897
353 1976
354 484
355 1932
356 837
356 1044
358 1009
360 564
361 464
361 1795
362 973
362 1482
364 1015
365 1254
370 976
370 993
371 462
372 517
372 795
374 1556
376 382
376 1670
376 1712
377 582
377 908
378 749
378 1914
379 897
379 1460
379 1580
380 1352
381 506
381 1095
381 1872
383 1325
384 546
384 886
385 399
385 1815
386 983
386 1341
386 1792
387 603
387 1263
388 510
388 1750
388 1996
389 1149
389 1604
390 409
390 848
391 1385
391 1486
395 1793
398 720
399 1046
400 510
401 402
402 1853
403 1784
407 623
408 599
408 795
408 798
409 1821
410 1732
411 1218
412 772
413 1909
418 1103
419 1026
419 1433
420 1313
421 489
421 1236
422 1224
422 1234
423 1610
424 1073
424 1101
425 802
425 1376
427 1871
428 1473
428 1496
431 580
431 1792
432 1559
433 780
434 822
436 1233
437 951
437 1408
437 1611
438 1909
439 725
439 871
439 1131
439 1648
439 1938
444 1029
444 1093
444 1793
445 1089
446 938
447 1468
449 1070
449 1885
450 1069
451 1936
453 1378
456 1656
459 1373
460 1315
461 1949
465 904
465 1822
466 1477
467 611
468 721
468 1350
471 786
473 1578
474 1827
475 1408
476 1214
479 941
481 1343
481 1678
487 924
488 1008
488 1269
488 1920
489 1808
489 1956
491 764
491 906
492 882
492 1165
493 1020
493 1245
493 1617
494 648
496 876
497 890
499 1025
499 1110
499 1188
500 1226
501 1525
502 1339
504 1193
504 1896
505 550
505 1918
506 665
506 1823
507 1525
507 1790
508 1234
510 968
510 1598
511 830
513 644
513 1346
514 1939
515 1182
517 857
517 1803
518 1911
518 1945
519 702
519 1773
522 596
522 1744
522 1979
525 1212
527 1549
527 1899
527 1934
528 818
528 1953
529 797
529 1966
532 832
535 1041
535 1442
537 717
537 1769
538 1638
541 879
541 1678
542 915
542 1326
542 1512
543 787
545 1585
547 798
547 1078
547 1176
548 1428
549 823
551 836
554 1842
555 977
555 1550
556 998
559 1239
559 1253
560 724
561 1857
563 1733
565 1466
565 1691
565 1968
566 974
566 985
567 948
567 1060
568 1639
568 1734
570 1371
570 1462
571 1894
573 885
573 1172
575 1495
576 1541
576 1941
576 1976
577 631
577 1795
578 1273
579 858
580 1902
584 727
584 1570
585 1154
586 610
586 1099
587 1156
587 1846
588 1630
589 1304
590 1374
590 1473
594 872
594 991
594 1235
594 1690
595 1227
595 1414
597 710
597 971
597 1313
597 1641
600 1505
603 960
603 1201
605 1276
605 1321
606 1588
606 1961
608 1024
609 827
611 1691
613 1091
613 1706
614 845
614 1324
615 1324
615 1669
616 737
616 1045
616 1676
617 1260
617 1742
618 764
620 635
621 1855
624 814
625 735
625 1798
626 1249
627 959
628 1879
629 1189
629 1264
630 2000
631 802
631 1005
631 1096
632 652
632 1499
633 749
633 1458
633 1750
634 1189
634 1392
635 943
636 1138
636 1608
637 1335
639 1115
639 1730
640 1965
641 1555
643 1574
646 1269
647 1236
650 791
651 915
652 1333
657 1044
657 1179
663 1758
664 1244
666 1643
668 721
669 1058
669 1141
669 1157
670 1911
671 839
675 1260
675 1340
676 727
676 1647
676 1821
677 1093
678 1890
684 770
684 873
684 1083
686 1756
688 957
689 1182
694 874
695 730
695 1680
696 1799
697 1825
699 1461
700 1007
700 1470
701 1197
704 945
705 980
708 1033
710 1363
710 1846
710 1939
712 1047
712 1260
712 1261
712 1418
712 1502
713 763
713 779
713 1306
715 1965
720 1778
721 1099
721 1302
723 1499
727 791
728 1849
730 1055
731 1090
731 1378
732 1649
734 1911
735 1326
737 798
737 1008
740 1848
742 1225
742 1785
743 1302
743 1306
743 1728
744 1609
747 1510
749 1446
750 1489
750 1544
750 1895
751 1596
751 1791
752 1253
752 1793
754 1422
756 1272
756 1631
757 1827
758 1051
758 1709
758 1853
760 826
760 1792
763 1775
765 916
765 1886
767 1309
769 1674
771 1054
772 1060
772 1492
774 1643
778 1024
780 1693
780 1997
781 1262
781 1908
782 1247
782 1690
783 906
783 1679
784 1808
789 1897
789 1943
790 1586
793 846
793 1243
794 1806
796 1476
796 1565
797 1244
798 1319
799 842
799 1241
799 1814
806 960
806 1961
809 997
810 1493
811 1165
811 1257
811 1952
815 1800
818 1914
820 1828
823 933
824 1574
825 1036
826 1087
827 894
827 1245
828 1426
828 1467
828 1777
828 1978
830 1720
831 1094
831 1302
836 1828
838 1444
839 1462
839 1924
840 1988
841 1584
842 1036
843 939
844 985
847 1343
847 1805
848 1057
850 1010
851 1335
851 1844
852 1382
853 1431
856 1465
858 942
858 1865
859 927
859 1003
859 1724
861 1274
865 1574
866 1555
870 1036
870 1807
870 1943
871 1331
872 1732
872 1772
875 1437
875 1511
875 1800
877 901
877 958
878 1510
881 1040
881 1501
883 997
885 1653
886 1261
887 1672
888 1480
889 1997
891 1393
892 996
894 1585
894 1765
894 1768
894 1935
895 1017
896 1705
897 1309
898 1879
899 1600
902 909
902 932
905 1314
905 1422
905 1564
906 1562
906 1959
907 1921
908 1491
909 1932
911 1353
911 1843
912 1236
915 1322
919 1156
919 1487
920 1079
922 1463
923 1546
924 934
925 1027
927 1506
929 1350
931 1670
931 1984
936 1205
936 1292
937 999
938 1317
939 1480
940 1021
940 1205
943 1405
943 1455
944 1930
948 1696
949 1414
950 1670
951 1238
951 1731
951 1922
952 1386
953 1242
958 1632
960 1685
962 1444
963 1775
964 1993
965 1215
965 1842
968 1684
968 1856
969 1157
970 1059
972 1352
974 1688
975 1860
976 1372
984 1655
985 1705
985 1799
986 1554
987 1436
987 1569
988 1731
990 1273
991 1996
993 1552
997 1770
997 1997
998 1453
999 1799
1003 1174
1003 1373
1004 1157
1004 1222
1007 1235
1008 1586
1008 1730
1011 1890
1012 1293
1015 1715
1017 1519
1020 1309
1020 1703
1021 1240
1025 1252
1025 1375
1026 1548
1028 1553
1032 1654
1032 1809
1033 1864
1034 1661
1034 1736
1036 1172
1036 1189
1036 1738
1037 1414
1037 1799
1038 1226
1039 1973
1040 1424
1044 1649
1045 1717
1045 1930
1047 1413
1048 1467
1052 1338
1056 1109
1057 1553
1062 1286
1065 1146
1065 1885
1065 1953
1066 1454
1068 1726
1071 1188
1076 1969
1078 1470
1078 1563
1080 1674
1081 1571
1082 1830
1085 1741
1088 1157
1088 1424
1088 1530
1093 1400
1093 1558
1093 1678
1093 1760
1094 1292
1095 1857
1096 1242
1096 1320
1096 1754
1097 1637
1100 1716
1102 1223
1103 1242
1104 1766
1105 1931
1107 1257
1108 1110
1108 1879
1111 1174
1111 1343
1112 1613
1115 1363
1116 1828
1121 1254
1123 1499
1123 1765
1124 1148
1125 1181
1126 1326
1126 1813
1127 1424
1133 1868
1135 1460
1137 1174
1137 1644
1141 1820
1142 1427
1142 1781
1143 1200
1145 1677
1145 1799
1151 1810
1155 1443
1155 1856
1156 1941
1158 1368
1159 1762
1160 1278
1162 1573
1164 1843
1165 1764
1166 1731
1172 1176
1173 1429
1175 1632
1178 1487
1180 1824
1180 1938
1181 1756
1182 1997
1183 1187
1183 1464
1187 1765
1195 1220
1197 1844
1203 1615
1207 1619
1208 1712
1209 1930
1211 1620
1212 1618
1214 1548
1215 1841
1225 1875
1225 1888
1230 1609
1230 1821
1230 1942
1231 1302
1231 1453
1232 1563
1234 1349
1235 1955
1237 1636
1237 1976
1238 1825
1240 1326
1241 1493
1243 1339
1245 1277
1246 1327
1251 1947
1253 1681
1256 1451
1261 1419
1261 1628
1262 1440
1263 1666
1267 1995
1270 1630
1270 1769
1273 1546
1273 1740
1274 1939
1277 1985
1279 1373
1279 1512
1279 1545
1283 1490
1285 1303
1285 1405
1287 1338
1288 1896
1289 1813
1290 1856
1291 1988
1299 1546
1303 1415
1305 1453
1306 1736
1308 1354
1310 1507
1311 1368
1312 1704
1317 1406
1321 1861
1324 1355
1324 1993
1325 1647
1327 1943
1328 1440
1328 1640
1329 1356
1333 1373
1333 1575
1333 1655
1333 1765
1333 1889
1334 1646
1335 1376
1335 1689
1336 1394
1342 1764
1345 1647
1346 1785
1349 1762
1351 1928
1352 1585
1354 1388
1355 1477
1355 1576
1362 1793
1363 1733
1364 1569
1370 1862
1371 1551
1373 1728
1374 1543
1376 1608
1377 1545
1377 1973
1378 1379
1379 1495
1382 1725
1384 1696
1387 1664
1388 1927
1389 1792
1389 1981
1390 1529
1391 1641
1392 1436
1394 1871
1395 1524
1399 1430
1401 1827
1402 1744
1406 1529
1407 1594
1409 1457
1412 1955
1428 1891
1429 1789
1436 1971
1438 1736
1438 1919
1440 1972
1441 1489
1442 1727
1442 1774
1445 1472
1445 1512
1447 1575
1449 1572
1452 1615
1455 1570
1466 1691
1466 1888
1468 1916
1470 1946
1474 1879
1475 1784
1477 1559
1478 1483
1478 1718
1482 1508
1482 1686
1483 1593
1484 1922
1487 1932
1489 1523
1490 1562
1490 1863
1495 1843
1497 1760
1501 1717
1503 1666
1504 1889
1510 1933
1513 1844
1516 1608
1516 1969
1518 1562
1521 1561
1522 1861
1523 1603
1533 1549
1535 1608
1538 1767
1539 1730
1542 1647
1543 1939
1547 1703
1548 1581
1553 2000
1558 1665
1558 1892
1559 1599
1559 1972
1562 1686
1567 1838
1573 1621
1576 1723
1577 1845
1578 1780
1580 1972
1584 1871
1590 1610
1590 1845
1600 1802
1601 1777
1602 1682
1604 1854
1606 1827
1612 1661
1612 1910
1625 1897
1631 1738
1652 1826
1654 1844
1669 1934
1670 1856
1672 1723
1703 1793
1707 1717
1710 1908
1713 1748
1720 1742
1721 1797
1725 1775
1732 1994
1735 1971
1741 1854
1751 1834
1751 1881
1753 1876
1754 1869
1754 1879
1759 1854
1760 1840
1769 1954
1786 1832
1804 1907
1817 1931
1824 1865
1833 1868
1849 1949
1853 1915
1853 1921
1855 1925
1856 1929
1869 1945
1875 1979
1880 1986
1890 1954
1891 1992
