2000 2097
1 241
1 625
2 117
2 225
4 546
4 762
5 372
5 541
5 905
5 1397
6 421
6 1621
6 1687
6 1711
7 202
7 1010
7 1485
8 213
8 653
9 1851
9 1883
10 1879
11 1921
11 1983
12 384
12 486
13 936
13 986
13 1065
13 1767
14 94
14 839
14 1294
15 17
15 787
16 763
17 689
17 933
18 611
18 1267
18 1427
18 1814
19 831
19 1695
22 996
24 1313
25 230
25 690
25 1070
25 1634
26 248
26 1596
28 56
29 1923
29 1980
30 462
30 1272
30 1323
31 974
31 1469
32 114
32 860
33 863
33 1121
33 1227
34 1357
34 1992
35 176
36 347
36 1565
36 1946
38 255
38 539
40 1142
40 1258
41 1671
42 1115
42 1226
42 1980
44 970
44 1201
44 1819
45 613
45 1020
45 1793
46 284
46 1023
46 1302
47 504
47 1431
48 186
48 1144
48 1838
49 941
49 981
49 1955
50 725
51 205
51 302
51 519
51 628
51 914
52 219
52 760
52 977
52 1022
53 839
53 1385
53 1856
54 366
54 1499
55 1971
56 882
56 1331
57 1642
57 1996
58 419
58 910
59 972
59 1756
61 271
61 419
62 1056
63 454
63 990
64 725
65 306
66 209
66 216
66 223
66 718
66 994
66 1251
66 1941
67 615
67 1049
68 358
68 1484
68 1525
69 1523
69 1559
71 1707
74 376
74 887
74 1021
74 1973
76 750
76 1321
76 1702
77 761
77 1657
78 276
78 556
78 1799
80 473
80 493
80 655
81 1332
81 1618
82 664
82 860
82 1338
82 1599
83 1008
83 1242
84 889
84 1972
85 978
85 1346
85 1424
85 1679
86 1225
86 1456
86 1700
87 912
88 902
88 906
88 1890
89 281
89 299
90 662
90 1425
90 1663
92 1839
93 156
93 666
93 1730
94 710
95 1413
95 1511
96 136
96 439
96 577
96 916
96 1823
97 431
97 1571
97 1754
97 1792
97 1906
98 1721
101 1079
101 1301
101 1474
102 1277
104 1546
105 804
105 1331
106 345
106 864
106 957
107 1161
107 1445
108 618
108 1539
109 336
109 1754
109 1881
110 553
110 560
111 181
111 231
111 1101
112 294
112 438
112 1380
113 295
113 1272
113 1478
113 1516
114 1087
115 199
115 473
115 626
116 855
116 929
118 678
118 719
119 1278
120 1272
121 337
122 1339
122 1716
123 1687
124 486
124 1132
124 1522
124 1667
125 1545
126 1384
128 149
128 194
128 1038
129 1842
130 907
130 1023
130 1823
131 201
131 1059
131 1403
132 868
132 1219
134 1659
134 1709
135 546
135 788
135 843
135 1495
136 856
136 1364
136 1811
136 1850
137 549
139 1275
140 316
140 522
141 339
141 517
142 1286
143 392
143 851
144 229
144 296
145 318
145 1520
146 634
147 1329
147 1952
148 468
148 1290
149 449
149 502
149 695
149 1634
150 1006
150 1033
151 415
151 1284
152 1420
152 1976
152 1992
153 1968
156 218
156 1592
157 1916
158 868
159 330
159 606
159 1647
159 1658
160 826
160 1473
160 1897
161 756
161 1244
163 612
163 947
164 193
165 743
165 1749
166 1291
167 1616
167 1628
168 813
168 1764
169 484
170 1825
170 1946
171 271
171 394
171 1250
172 382
172 1356
173 204
173 281
174 809
175 1627
176 808
176 1393
177 1084
177 1414
178 364
178 1075
178 1512
179 1101
179 1161
180 557
180 1158
180 1359
181 340
183 622
183 1404
184 1218
185 768
185 1632
186 1647
187 302
187 580
187 768
188 245
188 569
188 637
188 1494
188 1656
188 1850
189 194
189 1752
189 1756
189 1815
190 1122
191 450
191 1430
192 311
192 949
192 1281
193 556
193 955
193 1157
193 1201
193 1596
194 263
194 342
194 426
194 950
194 1730
195 736
196 418
196 695
196 991
196 1318
196 1460
196 1983
197 836
197 1448
198 362
198 952
200 704
200 765
200 1696
200 1927
201 1233
201 1303
202 673
202 921
202 1382
203 656
203 1693
204 732
204 1145
204 1731
205 1016
205 1214
207 410
207 1799
209 1049
209 1567
210 468
210 1086
210 1807
211 371
211 662
211 1381
211 1507
212 219
212 569
212 910
212 989
212 1201
212 1212
213 1030
213 1074
213 1596
214 664
214 900
214 1090
214 1311
215 258
215 350
216 514
216 1674
216 1700
216 1864
217 1321
217 1405
218 670
218 1317
219 406
220 295
220 858
221 279
221 768
221 1315
221 1324
221 1389
221 1739
221 1933
222 1487
222 1852
223 250
223 389
224 656
224 959
224 1189
224 1591
225 1094
226 725
226 1429
227 1737
227 1986
228 1592
228 1889
229 1160
229 1409
229 1878
230 1904
232 1455
232 1871
233 334
233 563
233 1348
233 1519
235 1083
236 1857
237 1080
238 314
238 802
238 1382
239 1046
240 830
240 1877
241 1337
243 674
243 972
243 1174
243 1586
244 817
244 1198
244 1497
244 1916
245 1205
245 1490
246 273
246 880
247 279
247 1347
247 1550
248 837
248 1730
249 983
249 1119
249 1750
250 950
250 1890
253 381
253 382
253 1137
254 1336
254 1952
255 1717
256 389
256 918
257 282
257 787
257 1172
258 1562
258 1910
259 1191
259 1699
259 1807
260 921
260 1133
260 1654
260 1898
261 987
262 896
262 998
262 1803
263 1361
264 995
264 1734
266 1299
267 1674
268 365
268 871
268 1906
269 1289
271 363
272 1012
272 1358
273 992
274 769
274 1118
274 1563
274 1585
275 1345
275 1354
275 1915
276 1336
276 1694
276 1772
277 1203
278 1682
278 1881
279 470
279 657
279 1165
279 1983
280 1749
282 460
282 981
283 866
283 1510
284 575
284 786
284 1653
285 593
285 886
285 1045
285 1408
286 448
286 1439
286 1518
286 1973
287 427
287 1005
287 1224
289 646
289 713
290 752
290 888
290 1765
290 1886
291 1819
292 488
292 752
293 462
293 1888
293 1936
294 1582
294 1698
295 1135
296 607
296 796
297 504
297 680
297 1182
297 1765
298 1851
299 1859
300 359
300 578
300 1614
300 1761
301 1813
303 1743
304 1235
304 1915
306 711
306 1456
308 550
308 936
308 1719
309 551
309 629
309 706
309 1024
309 1162
310 1961
311 954
311 1190
311 1418
311 1961
312 1894
313 1714
313 1724
313 1920
315 1114
316 1040
317 1217
317 1878
318 896
318 1222
319 1604
320 684
320 1289
321 1058
322 730
322 1621
322 1708
325 530
325 703
325 1670
325 1815
326 1949
327 1504
328 422
329 1206
331 411
331 550
331 694
331 1398
331 1909
334 1649
335 1301
335 1881
335 1995
340 354
340 1502
341 638
341 877
341 1784
341 1845
342 985
342 1746
343 1702
345 869
346 475
348 575
349 1116
349 1590
349 1783
350 733
350 1073
350 1122
350 1544
351 1130
351 1383
351 1598
352 1196
353 563
353 1633
353 1808
354 891
354 1361
355 1815
356 394
356 1039
357 1132
358 1988
360 1010
360 1028
360 1598
361 1321
362 911
362 1460
363 1867
365 769
365 812
366 1441
367 963
367 1061
367 1832
367 1917
368 1978
369 1099
369 1610
370 764
370 765
370 813
371 802
371 1322
371 1705
372 709
372 1297
373 1424
374 606
374 1169
376 1381
376 1720
376 1837
378 399
378 1376
378 1599
379 1068
379 1815
380 1299
380 1820
381 864
382 1025
383 576
383 718
383 1106
384 1299
384 1605
384 1689
384 1917
385 451
386 568
386 1530
386 1627
386 1740
387 1199
388 696
388 1683
389 966
389 1361
390 519
393 1502
394 1219
396 555
396 659
396 1295
397 1080
397 1471
398 515
398 1488
399 1507
399 1557
400 1409
402 681
402 832
402 1057
403 729
404 1552
405 596
406 562
406 691
406 1041
406 1171
406 1540
406 1678
406 1845
407 535
408 1137
408 1901
409 1106
410 701
410 1218
411 737
412 1281
413 961
413 1221
413 1892
414 1303
415 1846
416 1048
416 1986
417 691
418 812
418 1238
418 1249
420 446
421 585
421 610
423 910
425 805
425 1047
426 1006
426 1017
426 1590
427 749
427 794
428 472
428 515
428 1974
429 1053
429 1182
430 1759
430 1810
430 1842
430 1974
431 811
431 1174
432 1543
434 1386
435 584
435 849
435 1259
435 1416
435 1555
436 1823
437 1505
437 1694
441 876
441 1159
441 1386
442 1516
443 952
444 568
444 1712
446 1637
447 998
447 1120
448 1352
448 1599
448 1821
451 1123
451 1394
451 1970
452 831
453 1313
454 1569
455 1351
455 1403
455 1641
455 1652
455 1918
455 1922
456 607
456 1689
458 495
459 593
459 1591
460 1189
461 828
461 1578
462 558
462 870
463 512
463 537
464 1808
465 877
465 1608
466 942
467 1661
468 1050
469 1276
469 1362
469 1453
470 1041
470 1325
471 953
471 1262
471 1946
472 908
472 951
472 1626
473 477
474 769
475 674
475 767
475 1163
475 1191
477 1461
478 596
478 840
478 1702
480 596
480 737
480 1817
480 1868
481 1187
482 623
482 1743
482 1786
483 1586
484 1867
485 1034
485 1669
485 1764
486 585
487 1634
488 1163
488 1482
490 529
490 1672
491 818
492 1054
492 1174
492 1290
493 554
495 1490
495 1590
497 703
497 1961
498 1118
498 1259
499 1102
499 1352
500 808
500 1079
501 721
502 743
502 1458
502 1853
502 1864
504 1059
505 701
506 555
506 1005
506 1193
507 600
507 1757
508 1914
509 1130
511 1059
511 1128
512 573
512 1490
513 1737
517 1213
517 1764
518 1944
519 1802
521 1084
521 1162
521 1264
522 1298
522 1776
522 1814
523 929
523 1211
523 1244
524 1059
525 893
525 1384
526 1856
527 1126
527 1371
527 1423
527 1466
528 1703
529 575
529 1160
529 1417
530 1061
530 1404
530 1723
532 1560
533 980
534 771
534 1164
534 1540
534 1631
535 1127
536 858
536 1322
537 669
537 1360
537 1450
538 652
538 1257
539 857
539 1464
539 1877
540 1545
540 1621
541 917
541 1028
541 1204
542 670
543 991
543 1775
544 1811
544 1906
545 1965
546 1812
547 1369
548 966
548 1731
549 1627
550 601
550 1353
550 1448
550 1821
551 1179
551 1490
552 807
552 1451
553 648
553 1215
553 1363
554 1311
554 1340
556 1159
556 1349
557 1351
558 1121
559 840
560 592
560 595
560 1841
561 1588
562 608
564 1689
564 1813
565 1546
567 965
567 1143
569 596
569 1233
569 1244
570 929
571 830
571 1106
571 1881
572 641
572 1148
572 1482
572 1573
574 1333
575 1216
575 1594
578 770
578 1714
578 1746
579 1286
579 1534
580 868
580 1444
580 1528
580 1842
582 882
582 1472
583 790
584 677
585 1092
587 686
587 734
587 1961
588 1142
589 1012
589 1309
589 1434
591 1342
591 1491
592 1974
593 627
594 640
595 1655
596 1347
597 1259
598 1693
599 1717
599 1879
600 1206
600 1257
600 1426
601 1853
602 1540
603 1517
603 1619
604 705
605 1412
605 1461
606 1345
606 1597
608 1302
609 1198
611 1085
611 1169
612 700
612 981
612 1844
612 1880
614 1718
616 1483
616 1667
617 998
617 1522
619 827
620 1556
621 755
621 884
621 1237
621 1782
625 1427
626 1562
627 1551
628 652
628 1263
629 969
629 1605
629 1810
630 1295
630 1571
630 1874
632 1892
633 1987
634 891
634 985
636 1009
636 1670
637 1292
637 1293
637 1806
637 1863
638 1192
638 1987
639 1660
640 1235
642 703
643 665
644 1943
645 854
645 893
645 1075
645 1246
645 1725
646 1582
647 695
647 752
647 1030
647 1896
648 794
649 802
649 1020
650 910
650 1544
652 1039
652 1667
653 809
653 1821
654 1867
655 1310
658 1004
659 973
659 980
661 1472
662 1744
662 1835
663 674
663 928
663 1775
666 1792
666 1915
667 935
668 920
668 1471
668 1971
669 991
669 1108
669 1462
670 1609
672 943
672 1196
673 1467
674 1086
674 1367
674 1798
674 1981
675 813
675 988
676 1490
677 1911
678 826
678 1093
678 1492
678 1726
678 1739
679 1925
680 1661
681 1263
682 800
682 1182
683 1548
684 1667
684 1765
684 1848
685 1907
686 973
687 928
687 1016
688 1645
689 1671
690 760
690 1319
693 730
693 1796
693 1803
693 1846
694 1625
695 1407
695 1815
696 1709
696 1754
697 1435
697 1544
697 1695
698 1368
698 1898
702 1404
702 1775
704 949
704 1467
705 1003
705 1470
706 1346
707 1070
707 1203
708 1339
708 1402
709 842
710 999
712 842
715 1430
716 1245
717 1369
717 1893
719 1098
720 1689
721 1276
723 1001
723 1968
724 1442
724 1584
726 1537
731 1090
732 804
732 1653
733 822
735 749
736 1053
737 1114
737 1658
737 1782
737 1834
738 1086
738 1729
738 1933
740 748
740 1499
740 1623
741 1215
742 1496
742 1662
742 1951
743 850
743 1463
744 1697
744 1824
745 1419
745 1602
746 792
746 1380
747 1925
748 1733
749 1325
749 1549
750 1061
750 1206
750 1637
752 1820
752 1888
754 1915
754 1926
755 1536
758 1562
758 1946
759 872
759 945
759 1077
759 1683
761 792
761 1388
762 844
762 1024
762 1546
765 1038
766 1434
766 1530
767 1728
768 1656
770 779
770 1042
770 1269
772 891
772 901
772 1292
772 1508
773 1256
774 942
775 1170
776 820
776 1241
776 1431
779 858
779 860
779 1463
779 1469
783 888
783 1057
785 1122
785 1490
785 1917
786 851
789 872
789 1106
789 1716
790 1972
791 1034
792 1162
793 1572
793 1749
795 1087
795 1626
796 1274
796 1483
797 1374
798 895
800 1568
803 1943
804 1085
804 1730
804 1943
804 1961
806 813
806 1039
806 1538
806 1979
807 1625
807 1962
807 1985
808 881
810 1131
812 1148
812 1911
817 1058
817 1220
817 1821
817 1842
818 837
818 1797
818 1940
819 1228
819 1502
819 1696
821 934
821 1017
822 2000
824 1366
825 1732
825 1733
825 1829
827 1334
828 1253
829 1756
830 976
830 1156
831 953
831 1541
832 1555
834 841
834 1304
834 1486
834 1673
835 1975
837 891
837 1782
840 1052
841 1656
841 1803
842 1868
843 1904
844 1288
846 1531
847 1459
848 1127
850 1013
851 1334
851 1547
851 1680
853 1667
853 1720
856 945
856 995
856 1162
857 1060
860 1165
861 1771
861 1855
862 1435
862 1744
863 895
866 1047
867 1824
867 1898
868 1334
869 965
870 985
871 1516
871 1640
872 946
874 1193
874 1669
875 1088
875 1773
877 1153
878 1428
879 1650
882 1147
883 1069
883 1727
884 1641
884 1702
884 1849
885 1180
885 1314
885 1438
886 1046
886 1362
886 1845
887 1103
887 1440
887 1589
888 941
889 1244
889 1397
889 1463
889 1960
892 898
892 1012
893 952
893 1048
894 1256
894 1353
895 1138
895 1410
896 1496
897 1186
897 1593
899 1355
904 1373
904 1725
905 1263
906 982
907 1356
907 1580
909 916
909 926
912 1020
915 999
915 1751
915 1756
916 1783
917 1381
917 1926
918 1185
918 1387
918 1645
919 1745
920 1705
921 1094
921 1956
924 1790
924 1920
925 1699
929 1202
929 1628
929 1893
930 935
932 1700
933 1810
933 1921
936 1918
938 1408
939 1074
939 1496
940 1450
941 1049
941 1421
941 1626
944 1081
944 1676
945 1226
945 1237
947 1197
947 1660
948 1377
949 1483
949 1906
950 1835
953 1808
954 1333
956 1340
956 1420
957 1143
957 1197
958 1072
960 1273
960 1587
961 1136
961 1282
962 1050
962 1176
963 1659
963 1854
964 1709
969 1430
972 1165
973 1018
974 1609
977 1129
977 1441
977 1624
978 986
978 1895
980 1811
981 1421
985 1109
985 1999
986 1443
986 1756
990 1100
991 1115
991 1679
991 1684
992 1638
993 1592
994 1802
996 1169
996 1580
997 1331
998 1039
999 1153
999 1941
1000 1257
1002 1429
1004 1111
1005 1177
1005 1819
1006 1698
1006 1749
1007 1177
1007 1259
1010 1681
1011 1109
1011 1534
1013 1887
1014 1301
1015 1210
1017 1342
1017 1573
1017 1943
1018 1824
1019 1923
1021 1711
1023 1620
1025 1362
1025 1487
1025 1801
1025 1999
1026 1138
1028 1195
1028 1625
1029 1088
1029 1562
1031 1584
1031 1660
1032 1669
1032 1947
1034 1035
1036 1363
1036 1407
1036 1970
1037 1151
1037 1999
1038 1381
1040 1067
1041 1578
1041 1975
1042 1292
1042 1780
1043 1571
1044 1719
1047 1238
1047 1912
1048 1121
1048 1517
1049 1607
1050 1846
1052 1839
1052 1861
1053 1809
1054 1214
1055 1901
1055 1951
1058 1141
1058 1186
1062 1329
1062 1742
1063 1133
1065 1073
1066 1239
1069 1706
1070 1572
1072 1288
1072 1486
1074 1652
1074 1968
1078 1744
1080 1190
1080 1564
1080 1886
1081 1125
1082 1708
1084 1862
1085 1301
1086 1755
1086 1915
1087 1104
1088 1499
1088 1820
1088 1862
1090 1462
1090 1897
1091 1415
1091 1744
1092 1185
1092 1720
1093 1939
1095 1388
1096 1710
1098 1416
1098 1832
1100 1768
1102 1129
1102 1474
1103 1244
1104 1163
1104 1218
1104 1611
1104 1703
1104 1843
1105 1128
1105 1658
1105 1666
1107 1606
1107 1840
1108 1116
1110 1433
1110 1751
1111 1572
1112 1268
1112 1773
1115 1253
1116 1326
1116 1499
1117 1540
1118 1860
1119 1476
1119 1830
1120 1350
1122 1522
1123 1780
1123 1970
1124 1167
1124 1957
1128 1711
1130 1270
1131 1539
1131 1767
1132 1331
1134 1261
1134 1468
1135 1459
1135 1613
1137 1670
1138 1244
1138 1834
1139 1362
1139 1965
1141 1614
1141 1635
1142 1757
1144 1196
1144 1321
1145 1246
1145 1439
1147 1452
1149 1768
1150 1223
1150 1690
1151 1418
1151 1462
1151 1466
1154 1758
1156 1622
1158 1303
1158 1972
1160 1542
1160 1949
1161 1773
1161 1839
1163 1217
1163 1945
1164 1915
1167 1658
1170 1296
1170 1311
1170 1394
1170 1439
1172 1703
1172 1939
1173 1496
1173 1563
1174 1805
1175 1721
1177 1963
1179 1696
1180 1268
1181 1548
1181 1848
1181 1899
1183 1399
1183 1443
1185 1820
1187 1398
1187 1589
1188 1608
1191 1755
1193 1314
1193 1564
1194 1452
1194 1690
1194 1861
1195 1577
1196 1534
1196 1922
1197 1440
1197 1597
1197 1957
1198 1517
1198 1977
1200 1876
1201 1517
1203 1316
1203 1467
1204 1334
1204 1371
1204 1407
1206 1264
1208 1932
1211 1222
1211 1507
1211 1807
1212 1278
1212 1757
1216 1547
1218 1630
1220 1375
1222 1306
1224 1299
1225 1249
1225 1287
1227 1585
1228 1935
1230 1465
1231 1330
1232 1750
1233 1744
1234 1440
1234 1659
1234 1752
1236 1492
1238 1376
1238 1664
1239 1256
1240 1705
1241 1475
1243 1914
1245 1814
1247 1696
1247 1740
1248 1577
1250 1259
1253 1665
1253 1672
1256 1385
1257 1473
1257 1767
1258 1863
1263 1775
1264 1969
1265 1461
1265 1662
1267 1743
1267 1950
1269 1355
1271 1868
1275 1617
1275 1906
1276 1938
1277 1930
1278 1577
1278 1898
1279 1365
1279 1929
1281 1561
1283 1605
1284 1292
1285 1341
1287 1465
1287 1695
1288 1854
1289 1709
1292 1435
1292 1573
1293 1629
1293 1707
1295 1378
1295 1982
1296 1736
1297 1764
1298 1312
1299 1514
1299 1525
1303 1528
1303 1843
1307 1378
1307 1557
1309 1924
1310 1817
1313 1417
1315 1506
1315 1641
1318 1633
1322 1696
1323 1469
1327 1904
1328 1571
1331 1440
1334 1598
1334 1920
1335 1586
1336 1833
1337 1388
1338 1572
1338 1966
1344 1380
1348 1441
1349 1484
1350 1499
1351 1728
1355 1678
1358 1749
1359 1454
1360 1688
1361 1865
1369 1591
1371 1729
1372 1970
1374 1739
1377 1660
1380 1529
1381 1966
1389 1464
1389 1734
1389 1862
1390 1644
1390 1979
1391 1417
1393 1548
1395 1693
1397 1513
1398 1858
1399 1485
1399 1549
1400 1742
1400 1965
1401 1611
1402 1756
1409 1824
1410 1781
1411 1622
1415 1732
1415 1996
1418 1991
1419 1492
1420 1980
1421 1807
1429 1748
1429 1825
1430 1451
1432 1604
1434 1624
1435 1525
1435 1942
1437 1814
1438 1587
1438 1989
1439 1626
1440 1691
1440 1886
1442 1709
1442 1990
1444 1544
1448 1576
1448 1899
1452 1495
1460 1654
1461 1779
1462 1668
1463 1773
1465 1784
1471 1634
1473 1512
1473 1537
1474 1707
1475 1783
1478 1561
1478 1740
1478 1802
1481 1977
1485 1656
1486 1778
1487 1928
1488 1682
1490 1707
1491 1703
1491 1773
1491 1949
1492 1524
1493 1557
1494 1709
1498 1850
1502 1879
1502 1931
1505 1617
1505 1975
1507 1798
1510 1654
1511 1893
1512 1545
1514 1998
1520 1761
1526 1982
1527 1542
1530 1602
1530 1683
1536 1889
1537 1772
1542 1571
1544 1559
1544 1855
1548 1856
1551 1647
1553 1969
1557 1745
1560 1613
1563 1685
1564 1748
1569 1912
1571 1671
1573 1876
1576 1898
1583 1956
1584 1715
1585 1607
1585 1771
1587 1916
1590 1754
1591 1638
1591 1644
1591 1778
1593 1835
1594 1771
1598 1729
1599 1986
1603 1741
1603 1980
1605 1906
1608 1801
1616 1680
1621 1742
1621 1907
1625 1687
1626 1749
1627 1863
1628 1958
1629 1671
1630 1752
1630 1932
1633 1669
1636 1968
1637 1927
1639 1738
1642 1800
1643 1694
1644 1846
1644 1889
1649 1897
1653 1965
1659 1684
1659 1918
1663 1933
1669 1765
1670 1783
1672 1951
1675 1962
1676 1837
1679 1859
1680 1702
1690 1714
1692 1871
1695 1908
1695 1945
1696 1796
1697 1809
1698 1763
1699 1900
1699 2000
1700 1908
1702 1820
1711 1834
1715 1878
1720 1728
1723 1950
1724 1729
1726 1815
1733 1912
1749 1993
1758 1801
1765 1907
1765 1927
1767 1791
1770 1904
1771 1878
1777 1929
1779 1871
1782 1979
1791 1921
1797 1948
1809 1870
1809 1987
1810 1984
1816 1882
1818 1987
1838 1996
1843 1845
1843 1953
1857 1945
1860 1939
1862 1937
1862 1973
1869 1916
1872 1926
1879 1997
1886 1990
1890 1927
1931 1977
1933 1966
1950 1966
1951 2000
1956 1962
1958 1992
1962 1981
