2000 1600
2 484
2 291
3 1678
3 1480
4 1006
4 1215
4 383
5 1152
6 1144
7 1248
8 849
9 1194
10 1739
10 1525
11 924
12 1784
13 412
13 532
14 66
15 823
15 275
15 1137
16 590
17 1148
19 105
19 908
19 1619
20 274
21 433
21 532
21 393
22 1319
23 1316
23 649
24 503
24 914
24 455
24 1846
24 1611
24 396
24 1770
25 457
25 1145
26 1573
27 1549
27 142
27 72
27 422
27 1720
29 637
30 498
30 1974
31 233
32 384
32 668
32 1680
33 43
33 1006
33 959
34 1245
34 558
35 997
36 462
39 504
39 1807
40 1809
41 1667
41 1436
41 281
42 500
43 505
43 569
43 781
44 1266
45 1595
48 245
49 462
50 277
51 902
52 76
53 1059
54 302
54 1809
54 927
55 1352
56 761
57 979
58 1426
58 1399
59 1208
59 377
59 625
59 375
59 1219
60 1306
60 1205
61 1391
61 1360
61 1003
62 480
62 1327
63 1517
63 799
64 393
66 1076
67 1995
68 1730
69 173
69 1009
72 1316
72 173
73 1391
73 493
73 175
74 1006
74 300
74 819
74 578
74 1003
74 684
74 766
75 551
76 1953
77 1369
78 1352
78 1334
78 1087
79 1056
79 1736
80 639
80 1609
82 474
83 1129
83 907
84 986
84 1936
84 542
84 629
85 347
85 707
85 1814
85 274
85 534
86 612
88 779
90 397
90 281
90 1614
90 198
91 817
91 334
93 361
93 109
95 1633
95 364
95 1951
97 1088
98 295
98 1147
99 1432
99 1121
101 1208
101 1991
101 161
101 1572
102 407
102 974
102 810
103 823
104 609
104 813
105 1019
105 698
106 262
106 350
106 1102
107 1845
108 1259
110 158
110 802
111 1801
111 1461
111 431
111 430
111 353
111 1147
112 817
112 1365
112 297
114 1987
114 690
114 877
115 1177
115 620
115 1228
115 426
115 1186
116 966
116 1635
117 1967
119 450
120 1150
120 1055
120 359
121 1282
122 1177
123 1367
124 152
124 408
124 904
125 626
125 800
125 1683
127 1651
128 1415
129 590
129 1874
130 263
130 1728
131 699
133 1883
136 1082
138 789
141 1458
141 1632
142 492
144 1006
146 968
147 1985
148 1491
148 828
148 1225
148 1367
148 163
148 1478
148 556
148 323
149 1384
149 586
150 1931
150 1812
150 1302
152 1347
153 1521
154 753
155 587
156 1130
157 1992
158 433
159 1861
160 642
161 1542
161 1890
161 248
162 402
162 1263
164 1217
164 1811
164 1203
165 986
165 1162
165 446
165 1023
168 304
168 1920
170 1139
170 754
172 1242
172 213
173 1137
174 1923
175 1895
175 1724
176 1479
177 479
177 1578
177 950
178 1808
178 1281
179 1208
179 1645
179 1095
179 716
179 1183
179 1613
179 1826
179 786
180 658
180 640
181 984
181 656
182 1535
182 1803
182 579
184 789
186 1380
187 397
187 1775
187 1572
189 1859
191 1130
191 1791
191 1089
191 1497
191 1005
192 1084
192 1659
193 849
193 828
194 1884
194 686
197 1353
197 322
197 1833
198 929
198 989
199 1033
199 1718
204 1393
204 1520
204 1373
205 1777
205 321
205 1911
206 463
206 1389
206 468
206 1820
206 256
207 1928
207 1167
207 1939
207 1214
208 1849
208 370
208 510
210 1314
210 872
211 1161
212 1624
213 356
213 1541
215 427
217 219
217 795
218 367
219 1122
220 1543
220 460
220 1441
221 1078
222 498
222 1555
225 1785
226 1930
229 1049
229 1388
230 1951
231 1300
234 857
235 1617
235 1414
235 978
235 1433
236 1749
236 873
237 1089
238 1849
238 1637
238 1339
238 557
238 1701
239 1602
239 564
239 1087
241 1121
242 1461
242 265
242 1273
243 1208
243 1494
243 1125
244 894
246 1526
247 812
247 1493
248 910
248 1248
248 637
250 501
251 484
251 718
252 353
254 486
254 1928
255 993
256 1064
257 565
257 674
257 286
258 1766
258 926
259 734
261 1666
262 1756
263 457
264 1987
264 1774
264 877
265 1563
265 1188
265 1484
267 1697
267 1156
267 1226
268 1762
270 1317
270 675
271 960
272 300
272 1083
273 445
273 660
273 1129
273 897
273 286
275 1791
278 490
279 1414
280 1924
280 1029
280 1651
280 862
282 479
282 1563
284 868
284 1802
285 658
285 1465
286 1145
286 321
287 1208
287 310
287 712
288 1645
291 328
292 592
292 342
292 1611
294 868
294 1775
294 1663
294 1276
294 1844
294 1421
294 899
297 1271
297 1025
298 984
298 462
299 1305
299 1782
301 1245
301 1637
302 1987
302 405
302 577
302 1215
303 1488
304 775
305 1226
306 1317
309 1432
309 1392
310 1208
311 1661
313 812
313 1149
314 479
318 831
318 503
318 755
319 561
319 571
319 1901
320 888
320 1537
320 382
320 763
321 857
322 1508
324 435
325 750
328 1602
328 589
328 1150
328 650
329 455
330 526
330 486
330 915
330 1094
330 1099
331 1808
331 1486
332 1176
334 362
334 996
336 361
336 395
336 569
336 1953
336 1043
336 1852
336 1479
338 1284
340 1896
341 815
342 504
342 1979
344 1591
344 1127
344 1091
345 463
347 1809
347 1254
349 358
349 710
351 1868
351 1139
352 1424
352 1573
353 850
356 1649
356 367
356 1214
357 1990
358 1312
358 1432
358 1592
360 1960
362 1507
362 1257
362 1633
362 1614
362 850
363 1273
363 1005
364 1156
367 1631
368 457
368 853
368 786
370 876
370 528
370 960
370 1238
371 1987
372 876
373 1208
373 626
374 1794
375 1737
376 823
377 566
379 1318
380 1030
381 1520
381 770
381 687
384 1505
385 607
386 846
387 599
387 422
388 1885
389 755
390 1009
392 1245
392 1683
393 988
394 883
394 1110
395 638
395 1828
397 1140
398 872
400 457
400 836
400 1302
400 536
400 546
402 1596
402 1185
402 698
406 1913
407 486
407 1061
408 1170
409 871
409 1543
410 1376
410 1296
413 566
414 1690
414 682
415 427
415 649
415 1879
416 1179
416 1047
416 1953
416 1240
416 1518
418 1458
419 620
420 1848
422 1084
424 1637
424 1983
424 1014
424 1703
425 1685
425 973
426 1696
426 1254
426 1174
428 1630
428 1940
428 1878
428 1387
429 1095
429 825
431 1323
431 1383
432 604
432 1952
435 1242
435 651
435 1904
438 642
438 1145
440 1208
441 899
441 1058
442 1400
442 944
443 1458
444 1659
445 1208
445 1746
445 1135
445 1660
446 561
446 1538
446 590
446 1202
447 1583
448 1665
448 1109
450 1042
450 932
450 997
450 1656
450 874
451 540
452 1314
452 1058
454 1256
454 525
454 1329
455 1059
456 745
457 1666
457 1771
458 1783
459 1461
459 1790
460 1941
460 1952
460 556
461 570
461 1041
461 653
463 564
463 1024
463 603
463 821
465 1804
466 1036
467 939
467 1551
467 1321
468 1007
470 1777
471 1818
472 1794
472 643
473 579
473 819
473 1225
473 1015
475 1616
480 1208
484 522
485 526
485 1270
485 1785
486 972
486 1217
486 1813
486 840
486 704
486 942
487 579
487 1230
488 907
489 1472
489 1292
489 550
489 885
490 1987
490 525
490 1805
491 1859
491 1357
491 1673
492 1465
492 927
492 1960
496 972
497 1065
500 1893
501 1028
501 1616
501 1491
503 926
504 777
504 1242
504 1933
504 1539
504 1786
506 1645
506 868
506 1392
506 1094
507 857
509 1168
509 1585
511 878
513 1757
514 703
514 1449
515 1549
517 585
519 812
520 556
521 1865
522 903
523 1056
524 545
524 1596
524 852
524 827
524 832
525 1820
526 1168
526 1982
526 1517
526 1505
526 1784
527 1930
528 849
528 1627
531 728
531 998
534 1148
534 1889
536 1849
537 1658
538 1006
539 1926
539 873
540 999
541 604
541 910
543 1645
543 620
545 668
546 1191
546 1803
549 1538
549 1375
550 1970
550 1058
552 1987
552 1928
552 823
553 1431
554 1446
556 561
556 1204
557 819
558 1494
558 1668
561 1833
561 1203
561 1846
561 1926
561 705
561 1660
565 1708
565 1816
567 1207
571 1546
572 1672
572 802
573 617
573 1232
574 1637
574 717
579 804
581 1427
582 601
584 619
584 1207
585 1810
586 1991
587 1781
587 1782
588 1695
588 1083
590 1106
590 1947
590 1265
591 604
591 1670
592 1417
592 1912
593 1191
594 747
594 1019
596 923
597 1249
598 604
600 1850
601 811
604 1053
604 814
604 1116
604 1384
604 714
604 1942
606 1150
606 1107
606 1351
612 1237
612 1063
612 1785
612 1349
613 1362
614 1354
615 1849
615 789
615 1764
616 1602
617 1177
617 703
617 1437
618 1294
618 898
619 631
620 713
621 1037
622 1554
623 812
624 1658
626 1617
626 1650
627 1072
627 967
627 1589
628 753
629 1684
631 1648
631 1805
632 1408
632 1929
634 758
635 1574
635 1716
636 1956
638 1547
639 725
640 1587
640 1944
642 1010
642 1759
645 1777
645 1416
646 1336
650 1130
650 1395
651 932
652 1688
653 1434
653 1858
654 910
654 1922
654 766
655 1924
655 927
656 1565
656 1456
657 723
657 1992
658 1987
658 976
658 1695
658 790
658 748
659 1764
659 1405
659 1139
663 1208
664 1540
667 1380
668 982
668 1540
669 1049
672 1425
672 1806
673 1756
673 1319
674 1186
676 740
676 1097
677 831
677 1846
678 939
678 1496
678 1319
679 1705
679 1178
681 1521
682 1287
682 881
683 833
684 1882
685 1242
685 1056
685 1081
686 1262
686 1119
687 1493
688 1906
691 1745
692 696
694 920
699 972
702 1130
702 1737
702 1164
703 1626
705 1153
705 1272
707 1882
707 954
707 755
707 1518
708 1513
709 1970
709 1664
709 751
712 1430
713 1013
713 1011
715 814
718 1089
719 1618
720 868
720 1352
720 1676
720 1264
720 1377
722 1268
722 800
722 1741
723 789
723 1893
723 1784
723 1238
725 859
725 1018
728 1373
728 1754
728 894
730 1593
732 757
732 1288
732 1221
734 1403
734 1909
735 1496
736 1564
736 1171
737 1851
737 1824
743 992
743 1695
744 1992
747 1485
748 1389
748 1945
748 1488
752 1458
754 1227
760 1542
760 1476
763 1768
764 779
767 1903
767 886
768 1977
769 1354
770 1923
771 1181
777 1352
778 1858
780 1176
781 1528
782 1268
782 1730
786 817
788 883
788 1390
789 809
789 1508
789 1435
790 1708
792 1622
793 1032
794 1855
795 1306
795 935
797 1491
797 1164
799 1318
799 1779
800 1651
802 1051
803 1731
805 1081
807 1160
809 1822
809 977
811 966
811 1540
812 1829
815 1723
815 1898
815 1362
816 1530
818 1611
823 1849
823 1739
826 1499
827 1980
830 1434
830 936
833 1741
838 1208
838 1987
842 1344
843 1179
843 1492
844 1291
844 1833
845 921
847 898
848 1208
848 1112
849 1208
849 1952
849 1992
850 1742
856 1449
856 1336
856 1100
857 1542
857 1604
860 1474
860 1739
862 1859
863 1208
865 1353
865 1693
868 1444
868 1930
868 1210
869 1316
869 1548
871 1436
872 1106
873 1607
874 1617
874 1662
874 1037
878 991
878 1245
879 1954
880 1686
883 1315
883 1571
883 1979
884 1730
884 1900
886 1400
887 1645
887 1489
887 1935
887 1394
888 1330
888 1210
892 1194
895 1863
896 1132
902 1485
904 1801
904 1872
905 1556
905 1339
907 1242
908 1559
910 1431
910 1343
910 1813
911 1932
912 966
912 975
915 1148
916 1985
916 1350
916 1784
920 1711
920 1087
921 966
923 1411
924 1316
924 972
926 1578
926 1873
929 1996
929 1956
929 1799
929 1944
933 1661
933 1858
936 1461
939 1116
940 1736
941 1650
943 1275
944 1870
945 1233
947 1521
947 1106
949 1411
950 1839
950 1905
952 1850
953 1687
954 1190
956 1877
956 1435
958 1122
959 1645
959 1633
961 1359
962 1759
962 1439
963 1636
964 1563
964 1115
966 1294
966 1325
966 1974
966 1045
967 1388
968 1994
970 1148
971 1766
975 1932
976 1227
979 1015
979 1369
984 1486
986 1143
986 1942
988 1044
989 1853
989 1692
990 1937
992 1546
992 1402
993 1059
994 1405
997 1200
999 1906
1000 1124
1003 1956
1005 1393
1006 1702
1007 1358
1008 1318
1009 1805
1009 1929
1010 1130
1010 1666
1010 1595
1010 1642
1010 1628
1014 1556
1016 1563
1019 1704
1020 1489
1021 1939
1023 1261
1023 1184
1024 1869
1026 1196
1026 1545
1028 1704
1028 1231
1028 1873
1029 1170
1031 1721
1033 1386
1034 1791
1035 1620
1038 1239
1039 1225
1039 1422
1050 1767
1055 1772
1059 1168
1059 1602
1059 1952
1059 1837
1059 1897
1059 1745
1063 1828
1063 1718
1065 1314
1067 1270
1067 1682
1067 1265
1068 1351
1070 1289
1072 1619
1074 1411
1077 1898
1078 1509
1080 1434
1081 1152
1084 1254
1089 1491
1092 1208
1092 1968
1092 1826
1098 1386
1099 1427
1103 1383
1103 1611
1105 1484
1109 1508
1109 1504
1114 1474
1114 1509
1114 1122
1115 1494
1117 1123
1119 1287
1120 1273
1122 1634
1123 1325
1123 1560
1125 1949
1130 1537
1130 1939
1130 1973
1130 1147
1131 1566
1131 1351
1133 1981
1134 1499
1136 1363
1140 1898
1142 1274
1143 1522
1146 1763
1148 1202
1149 1208
1149 1669
1153 1610
1154 1430
1154 1227
1156 1367
1158 1786
1162 1259
1163 1811
1163 1230
1167 1313
1168 1293
1169 1776
1170 1228
1170 1204
1174 1636
1176 1468
1177 1380
1177 1237
1177 1800
1177 1889
1177 1804
1179 1519
1179 1384
1181 1891
1186 1996
1189 1522
1191 1693
1191 1270
1194 1595
1194 1549
1194 1573
1196 1849
1197 1735
1197 1293
1198 1539
1204 1723
1208 1489
1208 1924
1208 1839
1208 1305
1208 1217
1208 1535
1208 1413
1208 1710
1208 1808
1208 1845
1208 1270
1208 1374
1208 1524
1208 1606
1208 1942
1208 1436
1208 1569
1208 1701
1208 1891
1208 1806
1210 1365
1214 1794
1216 1826
1217 1322
1218 1303
1218 1932
1220 1748
1224 1391
1224 1999
1227 1414
1228 1715
1231 1305
1231 1661
1232 1325
1234 1650
1234 1904
1238 1888
1242 1489
1249 1778
1250 1475
1251 1331
1252 1538
1252 1457
1253 1343
1255 1794
1255 1376
1255 1850
1256 1432
1256 1707
1257 1987
1257 1757
1257 1658
1261 1924
1262 1650
1270 1294
1273 1538
1277 1883
1279 1882
1279 1779
1289 1568
1289 1953
1292 1633
1293 1791
1295 1664
1298 1595
1298 1505
1303 1547
1303 1351
1306 1702
1308 1903
1312 1635
1314 1599
1316 1517
1316 1338
1324 1903
1324 1925
1325 1877
1333 1380
1333 1499
1335 1644
1338 1681
1340 1739
1341 1874
1346 1542
1349 1363
1350 1380
1350 1981
1352 1640
1352 1881
1352 1730
1354 1596
1358 1381
1358 1759
1368 1444
1369 1652
1370 1434
1370 1734
1374 1687
1376 1453
1376 1584
1378 1824
1379 1880
1380 1666
1380 1389
1380 1430
1380 1381
1380 1524
1382 1495
1383 1904
1388 1813
1389 1949
1390 1444
1390 1917
1391 1604
1391 1468
1391 1757
1394 1810
1395 1459
1405 1425
1405 1525
1410 1934
1411 1924
1411 1504
1415 1639
1416 1786
1416 1927
1418 1502
1421 1797
1422 1905
1423 1858
1427 1548
1428 1677
1434 1552
1435 1828
1438 1789
1440 1539
1441 1623
1446 1488
1447 1690
1447 1571
1450 1475
1454 1557
1455 1477
1455 1997
1457 1868
1458 1563
1458 1911
1460 1647
1461 1966
1469 1799
1470 1669
1471 1760
1475 1711
1478 1907
1481 1584
1485 1779
1486 1550
1489 1641
1491 1619
1493 1896
1507 1601
1511 1889
1514 1545
1519 1832
1526 1952
1530 1668
1530 1982
1538 1750
1539 1662
1542 1859
1542 1788
1543 1941
1544 1745
1546 1995
1548 1630
1548 1938
1549 1889
1551 1889
1555 1584
1556 1981
1558 1865
1560 1808
1562 1916
1564 1632
1564 1770
1570 1578
1570 1816
1582 1809
1582 1823
1583 1858
1600 1723
1600 1881
1600 1761
1602 1987
1602 1718
1604 1692
1605 1638
1611 1881
1613 1838
1613 1623
1616 1996
1620 1867
1637 1918
1638 1896
1645 1809
1645 1981
1645 1679
1648 1877
1649 1701
1657 1838
1659 1880
1661 1718
1664 1713
1668 1868
1668 1886
1669 1971
1669 1863
1669 1926
1677 1761
1679 1737
1682 1744
1682 1852
1683 1991
1686 1838
1690 1866
1702 1802
1705 1829
1707 1934
1712 1995
1717 1883
1719 1735
1726 1741
1742 1987
1742 1932
1749 1892
1756 1950
1771 1965
1777 1992
1782 1879
1791 1851
1791 1837
1795 1828
1797 1798
1800 1933
1814 1848
1825 1853
1833 1912
1841 1867
1851 1920
1855 1899
1856 1973
1859 1899
1864 1958
1874 1917
1875 1996
1884 1976
1896 1980
1905 1987
1913 1972
1928 1965
1929 1930
