2000 4000
136 832
136 1255
136 1961
136 685
832 43
832 1211
832 283
647 1573
647 979
647 1423
647 1758
1573 1827
1573 466
1573 171
18 1371
18 932
18 1470
18 1139
1371 741
1371 747
1371 217
214 1017
214 1450
214 563
214 1172
1017 1398
1017 1889
1017 1397
1197 1451
1197 530
1197 1900
1197 1713
1451 1965
1451 524
1451 1542
642 820
642 39
642 1400
642 1543
820 1264
820 1598
820 1433
102 281
102 298
102 1769
102 413
281 1967
281 193
281 1794
349 1470
349 1872
349 1962
349 1294
1470 953
1470 1584
984 1752
984 677
984 884
984 1319
1752 1295
1752 408
1752 80
299 746
299 327
299 1681
299 359
746 1207
746 547
746 1049
634 1868
634 1022
634 1740
634 974
1868 1064
1868 1998
1868 978
566 681
566 980
566 1366
566 1369
681 1893
681 665
681 1161
920 1853
920 140
920 353
920 1137
1853 74
1853 304
1853 1294
379 1349
379 217
379 924
379 1325
1349 1742
1349 522
1349 1927
901 1574
901 1637
901 1419
901 1221
1574 245
1574 1712
1574 1913
1562 1994
1562 893
1562 365
1562 608
1994 575
1994 947
1994 1403
1368 1863
1368 691
1368 805
1368 831
1863 778
1863 1524
1863 1367
1176 1513
1176 1205
1176 975
1176 1686
1513 1687
1513 1396
1513 1320
837 1818
837 1218
837 541
837 757
1818 1645
1818 1016
1818 929
363 1261
363 624
363 637
363 73
1261 604
1261 373
1261 407
618 1142
618 1096
618 1942
618 1394
1142 1537
1142 701
1142 1461
1291 1616
1291 780
1291 367
1291 808
1616 1755
1616 1190
1616 1620
403 659
403 396
403 1467
403 1506
659 118
659 197
659 1699
378 486
378 1449
378 426
378 1532
486 1157
486 59
486 632
620 1560
620 1266
620 1413
620 1206
1560 26
1560 1414
1560 923
728 1130
728 1321
728 517
728 1566
1130 391
1130 139
1130 1056
942 1202
942 1637
942 939
942 1124
1202 966
1202 1187
1202 1828
1288 1610
1288 69
1288 1071
1288 703
1610 1587
1610 780
1610 13
21 1417
21 561
21 611
21 1579
1417 375
1417 1828
1417 138
816 1651
816 835
816 1204
816 544
1651 1263
1651 1011
1651 1346
860 1020
860 1233
860 565
860 292
1020 1150
1020 1909
1020 507
182 1105
182 1983
182 717
182 465
1105 359
1105 584
1105 1200
998 1399
998 419
998 1720
998 305
1399 11
1399 1212
1399 538
739 1633
739 333
739 869
739 1794
1633 1312
1633 513
1633 1124
1742 1195
1742 913
1742 1346
862 1358
862 591
862 489
862 1530
1358 1785
1358 291
1358 1189
893 1691
893 259
893 1797
1691 1901
1691 474
1691 1941
750 888
750 697
750 894
750 595
888 1839
888 215
888 1507
442 772
442 1668
442 865
442 1607
772 1455
772 213
772 1900
87 1627
87 216
87 142
87 1415
1627 534
1627 1030
1627 663
147 446
147 272
147 93
147 559
446 1000
446 1289
446 806
615 700
615 163
615 1196
615 1316
700 1099
700 805
700 1582
296 1063
296 317
296 1446
296 1626
1063 1938
1063 589
1063 166
1046 1295
1046 1407
1046 1530
1046 1259
1295 945
1295 1372
749 1454
749 1701
749 356
749 1066
1454 797
1454 1108
1454 655
213 540
213 93
213 241
540 1449
540 1672
540 1057
794 1834
794 144
794 308
794 96
1834 558
1834 471
1834 1347
151 1648
151 1196
151 1109
151 1921
1648 729
1648 307
1648 829
1005 1114
1005 699
1005 336
1005 609
1114 1586
1114 1236
1114 330
1242 1844
1242 1629
1242 921
1242 1491
1844 1942
1844 1822
1844 419
58 1191
58 958
58 49
58 858
1191 436
1191 133
1191 562
430 654
430 1793
430 371
430 1424
654 108
654 1959
654 883
187 1979
187 111
187 1343
187 1832
1979 695
1979 1149
1979 72
32 873
32 458
32 1696
32 12
873 922
873 1042
873 1113
101 1647
101 1894
101 463
101 795
1647 755
1647 1222
1647 480
111 1166
111 1710
111 1773
1166 1832
1166 798
1166 1799
107 409
107 1059
107 809
107 1252
409 1496
409 1937
409 1891
840 1312
840 943
840 1276
840 527
1312 1241
1312 1626
11 441
11 1778
11 1119
441 1714
441 493
441 1121
198 1579
198 1502
198 1585
198 1335
1579 1804
1579 497
436 1896
436 1765
436 1712
1896 1228
1896 697
1896 1538
399 1569
399 1119
399 735
399 1091
1569 112
1569 1147
1569 1621
1345 1713
1345 135
1345 573
1345 877
1713 687
1713 576
525 662
525 261
525 1217
525 603
662 722
662 1880
662 608
1315 1950
1315 1031
1315 251
1315 1126
1950 135
1950 205
1950 1480
1384 1555
1384 1025
1384 445
1384 1280
1555 1992
1555 268
1555 148
277 1729
277 1581
277 844
277 605
1729 1757
1729 1026
1729 1171
202 912
202 1674
202 1890
202 1452
912 906
912 1746
912 372
417 571
417 485
417 464
417 1854
571 1139
571 328
571 668
557 1634
557 854
557 1256
557 660
1634 1186
1634 555
1634 605
369 680
369 472
369 1906
369 877
680 1069
680 1203
680 227
710 1876
710 1694
710 1277
710 495
1876 1799
1876 226
1876 381
1542 1620
1542 278
1542 1466
1620 1382
1620 818
605 1674
605 1821
1674 1699
1674 1250
621 1798
621 218
621 848
621 792
1798 1812
1798 1758
1798 1759
156 1210
156 13
156 1503
156 33
1210 1517
1210 1000
1210 1012
68 194
68 1770
68 1728
68 99
194 1756
194 489
194 357
691 828
691 1274
691 386
42 1862
42 1551
42 1317
42 657
1862 1777
1862 309
1862 1766
616 1045
616 460
616 789
616 472
1045 1377
1045 1568
1045 1990
513 1218
513 195
513 1739
1218 978
1218 1431
61 1695
61 937
61 1467
61 914
1695 1792
1695 999
1695 1892
1119 1931
1119 1637
1931 1445
1931 324
1931 1026
450 1278
450 1642
450 76
450 801
1278 1125
1278 535
1278 1352
259 12
259 980
259 1721
137 1870
137 802
137 1906
137 263
1870 1366
1870 453
1870 484
656 1532
656 1666
656 1846
656 1828
1532 1248
1532 1614
1453 1547
1453 570
1453 1397
1453 509
1547 854
1547 1528
1547 1084
1296 1829
1296 1423
1296 138
1296 1653
1829 517
1829 123
1829 781
1215 1755
1215 492
1215 384
1215 628
1755 1141
1755 1905
1098 1319
1098 1760
1098 895
1098 1706
1319 770
1319 1925
366 1284
366 947
366 1575
366 584
1284 1660
1284 434
1284 1741
276 1656
276 1294
276 161
276 872
1656 1791
1656 210
1656 1502
355 866
355 1497
355 1037
355 1847
866 756
866 1424
866 1203
1443 1582
1443 1272
1443 1525
1443 1826
1582 82
1582 653
155 283
155 770
155 786
155 12
283 224
283 322
25 353
25 781
25 1337
25 1497
353 870
353 742
200 205
200 306
200 971
200 433
205 1226
205 1919
109 1744
109 867
109 1971
109 661
1744 122
1744 1263
1744 933
1096 488
1096 1598
1096 1444
327 855
327 82
327 1951
1006 1092
1006 1964
1006 1980
1006 553
1092 1421
1092 1786
1092 416
1263 1256
1263 643
543 1182
543 1306
543 1724
543 721
1182 1195
1182 1230
1182 1031
210 1567
210 611
210 1103
1567 1391
1567 170
1567 582
470 1955
470 1618
470 1545
470 628
1955 823
1955 239
1955 1314
481 1881
481 977
481 1193
481 1545
1881 1690
1881 955
1881 1700
146 1811
146 835
146 1175
146 1684
1811 818
1811 1608
1811 414
288 1486
288 884
288 123
288 269
1486 1795
1486 413
1486 709
165 741
165 1646
165 119
165 967
741 335
741 364
30 1865
30 300
30 1180
30 1411
1865 1783
1865 622
1865 1198
653 1993
653 72
653 1901
1993 428
1993 1506
1993 1943
534 1354
534 711
534 1053
600 669
600 472
600 434
600 735
669 439
669 1640
669 515
759 842
759 484
759 1424
759 851
842 986
842 740
842 376
298 633
298 358
298 1352
633 968
633 97
633 1833
124 1234
124 1554
124 539
124 1153
1234 1657
1234 943
1234 52
105 992
105 498
105 1007
105 90
992 791
992 1851
992 1817
871 903
871 1643
871 1438
871 332
903 1060
903 1458
903 924
763 812
763 252
763 987
763 1120
812 1593
812 688
812 517
217 1984
217 1300
1249 1609
1249 1787
1249 907
1249 1310
1609 1734
1609 1237
1609 1404
516 675
516 1806
516 345
516 585
675 664
675 1260
675 1348
1455 1032
1455 1229
1455 297
491 1027
491 1049
491 57
491 94
1027 189
1027 852
1027 617
544 1039
544 108
544 898
1039 196
1039 1903
1039 129
484 190
484 1892
255 936
255 405
255 1600
255 322
936 563
936 1355
936 1457
262 795
262 357
262 1805
262 440
795 714
795 280
448 922
448 889
448 1597
448 1845
922 1557
922 1962
398 1101
398 1024
398 917
398 730
1101 813
1101 439
1101 1605
190 1035
190 1670
190 1034
1035 1590
1035 3
1035 1335
280 1603
280 1936
280 872
1603 585
1603 1957
1603 960
175 1321
175 1199
175 1935
175 724
1321 990
1321 767
696 1172
696 1437
696 1679
696 1117
1172 1996
1172 768
828 1416
828 423
828 1707
1690 1357
1690 458
1690 122
549 973
549 606
549 916
549 323
973 1204
973 1904
973 1860
1551 1537
1551 412
1551 265
628 745
628 113
745 811
745 273
745 882
625 1148
625 1069
625 317
625 221
1148 967
1148 1961
1148 1754
387 1585
387 891
387 1471
387 800
1585 928
1585 1200
596 1350
596 1070
596 644
596 1635
1350 1630
1350 1062
1350 1392
438 913
438 471
438 1552
438 818
913 1421
913 1954
1437 294
1437 37
1437 526
1420 1468
1420 1758
1420 1273
1420 278
1468 1549
1468 1977
1468 112
859 906
859 1536
859 760
859 1599
906 677
906 668
511 1886
511 953
511 1531
511 169
1886 465
1886 881
1886 552
657 808
657 1805
657 138
808 487
808 449
130 388
130 1071
130 237
130 1604
388 169
388 1161
388 170
572 1487
572 84
572 1969
572 1432
1487 1459
1487 192
1487 176
1392 1406
1392 91
1392 1211
1406 370
1406 734
1406 1214
827 1219
827 1102
827 1667
827 1028
1219 529
1219 602
1219 1971
555 760
555 177
555 735
760 915
760 1809
1790 1824
1790 1072
1790 509
1790 1262
1824 216
1824 934
1824 1778
463 1351
463 505
463 1489
1351 717
1351 771
1351 191
1526 1894
1526 342
1526 1099
1526 1724
1894 1447
1894 215
35 1139
35 1087
35 6
35 432
1139 1276
965 1418
965 1988
965 55
965 614
1418 1214
1418 494
1418 1318
591 526
591 1746
591 108
1016 1649
1016 1772
1016 443
1649 590
1649 49
1649 1705
1503 1767
1503 1600
1503 171
1767 474
1767 720
1767 167
824 1070
824 1426
824 261
824 270
1070 1359
1070 1055
632 1394
632 1388
632 991
1394 97
1394 324
713 1053
713 295
713 132
713 473
1053 381
1053 868
39 1554
39 1956
39 570
1554 698
1554 383
737 1410
737 597
737 819
737 509
1410 1960
1410 1972
1410 1477
1052 1422
1052 1625
1052 1471
1052 185
1422 1233
1422 1286
1422 1311
793 1082
793 5
793 1614
793 231
1082 1820
1082 1116
1082 115
93 996
93 547
216 519
216 1638
504 1882
504 550
504 74
504 1405
1882 250
1882 1827
1882 1872
613 947
613 1747
613 100
613 468
947 1970
1303 1449
1303 765
1303 1336
1303 1276
1449 1154
113 1997
113 304
113 267
1997 356
1997 22
1997 1675
106 1958
106 1408
106 295
106 953
1958 1802
1958 1813
1958 251
468 1816
468 48
468 798
1816 734
1816 282
1816 660
1260 1716
1260 666
1260 692
1716 1864
1716 892
1716 1164
427 732
427 1067
427 880
427 257
732 341
732 1374
732 134
672 1057
672 1944
672 518
672 527
1057 480
1057 1346
607 1602
607 586
607 1240
607 1475
1602 758
1602 803
1602 50
364 941
364 1499
364 420
941 397
941 602
941 1809
452 1728
452 127
452 1043
452 1408
1728 1538
1728 658
1140 1836
1140 140
1140 1644
1140 1764
1836 1174
1836 248
1836 1885
358 874
358 1461
358 658
1777 1589
1777 1996
1777 183
390 1753
390 1745
390 946
390 98
1753 1332
1753 224
1753 694
781 1229
781 1190
1229 161
1229 897
321 1653
321 1854
321 478
321 1287
1653 1280
1653 184
1482 1685
1482 1712
1482 227
1482 126
1685 1329
1685 7
1685 1570
1769 1778
1769 663
1769 251
1778 1064
1679 1354
1679 1075
1679 1621
1340 1601
1340 1749
1340 426
1340 125
1601 1316
1601 1640
1601 861
905 1115
905 1975
905 1160
905 4
1115 426
1115 1132
1115 7
786 935
786 23
786 878
935 1434
935 1822
935 1514
376 1854
376 284
376 206
1854 201
1357 1866
1357 1165
1357 64
742 1237
742 475
742 1509
1237 997
1237 479
229 1655
229 1607
229 506
229 483
1655 1812
1655 1186
1655 1676
69 1401
69 1282
69 346
695 1285
695 1175
695 1548
514 1904
514 1707
514 1763
514 116
1904 764
1904 256
1433 1945
1433 531
1433 389
1945 201
1945 66
1945 879
703 1840
703 1179
703 1430
1840 863
1840 1552
1840 1952
711 1515
711 131
711 706
1515 1118
1515 801
1515 367
775 776
775 1548
775 1089
775 1489
776 464
776 1535
776 1308
419 1287
419 1
131 1550
131 787
131 391
523 1235
523 608
523 141
523 1000
1235 1192
1235 275
1235 473
743 1467
743 1068
743 135
743 1687
1467 796
712 1888
712 1112
712 1808
712 335
1888 1413
1888 249
1888 1177
203 699
203 1915
203 1465
203 1008
699 929
699 1671
44 297
44 28
44 874
44 1935
297 17
297 606
602 970
602 777
970 851
970 1842
970 1393
1967 1236
1967 258
1967 354
197 1330
197 1179
197 1908
1330 284
1330 770
1330 121
1079 1718
1079 1760
1079 267
1079 769
1718 537
1718 460
1718 706
1600 796
1600 1036
310 1356
310 499
310 1659
310 1883
1356 1795
1356 1307
1356 1988
1205 520
1205 135
1205 1632
1216 1952
1216 649
1216 930
1216 183
1952 1435
1952 1289
1043 1615
1043 339
1043 1170
1615 1680
1615 1042
1615 1067
356 546
356 303
464 798
464 1926
1423 1558
1423 962
167 1801
167 207
167 73
1801 1003
1801 1681
1801 630
1877 1926
1877 351
1877 1879
1877 726
1926 1259
1926 10
1428 1871
1428 1058
1428 1116
1428 174
1871 1681
1871 1850
1871 75
1514 1874
1514 1102
1514 3
1874 830
1874 1277
1874 1517
874 391
874 1957
370 1077
370 1676
370 241
1077 447
1077 1104
1077 1369
1214 1353
1214 457
1353 999
1353 1290
1353 1389
697 1243
697 1899
1243 512
1243 1363
1243 875
1681 1136
847 1825
847 1498
847 1721
847 41
1825 238
1825 918
1825 1347
1355 1966
1355 429
1355 674
1966 558
1966 435
1966 1502
318 429
318 1469
318 1963
318 308
429 580
429 1875
404 581
404 1521
404 10
404 1736
581 814
581 85
581 643
1329 1458
1329 676
1329 870
1238 1301
1238 733
1238 400
1238 360
1301 1252
1301 1255
1301 1800
785 1621
785 508
785 1258
785 548
1621 1226
1535 1933
1535 1338
1535 1379
1933 638
1933 1711
1933 520
127 1788
127 1436
127 1370
740 1061
740 254
740 716
1061 212
1061 1698
1061 496
265 1734
265 1498
265 45
1734 678
1734 383
415 1121
415 1342
415 1069
415 1775
1121 500
1121 1271
1179 9
1179 181
889 1947
889 1727
889 1948
56 1331
56 9
56 598
56 457
1331 266
1331 773
1331 357
1306 16
1306 1268
1306 1920
774 1059
774 1262
774 1095
774 1275
1059 1947
1059 1828
1867 1890
1867 1133
1867 848
1867 254
1890 857
1890 54
886 971
886 1239
886 1982
886 333
971 1806
971 1783
238 1344
238 1850
238 883
1344 934
1344 1132
1344 1395
961 1559
961 1405
961 258
961 550
1559 1075
1559 956
1559 1388
1141 987
1141 110
1141 801
932 1373
932 1494
932 233
1522 1855
1522 761
1522 1204
1522 507
1855 271
1855 490
1855 579
1424 1607
1060 1374
1060 344
1060 560
1196 49
1196 1770
1548 1241
1548 1528
312 475
312 1292
312 1534
312 1618
475 690
475 1654
471 1642
471 535
861 1328
861 392
861 192
1328 1986
1328 230
1328 1572
1791 1029
1791 1779
1791 330
365 975
365 1849
365 83
975 1316
975 805
1839 981
1839 479
1839 320
1799 351
1799 15
1645 1264
1645 1970
1645 1409
1416 1123
1416 425
1416 752
1107 1505
1107 1857
1107 1376
1107 266
1505 1774
1505 1719
1505 1722
978 1998
978 1457
1998 1671
1998 726
89 1113
89 946
89 453
89 924
1113 963
1113 1808
70 834
70 1517
70 959
70 268
834 963
834 541
834 1244
29 1965
29 1618
29 1212
29 134
1965 573
1965 1971
75 1852
75 1907
75 1941
1852 787
1852 891
1852 939
586 803
586 1788
586 1925
1072 1138
1072 1018
1072 1211
1138 1842
1138 1051
1138 313
1414 1512
1414 1456
1414 807
1512 1909
1512 83
1512 1540
1497 315
1497 1693
977 1660
977 569
977 1445
1660 1044
1660 1056
1093 1426
1093 345
1093 1153
1093 352
1426 1279
1426 243
13 952
13 939
1666 1733
1666 1623
1666 1040
1733 1963
1733 778
1733 1985
256 1720
256 896
256 904
1720 1638
1720 1500
246 1181
246 1459
246 869
246 528
1181 966
1181 729
1181 1880
744 1803
744 482
744 928
744 166
1803 1386
1803 24
1803 334
228 718
228 1383
228 635
228 1564
718 1576
718 304
718 480
891 1717
891 1587
580 1206
580 505
580 1841
1206 1038
1206 1701
575 421
575 435
575 1586
323 1401
323 60
323 199
1401 501
1401 921
64 1815
64 1476
64 1773
1815 1335
1815 1431
1815 337
1842 1245
1842 1377
272 1809
272 1667
272 954
588 881
588 444
588 702
588 782
881 529
881 1766
171 629
171 400
629 1460
629 1913
629 37
469 552
469 128
469 730
469 1495
552 1537
552 1507
397 1530
397 550
397 1987
160 211
160 1204
160 1872
160 1266
211 270
211 1251
211 1298
340 1224
340 103
340 1943
340 79
1224 528
1224 694
1224 1432
510 1901
510 354
510 639
510 180
1901 1924
597 157
597 1930
597 1125
771 1002
771 1891
771 286
1002 831
1002 679
1002 926
770 908
809 1294
809 244
809 1231
116 1187
116 121
116 1227
1187 651
1187 1673
96 949
96 1714
96 1213
949 252
949 382
949 1672
1220 1359
1220 1361
1220 482
1220 1971
1359 1251
1359 115
1029 1561
1029 1807
1029 550
1408 1305
1408 31
1194 1895
1194 1378
1194 1612
1194 1320
1895 1429
1895 331
1895 1069
506 1378
506 1326
506 45
1378 1588
1378 33
887 1478
887 1911
887 1479
887 467
1478 522
1478 819
1478 362
1126 1760
1126 208
1126 1978
1760 1479
870 1266
870 1122
722 1511
722 1987
722 1628
720 1975
720 209
720 1990
1975 1748
1975 747
717 1561
717 377
1561 646
1561 1571
1033 1160
1033 1044
1033 343
1033 1279
1160 927
1160 1314
946 1686
946 603
98 1403
98 1928
98 915
1403 1722
1403 1402
54 988
54 20
54 1964
988 1073
988 1717
988 77
249 1572
249 1949
249 1040
1572 911
1572 1564
958 948
958 420
958 180
1099 928
1099 1155
679 1305
679 1251
679 1889
1305 1611
1305 476
757 1490
757 568
757 112
1490 173
1490 1018
1490 845
449 1108
449 1387
449 705
1108 1050
1108 1500
1557 967
1557 1129
1557 189
118 371
118 969
118 1668
371 278
371 222
1153 1984
1153 626
1984 1481
1984 553
836 1145
836 1928
836 1941
836 325
1145 1970
1145 1941
1145 858
508 86
508 443
508 161
1405 1969
1405 835
559 1999
559 1516
559 637
1999 1949
1999 86
1999 850
391 316
1285 412
1285 1493
1285 1794
937 1313
937 1165
937 825
1313 1743
1313 233
1313 467
139 924
139 291
139 1540
1015 1232
1015 838
1015 474
1015 660
1232 1943
1232 1838
1232 1673
609 1447
609 1065
609 578
1447 407
1447 34
822 1591
822 911
822 1473
822 149
1591 1608
1591 1435
1591 1081
1297 1884
1297 756
1297 1247
1297 1339
1884 172
1884 1009
1884 1106
411 708
411 43
411 1846
411 1090
708 395
708 1488
708 1664
209 839
209 1404
209 482
839 1273
839 1697
839 372
1251 738
1722 974
1722 663
303 1669
303 800
303 1954
1669 24
1669 636
1669 465
494 1008
494 1631
494 950
1008 1906
1008 915
692 843
692 1472
692 1899
843 352
843 500
843 465
248 952
248 1641
248 335
952 1026
952 863
1537 1435
993 1594
993 1441
993 1751
993 269
1594 14
1594 78
1594 650
536 1764
536 1367
536 2000
536 503
1764 1137
1764 1400
529 556
529 1654
556 598
556 1427
556 1628
1239 1090
1239 1692
1239 4
953 1168
359 844
359 1198
1267 1308
1267 631
1267 731
1267 168
1308 788
1308 931
702 1158
702 1436
702 1341
1158 285
1158 1709
1158 792
1316 221
59 792
59 1740
59 1563
792 683
684 1518
684 637
684 1065
684 1804
1518 1527
1518 458
1518 1213
416 1438
416 1510
416 650
1438 1163
1438 562
1412 1699
1412 1028
1412 1525
1412 104
1699 869
803 67
803 334
1398 1341
1398 996
1398 320
1007 1879
1007 1715
1007 1761
1879 807
1879 592
241 948
241 1820
948 1929
948 1606
1123 601
1123 1211
1123 1128
1252 193
1252 16
1090 1132
1090 1144
65 951
65 668
65 569
65 911
951 235
951 1050
951 747
181 754
181 548
181 5
754 163
754 1085
754 119
34 326
34 1841
34 1732
326 445
326 1120
326 1178
976 1662
976 1058
976 1588
976 157
1662 1165
1662 1618
1662 1124
71 473
71 342
71 257
71 1837
473 789
1117 1521
1117 455
1117 1543
1521 234
1521 316
1459 667
1459 1948
43 279
43 172
758 765
758 846
758 1104
765 1102
765 533
5 285
5 1763
362 685
362 1120
362 1133
685 1361
685 1772
1880 725
1880 1461
426 90
244 482
244 1960
244 1586
232 1887
232 279
232 991
232 1048
1887 1923
1887 1314
1887 725
1086 1390
1086 644
1086 766
1086 1565
1390 1245
1390 497
1390 727
274 1246
274 1553
274 748
274 1292
1246 1843
1246 1568
1246 667
499 690
499 16
499 264
690 1183
690 1441
1471 1726
1471 594
1726 987
1726 1812
1726 1934
174 979
174 275
174 784
979 1466
979 223
1054 1703
1054 236
1054 1606
1054 1170
1703 220
1703 1429
1703 541
1102 1631
1435 1088
329 1676
329 631
329 1162
329 314
1676 584
1970 454
624 1444
624 1694
624 1221
1444 150
1444 1036
1280 1520
1280 1639
1520 1509
1520 1789
1520 879
1812 157
844 1484
844 273
1484 253
1484 867
1484 1511
1281 1485
1281 1255
1281 849
1281 1683
1485 817
1485 149
1485 721
447 1668
447 1968
447 1928
1668 1575
1819 1914
1819 649
1819 1920
1819 1922
1914 619
1914 784
1914 1080
1465 1831
1465 1324
1465 212
1831 1374
1831 563
1831 1771
663 1292
1292 799
6 1022
6 1161
6 876
1022 333
1022 560
851 777
851 1693
1936 845
1936 79
1936 52
1088 1275
1088 293
1088 1763
736 904
736 332
736 1859
736 188
904 1480
904 1386
104 1185
104 1223
104 424
1185 806
1185 129
1185 1959
1589 1866
1589 830
1589 1171
1866 1942
1866 1944
823 986
823 752
823 583
94 1400
94 960
94 778
1400 940
867 1058
867 1689
1058 1385
1456 848
1456 437
1456 723
196 1629
196 1596
196 1575
1553 1800
1553 1287
1553 1318
1800 374
1800 943
787 1236
787 1917
500 26
500 1832
233 1860
233 814
1860 1737
1860 1207
1748 380
1748 1665
1748 850
595 635
595 142
595 1171
635 791
635 459
1186 802
1186 567
1018 1641
1018 1262
1641 1939
1641 622
981 1367
981 141
981 219
374 1310
374 17
374 1989
1310 1552
1310 612
485 725
485 1623
485 140
1415 1951
1415 1749
1415 1275
1951 532
1951 1738
444 1264
444 855
444 1823
235 594
235 289
235 347
594 460
594 1457
819 1697
819 1469
1697 1954
1697 1038
49 1322
768 1731
768 461
768 890
1731 222
1731 1375
1731 1584
833 957
833 1431
833 1580
833 1109
957 849
957 1348
957 227
342 433
342 347
1233 1501
1233 914
528 1786
528 925
689 1178
689 676
689 1848
689 396
1178 1762
1178 1504
537 1533
537 8
537 1946
67 1540
67 1619
67 1857
1540 1784
166 579
166 1135
579 406
579 1348
1071 1813
1071 1992
458 627
899 1024
899 619
899 1977
899 715
1024 916
1024 674
212 1369
212 644
1369 1629
1770 1583
1770 1617
1586 1385
396 405
396 1898
748 1120
748 466
748 1164
361 674
361 853
361 1694
361 1221
674 1961
201 1625
201 1300
1625 1613
1625 865
454 902
454 778
454 424
902 2
902 561
902 125
1707 1041
1707 1499
1049 287
1049 963
81 1968
81 1629
81 1873
81 962
1968 47
1968 1381
651 735
651 338
651 1019
493 1504
493 1473
493 278
1504 1883
1504 940
343 1974
343 1702
343 143
1974 218
1974 1956
1974 1339
1084 1334
1084 1190
1084 334
1334 1429
1334 1111
1334 1740
350 701
350 168
350 1287
350 145
701 178
701 1953
242 610
242 852
242 271
242 1346
610 1771
610 1927
610 1919
1336 1635
1336 352
1336 1074
1635 1143
1635 199
1155 1623
1155 991
1155 1851
1623 313
341 1735
341 313
341 574
315 1476
315 431
315 1747
892 1658
892 225
892 1972
1658 309
1658 27
1658 1253
673 1062
673 565
673 1309
673 260
1062 986
1062 1857
424 995
424 1085
995 1533
995 686
995 1832
1255 1442
1923 47
1923 1563
1923 1740
825 930
825 1375
825 1299
930 425
930 1917
2 1680
2 501
2 538
1680 1152
1680 1757
1190 564
1581 1996
1581 1100
1581 968
1996 1525
395 1704
395 1411
395 324
729 962
729 185
962 1549
1073 1915
1073 1342
1073 1382
380 492
380 1599
380 1646
405 1715
405 392
521 1458
521 1307
521 1549
521 1362
1458 222
1199 1078
1199 1938
1199 655
1122 1976
1122 99
1122 46
1976 1960
1976 418
1976 1314
1131 1387
1131 178
1131 377
1131 1183
1387 612
1387 1883
384 1983
384 693
384 331
1983 545
1983 1009
1762 1784
1762 1032
1762 236
1784 23
1784 88
188 1025
188 1047
188 519
1025 251
1025 1065
999 1380
999 1781
1642 1283
1642 501
568 1519
568 1732
568 1988
250 1085
250 31
250 1850
1085 762
1189 1858
1189 1973
1189 1987
1858 1209
1858 875
1858 63
590 1041
590 1337
590 239
1041 474
1041 643
852 1144
852 1495
1907 36
1907 666
1907 1813
1469 1912
1469 1644
1912 1309
1912 237
1912 83
810 1044
810 1112
810 641
810 1570
1044 1200
1283 372
1283 502
1283 1782
532 1365
532 1475
532 268
1365 1491
1365 1899
1365 1042
864 1838
864 1111
864 1309
864 1675
1838 394
1838 282
488 1667
488 614
488 813
1667 115
345 817
345 1137
1262 1439
1439 1483
1439 1750
1439 797
60 989
60 1741
60 1916
1198 1683
1198 193
1683 1253
1683 393
1244 1650
1244 1360
1244 1727
1650 293
1650 1217
1650 1097
779 796
779 247
779 1773
779 1982
796 92
300 295
300 1143
300 753
982 1421
982 239
982 215
982 1992
1421 990
934 33
934 509
1382 1789
1382 1947
389 498
389 707
389 314
498 1730
498 564
432 868
432 1607
432 184
868 1302
868 15
267 392
267 907
392 128
455 1741
455 671
455 1675
1963 545
1963 623
295 204
1510 1805
1510 838
1510 1869
1805 114
1516 1736
1516 954
1516 650
1736 606
1736 1258
1724 1960
1724 974
1576 1786
1576 1474
1576 1010
176 1293
176 1528
176 1245
1293 1814
1293 1343
1293 927
967 1110
1078 1739
1078 1768
1078 24
1739 1543
1739 1407
1 129
1 1397
1 435
129 1688
1622 1637
1622 1905
1622 1492
1622 1209
86 316
86 1580
316 898
1132 1168
725 1493
73 117
73 990
117 714
117 683
117 1274
1715 307
1715 1217
1337 1590
1337 503
1590 3
1590 264
677 1795
677 3
80 687
80 921
80 856
687 1488
687 706
835 1932
1692 27
1692 638
1692 829
1354 1913
1354 1031
1883 154
119 120
119 1524
120 622
120 225
120 1173
811 422
811 1765
811 1578
1624 1948
1624 753
1624 915
1624 715
1948 1473
798 383
764 910
764 1817
764 1480
910 841
910 1223
910 1768
678 1661
678 1180
678 1808
1661 1254
1661 128
1661 186
849 1134
849 1942
1134 883
1134 1109
1134 78
570 308
570 1427
12 877
608 240
1481 589
1481 649
1481 1364
933 1541
933 1619
933 603
1541 1875
1541 599
1541 900
1183 1918
1183 631
1918 373
1918 733
1918 639
1144 1269
1144 1271
1517 10
676 1341
676 1080
479 1981
479 83
1981 253
1981 1935
1981 169
502 1705
502 1377
502 163
1705 1885
1705 354
854 1758
854 1343
16 882
986 77
582 767
582 1940
582 1989
767 547
767 753
838 1038
838 51
1332 1604
1332 408
1332 1064
143 576
143 547
143 1162
576 1265
576 95
346 1164
346 179
346 583
1164 1407
1431 1577
1864 453
1864 1240
1864 247
806 815
806 1930
38 410
38 477
38 1492
38 152
410 637
410 1599
410 1250
1646 1376
1646 797
1689 1664
1689 515
1689 1010
1463 1949
1463 1962
1463 1898
1463 1491
1949 1789
14 1779
14 1802
14 583
1779 334
1779 457
845 1953
845 1004
236 394
236 783
394 542
394 41
554 969
554 173
554 401
554 1448
969 1639
969 565
1032 990
1032 1780
320 1556
320 1802
1556 144
1556 385
1556 1309
1445 660
1445 1326
1157 1793
1157 1507
1157 1091
1793 1821
1793 243
1150 1956
1150 734
1150 1892
418 636
418 1501
418 103
636 1788
636 1023
531 1596
531 1095
531 1827
1596 1450
1596 1761
184 1143
184 17
1143 1814
99 1822
99 1583
1822 1325
220 263
220 66
220 1427
275 1672
275 1608
802 507
802 27
421 1464
421 1223
421 1188
1464 1612
1464 994
1464 1837
715 1682
715 377
1682 1254
1682 192
1682 122
1915 1820
1915 1843
1909 538
1909 483
1843 1461
1843 1719
373 1474
373 1930
443 1339
443 1034
1339 564
989 1921
989 546
989 1534
1921 193
1921 1001
1519 1738
1519 1807
1519 723
539 19
539 1558
539 1472
1483 1946
1483 1749
1483 1228
459 1612
459 159
459 954
1612 1571
526 1373
526 587
1373 733
1373 515
17 439
317 1652
317 1379
1961 1973
1973 100
1973 789
734 1775
1962 1173
440 1226
440 1588
440 126
1226 1146
386 1972
386 1985
386 1124
1972 186
567 1001
567 1379
567 535
1001 319
1001 593
1509 1272
1509 876
1534 1361
1534 601
335 880
880 1663
880 883
747 1462
1462 963
1462 495
1462 1756
226 1913
226 1938
226 1047
1897 1930
1897 142
1897 37
1897 302
22 1136
22 1055
22 1617
1850 51
253 456
253 1957
1772 670
1772 46
279 1393
279 453
1393 177
1393 1112
707 670
707 900
707 551
1614 206
1614 1081
114 1442
114 1673
114 74
1442 614
1442 1502
670 1587
670 1208
1047 1875
1047 1964
1875 1498
1174 1075
1174 1149
1174 769
1154 1694
1154 372
1154 1466
1577 885
1577 1709
1577 1066
77 1379
77 1136
62 433
62 1636
62 1188
62 133
433 1706
1247 1905
1247 90
1247 960
1905 853
1985 407
1985 1527
382 1606
382 462
382 1927
1606 1529
85 1240
85 1774
85 1036
1240 19
1788 667
569 1698
569 1792
1698 1208
1698 63
1271 909
1271 1452
425 289
425 658
1568 240
1568 875
72 1566
72 1151
1566 726
1566 1385
161 1290
1037 1723
1037 761
1037 598
1723 1550
1723 1338
1723 1087
1125 907
1125 195
877 1381
1552 1508
1964 1376
790 1028
790 821
790 1372
790 254
1028 1076
309 1761
309 1730
1376 1687
916 603
916 1129
1536 1889
1536 1702
1536 1432
1969 307
1969 305
47 731
47 1089
791 751
791 719
1563 1774
1563 51
1774 231
818 1982
738 1511
738 1525
738 1436
1511 1570
522 1771
522 1498
79 1317
79 90
1317 1149
1317 1944
439 1129
1004 1630
1004 1665
1004 428
1630 1506
1630 66
497 1076
497 302
1076 1783
1076 1091
1318 1677
1318 407
1677 322
1677 1638
1677 63
1450 1833
1450 40
1833 1544
1833 925
1488 1323
1488 1103
1156 1386
1156 132
1156 1038
1156 885
1386 938
1460 519
1460 857
1460 592
206 311
206 178
311 1217
311 1675
311 783
1543 152
1947 630
1429 1389
1397 1597
1597 661
1597 1104
1711 1873
1711 940
1711 23
1873 648
1873 1127
1395 1524
1395 1170
1395 1282
1524 1869
1253 1440
1253 1409
1440 314
1440 1203
1440 434
28 896
28 643
28 360
301 1222
301 1900
301 400
301 1030
1222 400
1222 1149
1745 478
1745 420
1745 1074
649 1869
1404 1396
1404 1763
306 928
306 799
306 1593
304 1147
1147 1068
1147 1593
1789 966
558 895
558 285
338 178
338 705
338 423
74 208
1094 1946
1094 1796
1094 1830
1094 1988
1946 551
1813 1845
247 1781
247 789
1781 1787
1781 84
152 688
152 1593
1893 1605
1893 245
1893 865
63 1700
1700 1413
1700 1128
57 1391
57 1604
57 383
1391 1861
1391 533
1111 1643
1111 492
234 944
234 1785
234 164
944 1209
944 1201
944 954
1664 231
1664 1539
1619 850
1619 578
1236 1989
1367 1902
141 667
141 1009
1857 1506
1075 1290
462 1152
462 858
462 909
1152 456
1152 1264
1112 1026
154 807
154 1352
154 945
807 773
1159 1903
1159 1925
1159 150
1159 1592
1903 1741
1903 1911
294 1604
294 1859
294 1225
980 159
980 856
527 909
527 668
909 821
472 1091
1342 10
1342 1911
1068 1611
1068 885
1361 821
23 1861
652 940
652 1434
652 1473
652 1937
1000 1995
1995 1031
1995 1109
1995 1021
224 1545
224 1494
1545 1213
1168 577
1168 1135
95 348
95 1747
95 261
348 1250
348 1146
348 1776
601 97
601 1939
1434 565
1434 1929
239 1939
1939 1245
487 1775
487 270
487 92
1775 955
112 153
91 1546
91 918
91 1847
1546 1978
1546 266
1546 1550
368 1266
368 1500
368 1169
368 219
319 1765
319 1402
319 1492
631 158
126 457
126 1785
1491 1396
1366 1592
1366 478
82 1617
82 894
291 938
291 313
938 1110
938 461
1066 1954
1066 1083
853 1528
853 1578
215 1702
1702 1749
496 1163
496 1982
496 1167
1163 604
1163 84
1151 1652
1151 223
1151 897
1652 1750
1652 339
517 1327
693 1014
693 542
693 1169
917 1830
917 841
917 1751
1830 1794
1830 1195
1273 994
1273 1626
26 347
26 1307
347 585
1783 1396
1209 1501
1030 1990
1030 846
1712 1841
1841 48
617 671
617 773
617 1259
671 865
671 339
756 535
756 882
1558 1861
1558 645
1136 483
564 623
431 926
431 1370
431 45
926 1584
926 1333
841 1916
841 1523
530 623
530 1584
530 719
1452 1472
1452 553
1472 292
1787 337
1787 1636
230 1924
230 704
230 1657
1924 1322
1924 406
287 1146
287 719
287 879
1146 1270
254 858
994 666
994 1133
755 762
755 1780
755 413
762 185
762 290
968 1135
968 1687
1135 282
333 1527
1527 1759
1493 709
1493 848
115 401
401 983
401 222
185 302
1207 593
1207 1064
907 1161
1845 1938
1845 150
1797 1898
1797 1272
1797 876
1898 1821
1389 1110
1389 489
133 1474
133 682
1474 1746
51 1743
9 1678
9 694
541 545
545 1849
1377 331
1550 709
1286 148
1286 289
1286 1067
183 428
183 1200
428 1751
1992 945
1786 709
268 919
308 1362
1362 1919
1362 1116
1990 1095
1192 1494
1192 688
1192 1277
1494 48
501 1171
48 1684
1013 1299
1013 367
1013 477
1013 162
1299 1212
1299 1977
1225 1564
1225 269
1225 495
1564 1765
538 145
1165 1908
282 900
900 1539
788 1446
788 721
788 1902
1446 1835
1446 665
27 1613
1613 784
1613 221
593 1892
593 1937
1929 1254
1929 923
1861 31
855 1826
855 1265
128 218
1737 179
1737 1750
1737 923
289 2000
2000 589
2000 1678
706 1932
1919 943
1133 1175
489 1878
140 1611
1611 52
1256 908
1256 145
518 925
518 619
518 645
925 1671
1363 1776
1363 612
1363 1338
1776 1495
1776 1810
688 1638
19 1304
19 800
805 1743
1820 1759
1475 560
1475 639
293 784
293 804
1710 694
1710 1934
1710 991
1663 1533
1663 240
1663 1940
872 1659
872 648
1659 325
1659 1087
682 476
682 1003
682 375
1476 1127
1476 638
451 1257
451 895
451 931
451 612
1257 1704
1257 896
1257 422
375 1118
375 799
1118 245
1118 1927
1338 1083
1370 1792
1370 225
1792 1023
1250 1326
385 1806
385 1531
385 622
1806 773
761 1419
761 1706
1419 686
1419 305
195 777
195 168
40 639
40 1531
40 264
1756 1827
1756 290
179 1097
179 1279
814 563
814 804
1639 1916
1639 1823
1916 337
158 996
158 36
158 923
661 1193
661 1826
208 1127
208 1375
996 466
1735 587
1735 1821
1735 4
66 1670
1943 20
1407 1628
960 286
623 1835
1835 1056
1835 328
286 1804
286 1725
1804 1335
1265 477
1265 223
478 351
730 420
730 37
573 1128
573 577
1714 92
1714 121
1814 1173
1814 225
831 914
831 1479
821 1304
173 733
173 1011
406 1878
406 974
1878 1725
1878 783
1480 1277
339 476
476 20
437 15
437 546
437 799
144 577
144 857
1531 1565
1087 1427
1129 1081
1670 490
1670 782
36 163
36 1184
1588 797
1636 815
1636 324
1248 714
1248 911
1248 164
1643 817
1643 1746
1083 884
1083 490
219 1180
219 1583
1785 1523
1665 483
1665 1298
157 125
46 1175
46 336
1477 1885
1477 1347
1477 336
1885 646
153 218
153 638
153 314
1986 1991
1986 332
1986 1193
1991 1796
1991 815
1991 1097
1598 1766
1598 100
1766 1721
800 1402
110 1425
110 1717
110 724
1425 55
1425 1719
1425 162
186 1466
186 983
1430 1773
1430 1104
1430 1757
683 189
683 402
731 1632
731 908
377 578
1738 578
1738 627
1672 1837
1837 1848
191 1269
191 876
191 1019
1269 1859
1269 850
237 1910
237 1137
1910 548
1910 1325
1910 1757
666 1116
1385 1959
1507 1021
884 467
1925 88
142 1074
1326 908
1533 45
895 665
1911 204
15 1802
263 592
263 1014
592 1891
1212 704
408 830
408 1684
830 1298
240 817
1322 1696
1322 1856
270 172
921 180
1826 1872
646 780
646 1496
655 972
655 1333
972 1889
972 1817
972 150
1977 1523
97 964
533 1725
533 1704
1944 1106
1539 1549
1539 1696
1673 1056
284 1730
284 1754
1254 599
882 1810
1810 1859
1810 1040
245 435
1479 627
492 698
1928 1019
1170 698
172 414
604 716
604 1632
553 1259
598 1162
1899 1508
614 1768
423 520
423 1499
1686 322
1686 1307
869 1323
1323 1796
1323 939
1173 307
467 1688
1688 1388
1688 648
1341 1014
644 1496
698 257
1617 1110
1940 1231
1940 1708
1231 724
1231 393
1347 1644
1747 723
1388 846
357 332
495 1300
964 727
964 769
964 134
168 1768
1383 422
1383 1051
1383 665
1508 894
1508 1754
1657 1311
1657 258
271 422
271 8
1580 1922
1580 519
1922 1372
1922 1721
149 192
149 103
24 686
686 1304
1849 524
1849 1847
7 599
7 1327
477 1501
76 589
76 1409
76 1732
1848 542
1848 1953
1626 918
727 330
727 456
55 1325
55 645
959 1034
959 1411
959 1499
41 752
41 1009
752 1360
1272 1782
1782 658
1782 1302
344 1055
344 169
344 896
1055 627
1374 273
1402 8
857 1571
918 1290
285 331
1708 1188
1708 1448
1708 257
351 950
950 1327
950 726
1065 1127
84 1100
1100 1592
1100 1034
875 360
1298 856
1759 123
826 919
826 551
826 1023
826 1258
919 1289
919 1851
252 512
252 1957
1441 1274
1441 1003
1279 1201
956 1902
956 619
956 290
1180 1846
121 381
813 1900
813 503
1241 966
1241 1268
583 199
177 402
177 50
402 650
402 1324
1302 1360
1302 997
705 1195
705 231
1409 1492
1906 1529
53 1089
53 1381
53 641
53 1678
1089 1980
204 1258
204 1529
445 1364
445 1300
170 1036
170 985
1706 325
1684 1201
337 1270
1097 1920
1920 1959
1587 1270
520 354
1103 1856
1103 1583
1856 1213
1856 1654
189 515
108 1050
1270 630
1902 207
1571 1754
1380 1575
1380 931
1380 1605
777 1978
381 260
714 626
266 641
100 221
551 1908
512 490
512 587
1500 325
507 997
159 138
159 1544
1989 260
290 1640
1544 1696
1544 766
987 1934
1495 393
524 1230
524 78
1230 1169
1230 1012
546 1348
330 611
1223 1987
1227 1732
1227 1448
1227 1040
997 766
1743 1780
1128 1010
31 626
92 1595
577 1808
1051 780
1051 269
273 1640
879 1208
1095 1228
1935 1167
1578 1823
1578 1538
1823 1448
898 1184
898 1352
560 1023
1203 648
292 846
292 1201
1678 103
1538 1162
719 302
885 414
1727 1530
1727 328
929 985
929 640
243 1701
243 1605
1701 1048
894 863
367 1953
134 1565
1565 1980
1021 1208
1021 1937
1817 1436
261 1529
1304 562
412 78
412 878
199 132
983 1375
983 955
1275 1631
626 1719
8 1917
1608 890
227 611
1709 1599
1709 1489
1106 766
1106 1167
548 461
630 1048
1048 721
1704 1717
1324 664
1324 1011
1169 1796
1413 1019
1693 985
1693 931
1751 599
723 804
336 751
1003 664
641 305
148 461
148 1917
20 829
704 1360
704 393
664 1268
145 587
4 1780
955 753
122 897
897 1956
724 1489
466 1042
1228 1364
640 1847
640 783
640 328
1523 1725
1807 1274
1807 878
352 1177
1750 878
207 1595
207 890
1184 1457
1184 1010
1761 413
1795 1333
1011 1908
1193 1282
1432 1320
260 856
503 1932
264 584
1592 1869
1932 164
460 1012
1372 751
52 1671
606 1570
1268 574
1050 1221
1343 1595
1730 162
1167 1177
1846 1081
829 1628
645 1411
1809 1934
123 456
801 804
863 782
585 1496
1074 434
1327 1980
258 50
1891 1012
1320 1595
1631 751
132 716
1771 782
125 945
927 1311
927 505
1311 180
1282 769
360 562
914 1654
815 574
561 1333
561 88
1632 480
505 1177
33 890
50 985
1067 88
223 1978
1381 1851
542 1289
1188 1276
1644 164
716 162
1014 1364
1080 414
1080 574
