2000 2511
1 322
1 1314
1 1486
1 1852
2 428
2 437
2 783
2 931
2 1849
3 162
3 1310
3 1786
4 689
4 846
4 1220
5 347
5 492
5 750
5 1464
6 1359
7 1646
8 583
8 1490
10 543
10 1921
10 1963
11 226
11 1552
12 1608
13 65
13 418
13 1578
13 1863
14 353
14 806
14 1457
15 1057
15 1122
16 144
16 1120
16 1434
16 1536
16 1553
16 1670
16 1834
18 1640
18 1904
19 1384
20 1495
20 1728
21 59
21 1673
22 676
22 1719
22 1850
25 40
25 514
25 1197
26 769
26 1336
26 1376
26 1495
27 610
27 1183
27 1698
28 342
28 717
28 722
28 903
28 2000
29 1731
30 707
30 731
30 810
30 1527
30 1863
31 458
31 1349
32 207
32 906
32 1222
32 1422
35 343
35 1176
35 1799
35 1912
37 1179
37 1325
37 1414
38 181
38 834
38 849
39 818
39 857
39 1984
40 327
40 607
40 791
40 1279
40 1478
41 874
41 1467
42 1168
42 1248
43 1622
44 78
44 249
44 1767
46 151
47 304
47 1263
48 841
49 191
49 777
50 776
50 1885
51 80
51 572
51 652
51 825
51 1003
51 1097
52 238
52 463
52 575
52 1010
52 1966
53 861
54 154
55 1737
57 1085
57 1564
59 1716
60 790
60 1046
60 1226
60 1276
61 631
61 1288
63 133
63 591
63 1906
64 117
64 1524
65 607
65 1898
65 1901
66 1054
66 1644
68 812
68 1535
69 692
71 1014
71 1873
72 1920
74 374
74 772
75 1127
75 1314
75 1476
75 1761
76 1055
76 1189
76 1953
77 159
77 775
77 1339
78 287
78 457
78 537
78 698
78 1620
79 1473
81 256
81 787
81 1410
81 1631
81 1999
82 259
82 522
82 1164
83 773
83 882
83 1142
84 893
84 1385
84 1436
84 1970
85 634
86 1382
86 1488
87 213
87 695
88 619
88 717
88 1697
89 718
89 849
89 917
89 1026
89 1642
90 276
90 782
90 1814
90 1832
91 1287
91 1408
91 1722
92 201
92 780
92 813
92 1105
93 134
93 729
93 783
93 1026
93 1197
94 1029
94 1775
95 365
95 961
95 1339
96 412
97 697
97 1623
97 1871
98 802
98 1114
98 1677
99 313
99 873
99 883
99 947
99 1442
99 1944
100 473
101 1391
101 1408
101 1609
102 230
102 533
102 1239
102 1507
102 1537
103 362
104 120
104 930
104 991
105 1065
105 1629
106 226
106 954
107 709
107 1150
107 1448
108 876
108 1299
108 1982
109 808
110 255
110 308
110 825
111 693
111 1370
111 1401
112 778
112 1265
112 1388
113 841
113 865
113 1972
114 1033
114 1471
114 1695
114 1746
115 888
115 1952
116 136
116 1282
116 1524
116 1987
117 861
117 1841
118 428
118 1292
118 1305
119 301
119 393
119 482
119 492
119 988
119 1216
119 1598
120 310
120 588
120 1130
121 418
122 242
122 401
122 1506
123 482
124 1266
126 931
127 567
127 1386
127 1801
128 428
128 1407
129 404
129 815
129 1090
130 378
130 880
130 1287
131 991
131 1425
133 210
134 871
134 1566
135 1654
135 1892
137 825
137 1941
139 747
140 1262
141 508
141 521
141 1805
142 592
142 813
142 1131
142 1981
144 1294
144 1766
144 1796
145 294
145 575
145 934
145 1292
145 1656
145 1722
145 1839
145 1953
146 1210
146 1369
147 325
147 540
147 914
147 984
147 1207
148 939
149 636
150 403
150 1880
151 546
152 1329
152 1921
153 1575
155 1289
155 1365
155 1794
155 1838
155 1872
156 286
157 339
157 746
157 966
158 1705
158 1857
159 749
159 771
159 796
160 450
160 1458
161 1250
161 1550
161 1668
161 1742
161 1953
161 1994
162 403
163 656
163 719
164 376
164 1961
165 204
165 535
165 1825
166 527
166 594
166 1643
167 858
167 1609
168 634
168 1990
169 196
169 1232
169 1609
169 1886
170 1292
170 1566
170 1718
171 257
171 941
172 966
172 1924
173 811
175 1793
179 1585
179 1827
179 1830
180 518
181 245
181 898
181 1019
181 1436
181 1912
182 251
182 413
182 732
182 1061
183 1155
184 746
184 1776
185 818
185 933
185 976
185 1379
185 1443
186 692
186 1195
186 1511
186 1601
187 905
187 1490
187 1958
188 237
188 334
188 1993
189 673
189 1181
190 1122
191 275
191 1057
192 316
192 1019
192 1057
192 1214
194 208
194 219
194 1623
195 325
195 385
195 757
196 688
196 1111
197 1324
197 1873
197 1934
198 1548
199 222
199 235
199 1240
200 1350
200 1692
200 1707
202 294
202 809
202 1525
203 1204
203 1672
204 1611
205 904
205 950
206 263
206 297
206 587
206 1933
207 1777
207 1845
208 296
208 1579
209 400
209 470
209 1999
210 338
210 1427
211 1139
211 1526
212 255
212 958
214 1230
214 1677
215 721
215 1363
215 1819
215 1865
216 1432
216 1481
217 1012
218 424
218 1869
219 276
219 743
219 961
220 358
220 810
220 1089
220 1313
220 1405
220 1719
221 725
221 1150
221 1229
222 373
222 1315
222 1525
222 1861
222 1882
223 841
223 1058
223 1729
224 424
224 550
225 495
225 540
227 1271
228 840
228 1008
228 1711
228 1912
229 547
230 1996
231 462
231 1307
231 1492
231 1520
232 780
235 1065
235 1718
236 1172
237 1079
237 1222
238 541
238 1554
239 1426
241 1652
242 402
242 1250
242 1944
243 341
243 1371
244 535
246 877
246 1533
246 1800
246 1917
247 881
247 985
247 1359
248 435
248 540
248 653
248 1637
248 1643
248 1685
249 392
249 870
250 1856
251 370
251 519
252 463
252 560
252 808
252 922
252 1404
253 446
253 1787
254 1251
255 560
255 1351
256 1655
256 1777
258 715
258 911
258 1464
258 1689
259 1016
259 1681
260 569
260 1358
261 660
261 1149
262 1037
262 1453
262 1738
263 508
263 518
263 1354
264 466
265 1175
266 496
266 1319
266 1509
268 932
268 1920
269 842
269 1091
269 1562
270 539
270 1432
270 1574
271 449
271 753
272 615
272 1020
272 1350
273 824
275 1013
276 955
276 1146
277 533
277 1143
277 1976
278 1771
280 408
280 1217
281 376
281 440
281 1379
282 506
282 856
282 1260
282 1814
284 528
284 1217
285 398
285 813
285 1429
285 1700
285 1721
285 1912
286 1571
288 674
288 741
288 1115
289 454
289 1682
290 819
290 1232
292 831
292 1298
292 1974
293 894
294 1014
295 527
295 946
295 961
297 546
297 636
297 1050
298 426
299 671
299 1595
299 1665
299 1708
299 1770
300 565
300 1208
300 1282
300 1505
300 1565
301 1651
301 1860
302 1064
303 329
303 371
303 899
305 342
306 547
307 1449
308 500
308 1007
308 1355
308 1981
309 707
310 581
310 1686
311 452
311 813
311 883
311 918
311 1716
311 1918
312 1242
312 1599
313 579
313 1946
314 928
316 1241
316 1783
317 1732
318 701
318 1165
318 1456
319 1954
320 479
320 514
320 970
320 1430
321 406
321 1017
322 741
322 1408
322 1534
323 1167
324 607
324 1055
324 1979
325 1462
325 1866
326 1601
326 1834
328 972
328 1528
328 1743
329 1954
330 1340
330 1539
331 342
331 721
332 702
332 1416
333 1637
334 1113
334 1422
334 1864
335 454
335 1636
337 361
337 385
337 1403
338 700
338 870
338 1196
338 1249
339 797
339 1713
339 1853
340 905
340 1460
340 1496
341 367
341 1315
341 1453
341 1716
342 422
343 362
343 630
343 694
343 1159
343 1216
343 1440
344 1579
344 1707
344 1893
345 413
346 1072
347 1697
347 1992
348 626
348 856
349 767
349 1357
350 730
350 789
350 802
350 1232
351 443
351 787
351 1929
352 980
352 1476
352 1970
353 407
353 518
353 1221
354 593
354 1634
354 1799
355 1256
355 1317
356 397
356 1220
356 1292
357 497
357 870
357 1178
357 1240
357 1718
357 1961
358 388
358 898
358 1814
359 651
359 1963
361 1495
361 1533
362 1285
362 1980
363 410
363 1780
365 451
365 1356
366 1280
366 1416
366 1797
369 543
369 1982
370 548
370 972
370 1140
370 1311
371 463
371 1595
372 657
372 779
373 757
373 1181
373 1648
374 709
374 889
374 919
374 1480
374 1616
374 1652
375 633
375 1706
375 1735
376 1012
376 1202
376 1907
376 1963
377 1864
378 403
378 464
378 1230
378 1864
380 1060
380 1130
381 919
381 1450
381 1460
383 420
383 664
383 1481
383 1650
385 457
385 1979
385 1988
386 1826
387 658
387 1477
387 1572
387 1807
387 1944
388 1684
388 1693
389 1048
389 1303
389 1996
392 843
392 944
392 1934
393 696
393 1678
394 1709
394 1751
395 433
395 831
395 1201
395 1341
395 1643
395 1853
396 1669
397 554
398 491
398 508
398 815
399 1919
401 1078
403 1078
403 1307
403 1746
404 510
404 1186
404 1894
405 1665
405 1766
406 1428
406 1520
406 1587
407 1269
412 1038
412 1121
412 1814
413 1213
415 502
415 1882
416 1443
417 1289
417 1593
418 623
418 919
418 1743
419 1716
420 423
420 656
420 1280
422 495
422 605
422 736
423 477
424 493
424 595
424 1992
425 728
426 727
426 785
427 675
427 702
427 858
430 762
432 582
432 1040
433 1079
433 1178
433 1890
434 457
434 797
434 1036
436 594
436 767
438 1103
438 1166
439 938
439 1235
439 1489
439 1719
440 848
440 1170
440 1282
440 1722
442 754
442 1060
442 1061
443 1371
443 1605
443 1894
445 905
445 1115
445 1162
446 1954
447 517
447 775
447 1104
448 625
448 1932
449 1661
450 775
450 1149
450 1808
451 1256
451 1686
451 1896
452 1099
452 1149
453 687
453 1798
454 1405
454 1683
455 712
455 894
455 1270
456 651
459 1658
460 1850
462 1459
463 739
463 1075
463 1336
464 536
464 1096
464 1791
465 827
465 850
465 1167
465 1276
465 1335
466 1516
466 1870
467 791
467 1538
468 663
468 811
469 691
470 1280
470 1541
471 1113
471 1475
471 1788
472 1789
474 979
474 1084
474 1187
476 1643
477 850
477 944
477 1113
478 1348
479 887
479 1377
479 1741
480 668
480 1598
481 1341
482 1209
482 1447
482 1862
483 757
483 1092
483 1356
484 764
484 1465
484 1789
485 936
485 1538
486 892
486 1178
486 1236
488 1228
489 581
489 1182
489 2000
491 1496
491 1645
493 564
493 621
493 754
493 863
493 1631
493 1648
494 555
494 1071
494 1505
494 1759
496 832
496 931
497 706
497 837
497 1564
497 1659
497 1822
498 1070
498 1870
499 608
499 1134
499 1591
500 915
501 1755
502 1778
503 558
503 1543
503 1835
504 1320
504 1588
505 1957
505 1959
506 1715
507 1353
507 1699
508 1425
509 1569
509 1841
510 1611
510 1938
512 896
512 992
512 1096
512 1765
514 590
514 719
514 871
514 900
514 1546
515 645
515 1539
516 850
516 1152
516 1601
517 1258
519 889
519 1970
520 656
520 951
520 1185
520 1311
520 1683
521 1318
522 1075
523 868
523 1002
524 793
524 1577
525 1396
526 899
526 967
528 1287
529 1529
530 588
530 1468
530 1521
530 1925
531 804
531 1953
532 559
532 576
532 631
532 642
532 836
532 1196
532 1358
532 1615
532 1930
533 840
533 1065
533 1793
533 1836
534 1678
534 1682
534 1965
535 1398
536 603
536 740
536 1238
537 1300
537 1494
537 1609
538 1002
539 984
540 1445
540 1876
541 706
541 860
541 1196
542 1166
542 1919
545 752
545 1979
546 855
546 1800
547 1427
548 575
548 1646
548 1866
549 1124
550 1410
550 1780
550 1962
552 977
552 1385
553 1448
554 759
555 835
557 762
558 713
560 623
560 1711
561 1913
562 579
562 1391
563 976
564 1489
565 1170
565 1811
567 635
567 900
567 932
568 872
568 1212
568 1555
569 968
569 1622
569 1652
571 654
573 1258
573 1508
574 728
574 1083
574 1824
576 631
576 682
576 1444
577 624
577 878
577 1176
577 1501
578 756
579 910
579 1646
579 1964
580 795
581 1220
582 1616
582 1865
583 690
583 1020
583 1208
584 795
584 1774
585 1013
585 1290
586 874
586 876
587 711
588 1405
588 1416
588 1689
588 1692
589 926
589 1173
589 1437
592 1587
592 1657
592 1703
593 1235
593 1617
593 1874
594 1913
595 1448
595 1644
596 911
596 1242
596 1394
597 1831
598 1823
599 664
599 1364
601 826
602 1085
602 1210
603 1280
605 1202
605 1652
605 1765
606 1054
609 655
609 1297
611 1310
611 1322
611 1615
611 1810
612 851
612 1501
612 1572
613 1317
613 1439
613 1923
614 1002
615 1595
616 822
616 1634
617 1360
618 1227
618 1878
619 895
619 1964
620 1179
620 1849
621 887
622 1422
623 711
623 1012
624 753
625 1113
627 1520
627 1758
628 1892
629 982
629 1201
629 1208
630 1304
631 1615
631 1718
632 690
632 810
632 900
632 1502
633 715
633 1489
633 1632
633 1689
636 988
639 1115
639 1533
640 730
641 1056
641 1759
642 1230
642 1435
643 1039
644 1254
644 1434
645 1252
646 1853
647 1300
648 681
648 1396
648 1693
648 1827
649 760
649 782
649 1688
650 1354
650 1388
650 1479
650 1648
650 1784
650 1962
652 1978
653 729
653 1020
653 1293
653 1688
653 1928
654 971
654 990
655 705
655 1424
655 1988
656 689
656 1081
657 1043
657 1434
657 1583
658 1002
658 1438
658 1465
660 1809
660 1891
660 1992
661 686
661 791
661 1580
661 1796
662 1515
662 1971
663 1400
664 1336
665 792
665 914
665 1019
665 1169
666 1035
666 1719
667 685
667 789
667 972
667 1005
667 1044
667 1777
668 1551
668 1663
669 780
669 1557
670 721
670 1058
670 1246
671 696
671 1867
673 1009
673 1294
674 974
674 1524
675 833
676 1455
678 1019
678 1239
678 1962
680 1047
680 1271
680 1562
680 1878
681 1414
681 1765
682 1673
682 1992
683 987
683 1312
683 1719
684 1478
685 698
685 836
685 1615
686 794
686 1840
687 1924
687 1930
688 904
688 927
688 1791
689 760
689 1240
689 1625
693 1612
693 1900
693 1958
695 761
695 1150
696 944
697 1601
701 1137
701 1713
701 1969
703 1047
703 1799
704 735
704 1529
705 855
706 1202
707 884
707 895
708 1215
709 1521
710 1002
710 1064
711 1128
711 1198
711 1438
711 1718
713 741
713 1170
713 1224
713 1704
713 1784
714 832
714 1605
715 1560
715 1633
715 1763
716 1215
716 1705
716 1755
717 985
718 946
718 1096
718 1553
719 1004
719 1671
719 1799
719 1935
720 785
720 1583
721 1087
721 1505
722 1464
723 1689
723 1794
724 1563
724 1841
725 889
726 836
726 1440
727 772
728 1672
728 1841
729 761
729 1294
730 762
730 911
730 1360
732 1251
733 1620
734 1453
735 968
735 1681
735 1765
736 1027
736 1171
738 840
738 1344
739 1068
739 1361
739 1496
739 1603
740 769
740 1387
740 1532
742 844
742 935
742 1884
743 1558
744 983
744 1390
745 1131
745 1138
745 1347
746 1163
746 1684
747 1886
749 1186
750 942
750 1095
750 1776
751 1916
752 815
752 1057
752 1537
752 1713
754 1060
754 1533
755 827
756 832
756 1864
757 1270
757 1417
757 1762
758 838
758 1721
760 1063
760 1293
760 1910
762 1815
763 911
764 780
765 1074
765 1668
766 782
766 1633
767 783
768 1468
769 1058
769 1263
771 1537
772 1860
774 1269
774 1656
775 1983
776 1999
777 855
777 1044
777 1349
779 1220
779 1411
780 986
780 1103
781 927
781 946
782 818
782 1222
782 1384
783 934
783 1100
783 1514
784 1475
784 1517
784 1572
786 807
786 1875
787 1132
787 1245
787 1686
787 1867
788 1281
788 1979
789 1428
789 1698
791 1168
791 1699
791 1942
792 929
792 1306
792 1876
792 1980
793 1185
793 1812
794 821
794 1044
794 1896
796 1583
796 1697
797 1663
797 1869
799 1099
799 1128
799 1846
800 1645
801 1642
802 978
803 1007
803 1648
804 829
804 1481
804 1757
804 1925
804 1928
805 901
805 1195
805 1841
806 1943
807 990
808 1075
808 1309
809 1047
809 1910
809 1973
810 990
811 907
811 1283
811 1924
813 849
813 1420
814 1830
814 1845
814 1861
816 985
816 1811
817 1798
819 1308
819 1370
820 1021
820 1627
821 1150
821 1779
821 1836
822 1427
823 888
823 933
823 1072
824 922
824 1537
825 1400
826 1688
827 1136
827 1287
827 1723
828 1934
829 1793
829 1933
830 1988
831 1038
831 1854
832 1536
834 959
835 1020
837 1048
837 1507
838 984
838 1423
841 1356
841 1815
844 1340
844 1691
846 1246
847 1265
848 1196
848 1742
849 1118
851 1357
852 1007
856 1570
856 1667
857 942
857 1851
858 1747
859 1942
863 990
864 1126
864 1173
864 1337
866 967
866 1472
866 1597
867 1590
869 998
869 1091
872 1529
872 1828
873 1196
873 1505
874 1430
874 1736
875 1281
876 1070
877 1039
877 1374
878 1789
880 1801
880 1890
881 1551
881 1607
882 1008
883 992
884 1011
887 1415
888 1572
891 1807
892 1402
894 1455
896 1774
896 1900
897 1497
899 1235
900 1621
901 1091
903 1530
903 1796
904 1466
907 1015
910 1177
911 1245
911 1617
911 1872
912 1445
912 1689
912 1698
913 1822
914 1066
914 1307
914 1944
915 1194
915 1345
915 1534
917 1032
917 1324
918 1148
919 1657
920 931
920 1593
921 1340
921 1637
922 1148
922 1302
922 1372
922 1794
923 1277
923 1438
923 1585
925 1069
925 1843
927 1857
928 1718
930 1131
930 1572
930 1979
931 1518
931 1651
931 1928
932 1035
932 1181
933 1849
934 1014
934 1868
935 1886
936 1351
936 1883
937 1838
937 1860
937 1907
937 1965
938 1510
939 1655
940 1581
941 1181
941 1471
945 1450
945 1542
945 1716
946 1465
946 1670
946 1674
947 964
949 1300
950 1426
950 1685
951 1307
951 1405
953 1590
953 1643
955 1294
955 1503
955 1984
956 1492
958 1715
959 1356
962 1576
963 1436
964 1679
964 1989
965 1327
968 1659
970 1584
970 1858
971 1122
971 1349
972 1190
972 1636
973 1149
973 1486
974 1334
974 1487
974 1775
975 989
975 1525
975 1530
976 1903
977 1190
977 1691
978 1450
979 1181
980 1556
981 1585
982 1151
983 1589
984 1046
984 1410
984 1544
985 1584
985 1662
985 1965
987 1915
988 1058
988 1994
989 1458
990 1223
993 1036
993 1150
993 1837
994 1852
996 1460
996 1503
996 1530
997 1698
998 1015
998 1125
998 1527
999 1041
1000 1139
1000 1462
1002 1626
1002 1899
1003 1835
1004 1886
1005 1357
1005 1435
1005 1863
1006 1356
1008 1441
1009 1070
1010 1313
1010 1794
1011 1128
1011 1407
1012 1219
1013 1896
1014 1287
1015 1806
1016 1598
1016 1635
1017 1567
1018 1143
1018 1499
1025 1407
1025 1827
1026 1503
1029 1719
1031 1246
1031 1486
1031 1947
1032 1549
1034 1271
1035 1145
1035 1576
1036 1237
1036 1410
1037 1054
1037 1338
1037 1901
1038 1519
1038 1911
1039 1174
1040 1580
1041 1092
1042 1261
1042 1638
1043 1130
1043 1557
1044 1787
1045 1627
1046 1259
1046 1895
1047 1132
1047 1627
1048 1239
1048 1573
1048 1736
1049 1575
1049 1944
1053 1766
1054 1440
1054 1452
1055 1185
1055 1569
1055 1616
1055 1980
1056 1223
1056 1869
1058 1240
1058 1363
1059 1409
1061 1360
1062 1793
1064 1973
1065 1241
1065 1310
1065 1627
1066 1850
1067 1371
1068 1410
1068 1830
1069 1187
1070 1566
1070 1769
1070 1851
1070 2000
1071 1361
1071 1556
1073 1499
1073 1573
1075 1662
1076 1175
1076 1196
1076 1434
1077 1245
1077 1299
1077 1849
1077 1860
1078 1298
1078 1344
1078 1618
1079 1244
1080 1436
1080 1643
1081 1185
1082 1626
1083 1162
1086 1780
1088 1200
1091 1848
1093 1921
1095 1796
1096 1258
1098 1232
1098 1562
1100 1149
1100 1766
1100 1832
1101 1457
1101 1564
1102 1681
1103 1351
1104 1185
1104 1608
1105 1509
1106 1692
1106 1695
1107 1655
1108 1134
1108 1312
1109 1332
1109 1880
1110 1597
1111 1217
1111 1632
1111 1924
1112 1316
1114 1122
1114 1168
1114 1214
1114 1440
1114 1957
1117 1266
1117 1516
1117 1686
1118 1796
1119 1705
1120 1626
1122 1207
1122 1410
1122 1617
1122 1742
1125 1254
1125 1354
1125 1807
1127 1555
1128 1295
1128 1374
1128 1685
1130 1538
1132 1340
1132 1819
1133 1368
1134 1255
1135 1824
1136 1310
1136 1404
1138 1811
1138 1881
1139 1549
1139 1606
1139 1853
1140 1677
1140 1716
1140 1867
1141 1213
1141 1312
1141 1638
1141 1867
1142 1994
1143 1364
1143 1492
1144 1414
1144 1553
1144 1891
1145 1678
1146 1392
1147 1530
1149 1172
1149 1267
1149 1992
1150 1420
1150 1601
1150 1621
1151 1380
1151 1692
1151 1694
1155 1664
1156 1942
1158 1915
1159 1808
1161 1169
1161 1748
1162 1244
1163 1750
1163 1759
1163 1910
1164 1636
1166 1215
1166 1544
1167 1186
1167 1589
1167 1603
1167 1789
1168 1234
1169 1619
1169 1686
1169 1796
1169 1818
1173 1563
1174 1651
1174 1888
1175 1619
1176 1743
1176 1969
1177 1698
1177 1808
1178 1615
1181 1393
1182 1208
1183 1231
1184 1337
1184 1804
1185 1862
1187 1194
1188 1578
1190 1704
1191 1747
1191 1808
1192 1507
1194 1256
1194 1393
1195 1518
1195 1555
1195 1613
1196 1994
1198 1326
1200 1222
1200 1581
1201 1696
1202 1749
1202 1794
1202 1878
1205 1425
1205 1548
1205 1852
1206 1271
1209 1956
1210 1288
1210 1491
1210 1741
1212 1520
1212 1792
1218 1799
1219 1643
1219 1719
1220 1938
1221 1840
1222 1371
1226 1829
1229 1556
1231 1374
1231 1577
1233 1266
1234 1253
1236 1240
1237 1276
1237 1826
1238 1419
1238 1649
1238 1895
1239 1719
1240 1553
1241 1570
1246 1794
1247 1530
1250 1364
1251 1469
1251 1479
1254 1716
1256 1551
1256 1701
1257 1937
1258 1340
1259 1597
1261 1515
1261 1812
1263 1376
1264 1461
1264 1811
1266 1703
1267 1581
1268 1825
1274 1355
1274 1392
1274 1635
1274 1927
1278 1884
1279 1857
1280 1405
1280 1860
1281 1867
1282 1337
1282 1842
1283 1428
1283 1941
1284 1384
1285 1297
1285 1451
1286 1686
1287 1441
1287 1767
1290 1834
1290 1881
1290 1969
1291 1472
1293 1754
1294 1312
1294 1586
1294 1671
1295 1482
1296 1732
1297 1499
1297 1544
1297 1570
1297 1776
1299 1329
1299 1394
1299 1530
1299 1730
1300 1954
1301 1436
1304 1316
1304 1902
1304 1905
1306 1321
1307 1435
1307 1761
1308 1717
1311 1531
1313 1622
1319 1527
1320 1322
1320 1533
1320 1933
1322 1611
1323 1906
1324 1600
1326 1979
1328 1530
1329 1990
1330 1645
1330 1661
1330 1879
1332 1674
1333 1984
1334 1637
1334 1655
1336 1362
1337 1517
1338 1912
1340 1928
1341 1780
1343 1984
1345 1737
1346 1567
1347 1767
1348 1364
1348 1906
1349 1444
1349 1959
1350 1543
1350 1802
1352 1805
1352 1863
1354 1995
1355 1761
1356 1805
1360 1804
1361 1443
1362 1588
1363 1639
1366 1624
1368 1449
1368 1464
1368 1927
1369 1910
1370 1379
1370 1669
1372 1509
1374 1691
1374 1841
1375 1603
1377 1696
1377 1732
1379 1644
1379 1842
1380 1732
1381 1807
1382 1655
1382 1715
1384 1649
1385 1762
1385 1836
1386 1450
1388 1772
1388 1839
1390 1872
1391 1832
1393 1536
1393 1953
1394 1901
1399 1418
1400 1707
1400 1758
1402 1469
1402 1602
1402 1770
1402 1959
1403 1440
1403 1668
1404 1935
1406 1512
1407 1501
1407 1602
1408 1602
1409 1766
1412 1725
1412 1820
1412 1863
1413 1663
1413 1804
1413 1954
1414 1891
1418 1419
1419 1734
1419 1924
1423 1490
1424 1825
1426 1826
1429 1531
1430 1956
1435 1484
1435 1572
1435 1638
1436 1734
1439 1517
1439 1728
1439 1987
1442 1878
1444 1466
1444 1683
1446 1908
1447 1807
1447 1920
1449 1897
1450 1750
1451 1660
1451 1684
1451 1958
1452 1872
1453 1617
1453 1909
1454 1496
1456 1823
1457 1634
1458 1544
1462 1475
1467 1608
1467 1867
1469 1710
1470 1904
1470 1963
1472 1951
1473 1600
1473 1611
1474 1691
1476 1773
1478 1482
1479 1620
1479 1804
1479 1963
1483 1964
1485 1534
1486 1941
1487 1595
1488 1517
1490 1657
1491 1700
1495 1916
1498 1635
1499 1890
1501 1541
1501 1550
1504 1777
1507 1667
1508 1768
1509 1944
1513 1777
1518 1741
1523 1756
1525 2000
1526 1889
1528 1711
1531 1622
1533 1773
1534 1815
1535 1583
1535 1972
1536 1761
1538 1877
1540 1638
1540 1639
1540 1688
1542 1649
1544 1645
1547 1633
1549 1558
1549 1571
1554 1944
1554 1946
1556 1870
1556 1915
1561 1692
1561 1781
1569 1775
1571 1675
1572 1757
1574 1812
1574 1814
1574 1835
1577 1624
1578 1912
1580 1893
1582 1652
1583 1644
1583 1826
1583 1974
1593 1603
1593 1972
1596 1931
1597 1938
1598 1717
1599 1752
1600 1855
1600 1930
1605 1647
1610 1937
1611 1681
1611 1925
1612 1912
1613 1695
1616 1814
1616 1853
1618 1641
1618 1842
1621 1869
1623 1852
1639 1700
1639 1792
1642 1794
1646 1790
1651 1746
1652 1886
1654 1950
1655 1821
1663 1831
1663 1834
1665 1930
1669 1906
1671 1928
1671 1973
1672 1904
1674 1926
1675 1733
1680 1934
1688 1962
1691 1980
1692 1801
1692 1921
1694 1793
1698 1998
1700 1760
1704 1846
1709 1768
1718 1899
1721 1822
1722 1782
1724 1803
1727 1788
1727 1872
1732 1822
1732 1866
1733 1908
1739 1901
1742 1982
1746 1884
1747 1920
1749 1973
1751 1873
1756 1774
1758 1764
1758 1964
1758 1988
1760 1926
1762 1953
1764 1794
1765 1771
1768 1829
1768 1898
1774 1902
1778 1924
1784 1906
1788 1976
1789 1922
1791 1831
1794 1936
1796 1920
1804 1819
1808 1880
1810 1941
1815 1964
1821 1999
1822 1898
1823 1974
1824 1957
1826 1836
1831 1985
1833 1960
1838 1848
1838 1992
1839 1922
1841 1893
1841 1943
1845 1847
1850 1870
1854 1983
1860 1933
1863 1957
1864 1961
1869 1926
1870 1929
1872 1885
1888 1992
1892 1931
1901 1988
1904 1912
1917 1919
1917 2000
1961 1978
1967 1983
1969 1984
