2000 1644
1 1311
2 759
2 769
2 1975
3 897
3 1285
4 23
4 481
5 114
5 192
5 837
5 1511
6 39
6 110
6 1036
6 1977
7 403
7 806
9 489
9 1283
10 1199
11 741
11 1547
12 1030
13 486
15 379
15 648
16 294
16 564
16 1441
17 188
17 259
17 916
18 1908
19 98
19 1806
20 355
21 1103
21 1591
22 256
22 667
22 1991
24 752
25 170
25 1752
26 418
26 1467
27 1469
28 1867
29 626
30 332
31 1501
31 1565
33 551
35 420
36 486
36 1905
39 590
40 1811
42 390
42 461
43 48
43 1344
43 1435
44 266
44 731
44 1524
45 1788
46 576
47 1095
48 970
48 1526
49 813
49 961
51 1106
52 315
53 710
55 963
57 1092
60 634
60 1337
60 1446
61 121
61 1422
61 1691
62 1411
63 1352
63 1510
64 88
65 238
66 464
67 415
67 484
67 808
67 1481
68 996
68 1512
68 1974
69 220
69 843
69 1910
70 1391
70 1730
70 1833
73 472
73 1047
73 1392
74 437
74 978
75 709
75 1372
76 628
77 584
79 553
80 1144
80 1489
80 1548
81 683
82 526
82 626
83 285
85 362
86 440
86 1082
86 1605
87 1314
87 1751
88 537
89 1633
90 143
90 282
91 1736
94 1469
94 1871
94 1985
95 748
96 288
96 608
96 1410
97 1054
98 349
98 1370
99 509
100 987
100 1333
102 1575
102 1631
103 1700
104 437
104 691
105 454
109 906
109 1169
110 1437
111 1314
113 370
113 558
113 1039
113 1937
114 467
115 211
115 1279
115 1624
115 1663
116 241
117 209
117 1864
120 227
120 1656
121 1183
121 1454
122 1243
123 1332
125 499
125 752
126 1215
126 1989
127 224
129 438
130 1096
130 1664
130 1784
130 1929
131 449
131 668
131 1272
131 1634
131 1788
132 773
133 320
133 598
133 895
134 391
134 1262
135 1194
136 996
137 380
137 1663
138 598
138 757
139 1532
140 1987
141 1089
141 1486
142 282
142 623
144 1043
145 1411
145 1572
146 185
147 1016
148 1936
151 845
152 1755
153 1082
154 1139
154 1566
154 1572
155 492
155 877
155 1260
155 1990
156 1256
156 1556
157 905
157 1893
158 464
158 683
158 1693
159 786
159 915
159 1372
159 1889
160 1043
160 1617
160 1838
161 299
161 618
162 847
162 1913
163 792
164 1798
165 1024
165 1515
167 519
168 374
168 1868
170 662
170 1532
170 1576
170 1725
171 665
171 1881
173 1443
174 1190
174 1584
175 321
175 1831
176 1118
176 1370
177 321
177 687
177 957
178 342
178 794
178 1216
178 1854
179 1098
179 1289
180 852
180 1635
180 1681
181 204
181 908
182 319
182 1812
183 369
183 814
183 1136
183 1381
184 1320
185 645
185 1827
187 631
187 1772
188 1674
188 1808
189 1849
190 643
192 231
192 485
192 791
193 1933
194 405
195 337
195 1390
196 614
197 1056
198 295
198 789
198 1518
199 238
200 877
200 1071
200 1279
201 1082
201 1903
202 871
203 594
204 650
204 1577
206 331
206 1101
207 588
207 633
207 793
208 1569
210 740
211 763
212 1538
213 1885
214 537
214 1356
214 1811
215 1761
216 1410
216 1993
217 1067
217 1756
217 1928
219 302
219 1137
219 1788
220 1305
221 747
221 1047
221 1923
222 1085
222 1101
222 1481
222 1629
223 1913
224 795
224 922
225 963
225 1976
227 982
227 1120
228 1185
228 1192
229 428
230 1419
231 423
231 541
231 685
231 905
232 1848
233 1167
233 1189
233 1289
233 1831
233 1875
233 1984
236 345
237 1316
237 1505
241 719
241 876
244 424
247 1676
248 1269
249 990
250 708
251 388
251 950
254 1695
255 400
255 1015
256 468
256 1854
257 1651
258 1667
261 1127
261 1656
261 1688
262 834
263 300
263 1191
263 1711
264 864
264 1613
265 515
266 311
267 1508
268 561
268 693
268 1893
269 893
269 1746
270 557
271 717
271 1041
272 660
272 1074
272 1709
272 1773
273 1385
276 952
277 1092
279 342
279 861
279 1514
280 868
281 877
283 717
283 1549
283 1654
284 369
284 1759
285 1597
286 295
287 532
287 1462
287 1559
288 1703
289 771
289 837
289 940
289 1398
289 1733
289 1955
290 990
291 1955
292 301
292 888
294 650
294 798
294 1614
296 623
296 1868
297 743
297 1839
298 776
299 772
299 1234
299 1970
300 667
300 1783
302 909
302 1123
303 1376
303 1685
304 776
307 874
308 1014
309 905
309 1525
309 1669
310 692
312 1310
312 1509
312 1720
317 1601
318 1478
318 1816
318 1922
319 1243
319 1913
320 846
320 1427
321 1170
322 1462
323 743
323 1188
324 547
324 1842
326 733
327 968
328 1957
330 1530
331 1569
332 937
333 1010
333 1702
334 1759
335 1890
336 1074
336 1331
336 1589
337 654
338 1300
339 744
340 1615
342 1014
342 1232
343 1718
344 1290
345 1426
348 407
349 721
349 1153
350 930
350 1025
350 1733
351 1050
351 1537
351 1880
352 538
353 1926
354 1169
354 1772
355 525
357 447
357 466
357 656
358 530
358 1535
358 1989
359 1820
359 1915
362 538
363 1589
364 1347
366 377
366 654
366 703
366 964
366 1067
366 1180
366 1985
367 864
367 1373
367 1680
369 1033
371 383
371 518
371 1546
372 522
372 1555
374 940
374 1282
374 1505
374 1755
376 596
376 1069
376 1141
377 612
377 845
377 1074
378 1173
378 1607
379 746
380 1439
380 1441
381 933
381 1181
381 1593
382 1699
382 1848
383 1298
383 1991
384 660
384 1394
385 1784
386 561
386 633
386 971
386 1775
387 1627
388 1819
388 1920
389 1532
391 908
392 977
392 1641
393 1904
394 1978
395 847
396 533
396 1591
397 957
397 1108
397 1567
397 1631
397 1997
398 548
398 873
398 1784
401 1110
402 1517
403 1694
405 464
405 564
405 645
405 1321
406 972
407 1226
407 1278
409 710
411 1873
412 887
413 1365
413 1981
414 490
414 589
414 857
414 1126
416 1478
417 538
419 1234
420 569
420 776
421 830
421 991
421 1491
421 1871
421 1996
422 996
423 1029
424 519
424 1155
426 532
427 440
427 1538
432 530
432 984
433 1962
434 1207
434 1579
435 1372
436 1531
438 1602
438 1715
439 829
439 1271
439 1412
441 680
442 763
443 492
443 670
443 889
443 1123
445 776
446 1081
447 512
449 450
449 510
449 681
449 806
449 1773
450 1710
452 975
452 1361
452 1531
453 752
453 1871
454 1599
455 954
455 1195
455 1445
458 598
459 810
460 1425
461 1590
462 484
462 934
462 1303
462 1706
463 624
467 1976
468 1608
468 1647
470 1124
472 1346
474 1469
474 1624
475 920
477 1160
477 1708
477 1748
478 621
478 637
478 950
480 887
480 1797
481 1814
482 1617
483 1236
484 764
484 1294
484 1907
484 1979
485 1918
487 1947
488 763
488 1917
490 707
490 1177
490 1419
490 1477
490 1624
490 1794
490 1922
491 675
491 1136
491 1168
491 1190
492 1271
492 1845
497 1678
498 1104
502 1588
503 1282
505 649
505 1747
506 810
509 1131
509 1500
510 539
510 945
511 1122
511 1223
512 624
512 1382
512 1610
512 1969
514 538
515 1069
515 1235
515 1544
515 1937
516 1216
517 1527
517 1672
518 1079
518 1980
519 1378
520 1061
520 1751
521 1799
523 1561
524 686
524 719
524 972
525 680
526 1226
526 1287
529 1666
530 1277
530 1599
533 553
536 1122
538 814
539 1407
539 1949
540 693
540 1834
543 863
546 1698
546 1751
546 1862
547 783
548 836
548 1139
548 1209
548 1811
550 573
550 1641
551 1104
553 640
555 1996
556 1960
558 1816
559 1980
560 1880
561 734
561 1503
562 700
563 1941
564 608
564 1088
564 1186
566 914
566 1808
569 766
569 1215
569 1331
569 1888
571 706
571 1090
571 1986
572 1032
574 1538
575 1808
576 646
579 1583
580 787
583 777
584 1019
585 738
585 1437
585 1576
589 1852
590 1798
591 1860
591 1967
592 1568
596 983
597 615
597 1402
598 676
598 1781
599 669
599 1301
602 1699
602 1860
603 610
603 984
603 1603
604 792
605 1853
606 1379
608 1385
609 1137
609 1835
610 793
611 743
611 1848
612 745
612 1945
615 906
615 1689
616 1315
617 812
617 962
617 1324
619 1315
619 1424
619 1969
620 860
620 1111
620 1230
620 1509
621 1054
621 1277
623 962
625 761
625 907
626 1772
626 1782
626 1791
627 1617
627 1814
628 871
628 1232
628 1502
629 957
629 1234
630 1649
633 1135
633 1970
635 866
635 1181
635 1931
636 1990
637 877
637 893
639 1727
640 1525
640 1706
641 1299
641 1548
643 1286
643 1824
644 1311
645 1584
645 1789
648 1349
649 1037
650 1051
652 797
653 664
653 821
654 1584
654 1885
656 712
656 816
656 1064
656 1670
657 900
658 1524
659 1335
659 1541
660 914
660 1673
661 1134
662 1681
663 989
663 1452
666 1257
666 1485
666 1769
668 851
669 677
669 789
670 1205
670 1448
671 1006
671 1590
672 1020
673 1253
674 1024
674 1450
675 841
677 1523
680 1394
681 767
681 1695
682 718
682 1161
682 1874
683 1306
684 1378
684 1805
685 1514
685 1836
687 1085
687 1771
688 1911
689 1934
693 1869
694 1404
695 1026
696 756
697 1527
698 1009
699 900
701 1957
703 1856
704 1390
704 1807
705 709
705 1440
707 1477
707 1620
710 1276
710 1741
711 1549
712 821
712 1570
713 990
713 1091
713 1203
713 1667
713 1985
714 1756
715 1067
716 1599
717 1852
718 1089
718 1187
718 1656
719 751
719 1113
719 1756
719 1897
721 1155
721 1492
724 1616
725 1674
725 1939
727 1217
727 1878
728 1279
728 1473
728 1779
729 936
729 1451
729 1800
733 1737
734 1775
738 887
738 1723
744 877
745 1136
746 818
746 1186
746 1940
748 1070
748 1898
750 1237
750 1599
752 1058
752 1440
753 1748
754 1354
754 1959
756 1108
756 1641
756 1905
757 1670
758 1141
760 801
760 1744
764 1693
767 1399
769 1123
769 1451
770 1134
770 1199
770 1728
773 806
777 1490
778 1178
778 1547
779 1164
779 1283
781 1894
782 1995
783 1790
784 787
784 1103
786 1444
786 1918
787 1255
787 1436
789 1031
789 1448
789 1636
790 1066
790 1187
791 827
791 1338
791 1821
793 810
793 1197
795 991
795 1021
796 1293
796 1300
797 1273
797 1705
799 1279
799 1442
801 854
801 1487
805 1570
806 1535
807 1375
807 1591
808 903
808 1124
808 1783
810 1242
810 1655
811 1774
812 921
812 1277
815 848
815 1015
815 1248
816 1510
816 1570
821 1233
822 938
822 1248
823 948
823 1312
823 1461
824 1452
824 1649
825 1038
825 1359
825 1754
825 1900
826 993
826 1675
827 1233
828 1345
829 919
830 1721
831 1291
832 1288
832 1784
835 1840
836 844
838 1530
838 1582
838 1606
839 1235
839 1932
842 1478
844 1910
848 1725
850 1714
850 1716
852 992
852 1711
854 1313
854 1573
855 1165
856 1453
858 1582
858 1610
858 1992
860 1849
860 1976
862 954
862 1115
862 1887
865 1071
865 1449
866 1599
866 1648
866 1904
867 1353
868 1083
868 1435
869 1116
869 1367
870 983
870 1163
870 1524
870 1545
872 994
876 1159
877 1619
879 917
879 1157
880 1814
881 1171
881 1298
882 1617
883 1656
884 1631
884 1966
885 1043
886 942
886 1642
888 1691
890 971
891 1262
892 1517
892 1676
893 1327
893 1467
899 1109
899 1155
901 1268
904 964
904 1393
906 960
906 1809
909 1992
911 1304
915 1291
917 1234
920 984
921 1166
921 1343
922 1519
926 986
926 1259
927 994
927 1167
927 1446
929 1121
929 1220
929 1405
931 1115
931 1290
931 1680
931 1915
932 1583
932 1959
933 972
933 1565
934 1041
935 1316
936 1149
936 1531
936 1638
937 1428
938 1406
939 1001
939 1517
940 1834
941 1089
942 1423
942 1882
945 1339
946 1158
946 1362
946 1558
948 1640
948 1797
949 1912
950 1563
952 1023
952 1283
952 1788
953 1257
953 1807
954 1278
954 1811
954 1908
955 1735
956 989
957 1784
960 1963
961 1610
966 1614
968 1378
968 1712
969 1398
972 1165
973 1377
973 1483
974 1518
975 1035
975 1558
976 1525
977 1576
977 1969
978 1059
979 1030
979 1236
979 1828
979 1892
980 1192
980 1579
981 1013
981 1806
981 1974
983 1781
984 1024
984 1336
984 1454
985 1622
988 1383
989 1208
989 1213
990 1734
997 1581
998 1379
1001 1195
1001 1863
1002 1993
1003 1451
1003 1819
1004 1754
1005 1868
1007 1106
1009 1338
1010 1447
1011 1190
1011 1228
1015 1178
1017 1765
1017 1821
1021 1335
1024 1828
1025 1181
1025 1473
1025 1844
1026 1041
1026 1384
1028 1679
1029 1249
1030 1183
1030 1369
1030 1468
1033 1509
1033 1596
1034 1051
1035 1739
1036 1577
1037 1224
1039 1438
1042 1720
1043 1745
1045 1654
1048 1666
1049 1662
1051 1055
1052 1200
1052 1228
1052 1594
1053 1353
1054 1057
1059 1226
1059 1422
1062 1909
1062 1977
1063 1085
1063 1788
1066 1184
1066 1447
1066 1950
1066 1951
1068 1142
1068 1808
1068 1903
1069 1759
1070 1620
1072 1371
1075 1548
1075 1684
1077 1439
1078 1951
1079 1237
1079 1798
1079 1820
1080 1102
1083 1326
1084 1969
1085 1206
1085 1796
1086 1260
1087 1138
1087 1308
1090 1381
1090 1994
1092 1795
1095 1547
1096 1336
1097 1427
1101 1154
1102 1299
1103 1118
1109 1619
1112 1626
1115 1331
1116 1360
1119 1547
1120 1136
1121 1710
1124 1605
1127 1989
1128 1362
1128 1607
1129 1498
1129 1948
1130 1353
1133 1245
1136 1746
1138 1805
1138 1842
1140 1376
1143 1686
1144 1701
1145 1276
1145 1545
1147 1565
1147 1898
1148 1427
1149 1694
1150 1647
1152 1984
1153 1436
1154 1310
1154 1862
1156 1714
1156 1984
1157 1209
1157 1446
1157 1714
1158 1646
1162 1367
1167 1648
1168 1428
1169 1576
1169 1999
1170 1833
1171 1531
1173 1491
1174 1637
1175 1777
1177 1184
1179 1180
1179 1847
1181 1496
1181 1617
1182 1402
1183 1772
1187 1526
1188 1419
1188 1575
1189 1948
1190 1469
1190 1829
1191 1218
1191 1381
1192 1877
1193 1822
1195 1429
1197 1678
1197 1704
1197 1803
1201 1587
1202 1378
1203 1764
1204 1983
1208 1423
1208 1946
1210 1336
1211 1767
1212 1397
1212 1967
1218 1607
1218 1653
1222 1763
1223 1880
1224 1874
1225 1970
1228 1445
1228 1816
1230 1869
1232 1433
1233 1363
1237 1296
1242 1644
1246 1302
1246 1904
1248 1818
1250 1266
1250 1694
1251 1298
1253 1299
1253 1581
1259 1792
1260 1523
1263 1719
1267 1945
1268 1581
1268 1650
1269 1606
1269 1635
1271 1326
1273 1362
1274 1312
1278 1359
1278 1498
1278 1720
1278 1958
1279 1814
1279 1870
1284 1398
1287 1710
1289 1978
1290 1379
1290 1511
1296 1857
1299 1999
1300 1612
1301 1364
1301 1785
1305 1850
1307 1919
1308 1406
1311 1930
1312 1369
1315 1541
1317 1427
1319 1860
1320 1639
1320 1953
1321 1615
1321 1656
1322 1448
1324 1391
1325 1497
1325 1638
1327 1587
1330 1746
1331 1835
1332 1914
1334 1857
1337 1583
1339 1572
1339 1724
1339 1777
1341 1807
1344 1524
1344 1710
1346 1839
1349 1395
1350 1441
1350 1619
1351 1672
1351 1784
1352 1677
1354 1595
1354 1950
1362 1444
1363 1823
1366 1997
1370 1386
1372 1604
1375 1601
1375 1936
1377 1633
1379 1927
1380 1614
1382 1997
1385 1996
1387 1907
1388 1441
1388 1983
1389 1887
1390 1901
1392 1661
1400 1412
1404 1723
1407 1501
1407 1590
1414 1712
1416 1560
1416 1995
1417 1600
1419 1677
1420 1494
1424 1935
1427 1795
1428 1999
1430 1931
1431 1548
1432 1813
1434 1436
1434 1531
1436 1709
1438 1911
1442 1831
1448 1554
1448 1614
1451 1916
1460 1704
1460 1721
1461 1769
1462 1845
1462 1910
1465 1501
1468 1581
1471 1985
1472 1575
1472 1607
1473 1597
1479 1940
1481 1549
1487 1863
1492 1927
1493 1560
1496 1550
1500 1670
1502 1812
1507 1856
1514 1952
1516 1960
1518 1778
1520 1570
1527 1647
1528 1931
1533 1915
1541 1904
1546 1834
1547 1578
1552 1892
1555 1945
1561 1944
1564 1769
1565 1888
1568 1920
1571 1690
1571 1915
1572 1671
1572 1679
1573 1612
1580 1763
1580 1820
1582 1629
1585 1618
1587 1830
1588 1815
1589 1654
1593 1602
1596 1657
1598 1985
1602 1621
1603 1879
1605 1723
1607 1674
1610 1986
1611 1681
1615 1622
1615 1665
1616 1662
1619 1754
1623 1811
1633 1816
1634 1831
1635 1935
1639 1989
1644 1817
1645 1669
1646 1946
1647 1928
1648 1893
1651 1753
1654 1879
1658 1809
1659 1725
1665 1911
1667 1727
1670 1977
1671 1822
1681 1996
1682 1753
1691 1897
1707 1758
1712 1798
1714 1957
1726 1962
1730 1995
1732 1938
1735 1737
1743 1993
1752 1863
1754 1763
1754 1767
1759 1819
1770 1904
1778 1987
1796 1957
1818 1840
1824 1947
1826 1855
1826 1901
1827 1913
1829 1858
1840 1910
1840 1992
1897 1920
1924 1971
1944 1974
