2000 6186
1 391
1 928
2 391
2 928
3 391
3 928
4 391
4 928
4 797
4 182
4 99
4 1984
4 1729
4 247
4 1218
4 1108
4 1272
4 287
4 1760
4 1669
4 1565
4 1407
4 1159
4 533
4 1979
4 628
4 298
5 391
5 928
6 391
6 928
7 391
8 391
8 928
8 797
9 391
9 928
9 797
10 391
10 928
10 797
10 182
10 99
10 1984
10 1729
10 247
10 1218
10 1108
10 1272
10 287
10 1760
10 926
10 1565
10 1225
10 754
10 346
10 402
10 1668
10 180
10 1901
10 1545
10 1696
11 391
14 391
15 391
15 928
15 797
16 391
16 928
16 797
16 99
17 391
17 928
18 391
18 928
19 391
19 928
20 391
20 928
20 797
20 182
21 391
22 391
22 928
22 797
22 182
22 99
22 1984
22 1729
22 247
22 1218
22 1272
22 287
22 1760
22 1159
23 391
23 928
23 797
23 99
24 391
24 928
24 797
25 391
25 928
26 391
26 928
26 797
27 391
27 928
28 391
28 928
29 391
29 928
29 797
29 182
29 99
29 1984
29 1729
29 247
29 1218
29 1108
29 1050
29 287
29 1760
29 926
29 1669
29 1407
29 649
29 1704
29 1814
29 734
29 1484
29 550
29 1041
30 391
30 928
31 391
31 928
32 391
33 391
33 928
34 391
34 928
35 391
35 928
36 391
36 928
36 797
36 182
36 99
36 1984
36 1729
36 247
36 1218
36 1108
36 1272
36 1760
36 926
36 1669
36 1565
36 1407
36 1668
36 1759
37 391
37 928
38 391
39 391
39 928
39 797
40 391
40 928
41 391
41 928
41 797
41 1272
41 112
42 391
42 928
43 391
43 928
44 391
44 928
45 391
45 928
46 391
47 391
47 928
47 797
47 287
47 1694
48 391
48 928
48 797
48 182
48 1984
48 1729
48 1312
49 928
50 391
50 928
51 391
51 928
51 797
52 391
52 928
53 391
55 391
55 928
55 797
55 182
55 99
55 1050
55 1225
55 196
55 869
56 391
56 928
57 391
57 928
58 391
58 928
58 797
58 182
59 391
59 928
60 928
61 391
61 928
61 797
62 391
62 928
62 797
63 391
63 928
63 797
64 391
64 928
65 391
65 928
65 797
66 391
66 928
66 797
67 391
67 928
68 391
68 928
69 391
69 928
70 391
70 928
70 797
70 1984
70 287
70 1636
70 700
71 391
71 928
72 391
72 928
73 391
73 928
74 391
74 928
74 797
74 182
75 391
75 928
75 797
76 391
76 928
76 797
77 391
77 928
78 391
78 928
79 391
79 928
80 391
80 928
80 797
81 391
81 928
81 797
81 182
81 237
82 391
82 928
83 391
83 928
83 899
84 391
84 928
84 797
85 391
85 928
85 797
86 391
86 928
87 391
87 928
87 797
88 391
88 928
89 391
89 928
90 928
91 391
91 928
91 797
92 391
92 928
92 797
93 391
93 928
94 391
95 391
95 928
96 391
96 928
97 391
97 928
98 391
98 928
99 391
99 928
99 797
99 182
99 1984
99 1729
99 247
99 1218
99 1108
99 1272
99 1050
99 287
99 1760
99 926
99 1669
99 1565
99 1407
99 1225
99 1159
99 443
99 413
99 754
99 533
99 1979
99 346
99 649
99 1731
99 1704
99 213
99 196
99 1014
99 402
99 1694
99 1668
99 180
99 1814
99 1661
99 1362
99 1262
99 347
99 1846
99 869
99 1548
99 1759
99 245
99 899
99 780
99 1804
99 1137
99 237
99 794
99 981
99 367
99 401
99 1597
99 1221
99 734
99 1189
99 1901
99 1376
99 559
99 351
99 1559
99 1312
99 1380
99 597
99 628
99 1543
99 1483
99 1423
99 425
99 1630
99 1870
99 1338
99 1400
99 964
99 1914
99 669
99 1711
99 812
99 532
99 142
99 480
99 1214
99 1391
99 451
99 1844
99 1522
99 1484
99 509
99 143
99 1425
99 1296
99 468
99 1657
99 1270
99 1304
99 1089
99 1749
99 997
99 1696
99 1654
99 234
99 1062
99 1115
99 1421
99 1165
99 1995
99 1512
99 553
99 591
99 261
99 1035
99 1806
99 1907
99 1712
99 518
99 304
99 441
99 1186
99 112
99 1553
99 814
99 1156
99 1841
99 934
99 828
99 397
99 104
99 220
99 1471
99 1053
99 1107
100 391
100 928
100 797
101 391
101 928
101 797
103 391
103 928
104 391
104 928
104 797
105 928
106 391
106 928
107 391
107 928
108 391
108 928
109 391
109 928
110 928
111 391
111 928
112 391
112 928
112 797
113 391
114 391
114 928
114 797
115 391
115 928
116 391
116 928
116 182
117 391
117 928
117 797
117 1729
118 391
118 928
119 391
119 928
120 391
120 928
121 391
121 928
122 391
122 928
122 797
123 391
123 928
124 391
124 928
124 797
125 391
125 928
126 391
126 928
127 391
127 928
127 797
129 391
129 928
129 797
129 926
130 391
130 928
130 797
131 391
131 928
132 391
132 928
132 797
132 1272
133 391
133 928
133 797
134 391
134 928
135 391
136 391
136 928
136 797
137 391
137 928
138 391
138 928
139 391
139 928
139 797
140 391
140 928
140 797
141 391
141 928
141 797
142 391
142 928
142 797
142 182
142 1984
142 1272
142 1760
143 391
143 928
143 797
143 182
143 1984
143 247
143 1218
143 314
145 391
145 928
145 797
146 391
146 928
147 391
147 928
148 391
149 391
149 928
150 391
150 928
150 797
151 391
151 928
152 391
152 928
152 797
153 391
153 928
154 391
154 928
154 797
155 391
155 928
156 391
156 928
156 797
157 391
157 928
157 797
157 1407
157 1225
158 391
158 928
159 391
160 391
160 928
161 391
161 928
162 391
162 928
162 1050
163 391
163 928
164 391
164 928
165 391
165 928
166 391
166 928
167 391
167 928
168 391
168 928
169 391
169 797
170 391
170 928
170 797
171 391
171 928
172 391
172 928
173 391
173 928
174 391
174 928
175 391
175 928
175 1050
176 928
177 391
177 928
177 797
177 1984
177 247
178 797
179 391
179 928
180 391
180 928
180 797
180 182
180 1984
180 1729
180 247
180 1218
180 1108
180 1272
180 1050
180 287
180 1760
180 926
180 1669
180 1565
180 1159
180 443
180 413
180 213
180 1661
180 1362
180 869
180 1312
180 1099
180 813
180 1118
181 391
181 928
182 391
182 928
182 797
182 1984
182 1729
182 247
182 1218
182 1108
182 1272
182 1050
182 287
182 1760
182 926
182 1669
182 1565
182 1407
182 1225
182 1159
182 443
182 413
182 754
182 533
182 1979
182 346
182 649
182 1731
182 1704
182 213
182 196
182 1014
182 402
182 1694
182 1668
182 1814
182 1661
182 1362
182 1262
182 347
182 1846
182 869
182 1548
182 1759
182 245
182 899
182 780
182 1804
182 1137
182 237
182 794
182 981
182 367
182 401
182 1597
182 1221
182 734
182 1189
182 1901
182 1376
182 559
182 351
182 1559
182 1312
182 1380
182 597
182 628
182 1543
182 1483
182 1423
182 425
182 1630
182 1870
182 1338
182 535
182 1400
182 631
182 964
182 1914
182 669
182 1505
182 1711
182 1923
182 1393
182 812
182 1903
182 532
182 480
182 520
182 1214
182 1391
182 451
182 1844
182 1522
182 925
182 1495
182 1484
182 509
182 659
182 1099
182 740
182 471
182 1425
182 992
182 454
182 1493
182 1511
182 314
182 1296
182 468
182 1774
182 1787
182 1270
182 1239
182 1193
182 1899
182 1304
182 1501
182 724
182 1545
182 526
182 1076
182 427
182 188
182 688
182 1950
182 952
182 997
182 1811
182 937
182 1696
182 1502
182 1785
182 256
182 1949
182 1115
182 379
182 1421
182 647
182 722
182 1165
182 592
182 865
182 261
182 1035
182 207
182 1500
182 1560
182 690
182 301
182 653
182 1494
182 765
182 1337
182 1555
182 1132
182 1681
182 1623
182 991
182 1358
182 408
182 1652
182 497
182 779
182 1587
182 843
182 1435
182 1883
182 1626
182 1397
182 1040
182 593
182 577
182 1778
182 1051
182 1241
182 1210
182 1821
182 1561
182 1305
182 1499
182 1513
182 1674
182 1732
182 1146
182 1641
182 240
182 1660
182 1094
182 983
182 190
182 482
182 1627
182 1208
182 1147
182 1677
182 771
182 1122
182 1527
182 1613
182 1011
182 1450
182 1584
182 1836
182 1780
182 1173
182 662
182 831
183 391
183 928
184 928
185 391
186 928
187 391
187 928
187 797
188 391
188 928
188 797
188 1984
188 1669
188 1407
189 391
189 928
190 391
190 928
191 391
191 928
191 797
192 391
192 928
193 391
193 928
194 391
194 928
194 797
195 391
195 928
196 391
196 928
196 797
196 1984
196 1729
196 247
196 1218
196 1108
196 1272
196 1050
196 287
196 1760
196 926
196 1669
196 1565
196 1407
196 1225
196 1159
196 443
196 413
196 533
196 1979
196 346
196 1704
196 213
196 1014
196 1668
196 1814
196 401
196 1221
196 734
196 1811
196 1339
196 829
197 391
198 391
199 391
199 928
200 391
200 928
201 391
201 928
202 391
202 928
203 391
203 928
204 391
204 928
204 797
205 391
205 928
206 391
206 928
206 797
206 1984
207 391
207 928
207 797
207 1218
207 1669
208 391
208 928
208 797
209 391
209 928
209 797
210 391
210 928
212 391
212 928
212 797
212 1669
213 391
213 928
213 797
213 1984
213 1729
213 247
213 1218
213 1108
213 1272
213 1050
213 287
213 1760
213 926
213 1669
213 1565
213 1407
213 1225
213 413
213 754
213 533
213 649
213 1731
213 1014
213 1668
213 1262
213 1548
213 1804
213 1901
213 535
213 1903
214 391
214 928
214 797
215 928
216 391
216 928
216 797
216 1362
217 391
217 928
218 391
218 928
218 797
219 391
219 928
220 391
220 928
220 754
221 391
221 928
222 391
222 928
222 797
223 391
223 928
224 391
224 928
225 391
225 928
227 391
228 391
228 928
229 391
229 928
230 391
230 928
230 797
230 1984
230 443
231 391
231 928
232 391
232 928
232 443
233 391
233 928
234 391
234 928
234 797
235 391
235 928
236 391
236 928
236 797
237 391
237 928
237 797
237 1984
237 1729
237 247
237 1218
237 1108
237 1272
237 1050
237 287
237 1760
237 926
237 1669
237 1565
237 1407
237 1159
237 443
237 754
237 1846
237 1543
237 314
237 724
238 391
238 928
239 391
239 928
239 797
240 391
240 928
241 391
241 928
242 391
242 928
243 928
244 391
245 391
245 928
245 797
245 1984
245 1729
245 247
245 1218
245 1108
245 1272
245 1050
245 287
245 1760
245 926
245 1669
245 1565
245 1407
245 1159
245 413
245 1731
245 794
245 1901
245 1505
246 391
246 928
247 391
247 928
247 797
247 1984
247 1729
247 1218
247 1108
247 1272
247 1050
247 287
247 1760
247 926
247 1669
247 1565
247 1407
247 1225
247 1159
247 443
247 413
247 754
247 533
247 1979
247 346
247 649
247 1731
247 1704
247 1014
247 402
247 1694
247 1668
247 1814
247 1661
247 1362
247 1262
247 347
247 1846
247 869
247 1548
247 1759
247 899
247 780
247 1804
247 1137
247 794
247 981
247 367
247 401
247 1597
247 1221
247 1189
247 1901
247 1376
247 559
247 351
247 1559
247 1312
247 1543
247 1423
247 1338
247 1400
247 631
247 1914
247 1505
247 1393
247 812
247 480
247 520
247 1391
247 1844
247 1522
247 925
247 1099
247 740
247 1493
247 314
247 1774
247 1501
247 1545
247 526
247 997
247 937
247 1581
247 550
247 256
247 637
247 1115
247 466
247 704
247 1712
247 301
247 1444
247 1670
247 1377
247 692
247 1822
248 391
248 928
249 391
250 391
250 928
250 797
250 367
251 391
251 928
252 391
253 391
253 928
254 391
254 928
255 391
255 928
256 391
256 928
256 797
256 1218
256 1668
257 391
257 928
257 413
258 391
258 928
259 391
259 928
259 797
260 391
260 928
261 391
261 928
261 797
262 391
262 928
263 391
263 928
264 391
264 928
265 391
265 928
266 928
266 797
267 391
267 928
268 391
268 928
269 391
269 928
270 391
270 928
271 391
271 928
272 391
273 391
273 928
275 391
275 928
276 391
276 928
276 797
277 928
278 391
278 928
278 797
279 391
279 928
280 391
280 928
281 391
281 928
281 1984
282 391
282 928
282 797
282 1218
282 367
283 391
283 928
284 391
284 928
284 797
285 391
285 928
286 391
286 928
287 391
287 928
287 797
287 1984
287 1729
287 1218
287 1108
287 1272
287 1050
287 1760
287 926
287 1669
287 1565
287 1407
287 1225
287 1159
287 443
287 413
287 754
287 533
287 1979
287 346
287 649
287 1731
287 1704
287 1014
287 402
287 1694
287 1668
287 1814
287 1661
287 1362
287 1262
287 347
287 1846
287 869
287 1548
287 1759
287 899
287 780
287 1804
287 1137
287 794
287 981
287 401
287 1597
287 1221
287 734
287 1189
287 1376
287 559
287 351
287 1559
287 1312
287 1380
287 1543
287 1423
287 1338
287 631
287 669
287 1711
287 1923
287 480
287 451
287 1484
287 1304
287 317
287 1089
287 1562
287 792
287 1512
287 1132
287 1882
287 1805
287 435
287 1862
287 1187
287 1306
288 391
288 928
289 391
289 928
291 391
291 928
291 797
292 391
292 928
292 797
292 1984
293 391
293 928
293 797
294 391
294 928
294 797
295 391
295 928
296 391
296 797
297 391
297 928
297 797
298 391
298 928
298 797
299 391
299 928
300 391
300 928
301 391
301 928
301 797
301 559
302 391
302 928
303 391
303 928
304 391
304 928
304 797
305 391
305 928
306 391
306 928
307 391
307 928
308 391
308 928
309 391
309 928
310 391
310 928
310 797
311 391
311 928
312 391
312 928
313 391
313 928
313 797
313 899
313 780
314 391
314 928
314 797
314 1225
314 413
315 391
315 928
316 391
316 928
317 391
317 928
317 797
317 1108
317 926
318 391
318 928
318 1225
319 391
319 928
320 391
320 928
321 391
321 928
322 391
322 928
322 797
323 391
323 928
323 797
324 391
324 928
324 797
325 928
326 928
327 391
327 928
328 391
328 928
329 391
331 391
332 391
332 928
332 797
333 391
333 928
334 391
334 928
335 391
335 928
336 928
337 391
337 928
338 928
339 391
339 928
341 391
342 391
342 928
342 797
342 1729
342 1050
342 1262
343 391
343 928
343 797
343 1218
343 1407
344 391
344 928
344 797
345 391
345 928
345 797
346 391
346 928
346 797
346 1984
346 1729
346 1218
346 1108
346 1272
346 1050
346 1760
346 926
346 1669
346 1565
346 1407
346 1225
346 1159
346 443
346 413
346 754
346 533
346 1979
346 1731
346 1704
346 1694
346 1362
346 347
346 1846
346 401
346 559
346 1630
346 1711
346 1923
346 1903
347 391
347 928
347 797
347 1984
347 1729
347 1218
347 1108
347 1272
347 1050
347 1760
347 926
347 1669
347 1565
347 1225
347 1159
347 1979
347 649
347 1704
347 402
347 1846
347 899
347 1804
347 794
347 401
347 1559
347 1923
347 752
348 391
349 391
349 928
350 391
350 797
351 391
351 928
351 797
351 1984
351 1729
351 1108
351 1050
351 1760
351 1669
351 1159
351 1979
351 1801
352 391
352 928
353 391
353 928
354 391
354 928
355 391
357 391
357 928
357 797
358 391
358 928
359 391
359 928
360 928
361 391
363 391
363 928
364 391
364 928
365 391
365 928
366 391
367 391
367 928
367 797
367 1984
367 1729
367 1218
367 1108
367 1272
367 1050
367 926
367 1565
367 1407
367 533
367 1979
367 1704
367 1262
367 1759
367 535
367 1421
368 391
368 928
369 391
369 928
370 391
370 928
371 391
371 928
371 797
371 1729
371 1565
371 533
372 391
372 928
373 391
373 928
374 391
374 928
374 797
375 391
375 928
376 391
376 928
376 797
377 391
377 928
378 928
379 391
379 928
379 797
380 391
380 928
380 797
381 928
382 391
383 391
383 928
384 391
384 928
384 797
385 391
385 928
386 391
386 928
386 797
386 1218
387 391
387 928
388 928
389 391
389 928
390 391
390 928
391 928
391 797
391 1984
391 1729
391 1218
391 1108
391 1272
391 1050
391 1760
391 926
391 1669
391 1565
391 1407
391 1225
391 1159
391 443
391 413
391 754
391 533
391 1979
391 649
391 1731
391 1704
391 1014
391 402
391 1694
391 1668
391 1814
391 1661
391 1362
391 1262
391 1846
391 869
391 1548
391 1759
391 899
391 780
391 1804
391 1137
391 794
391 981
391 401
391 1597
391 1221
391 734
391 1189
391 1901
391 1376
391 559
391 1559
391 1312
391 1380
391 597
391 628
391 1543
391 1483
391 1423
391 425
391 1630
391 1870
391 1338
391 535
391 1400
391 631
391 964
391 1914
391 669
391 1505
391 1711
391 1923
391 1393
391 812
391 1903
391 532
391 480
391 520
391 1214
391 1391
391 451
391 1844
391 1522
391 925
391 1495
391 1484
391 509
391 659
391 1099
391 740
391 471
391 1425
391 992
391 454
391 1493
391 1511
391 1296
391 468
391 1774
391 1657
391 1787
391 1270
391 1239
391 1193
391 1899
391 1304
391 1501
391 724
391 1089
391 1545
391 1464
391 526
391 1076
391 427
391 1749
391 688
391 1636
391 1950
391 952
391 678
391 997
391 1811
391 937
391 1562
391 1456
391 1696
391 1502
391 1654
391 1581
391 1698
391 1785
391 1455
391 836
391 872
391 550
391 434
391 1815
391 637
391 1062
391 1949
391 1115
391 792
391 1421
391 647
391 722
391 1693
391 1165
391 813
391 1995
391 523
391 466
391 1313
391 592
391 478
391 1512
391 725
391 553
391 591
391 1643
391 912
391 865
391 1764
391 1339
391 634
391 452
391 1035
391 1859
391 1500
391 493
391 1806
391 1560
391 1907
391 1447
391 804
391 690
391 704
391 809
391 1939
391 1712
391 907
391 1213
391 748
391 595
391 653
391 1494
391 1111
391 765
391 1337
391 1555
391 1444
391 1132
391 1670
391 1528
391 1551
391 518
391 1588
391 429
391 1681
391 1445
391 1534
391 1102
391 1308
391 1623
391 1673
391 1607
391 991
391 922
391 543
391 1358
391 703
391 1878
391 1309
391 500
391 696
391 898
391 1577
391 545
391 752
391 1128
391 1476
391 1737
391 456
391 604
391 1434
391 1987
391 408
391 821
391 1945
391 1970
391 1479
391 1772
391 1652
391 1012
391 497
391 1140
391 1618
391 779
391 1110
391 1863
391 1587
391 1066
391 441
391 1086
391 1873
391 843
391 636
391 479
391 1186
391 1725
391 1435
391 639
391 802
391 1953
391 1646
391 1611
391 830
391 1387
391 638
391 1830
391 1472
391 1882
391 1883
391 858
391 1553
391 1922
391 1172
391 1626
391 1926
391 1397
391 1633
391 1041
391 1284
391 1758
391 1801
391 1377
391 640
391 795
391 1245
391 2000
391 1005
391 1890
391 1700
391 1887
391 1040
391 1602
391 593
391 1498
391 814
391 829
391 975
391 577
391 697
391 1778
391 1181
391 476
391 701
391 851
391 759
391 875
391 757
391 1151
391 885
391 1067
391 750
391 1105
391 1786
391 1805
391 1158
391 904
391 1656
391 414
391 1608
391 1316
391 1569
391 1032
391 1341
391 1051
391 1491
391 895
391 1908
391 613
391 848
391 1567
391 747
391 905
391 956
391 676
391 1241
391 1919
391 1615
391 871
391 1485
391 1631
391 949
391 1156
391 811
391 393
391 547
391 1210
391 1931
391 1525
391 764
391 1821
391 999
391 1001
391 1576
391 1820
391 839
391 1157
391 982
391 1924
391 575
391 1008
391 1940
391 1561
391 1408
391 719
391 1305
391 587
391 1993
391 1841
391 689
391 1195
391 1546
391 1710
391 721
391 645
391 1842
391 618
391 1499
391 1075
391 822
391 1451
391 1990
391 864
391 773
391 1249
391 806
391 1690
391 484
391 1129
391 1513
391 1852
391 1281
391 755
391 751
391 1503
391 1735
391 1273
391 1674
391 498
391 1732
391 1734
391 1405
391 739
391 934
391 1997
391 1183
391 1678
391 957
391 435
391 1891
391 985
391 1477
391 969
391 716
391 1294
391 1384
391 1146
391 1203
391 1388
391 1488
391 1944
391 1324
391 1003
391 483
391 1596
391 1531
391 881
391 1431
391 1060
391 399
391 941
391 1629
391 1554
391 1862
391 1452
391 1392
391 1334
391 1689
391 1590
391 567
391 1925
391 700
391 1175
391 1544
391 1893
391 1744
391 1071
391 1718
391 1867
391 1280
391 686
391 1796
391 1416
391 1916
391 1034
391 1699
391 1782
391 1641
391 1980
391 1829
391 1307
391 528
391 406
391 1375
391 1508
391 1088
391 395
391 742
391 1167
391 1166
391 1048
391 540
391 1448
391 1650
391 790
391 1660
391 828
391 1052
391 586
391 974
391 1808
391 857
391 1915
391 714
391 1875
391 710
391 1753
391 1746
391 903
391 524
391 1490
391 607
391 1002
391 908
391 436
391 1118
391 1895
391 1094
391 1917
391 983
391 1616
391 569
391 931
391 394
391 1365
391 1063
391 1079
391 505
391 600
391 1293
391 654
391 445
391 1933
391 986
391 816
391 1119
391 511
391 1575
391 1386
391 1648
391 616
391 1359
391 1624
391 1743
391 943
391 554
391 1149
391 1723
391 664
391 1468
391 506
391 397
391 617
391 972
391 1422
391 888
391 1342
391 1013
391 1150
391 1333
391 1404
391 1330
391 959
391 1288
391 715
391 1897
391 1568
391 1540
391 1604
391 939
391 666
391 1228
391 1492
391 919
391 1125
391 1482
391 1260
391 1727
391 1855
391 1911
391 1639
391 815
391 684
391 482
391 1320
391 546
391 516
391 1898
391 398
391 1017
391 1058
391 1627
391 1913
391 503
391 798
391 692
391 1736
391 1642
391 1959
391 699
391 1263
391 1996
391 687
391 1994
391 1372
391 421
391 775
391 736
391 1295
391 1580
391 1817
391 1352
391 793
391 731
391 1208
391 1487
391 906
391 1918
391 1224
391 1943
391 1283
391 594
391 1161
391 728
391 450
391 1779
391 1253
391 1335
391 743
391 439
391 1610
391 570
391 870
391 756
391 1411
391 1722
391 1757
391 424
391 1986
391 1168
391 522
391 1385
391 508
391 1096
391 693
391 1187
391 433
391 1542
391 766
391 1529
391 1261
391 847
391 1357
391 1655
391 1982
391 958
391 1904
391 1489
391 741
391 1229
391 730
391 1024
391 1044
391 826
391 1331
391 430
391 584
391 1039
391 1379
391 763
391 1619
391 1791
391 1275
391 1687
391 720
391 487
391 525
391 827
391 457
391 1866
391 978
391 1957
391 1378
391 1059
391 1006
391 1524
391 1708
391 1139
391 1250
391 1237
391 431
391 396
391 1991
391 1153
391 601
391 655
391 1033
391 1147
391 1948
391 709
391 1243
391 1117
391 800
391 1819
391 1947
391 1127
391 787
391 1823
391 1740
391 585
391 488
391 1325
391 1410
391 1248
391 446
391 1200
391 1871
391 1507
391 1306
391 680
391 1637
391 1398
391 933
391 1121
391 1265
391 610
391 1677
391 1124
391 1233
391 1958
391 1177
391 932
391 1240
391 621
391 1336
391 1676
391 1857
391 1886
391 1549
391 1101
391 1016
391 1662
391 1538
391 611
391 571
391 805
391 1136
391 1519
391 407
391 1178
391 1292
391 1530
391 1205
391 1884
391 973
391 632
391 1267
391 1927
391 496
391 1232
391 1586
391 1074
391 1069
391 774
391 1509
391 568
391 1858
391 426
391 1197
391 404
391 726
391 866
391 1775
391 891
391 1326
391 1030
391 1981
391 1697
391 572
391 1795
391 1965
391 1834
391 930
391 1015
391 561
391 467
391 1881
391 539
391 1766
391 608
391 1440
391 771
391 1269
391 1973
391 1788
391 1625
391 1832
391 1960
391 1072
391 1437
391 461
391 1686
391 817
391 1366
391 1988
391 674
391 551
391 512
391 490
391 1845
391 1564
391 1381
391 1235
391 1114
391 1556
391 544
391 1583
391 936
391 855
391 1046
391 416
391 1572
391 1371
391 558
391 706
391 1679
391 1595
391 778
391 837
391 1043
391 1471
391 1122
391 1742
391 1688
391 1430
391 1315
391 702
391 914
391 1999
391 1133
391 1761
391 1470
391 599
391 614
391 1645
391 630
391 560
391 1460
391 1974
391 1606
391 1064
391 984
391 1910
391 1227
391 1310
391 1617
391 1160
391 1527
391 513
391 1289
391 950
391 1474
391 894
391 663
391 485
391 1675
391 1446
391 629
391 1049
391 900
391 1885
391 1000
391 935
391 1145
391 1264
391 1868
391 929
391 1199
391 1417
391 494
391 1603
391 422
391 472
391 668
391 1103
391 501
391 1266
391 801
391 1750
391 486
391 1282
391 1401
391 1739
391 557
391 1589
391 677
391 1318
391 977
391 1019
391 1777
391 1469
391 844
391 1510
391 1457
391 1461
391 783
391 1429
391 1231
391 1363
391 1351
391 708
391 1091
391 642
391 1198
391 996
391 1800
391 1649
391 1713
391 732
391 477
391 1613
391 796
391 1864
391 1833
391 1790
391 1951
391 1348
391 1011
391 589
391 1664
391 1328
391 562
391 1793
391 1934
391 1798
391 1537
391 1171
391 612
391 580
391 1541
391 1701
391 788
391 1347
391 820
391 961
391 874
391 1036
391 1252
391 1084
391 564
391 633
391 1634
391 517
391 859
391 1300
391 1251
391 1327
391 1258
391 447
391 727
391 963
391 658
391 1557
391 945
391 542
391 1550
391 882
391 400
391 1061
391 409
391 1840
391 1803
391 1104
391 1892
391 437
391 650
391 777
391 1123
391 841
391 1340
391 1671
391 1912
391 1968
391 596
391 1190
391 854
391 661
391 1653
391 1311
391 987
391 1644
391 1964
391 753
391 671
391 769
391 1395
391 1242
391 1851
391 527
391 1317
391 1134
391 460
391 438
391 989
391 1585
391 1738
391 1290
391 1552
391 1978
391 1518
391 1078
391 927
391 603
391 834
391 465
391 760
391 825
391 1905
391 909
391 1302
391 1514
391 492
391 1259
391 953
391 682
391 1896
391 1532
391 879
391 845
391 619
391 1848
391 1255
391 1361
391 962
391 1367
391 1409
391 1900
391 1794
391 1047
391 1971
391 455
391 1389
391 1057
391 1120
391 1756
391 1754
391 1719
391 537
391 1152
391 1466
391 782
391 418
391 1748
391 428
391 1143
391 499
391 432
391 1148
391 1247
391 1399
391 1467
391 967
391 685
391 877
391 1220
391 1776
391 552
391 1720
391 1441
391 1344
391 1810
391 770
391 1191
391 799
391 582
391 1763
391 1843
391 1992
391 1383
391 1112
391 1818
391 1453
391 579
391 860
391 1563
391 1879
391 921
391 1942
391 1154
391 1303
391 1936
391 1526
391 1969
391 1219
391 1394
391 1702
391 1439
391 823
391 1432
391 1691
391 1683
391 1082
391 1053
391 1373
391 1450
391 475
391 1730
391 415
391 643
391 1107
391 502
391 738
391 1027
391 846
391 1850
391 707
391 1364
391 531
391 947
391 1180
391 1847
391 549
391 651
391 1329
391 1436
391 1424
391 1130
391 910
391 1009
391 615
391 695
391 1506
391 768
391 1769
391 1443
391 565
391 1574
391 679
391 1349
391 1861
391 993
391 1614
391 1291
391 672
391 681
391 469
391 1355
391 1932
391 896
391 705
391 1083
391 1092
391 1462
391 495
391 1956
391 1131
391 1073
391 1141
391 924
391 1056
391 1771
391 733
391 566
391 392
391 1566
391 1837
391 1438
391 1741
391 627
391 1029
391 883
391 440
391 1370
391 1929
391 1854
391 901
391 1321
391 1018
391 1054
391 515
391 979
391 536
391 403
391 1684
391 1007
391 1601
391 449
391 657
391 609
391 1279
391 1582
391 473
391 1517
391 1767
391 1591
391 1081
391 713
391 723
391 965
391 1598
391 1658
391 1638
391 1415
391 1515
391 1301
391 1021
391 1109
391 1085
391 1222
391 1374
391 890
391 1955
391 462
391 1799
391 1095
391 1412
391 1286
391 1486
391 1906
391 1142
391 1594
391 1481
391 785
391 412
391 1182
391 1100
391 1185
391 1909
391 1797
391 529
391 1194
391 749
391 1332
391 1523
391 1872
391 737
391 1382
391 1621
391 1998
391 951
391 1113
391 711
391 1080
391 590
391 1714
391 772
391 1065
391 1869
391 652
391 541
391 1703
391 955
391 1709
391 968
391 1609
391 453
391 1038
391 1989
391 917
391 1706
391 942
391 1463
391 1976
391 1839
391 1196
391 1783
391 1396
391 1622
391 863
391 1695
391 893
391 1164
391 1520
391 818
391 470
391 1442
391 852
391 1521
391 1093
391 878
391 573
391 1368
391 1894
391 897
391 946
391 1319
391 758
391 838
391 1838
391 410
391 1244
391 840
391 920
391 1937
391 913
391 850
391 976
391 464
391 1663
391 1705
391 1346
391 808
391 420
391 1345
391 761
391 1276
391 1877
391 514
391 1972
391 1632
391 1809
391 1204
391 442
391 842
391 1287
391 784
391 1163
391 534
391 1170
391 1497
391 1571
391 1090
391 576
391 1600
391 1579
391 1414
391 1880
391 623
391 1473
391 868
391 1666
391 1413
391 1938
391 776
391 916
391 944
391 1236
391 948
391 667
391 1188
391 683
391 995
391 1853
391 698
391 1717
391 1836
391 1647
391 1928
391 1825
391 886
391 1516
391 735
391 911
391 1856
391 856
391 474
391 1004
391 670
391 1813
391 504
391 1707
391 1780
391 1360
391 1031
391 1169
391 1849
391 1954
391 1812
391 1721
391 411
391 902
391 1962
391 1426
391 574
391 994
391 1784
391 1028
391 1824
391 789
391 1578
391 1087
391 835
391 861
391 1192
391 1353
391 1751
391 1126
391 1420
391 656
391 1179
391 1268
391 1356
391 489
391 1217
391 1202
391 1807
391 1433
391 1070
391 1184
391 880
391 444
391 1458
391 605
391 423
391 966
391 1106
391 1230
391 1144
391 1162
391 1975
391 1418
391 1728
391 1055
391 1930
391 1322
391 873
391 1419
391 598
391 694
391 626
391 510
391 538
391 1215
391 1593
391 971
391 1963
391 1068
391 1816
391 660
391 1246
391 1299
391 1201
391 675
391 1941
391 1174
391 448
391 583
391 1620
391 625
391 1716
391 1138
391 832
391 1715
391 548
391 1860
391 521
391 884
391 1209
391 1176
391 1573
391 1216
391 1343
391 1667
391 1946
391 1733
391 729
391 1454
391 1685
391 889
391 1478
391 1390
391 1037
391 1724
391 1680
391 746
391 1271
391 530
391 1278
391 923
391 745
391 1135
391 1010
391 1558
391 1097
391 786
391 635
391 819
391 662
391 1226
391 1792
391 1827
391 970
391 831
391 1026
391 1831
391 1802
391 1789
391 1475
391 1952
391 938
391 791
391 1592
391 602
391 1212
391 1659
391 803
391 1536
391 691
391 1822
391 1781
391 717
391 620
391 1402
391 824
391 1403
392 928
393 928
394 928
395 928
395 1218
396 928
397 928
398 928
398 797
399 928
399 797
399 1272
400 928
401 928
401 797
401 1984
401 1729
401 1218
401 1108
401 1272
401 1050
401 1760
401 1669
401 1225
401 1159
401 443
401 754
401 533
401 1979
401 1846
401 1548
401 981
401 708
402 928
402 797
402 1984
402 1729
402 1218
402 1108
402 1272
402 1050
402 1760
402 926
402 1669
402 1565
402 1225
402 443
402 413
402 1979
402 1731
402 1704
402 1694
402 869
402 1759
402 899
402 1221
402 1914
402 669
402 1239
402 1455
402 1140
403 928
404 928
406 928
406 797
407 928
408 928
408 797
409 928
410 928
411 928
412 928
413 928
413 797
413 1984
413 1729
413 1218
413 1108
413 1272
413 1050
413 1760
413 926
413 1669
413 1565
413 1407
413 1225
413 1159
413 443
413 754
413 533
413 1979
413 649
413 1731
413 1704
413 1694
413 1668
413 1262
413 1846
413 1548
413 1804
413 794
413 981
413 1221
413 1923
413 1099
413 1493
413 724
413 688
413 704
413 1922
413 885
413 1324
413 1334
413 580
413 990
414 928
414 797
415 928
416 928
418 928
419 928
421 928
422 928
422 797
424 928
425 928
425 797
425 1984
425 1729
425 1218
425 1760
425 1669
425 1565
426 928
426 1272
427 928
427 797
427 1108
428 928
428 797
429 928
429 797
430 928
431 928
432 928
432 797
433 928
434 928
434 797
435 928
436 928
437 928
438 928
439 928
440 928
441 928
441 797
442 928
443 928
443 797
443 1984
443 1729
443 1218
443 1108
443 1272
443 1050
443 1760
443 926
443 1669
443 1565
443 1407
443 1225
443 1159
443 754
443 533
443 1979
443 649
443 1731
443 1704
443 1814
443 1661
443 1262
443 869
443 1759
443 899
443 1137
443 794
443 1597
443 734
443 1189
443 1376
443 1559
443 628
443 1914
443 925
443 1193
443 1076
443 1815
443 523
443 1313
443 553
443 493
443 1986
443 1865
445 928
446 928
447 928
448 928
449 928
450 928
450 1225
451 928
451 797
451 1984
451 1218
451 1108
452 928
452 797
454 928
454 797
454 1984
454 1218
454 926
454 1797
455 928
456 928
456 797
456 649
457 928
457 1846
459 928
460 928
461 928
462 928
464 928
465 928
466 928
466 797
466 1565
467 928
468 928
468 797
468 1984
468 631
469 928
469 797
470 928
471 928
471 797
471 1984
471 926
472 928
474 928
475 928
476 928
476 797
477 928
478 928
478 797
478 1979
479 928
479 797
479 754
480 928
480 797
480 1272
480 926
480 1669
480 1239
480 1650
481 928
482 928
482 797
483 928
483 797
484 928
484 797
485 928
486 928
487 928
488 928
490 928
491 928
492 928
493 928
493 797
493 1218
493 926
494 928
494 797
495 928
496 928
497 928
497 797
498 928
498 797
499 928
499 754
500 928
500 797
500 1729
500 1089
501 928
502 928
503 928
504 928
505 928
505 797
506 928
508 928
509 928
509 797
509 1729
509 1108
510 928
511 928
511 797
512 928
513 928
515 928
516 928
517 928
518 928
518 797
519 928
520 928
520 797
520 1218
520 1545
522 928
523 928
523 797
523 1729
523 1407
523 1225
524 928
524 797
525 928
525 797
526 928
526 797
526 926
527 928
528 928
528 797
529 928
531 928
532 928
532 797
532 1984
532 1159
532 754
532 1400
533 928
533 797
533 1984
533 1729
533 1218
533 1108
533 1272
533 1050
533 1760
533 926
533 1669
533 1565
533 1407
533 1225
533 1159
533 754
533 649
533 1731
533 1014
533 1668
533 1814
533 1661
533 1262
533 780
533 734
533 628
533 1423
533 1711
533 1425
533 952
533 1811
533 1562
533 1643
533 1041
534 928
535 928
535 797
535 1984
535 1729
535 1108
535 1979
536 928
537 928
537 797
538 928
539 928
540 928
540 797
541 928
542 928
543 928
543 797
543 1157
544 928
545 928
545 797
546 928
547 928
547 797
549 928
550 928
550 797
550 1407
550 1477
551 928
552 928
553 928
553 797
553 1218
554 928
554 797
555 928
556 928
557 928
558 928
558 797
559 928
559 797
559 1984
559 1729
559 1218
559 1108
559 1760
559 1669
559 1602
560 928
561 928
562 928
564 928
565 928
566 928
567 928
568 928
569 928
570 928
571 928
572 928
573 928
574 928
575 928
575 797
576 928
576 797
577 928
577 797
578 928
579 928
580 928
581 928
582 928
583 928
584 928
585 928
586 928
587 928
587 797
587 1668
588 928
589 928
590 928
591 928
591 797
591 1218
592 928
592 797
592 1669
593 928
593 797
593 926
593 1846
594 928
594 797
595 928
595 797
596 928
597 928
597 797
597 1984
597 1729
597 1272
597 1669
597 1565
597 1731
597 1425
599 928
600 928
601 928
603 928
604 928
604 797
605 928
607 928
607 797
608 928
608 797
609 928
610 928
611 928
612 928
613 928
613 797
614 928
615 928
616 928
617 928
618 928
618 797
619 928
619 797
621 928
621 797
622 928
623 928
624 928
624 1729
625 928
625 797
627 928
628 928
628 797
628 1984
628 1729
628 1218
628 1565
628 1407
628 1225
628 1630
628 1711
628 1657
629 928
630 928
631 928
631 797
631 1984
631 1729
631 1218
631 1272
631 1050
631 1669
632 928
633 928
634 928
634 797
634 1900
636 928
636 797
637 928
637 797
637 1984
637 1565
638 928
638 797
638 1272
638 1669
639 928
639 797
640 928
640 797
640 1041
641 928
642 928
643 928
645 928
645 797
646 928
647 928
647 797
647 1218
647 926
647 1979
649 928
649 797
649 1984
649 1729
649 1218
649 1108
649 1272
649 1050
649 1760
649 926
649 1669
649 1565
649 1407
649 1225
649 1159
649 754
649 1979
649 1731
649 1814
649 1262
649 1548
649 981
649 1914
649 1815
649 804
649 999
650 928
651 928
653 928
653 797
654 928
655 928
657 928
658 928
659 928
659 797
659 1218
659 1108
659 1050
659 926
659 1362
659 1358
660 928
661 928
663 928
664 928
665 928
666 928
668 928
669 928
669 797
669 1984
669 1729
669 1108
669 926
669 1565
669 1159
669 1668
671 928
672 928
673 928
674 928
674 797
676 928
676 797
677 928
678 928
678 797
678 1984
678 1731
678 1511
679 928
680 928
681 928
682 928
683 928
684 928
685 928
686 928
686 797
687 928
688 928
688 797
688 1984
688 1729
688 1262
689 928
689 797
690 928
690 797
690 1050
692 928
692 797
693 928
695 928
696 928
696 797
697 928
697 797
697 754
698 928
699 928
699 797
700 928
700 797
700 1669
701 928
701 797
702 928
703 928
703 797
704 928
704 797
704 1272
705 928
706 928
708 928
709 928
709 797
710 928
711 928
713 928
714 928
715 928
716 928
716 797
718 928
719 928
720 928
721 928
721 797
722 928
722 797
722 1729
724 928
724 797
725 928
725 797
725 1669
726 928
727 928
728 928
730 928
731 928
731 797
732 928
734 928
734 797
734 1984
734 1729
734 1050
734 1760
734 1669
736 928
736 797
737 928
738 928
739 928
739 797
740 928
740 797
740 1050
741 928
741 797
742 928
743 928
743 797
746 928
747 928
747 797
748 928
748 797
748 1189
749 928
750 928
750 797
750 1272
750 981
751 928
752 928
752 797
752 1729
753 928
754 928
754 797
754 1984
754 1729
754 1218
754 1108
754 1272
754 1050
754 1760
754 926
754 1669
754 1565
754 1407
754 1225
754 1159
754 1979
754 1704
754 1668
754 1262
754 780
754 1189
754 1901
754 1376
754 1423
754 1844
754 872
754 1555
754 1652
755 928
755 797
756 928
756 797
757 928
757 797
758 928
759 928
759 797
760 928
761 928
761 797
763 928
764 928
764 797
764 1984
765 928
765 797
766 928
768 928
769 928
770 928
771 928
773 928
773 797
774 928
774 797
775 928
776 928
777 928
778 928
779 928
779 797
779 1704
780 928
780 797
780 1984
780 1729
780 1218
780 1108
780 1272
780 1050
780 1760
780 926
780 1669
780 1565
780 1407
780 1159
780 1704
780 794
780 1304
781 928
782 928
783 928
784 797
787 928
788 928
788 797
790 928
792 928
792 797
792 1108
792 1760
792 1804
793 928
793 797
794 928
794 797
794 1984
794 1729
794 1218
794 1108
794 1272
794 1050
794 1760
794 926
794 1669
794 1565
794 1376
795 928
795 797
796 928
797 928
797 1984
797 1729
797 1218
797 1108
797 1272
797 1050
797 1760
797 926
797 1669
797 1565
797 1407
797 1225
797 1159
797 1979
797 1731
797 1704
797 1014
797 1694
797 1668
797 1814
797 1661
797 1362
797 1262
797 1846
797 869
797 1548
797 1759
797 899
797 1804
797 1137
797 981
797 1597
797 1221
797 1189
797 1901
797 1376
797 1559
797 1312
797 1380
797 1543
797 1483
797 1423
797 1630
797 1870
797 1338
797 1400
797 964
797 1914
797 1505
797 1711
797 1923
797 1393
797 812
797 1903
797 1214
797 1391
797 1844
797 1522
797 925
797 1495
797 1484
797 1099
797 1425
797 992
797 1493
797 1511
797 1296
797 1774
797 1657
797 1787
797 1270
797 1239
797 1193
797 1899
797 1304
797 1501
797 1089
797 1545
797 1464
797 1076
797 1749
797 1636
797 1950
797 952
797 997
797 1811
797 937
797 1562
797 1456
797 1696
797 1502
797 1654
797 1581
797 1698
797 1785
797 1455
797 836
797 872
797 1815
797 1062
797 1949
797 1115
797 1421
797 1693
797 1165
797 813
797 1995
797 1313
797 1512
797 1643
797 912
797 865
797 1764
797 1339
797 1035
797 1859
797 1500
797 1806
797 1560
797 1907
797 1447
797 804
797 809
797 1939
797 1712
797 907
797 1213
797 1494
797 1111
797 1337
797 1555
797 1444
797 1132
797 1670
797 1528
797 1551
797 1588
797 1681
797 1445
797 1534
797 1102
797 1308
797 1623
797 1673
797 1607
797 991
797 922
797 1358
797 1878
797 1309
797 898
797 1577
797 1128
797 1476
797 1737
797 1434
797 1987
797 821
797 1945
797 1970
797 1479
797 1772
797 1652
797 1012
797 1140
797 1618
797 1110
797 1863
797 1587
797 1066
797 1086
797 1873
797 843
797 1186
797 1725
797 1435
797 802
797 1953
797 1646
797 1611
797 830
797 1387
797 1830
797 1472
797 1882
797 1883
797 858
797 1553
797 1922
797 1172
797 1626
797 1926
797 1397
797 1633
797 1041
797 1284
797 1758
797 1801
797 1377
797 1245
797 2000
797 1005
797 1890
797 1700
797 1887
797 1040
797 1602
797 1498
797 814
797 829
797 975
797 1778
797 1181
797 851
797 875
797 1151
797 885
797 1067
797 1105
797 1786
797 1805
797 1158
797 904
797 1656
797 1608
797 1316
797 1569
797 1032
797 1341
797 1051
797 1491
797 895
797 1908
797 848
797 1567
797 905
797 956
797 1241
797 1919
797 871
797 1631
797 949
797 811
797 1210
797 1931
797 1525
797 999
797 1001
797 1820
797 839
797 1157
797 982
797 1008
797 1561
797 1305
797 1993
797 1841
797 1195
797 1546
797 1710
797 1842
797 1499
797 1075
797 822
797 1451
797 1990
797 864
797 1249
797 806
797 1690
797 1513
797 1852
797 1281
797 1503
797 1735
797 1273
797 1732
797 1734
797 1405
797 1997
797 1183
797 957
797 985
797 1477
797 1294
797 1203
797 1388
797 1488
797 1944
797 881
797 1060
797 1554
797 1862
797 1452
797 1392
797 1689
797 1590
797 1175
797 1893
797 1718
797 1867
797 1280
797 1796
797 1699
797 1782
797 1641
797 1307
797 1508
797 1088
797 1048
797 1448
797 1052
797 1808
797 1875
797 1753
797 1002
797 1895
797 1917
797 1616
797 1063
797 1079
797 1293
797 986
797 816
797 1119
797 1359
797 943
797 1149
797 888
797 1342
797 959
797 1604
797 1125
797 1627
797 1913
797 1224
797 1253
797 1335
797 870
797 1722
797 1168
797 1385
797 1096
797 1261
797 1655
797 1791
797 1957
797 1237
797 1991
797 1153
797 1243
797 800
797 1947
797 1127
797 1823
797 1740
797 1200
797 932
797 1538
797 1136
797 1509
797 1197
797 1269
797 1625
797 1437
797 1371
797 1430
797 1999
797 1470
797 1645
797 1227
797 950
797 1429
797 1198
797 1634
797 1550
797 1123
797 1340
797 989
797 1514
797 1896
797 1344
797 1691
797 1073
797 883
797 1321
797 1018
797 1638
797 1533
797 1465
797 1765
797 1463
797 1695
797 1345
797 1600
797 1579
797 1516
797 1274
797 1856
797 1535
797 1360
797 940
797 1201
797 1023
797 1667
797 1680
798 928
799 928
800 928
801 928
802 928
803 928
804 928
805 928
806 928
808 928
809 928
810 928
811 928
811 1984
812 928
812 1108
812 1272
812 1565
813 928
814 928
815 928
816 928
817 928
818 928
820 928
821 928
822 928
823 928
825 928
826 928
827 928
828 928
828 1050
829 928
829 1050
830 928
831 928
834 928
835 928
836 928
837 928
838 928
839 928
839 1661
840 928
841 928
843 928
844 928
845 928
846 928
847 928
848 928
850 928
851 928
853 928
854 928
855 928
856 928
857 928
858 928
859 928
860 928
861 928
862 928
863 928
864 928
865 928
865 1565
865 1407
866 928
867 928
868 928
869 928
869 1984
869 1729
869 1218
869 1108
869 1272
869 1050
869 1760
869 926
869 1669
869 1565
869 1225
869 1159
869 1979
869 1661
869 1846
869 1221
869 1543
870 928
870 1760
871 928
871 1984
872 928
873 928
874 928
875 928
876 928
877 928
879 928
881 928
881 1844
882 928
883 928
885 928
887 928
888 928
890 928
891 928
892 928
893 928
894 928
895 928
896 928
897 928
898 928
899 928
899 1984
899 1729
899 1218
899 1108
899 1272
899 1050
899 1760
899 926
899 1565
899 1407
899 1014
899 1262
899 1846
899 1464
900 928
901 928
903 928
904 928
905 928
906 928
907 928
908 928
908 1108
909 928
910 928
911 928
912 928
913 928
914 928
915 928
917 928
918 928
919 928
921 928
922 928
924 928
925 928
925 1729
925 1218
925 1050
925 1565
925 1704
925 1376
926 928
926 1984
926 1729
926 1218
926 1108
926 1272
926 1050
926 1760
926 1669
926 1565
926 1407
926 1225
926 1159
926 1979
926 1731
926 1704
926 1014
926 1694
926 1668
926 1814
926 1661
926 1362
926 1262
926 1846
926 1548
926 1759
926 1804
926 1137
926 981
926 1221
926 1559
926 1312
926 1380
926 1543
926 1505
926 1923
926 1903
926 1511
926 1076
926 937
926 1309
926 1435
926 1005
926 1302
926 1202
927 928
927 1218
928 1984
928 1729
928 1218
928 1108
928 1272
928 1050
928 1760
928 1669
928 1565
928 1407
928 1225
928 1159
928 1979
928 1731
928 1704
928 1014
928 1694
928 1668
928 1814
928 1661
928 1362
928 1262
928 1846
928 1548
928 1759
928 1804
928 1137
928 981
928 1597
928 1221
928 1189
928 1901
928 1376
928 1559
928 1312
928 1380
928 1543
928 1483
928 1423
928 1630
928 1870
928 1338
928 1400
928 964
928 1914
928 1505
928 1711
928 1923
928 1393
928 1903
928 1214
928 1391
928 1844
928 1522
928 1495
928 1484
928 1099
928 1425
928 992
928 1493
928 1511
928 1296
928 1774
928 1657
928 1787
928 1270
928 1239
928 1193
928 1899
928 1304
928 1501
928 1089
928 1545
928 1464
928 1076
928 1749
928 1636
928 1950
928 952
928 997
928 1811
928 937
928 1562
928 1456
928 1696
928 1502
928 1654
928 1581
928 1698
928 1785
928 1455
928 1815
928 1062
928 1949
928 1115
928 1421
928 1693
928 1165
928 1995
928 1313
928 1512
928 1643
928 1764
928 1339
928 1035
928 1859
928 1500
928 1806
928 1560
928 1907
928 1447
928 1939
928 1712
928 1213
928 1494
928 1111
928 1337
928 1555
928 1444
928 1132
928 1670
928 1528
928 1551
928 1588
928 1681
928 1445
928 1534
928 1102
928 1308
928 1623
928 1673
928 1607
928 991
928 1358
928 1878
928 1309
928 1577
928 1128
928 1476
928 1737
928 1434
928 1987
928 1945
928 1970
928 1479
928 1772
928 1652
928 1012
928 1140
928 1618
928 1110
928 1863
928 1587
928 1066
928 1086
928 1873
928 1186
928 1725
928 1435
928 1953
928 1646
928 1611
928 1387
928 1830
928 1472
928 1882
928 1883
928 1553
928 1922
928 1172
928 1626
928 1926
928 1397
928 1633
928 1041
928 1284
928 1758
928 1801
928 1377
928 1245
928 2000
928 1005
928 1890
928 1700
928 1887
928 1040
928 1602
928 1498
928 975
928 1778
928 1181
928 1151
928 1067
928 1105
928 1786
928 1805
928 1158
928 1656
928 1608
928 1316
928 1569
928 1032
928 1341
928 1051
928 1491
928 1908
928 1567
928 956
928 1241
928 1919
928 1615
928 1485
928 1631
928 949
928 1156
928 1210
928 1931
928 1525
928 1821
928 999
928 1001
928 1576
928 1820
928 1157
928 982
928 1924
928 1008
928 1940
928 1561
928 1408
928 1305
928 1993
928 1841
928 1195
928 1546
928 1710
928 1842
928 1499
928 1075
928 1451
928 1990
928 1249
928 1690
928 1129
928 1513
928 1852
928 1281
928 1503
928 1735
928 1273
928 1674
928 1732
928 1734
928 1405
928 934
928 1997
928 1183
928 1678
928 957
928 1891
928 985
928 1477
928 969
928 1294
928 1384
928 1146
928 1203
928 1388
928 1488
928 1944
928 1324
928 1003
928 1596
928 1531
928 1431
928 1060
928 941
928 1629
928 1554
928 1862
928 1452
928 1392
928 1334
928 1689
928 1590
928 1925
928 1175
928 1544
928 1893
928 1744
928 1071
928 1718
928 1867
928 1280
928 1796
928 1416
928 1916
928 1034
928 1699
928 1782
928 1641
928 1980
928 1829
928 1307
928 1375
928 1508
928 1088
928 1167
928 1166
928 1048
928 1448
928 1650
928 1660
928 1052
928 974
928 1808
928 1915
928 1875
928 1753
928 1746
928 1490
928 1002
928 1118
928 1895
928 1094
928 1917
928 983
928 1616
928 931
928 1365
928 1063
928 1079
928 1293
928 1933
928 986
928 1119
928 1575
928 1386
928 1648
928 1359
928 1624
928 1743
928 943
928 1149
928 1723
928 1468
928 972
928 1422
928 1342
928 1013
928 1150
928 1333
928 1404
928 1330
928 959
928 1288
928 1897
928 1568
928 1540
928 1604
928 939
928 1228
928 1492
928 1125
928 1482
928 1260
928 1727
928 1855
928 1911
928 1639
928 1320
928 1898
928 1017
928 1058
928 1627
928 1913
928 1736
928 1642
928 1959
928 1263
928 1996
928 1994
928 1372
928 1295
928 1580
928 1817
928 1352
928 1208
928 1487
928 1918
928 1224
928 1943
928 1283
928 1161
928 1779
928 1253
928 1335
928 1610
928 1411
928 1722
928 1757
928 1986
928 1168
928 1385
928 1096
928 1187
928 1542
928 1529
928 1261
928 1357
928 1655
928 1982
928 958
928 1904
928 1489
928 1229
928 1024
928 1044
928 1331
928 1039
928 1379
928 1619
928 1791
928 1275
928 1687
928 1866
928 978
928 1957
928 1378
928 1059
928 1006
928 1524
928 1708
928 1139
928 1250
928 1237
928 1991
928 1153
928 1033
928 1147
928 1948
928 1243
928 1117
928 1819
928 1947
928 1127
928 1823
928 1740
928 1325
928 1410
928 1248
928 1200
928 1871
928 1507
928 1306
928 1637
928 1398
928 933
928 1121
928 1265
928 1677
928 1124
928 1233
928 1958
928 1177
928 932
928 1240
928 1336
928 1676
928 1857
928 1886
928 1549
928 1101
928 1016
928 1662
928 1538
928 1136
928 1519
928 1178
928 1292
928 1530
928 1205
928 1884
928 973
928 1267
928 1927
928 1232
928 1586
928 1074
928 1069
928 1509
928 1858
928 1197
928 1775
928 1326
928 1030
928 1981
928 1697
928 1795
928 1965
928 1834
928 930
928 1015
928 1881
928 1766
928 1440
928 1269
928 1973
928 1788
928 1625
928 1832
928 1960
928 1072
928 1437
928 1686
928 1366
928 1988
928 1845
928 1564
928 1381
928 1235
928 1114
928 1556
928 1583
928 936
928 1046
928 1572
928 1371
928 1679
928 1595
928 1043
928 1471
928 1122
928 1742
928 1688
928 1430
928 1315
928 1999
928 1133
928 1761
928 1470
928 1645
928 1460
928 1974
928 1606
928 1064
928 984
928 1910
928 1227
928 1310
928 1617
928 1160
928 1527
928 1289
928 950
928 1474
928 1675
928 1446
928 1049
928 1885
928 1000
928 935
928 1145
928 1264
928 1868
928 929
928 1199
928 1417
928 1603
928 1103
928 1266
928 1750
928 1282
928 1401
928 1739
928 1589
928 1318
928 977
928 1019
928 1777
928 1469
928 1510
928 1457
928 1461
928 1429
928 1231
928 1363
928 1351
928 1091
928 1198
928 996
928 1800
928 1649
928 1713
928 1613
928 1864
928 1833
928 1790
928 1951
928 1348
928 1011
928 1664
928 1328
928 1793
928 1934
928 1798
928 1537
928 1171
928 1541
928 1701
928 1347
928 961
928 1036
928 1252
928 1084
928 1634
928 1300
928 1251
928 1327
928 1258
928 963
928 1557
928 945
928 1550
928 1061
928 1840
928 1803
928 1104
928 1892
928 1123
928 1340
928 1671
928 1912
928 1968
928 1190
928 1653
928 1311
928 987
928 1644
928 1964
928 1395
928 1242
928 1851
928 1317
928 1134
928 989
928 1585
928 1738
928 1290
928 1552
928 1978
928 1518
928 1078
928 1905
928 1302
928 1514
928 1259
928 953
928 1896
928 1532
928 1848
928 1255
928 1361
928 962
928 1367
928 1409
928 1900
928 1794
928 1047
928 1971
928 1389
928 1057
928 1120
928 1756
928 1754
928 1719
928 1152
928 1466
928 1748
928 1143
928 1148
928 1247
928 1399
928 1467
928 967
928 1220
928 1776
928 1720
928 1441
928 1344
928 1810
928 1191
928 1763
928 1843
928 1992
928 1383
928 1112
928 1818
928 1453
928 1563
928 1879
928 1942
928 1154
928 1303
928 1936
928 1526
928 1969
928 1219
928 1394
928 1702
928 1439
928 1432
928 1691
928 1683
928 1082
928 1053
928 1373
928 1450
928 1730
928 1107
928 1027
928 1850
928 1364
928 947
928 1180
928 1847
928 1329
928 1436
928 1424
928 1130
928 1009
928 1506
928 1769
928 1443
928 1574
928 1349
928 1861
928 993
928 1614
928 1291
928 1355
928 1083
928 1092
928 1462
928 1956
928 1131
928 1073
928 1141
928 1056
928 1771
928 1566
928 1741
928 1370
928 1321
928 1018
928 1054
928 979
928 1684
928 1007
928 1601
928 1279
928 1582
928 1517
928 1767
928 1591
928 1081
928 965
928 1598
928 1762
928 1638
928 1415
928 1515
928 1301
928 1021
928 1109
928 1085
928 1222
928 1374
928 1955
928 1799
928 1095
928 1412
928 1286
928 1906
928 1594
928 1481
928 1182
928 1100
928 1533
928 1185
928 1909
928 1797
928 1194
928 1872
928 1323
928 1382
928 1621
928 1998
928 951
928 1113
928 1116
928 1714
928 1065
928 1869
928 1703
928 955
928 1709
928 1770
928 1465
928 968
928 1609
928 1706
928 942
928 1765
928 1463
928 1976
928 1839
928 1396
928 1622
928 1695
928 1164
928 1520
928 1442
928 1521
928 1894
928 946
928 1319
928 1838
928 1256
928 1244
928 976
928 1663
928 960
928 1705
928 1345
928 1972
928 1632
928 1234
928 1287
928 1254
928 1628
928 1427
928 1497
928 1090
928 1600
928 1414
928 1880
928 1473
928 1584
928 1666
928 1413
928 944
928 1236
928 1651
928 1599
928 1188
928 1966
928 1853
928 1717
928 1836
928 1647
928 1928
928 988
928 1516
928 1274
928 1856
928 1004
928 1813
928 1707
928 1780
928 1031
928 1985
928 1504
928 1812
928 1207
928 1721
928 1962
928 1223
928 1426
928 994
928 1784
928 1874
928 1578
928 1087
928 980
928 1902
928 1192
928 1353
928 1768
928 1751
928 1126
928 1420
928 1022
928 1268
928 1935
928 1202
928 1807
928 1070
928 1665
928 1106
928 1144
928 1975
928 1459
928 1728
928 1930
928 1322
928 1640
928 1215
928 1298
928 971
928 1299
928 1201
928 1174
928 1620
928 1716
928 1967
928 1860
928 1773
928 1209
928 1573
928 1343
928 1946
928 1865
928 1733
928 1350
928 1685
928 1354
928 1478
928 1724
928 1680
928 1211
928 1755
928 1135
928 1558
928 1226
928 1792
928 1827
928 1026
928 1789
928 1977
928 1475
928 1952
928 1496
928 1547
928 1077
928 1155
928 1212
928 1536
928 1635
928 1781
928 1402
928 1297
928 1025
928 1428
928 1889
937 1272
937 1050
940 1272
952 1272
952 1669
952 1979
959 1565
964 1984
964 1729
964 1108
964 1272
964 1565
964 1407
964 1137
981 1984
981 1729
981 1218
981 1108
981 1272
981 1050
981 1760
981 1669
981 1548
981 1597
981 1901
981 1393
991 1565
992 1108
1014 1984
1014 1729
1014 1218
1014 1108
1014 1272
1014 1050
1014 1760
1014 1669
1014 1565
1014 1407
1014 1225
1014 1979
1014 1548
1014 1901
1014 1425
1014 1681
1032 1362
1035 1729
1035 1760
1050 1984
1050 1729
1050 1218
1050 1108
1050 1272
1050 1760
1050 1669
1050 1565
1050 1407
1050 1225
1050 1159
1050 1979
1050 1731
1050 1704
1050 1694
1050 1668
1050 1814
1050 1661
1050 1362
1050 1262
1050 1846
1050 1548
1050 1759
1050 1804
1050 1137
1050 1901
1050 1376
1050 1559
1050 1380
1050 1423
1050 1870
1050 1400
1050 1923
1050 1393
1050 1522
1050 1495
1050 1099
1050 1657
1050 1562
1050 1456
1050 1922
1050 1744
1051 1464
1060 1565
1066 1984
1069 1984
1076 1760
1089 1984
1089 1729
1089 1669
1099 1760
1102 1984
1108 1984
1108 1729
1108 1218
1108 1272
1108 1760
1108 1669
1108 1565
1108 1407
1108 1225
1108 1159
1108 1979
1108 1731
1108 1704
1108 1694
1108 1668
1108 1814
1108 1661
1108 1362
1108 1262
1108 1846
1108 1548
1108 1759
1108 1804
1108 1137
1108 1597
1108 1221
1108 1189
1108 1901
1108 1376
1108 1559
1108 1380
1108 1543
1108 1483
1108 1423
1108 1630
1108 1338
1108 1711
1108 1923
1108 1391
1108 1657
1108 1239
1108 1950
1108 1562
1108 1995
1108 1806
1108 1156
1108 1210
1108 1699
1108 1161
1110 1218
1111 1565
1115 1984
1115 1774
1128 1218
1132 1272
1133 1846
1137 1984
1137 1729
1137 1218
1137 1760
1137 1669
1137 1565
1137 1407
1137 1979
1137 1901
1149 1669
1151 1669
1159 1984
1159 1729
1159 1218
1159 1272
1159 1760
1159 1669
1159 1565
1159 1407
1159 1225
1159 1979
1159 1731
1159 1704
1159 1694
1159 1668
1159 1814
1159 1661
1159 1362
1159 1846
1159 1189
1159 1376
1159 1423
1159 1711
1159 1923
1159 1774
1165 1669
1177 1759
1189 1984
1189 1729
1189 1218
1189 1272
1189 1760
1189 1565
1190 1272
1193 1729
1193 1218
1193 1760
1193 1661
1195 1760
1214 1729
1214 1218
1214 1494
1218 1984
1218 1729
1218 1272
1218 1760
1218 1669
1218 1565
1218 1407
1218 1225
1218 1979
1218 1731
1218 1704
1218 1694
1218 1668
1218 1814
1218 1661
1218 1362
1218 1262
1218 1846
1218 1548
1218 1759
1218 1804
1218 1597
1218 1221
1218 1376
1218 1312
1218 1380
1218 1483
1218 1630
1218 1870
1218 1505
1218 1923
1218 1391
1218 1425
1218 1296
1218 1657
1218 1787
1218 1270
1218 1239
1218 1304
1218 1545
1218 1696
1218 1815
1218 1806
1218 1316
1218 1708
1221 1984
1221 1729
1221 1760
1221 1407
1221 1225
1221 1668
1225 1984
1225 1729
1225 1272
1225 1760
1225 1669
1225 1565
1225 1407
1225 1979
1225 1731
1225 1704
1225 1694
1225 1814
1225 1362
1225 1262
1225 1548
1225 1804
1225 1630
1225 1338
1225 1239
1225 1577
1225 1618
1239 1984
1248 1984
1260 1760
1262 1984
1262 1729
1262 1272
1262 1760
1262 1669
1262 1565
1262 1979
1262 1694
1262 1380
1262 1456
1270 1760
1272 1984
1272 1729
1272 1760
1272 1669
1272 1565
1272 1407
1272 1979
1272 1731
1272 1704
1272 1694
1272 1668
1272 1814
1272 1661
1272 1362
1272 1846
1272 1548
1272 1759
1272 1804
1272 1597
1272 1901
1272 1376
1272 1380
1272 1543
1272 1423
1272 1870
1272 1338
1272 1711
1272 1903
1272 1522
1272 1511
1272 1698
1272 1607
1272 1830
1272 1732
1296 1407
1296 1759
1304 1729
1312 1984
1312 1731
1312 1704
1312 1759
1312 1950
1331 1556
1338 1984
1338 1729
1338 1407
1339 1565
1339 1814
1358 1729
1359 1984
1362 1984
1362 1729
1362 1760
1362 1669
1362 1565
1362 1407
1362 1668
1376 1984
1376 1729
1380 1984
1380 1729
1380 1597
1391 1729
1393 1984
1400 1984
1400 1729
1407 1984
1407 1729
1407 1760
1407 1669
1407 1565
1407 1979
1407 1731
1407 1704
1407 1694
1407 1814
1407 1661
1407 1759
1407 1870
1407 1914
1407 1693
1423 1984
1423 1729
1423 1597
1425 1760
1425 1669
1425 1759
1432 1984
1455 1729
1464 1729
1479 1984
1479 1668
1483 1984
1483 1669
1483 1979
1483 1731
1484 1690
1493 1704
1495 1661
1498 1984
1500 1669
1501 1729
1501 1760
1505 1984
1505 1760
1505 1669
1505 1979
1510 1984
1511 1729
1511 1669
1511 1668
1512 1804
1522 1984
1534 1984
1543 1984
1543 1729
1545 1729
1545 1548
1545 1914
1548 1984
1548 1729
1548 1760
1548 1669
1548 1565
1548 1661
1548 1846
1551 1984
1551 1890
1559 1984
1559 1565
1560 1984
1561 1729
1562 1979
1565 1984
1565 1729
1565 1760
1565 1669
1565 1979
1565 1731
1565 1704
1565 1694
1565 1668
1565 1814
1565 1661
1565 1846
1565 1759
1565 1804
1565 1597
1565 1901
1565 1923
1565 1878
1565 1970
1565 1644
1565 1682
1588 1597
1597 1984
1597 1729
1597 1760
1597 1759
1646 1729
1650 1979
1652 1984
1656 1760
1661 1984
1661 1729
1661 1760
1661 1669
1661 1979
1661 1914
1661 1926
1661 1829
1661 1784
1668 1984
1668 1729
1668 1760
1668 1669
1668 1979
1668 1731
1669 1984
1669 1729
1669 1760
1669 1979
1669 1731
1669 1704
1669 1694
1669 1814
1669 1846
1669 1759
1669 1804
1669 1914
1669 1844
1669 1774
1669 1772
1673 1729
1693 1984
1694 1984
1694 1729
1694 1760
1694 1759
1694 1700
1696 1704
1698 1984
1698 1804
1698 1870
1704 1984
1704 1729
1704 1760
1704 1979
1704 1731
1711 1984
1719 1984
1729 1984
1729 1760
1729 1979
1729 1731
1729 1814
1729 1846
1729 1759
1729 1804
1729 1901
1729 1870
1729 1914
1729 1950
1729 1949
1729 1922
1729 1801
1729 1799
1731 1984
1731 1760
1731 1846
1749 1760
1759 1984
1759 1760
1759 1979
1759 1901
1760 1984
1760 1979
1760 1814
1760 1846
1760 1804
1760 1901
1760 1870
1760 1844
1760 1774
1760 1899
1760 1801
1772 1814
1774 1870
1787 1984
1787 1814
1804 1984
1804 1979
1804 1846
1804 1903
1814 1984
1814 1979
1814 1846
1830 1979
1844 1984
1846 1984
1846 1901
1870 1984
1890 1984
1899 1984
1901 1984
1903 1984
1907 1984
1914 1984
1914 1979
1923 1984
1940 1984
1979 1984
1984 1995
