2000 1000
121 313
1319 1477
1659 1662
534 1525
1274 1573
1768 1816
528 947
482 840
1511 1665
433 1469
427 1673
816 1786
535 1773
387 715
247 1068
13 1139
155 338
390 479
308 678
1256 1658
927 1986
954 1576
341 1767
1532 1989
687 1092
238 848
841 1663
824 838
1012 1563
1284 1320
635 920
236 1323
1326 1731
769 1823
858 1724
1506 1707
881 1884
216 1610
1605 1924
455 1901
532 1596
500 731
1007 1996
52 613
1642 1851
206 1273
230 727
166 306
107 1968
486 662
643 1283
347 1312
1657 1723
1111 1150
132 1643
799 1149
706 1348
1106 1876
544 1435
987 1367
68 1088
408 998
1121 1190
513 1865
1292 1594
213 670
251 1060
204 1366
142 1540
719 1799
352 1368
274 1857
626 1769
894 1422
744 1087
904 1844
310 1380
1427 1903
49 692
585 1179
410 1992
818 1530
940 1565
453 1041
820 1091
1034 1163
660 1776
685 1293
333 1619
829 1566
395 1612
832 1977
448 1475
543 1218
72 559
594 1678
631 922
501 794
212 1585
2 1537
210 758
164 651
932 1008
147 1483
1211 1991
562 1963
137 1847
83 1965
629 1644
5 743
246 1107
26 1440
217 1318
59 454
1390 1742
1226 1472
320 745
1498 1940
439 1120
1263 1628
1538 1604
597 1148
55 1759
639 885
343 505
442 1948
1649 1947
1069 1808
1302 1732
934 1336
1247 1796
866 1458
342 378
605 1911
774 1640
279 1917
510 865
1258 1671
527 707
787 1402
359 714
335 1687
1676 1677
526 1883
658 781
1374 1891
243 1204
1067 1474
254 786
1251 1631
127 327
146 188
893 1038
761 1633
495 1257
1611 1803
764 1958
209 235
429 665
1500 1725
1509 1554
1527 1571
331 1429
288 1408
1518 1751
468 1654
224 1037
334 1434
612 1033
737 1967
379 511
62 993
253 1994
449 1411
316 1385
628 1261
319 911
10 1495
138 1653
515 1222
1155 1811
869 1881
30 399
63 1479
604 1568
608 1431
220 1444
444 771
56 945
135 1602
1735 1995
1176 1641
64 239
512 1332
1341 1794
650 1531
827 1591
1243 1807
1298 1603
202 218
1338 1788
34 1317
292 1841
125 910
753 1818
263 1625
280 1705
406 1692
1047 1203
14 1744
1536 1907
1136 1290
416 1885
529 621
653 913
366 1875
480 1241
3 273
182 1309
207 1064
800 1102
190 337
353 889
1623 1920
41 394
822 959
878 1952
115 581
474 541
637 1224
509 1551
700 853
462 823
1185 1932
1028 1082
355 846
695 1421
615 1825
351 1895
460 490
1754 1878
1178 1255
677 735
70 1863
1701 1979
1584 1970
857 1852
953 1838
266 1289
642 1131
570 1929
1520 1558
187 1392
842 1076
162 1079
1059 1837
531 1300
765 1467
701 710
171 728
1541 1608
484 1853
457 1899
419 750
112 1078
1463 1954
1372 1897
44 278
1259 1373
1755 1824
317 1376
992 1267
1159 1771
144 1277
1249 1445
1058 1487
539 1416
580 1188
564 1598
638 1785
122 975
69 78
223 1704
560 810
1216 1780
697 797
77 1232
314 1581
189 1559
766 1305
1401 1587
80 996
119 173
844 1490
426 1413
1 950
1089 1577
1666 1836
705 1740
813 1502
323 363
772 994
284 1814
87 891
404 1074
464 1125
1166 1406
496 928
99 874
269 1941
634 1792
340 680
522 1093
214 1215
1396 1468
381 736
674 1846
1210 1350
476 568
507 1040
1287 1826
356 1820
1221 1234
234 384
397 1830
1206 1999
1236 2000
984 1797
1157 1478
879 1842
1529 1597
1213 1629
405 1703
199 295
98 868
435 1960
860 1856
811 1335
252 1219
694 1006
1084 1749
111 843
250 1285
423 966
1151 1906
82 398
667 1982
36 1850
96 571
1709 1923
117 1268
163 1793
309 1200
401 807
157 1978
257 1171
409 1296
104 1743
916 1231
655 1199
186 473
972 1809
563 1363
219 1553
1146 1845
709 1417
228 1391
348 1722
11 1533
497 1000
1303 1927
174 1420
620 1497
962 1890
586 1859
1726 1868
203 1712
1311 1351
606 1181
682 1347
1613 1680
555 1871
549 1046
1378 1697
407 1618
989 1736
270 835
54 1369
1175 1454
350 864
1715 1956
329 414
225 540
1702 1784
806 851
900 1761
1646 1880
873 1655
839 1275
579 1437
867 1346
467 738
561 1407
195 1182
40 1308
1426 1727
1083 1501
244 418
1223 1404
1109 1382
226 1700
1400 1711
574 1205
1306 1905
517 1345
298 1316
100 666
145 152
1447 1544
437 589
385 1720
1134 1987
1217 1329
256 285
324 1862
973 1225
645 1103
452 965
1005 1693
430 1889
1135 1403
917 1153
1053 1361
1233 1557
552 1177
1388 1449
663 1840
1466 1926
1035 1154
1195 1957
1446 1539
33 1026
165 242
931 944
109 1937
43 1812
1246 1383
1630 1894
153 1189
194 296
1439 1908
373 573
160 438
208 487
798 856
720 1672
1081 1562
428 1393
520 1238
554 724
66 1077
644 1054
1191 1461
28 1032
683 716
596 1651
361 1757
572 876
895 901
383 1763
1262 1588
255 1196
1100 1260
941 1133
103 1983
196 1555
1738 1962
863 1869
175 1343
852 1442
349 1230
129 1245
1048 1524
472 1993
436 978
15 576
1180 1414
113 492
169 872
148 849
1201 1208
1364 1900
9 1167
451 1381
578 1583
118 1339
854 1914
465 1572
593 1065
708 777
141 1313
332 1042
180 1430
618 740
693 1170
967 1144
178 1896
1108 1269
1457 1664
131 491
788 1265
609 1018
1315 1998
776 1433
1227 1229
569 1220
1717 1898
960 1779
906 914
258 1516
434 1849
389 624
1019 1694
158 364
1310 1510
1132 1244
233 367
553 1778
42 1748
50 1194
170 1250
336 1938
1020 1933
971 1802
556 1560
12 1158
74 1142
699 1051
514 1832
151 599
1721 1980
1389 1668
456 1729
802 1710
411 1550
979 1504
136 726
1513 1969
290 1934
880 1409
837 1011
200 1650
289 1835
248 1556
369 1864
542 1270
299 469
95 1951
892 1212
321 1787
633 961
1202 1783
912 1990
918 1130
1278 1949
57 792
997 1670
198 1307
923 1492
1045 1198
400 1698
791 1165
836 935
1264 1394
760 1443
1055 1638
368 937
815 1248
1741 1813
17 1515
591 847
755 1126
616 1685
102 1473
232 676
222 1822
723 1021
647 1291
1039 1806
498 921
951 1266
493 577
88 757
995 1080
6 1770
1480 1795
1115 1145
1101 1637
133 926
1804 1874
275 592
450 871
525 1450
1419 1645
686 730
79 964
23 785
1405 1719
46 1025
167 668
939 1831
888 1758
1574 1686
558 1456
1172 1526
698 1616
607 711
1127 1384
1360 1595
301 775
595 956
446 1669
1424 1607
986 1790
120 1904
259 778
37 1470
1169 1893
641 1090
89 861
696 1691
742 1002
1617 1760
262 276
717 1494
149 646
124 1892
1679 1753
948 1772
763 1043
393 1281
756 1193
565 1464
1254 1955
90 1094
1299 1441
1071 1833
988 1817
318 958
1003 1070
533 617
1397 1765
1253 1599
905 1410
982 1105
73 116
440 831
915 1460
1689 1690
1340 1734
1013 1110
58 91
1015 1138
293 659
286 345
51 61
110 812
506 623
1334 1699
1561 1589
817 1073
1609 1913
1029 1301
1357 1432
557 952
679 1615
1098 1855
53 933
93 1482
845 1922
1022 1945
106 1848
1462 1988
1031 1365
516 1337
957 1425
488 946
297 1415
669 1534
768 1418
1481 1839
281 415
1564 1626
1667 1886
924 1522
664 1455
287 1239
346 471
417 949
139 834
201 1056
981 1912
45 241
530 566
31 1398
1465 1854
1280 1552
977 1124
1805 1819
4 654
396 602
1333 1344
265 420
789 942
793 805
1801 1925
598 1887
161 955
283 325
575 1656
1451 1964
1252 1764
1184 1620
898 1352
1582 1639
1049 1423
1066 1354
8 1545
640 1075
311 908
567 1499
424 547
60 1183
354 470
619 890
536 883
94 421
1331 1931
156 1821
249 1872
830 1985
1147 1930
887 1634
184 1910
762 1621
478 770
459 1858
1681 1909
475 1546
192 282
886 1117
130 1112
35 1140
1173 1448
85 1635
504 1600
1099 1508
211 551
546 1197
150 1624
231 377
330 508
747 1861
344 681
260 431
1708 1966
751 1593
828 1288
25 1867
71 1834
1586 1860
671 1304
388 1272
1162 1322
245 1214
902 1493
22 1569
1660 1827
1342 1774
140 1942
371 1695
1122 1523
632 1745
752 767
134 1648
1168 1728
1358 1718
181 1580
1114 1528
97 1330
782 875
968 1959
603 1974
721 1017
76 749
523 1209
375 1939
38 237
27 1521
193 925
240 582
1548 1716
447 652
264 796
1327 1766
600 754
305 339
75 1683
1762 1843
315 850
229 1512
804 1981
463 1688
903 1295
684 991
783 1113
32 1730
990 1452
587 1714
1228 1747
919 1675
1062 1971
365 734
105 277
67 412
183 1746
466 795
611 1815
84 312
1044 1684
272 1186
1014 1027
477 661
636 1063
18 1953
1652 1921
1592 1916
441 976
108 1590
185 907
154 1328
322 1946
86 101
81 422
267 689
261 380
126 1086
859 1009
1314 1800
590 821
1775 1866
19 1359
159 625
545 1972
936 1485
691 1519
630 1549
445 1387
1355 1706
1164 1321
1459 1782
833 974
461 1606
29 780
302 548
803 1733
1428 1943
483 870
675 1547
227 374
123 963
143 1961
1118 1488
930 1001
704 1601
303 503
673 1632
370 929
392 688
47 672
899 1050
39 1324
177 809
518 702
291 1944
779 1789
1023 1750
1888 1918
403 1627
718 983
826 1739
588 1282
808 1276
1349 1353
1052 1237
328 1453
550 999
1036 1567
215 502
909 1984
114 307
360 884
622 1271
172 1489
386 1412
1095 1491
722 1129
882 1356
649 1395
1902 1928
20 537
1325 1535
179 1375
24 943
524 1647
294 538
1207 1399
304 1235
16 1097
1016 1877
1057 1976
65 1636
1882 1973
21 376
1543 1622
1137 1438
656 896
191 1879
425 725
271 1570
1484 1829
1436 1514
610 627
690 1828
1152 1575
485 1279
499 521
741 1128
759 1024
733 1362
362 790
197 1486
601 1072
48 1030
819 1798
1370 1919
801 877
1161 1696
1085 1777
1004 1187
1294 1542
1496 1915
458 1935
814 825
168 1873
176 1975
357 729
391 969
657 1116
1476 1936
128 1242
1096 1297
1104 1674
1503 1810
1061 1614
1386 1661
300 1781
92 1752
938 1870
268 773
784 1156
372 583
358 648
897 1371
1174 1756
748 1010
732 1240
443 481
713 970
1160 1192
985 1578
1471 1579
494 712
519 1123
1713 1997
855 1737
862 1507
739 1791
1143 1377
1286 1682
326 746
413 1141
432 489
584 614
402 1379
980 1517
1119 1950
7 1505
221 382
205 703
