2000 2052
1 294
1 1915
2 142
2 337
3 1427
4 1844
4 7
6 299
6 89
7 1595
7 1277
10 1246
12 299
12 1497
12 205
12 649
12 1619
12 745
12 786
12 970
12 600
12 1307
12 390
12 517
12 1240
12 752
12 427
12 1154
12 1668
12 1361
13 1945
13 1886
14 316
14 1014
14 1089
15 997
16 1550
16 191
16 1699
17 712
17 401
19 1610
20 555
21 963
21 1119
22 1186
23 299
23 627
23 326
23 363
24 492
26 299
26 1370
26 1482
28 1459
29 1878
29 1557
29 148
30 177
30 1389
30 1803
32 956
32 1620
33 554
33 1661
35 299
35 89
35 1175
37 142
37 1369
37 1101
38 1890
39 691
39 508
40 1344
40 1226
41 685
41 463
41 1139
42 815
43 1497
43 1370
43 1383
43 698
43 599
43 991
44 299
44 1281
45 111
46 177
47 349
48 1673
48 868
49 245
50 1847
50 1856
50 1174
52 1376
53 280
54 142
54 1611
55 299
55 444
56 1759
57 1713
57 218
57 1591
58 142
59 264
59 133
59 1660
60 509
60 1743
60 1253
60 1611
60 635
60 1107
61 952
61 1489
62 1402
62 762
62 1803
63 89
64 552
64 864
64 1179
65 1006
67 1377
67 1847
67 1673
67 768
67 1627
67 1960
67 606
68 768
69 1707
69 1056
69 1737
70 1094
70 1263
71 696
71 277
71 988
72 88
72 1046
73 1571
74 89
74 1045
75 1884
75 1106
76 1775
77 1237
77 169
77 248
79 132
80 550
81 177
81 776
82 1377
82 1767
82 1121
83 1267
85 1196
86 142
86 1993
86 659
86 1825
87 649
87 997
88 685
89 299
89 142
89 1155
89 200
89 316
89 649
89 1000
89 1955
89 1915
89 1020
89 627
89 1844
89 1953
89 1720
89 235
89 1816
89 1612
89 428
89 1103
89 573
89 1730
89 1330
89 1011
89 796
89 1231
89 1162
89 973
89 757
89 1601
89 478
89 1660
89 394
89 1303
89 808
89 1112
89 231
89 1059
89 767
89 1823
89 1620
89 1861
89 1077
89 327
89 1809
89 567
89 576
89 364
89 931
89 651
89 595
89 1420
89 125
90 299
90 200
90 1738
90 241
91 1605
93 1435
95 473
96 554
96 739
96 1426
96 218
96 1176
96 1942
96 606
96 707
97 1069
97 370
97 1102
97 337
99 299
99 1214
99 108
100 887
100 118
101 142
101 1757
101 1224
102 557
103 1743
103 1030
103 227
104 235
104 1282
104 170
104 206
104 1675
105 1874
105 603
105 1486
105 709
106 1782
106 477
107 449
108 713
109 947
109 521
110 1685
111 422
113 1806
113 791
114 323
114 1195
115 361
115 1134
116 745
117 1671
117 1939
118 1895
118 730
119 287
119 493
121 322
121 1885
122 495
124 1532
128 142
129 594
129 1717
129 948
130 142
130 1497
130 649
130 1610
130 1842
130 1676
130 1427
130 218
130 1695
130 224
130 886
130 500
130 1772
133 299
133 319
133 1088
134 1545
134 447
135 1511
135 1490
136 563
136 483
138 299
138 142
138 715
138 1326
138 802
138 1617
139 815
140 1846
142 299
142 177
142 509
142 1377
142 1155
142 815
142 264
142 845
142 1743
142 1550
142 1571
142 1577
142 888
142 1000
142 1707
142 169
142 655
142 276
142 1201
142 1383
142 1658
142 1616
142 786
142 1344
142 1794
142 1020
142 1339
142 1031
142 1778
142 521
142 1673
142 544
142 1221
142 920
142 674
142 581
142 379
142 1858
142 1159
142 1323
142 1609
142 938
142 787
142 1040
142 1637
142 1555
142 423
142 1289
142 370
142 1546
142 209
142 442
142 1516
142 390
142 1600
142 1004
142 1291
142 480
142 1195
142 1689
142 874
142 708
142 1500
142 1287
142 607
142 964
142 1113
142 1526
142 1259
142 1443
142 829
142 257
142 846
142 1168
142 749
142 1247
142 1824
142 1003
142 1683
142 1502
142 853
142 759
142 744
142 977
142 245
142 1978
142 866
142 961
142 1781
142 1470
142 1672
142 1982
142 1135
142 1139
144 299
144 795
147 611
149 408
149 1796
149 1682
149 1587
149 1052
150 1768
150 573
150 898
150 792
150 437
151 1644
152 1791
152 1379
152 1847
152 1485
152 798
152 310
152 1989
153 1576
153 280
153 1290
155 509
155 1377
155 169
155 1053
155 680
156 509
157 299
157 480
157 483
158 299
158 1577
159 1473
159 1082
159 286
160 299
160 1747
160 1006
163 1609
163 222
163 1272
164 787
165 1806
165 1279
166 1276
167 627
168 1187
168 1084
169 1428
169 1312
169 1604
169 338
170 638
170 994
171 1033
172 592
172 1965
173 1975
173 1023
173 565
174 1280
175 360
176 470
177 299
177 1155
177 611
177 750
177 1237
177 1791
177 578
177 191
177 1659
177 1020
177 456
177 997
177 1844
177 1778
177 336
177 960
177 976
177 1338
177 213
177 837
177 390
177 1925
177 1081
177 847
177 714
177 214
177 1765
177 893
177 879
177 1996
177 1772
177 1450
177 894
178 1167
178 1560
179 256
179 1281
180 1051
181 592
181 1876
182 519
182 1967
183 1666
184 1351
185 1339
185 1116
189 299
189 922
191 1530
193 1787
193 1165
195 299
195 655
195 1768
195 1651
195 955
195 1952
195 714
195 1954
195 305
195 354
195 1634
195 993
196 573
197 1370
197 1348
198 299
198 419
199 264
199 1288
199 1895
199 1456
200 1497
200 264
200 1158
200 594
200 875
200 1843
200 1459
200 1932
200 1188
201 1800
202 746
202 1060
205 1592
205 1714
205 832
205 1463
208 299
208 617
208 966
211 306
212 963
212 1279
212 1646
213 252
213 1558
213 1606
214 299
214 1389
214 751
214 1100
214 692
214 1995
215 481
215 1065
217 1567
217 484
217 1292
218 521
218 475
220 578
221 299
221 1523
223 1187
225 1348
225 1998
226 471
227 980
227 395
228 1743
228 1339
228 338
229 1577
229 1484
230 591
231 1195
232 655
235 299
235 845
235 1681
235 547
235 765
235 918
237 390
238 956
238 982
239 649
239 1929
240 1778
240 995
243 538
244 519
244 1165
245 848
246 941
247 1238
248 331
249 1327
249 1539
249 806
249 1144
250 264
250 489
251 259
253 1745
253 1305
254 299
255 655
255 340
255 1679
255 1882
255 995
255 807
255 557
256 1324
257 1435
259 1709
259 1399
259 1909
259 1386
259 761
260 1580
261 1299
262 974
263 1571
264 1377
264 649
264 1673
264 1043
264 629
264 956
264 1480
264 818
264 824
264 382
264 1909
265 1543
266 1953
267 492
268 815
268 1932
269 1793
270 952
270 1867
273 1146
274 1927
274 1653
275 299
275 1212
275 918
276 299
276 624
276 1738
276 504
276 862
276 1072
276 328
276 1441
278 604
281 1553
282 1154
283 1377
284 642
284 1924
284 422
284 1007
285 457
285 391
287 656
287 1244
287 1620
287 926
288 1104
288 1834
289 299
289 925
289 353
290 852
290 956
292 494
293 1089
294 509
294 1603
294 1091
294 983
295 509
296 1659
298 739
299 509
299 1377
299 1155
299 1497
299 552
299 1743
299 750
299 1383
299 1915
299 492
299 1344
299 1472
299 1402
299 1810
299 613
299 1738
299 1610
299 1087
299 806
299 1850
299 589
299 683
299 326
299 1282
299 1396
299 1348
299 1043
299 1317
299 573
299 1885
299 1065
299 1767
299 599
299 335
299 1236
299 956
299 318
299 574
299 859
299 1315
299 665
299 1546
299 348
299 969
299 757
299 803
299 871
299 1717
299 959
299 1933
299 1740
299 1891
299 1487
299 1002
299 1331
299 907
299 962
299 1500
299 1976
299 1812
299 1890
299 607
299 1882
299 664
299 992
299 1553
299 1204
299 1468
299 617
299 1724
299 1863
299 1245
299 539
299 1870
299 590
299 376
299 1199
299 1493
299 1586
299 366
299 853
299 1498
299 1626
299 1551
299 1015
299 507
299 524
299 825
299 679
299 1392
299 652
299 1918
299 1900
299 586
299 1437
299 337
299 919
299 1306
299 1920
299 918
299 1494
299 317
299 854
299 1963
299 1228
299 342
299 1265
299 495
299 587
299 912
299 1669
299 811
299 418
299 758
299 1556
299 870
299 1274
299 1484
299 783
299 1422
300 1907
300 521
300 1047
302 621
303 748
303 1536
303 1641
303 1436
304 1829
305 1336
305 416
305 923
306 1010
306 1925
307 1868
308 323
308 1807
308 922
309 417
309 755
310 1011
310 564
310 723
311 1158
311 1150
313 988
314 1752
314 1255
315 1031
315 335
316 1389
316 581
316 368
316 959
316 977
316 1322
316 1382
319 342
320 323
320 618
320 1590
320 1140
320 930
320 769
322 578
322 1456
322 768
322 574
322 721
322 575
322 1971
323 663
323 448
324 745
324 891
325 790
326 1880
326 900
328 1040
330 1163
330 686
330 1872
331 1198
332 1411
333 872
333 961
335 1574
336 1647
336 819
338 1020
338 1939
339 808
340 1070
340 1819
340 849
341 552
341 1814
341 1900
342 1660
343 523
344 1155
345 1834
346 691
346 1045
346 1277
348 1134
348 1311
348 684
349 786
350 1082
350 1634
351 1005
351 1101
352 1747
352 978
353 1131
353 893
355 1716
356 1392
357 815
357 1344
357 1289
359 1177
361 486
361 1331
362 835
362 1140
362 1125
364 1768
365 731
366 1204
368 1874
369 1621
369 1499
371 786
371 1417
371 1842
372 893
373 1816
373 570
373 1836
374 998
375 750
375 726
378 1435
378 1813
378 1810
378 1172
378 1561
378 870
379 1659
379 1673
379 1105
380 523
380 1450
381 1374
381 662
382 1806
383 485
383 1917
384 1806
385 920
387 691
387 1254
390 1377
390 1758
392 745
392 1815
394 501
394 398
394 1278
394 585
395 1197
397 1339
400 1775
401 509
402 1202
404 1831
404 1735
405 1311
406 845
406 1288
406 1995
407 745
407 411
409 1160
410 1106
410 664
410 713
411 1163
411 1288
411 544
411 505
412 517
414 845
415 1331
417 476
418 745
423 1769
423 964
423 744
424 1610
426 1707
428 1448
429 1055
429 1591
431 853
431 1290
434 1293
435 1572
435 1500
438 1597
438 1701
438 1688
443 1757
444 893
447 1105
448 1844
450 1329
451 1736
452 1554
452 1355
453 935
453 1895
455 1847
455 1067
455 622
456 1497
456 1144
456 1766
459 1369
459 1749
460 583
460 1607
461 1787
461 539
462 526
463 1821
463 1209
466 655
466 701
466 1432
466 1017
471 1974
473 1000
475 1327
476 592
476 1647
478 1417
478 1065
481 757
481 1364
481 944
481 503
481 1054
482 497
483 1974
484 925
485 1464
486 1155
488 655
489 796
489 634
490 882
491 1256
492 1616
492 933
492 1010
492 1995
492 1007
494 1835
495 548
496 1689
496 1863
496 1179
498 1691
499 1619
499 1063
499 645
499 1491
499 1530
501 1614
501 1798
502 1201
502 1608
502 1602
502 1930
503 1268
505 1456
505 1700
505 1881
506 1168
507 1349
508 1214
509 815
509 613
509 838
509 1261
509 1858
509 1323
509 672
509 715
509 1637
509 1782
509 1699
509 1681
509 1314
509 1296
509 878
509 1701
509 1493
509 565
509 1150
509 1498
509 1692
509 1419
509 643
509 631
509 867
509 1361
509 1686
509 1529
512 1655
512 1667
513 1253
513 1787
515 1567
516 1103
516 1722
516 1454
518 1492
519 1873
520 1189
521 1608
521 1338
521 1109
521 1668
521 912
522 970
523 1907
523 1748
523 1770
523 1565
523 1552
524 995
525 1055
525 1123
527 745
527 827
530 1707
531 998
532 1960
535 1573
535 1094
540 1087
540 1425
540 1839
542 1709
544 600
544 1651
544 759
545 563
545 1856
546 779
546 751
548 1192
548 1796
548 620
552 935
552 1550
552 1167
552 786
552 1236
554 1347
554 1596
554 1189
554 1122
560 1435
562 1452
563 845
563 1496
565 1212
570 1203
571 1648
571 1909
573 1549
576 652
578 1571
578 1955
578 996
578 1590
578 1027
580 1933
580 1016
581 1377
581 1148
583 1844
585 1356
590 935
591 1370
592 1844
592 1250
592 820
592 1033
592 1556
594 1428
594 1385
594 735
594 1469
596 1885
596 1828
597 1892
598 632
599 1370
599 1990
599 1713
604 1795
604 701
604 773
606 1597
608 1539
608 1437
609 1406
610 1609
611 1707
611 1354
611 1105
611 799
611 1681
611 1898
611 1154
611 1715
611 971
613 636
615 1379
616 1659
617 1250
618 1511
619 958
619 1540
621 786
621 685
622 1308
623 837
624 1053
624 1860
625 704
625 1758
626 1258
626 1956
627 935
627 1517
629 1761
629 1103
629 1661
630 888
630 877
631 870
632 638
635 1097
636 1550
642 1049
644 1955
644 996
644 1346
648 1379
648 949
648 1461
648 1713
648 2000
648 1664
648 1140
649 1330
649 1767
649 1084
649 1688
649 950
650 881
653 1602
655 1813
655 1331
655 1856
656 1201
658 1848
659 845
659 960
659 1594
661 1456
663 1569
663 1775
664 1826
665 853
666 1547
668 845
668 1915
668 1966
672 709
673 1370
673 1293
673 1005
674 1232
675 1925
675 1938
675 1139
677 1770
678 1791
679 1858
681 1616
681 895
682 954
685 1697
686 1024
687 845
689 794
689 1924
690 1986
691 1602
691 1102
693 1502
695 1743
696 1088
697 1181
697 1015
698 837
698 978
699 1162
700 1853
701 1907
702 1379
702 851
705 1053
705 1256
706 1069
706 1330
709 1789
709 1826
710 1289
710 762
710 1660
710 1644
712 1377
712 1573
712 1909
713 1452
714 1955
714 1277
716 979
718 984
719 976
720 1916
723 1538
723 939
724 1308
729 1756
730 1550
730 911
730 1434
731 875
732 1377
732 1168
734 916
735 874
738 1800
739 1613
739 878
740 1526
741 935
741 913
745 1030
745 1258
745 839
745 913
745 1613
745 842
745 1512
746 1590
748 1659
748 1388
748 1423
749 1727
750 1377
750 1085
750 1004
750 818
751 1155
753 1243
754 1370
754 845
755 1883
755 1372
758 1335
760 1657
763 1435
765 1453
767 984
767 1969
768 953
769 1497
770 1635
773 1922
775 1329
776 1798
777 1756
777 1513
779 888
779 1321
779 1871
779 1982
782 1840
784 1370
784 1151
784 1188
786 898
787 1497
791 1502
793 832
795 1167
806 1791
808 1895
809 1782
810 1890
811 1767
814 1252
814 1631
814 820
814 1206
815 1379
815 1417
815 1850
815 937
815 1357
815 1274
818 1384
818 885
820 1791
821 1163
821 1304
823 1402
823 1254
823 938
824 1528
825 1356
826 1658
828 1115
831 1576
833 1214
834 1693
835 1762
836 935
836 1046
836 1617
838 1477
838 1416
839 1163
839 1571
839 888
839 1487
839 1975
841 1990
841 865
845 888
845 1778
845 913
845 1062
845 1863
845 1063
845 1133
845 1166
847 1187
848 1550
850 1953
850 1166
852 1358
852 1653
856 1344
856 1007
857 1172
859 1389
859 1439
860 1964
860 1770
863 1435
863 940
864 1810
864 1871
866 887
868 1516
872 1061
872 1710
874 1743
875 1987
876 1914
878 1211
879 1695
880 1608
882 1690
882 1506
882 1245
884 1847
887 970
888 1155
888 1446
888 937
888 1554
889 1472
890 1244
890 1803
897 1955
898 1578
898 1543
902 1249
903 1366
905 1067
906 1015
909 1312
915 1451
915 1169
916 1385
919 1390
921 1610
922 1711
923 1190
924 1550
926 1156
926 1999
928 1383
932 1497
933 1220
935 1791
935 1472
935 1112
935 1828
935 1412
939 1056
940 1398
941 1222
941 1866
942 1925
942 1540
943 1377
946 1328
946 1044
947 1806
947 1038
947 1866
948 1020
950 1411
952 1509
953 1736
955 1647
955 1002
956 1312
960 1916
962 1370
962 1756
963 1479
963 1465
964 1543
965 1468
968 1392
969 1991
969 1919
970 996
970 1324
971 1967
976 1030
976 1225
978 1915
981 1932
982 1876
984 1030
984 1534
985 1184
987 1212
989 1000
990 1039
991 1489
991 1717
991 1056
994 1204
995 1923
996 1690
997 1907
997 1610
999 1393
1000 1377
1000 1616
1000 1830
1000 1345
1000 1639
1000 1772
1001 1674
1001 1017
1002 1348
1003 1218
1007 1567
1010 1763
1011 1212
1013 1237
1014 1577
1015 1598
1020 1922
1023 1925
1023 1172
1026 1261
1028 1497
1028 1470
1029 1595
1029 1886
1029 1405
1030 1141
1030 1441
1031 1608
1031 1324
1032 1356
1034 1312
1035 1907
1039 1955
1039 1431
1040 1500
1042 1681
1043 1613
1044 1354
1045 1673
1045 1680
1045 1630
1046 1514
1048 1472
1048 1503
1049 1545
1052 1882
1052 1711
1053 1720
1053 1900
1058 1858
1059 1605
1060 1743
1062 1699
1065 1163
1067 1091
1069 1664
1072 1794
1072 1331
1075 1377
1078 1844
1080 1087
1081 1330
1081 1946
1082 1237
1082 1321
1082 1524
1085 1489
1085 1882
1085 1852
1086 1720
1088 1761
1090 1536
1091 1734
1096 1222
1096 1909
1099 1682
1102 1356
1104 1361
1105 1810
1108 1707
1109 1321
1109 1250
1110 1893
1112 1486
1114 1124
1115 1796
1115 1124
1115 1280
1115 1931
1118 1315
1118 1859
1119 1906
1124 1658
1126 1351
1131 1161
1134 1604
1137 1473
1137 1724
1139 1204
1140 1550
1140 1503
1141 1419
1142 1163
1144 1671
1144 1220
1148 1155
1148 1545
1149 1595
1150 1933
1150 1682
1151 1637
1152 1159
1153 1571
1153 1225
1155 1377
1155 1572
1155 1344
1155 1402
1155 1720
1155 1850
1155 1618
1155 1162
1155 1674
1155 1294
1157 1806
1157 1669
1158 1810
1158 1740
1158 1203
1159 1672
1162 1418
1163 1748
1163 1350
1163 1596
1163 1927
1163 1868
1163 1599
1164 1609
1166 1487
1169 1847
1169 1973
1171 1690
1173 1713
1173 1234
1179 1536
1183 1428
1184 1653
1185 1719
1188 1253
1188 1616
1191 1431
1196 1974
1200 1550
1204 1435
1206 1263
1207 1881
1208 1520
1211 1435
1212 1768
1214 1720
1215 1767
1215 1567
1218 1787
1218 1527
1219 1571
1219 1348
1220 1954
1221 1435
1222 1377
1224 1779
1225 1577
1225 1372
1227 1641
1229 1965
1231 1578
1231 1747
1233 1876
1237 1702
1237 1831
1238 1578
1243 1472
1245 1283
1250 1765
1251 1398
1251 1653
1252 1435
1252 1842
1252 1289
1253 1613
1255 1986
1255 1921
1257 1435
1257 1592
1257 1514
1257 1946
1258 1971
1261 1794
1265 1956
1269 1855
1273 1417
1275 1943
1276 1770
1277 1707
1279 1578
1279 1955
1279 1539
1280 1882
1283 1500
1286 1524
1288 1480
1289 1549
1290 1747
1291 1601
1293 1777
1294 1550
1295 1572
1296 1460
1296 1736
1298 1709
1300 1550
1300 1780
1301 1859
1302 1433
1302 1970
1307 1656
1307 1639
1308 1895
1315 1370
1317 1610
1325 1807
1326 1456
1326 1975
1328 1379
1328 1840
1329 1791
1330 1616
1335 1637
1338 1572
1339 1460
1339 1678
1339 1474
1342 1408
1343 1589
1344 1950
1346 1619
1347 1375
1348 1673
1348 1702
1354 1619
1354 1442
1356 1758
1359 1988
1359 1696
1362 1575
1364 1726
1366 1389
1366 1810
1368 1794
1369 1395
1370 1953
1370 1985
1370 1513
1370 1832
1372 1538
1373 1688
1377 1571
1377 1625
1377 1569
1377 1426
1378 1889
1379 1884
1379 1569
1379 1850
1379 1861
1382 1453
1382 1722
1385 1785
1386 1650
1388 1948
1390 1659
1390 1926
1390 1962
1393 1496
1394 1604
1396 1658
1396 1880
1400 1559
1401 1610
1401 1555
1404 1625
1405 1775
1406 1816
1406 1753
1408 1973
1409 1588
1411 1922
1413 1517
1414 1799
1416 1446
1418 1973
1422 1915
1422 1793
1425 1459
1425 1860
1427 1561
1428 1887
1435 1893
1435 1454
1439 1850
1439 1785
1440 1941
1441 1555
1441 1812
1443 1974
1443 1946
1444 1675
1446 1686
1447 1810
1447 1479
1447 1465
1452 1539
1454 1576
1456 1511
1456 1609
1456 1856
1456 1457
1457 1603
1459 1735
1460 1844
1469 1847
1472 1860
1473 1791
1474 1973
1479 1707
1480 1699
1482 1612
1489 1853
1490 1529
1493 1656
1494 1590
1497 1813
1497 1881
1497 1869
1497 1817
1498 1595
1498 1932
1499 1933
1505 1854
1506 1718
1514 1578
1514 1815
1517 1571
1517 1735
1518 1895
1522 1578
1522 1689
1524 1618
1524 1909
1532 1607
1532 1860
1532 1997
1535 1781
1540 1891
1541 1666
1545 1709
1547 1915
1548 1808
1550 1806
1556 1631
1560 1973
1564 1610
1566 1773
1566 1868
1571 1775
1571 1920
1577 1713
1578 1770
1588 1987
1597 1917
1597 1713
1602 1982
1603 1639
1605 1772
1607 1990
1610 1684
1612 1813
1612 1835
1616 1725
1627 1858
1628 1700
1632 1783
1637 1860
1640 1660
1640 1875
1642 1739
1647 1747
1648 1953
1648 1795
1648 1746
1656 1789
1658 1814
1660 1975
1665 1776
1666 1995
1669 1945
1674 1887
1678 1988
1683 1797
1690 1854
1691 1840
1697 1993
1697 1721
1700 1840
1701 1795
1707 1819
1709 1986
1714 1976
1716 1770
1720 1834
1725 1869
1729 1903
1734 1812
1734 1851
1743 1850
1743 1848
1747 1795
1748 1913
1775 1832
1776 1817
1791 1895
1792 1992
1810 1852
1811 1974
1821 1909
1835 1842
1839 1984
1846 1922
1846 1968
1855 1890
1881 1955
1907 1970
1909 1938
1916 1994
1921 2000
1933 1955
1942 1964
1945 1974
