2000 1000
1330 1468
638 1753
633 1409
1160 1978
472 1312
1659 1909
511 913
1413 1777
794 1992
1939 1963
1750 1947
9 257
1054 1942
230 979
202 917
692 1171
614 1270
1396 1800
273 1633
588 1379
172 894
590 1407
36 228
1204 1239
164 1326
1471 1839
1642 1977
354 394
971 1256
741 812
1519 1906
1430 1550
1015 1735
248 1581
1008 1934
1497 1985
418 442
1087 1998
233 1699
109 837
1287 1367
897 934
512 943
129 1489
594 1836
29 1878
820 1999
933 1930
226 1916
68 576
75 1100
30 720
1889 1966
308 1958
3 1758
440 1369
222 890
955 1796
1294 1500
1298 1879
193 1092
587 1549
343 542
1040 1373
1671 1743
1540 1650
1021 1332
613 1278
145 1698
1300 1845
811 1806
928 1973
111 631
845 883
733 803
537 1831
170 1867
1400 1630
505 1470
1426 1929
197 280
918 1370
105 453
162 1652
1565 1626
476 1937
387 678
244 620
213 1456
277 1459
101 748
838 861
1114 1928
430 667
238 1876
737 1056
1793 1826
1634 2000
1029 1084
751 1723
516 1740
183 884
271 1006
291 319
483 907
597 789
1656 1847
1023 1028
1068 1170
1644 1891
149 900
380 1596
421 941
1118 1296
960 1991
265 1111
877 1993
1187 1670
340 1132
452 1221
1485 1574
404 479
1153 1250
994 1086
264 841
45 159
1797 1846
160 1943
950 1168
1263 1637
274 1043
425 1203
80 1843
450 958
220 1975
1615 1707
51 1398
1050 1273
490 951
179 662
987 1757
15 1057
1141 1397
212 1095
1136 1718
203 1931
61 1173
1483 1524
1123 1608
443 1611
1787 1935
140 252
22 1218
828 1440
1694 1954
959 1505
912 1708
1131 1886
1243 1700
260 848
194 1302
814 867
27 1790
1610 1722
682 1660
1368 1551
1536 1553
1412 1594
565 1996
1583 1732
276 1466
723 1786
888 1328
1467 1557
156 247
209 1156
254 413
139 1079
1509 1819
79 390
635 1938
151 1727
286 374
395 1184
1804 1983
347 1135
1453 1896
1192 1437
630 1841
1386 1568
506 1128
1528 1679
1152 1419
893 1406
375 815
435 1760
1182 1518
525 1159
1200 1316
136 1207
408 1477
685 730
310 862
1715 1761
1357 1964
1145 1645
1305 1359
314 1726
263 1504
116 1067
155 668
484 1899
1101 1202
62 1105
157 1513
937 1872
406 1162
1372 1525
446 1147
471 1053
1032 1624
908 1808
717 956
281 1585
401 836
1206 1340
53 1559
320 591
878 1175
1260 1338
349 645
688 776
939 1252
972 1438
856 1910
677 1917
1391 1925
930 1450
208 544
285 1420
261 1691
661 1680
778 1429
552 1364
1417 1672
398 650
434 1399
186 1953
187 1024
1546 1566
78 690
1138 1335
44 1869
726 762
148 785
239 1318
416 1341
898 1619
259 491
74 1083
1189 1664
1299 1307
1297 1764
38 114
241 1498
339 1512
477 1226
11 636
210 1776
673 1537
153 1632
470 1815
392 593
312 1149
1686 1981
315 480
892 1962
670 866
133 360
104 1129
376 1408
1022 1690
94 1820
749 1541
178 1414
1737 1892
948 1085
322 1446
1375 1576
177 1882
449 1648
217 1927
822 1354
393 1744
578 1640
99 214
689 1248
624 1091
669 1279
1579 1729
103 1932
1864 1987
355 832
64 885
146 1741
882 1499
547 1676
125 1309
216 1665
953 1577
756 1548
250 495
298 819
560 1493
1526 1856
797 1567
270 342
384 1267
761 1730
962 1491
405 1308
76 77
57 463
695 881
961 1922
25 1572
699 1535
229 337
466 640
444 500
1604 1888
83 619
501 616
816 1018
1366 1589
914 1599
1064 1794
697 936
906 1595
65 332
708 1988
292 887
574 1103
647 1362
309 967
1533 1702
1193 1288
592 1813
174 742
513 1767
1597 1875
279 535
509 1424
359 424
171 224
527 1320
1492 1944
750 1877
344 799
522 796
775 976
255 1108
1342 1389
1402 1403
555 1229
779 1284
599 1564
55 1199
791 831
437 846
857 1051
166 1960
445 859
716 935
663 929
1274 1986
138 150
243 1246
295 780
1435 1683
141 304
874 1494
674 1859
1481 1668
41 473
642 1089
1058 1571
321 536
1146 1427
167 1143
600 854
1827 1914
675 1293
131 412
978 1062
1059 1148
502 1380
901 949
806 977
467 617
1433 1484
198 1377
46 1109
1241 1710
584 784
830 916
1511 1543
126 1236
89 909
402 902
1314 1950
582 860
50 432
1384 1618
572 666
1423 1457
561 904
1771 1893
329 1582
117 1025
628 1339
602 1677
835 1799
998 1030
653 1908
886 1881
840 1258
975 1037
1315 1887
417 1411
108 1946
1011 1643
176 540
790 1266
1210 1443
694 1814
20 1851
1663 1923
161 1323
581 863
864 1709
481 1688
1158 1936
323 595
23 455
346 1463
496 1151
232 714
718 1371
510 915
1176 1404
549 1562
1532 1853
63 1049
879 1306
128 364
1322 1903
134 1347
13 1713
609 1976
1113 1649
772 1365
168 671
1666 1798
1765 1920
769 1714
1311 1768
517 872
115 268
474 1122
227 1678
925 1534
795 1870
132 1907
318 475
1205 1350
627 1212
639 1842
715 1096
534 1658
804 1262
1415 1434
660 1245
643 945
648 1289
1344 1401
1592 1979
124 865
1601 1957
922 1272
792 1144
1264 1539
601 1613
326 1921
237 1178
366 1310
69 1194
1142 1531
1107 1848
1385 1685
612 1469
52 634
1026 1603
1219 1918
54 1080
1756 1866
665 1490
1163 1837
10 345
1772 1829
1094 1487
1290 1807
1627 1959
358 1180
92 801
562 1077
604 1748
687 1337
579 1575
107 1854
400 1164
1352 1629
96 1436
386 1754
7 842
282 632
253 1410
86 1004
996 1454
880 1508
518 1421
1039 1919
40 637
231 870
372 1474
548 1956
5 1281
993 1165
788 1034
1126 1667
1130 1817
448 1460
559 1547
966 1733
850 1503
297 415
158 1779
1265 1462
207 759
127 1544
272 727
622 1752
120 849
760 1475
722 954
1002 1088
625 774
1150 1261
123 765
330 686
818 1425
871 924
1098 1479
441 553
700 1042
18 218
823 1378
305 787
1621 1785
1078 1775
767 1208
853 1913
70 1805
1587 1890
236 507
407 1301
362 494
693 1268
1099 1825
626 1614
118 826
946 1048
335 504
852 1706
800 1012
963 1137
1555 1952
1552 1788
369 1994
110 422
782 1071
1395 1405
676 833
478 1873
42 1181
219 1631
95 1196
1253 1995
621 1382
952 984
246 858
1014 1731
817 1860
926 1349
192 338
135 1125
545 605
1007 1292
607 1102
73 130
391 556
385 1803
1167 1838
1082 1898
249 728
1110 1313
26 1303
681 1792
743 1120
240 1573
223 419
965 1578
623 655
235 1989
458 1225
188 974
745 891
705 855
554 1598
1044 1224
191 1784
205 1063
992 1195
758 1117
707 1319
757 911
1625 1871
844 1971
711 1280
72 1473
173 683
152 1554
336 719
420 1216
211 1222
49 1965
113 1501
137 1858
596 813
31 1520
327 396
618 1911
1017 1480
1081 1254
1816 1861
698 1620
702 1343
486 1728
1112 1336
269 283
1304 1924
284 1742
426 1844
361 1687
889 1416
307 1060
529 606
436 805
1166 1334
532 1444
21 47
410 1418
793 981
33 1769
731 1662
16 377
258 1451
1035 1259
180 1639
32 56
573 1234
1392 1902
786 1616
1228 1821
1393 1452
1455 1674
37 427
1376 1948
709 847
1183 1926
275 564
1720 1874
1169 1762
465 1655
492 827
497 704
60 1835
378 1897
768 1912
88 365
199 1346
388 1282
106 1075
328 1905
851 1052
184 747
438 1795
90 1695
999 1045
311 1852
523 1363
278 1675
324 461
1185 1809
234 1507
331 1269
923 1818
895 1747
808 1849
1041 1810
521 1527
200 538
206 469
43 1247
12 585
1190 1780
185 293
577 1711
777 1736
1383 1933
91 487
163 1824
2 1214
154 287
611 1951
1 868
242 409
610 1488
710 910
571 575
142 489
701 1517
1238 1465
348 1070
1036 1605
563 738
201 1972
290 988
1093 1968
8 1904
1529 1623
1001 1476
397 1209
225 1353
568 691
829 1638
1351 1863
6 1970
368 382
1233 1355
1271 1885
112 1606
706 1033
725 1949
28 1127
59 1609
245 1461
4 1673
190 204
1013 1580
423 583
1154 1556
82 680
381 1251
1121 1778
546 1974
1542 1570
931 1654
557 1602
781 1230
932 1390
942 1812
143 165
1217 1751
383 1696
1000 1515
1069 1862
215 809
288 403
399 1155
732 1719
1358 1745
122 1530
1242 1286
433 1782
1432 1941
543 1285
744 1940
1883 1984
457 598
1422 1738
515 567
97 1622
672 770
195 1590
843 1802
520 654
266 985
664 1431
1220 1231
724 1482
1591 1961
58 71
530 1360
551 736
334 1394
299 533
740 1188
493 1140
569 641
766 1725
351 1712
313 1191
876 1179
1016 1766
1545 1701
456 1276
944 1588
1840 1865
1295 1684
289 1773
300 1257
764 983
1472 1716
460 1255
196 1038
459 1439
1516 1759
810 968
712 1201
14 24
531 1791
802 875
679 1689
1464 1739
1161 1967
920 1523
294 566
499 1502
87 1823
316 990
485 1186
969 1635
303 1020
350 1388
524 1275
1325 1428
189 1291
317 1449
147 1801
684 995
367 821
927 1894
447 1177
739 1703
102 746
1244 1857
100 1478
431 1834
181 1561
754 1584
251 1647
302 1442
1441 1724
464 1522
389 1855
696 834
84 1884
503 528
1010 1119
301 1333
1215 1277
1822 1955
651 957
1213 1734
896 1133
428 1693
1321 1682
1356 1374
93 1560
17 1174
414 1139
175 1104
550 1646
182 325
439 1586
1076 1850
144 1134
85 429
558 603
267 1223
508 773
580 1027
1448 1749
997 1486
256 656
119 659
735 1593
652 921
1031 1317
753 1211
798 1789
721 1249
39 1746
48 1538
608 734
1066 1558
615 1115
1232 1828
986 1705
341 973
989 1612
903 1945
1240 1868
169 1046
541 1830
947 1197
262 1521
35 1717
658 1997
657 1880
1172 1980
1106 1617
411 1055
451 899
1283 1915
514 519
468 1235
1348 1495
1381 1681
713 755
81 807
98 1116
703 729
370 1157
982 1047
783 1237
919 1345
763 1506
839 1901
825 1072
296 1900
34 570
306 373
586 1074
66 940
1628 1832
1329 1783
371 1387
644 1811
221 1061
482 589
1669 1833
1763 1895
539 1227
462 1770
1514 1657
869 873
1969 1990
1331 1721
379 1781
488 1697
905 1073
1198 1704
352 363
752 980
646 1636
1327 1458
1563 1982
824 1005
67 1124
649 1641
333 1661
964 1653
357 1600
771 1496
19 1065
991 1774
1361 1447
353 1090
970 1324
1097 1755
454 1569
121 1607
498 938
356 1510
629 1003
1009 1651
1019 1445
526 1692
