2000 1000
329 909
751 1374
615 1123
1008 1463
523 1287
47 1178
1213 1557
193 1241
664 1244
78 1830
139 376
799 1060
94 1756
471 1752
1198 1681
684 813
507 613
1272 1499
548 1554
287 1522
1141 1592
101 1014
450 1409
698 1242
322 982
953 1639
27 1711
30 990
191 669
244 1151
256 1153
299 858
949 1507
945 1644
445 1479
1137 1149
1382 1892
1321 1406
433 1105
131 731
239 831
361 680
162 480
856 1315
488 1813
567 1679
794 1578
196 1772
434 530
302 1790
403 1427
1050 1912
806 905
178 671
170 1899
351 1682
174 301
165 481
566 923
304 1350
274 1965
156 280
154 588
1041 1738
1468 1945
472 1819
452 678
783 1186
1280 1327
270 1028
723 1419
1224 1850
1306 1474
1021 1094
1107 1283
35 1576
502 1200
734 1586
584 1260
1214 1665
531 1770
114 1082
153 637
305 1418
1142 1658
1390 1729
17 484
1663 1775
271 867
1043 1145
1357 1570
1302 1634
797 1489
38 772
879 1540
889 1990
1024 1388
1230 1874
364 1369
1294 1648
19 1832
565 1359
8 511
440 1346
183 1037
22 702
429 522
82 1619
108 863
844 1048
647 1913
878 1208
425 826
716 1109
458 594
291 1887
456 1564
276 1606
633 693
148 1182
898 1778
652 1646
627 817
409 1232
370 984
930 1501
1140 1558
474 803
497 1610
1236 1266
55 182
240 1530
264 1497
1173 1982
1666 1753
97 1905
1225 1800
10 1370
862 1851
5 1511
25 1251
1598 1627
1614 1742
555 1160
690 1870
1386 1744
1342 1567
774 1375
587 1103
453 1539
404 1247
181 1355
733 928
414 1715
992 1435
883 1766
775 1675
1447 1588
454 1131
89 490
186 1298
459 828
1227 1701
393 1139
176 1150
513 646
406 1841
37 537
662 1919
1455 1555
34 1295
1425 1969
201 1472
123 1781
970 989
1135 1721
257 549
510 766
1373 1760
86 1561
663 1484
1400 1494
1661 1687
2 1509
851 897
811 1755
29 1481
296 1834
1544 1934
340 1751
1520 1833
383 1731
1426 1640
209 1039
1111 1485
279 847
1158 1319
21 1900
483 1180
683 1443
849 1759
1689 1717
1267 1917
1143 1949
830 833
918 955
1090 1803
423 1925
1 228
987 1073
1096 1608
120 1469
541 559
950 1005
1077 1384
88 1126
595 786
578 724
136 1422
335 1668
696 1939
1276 1431
386 1475
232 236
247 1793
1387 1802
210 343
1300 1416
363 1339
921 983
778 1438
20 838
714 1673
679 1059
1628 1855
385 1116
1245 1318
1162 1311
144 644
1609 1631
695 765
489 944
405 545
888 1745
1773 1873
880 1314
1129 1817
869 1323
1428 1448
1408 1708
219 912
461 473
965 1556
704 859
217 332
707 1944
248 1012
369 1787
272 1845
1476 1860
485 668
592 1697
6 787
1740 1808
1161 1714
189 1429
341 901
1124 1585
416 815
1237 1700
391 1643
1049 1411
749 1397
282 842
491 836
83 642
12 1256
431 1069
308 1654
294 825
32 160
758 789
1092 1470
952 1496
357 1259
1459 1529
9 1345
56 535
208 1563
1457 1995
670 1746
699 1252
907 1430
90 366
1220 1512
1483 1733
1336 1723
292 1660
1101 1313
52 1333
517 875
246 381
1883 1941
703 1389
468 1922
60 636
1278 1629
106 514
957 1165
943 1895
508 893
267 1343
516 906
1188 1326
1776 2000
603 1823
1176 1846
999 1167
581 752
1045 1799
24 142
31 1084
553 1309
1046 1071
1936 1979
653 1015
837 1980
234 1211
65 1253
700 1108
526 1975
85 185
331 744
1155 1670
1118 1630
1566 1906
103 709
158 1072
981 1234
51 1193
1083 1102
310 788
457 1624
720 793
938 1281
98 1542
1395 1633
870 1888
224 873
861 936
571 1344
1310 1674
289 1613
1924 1973
447 1067
711 1095
111 1081
551 886
525 1889
966 1223
418 1525
124 651
365 1998
706 1016
255 317
1296 1385
1465 1971
375 1810
117 630
576 1571
1195 1320
1027 1089
1331 1491
821 1002
352 1445
857 934
122 336
1001 1863
192 1316
261 503
80 1233
773 782
1036 1183
850 1959
643 1984
602 900
105 1662
408 1434
512 1006
285 964
1361 1864
290 1707
338 1366
1458 1824
599 894
827 1274
104 1446
70 1066
1545 1572
190 564
1181 1515
543 868
143 251
311 1110
558 1405
252 1308
605 681
180 645
159 195
48 1163
864 941
198 1736
76 853
1133 1978
39 1618
422 1508
610 625
728 1691
1735 1826
845 1867
1927 1996
112 1449
737 1757
399 1362
917 1297
349 449
624 1471
346 1881
161 1579
1018 1785
207 1695
188 1044
1146 1543
1004 1877
419 568
1688 1872
1055 1523
911 1506
759 1152
211 1692
785 1528
1550 1749
1317 1407
657 1617
1040 1269
927 1212
552 768
397 1977
804 1132
1221 1857
1698 1903
223 1495
374 1328
682 1719
61 1335
796 899
125 1774
358 1329
884 1933
1516 1890
1279 1398
979 1020
534 1393
926 1023
212 1113
614 626
631 1600
216 1510
16 402
194 579
428 1649
327 1454
583 638
1010 1358
1417 1871
1768 1967
424 492
529 685
486 1645
1275 1796
40 1033
1076 1559
164 1603
834 1134
877 1368
91 697
323 940
1093 1657
73 1722
107 1962
634 972
935 1238
608 843
427 1433
288 582
46 173
820 1117
442 1970
951 1838
852 1954
607 1876
328 1063
177 760
1589 1847
300 1477
501 1229
467 1981
100 229
616 810
184 1958
532 1064
504 1154
286 675
916 1593
33 1636
872 1904
717 1136
1030 1843
314 1762
362 1811
722 1498
784 1809
15 1456
661 692
1642 1849
618 632
92 266
743 1786
968 1239
1450 1517
756 920
1615 1724
1676 1829
908 1206
273 1199
149 1968
780 1960
1478 1853
1292 1574
238 1915
913 1806
748 854
1258 1441
741 967
753 1436
1191 1262
325 580
315 557
68 1351
113 1264
577 1219
1505 1992
438 1460
1068 1703
1218 1898
109 1248
1210 1805
1127 1798
1611 1820
1201 1836
619 1993
371 1226
297 1713
666 1659
126 1157
622 1482
326 1758
1421 1854
1607 1706
1263 1667
689 1401
1031 1290
359 1791
660 1392
69 1305
1466 1623
874 1837
28 1026
62 601
233 739
477 1792
721 1487
1514 1779
1034 1947
540 1839
462 589
767 1612
220 320
824 1338
44 1882
1087 1312
58 1399
146 1521
84 1964
770 1901
1189 1439
947 1170
1761 1921
79 546
1620 1653
1099 1164
656 1381
1948 1985
754 1538
1303 1955
218 997
102 1194
254 654
253 1503
792 802
235 1086
701 1788
1504 1734
1070 1780
574 762
202 262
367 1363
1402 1835
203 1282
500 593
116 1879
1493 1953
157 757
1754 1994
1672 1952
309 464
677 1961
334 1976
1291 1464
781 1353
736 1638
1185 1702
612 1840
841 855
1587 1880
755 1480
384 1415
1013 1119
687 1205
1079 1577
705 1488
1179 1664
204 401
394 818
777 1364
67 441
1246 1452
769 1518
436 1052
533 1897
81 1907
590 1394
1486 1671
1019 1818
550 1986
347 980
432 1356
11 518
1022 1963
620 1565
13 973
742 1500
1000 1130
521 885
560 715
822 962
1007 1035
891 1080
1764 1782
269 1972
727 1377
586 871
115 1923
387 1299
604 1175
470 1324
197 281
379 1304
413 561
519 1891
1288 1718
225 1502
439 946
524 904
1869 1938
321 1884
547 1720
57 1527
1750 1767
469 1490
179 479
505 1812
277 1051
1003 1451
455 1991
556 1378
635 866
1243 1423
1125 1148
978 1763
318 1595
924 1652
649 1694
563 1929
110 1822
293 1916
476 976
316 996
933 1858
1190 1371
1341 1531
520 902
1250 1669
1228 1254
544 1534
848 1360
118 132
64 506
41 275
747 1075
1098 1827
130 1265
1249 1569
295 1988
263 306
487 1255
231 1177
617 1868
373 623
268 1989
226 1983
1354 1789
145 1909
417 629
823 1088
694 776
710 1696
882 1412
1650 1769
214 1380
881 931
655 686
925 1602
1590 1974
42 1920
527 1202
641 1196
93 1584
1865 1931
1552 1709
1166 1930
991 1184
345 407
761 1216
396 1383
807 1997
356 929
960 1861
1120 1334
1573 1777
337 659
621 1748
1462 1699
832 1532
324 460
199 963
344 1467
575 1372
175 993
954 1112
688 1011
1204 1440
74 1197
801 1553
1270 1632
937 1581
227 640
426 611
573 1286
348 948
147 1950
213 1797
215 1730
127 961
221 1908
121 738
814 1519
798 1651
420 1461
536 1273
128 377
988 1235
942 1277
958 974
26 1943
222 835
1159 1391
1032 1207
600 1513
1144 1348
1169 1432
71 355
572 795
763 1656
87 628
95 730
597 1215
36 415
1029 1546
639 1626
245 1330
230 1705
539 892
1413 1685
1100 1444
435 1347
410 1937
75 119
265 1582
319 745
14 1192
1053 1616
896 1147
691 1025
49 466
839 860
133 725
1568 1814
465 570
96 1728
163 735
421 1686
303 1712
932 1106
591 1859
7 249
23 840
1596 1918
569 1548
713 1156
18 1009
606 1597
99 350
1337 1914
169 903
673 1367
284 890
66 411
140 876
388 1365
354 985
478 764
463 1795
1217 1732
805 1168
398 1257
172 1085
1549 1693
482 496
141 1097
959 1473
283 1437
134 829
412 1322
998 1172
1404 1442
150 1420
155 1535
1240 1599
63 378
43 171
726 969
475 1625
846 1541
1203 1946
1138 1551
986 1710
658 1737
1957 1999
237 1424
887 1816
1536 1844
1293 1848
598 667
1376 1635
1726 1852
1580 1896
151 1268
360 1122
509 1641
740 1690
135 137
1325 1526
53 1379
382 395
712 1591
444 1121
1332 1821
719 1725
1056 1410
750 1047
1537 1683
250 1017
790 1794
1524 1771
129 1621
910 1054
168 1878
59 650
187 808
809 971
498 1622
1057 1747
729 1765
779 1128
4 732
542 1301
1352 1902
1604 1727
353 718
330 1885
554 1940
77 1866
895 1187
1396 1716
915 1928
389 1562
390 1289
919 995
674 791
200 243
1547 1875
166 339
205 596
1739 1807
451 499
392 1743
152 1078
1932 1942
242 1655
865 1783
1678 1815
1605 1831
1061 1340
819 1825
994 1677
939 1741
278 665
1893 1987
493 1911
54 1842
1062 1174
342 1104
1074 1804
956 1403
1594 1910
494 1894
333 1284
50 258
528 1114
72 206
609 1704
816 1926
977 1453
1533 1680
562 1601
1261 1886
1285 1349
167 443
708 1575
307 1231
259 1856
45 1091
1171 1583
771 975
138 672
437 1862
1492 1684
1271 1307
1058 1828
585 812
800 1038
1222 1414
1784 1801
241 495
372 448
446 1956
298 648
922 1647
368 1637
313 380
430 538
1209 1560
1042 1065
746 914
676 1115
3 312
260 1951
400 515
1935 1966
