2000 1000
240 1060
430 1050
434 535
237 1171
116 207
1504 1877
255 551
105 1537
738 1840
427 752
275 1957
343 1823
660 883
448 1885
342 555
226 362
384 808
785 1390
11 684
46 422
996 1335
114 148
244 1569
492 1402
452 948
284 1144
592 833
377 1043
232 679
258 826
25 1378
438 1687
197 1997
882 1444
1926 1992
1698 1859
1623 1716
665 1604
559 1037
463 584
302 478
545 1767
695 1217
583 747
1277 1582
818 1553
309 364
614 1247
561 1897
1794 1948
1026 1600
1174 1346
183 1963
1401 1635
1095 1965
539 1082
588 718
753 1856
44 1121
1056 1866
916 1981
1933 1990
81 365
1185 1867
1454 1912
1091 1433
122 915
1406 1844
1033 1846
1348 1354
373 1827
37 53
868 1540
423 1675
368 1074
375 1369
128 1748
757 1291
1480 1896
806 1830
138 1798
145 525
1496 1630
442 879
641 1506
166 1231
120 855
1453 1924
1459 1855
1625 1878
1145 1152
605 1696
928 1959
77 1558
1111 1913
595 599
113 834
576 1736
263 382
87 1617
1330 1462
925 1633
1080 1278
272 607
325 1089
1349 1988
745 781
158 1906
683 1233
12 638
346 892
933 1893
211 1741
36 339
1837 1891
59 63
301 1653
878 1585
1169 1203
1606 1720
564 1636
1365 1514
652 1340
632 1938
579 623
622 1079
788 873
281 1451
106 943
254 930
51 1245
562 1958
58 1778
193 1594
662 1816
1286 1909
472 1683
1523 1834
24 1407
1115 1124
797 1452
1194 1515
506 1416
141 1156
728 1627
496 1631
345 824
612 750
517 1016
18 286
1325 1882
219 1758
681 886
387 906
957 1306
175 1828
707 1280
1189 1283
1310 1591
439 971
462 1601
144 528
420 710
1255 1395
131 455
4 1555
306 316
1516 1961
690 827
279 1921
669 1271
1140 1939
194 1041
936 1386
1258 1922
398 646
541 1094
444 524
969 1172
10 1989
348 983
476 1657
1205 1668
332 1356
411 1011
285 1299
385 1624
367 1499
676 775
606 1116
461 1363
421 1717
1607 1684
1648 1874
28 65
341 1706
766 1742
649 1166
1055 1863
783 1404
508 1474
323 1685
990 1334
441 499
836 1434
205 1302
1423 1868
1098 1681
586 1012
1177 1974
1563 1799
54 495
66 1790
505 1670
227 1982
748 1586
209 1955
639 1908
1747 1983
981 1141
41 1971
319 1418
449 1936
414 1161
689 862
905 1658
1199 1876
282 1350
161 1240
1019 1927
1701 1723
721 921
1118 1213
487 992
214 843
1071 1290
704 859
98 1705
1109 1820
1473 1608
1024 1880
1775 1928
1099 1218
526 929
739 1967
777 947
99 1032
982 1227
104 1614
474 1147
832 1557
637 1610
56 1070
570 626
236 610
164 1772
581 1804
529 1110
794 1292
154 1331
1296 1786
242 1035
546 772
124 1061
180 822
1104 1445
1085 1822
1413 1953
515 803
887 1730
111 206
482 1919
569 1686
260 433
1188 1596
1130 1472
135 518
370 1467
668 743
656 1583
744 1138
1438 1973
911 1980
1013 2000
523 1566
782 1439
355 1762
220 1964
471 1546
234 816
749 1518
1707 1779
1379 1923
767 1288
1047 1193
136 1821
457 973
1415 1598
964 1424
71 1054
19 1254
603 1976
291 1206
630 1426
1052 1802
958 1093
1040 1181
311 1282
497 655
231 1021
344 1316
465 959
1216 1236
340 424
6 417
939 1525
1393 1695
809 1168
288 1146
117 779
163 1789
230 1968
48 243
276 534
1248 1862
310 1579
47 1376
698 919
1383 1925
250 1308
573 1800
101 938
1173 1548
95 1105
937 1448
13 1490
1025 1960
1795 1860
486 1512
615 1397
247 1904
248 1640
1387 1495
217 987
897 1649
1113 1691
670 1103
1298 1435
363 1944
313 793
831 1066
1892 1914
680 1489
709 1952
203 1326
589 1389
798 1154
5 295
480 1491
503 1456
977 1214
402 1410
1198 1371
554 1031
68 1403
210 1734
290 1339
697 1196
261 1550
479 955
733 1783
657 1901
357 858
130 587
215 1430
45 223
1045 1479
352 380
90 1942
151 1293
1485 1903
97 1322
830 907
491 1051
1235 1639
274 460
558 884
840 1375
1304 1995
544 1889
972 1256
31 800
451 1432
153 835
246 1539
186 1497
553 1699
691 1660
196 644
108 293
1057 1336
86 125
241 813
1008 1718
359 796
856 1831
447 500
169 635
137 850
1388 1966
618 885
1108 1176
378 1312
312 711
168 1112
238 1427
280 1680
1414 1618
714 1792
604 828
80 1246
390 914
1954 1986
67 1801
190 294
129 702
566 1884
758 1807
1191 1466
305 1611
1067 1232
270 1068
470 1022
416 1945
64 1503
225 944
400 1183
1392 1721
1552 1673
142 1333
1502 1852
593 1605
1212 1781
239 1263
89 787
659 912
706 1509
314 1143
961 963
602 634
1018 1744
846 1650
952 1808
307 1930
727 1708
399 445
394 1935
790 1517
43 1848
425 1257
792 1697
1162 1645
176 1703
565 999
3 701
177 356
560 902
1241 1956
811 1149
204 1136
663 896
732 1759
410 814
1547 1733
143 1135
988 1864
1150 1545
1201 1581
181 1674
1732 1873
335 1314
1341 1750
35 1449
968 970
1209 1850
720 1811
1634 1752
432 1920
396 1180
708 1824
723 1584
572 1662
1457 1561
52 625
403 819
391 1092
997 1289
755 1536
296 1358
1114 1725
1676 1843
498 1084
132 1664
712 918
740 1264
473 1814
172 1319
435 1284
330 1100
321 1042
481 1269
825 1469
1665 1693
233 273
446 1311
1637 1869
1477 1651
994 1027
687 1355
1087 1749
741 1731
383 1367
880 1279
458 1806
133 536
735 870
224 1221
761 1017
256 872
14 1268
628 762
1253 1488
140 1078
778 1771
78 1014
162 1273
694 1381
693 900
1616 1796
1266 1436
23 431
1692 1962
1044 1252
75 1619
934 953
308 509
575 1667
109 974
764 1710
1492 1793
1739 1902
33 746
94 585
322 440
1776 1817
1097 1370
666 1412
677 942
837 1788
350 547
1317 1895
1440 1947
1107 1429
49 1620
985 1970
42 678
27 1443
167 1603
1417 1573
613 1015
1307 1621
642 920
123 513
1228 1813
725 945
300 829
839 1879
1238 1588
115 1659
891 1270
860 1511
1422 1534
804 865
1006 1476
1285 1565
1419 1654
179 395
408 456
889 1574
842 1224
1461 1629
235 1486
580 986
103 494
1272 1711
815 1881
1158 1875
995 1192
578 894
185 1494
776 1791
1455 1832
674 1932
299 1726
1463 1464
245 1526
812 1237
160 265
501 567
1159 1281
954 1577
34 287
910 1916
951 1679
170 1590
405 688
530 621
1229 1373
699 1571
327 360
289 504
195 222
139 318
821 1578
716 1385
627 1295
768 1005
550 1609
1405 1714
55 1743
841 1520
315 412
597 903
1560 1755
705 1915
1275 1888
112 1886
2 1260
159 259
874 888
616 754
91 780
152 372
734 877
700 1809
854 1458
1351 1599
591 1484
1090 1842
1129 1672
88 1556
1644 1861
1849 1894
1073 1780
397 1646
361 1058
998 1359
1382 1870
419 1652
737 909
516 1993
1851 1949
898 1528
1638 1805
320 1542
1274 1519
267 1554
538 965
443 1887
354 866
1038 1678
713 1064
1225 1770
39 1812
1004 1267
1532 1940
76 1294
171 1702
893 1287
92 1131
488 1220
351 1242
913 1265
347 863
519 817
304 654
667 1380
1126 1656
864 1647
72 1845
799 1774
527 1086
1053 1690
1001 1890
1102 1137
484 1362
483 881
664 1329
802 1946
533 1460
401 946
549 844
38 1559
328 1361
1023 1029
134 1276
331 1543
1153 1642
1666 1898
428 810
70 208
511 1101
155 1564
1187 1482
596 1059
1727 1984
371 532
507 1210
1119 1347
784 1366
353 1826
16 502
568 1244
376 1321
121 366
450 1597
119 1250
724 1757
1226 1738
201 1069
118 1300
620 1510
406 1020
485 1740
418 1003
326 1167
770 1580
212 251
556 1391
388 1160
645 1301
386 1715
1165 1593
601 895
577 1441
631 1421
257 1570
751 1575
1587 1847
156 1524
805 1704
540 1230
30 643
542 1083
786 1709
74 1076
1475 1544
26 609
221 1522
1122 1249
126 1132
899 1595
324 1754
1072 1239
297 1508
8 978
927 1028
765 966
271 1626
537 1498
150 1327
178 1398
1207 1985
673 1139
514 975
21 935
552 1505
1338 1394
1372 1396
696 1262
393 1728
1009 1829
303 1178
756 993
729 1039
1470 1568
469 671
1400 1998
1106 1929
789 1835
736 1838
349 489
1202 1735
590 1900
69 1612
228 1120
15 1641
852 984
1049 1251
1 1096
1425 1529
262 633
1036 1815
1151 1527
853 1303
317 1481
629 1320
956 1297
1722 1999
1374 1810
932 949
1034 1643
1305 1719
791 991
404 820
229 1871
32 283
1259 1343
760 1507
436 1535
574 1487
278 1763
1190 1994
1148 1768
83 1533
329 682
334 459
686 1841
807 1493
845 931
510 950
426 1127
658 1513
127 1468
199 908
980 1384
358 1081
1411 1589
1746 1857
1133 1761
647 1858
1428 1669
917 1215
107 1764
60 1918
1615 1931
624 1883
726 1751
467 1500
336 1318
192 249
102 1905
851 1782
82 1420
268 653
338 1117
875 1483
477 1977
1142 1836
940 1222
719 1501
1785 1951
454 1328
1164 1186
548 1628
415 1364
173 253
651 1613
374 1048
512 1943
1655 1689
672 989
774 1046
976 1907
20 407
1163 1724
93 1987
1622 1911
531 1157
1234 1784
7 1538
619 861
661 1352
437 475
1576 1917
967 1934
636 1197
1572 1937
650 1760
85 429
1833 1978
1309 1972
216 1010
1208 1368
543 1661
848 1223
84 1632
1408 1551
598 1853
924 1200
1204 1910
1219 1773
50 1975
901 1872
857 1030
413 904
392 1357
17 922
182 464
571 941
717 1562
1353 1471
648 1063
61 165
1712 1818
29 1399
1007 1337
1123 1530
742 926
563 1360
9 923
1179 1211
96 1745
409 1787
608 1996
252 1175
149 1729
369 1342
264 493
1442 1688
333 763
1155 1756
731 1447
269 1663
582 1077
379 730
266 1765
1062 1803
79 218
62 147
40 110
292 600
1182 1737
849 1677
876 1941
1184 1819
611 1000
200 773
188 381
213 703
298 1592
521 1344
685 769
979 1377
453 1865
1549 1777
202 1713
1075 1521
795 1324
771 1128
1531 1899
675 1002
1195 1950
184 1170
847 867
22 1602
57 1465
157 1979
960 1409
890 1332
191 1065
100 389
594 1437
198 277
838 1797
146 1134
1243 1446
801 1766
1682 1753
337 490
187 1854
1313 1541
640 1431
1261 1769
871 1345
1323 1991
73 520
174 1088
557 1671
692 1450
189 759
466 869
823 1125
468 1315
617 1694
715 1839
1700 1825
962 1567
522 1969
722 1478
