2000 1383
1 1341
2 897
2 1141
3 585
3 875
4 1054
5 1571
7 190
7 1920
8 113
9 451
11 394
11 858
11 1120
12 263
13 709
13 1005
13 1894
17 824
18 868
18 1162
19 67
19 408
19 1158
20 1606
21 723
22 292
23 276
23 1216
23 1358
24 601
26 978
27 277
29 1390
29 1548
30 1012
31 709
31 1815
32 969
33 1242
34 834
34 1619
35 936
39 136
39 1844
40 1602
41 458
41 1302
41 1419
42 590
42 1970
44 1099
45 966
45 1759
46 1068
47 1097
48 1529
49 1966
50 1549
51 429
52 1602
53 177
53 878
54 1355
56 459
56 888
56 899
57 187
59 309
59 539
59 587
62 1457
64 204
64 842
65 268
65 407
66 1355
66 1458
68 1201
69 72
69 1756
69 1956
70 1014
71 1356
72 670
72 843
73 606
73 953
73 1425
75 376
78 1050
81 813
83 182
83 953
83 1169
84 1042
85 853
85 1981
86 641
86 728
86 1000
87 758
88 792
88 964
89 828
89 1141
90 381
90 1024
91 1200
91 1692
92 1010
92 1028
92 1882
93 1064
93 1514
95 225
95 1604
97 1825
99 252
101 125
101 413
102 1838
103 990
103 1128
103 1935
104 985
105 1273
105 1567
105 1828
107 1028
107 1293
107 1314
108 1045
109 427
109 807
110 1912
112 876
112 1741
113 759
115 132
115 926
118 1292
120 692
121 678
121 1550
122 1636
123 926
123 1397
125 1023
125 1138
126 527
126 1074
127 1408
128 546
129 1856
130 244
130 947
133 1559
135 569
135 602
135 1705
136 232
136 593
137 1739
138 1433
138 1904
139 238
140 365
140 1137
140 1231
140 1260
140 1998
141 393
141 1483
144 1854
145 1587
145 1783
146 329
146 480
146 938
147 1375
150 1261
150 1498
152 1330
153 1405
153 1910
153 1965
155 220
155 1270
155 1406
159 1254
159 1933
160 1212
160 1473
160 1961
161 1862
163 1259
163 1749
165 948
165 1656
166 540
166 1681
167 981
168 1269
168 1563
169 999
169 1471
170 358
172 376
173 490
173 1642
176 486
176 1141
177 1371
178 643
178 787
178 1074
180 1248
181 872
181 1558
183 800
184 951
186 543
187 631
187 1554
188 601
188 908
189 649
190 543
190 1877
192 1440
192 1483
193 1804
194 668
195 817
196 484
197 709
197 738
198 1322
198 1429
199 1990
201 535
201 1484
204 387
204 1649
205 872
205 1207
205 1329
206 1589
207 1156
207 1733
208 582
208 802
210 1462
211 1065
211 1130
211 1705
212 1670
214 977
214 1219
215 1599
217 310
217 1897
218 1004
221 680
222 626
223 1211
224 1397
224 1796
225 851
225 1261
227 803
228 317
228 970
228 1312
229 297
229 1037
229 1785
230 1533
232 912
233 1029
236 1625
237 264
237 505
237 1521
238 785
238 1275
238 1788
239 698
239 787
239 1310
240 492
241 1963
246 1834
247 759
247 1672
247 1741
248 914
248 1108
248 1513
249 255
249 790
249 1793
253 1057
253 1431
253 1848
255 892
255 1470
255 1515
255 1577
255 1628
255 1863
256 363
257 300
257 1940
258 1175
259 883
260 678
260 1634
260 1711
261 413
262 421
262 887
263 1243
263 1695
263 1700
266 847
270 1740
270 1797
272 803
272 841
274 1039
275 369
276 1495
277 960
278 831
279 346
281 1041
281 1944
282 1187
283 322
283 1494
285 567
285 1066
286 1528
288 289
288 378
288 1803
289 1755
292 566
292 709
292 1744
294 1488
294 1870
297 684
297 1214
297 1599
298 1113
298 1236
298 1652
300 1267
301 990
304 1278
306 1200
307 915
307 966
308 1614
308 1717
309 1409
310 1411
311 1087
312 1394
313 1418
313 1733
313 1969
314 1097
316 1201
316 1952
317 428
317 1439
318 703
318 1107
318 1285
319 925
319 1289
321 1291
323 531
323 1563
324 974
325 916
325 1043
326 1168
327 1401
328 743
328 853
328 1791
329 818
331 1024
331 1098
331 1518
331 1564
332 1341
333 1581
335 466
335 883
335 1573
337 781
337 1137
338 874
340 1400
341 1547
341 1767
342 1113
342 1138
342 1886
342 1892
347 1465
348 926
348 1417
348 1800
349 560
349 563
349 1964
350 743
350 828
350 1652
351 1488
352 579
354 466
355 899
356 670
356 1794
357 1449
358 1959
359 1196
359 1217
360 1104
360 1631
361 1915
362 801
362 1990
363 1674
363 1769
363 1968
364 1658
367 752
371 1190
375 1297
375 1777
376 1857
377 382
378 505
379 381
380 396
381 485
381 1230
383 701
383 1255
384 599
384 1822
387 411
387 779
387 1453
387 1596
388 411
389 1262
389 1318
389 1686
390 631
390 1028
392 637
392 1793
393 797
394 586
394 776
395 721
395 737
395 812
396 642
396 674
396 1471
396 1605
397 1827
398 450
401 403
402 1372
402 1832
403 597
404 571
404 1228
405 497
405 1830
406 905
406 999
407 1182
407 1837
408 936
409 1247
410 642
410 1892
410 1962
411 728
411 796
411 1162
411 1217
412 886
412 1830
413 1112
414 594
414 740
415 612
416 961
416 1224
416 1337
418 741
418 1054
419 1548
419 1656
419 1930
420 1337
420 1532
420 1840
421 581
422 821
422 1213
422 1479
424 1774
426 693
427 1328
428 550
428 561
428 1404
428 1761
429 576
430 1202
432 966
432 1847
434 1186
435 876
437 671
437 1143
440 922
440 1934
441 1169
442 1485
444 1550
445 1008
446 1323
446 1571
447 929
448 1215
448 1609
449 517
449 1106
449 1778
452 870
452 1033
454 1005
454 1211
458 1096
458 1391
458 1501
461 1082
463 1571
464 1435
465 1578
466 497
466 1856
467 1818
469 1715
470 1257
470 1663
473 544
473 1516
473 1979
474 894
475 614
475 1807
477 1502
477 1994
478 883
478 1464
478 1465
478 1753
479 749
479 1610
481 1775
482 928
482 1282
485 1612
485 1784
486 738
487 1195
487 1803
488 1303
488 1954
489 1347
489 1497
489 1547
490 814
490 1733
492 648
492 1968
494 691
496 1636
496 1983
497 1146
497 1437
498 776
498 1330
498 1748
499 1856
501 580
502 1316
503 557
503 1225
503 1689
504 902
504 1330
505 803
505 1163
505 1539
505 1653
505 1717
506 1725
509 1984
510 1937
511 902
513 722
513 732
513 979
514 743
515 1298
515 1678
519 919
520 891
520 1458
520 1582
520 1690
521 801
523 687
523 1503
527 1439
527 1814
527 1994
528 1805
529 1032
529 1484
530 1470
530 1479
532 1921
533 1875
537 842
537 1824
538 788
538 964
539 683
541 1171
541 1522
544 805
544 1071
545 1931
546 1554
546 1899
547 1229
548 1722
550 1652
552 1797
553 1363
554 1208
555 876
555 1651
556 1036
557 1977
558 1706
558 1730
559 1543
559 1704
560 686
560 1302
561 1025
561 1512
561 1589
564 566
564 645
565 1500
565 1985
566 604
566 1493
567 1323
567 1831
571 625
571 1172
571 1877
572 671
573 1253
573 1961
575 659
575 734
575 1424
575 1744
575 1816
576 1370
582 865
583 941
586 728
586 964
590 1614
591 905
591 1120
591 1193
591 1576
592 1832
593 1914
595 1408
596 1359
596 1541
597 1815
599 1878
600 1086
600 1233
600 1752
602 1360
604 1394
605 1332
607 929
607 1428
607 1551
611 1395
613 957
614 1299
615 827
615 1637
617 1606
619 1087
619 1130
619 1977
620 1336
622 1606
625 1124
625 1946
628 886
629 1490
629 1524
631 921
631 1298
632 1525
633 1871
634 1931
634 1948
637 1134
638 1391
639 1615
640 683
642 1482
645 1207
646 1868
648 1140
649 1263
650 1202
651 1526
653 1431
657 1808
658 1125
659 762
659 767
660 1238
662 1117
662 1235
663 1537
663 1905
665 1781
666 1590
667 1728
668 836
668 1015
668 1839
668 1904
669 742
669 1589
672 1195
673 960
673 1172
673 1476
674 708
676 890
676 1080
680 1496
681 1807
682 1467
684 1197
685 1004
685 1512
685 1779
687 1847
688 1483
689 1147
690 1622
691 1262
691 1290
691 1444
692 999
697 763
698 867
700 1398
700 1509
701 718
703 1824
706 1971
707 1609
708 1086
708 1946
709 1785
710 1787
711 1608
715 1157
715 1933
716 1145
719 1544
719 1594
720 1570
722 867
723 1180
724 1108
725 726
725 894
725 1098
726 1133
728 1269
729 750
731 1533
733 1587
734 1151
735 1739
736 888
736 1344
737 1701
737 1804
738 995
739 1214
740 1349
740 1922
742 998
743 1804
744 814
745 902
746 1167
746 1308
747 1064
747 1468
751 1502
752 1881
754 811
757 1201
759 1226
759 1360
759 1361
759 1381
762 1308
763 1121
763 1558
763 1567
764 1246
765 1231
765 1294
765 1794
770 1331
771 925
772 1050
773 795
773 914
775 1135
775 1657
775 1930
776 849
778 1863
779 1483
780 1040
783 1331
783 1586
783 1812
784 1812
786 1000
787 1736
788 976
788 1023
789 1248
790 894
793 1601
794 1289
796 918
796 1171
800 1104
800 1186
800 1640
801 1115
801 1177
805 1758
806 1390
806 1988
808 1192
808 1548
808 1916
811 1615
812 1735
813 1677
814 963
816 1347
817 873
817 876
817 1852
817 1985
819 960
820 1859
821 1300
821 1470
822 948
824 1300
825 1561
829 1346
831 889
831 1847
832 1467
832 1570
834 1486
834 1507
835 1953
840 1071
840 1196
840 1883
841 1007
841 1838
842 1356
844 1967
845 1376
848 1733
850 1446
852 1300
853 878
858 869
858 1173
861 1853
862 908
863 1273
863 1329
864 894
864 1701
864 1773
865 1123
866 897
867 1359
867 1423
867 1700
868 1704
869 1189
869 1375
873 1133
875 1673
876 1195
876 1964
877 1398
878 1348
878 1549
878 1930
880 1253
882 1738
885 1949
886 982
890 1219
892 1494
897 1856
899 1201
899 1730
903 917
903 1436
903 1828
903 1942
904 1791
905 1515
905 1779
908 1399
908 1626
908 1815
909 958
911 928
912 1328
912 1739
913 1769
914 1295
916 1952
917 1491
917 1537
919 1521
919 1664
922 1038
923 925
923 1801
923 1987
924 1272
924 1279
924 1513
925 1221
925 1312
925 1377
928 1338
931 951
931 1220
933 1664
934 1092
938 1612
938 1695
939 1860
941 1271
941 1667
941 1781
945 956
945 1391
947 1109
947 1695
950 1311
951 1787
952 1008
952 1377
953 1359
953 1807
955 1004
955 1788
957 1626
958 1035
962 977
962 1990
966 1787
967 1191
969 1776
970 1984
971 1809
972 1558
972 1572
973 1602
975 1101
975 1707
976 1249
977 1120
979 1040
988 1632
989 1344
990 1416
997 1192
1001 1024
1001 1940
1002 1479
1003 1664
1005 1240
1005 1870
1010 1233
1011 1087
1012 1381
1013 1164
1014 1149
1015 1726
1018 1191
1019 1234
1020 1326
1021 1278
1022 1435
1023 1131
1026 1926
1027 1132
1027 1993
1028 1250
1028 1924
1030 1880
1031 1264
1031 1839
1035 1080
1039 1410
1039 1718
1040 1042
1041 1096
1041 1794
1042 1939
1044 1390
1046 1052
1047 1599
1048 1794
1050 1484
1055 1090
1061 1188
1061 1498
1061 1572
1064 1276
1066 1772
1074 1432
1078 1170
1079 1225
1080 1189
1080 1723
1082 1543
1084 1462
1090 1189
1091 1498
1091 1652
1091 1900
1091 1948
1092 1211
1097 1119
1099 1299
1099 1589
1102 1579
1103 1214
1108 1391
1109 1351
1117 1207
1121 1908
1126 1150
1126 1729
1127 1327
1128 1856
1131 1355
1131 1997
1132 1937
1133 1647
1134 1520
1135 1280
1138 1174
1138 1469
1140 1496
1140 1674
1142 1636
1147 1438
1148 1434
1150 1660
1151 1216
1151 1332
1151 1603
1153 1785
1154 1263
1155 1696
1156 1284
1157 1451
1164 1491
1164 1997
1168 1896
1178 1560
1180 1454
1180 1997
1181 1718
1182 1222
1184 1642
1185 1930
1186 1648
1187 1476
1187 1591
1188 1822
1189 1307
1190 1507
1193 1274
1193 1503
1197 1567
1200 1802
1201 1744
1202 1292
1205 1700
1206 1401
1207 1756
1207 1794
1209 1873
1211 1962
1213 1511
1213 1973
1216 1655
1216 1829
1217 1342
1218 1447
1218 1910
1219 1525
1219 1633
1222 1749
1223 1663
1224 1622
1224 1780
1225 1322
1227 1910
1228 1838
1234 1749
1237 1655
1239 1619
1240 1276
1241 1791
1243 1693
1244 1973
1245 1271
1245 1569
1246 1447
1248 1289
1250 1396
1250 1929
1252 1269
1252 1958
1255 1272
1255 1382
1255 1513
1258 1631
1259 1579
1262 1561
1263 1413
1263 1666
1264 1564
1264 1704
1265 1998
1272 1946
1273 1617
1274 1928
1280 1517
1281 1506
1283 1562
1286 1444
1286 1613
1286 1903
1288 1619
1289 1844
1290 1496
1295 1421
1295 1567
1307 1369
1309 1933
1322 1876
1323 1899
1325 1355
1326 1536
1330 1629
1331 1702
1332 1796
1335 1981
1337 1792
1340 1349
1341 1927
1341 1954
1342 1688
1343 1488
1350 1904
1353 1506
1355 1621
1363 1843
1364 1926
1365 1425
1366 1504
1367 1713
1370 1987
1375 1392
1376 1561
1382 1757
1383 1461
1385 1961
1387 1634
1387 1823
1387 1911
1388 1410
1389 1393
1392 1507
1393 1587
1395 1507
1395 1939
1397 1586
1398 1824
1400 1704
1404 1602
1408 1774
1408 1843
1408 1945
1410 1872
1410 1990
1411 1603
1412 1939
1415 1732
1415 1895
1426 1455
1428 1715
1430 1632
1435 1772
1437 1569
1444 1932
1452 1486
1455 1741
1456 1603
1457 1621
1457 1651
1460 1943
1461 1662
1463 1787
1463 1794
1466 1958
1468 1731
1472 1757
1478 1792
1481 1736
1484 1940
1485 1958
1486 1854
1490 1505
1490 1819
1491 1716
1491 1961
1496 1908
1499 1605
1501 1598
1501 1782
1505 1991
1506 1862
1513 1867
1515 1749
1521 1597
1529 1616
1529 1745
1530 1764
1531 1784
1538 1641
1540 1623
1540 1864
1544 1946
1552 1601
1553 1781
1553 1996
1565 1817
1565 1966
1565 1981
1566 1847
1567 1823
1569 1619
1571 1982
1572 1919
1576 1592
1577 1610
1578 1630
1578 1855
1584 1651
1588 1900
1594 1892
1596 1704
1597 1780
1597 1985
1604 1661
1605 1689
1614 1729
1617 1625
1618 1969
1629 1731
1633 1883
1635 1832
1638 1821
1647 1902
1650 1854
1659 1712
1661 1963
1663 1869
1678 1924
1697 1954
1708 1956
1722 1751
1724 1782
1733 1755
1734 1838
1736 1977
1745 1880
1753 1758
1762 1933
1784 1905
1802 1960
1811 1888
1812 1816
1812 1832
1813 1938
1813 1948
1819 1860
1823 1953
1851 1993
1852 1986
1860 1872
1870 1961
1900 1904
1911 1984
1965 1969
1966 1982
