2000 3001
1 1345
1 1898
2 1111
3 123
3 1537
4 161
4 458
4 817
4 1031
5 690
5 1088
5 1252
5 1454
5 1848
6 489
6 1193
6 1478
7 316
8 970
8 988
8 1151
8 1462
9 200
9 916
9 970
9 1186
10 666
10 1550
10 1689
12 974
12 1600
13 158
13 479
13 1106
13 1231
13 1427
13 1683
13 1945
14 526
14 1902
15 32
15 56
15 851
15 1414
15 1789
16 179
16 1677
17 700
19 1496
21 524
21 1323
21 1633
22 1286
23 216
23 302
23 708
23 1009
23 1715
24 56
24 113
24 640
24 941
25 30
25 1273
28 321
28 969
29 1628
29 1694
30 294
30 875
30 1298
30 1755
31 56
31 1537
31 1853
32 883
32 1136
32 1292
32 1642
33 584
33 744
34 134
34 724
34 859
34 1757
35 1892
35 1918
36 665
36 886
37 157
38 540
38 1000
38 1385
38 1659
38 1820
40 661
40 843
41 416
41 1285
41 1797
42 223
42 1475
42 1488
43 724
43 817
43 876
43 1116
44 396
44 1019
44 1929
45 132
45 149
45 1035
45 1639
46 57
46 351
46 407
47 317
48 131
48 458
48 504
48 836
48 1040
48 1175
48 1584
48 1872
49 50
49 1688
50 483
50 1182
51 593
51 784
51 1440
51 1598
51 1824
51 1942
52 1173
52 1261
52 1630
52 1893
53 127
53 139
53 154
53 997
53 1181
53 1514
53 1868
54 1189
54 1550
55 85
55 190
55 306
56 482
57 166
57 606
57 953
57 1196
57 1282
58 150
58 825
58 848
58 1328
58 1614
58 1964
59 1636
59 1973
60 990
60 1755
61 158
61 425
61 1378
61 1727
62 720
62 1279
63 1219
63 1327
64 1383
65 95
65 372
65 530
65 535
66 1667
70 696
70 771
70 1431
71 219
71 496
71 663
71 808
71 1632
71 1859
71 1933
72 234
72 448
72 560
72 639
72 1197
72 1247
72 1262
73 255
73 507
74 1013
74 1139
75 132
75 1689
76 426
76 1340
76 1526
76 1744
76 1918
77 272
77 1811
78 1950
79 1210
80 1002
80 1064
81 157
81 843
81 1482
82 132
82 1563
82 1971
83 1664
83 1900
84 748
84 999
85 507
85 1115
85 1186
85 1747
86 1071
86 1265
86 1662
87 204
87 339
87 1698
88 176
88 315
88 561
88 762
88 1069
89 210
89 1097
89 1537
89 1836
90 694
90 994
91 1299
91 1766
91 1986
92 312
92 443
92 594
92 1812
92 1853
93 206
93 1486
93 1710
93 1887
94 363
94 843
95 217
95 596
95 707
95 994
95 1215
95 1355
96 384
96 391
96 437
97 765
97 1845
98 1248
99 513
99 1013
99 1117
99 1263
100 622
100 1062
100 1085
101 714
101 753
101 1361
102 285
102 421
102 976
103 579
103 1778
104 252
104 447
104 690
104 1957
105 1209
106 897
106 1588
106 1812
106 1855
107 502
107 628
107 1697
107 1749
107 1780
108 547
108 777
108 991
108 1847
109 232
110 906
110 1148
110 1578
111 858
111 1609
111 1786
112 941
112 1917
114 289
114 841
114 950
115 162
115 530
115 665
115 1335
116 832
116 1694
117 458
117 1827
118 131
119 1033
119 1605
119 1653
119 1822
121 801
121 1104
121 1759
121 1806
122 1530
122 1779
122 1922
123 312
123 386
123 1123
124 288
124 632
124 1420
125 294
125 433
125 1055
125 1269
125 1770
126 1829
127 223
127 1997
128 1073
128 1160
129 206
129 454
129 731
130 534
130 1490
130 1552
130 1887
131 431
131 507
131 1603
131 1718
131 1993
132 1231
132 1495
132 1767
133 1933
134 1009
135 876
135 944
135 1309
136 147
136 248
136 1093
137 678
137 1473
138 383
138 1538
138 1667
139 1614
139 1741
140 518
140 910
140 1925
141 330
141 813
141 1778
141 1864
142 777
142 1126
142 1490
142 1616
143 1349
143 1625
144 219
144 942
144 1677
145 670
145 1249
146 323
146 358
146 634
146 641
146 1187
146 1286
146 1609
147 1383
147 1725
148 418
148 947
148 1409
148 1648
149 504
150 718
150 980
150 1565
151 238
151 425
151 841
151 1385
151 1706
152 535
152 613
152 627
152 678
152 1924
153 850
153 1070
153 1951
154 1402
154 1497
155 1075
155 1700
156 1749
157 358
157 882
157 1259
158 206
158 246
158 1324
158 1541
158 1660
158 1832
159 824
159 1019
159 1243
160 1166
160 1414
161 607
162 854
162 1835
163 959
164 571
164 794
164 1536
165 537
165 896
165 926
165 1155
165 1810
166 243
166 273
166 1262
166 1870
168 660
168 889
168 1655
169 175
169 763
169 1855
170 1177
171 451
171 887
171 942
171 1237
171 1608
172 263
172 890
172 1277
173 216
173 289
173 305
173 427
173 1654
174 777
174 1891
175 246
175 438
175 688
175 915
176 286
176 1006
177 522
177 775
178 588
178 624
178 1863
179 462
179 547
179 1269
179 1464
179 1650
180 198
180 1106
180 1606
181 992
181 1139
182 1040
182 1172
182 1571
182 1869
183 208
183 871
183 1186
184 1759
185 380
185 456
185 902
185 1106
185 1721
185 1907
186 271
186 1280
186 1437
186 1729
186 1750
187 272
187 1904
187 1991
188 842
189 468
189 920
190 881
190 909
191 806
191 815
191 940
192 303
192 934
192 1126
192 1258
192 1719
193 323
193 344
193 456
193 1064
194 456
194 522
194 1846
195 1205
195 1377
196 275
196 645
196 1488
196 1892
197 1747
198 732
199 425
199 936
199 1815
199 1913
200 310
200 321
200 1912
201 1870
202 663
202 935
202 1752
203 818
203 1069
203 1751
205 578
205 1244
206 590
206 640
206 1080
206 1588
207 347
207 1787
207 1984
208 912
208 1316
208 1711
209 285
209 630
209 741
209 855
209 953
209 1672
210 1107
210 1481
211 445
211 1001
211 1900
212 418
212 1134
213 747
213 835
213 1803
214 1307
215 315
216 1369
217 1855
218 1736
219 278
219 1485
219 1588
220 1178
220 1358
221 800
221 959
221 1354
221 1355
221 1635
222 690
222 1352
223 289
223 873
223 1355
223 1950
224 1046
224 1221
226 417
226 864
226 1074
226 1438
226 1616
227 253
227 1803
228 347
228 512
229 645
230 234
230 249
230 505
230 724
230 1318
230 1426
230 1578
231 633
231 1445
231 1789
232 722
232 1125
232 1340
232 1983
233 1846
234 1408
235 431
235 742
236 619
236 1052
236 1538
237 496
237 729
237 1233
238 254
238 1032
239 1705
240 276
240 1624
240 1628
241 753
242 449
242 857
243 492
243 801
243 817
243 1367
244 257
244 301
244 561
244 906
245 1440
245 1755
246 1846
247 1441
248 1192
248 1967
249 616
249 1063
250 952
251 874
252 669
252 754
252 1756
253 606
253 749
253 1051
254 270
254 568
254 627
254 957
254 1864
255 861
257 510
257 1218
257 1725
257 1852
258 1201
258 1302
258 1776
259 673
259 716
259 1298
259 1868
260 365
260 386
261 346
261 433
261 880
261 1293
261 1307
262 265
262 726
262 1218
262 1693
262 1843
262 1862
262 1864
263 630
263 723
263 1027
264 848
264 1047
264 1722
264 1914
265 1204
265 1889
266 588
266 1075
267 771
268 344
268 1605
269 426
269 852
269 1116
269 1292
270 321
270 350
270 508
270 889
270 1030
271 714
271 969
272 888
273 1236
273 1547
273 1866
274 630
274 753
274 1428
275 515
275 539
275 1126
275 1339
275 1590
275 1620
276 757
276 1051
276 1066
276 1204
277 1493
278 825
278 888
278 1898
279 384
279 844
280 717
280 871
281 959
283 576
283 1183
283 1768
283 1946
284 625
284 885
284 888
284 1246
285 1184
286 695
286 955
286 968
287 1721
287 1759
288 625
288 934
288 1251
289 613
289 678
289 843
289 849
289 1164
289 1799
290 1160
290 1460
290 1777
291 488
291 789
291 867
291 1341
291 1388
292 986
292 1628
292 1717
293 752
293 1160
293 1457
294 756
294 1857
295 763
296 527
296 1759
297 316
297 1472
298 322
298 1135
298 1956
299 1289
300 561
300 1344
300 1415
301 1138
301 1250
302 393
302 1520
304 946
304 1394
304 1941
306 581
306 1071
306 1170
306 1505
306 1912
307 360
307 911
308 437
308 650
308 699
308 927
308 1352
309 472
309 934
309 1209
310 1107
310 1668
311 1713
311 1960
312 691
312 732
312 1009
312 1147
312 1992
313 1884
314 717
314 731
314 1111
314 1216
314 1791
315 668
315 1184
315 1252
316 709
316 1855
317 438
317 1213
317 1234
317 1753
318 343
318 992
318 1189
319 1011
319 1075
320 713
320 1038
320 1095
320 1556
320 1569
321 597
321 907
321 1302
322 1132
322 1277
323 466
323 987
323 1120
323 1470
323 1505
323 1554
324 469
324 1090
324 1112
324 1611
324 1935
325 1085
325 1098
325 1432
327 364
327 1064
327 1083
327 1384
327 1749
328 960
328 991
328 1370
328 1813
329 596
329 1763
330 935
330 1109
330 1212
330 1264
331 421
331 965
331 1779
332 1134
332 1461
333 1186
333 1418
334 424
334 1131
334 1615
334 1961
335 663
335 1457
335 1814
336 362
336 373
336 402
336 1950
337 488
337 1737
338 1030
338 1348
338 1374
338 1477
340 1206
340 1785
341 421
341 501
341 1665
342 844
342 1901
343 465
343 880
344 368
344 1235
344 1669
344 1950
345 1193
346 460
346 1267
347 990
347 1029
348 1062
348 1074
348 1598
349 1271
349 1989
350 912
350 939
350 1477
350 1589
351 876
351 1384
351 1604
351 1919
353 530
353 983
353 1034
354 569
354 963
354 1001
354 1927
354 1944
355 833
355 1173
355 1496
357 708
357 1012
357 1230
357 1816
357 1952
358 1242
358 1302
358 1326
358 1340
358 1550
359 816
359 875
359 1950
361 1842
361 1866
362 937
362 1149
362 1265
362 1779
362 1949
363 891
363 1744
364 1467
365 388
365 1192
365 1408
365 1506
366 982
366 1106
366 1344
366 1504
366 1618
367 1026
368 1372
368 1566
368 1649
369 559
371 1724
371 1744
372 889
372 1352
372 1533
373 762
373 1301
373 1902
374 418
374 489
374 751
374 872
374 1141
374 1221
374 1332
374 1510
375 529
375 777
376 571
376 654
376 903
376 1199
376 1364
377 1131
378 929
379 959
379 1234
380 1877
381 438
381 1107
381 1423
381 1509
381 1906
382 738
382 1511
382 1938
383 496
384 963
384 1097
384 1785
384 1935
385 394
385 1898
386 978
386 1038
386 1622
386 1648
387 1134
388 650
388 701
388 822
388 1695
389 1421
389 1636
389 1682
391 794
391 1070
391 1579
391 1866
394 665
394 906
396 1830
397 688
397 1675
397 1959
398 839
398 1389
398 1947
398 1963
399 793
400 1677
400 1708
401 613
401 1074
401 1659
402 1051
402 1852
403 879
403 1357
403 1368
403 1661
404 853
408 492
408 1606
408 1773
409 457
409 1220
409 1673
411 1235
411 1531
411 1773
412 720
412 812
412 1097
412 1107
412 1665
412 1996
413 1024
414 1548
415 439
415 1407
417 1950
418 1918
419 776
419 1900
419 1975
420 607
420 731
420 776
420 846
420 1965
421 1484
421 1954
423 1554
423 1605
424 515
424 978
424 1896
425 953
425 987
425 1155
425 1922
426 1301
427 839
427 1063
428 1267
428 1770
429 1571
429 1789
430 1140
430 1735
431 602
431 1809
432 708
432 737
433 601
433 853
433 1408
433 1742
434 954
434 1097
434 1696
435 714
435 1528
436 1334
436 1458
436 1972
437 832
437 1651
438 575
438 1056
438 1722
438 1869
439 771
439 1562
439 1831
439 1981
440 755
440 1858
442 484
442 487
442 913
443 919
444 462
444 654
444 684
444 847
444 1304
444 1887
445 742
445 1266
445 1623
446 1309
447 1737
448 1290
448 1342
448 1779
448 1798
449 961
449 1035
449 1719
450 1429
451 626
451 871
451 1197
452 1110
452 1166
452 1264
452 1391
452 1502
453 1210
453 1694
456 764
456 1584
456 1933
457 1828
458 901
458 1648
459 625
459 861
459 1876
460 708
460 801
460 1251
460 1572
460 1955
461 903
461 966
461 1439
462 1700
462 1913
462 1982
463 1637
464 497
464 1337
465 1594
465 1785
466 539
466 574
466 986
466 1521
467 1758
467 1901
468 1384
471 488
471 516
471 1622
472 521
473 787
473 1093
473 1459
474 567
474 1098
475 1988
476 528
477 593
478 995
478 1786
479 1273
479 1317
479 1462
480 885
480 1126
480 1393
480 1429
480 1869
480 1942
481 1119
481 1789
482 1234
482 1875
483 531
483 620
483 855
483 1497
484 1761
485 585
486 700
486 810
486 1251
487 920
487 1363
487 1798
488 848
488 1093
489 684
489 1415
490 587
490 993
490 1572
491 1037
491 1707
493 770
493 1320
493 1648
493 1680
493 1688
493 1852
494 1006
494 1405
495 1232
495 1322
496 667
496 807
497 922
497 1158
497 1415
498 676
498 851
498 1111
498 1905
499 967
499 1222
499 1658
500 1154
501 874
501 1708
501 1967
502 1673
502 1827
503 666
503 947
504 1546
505 510
505 687
505 1248
506 733
506 866
506 922
507 753
508 1689
509 1024
510 874
510 891
510 1510
510 1986
510 1988
511 741
511 1878
512 1086
512 1739
513 589
513 1031
515 1687
515 1798
516 621
516 939
516 1260
517 830
517 1352
517 1606
518 1841
519 1504
519 1750
519 1989
520 569
520 1574
521 813
521 1204
521 1384
521 2000
522 962
522 1794
523 792
523 1231
524 1660
524 1916
525 1547
525 1906
526 1599
527 582
527 679
527 1906
528 740
528 1362
528 1527
528 1948
530 1121
531 1207
531 1465
532 1096
532 1102
532 1408
532 1602
532 1678
532 1784
533 983
533 1290
533 1399
533 1986
534 675
534 693
536 1212
536 1629
536 1753
537 825
538 779
539 967
539 1879
539 1912
539 1972
540 1354
541 1121
541 1174
541 1228
541 1490
542 769
542 965
542 1913
543 1486
543 1764
543 1951
544 1057
544 1428
544 1501
545 1063
546 1004
547 1020
548 802
548 1214
549 891
549 1563
550 864
550 1919
551 938
551 1624
551 1664
551 1746
552 825
552 915
553 1130
553 1249
554 1756
554 1966
554 1995
555 1922
556 1907
557 627
557 1733
558 1317
558 1842
559 1095
559 1301
559 1637
560 1869
561 602
561 991
561 1126
561 1697
563 1206
563 1244
564 1195
564 1865
565 577
565 785
565 1135
565 1139
565 1871
568 1769
569 1160
569 1396
569 1883
570 852
570 894
570 912
571 1937
572 902
572 1252
573 1302
574 654
574 1635
574 1876
575 755
575 1253
576 684
577 954
577 988
577 1521
577 1646
578 1549
579 695
579 1460
580 601
580 717
580 1186
581 1533
581 1797
582 626
582 1296
583 589
583 1122
583 1387
583 1456
584 1875
584 1979
585 1520
585 1536
585 1600
586 1198
586 1428
586 1797
587 1642
587 1654
588 674
589 845
589 1565
589 1662
590 787
592 1349
593 836
593 931
593 1420
595 1074
595 1630
595 1682
596 1074
596 1155
596 1159
596 1915
597 773
597 1636
598 896
598 1306
599 742
599 890
599 1978
600 972
600 1652
600 1998
601 653
601 840
601 1735
602 1388
602 1459
603 1191
603 1597
603 1832
604 1955
606 690
606 1115
606 1581
606 1901
608 1198
608 1212
608 1772
609 858
609 864
610 718
610 1878
610 1910
612 1755
613 1485
614 1146
614 1616
614 1671
616 626
616 1074
617 755
617 1677
618 685
618 802
618 1019
618 1172
618 1586
618 1604
618 1928
619 944
619 1039
619 1832
620 908
620 1500
621 643
621 1033
621 1151
621 1622
622 728
623 1529
623 1710
624 1693
624 1811
626 884
626 1268
627 1716
628 938
628 1296
629 1151
629 1903
630 841
630 1354
630 1975
631 705
631 851
631 1140
631 1243
631 1742
632 1157
632 1512
633 1183
633 1648
633 1798
634 1093
635 1117
636 1540
637 1306
637 1395
638 1219
639 1755
642 1785
645 1500
645 1554
646 804
646 805
646 1614
648 1149
648 1631
648 1910
649 1009
649 1580
650 910
650 1390
651 703
651 1006
651 1585
652 702
652 876
652 1327
652 1803
653 1253
654 1161
654 1549
654 1930
655 765
655 1680
657 1102
657 1875
658 801
658 1271
658 1474
659 893
659 1024
659 1266
660 791
662 827
662 920
662 1244
662 1602
662 1717
663 1087
663 1599
664 1476
666 828
666 1648
666 1822
667 751
667 1861
668 871
668 1017
669 1171
669 1474
669 1525
670 885
670 1915
671 817
671 1019
671 1878
672 769
673 1461
673 1736
674 677
674 1151
674 1610
675 1320
676 1242
676 1327
676 1334
676 1407
676 1867
677 1897
677 1960
677 1988
680 1806
680 1876
681 1503
682 708
683 819
684 1320
684 1381
684 1692
685 908
685 915
685 1738
686 776
686 1523
687 819
688 969
688 1096
688 1454
688 1778
689 1372
690 781
690 1656
690 1900
691 1497
691 1997
692 1188
692 1664
692 1840
692 1979
693 788
693 1746
694 842
694 1866
694 1886
695 1100
695 1237
695 1478
696 1315
696 1964
697 1207
698 813
698 914
700 1916
701 1046
702 703
702 747
702 825
702 1165
702 1776
703 1359
703 1981
704 1166
706 1831
706 1845
708 798
709 1592
710 715
710 924
710 1839
711 1051
712 867
712 1782
713 1410
714 988
714 1036
714 1289
714 1386
714 1559
714 1635
714 1811
714 1994
715 721
715 813
715 1023
715 1770
716 833
716 1332
716 1353
720 731
720 1052
720 1861
721 845
721 1497
721 1591
721 1767
721 1865
721 1954
722 1773
723 1698
724 873
726 1936
727 873
727 1398
728 1081
728 1706
729 1293
729 1993
730 1251
730 1610
732 1207
733 1142
733 1186
733 1272
733 1577
733 1861
733 1960
734 763
734 1651
735 1514
735 1688
736 1330
736 1799
737 932
738 1926
739 1112
739 1841
739 1942
740 971
740 984
740 1196
741 1736
741 1825
741 1871
742 1712
743 1125
743 1650
743 1799
743 1843
744 1582
746 1672
747 905
747 1776
748 1035
749 898
751 824
751 940
751 1235
752 1679
754 804
754 860
754 1501
754 1586
754 1765
755 1215
755 1311
757 1069
757 1204
757 1603
758 1798
758 1814
759 951
759 1247
761 1070
761 1927
762 1359
763 831
763 963
763 1889
764 917
764 1693
764 1976
766 1318
766 1807
767 920
767 990
767 1392
769 1892
770 1085
770 1211
770 1860
771 1169
772 943
772 1271
772 1329
772 1655
772 1756
773 1092
773 1593
773 1712
773 1861
774 1413
774 1741
776 1321
777 1380
778 885
778 1455
779 1243
779 1906
779 1978
780 1108
781 1008
781 1333
781 1455
782 1084
783 1899
784 1252
784 1755
784 1958
786 1367
786 1732
788 1047
788 1963
789 1376
789 1378
790 1390
790 1518
791 1345
791 1732
791 1991
792 1477
792 1494
793 1064
793 1786
793 1936
793 1941
793 1943
793 1956
794 1010
794 1165
794 1404
794 1438
794 1664
794 1714
795 810
795 1123
796 1302
797 951
799 1317
799 1906
800 1187
800 1282
800 1441
800 1721
800 1940
801 1635
801 1941
802 1242
802 1738
803 867
803 1562
803 1751
804 1218
805 853
806 1241
806 1924
807 1553
808 1426
809 1065
809 1511
809 1520
810 1290
810 1514
810 1574
810 1738
811 1334
811 1448
811 1693
812 950
812 1038
814 1275
814 1531
814 1698
814 1939
815 1073
815 1300
815 1477
815 1883
816 1310
816 1755
816 1808
817 1723
817 1765
817 1832
818 911
818 962
818 1373
819 972
819 1564
819 1691
820 1957
821 944
821 1041
821 1484
822 841
822 944
822 1207
823 1213
825 1945
827 1755
827 1798
828 1772
829 1590
829 1843
830 856
830 1321
831 1122
832 1335
832 1670
833 1195
833 1902
835 1734
838 1371
839 1702
839 1730
841 900
841 1973
842 1171
842 1294
843 1661
843 1977
845 928
845 1164
845 1468
847 1555
847 1908
849 1830
850 943
850 1329
850 1436
850 1541
850 1681
850 1831
851 919
851 959
852 1931
853 982
853 1231
853 1978
854 954
854 982
854 1188
856 1229
856 1517
858 1081
858 1912
859 874
862 1362
862 1574
862 1607
863 1157
864 1289
866 1535
867 1100
867 1182
868 981
868 1402
868 1561
868 1619
868 1812
868 1988
869 1280
870 877
870 1090
870 1341
870 1463
870 1798
871 1634
873 1785
874 1853
876 1342
876 1651
876 1846
877 1385
877 1474
877 1610
877 1846
878 1171
879 889
879 981
879 1261
880 1203
880 1390
880 1590
881 1751
882 981
882 1169
882 1425
882 1615
882 1803
883 1509
883 1644
883 1725
883 1894
883 1974
885 1200
886 1069
886 1424
886 1750
886 1951
887 1131
887 1233
887 1822
888 1371
888 1645
889 1507
890 1802
890 1892
891 1114
891 1627
892 1071
892 1914
894 1729
896 945
896 1595
896 1609
897 1452
897 1485
898 1182
898 1219
899 1347
899 1440
899 1858
902 968
902 1281
903 1018
904 1580
905 1020
905 1437
906 1141
906 1602
907 1246
908 1487
908 1635
908 1647
909 1055
909 1085
909 1833
910 1047
911 1130
912 1584
912 1936
912 1991
914 1300
914 1341
915 921
916 1312
916 1524
916 1663
917 1361
917 1845
918 961
919 1209
919 1732
920 1053
921 1967
922 1065
922 1421
922 1450
922 1594
922 1724
925 1705
925 1800
926 1227
926 1364
926 1619
930 1698
930 1730
931 1635
932 1133
932 1815
933 1258
934 1735
935 1032
935 1155
935 1264
935 1410
936 1508
937 1161
938 1188
939 1418
939 1753
939 1845
940 1895
942 1279
942 1851
944 976
944 1402
944 1706
944 1768
945 985
945 1278
945 1866
945 1947
947 1785
948 1642
948 1979
950 1506
952 1808
953 1457
954 1135
954 1536
955 1678
955 1741
956 1520
956 1574
957 1040
957 1937
958 1126
958 1212
958 1895
959 1396
960 1402
960 1749
961 1449
962 1047
964 1193
964 1201
964 1259
964 1521
965 1345
965 1836
966 1537
968 1238
968 1255
968 1689
969 1007
969 1159
970 1788
971 1149
971 1260
971 1427
971 1429
971 1508
972 1018
972 1280
973 1200
973 1341
973 1432
973 1544
973 1570
974 1643
975 1498
975 1708
976 1620
977 1576
977 1873
978 1074
978 1103
978 1221
978 1550
978 1721
978 1812
980 1572
980 1850
981 1087
981 1296
981 1690
981 1872
983 1833
984 1155
986 1224
986 1825
987 1222
987 1760
988 1326
989 1762
990 1023
990 1221
990 1941
991 1602
991 1741
992 1204
993 1366
995 1112
995 1158
995 1632
995 1782
997 1575
998 1002
999 1011
999 1304
999 1397
999 1500
999 1963
1001 1586
1002 1466
1004 1252
1005 1054
1005 1140
1005 1489
1005 1625
1006 1599
1007 1962
1008 1218
1008 1667
1009 1290
1009 1628
1010 1549
1010 1600
1011 1204
1011 1390
1013 1260
1013 1475
1014 1387
1015 1024
1016 1967
1018 1165
1018 1337
1020 1197
1020 1917
1021 1349
1022 1758
1023 1224
1023 1992
1024 1403
1024 1441
1026 1295
1026 1471
1026 1529
1027 1911
1028 1457
1029 1836
1030 1059
1030 1841
1030 1866
1031 1178
1031 1318
1031 1526
1033 1571
1033 1779
1034 1915
1034 1944
1035 1298
1035 1526
1039 1244
1039 1256
1041 1446
1041 1870
1045 1568
1045 1701
1045 1838
1046 1796
1047 1358
1048 1190
1048 1901
1049 1109
1049 1284
1049 1409
1049 1473
1050 1146
1050 1326
1050 1387
1051 1189
1052 1280
1053 1244
1053 1763
1053 1941
1054 1055
1054 1277
1054 1278
1054 1283
1055 1418
1055 1563
1056 1368
1058 1462
1059 1147
1059 1498
1061 1805
1061 1917
1061 1944
1062 1939
1063 1085
1063 1647
1064 1415
1067 1069
1068 1438
1068 1550
1068 1927
1070 1416
1070 1925
1071 1313
1071 1768
1071 1928
1073 1574
1073 1781
1074 1358
1074 1719
1075 1808
1076 1689
1076 1936
1077 1128
1077 1423
1077 1573
1078 1109
1078 1640
1079 1494
1080 1389
1080 1723
1083 1325
1084 1572
1085 1761
1086 1819
1087 1388
1088 1209
1088 1555
1090 1107
1091 1981
1092 1236
1094 1641
1095 1226
1095 1281
1095 1594
1095 1916
1097 1191
1097 1597
1097 1684
1099 1367
1099 1444
1099 1785
1100 1261
1100 1685
1101 1522
1103 1141
1103 1584
1104 1171
1104 1607
1105 1431
1107 1438
1107 1964
1108 1834
1109 1400
1110 1572
1110 1961
1112 1176
1113 1313
1113 1479
1113 1636
1114 1565
1115 1445
1116 1755
1117 1291
1117 1743
1118 1261
1118 1790
1124 1334
1124 1720
1125 1803
1125 1960
1126 1907
1127 1445
1127 1465
1128 1300
1128 1314
1128 1472
1129 1599
1129 1941
1130 1177
1130 1235
1130 1942
1132 1321
1132 1369
1133 1251
1134 1265
1134 1439
1134 1681
1134 1976
1135 1139
1136 1275
1138 1370
1138 1440
1138 1860
1140 1164
1140 1541
1143 1172
1144 1319
1144 1655
1144 1657
1144 1735
1144 1998
1147 1237
1147 1281
1148 1605
1148 1753
1149 1828
1150 1181
1150 1265
1150 1824
1150 1942
1151 1420
1152 1255
1153 1533
1153 1868
1154 1750
1154 1928
1155 1670
1155 1928
1156 1223
1156 1270
1156 1424
1157 1555
1158 1437
1158 1596
1159 1572
1160 1843
1160 1959
1161 1274
1161 1794
1162 1720
1162 1733
1163 1358
1163 1760
1164 1571
1164 1736
1164 1832
1165 1436
1166 1588
1166 1704
1167 1308
1167 1468
1167 1548
1167 1979
1168 1424
1169 1900
1172 1995
1174 1803
1175 1344
1175 1726
1176 1327
1177 1757
1178 1262
1178 1277
1178 1327
1178 1743
1178 1967
1180 1677
1181 1440
1181 1797
1181 1980
1182 1493
1183 1221
1183 1429
1183 1606
1184 1274
1185 1468
1187 1851
1187 1969
1188 1780
1189 1971
1190 1252
1190 1495
1190 1680
1191 1632
1193 1375
1193 1590
1196 1716
1196 1834
1198 1244
1199 1438
1199 1833
1201 1345
1201 1660
1201 1912
1202 1663
1203 1449
1204 1828
1207 1589
1207 1612
1207 1654
1207 1865
1208 1403
1209 1746
1209 1924
1210 1570
1210 1842
1211 1598
1211 1761
1212 1885
1213 1907
1214 1242
1214 1290
1214 1601
1214 1986
1215 1718
1215 1853
1216 1240
1218 1939
1219 1220
1221 1422
1221 1568
1222 1952
1224 1872
1225 1900
1227 1393
1228 1890
1229 1659
1229 1810
1230 1487
1230 1889
1232 1365
1232 1963
1233 1707
1234 1365
1234 1679
1235 1255
1236 1618
1237 1473
1238 1438
1239 1302
1240 1575
1242 1309
1242 1568
1243 1670
1245 1290
1246 1269
1246 1367
1246 1387
1247 1312
1248 1845
1249 1886
1250 1603
1250 1810
1251 1330
1251 1974
1252 1407
1254 1381
1254 1402
1254 1499
1254 1573
1256 1349
1257 1588
1258 1295
1258 1390
1260 1524
1260 1598
1260 1988
1261 1884
1262 1468
1268 1878
1270 1322
1270 1402
1270 1735
1271 1566
1273 1320
1274 1321
1274 1632
1274 1720
1275 1530
1275 1966
1276 1839
1277 1929
1278 1716
1280 1731
1280 1892
1283 1511
1283 1713
1284 1285
1284 1585
1285 1689
1285 1719
1287 1910
1288 1952
1289 1792
1291 1318
1291 1754
1291 1914
1294 1596
1295 1902
1296 1461
1296 1512
1296 1923
1298 1928
1298 1940
1300 1859
1303 1805
1304 1716
1305 1520
1305 1646
1306 1776
1307 1733
1307 1836
1308 1686
1308 1750
1310 1380
1310 1538
1310 1878
1310 1967
1312 1451
1313 1382
1313 1505
1314 1596
1314 1715
1316 1850
1317 1685
1319 1369
1319 1441
1320 1540
1321 1722
1324 1972
1325 1894
1326 1866
1327 1464
1328 1336
1328 1944
1329 1358
1329 1893
1331 1738
1331 1816
1331 1836
1332 1713
1334 1711
1334 1800
1335 1890
1339 1379
1339 1691
1340 1457
1341 1450
1341 1795
1343 1485
1344 1932
1345 1641
1345 1703
1347 1916
1349 1855
1350 1439
1352 1367
1353 1515
1354 1395
1354 1564
1354 1577
1357 1468
1357 1764
1359 1363
1359 1594
1359 1693
1359 1895
1362 1408
1362 1477
1362 1685
1364 1402
1367 1430
1368 1768
1369 1581
1371 1752
1372 1400
1376 1743
1378 1520
1378 1650
1378 1919
1379 1760
1380 1704
1382 1493
1385 1795
1386 1729
1387 1882
1388 1733
1392 1831
1392 1832
1393 1666
1394 1572
1401 1491
1402 1911
1403 1985
1406 1707
1406 1913
1407 1758
1409 1720
1411 1709
1412 1506
1413 1961
1414 1504
1414 1548
1416 1629
1416 1837
1417 1741
1420 1556
1425 1988
1427 1533
1428 1454
1429 1605
1430 1765
1430 1989
1434 1684
1435 1475
1436 1829
1436 1894
1436 1975
1437 1717
1438 1805
1438 1901
1439 1740
1439 1882
1440 1793
1441 1827
1441 1997
1444 1845
1445 1694
1445 1798
1446 1732
1447 1538
1447 1753
1451 1912
1455 1526
1456 1963
1457 1714
1457 1940
1458 1566
1459 1642
1459 1878
1460 1499
1460 1916
1461 1653
1462 1789
1465 1521
1465 1566
1468 1552
1469 1935
1471 1904
1472 1871
1473 1478
1474 1847
1477 1826
1477 1924
1479 1969
1480 1706
1480 1758
1480 1781
1481 1627
1484 1817
1485 1565
1487 1659
1487 1847
1488 1756
1491 1495
1495 1616
1495 1736
1496 1853
1497 1817
1498 1916
1504 1617
1505 1609
1505 1931
1506 1508
1506 1808
1506 1811
1507 1783
1508 1607
1509 1956
1509 1992
1511 1524
1513 1688
1513 1760
1516 1805
1518 1616
1520 1619
1520 1775
1520 1783
1522 1614
1522 1624
1523 1574
1524 1595
1525 1762
1526 1851
1527 1631
1529 1731
1531 1913
1532 1568
1535 1758
1536 1577
1536 1882
1536 1884
1540 1690
1541 1874
1541 1885
1541 1891
1543 1559
1544 1656
1546 1614
1546 1728
1546 1785
1547 1599
1547 1664
1550 1703
1550 1713
1552 1895
1555 1987
1556 1796
1556 1800
1558 1686
1560 1741
1560 1832
1564 1982
1566 1976
1567 1580
1570 1850
1573 1624
1573 1641
1574 1967
1577 1749
1578 1805
1582 1832
1582 1952
1584 1602
1586 1755
1588 1787
1590 1865
1591 1993
1593 1993
1595 1633
1595 1911
1597 1931
1598 1776
1599 1678
1600 1682
1601 1626
1602 1656
1606 1664
1607 1851
1607 1999
1609 1983
1611 1782
1611 1830
1613 1741
1614 1706
1618 1998
1620 1664
1623 1860
1624 1938
1626 1981
1627 1912
1628 1827
1628 1941
1629 1849
1629 1904
1630 1718
1630 1850
1632 1689
1632 1816
1633 1840
1637 2000
1640 1659
1641 1709
1641 1849
1642 1735
1643 1844
1649 1855
1651 1731
1657 1907
1658 1760
1662 1820
1662 1984
1664 1962
1677 1736
1677 2000
1681 1941
1692 1870
1694 1882
1698 1847
1700 1717
1700 1931
1708 1745
1708 1928
1710 1882
1711 1795
1713 1942
1720 1769
1720 1872
1721 1921
1722 1991
1723 1873
1726 1829
1727 1944
1728 1930
1729 1755
1731 1852
1736 1937
1737 1995
1739 1758
1749 1969
1750 1817
1750 1926
1752 1839
1752 1896
1755 1793
1756 1875
1759 1963
1762 1978
1767 1859
1767 1902
1772 1816
1773 1837
1775 1814
1775 1904
1777 1977
1779 1799
1784 1954
1793 1918
1797 1825
1797 1929
1798 1971
1800 1963
1808 1832
1811 1814
1815 1859
1816 1973
1818 1857
1819 1845
1822 1993
1823 1968
1826 1828
1828 1864
1830 1847
1834 1858
1834 1939
1841 1908
1844 1961
1848 1981
1849 1911
1853 1945
1856 1870
1856 1917
1857 1928
1860 1897
1860 1899
1860 1953
1866 1982
1873 1960
1875 1945
1887 1965
1887 1986
1889 1908
1897 1987
1902 1980
1945 1994
1969 1984
