2000 3000
1354 1435
1354 1967
1354 896
1435 1833
1435 1154
827 1769
827 834
827 309
1769 1585
1769 271
1131 1277
1131 587
1131 355
1277 1843
1277 245
541 917
541 1011
541 1674
917 914
917 967
325 1113
325 1337
325 173
1113 1189
1113 625
613 1171
613 1519
613 1995
1171 1166
1171 1206
888 1110
888 599
888 1136
1110 553
1110 1888
239 701
239 186
239 1512
701 521
701 538
693 1954
693 550
693 529
1954 1962
1954 1676
1539 1745
1539 1334
1539 1466
1745 1736
1745 224
389 905
389 87
389 1455
905 612
905 342
886 1940
886 460
886 1565
1940 1167
1940 532
532 1628
532 1285
1628 757
1628 1559
570 800
570 16
570 1162
800 378
800 273
114 557
114 1214
114 578
557 1861
557 1820
89 1287
89 442
89 1902
1287 887
1287 1787
511 1425
511 721
511 30
1425 1883
1425 1747
238 1904
238 1295
238 3
1904 545
1904 405
525 1997
525 971
525 1377
1997 1879
1997 1653
1552 1800
1552 914
1552 1838
1800 404
1800 796
1418 1949
1418 1840
1418 147
1949 1830
1949 1396
713 1639
713 1756
713 387
1639 242
1639 1747
872 1812
872 1802
872 73
1812 1916
1812 697
810 934
810 1660
810 1747
934 1599
934 1713
472 1433
472 1797
472 782
1433 1624
1433 670
565 578
565 756
565 1593
578 1816
603 870
603 1377
603 602
870 1084
870 1473
864 1957
864 1772
864 1632
1957 1956
1957 1877
1668 1831
1668 970
1668 1513
1831 1509
1831 233
1082 1133
1082 1491
1082 1216
1133 527
1133 1785
1627 1979
1627 1781
1627 1656
1979 1556
1979 432
1146 1526
1146 1439
1146 1569
1526 1043
1526 1472
1225 1527
1225 411
1225 1337
1527 38
1527 1180
746 918
746 1563
746 1622
918 1437
918 1934
1840 1943
1840 1554
1943 1702
1943 360
64 1086
64 1170
64 180
1086 948
1086 462
1723 1803
1723 1716
1723 936
1803 1367
1803 722
324 1948
324 793
324 537
1948 1485
1948 1374
1406 1458
1406 496
1406 510
1458 310
1458 710
502 1317
502 1683
502 1262
1317 1824
1317 1634
820 1743
820 591
820 838
1743 1059
1743 1793
878 930
878 128
878 751
930 1379
930 1909
126 1820
126 1051
126 517
1820 52
222 1528
222 452
222 1515
1528 1965
1528 550
301 1443
301 277
301 965
1443 845
1443 652
596 1360
596 966
596 1476
1360 409
1360 897
817 1099
817 208
817 1182
1099 1700
1099 1875
345 1369
345 392
345 1687
1369 137
1369 626
2 1524
2 1226
2 747
1524 531
1524 1789
78 1254
78 792
78 457
1254 551
1254 72
1072 1963
1072 809
1072 823
1963 1155
1963 1260
316 1571
316 142
316 48
1571 1591
1571 370
83 1220
83 1675
83 74
1220 1088
1220 44
587 1423
587 976
906 1522
906 1161
906 518
1522 1629
1522 1810
614 856
614 1998
614 1394
856 246
856 272
168 1593
168 381
168 1977
1593 1913
54 668
54 1429
54 1224
668 1167
668 535
1445 1916
1445 948
1445 1713
1916 647
1108 1248
1108 1309
1108 1491
1248 1320
1248 683
553 1663
553 219
1663 1901
1663 770
248 1064
248 455
248 1511
1064 1972
1064 1253
1751 1879
1751 273
1751 1996
1879 1319
1612 1684
1612 925
1612 1642
1684 1247
1684 997
3 293
3 577
293 1177
293 1069
147 1735
147 847
1735 790
1735 1303
932 1696
932 336
932 1865
1696 15
1696 604
453 758
453 675
453 1911
758 1549
758 1473
989 1821
989 1546
989 1200
1821 535
1821 1
1244 1782
1244 207
1244 1588
1782 927
1782 926
793 1295
793 1340
1377 1422
1048 1727
1048 1891
1048 227
1727 339
1727 445
213 1191
213 47
213 1044
1191 39
1191 1345
1516 1832
1516 1014
1516 620
1832 769
1832 171
830 1010
830 112
830 975
1010 1286
1010 153
283 1515
283 1938
283 1589
1515 1190
208 1750
208 1938
1750 899
1750 1472
137 149
137 121
149 65
149 454
1649 1687
1649 245
1649 318
1687 1095
1339 1381
1339 1483
1339 258
1381 944
1381 563
355 486
355 966
15 1471
15 664
1471 1069
1471 1503
1289 1560
1289 1606
1289 1135
1560 1961
1560 509
266 1053
266 348
266 1721
1053 645
1053 1103
809 382
809 1334
1207 1756
1207 294
1207 583
1756 56
507 1753
507 542
507 1291
1753 1065
1753 104
719 1035
719 1414
719 732
1035 833
1035 644
100 877
100 1143
100 1362
877 1550
877 764
899 1905
899 444
1905 1543
1905 1895
418 1452
418 726
418 1665
1452 152
1452 666
649 790
649 1835
649 1242
790 251
1213 1686
1213 229
1213 164
1686 318
1686 1302
1972 1488
1972 1704
1011 1966
1011 1738
1966 190
1966 1625
162 1117
162 1263
162 1164
1117 1620
1117 619
391 1843
391 1777
391 1428
1843 789
91 419
91 1884
91 1808
419 466
419 644
836 1705
836 1720
836 724
1705 250
1705 640
1051 1497
1051 1037
20 1936
20 605
20 670
1936 1672
1936 1364
158 1003
158 920
158 539
1003 1356
1003 717
1247 654
1247 1869
199 1758
199 1708
199 1236
1758 364
1758 986
954 1431
954 1864
954 136
1431 1653
1431 850
855 1834
855 1519
855 257
1834 259
1834 714
1525 1814
1525 1453
1525 340
1814 1532
1814 420
880 1518
880 1144
880 1999
1518 382
1518 178
1558 1582
1558 501
1558 493
1582 573
1582 1717
1748 1822
1748 687
1748 852
1822 1792
1822 363
306 1777
306 1303
306 606
1777 1517
198 666
198 1619
198 661
666 81
127 197
127 409
127 369
197 1188
197 1459
242 938
242 1451
938 1306
938 1453
584 1870
584 398
584 1573
1870 75
1870 1709
1605 1779
1605 1837
1605 642
1779 527
1779 313
357 659
357 1827
357 353
659 1353
659 1235
188 738
188 1201
188 1481
738 121
738 555
718 1721
718 1899
718 1228
1721 1217
273 1865
1865 1993
1249 1357
1249 840
1249 657
1357 1616
1357 1913
249 1242
249 104
249 863
1242 770
806 1016
806 1786
806 478
1016 1654
1016 610
1546 1351
1546 1440
1827 1059
1827 867
594 1511
594 1796
594 176
1511 1996
154 1764
154 388
154 200
1764 241
1764 426
699 1564
699 329
699 1140
1564 1210
1564 1692
1603 1854
1603 1183
1603 1618
1854 61
1854 656
754 1234
754 339
754 1893
1234 1167
1234 1123
237 1124
237 1372
237 492
1124 753
1124 169
1660 696
1660 1894
1286 1918
1286 1579
1918 1907
1918 639
425 1998
425 1804
425 1421
1998 1688
607 663
607 645
607 1496
663 1858
663 1318
384 1817
384 422
384 308
1817 1659
1817 1189
108 979
108 1765
108 1349
979 233
979 546
1610 1978
1610 915
1610 847
1978 1204
1978 28
49 255
49 1874
49 1995
255 1917
255 1262
1226 1838
1226 1375
1326 1810
1326 1813
1326 447
1810 381
736 1487
736 682
736 635
1487 438
1487 1673
531 1872
531 1442
1872 1805
1872 1780
382 63
1157 1251
1157 807
1157 229
1251 215
1251 1327
1416 1740
1416 164
1416 1980
1740 1826
1740 23
258 1862
258 567
1862 1376
1862 479
1135 1986
1135 1411
1986 1350
1986 185
1370 1889
1370 1760
1370 554
1889 1559
1889 220
1332 1368
1332 451
1332 1896
1368 247
1368 297
11 264
11 1258
11 1503
264 1118
264 426
130 630
130 1397
130 1507
630 1034
630 131
115 730
115 1924
115 1894
730 1374
730 1230
572 1500
572 1871
572 343
1500 1386
1500 1118
1156 1371
1156 134
1156 875
1371 1395
1371 1974
1013 1880
1013 1032
1013 860
1880 1672
1880 549
689 1002
689 625
689 70
1002 352
1002 142
789 1366
789 881
401 1618
401 1873
401 1561
1618 1568
533 1508
533 434
533 1548
1508 337
1508 311
514 1266
514 461
514 322
1266 79
1266 1454
763 1067
763 372
763 636
1067 151
1067 1447
223 528
223 1858
223 1100
528 1271
528 1439
740 1578
740 621
740 854
1578 376
1578 364
460 1926
460 1987
500 922
500 1521
500 1392
922 857
922 1919
1204 1462
1204 491
1316 1365
1316 177
1316 1849
1365 1271
1365 1738
728 1869
728 267
728 32
1869 707
146 201
146 559
146 1004
201 27
201 1715
1105 1181
1105 1333
1105 547
1181 1566
1181 402
717 956
717 524
956 1969
956 174
142 518
791 1399
791 34
791 835
1399 1744
1399 704
53 1141
53 1398
53 1710
1141 1732
1141 1479
681 1384
681 131
681 1026
1384 900
1384 155
1275 1485
1275 1643
1275 1022
1485 1635
647 1961
647 891
4 876
4 424
4 358
876 1877
876 311
1228 1373
1228 133
1373 1989
1373 1567
1683 526
1683 65
455 55
455 410
1298 1733
1298 975
1298 190
1733 487
1733 1718
937 1611
937 269
937 737
1611 1790
1611 1187
1679 1839
1679 1927
1679 777
1839 605
1839 619
1517 1192
1517 1725
1376 1801
1376 825
1801 1464
1801 1607
983 1169
983 181
983 1556
1169 291
1169 253
676 1835
676 1128
676 504
1835 1685
119 569
119 1981
119 289
569 1436
569 1604
945 1551
945 682
945 593
1551 1874
1551 994
828 1969
828 1592
828 1223
1969 777
13 179
13 413
13 1666
179 400
179 1825
26 1052
26 665
26 1401
1052 1651
1052 1070
721 1762
721 1015
641 1962
641 1977
641 1194
1962 330
544 1392
544 1987
544 1482
1392 339
362 1006
362 217
362 204
1006 1176
1006 1852
818 957
818 1974
818 484
957 476
957 1670
823 1867
823 1066
1657 1792
1657 1773
1657 447
1792 344
1182 1499
1182 18
1499 999
1499 1203
10 1049
10 522
10 1608
1049 585
1049 81
1702 784
1702 1172
47 1844
47 227
1350 1308
1350 286
1826 170
1826 476
156 1023
156 174
156 299
1023 1845
1023 1122
1557 1970
1557 1926
1557 628
1970 741
1970 1153
680 1288
680 165
680 1637
1288 45
1288 475
700 1495
700 1028
700 1270
1495 1055
1495 1570
1873 282
1873 1155
372 599
372 575
542 1335
542 946
1374 358
314 413
314 1697
314 1148
413 1127
366 1506
366 1252
366 1784
1506 577
1506 995
1236 1920
1236 22
1920 463
1920 1094
303 1944
303 292
303 1128
1944 774
1944 1953
226 1203
226 1230
226 1497
1203 1676
1867 436
1867 933
1813 1898
1813 97
867 970
867 1004
970 1590
231 909
231 1009
231 554
909 1107
909 1983
1230 1973
761 1483
761 1175
761 322
1483 1652
408 950
408 1830
408 1375
950 843
950 707
1476 1837
1476 981
1837 379
797 911
797 1828
797 513
911 1424
911 985
977 1107
977 824
977 1576
1107 1412
1114 1521
1114 732
1114 1262
1521 1325
1408 1739
1408 998
1408 395
1739 7
1739 913
589 882
589 618
589 153
882 1469
882 841
1138 1698
1138 1585
1138 1215
1698 1217
1698 1637
229 338
1178 1542
1178 235
1178 759
1542 564
1542 409
307 1312
307 1707
307 440
1312 138
1312 1741
821 1762
821 1501
821 1925
1762 1232
679 1449
679 32
679 487
1449 1310
1449 1393
394 908
394 547
394 949
908 1238
908 947
920 1512
920 1806
1512 1361
290 1079
290 5
290 38
1079 841
1079 341
205 1795
205 1744
205 978
1795 1063
1795 652
1335 1345
1335 562
1345 1780
1550 93
1550 1599
270 1775
270 965
270 1472
1775 1330
1775 1548
644 1842
1842 1152
1842 374
993 1581
993 597
993 1375
1581 518
1581 545
411 135
411 1664
1074 1426
1074 1600
1074 1150
1426 857
1426 1211
522 1587
522 1321
1587 634
1587 1285
1624 1282
1624 1243
275 1975
275 516
275 674
1975 556
1975 916
1917 1541
1917 1470
193 1039
193 1150
193 1607
1039 1258
1039 1218
859 863
859 1363
859 458
863 1005
31 37
31 1308
31 1927
37 798
37 986
892 1534
892 461
892 82
1534 356
1534 724
375 1424
375 1361
375 281
1424 192
792 1744
792 655
495 1340
495 660
495 180
1340 57
36 646
36 1235
36 1380
646 1693
646 1964
690 1027
690 1573
690 757
1027 1279
1027 1778
1059 559
471 723
471 1268
471 980
723 732
723 235
1062 1344
1062 17
1062 590
1344 1883
1344 1383
285 978
285 526
285 397
978 627
328 445
328 348
328 627
445 1454
98 1789
98 709
98 1614
1789 335
192 1623
192 767
160 309
160 1305
160 1461
309 1677
998 1652
998 256
1096 1714
1096 1960
1096 1990
1714 1922
1714 1642
110 488
110 865
110 1056
488 942
488 744
1128 1359
1149 1577
1149 1547
1149 1947
1577 755
1577 1046
407 1232
407 1012
407 40
1232 1032
364 1536
1536 1671
1536 440
111 1090
111 70
111 1050
1090 24
1090 1437
778 1670
778 1160
778 1104
1670 1414
745 1227
745 712
745 1514
1227 1341
1227 1671
637 1285
637 1965
637 1415
387 1290
387 1634
1290 1068
1290 1643
509 1136
509 968
1136 775
431 1562
431 1543
431 1291
1562 1766
1562 1601
24 1058
24 581
1058 636
1058 902
451 1540
451 1402
1540 796
1540 692
344 1185
344 323
1185 524
1185 916
129 1260
129 1063
129 380
1260 429
753 1945
753 1
848 1850
848 352
848 725
1850 1305
1850 477
833 967
833 1875
967 395
90 365
90 904
90 1240
365 1429
365 650
1291 1282
1927 1439
941 1669
941 292
941 1654
1669 1066
1669 77
252 284
252 762
252 601
284 703
284 1423
889 1393
889 278
889 780
1393 852
981 815
981 367
323 1054
323 946
1346 1983
1346 1331
1346 1815
1983 253
779 1490
779 720
779 1081
1490 1935
1490 1891
551 862
551 1866
901 958
901 1861
901 590
958 992
958 206
421 470
421 591
421 331
470 300
470 1304
1861 1636
102 604
102 1729
102 1436
604 319
216 1529
216 230
216 1846
1529 1648
1529 1778
537 826
537 1444
617 1693
617 305
617 512
1693 320
1401 1689
1401 1056
1689 1279
1689 75
27 1871
27 1849
371 1143
371 1888
371 1923
1143 29
566 824
566 517
566 879
824 1772
141 1355
141 449
141 802
1355 34
1355 1126
106 351
106 267
106 953
351 516
351 317
795 1736
795 21
795 360
1736 1033
890 1479
890 1193
890 831
1479 1788
81 837
1356 1151
1356 85
1441 1847
1441 1549
1441 658
1847 1685
1847 684
840 1942
840 1186
246 739
246 1897
739 1933
739 1456
1653 819
1153 1974
1153 579
1884 211
1884 1716
657 1968
657 563
240 960
240 477
240 1706
960 1666
960 433
807 1602
807 430
1602 1098
1602 1263
1200 1942
1200 715
1942 1568
815 1951
815 494
1951 1054
1951 299
832 1366
832 624
832 1572
1366 1606
1032 1855
1150 1482
1805 1456
1805 803
1718 1724
1718 236
1724 834
1724 1703
1046 1703
1046 1565
1703 1468
423 529
423 928
423 196
529 1026
332 1802
332 1231
332 50
1802 1085
1258 1147
1987 41
337 1008
337 1021
97 1038
97 51
1038 656
1038 1994
599 402
1933 1531
1933 1310
1152 16
1152 1134
688 804
688 547
688 896
804 1130
804 673
211 501
211 556
501 1183
1017 1388
1017 948
1017 120
1388 486
1388 1299
1043 538
1043 674
481 1939
481 1509
481 1857
1939 169
1939 1061
709 1044
709 291
39 251
39 1184
251 606
1311 1462
1311 697
1311 691
1462 1468
913 1681
913 1579
1681 189
1681 1294
195 498
195 52
195 1347
498 1630
498 1252
1175 228
1175 1296
84 667
84 230
84 1215
667 177
667 1851
138 397
138 435
765 1819
765 1545
765 554
1819 1929
1819 626
1784 1947
1784 295
1947 9
858 1601
858 336
858 1442
1601 1130
1282 395
1897 600
1897 1742
1197 1741
1197 1422
1197 620
1741 1625
672 1102
672 183
672 308
1102 1239
1102 1319
276 873
276 1240
276 373
873 798
873 1180
1000 1950
1000 597
1000 1706
1950 1164
1950 1596
1759 1859
1759 1622
1759 1597
1859 280
1859 1104
1629 1929
1629 1470
1929 143
1700 1598
1700 582
259 1952
259 1749
1952 579
1952 642
764 1450
764 1638
1450 705
1450 354
1549 929
928 40
928 399
1664 1886
1664 885
1886 438
1886 1256
724 1005
1005 1992
903 1007
903 1856
903 1621
1007 1548
1007 971
400 1173
400 1763
1173 1174
1173 1463
496 842
496 1306
1161 1313
1161 772
304 1730
304 561
304 1992
1730 1768
1730 1270
664 1893
664 711
1893 1276
59 1145
59 120
59 30
1145 1015
1145 731
189 1520
189 1599
1520 368
1520 1504
508 742
508 302
508 464
742 608
742 1467
1164 611
802 1863
802 287
1863 1273
1863 1159
466 974
466 1717
974 1818
974 766
152 263
152 178
1121 1988
1121 1318
1121 751
1988 1584
1988 822
999 1245
999 76
1245 813
1245 1014
1592 752
1592 982
104 1020
1967 342
1967 1728
1144 1398
1144 204
207 1864
207 214
857 1631
526 1882
907 1921
907 25
907 1189
1921 771
1921 1263
1071 1349
1071 1535
1071 1322
1349 1109
1330 1609
1330 1060
1609 1715
1609 326
438 539
539 735
465 1396
465 1608
465 1261
1396 1774
1830 1932
1932 1281
1932 846
766 1387
766 1877
1387 1492
1387 218
1961 861
621 1307
621 234
884 1608
884 1302
884 609
9 1036
9 1309
1036 219
1036 161
1077 1694
1077 360
1077 1931
1694 1139
1694 1570
331 678
331 1030
678 1186
678 370
483 955
483 1163
483 1147
955 1809
955 1115
762 1273
762 144
1273 1172
583 1796
583 1766
1796 1199
1469 1480
1469 703
1480 787
1480 1818
92 661
92 475
92 442
661 277
1300 1708
1300 1163
1300 1945
1708 329
722 1731
722 221
1731 849
1731 206
513 1737
513 633
1737 608
1737 94
122 1852
122 265
122 1361
1852 1097
85 393
85 1165
393 1438
393 1680
65 1088
42 660
42 1878
42 1930
660 1199
760 1614
760 1264
760 1532
1614 534
177 476
88 1301
88 35
88 1193
1301 288
1301 1454
352 850
1620 1914
1620 1544
1914 1423
1914 1385
626 976
976 1056
846 1208
846 1937
1208 984
1208 1407
1118 1725
1497 136
1155 1841
530 1008
530 726
530 51
1008 851
1429 1911
373 1061
373 696
1061 17
1328 1662
1328 1172
1328 682
1662 811
1662 1900
489 1501
489 202
489 505
1501 28
1623 368
1623 410
854 931
854 1938
1729 1272
1729 1597
1547 310
1547 1284
1057 1284
1057 1647
1057 741
1284 1477
550 1709
417 429
417 183
417 420
429 1697
706 1206
706 1726
706 1510
1206 942
891 1808
891 79
1625 1692
163 698
163 947
163 1168
698 1343
698 1665
552 1413
552 1845
552 1409
1413 915
1413 831
310 1391
1391 1092
1391 944
1100 1101
1100 1901
1101 73
1101 1771
436 1875
436 1303
1448 1964
1448 1594
1448 883
1964 1279
1509 748
1774 1906
1774 1688
665 262
665 139
1060 1015
1060 469
1432 1876
1432 1437
1432 1973
1876 910
1876 187
383 1231
383 1828
383 378
1231 1776
61 1712
61 1484
176 609
176 261
609 174
1165 1323
1165 1280
71 1755
71 1363
71 1617
1755 1278
1755 662
172 1807
172 1855
172 139
1807 1996
1807 265
247 260
247 786
260 1140
260 148
579 1636
1636 980
7 1322
7 1767
265 1329
381 1781
427 1395
427 287
427 520
1395 1474
1219 1444
1219 480
1219 157
1444 893
1126 1890
1126 1420
1890 575
1890 1132
14 588
14 116
14 340
588 1125
588 1541
292 1771
376 523
376 1648
99 775
99 1958
99 398
775 590
549 1878
549 694
1878 175
1707 1544
1707 1028
1063 302
497 556
497 1580
497 296
535 936
420 452
452 1844
1647 1412
1647 186
51 167
437 1673
437 1545
437 1250
1673 925
692 1405
692 57
1405 558
1405 1502
112 1559
112 767
215 879
215 1486
636 1510
1510 1846
279 598
279 868
279 1783
598 1047
598 1898
712 117
712 805
1012 1908
1012 1304
1580 1783
1580 267
379 801
379 1804
801 1162
801 639
925 1111
1223 1980
1223 897
1980 46
1720 321
1720 816
654 1414
654 297
180 1760
1760 230
277 1419
510 1313
510 520
210 885
210 296
210 1588
885 1860
221 1123
221 1159
1123 1690
1726 729
1726 898
951 1148
951 254
951 1442
1148 1719
826 1791
826 748
1791 359
1791 769
347 1119
347 1749
347 562
1119 356
1119 1265
1159 651
1446 1621
1446 1910
1446 296
1621 563
1190 187
1190 936
475 895
895 843
895 714
904 743
904 990
671 1215
671 484
671 462
1781 985
1034 458
1034 1241
799 1257
799 755
799 1276
1257 1216
1257 1428
1808 161
41 1482
41 1563
348 272
186 183
40 1088
1337 1097
1188 1537
1188 1314
1514 819
1514 1438
493 1824
493 1544
1824 1465
1535 426
1535 1848
1174 1644
1174 432
1014 1675
1675 610
415 1761
415 1765
415 1403
1761 1250
1761 72
480 987
480 1513
987 837
987 254
1973 1055
606 1722
1166 1024
1166 669
881 1825
881 87
1825 702
787 1632
787 844
1632 1990
1968 1833
1968 492
377 1505
377 1533
377 1091
1505 962
1505 1658
398 1299
1299 257
586 1270
586 117
586 966
1772 1911
1216 1780
843 287
1134 1367
1134 1561
1367 1586
1716 1538
214 315
214 1776
315 1701
315 390
1634 1690
1690 203
1645 1928
1645 1613
1645 340
1928 1999
1928 428
619 629
629 1041
629 1417
777 8
326 1953
326 540
1953 1115
1680 1922
1680 921
1922 1464
759 1691
759 1280
1691 439
1691 69
1068 1543
1068 12
1201 1218
1201 1073
1585 632
755 1001
735 961
735 1093
961 988
961 446
414 875
414 1394
414 1553
875 333
335 353
335 1666
353 1120
181 1198
181 716
1198 250
1198 576
971 1661
170 1959
170 1797
1898 964
121 1640
233 860
308 744
744 1994
196 703
196 1400
1906 564
1906 1971
434 560
434 632
560 992
560 1378
1186 76
1163 1523
1523 346
1523 280
931 1631
931 1595
1631 444
44 1722
44 321
1722 1296
1981 1619
1981 403
22 1411
22 343
1411 392
1238 93
1238 851
1977 935
1398 1530
1205 1790
1205 338
1205 95
1790 1584
144 457
144 943
288 838
288 1045
1120 1194
1120 109
1194 733
1937 850
1937 1677
1672 898
1659 361
1659 1993
927 711
927 643
336 1607
1428 653
536 585
536 43
536 1297
585 369
1436 217
1907 1341
1907 66
645 1125
780 1848
780 1478
1848 1572
1874 1513
1041 1771
1041 459
330 1419
330 1292
1419 1799
921 1478
921 378
1478 1503
1427 1695
1427 1711
1427 385
1695 559
1695 691
1066 1195
1195 329
1195 55
677 1383
677 1858
677 1971
1383 1239
1125 271
56 1264
56 1447
1264 1269
656 1094
1989 683
1989 1111
1320 1573
1320 1412
1926 1094
32 1846
321 785
1009 1180
1009 1958
1111 1467
1467 1109
516 1456
356 322
1147 1389
1389 396
1389 1390
796 1029
300 17
300 651
580 1836
580 1199
580 992
1836 428
1836 694
575 185
1492 262
1492 1754
548 1331
548 1887
548 612
1331 1655
73 1129
120 1379
1504 1519
1504 685
441 939
441 616
441 1498
939 996
939 1598
388 1115
388 1307
194 1656
194 1352
194 1728
1656 1555
1434 1460
1434 648
1434 477
1460 627
1460 1588
727 1976
727 965
727 60
1976 1430
1976 1626
812 1031
812 776
812 232
1031 1677
1031 1313
561 1253
561 74
1676 1757
1833 1868
150 1177
150 1421
150 374
1177 1655
714 990
990 173
624 1325
624 478
1325 691
1192 274
1192 1910
1652 949
774 1087
774 1787
1590 825
1590 1923
1556 1785
406 1139
406 499
406 558
1139 534
1844 1553
1268 1348
1268 80
633 772
633 1151
772 151
1899 1924
1899 543
949 640
1351 8
1351 1882
602 1050
602 1030
1050 1018
96 1327
96 839
96 1742
1327 459
1766 1811
734 1089
734 1883
734 1214
1089 1604
1089 232
143 1030
143 1617
527 159
988 1019
988 1934
117 467
1584 224
1193 1853
1725 343
868 1025
868 1589
1025 1541
1025 1809
218 651
218 74
95 1892
95 1674
1892 1324
1892 1496
1417 1853
1417 512
1806 1982
1806 1255
1982 1881
1982 1763
980 1318
212 576
212 280
212 442
576 521
450 893
450 63
450 503
893 1329
140 816
140 58
140 349
816 1334
35 571
35 299
571 675
571 118
994 1530
994 346
747 1265
747 390
1265 209
38 805
805 1076
128 1302
128 1995
1579 811
788 1711
788 1314
788 1394
1711 1640
1613 1617
1613 346
947 1704
1704 1849
374 1252
944 1815
1815 653
440 1029
312 555
312 1990
312 702
555 708
125 320
125 808
125 1586
320 1440
632 773
1537 622
1537 1616
446 900
446 1474
900 1959
67 86
67 1402
67 499
86 1912
86 963
1864 448
136 687
1084 268
1084 618
600 1409
600 573
385 926
385 1307
926 25
169 443
1616 710
767 448
1217 1276
1296 1941
1029 1112
1112 1665
1112 1075
219 749
749 731
749 1095
80 1494
80 1818
1494 333
1494 1209
1738 623
834 1122
333 1752
1453 1420
819 686
769 459
1047 268
1047 380
1308 869
1422 1091
463 1496
463 1341
263 1142
263 454
1142 1783
1142 1293
1674 1794
1794 256
1794 1912
1901 1295
109 1221
109 874
34 105
236 1746
236 1106
942 432
274 871
274 313
505 1699
505 1404
1699 814
1699 1717
715 615
715 256
822 997
822 1380
997 171
811 1763
1076 1816
1076 386
1816 1447
1176 1903
1176 1798
1903 1881
1903 1465
29 1626
29 1701
1626 1214
1170 1451
1170 449
1451 1407
262 1022
1348 135
1348 1896
1004 63
200 1364
200 726
1364 1363
82 963
82 1924
963 116
93 1457
1941 354
1941 1390
564 1267
46 1574
46 841
12 1658
12 1489
1658 390
235 658
473 1415
473 2000
473 1019
1415 1470
386 852
386 1352
72 662
662 1018
397 1650
1994 145
1715 1386
467 782
467 1638
782 1362
1097 1085
185 1229
720 962
720 750
962 1583
1305 1596
1596 1272
250 1024
1306 1531
1538 405
1538 784
1140 1706
1554 1841
1554 1489
729 257
729 1092
1272 1343
1935 1946
1935 593
1946 1221
1946 969
1667 1866
1667 1856
1667 1259
1866 79
1712 523
1712 991
48 281
48 1909
281 167
16 341
1019 1259
245 157
62 1793
62 1132
62 515
1793 124
305 634
305 1065
625 707
241 1857
241 1209
1229 1267
1229 611
1267 1385
1765 461
1642 298
148 771
148 319
524 1475
1856 1309
964 1457
964 898
1457 1746
66 456
66 991
456 1237
456 171
1297 1895
1297 1888
1895 515
1409 1960
605 358
1343 157
634 1440
972 1991
972 479
972 684
1991 866
1991 1728
6 935
6 771
6 1591
935 874
55 1502
1502 737
1473 710
1132 968
1087 1569
1087 60
1569 302
1999 737
618 1283
77 1274
77 914
1553 1713
996 1103
996 794
30 1984
1709 640
234 835
234 454
835 182
1168 1493
1168 1233
1493 159
1493 8
871 743
871 623
953 1196
953 370
1196 943
1196 595
1958 1358
1104 611
1882 540
1037 1955
1037 1984
1322 363
1379 1654
695 1430
695 1080
695 1778
1430 1857
1768 503
1768 369
1804 1646
521 416
696 269
1959 952
469 464
469 546
591 616
523 107
1828 803
894 1352
894 1788
894 289
669 1908
669 803
1908 1162
113 1461
113 449
113 794
1461 1773
294 866
294 543
1329 5
849 1923
849 643
318 118
1811 1246
1811 135
1566 1256
1566 1073
1749 1065
268 1701
1212 1410
1212 443
1212 1757
1410 924
1410 1604
484 1372
597 1797
28 985
1913 1925
1271 1465
675 1619
1404 1310
1404 134
464 462
686 1336
686 1040
1336 1397
1336 845
1838 1222
608 933
1630 845
1630 1622
202 1259
202 615
368 1081
21 164
21 433
448 1400
1400 184
1080 1985
1080 1894
1985 278
1985 228
105 243
105 1243
243 879
243 1386
708 1481
708 361
1685 101
1481 1956
1956 851
1606 1486
1773 574
253 847
1746 1823
1823 946
1823 1868
75 631
670 447
487 959
959 910
959 1269
902 952
902 1459
1237 582
1237 399
1338 1359
1338 1682
1338 813
1359 23
813 1532
2000 1594
2000 581
291 1955
1881 1600
865 896
865 582
204 643
652 919
919 1651
919 1477
860 1851
1851 68
1044 474
1598 540
87 191
831 829
750 1719
750 68
1719 1353
1024 883
5 289
1868 733
786 1678
786 187
1678 874
1678 479
558 45
639 1250
592 1403
592 842
592 1993
1403 631
1116 1934
1116 70
1116 380
1218 58
23 1615
334 995
334 1358
334 69
995 768
1314 829
642 1855
439 1648
439 814
1085 1438
159 295
1776 1358
1960 165
490 731
490 1042
490 1475
217 1210
1210 887
43 1078
43 506
175 1887
175 184
1887 1491
784 1081
1421 482
1397 58
311 1109
1545 1324
1342 1477
1342 1224
1342 768
1224 648
118 673
1028 1137
1137 151
1137 1930
1845 416
1486 1122
1221 1243
1151 1001
838 1239
622 1682
622 628
915 225
1269 1583
1001 1533
1533 853
45 1179
1319 1127
227 1129
1129 568
716 991
716 182
1530 653
1420 131
424 1902
424 1896
1902 269
883 435
545 1885
912 1734
912 412
912 705
1734 1507
1734 623
748 1860
1860 60
1464 132
866 272
1283 1646
1283 367
1646 485
674 1910
1468 52
155 973
155 1568
973 628
973 512
94 1106
94 1222
1106 1073
683 1092
1033 862
1033 1682
50 1710
50 711
1710 770
359 319
359 1589
254 468
342 1078
435 1798
515 1293
354 655
107 76
107 1671
546 1292
1324 1655
271 610
166 1597
166 167
166 986
1240 1488
474 1484
474 869
1484 538
134 69
486 814
593 1555
1586 1925
1463 612
1463 404
504 1633
504 1971
1633 244
1633 1570
422 1042
422 350
1042 1829
282 1785
282 1179
1235 1574
1093 338
1093 1555
317 1083
317 139
638 1160
638 1637
638 33
1160 1650
1650 1280
428 1615
1615 403
1211 1732
1211 132
1732 1209
924 228
924 491
25 1347
1347 244
1256 1474
1202 1274
1202 173
1202 1455
1274 1567
278 581
1930 433
568 1222
568 940
1246 133
1246 1661
396 1640
396 837
1183 1382
1382 534
1382 103
444 1915
349 1829
349 145
1829 1635
768 165
499 116
861 1488
861 1945
520 1158
1158 862
1158 687
1353 1321
124 929
124 18
929 839
361 1575
940 1372
940 482
220 1841
220 650
443 416
1127 18
1531 405
685 1385
685 1070
650 705
1040 1323
1040 577
1323 1786
1900 1507
1900 468
1069 1055
1281 1799
1281 1638
1799 620
132 923
923 757
923 574
1045 1644
1045 1362
1644 1767
402 1278
1278 1315
783 969
783 1798
783 491
969 842
697 1787
363 485
694 1241
1304 327
178 458
631 1407
133 1909
244 704
704 1489
327 1233
327 1390
1233 232
1459 1912
844 567
844 952
785 19
785 399
101 494
101 1767
430 1595
430 209
1595 1697
1103 1641
482 1641
1641 1075
478 562
1078 1261
494 1992
313 673
776 1576
776 1333
615 1931
1965 1651
1179 808
897 725
1402 1054
743 1021
1021 773
567 916
773 984
224 1915
33 1661
33 1498
853 1022
853 601
1095 1931
1565 1572
1261 123
573 733
492 1020
1020 1561
190 1
403 798
1333 1757
182 658
933 1786
1594 1294
1742 1083
1098 19
1098 1026
1788 161
1184 1754
1184 1770
1754 297
19 1294
1591 1885
1885 203
808 184
404 910
68 1809
145 1919
153 209
1955 751
457 123
503 829
392 517
1130 752
203 103
1091 519
57 756
756 741
298 1752
298 206
286 1752
286 1075
601 982
982 648
1915 1567
635 1253
635 191
825 1871
341 261
975 485
1600 684
702 519
468 1293
261 1984
725 1643
781 1688
781 794
781 1692
1576 506
839 968
1563 1574
295 506
191 1583
1380 1154
752 1891
1018 350
1321 1919
367 1292
1575 1770
1575 887
1255 616
1255 1466
1154 1853
123 1635
412 1498
412 103
1187 1070
1187 869
1315 410
1315 1466
1475 984
655 1378
574 595
1770 1378
943 1241
595 1083
350 543
519 225
225 1455
