2000 1333
2 1705
2 1960
3 447
3 1399
3 1511
4 35
4 631
6 64
6 1393
7 457
7 970
7 1264
7 1300
7 1443
8 575
8 650
8 1326
9 367
11 1211
11 1791
12 1276
13 1772
14 1052
14 1159
15 1340
16 880
16 974
17 133
18 1582
20 1127
20 1341
22 494
22 1536
23 38
23 1453
24 1232
25 1252
26 1114
26 1215
26 1658
28 294
28 1080
28 1117
28 1175
29 99
31 1337
31 1879
32 557
32 631
32 776
32 849
33 1162
33 1564
34 943
34 1080
35 1769
36 1626
36 1920
37 911
37 1230
38 87
38 829
38 1010
39 559
40 906
43 1394
44 496
44 865
45 1453
46 1817
47 850
49 612
49 1375
50 738
50 1198
50 1762
52 1653
52 1700
52 1922
53 1813
54 1625
55 1600
56 1221
56 1646
57 399
57 1973
59 1240
59 1332
59 1803
62 626
64 624
65 450
66 1409
67 377
67 678
67 1576
69 1439
69 1707
70 416
70 1890
73 983
74 1598
75 1247
76 1882
77 694
78 1848
79 528
80 1243
82 904
83 1101
84 476
84 1573
86 328
86 1308
87 785
89 1936
90 94
90 238
90 288
90 1440
91 404
91 863
92 737
95 200
96 672
96 1392
99 1179
100 575
100 901
102 801
102 867
103 289
105 1755
106 1298
106 1443
108 1644
109 476
109 1966
111 773
111 911
112 390
112 1145
112 1931
113 1316
114 1704
115 1092
116 617
117 1976
118 1001
118 1092
118 1523
119 327
119 382
119 896
119 1404
119 1792
119 1841
120 685
120 1891
122 246
122 990
123 786
124 548
125 931
127 211
127 1752
129 544
129 995
129 1546
130 1245
130 1799
131 1693
132 235
132 1674
133 905
135 377
135 555
135 943
135 1092
135 1343
135 1880
136 821
136 1854
137 1297
137 1359
137 1406
137 1940
138 240
138 396
138 1686
139 576
140 595
142 1222
142 1314
143 1246
143 1445
143 1512
143 1810
145 1018
145 1444
146 212
147 724
147 928
147 938
147 1254
150 1466
151 1834
152 659
153 230
153 687
153 1446
154 441
154 520
154 787
154 1752
155 1549
155 1649
156 656
158 1511
160 1341
160 1570
161 1002
162 1004
162 1582
163 1624
164 1474
166 1863
167 1101
167 1860
169 190
171 214
171 1740
171 1789
172 689
172 859
173 780
174 667
175 1530
176 265
176 321
176 701
176 1242
177 903
177 1820
178 1067
179 1544
180 194
180 1185
181 945
184 452
185 322
185 432
185 787
185 1722
186 605
186 1132
187 190
187 1225
187 1310
188 1085
188 1495
189 348
193 417
194 1320
195 936
195 985
195 1651
196 1318
197 1631
198 592
198 1063
198 1069
198 1116
199 848
200 457
200 465
201 426
201 1714
203 515
207 234
207 384
207 526
207 842
207 919
208 819
208 1161
208 1647
208 1960
209 1024
209 1347
211 322
211 624
215 1038
215 1383
217 1482
217 1577
218 464
218 622
219 344
219 1604
219 1696
219 1887
220 1763
222 975
222 1939
223 730
224 1929
227 677
228 1945
229 1673
230 275
230 1227
230 1298
230 1578
230 1851
230 1867
231 1663
232 467
232 586
232 1003
237 928
239 923
240 894
240 899
243 491
244 1719
245 473
245 961
245 1177
245 1363
247 1807
249 438
249 1770
251 605
251 1303
251 1686
251 1721
251 1762
251 1947
252 982
252 1479
253 753
254 742
254 1127
254 1711
255 1740
256 974
257 800
257 910
259 902
259 1529
259 1735
260 849
261 1912
262 1271
263 615
263 1148
264 1131
266 1593
267 1172
268 320
270 387
270 675
270 792
270 900
270 1024
270 1519
270 1557
271 439
272 1488
273 364
274 874
274 1037
274 1444
276 396
276 453
278 576
279 919
282 595
283 1998
284 821
284 1490
285 366
285 1427
286 613
286 1625
287 320
287 1681
289 931
290 1636
291 534
291 1200
291 1496
291 1789
291 1897
292 315
292 1113
293 486
293 688
295 664
295 762
295 786
295 850
296 550
296 1134
296 1834
297 706
297 795
297 1814
299 1494
299 1664
300 1830
301 1756
304 704
304 868
304 1999
305 1515
306 557
306 1566
308 358
308 417
308 1436
308 1598
310 1293
312 1488
313 1065
314 1292
317 558
317 729
317 1538
318 836
318 1958
319 576
320 903
321 976
321 1149
321 1560
323 566
323 677
323 1277
324 643
324 1154
327 1107
328 1239
328 1562
328 1957
332 1259
333 1039
333 1705
336 890
336 987
336 1270
338 848
338 1076
340 961
340 1175
342 1265
342 1309
343 371
343 1260
344 548
345 908
345 1259
347 746
347 1384
347 1497
348 1103
348 1649
349 543
349 1660
350 1100
353 1083
353 1169
354 1859
354 1994
358 697
359 817
359 1455
361 1569
362 668
364 1751
364 1896
365 481
365 1788
366 1518
366 1967
367 627
368 1555
368 1808
370 1110
371 602
372 627
372 885
373 1406
375 1776
376 1676
378 380
382 1576
383 1925
384 570
385 1228
385 1687
386 865
386 1050
386 1473
389 681
389 1322
391 1433
392 1745
397 944
397 985
399 1058
400 1432
401 1219
401 1666
402 404
402 522
403 1177
404 1788
406 1726
407 1943
408 490
410 1838
411 1691
413 646
415 1682
415 1915
416 1526
417 757
417 1506
419 1759
420 1153
421 1399
421 1781
422 1791
423 774
423 1595
424 1798
425 946
425 1081
429 1216
430 1497
430 1848
431 562
434 1831
435 965
437 1936
438 498
438 1729
441 1255
441 1319
442 1147
443 1840
444 933
446 1931
447 754
448 713
448 1163
448 1266
448 1952
449 518
451 1687
453 1293
453 1371
458 1134
458 1575
459 755
461 758
461 1934
462 1779
464 597
464 1295
465 676
465 1307
466 1362
472 1093
472 1241
472 1523
472 1635
473 1146
474 740
474 794
474 1132
481 1462
482 1008
482 1713
483 549
483 826
485 1733
487 768
487 961
487 1263
487 1583
488 644
488 753
490 694
491 1337
492 709
492 710
492 983
494 1544
495 564
495 1771
496 544
496 1768
497 1540
498 692
498 888
498 1611
500 1465
500 1551
501 1083
502 923
503 1423
503 1487
504 555
505 1150
505 1361
507 704
508 783
508 1541
508 1680
508 1702
509 1072
510 1733
514 756
514 956
514 1056
514 1397
516 1874
517 1484
517 1612
519 817
520 1414
521 923
521 1112
523 590
524 1193
524 1231
524 1343
527 592
527 870
528 1774
530 829
531 1819
532 642
533 834
543 1464
545 1520
546 593
546 744
546 833
547 620
547 1664
547 1882
548 601
549 1390
551 951
553 1429
554 731
556 625
556 671
556 1338
557 1298
560 756
560 1787
561 1189
561 1443
562 1565
562 1980
563 933
566 1518
567 1960
572 1017
573 1151
573 1946
576 890
577 1526
578 1172
580 1230
583 1160
590 695
590 1224
592 1395
593 1011
593 1487
594 1978
594 1984
596 802
598 1549
601 661
601 1554
602 1232
602 1820
603 1370
603 1575
604 785
605 875
611 899
613 1068
613 1165
618 983
618 1218
619 1317
619 1327
619 1570
622 672
624 1182
625 846
626 628
627 1661
628 825
631 1752
632 847
634 735
634 1418
635 820
635 1271
636 978
637 1419
638 1674
640 972
640 1236
641 787
642 765
642 1660
642 1726
642 1942
643 1432
643 1796
644 1008
646 1475
646 1943
647 1518
648 906
648 1376
648 1649
649 1568
650 1288
650 1497
651 704
652 838
652 839
652 1109
655 1167
655 1940
656 1484
656 1709
656 1793
657 1090
660 1210
660 1864
661 1037
661 1182
661 1969
664 881
664 1120
664 1660
664 1680
665 1228
665 1672
667 1006
668 1347
668 1523
668 1870
670 1433
671 898
672 1374
674 737
674 1368
674 1662
675 1812
679 683
679 1025
680 738
681 1243
681 1797
682 1930
684 915
685 1170
686 1754
687 935
687 1253
690 1098
691 1946
694 1656
697 1100
697 1754
701 889
703 916
703 958
703 1897
704 783
711 1207
712 864
713 1292
716 1050
717 1167
719 962
719 999
719 1208
720 1763
721 831
722 740
722 1061
725 857
726 1569
729 735
729 1422
730 1729
732 1321
732 1754
733 1689
734 736
734 1745
735 894
735 1032
736 1921
738 1237
738 1275
739 746
739 1707
740 1060
743 1419
744 1228
744 1244
744 1494
744 1929
747 815
747 1792
748 986
748 1055
751 1038
752 1943
756 1481
761 1642
763 1652
764 1526
764 1913
765 887
765 1380
765 1473
766 1213
766 1520
766 1562
767 1185
768 849
769 1916
770 826
770 1023
770 1659
772 1017
773 1487
773 1608
773 1745
775 1378
775 1849
777 1189
777 1459
778 1703
779 1580
781 1493
782 1313
783 922
785 839
785 1571
786 1934
788 795
788 1876
789 1358
789 1385
790 1119
790 1217
793 1741
794 1463
796 1016
796 1993
799 830
799 1066
799 1793
800 1707
802 803
805 828
807 874
809 1210
810 1894
812 1786
813 952
815 1139
817 894
819 1296
820 1204
822 1371
825 1683
826 1431
826 1800
828 1624
828 1939
829 1201
830 1688
832 1286
832 1998
833 1156
835 1150
835 1283
836 971
836 1060
838 883
838 1810
840 1579
843 994
843 1406
843 1422
843 1471
846 1094
848 1068
848 1989
851 894
851 1343
851 1542
851 1832
852 1537
855 1243
857 1109
857 1904
858 1075
858 1319
863 1215
863 1452
863 1570
863 1842
866 1216
866 1629
868 1434
869 1818
870 1097
870 1213
871 1044
872 1017
872 1179
873 1771
875 968
875 1154
876 892
876 1555
878 1444
879 1062
880 1733
882 1739
884 1948
885 1219
885 1482
885 1922
886 1770
887 1422
888 1216
888 1798
891 1680
893 1643
895 998
896 1259
897 1360
898 1651
898 1827
901 1441
902 1790
904 958
904 1626
905 1265
905 1625
906 1311
908 1860
909 1560
910 1350
910 1847
915 1775
917 1316
919 1113
919 1445
921 1596
921 1613
927 1972
931 1104
932 1504
932 1903
933 1362
934 988
934 1720
935 945
938 1514
939 1974
942 1009
946 1584
949 1214
950 1478
950 1817
951 1655
952 1561
953 1027
954 1758
955 1326
958 1292
958 1570
959 1320
960 1884
961 1646
961 1865
963 1078
963 1438
963 1692
967 1509
969 1865
972 1636
973 1022
975 1607
979 1674
980 985
980 1037
980 1872
982 1300
983 1022
983 1141
986 1269
986 1476
989 1549
989 1592
990 1264
992 1885
993 1370
998 1013
1003 1868
1004 1980
1007 1857
1010 1027
1011 1727
1014 1488
1016 1058
1019 1339
1020 1634
1021 1199
1024 1746
1027 1934
1028 1149
1028 1778
1029 1729
1029 1853
1031 1933
1033 1064
1033 1991
1036 1339
1039 1383
1042 1426
1043 1724
1046 1473
1047 1979
1051 1086
1051 1152
1053 1737
1054 1834
1055 1228
1056 1138
1056 1290
1057 1834
1060 1800
1060 1823
1061 1555
1061 1594
1066 1454
1067 1707
1068 1670
1069 1428
1071 1101
1071 1246
1073 1681
1079 1787
1082 1711
1083 1117
1083 1234
1083 1940
1085 1583
1086 1229
1086 1473
1087 1704
1088 1482
1089 1428
1090 1686
1091 1207
1091 1559
1092 1666
1098 1574
1098 1885
1101 1112
1103 1751
1103 1834
1103 1936
1104 1579
1105 1171
1107 1600
1108 1501
1109 1686
1110 1953
1113 1517
1115 1334
1118 1137
1123 1543
1123 1643
1126 1692
1128 1467
1128 1581
1128 1949
1132 1239
1136 1521
1136 1654
1137 1291
1142 1408
1143 1236
1145 1797
1146 1435
1148 1216
1148 1792
1148 1987
1149 1318
1149 1854
1152 1616
1153 1789
1156 1743
1157 1184
1159 1376
1162 1267
1162 1843
1163 1363
1166 1952
1168 1556
1171 1911
1174 1732
1176 1766
1177 1485
1179 1687
1181 1657
1182 1441
1186 1996
1188 1227
1191 1570
1191 1917
1195 1420
1197 1207
1202 1694
1203 1914
1204 1375
1204 1575
1208 1969
1215 1642
1218 1550
1220 1270
1221 1938
1228 1871
1231 1461
1233 1498
1237 1855
1238 1532
1239 1405
1243 1412
1245 1615
1247 1293
1252 1633
1253 1926
1254 1615
1256 1436
1256 1871
1257 1602
1263 1476
1270 1304
1270 1531
1275 1423
1275 1435
1278 1902
1280 1975
1282 1573
1286 1645
1287 1779
1289 1731
1297 1774
1298 1690
1300 1818
1301 1430
1302 1666
1302 1833
1306 1802
1307 1975
1309 1995
1312 1771
1312 1785
1313 1387
1315 1854
1317 1959
1320 1410
1320 1625
1324 1656
1331 1997
1333 1551
1337 1374
1338 1421
1340 1575
1344 1431
1347 1702
1351 1641
1353 1922
1361 1893
1364 1820
1365 1409
1366 1880
1367 1401
1369 1611
1370 1493
1371 1958
1373 1472
1373 1609
1373 1824
1374 1457
1380 1761
1383 1425
1386 1402
1386 1625
1390 1656
1395 1550
1400 1900
1404 1799
1414 1764
1415 1776
1417 1910
1420 1600
1424 1842
1426 1758
1434 1584
1437 1933
1439 1731
1442 1782
1442 1817
1444 1657
1445 1854
1450 1700
1452 1465
1455 1601
1460 1768
1461 1974
1466 1910
1469 1605
1475 1483
1476 1982
1478 1746
1483 1697
1494 1883
1495 1540
1504 1923
1506 1755
1506 1852
1509 1942
1518 1879
1519 1646
1519 1973
1521 1700
1525 1545
1526 1531
1528 1727
1534 1719
1537 1944
1540 1666
1559 1965
1570 1952
1575 1695
1575 1839
1584 1851
1590 1781
1591 1983
1596 1807
1598 1679
1598 1762
1598 1830
1622 1706
1623 1900
1624 1948
1625 1713
1634 1931
1636 1837
1638 1944
1641 1648
1647 1735
1649 1904
1650 1723
1650 1958
1656 1942
1663 1788
1668 1860
1670 1961
1671 1863
1680 1911
1682 1964
1702 1746
1703 1924
1706 1878
1710 1736
1712 1730
1712 1922
1714 1795
1720 1919
1735 1911
1735 1941
1735 1948
1737 1842
1739 1851
1751 1793
1766 1849
1767 1906
1785 1954
1790 1899
1796 1916
1803 1978
1810 1824
1817 1894
1817 1946
1830 2000
1852 1998
1856 1911
1860 1971
1863 1929
1874 1983
1885 1901
1899 1969
1914 1937
1915 1934
1943 1965
1973 1997
1977 1983
