1000 612
1 465
1 580
1 802
2 405
2 460
2 867
3 681
4 875
5 189
5 828
5 951
6 372
8 893
8 971
9 108
9 267
11 692
12 452
12 949
12 965
13 418
14 119
14 158
14 452
14 474
15 754
16 161
16 486
17 157
17 525
18 986
19 420
19 506
21 962
22 113
22 779
22 854
23 717
24 554
25 258
26 141
27 425
27 975
28 868
29 112
29 974
29 992
30 281
31 191
32 560
32 781
33 212
33 632
33 997
38 151
39 992
41 467
41 730
41 843
42 193
43 504
43 686
43 876
44 395
44 495
44 693
45 98
45 859
50 395
51 601
52 241
53 317
55 974
56 331
56 344
57 829
59 593
59 918
60 223
60 317
61 709
62 74
62 171
62 317
64 746
64 771
65 908
68 411
68 532
68 579
69 197
69 943
70 166
72 709
73 923
74 429
76 209
76 652
76 714
76 955
79 484
80 481
81 768
82 171
84 254
85 970
86 180
87 127
87 527
87 964
88 192
88 415
89 821
90 941
91 241
91 259
91 620
92 179
92 613
94 217
94 752
96 267
97 479
97 677
97 886
98 902
100 590
100 862
104 753
106 324
106 481
106 516
107 207
107 637
108 921
109 145
109 855
110 353
112 425
113 209
113 314
116 334
116 818
117 244
117 326
118 250
119 368
119 480
120 593
120 733
120 890
121 123
122 219
123 774
125 569
125 603
126 388
127 709
128 300
128 509
129 394
129 537
129 922
129 995
131 663
131 735
132 294
132 575
135 440
136 421
136 624
137 859
138 206
138 227
138 786
138 955
139 188
139 600
140 145
140 732
144 376
145 733
145 990
146 423
147 694
147 870
148 695
149 211
149 826
150 180
150 625
151 277
151 500
151 831
152 378
154 686
154 880
155 257
155 722
155 842
159 226
159 277
160 276
160 909
162 370
162 837
163 573
164 808
165 981
167 613
171 377
171 954
172 396
172 939
176 497
176 725
178 608
180 273
181 267
182 584
183 869
185 289
185 573
185 685
185 821
185 984
186 986
188 973
190 657
193 425
197 339
197 767
197 844
198 593
198 612
199 235
199 500
199 874
201 786
203 690
204 298
204 344
204 561
204 704
205 901
207 548
207 828
208 708
209 638
210 384
210 555
211 836
211 845
211 907
212 838
213 995
214 468
214 568
215 362
215 992
216 706
217 789
218 629
218 665
220 359
220 481
220 996
224 738
228 330
232 611
232 900
233 417
236 448
239 292
239 973
242 318
244 776
245 583
246 740
247 532
248 281
249 351
249 808
253 547
255 321
255 837
255 988
255 989
256 569
256 927
257 274
257 629
261 512
262 662
264 316
264 606
264 823
265 383
265 437
266 615
266 733
267 664
268 686
269 417
270 572
270 660
270 693
273 298
273 442
273 915
274 468
275 291
275 635
280 382
280 506
280 994
283 381
285 478
286 432
287 293
287 634
287 929
287 966
290 843
292 340
292 932
293 618
295 305
296 648
296 723
296 779
297 432
298 561
299 611
300 791
301 539
302 911
303 334
304 634
307 945
307 956
308 676
310 725
311 994
312 842
312 858
315 655
316 800
317 812
323 741
325 812
326 424
327 938
328 696
333 726
334 378
334 492
334 556
335 487
336 912
337 933
339 859
339 982
339 986
343 644
346 378
346 766
346 861
347 435
348 738
351 988
352 356
353 419
353 684
355 828
356 528
356 796
356 879
356 993
360 429
363 603
363 805
364 574
365 806
366 575
366 744
366 778
366 997
369 918
370 914
372 761
373 963
377 425
378 995
381 500
381 817
383 896
385 634
385 669
387 752
390 583
392 813
396 643
397 883
398 665
398 804
399 867
406 959
406 979
408 532
412 867
413 473
413 874
414 555
419 580
420 475
421 607
422 449
423 487
424 863
425 744
426 458
426 874
426 988
430 688
430 930
432 953
434 684
437 958
438 561
438 741
438 810
438 926
440 699
441 516
441 520
442 514
442 803
445 761
450 886
451 685
452 668
454 961
455 726
458 674
459 619
461 693
462 914
466 754
468 984
471 553
472 806
474 995
478 981
480 736
482 834
483 684
487 710
487 915
490 698
491 973
492 504
493 653
494 730
497 791
498 800
499 957
502 690
503 890
510 957
510 983
515 653
515 913
518 795
518 824
520 679
520 995
521 884
522 541
524 851
525 635
528 782
529 848
530 576
531 741
531 805
533 630
533 734
534 834
538 721
540 686
543 562
543 872
543 948
545 875
547 591
548 589
548 707
550 617
550 914
555 611
555 854
557 654
559 888
560 580
561 890
563 745
564 674
571 830
572 958
579 727
580 626
581 769
582 817
583 765
583 841
590 702
592 889
592 930
595 880
597 741
601 898
602 979
606 889
608 725
608 970
614 690
615 636
615 887
616 837
618 721
619 857
623 811
624 754
626 710
626 1000
627 635
628 967
632 953
634 759
634 937
635 930
644 673
645 718
651 806
654 762
656 869
660 906
662 672
662 699
666 867
671 750
672 705
674 757
675 864
677 924
679 812
682 801
695 975
695 976
696 941
701 716
704 750
705 708
709 843
712 966
717 983
721 911
744 1000
749 890
754 792
758 825
759 994
763 954
772 872
772 989
780 992
783 890
785 891
787 980
789 815
789 964
792 990
795 963
798 852
803 918
809 881
809 927
813 882
818 955
832 936
841 977
845 928
849 862
857 963
859 965
860 872
867 899
881 911
884 959
886 887
889 893
903 980
908 996
915 932
917 979
930 985
933 978
934 951
944 948
976 998
985 993
