1000 718
1 874
1 335
2 635
2 454
2 595
3 607
3 152
3 505
3 71
4 640
4 181
4 949
4 360
5 614
6 618
6 855
8 471
8 243
9 727
10 508
12 519
13 176
14 218
15 833
15 111
15 848
15 926
15 818
17 18
17 307
19 952
19 120
20 225
20 794
20 483
23 150
23 25
24 614
25 459
26 506
27 322
28 401
28 962
28 677
29 376
31 742
31 552
31 743
31 235
31 941
32 797
33 972
34 879
35 893
35 324
37 466
38 878
38 513
39 417
40 927
40 724
40 570
41 135
42 48
43 970
43 164
44 858
44 960
46 989
46 691
46 844
46 76
48 218
49 510
49 217
49 173
49 78
50 725
51 931
51 926
53 700
53 893
53 438
53 444
54 700
54 354
54 188
55 167
57 77
58 132
58 568
61 558
62 792
63 991
63 185
63 538
65 696
66 455
67 813
67 571
68 765
68 365
69 503
69 391
69 279
71 857
71 356
71 884
72 731
73 296
73 319
74 700
76 329
78 132
80 880
81 266
81 299
82 91
82 227
85 270
86 897
86 721
87 297
88 212
90 801
90 102
91 751
92 266
92 156
92 707
92 719
93 815
93 379
93 794
93 137
93 485
94 150
94 528
94 592
95 410
97 417
97 837
98 815
98 287
98 418
98 918
99 305
99 570
100 753
100 961
100 880
100 825
101 225
102 224
103 760
106 253
106 518
107 760
107 749
109 626
109 877
110 294
112 325
112 573
113 963
113 298
114 289
115 184
115 391
118 742
118 689
119 150
119 558
119 752
120 972
120 441
121 927
124 447
124 534
125 326
126 612
126 433
129 536
131 439
133 727
134 356
134 869
134 826
136 361
136 537
138 246
138 270
138 930
142 912
143 167
144 849
146 502
147 907
148 502
148 331
149 542
149 210
149 418
150 628
150 767
150 551
151 988
152 848
152 830
153 857
154 883
155 336
156 234
156 486
157 648
157 654
158 969
158 738
162 309
164 853
165 492
166 875
167 349
167 991
167 421
172 321
172 767
174 805
176 926
177 220
177 655
177 214
177 205
180 504
181 271
184 819
186 578
187 519
187 244
187 752
187 867
189 663
189 337
189 314
189 652
190 767
192 750
192 714
195 558
195 957
197 679
199 592
201 600
202 777
203 816
206 325
206 963
207 639
208 834
208 565
208 762
209 858
209 881
210 614
210 558
211 883
211 800
211 709
212 722
212 360
212 641
213 1000
213 820
217 960
218 257
219 234
219 434
219 965
220 325
220 247
221 371
221 969
222 417
222 416
223 815
223 906
223 404
223 834
225 974
225 644
225 562
225 569
226 539
230 349
230 305
230 814
231 406
232 624
233 254
234 951
235 518
237 693
239 916
241 645
241 266
241 781
242 815
243 883
243 557
244 978
246 875
247 275
254 262
257 433
258 391
258 523
258 342
259 503
259 618
259 543
260 436
261 336
263 989
263 865
264 738
265 982
266 292
268 386
270 349
275 681
275 486
278 300
278 654
279 516
280 680
281 303
283 609
285 799
285 366
287 388
288 984
288 949
288 868
290 951
293 565
293 575
294 889
294 771
295 974
295 554
295 830
296 379
296 522
296 440
297 491
298 768
299 936
300 325
300 552
302 484
303 558
303 858
306 666
306 494
308 841
308 997
310 446
310 687
310 508
314 330
316 760
317 600
317 658
318 512
322 470
323 653
324 365
325 951
325 935
325 542
326 951
330 431
331 1000
332 910
332 474
333 609
333 797
335 439
335 944
336 641
339 860
339 791
342 951
343 358
344 346
345 522
347 666
351 813
352 823
352 547
354 789
356 923
357 558
360 664
363 931
366 989
366 461
367 440
367 463
367 665
367 825
368 502
369 724
370 687
371 760
371 890
371 714
372 855
373 558
375 691
375 611
376 439
376 577
377 669
378 815
378 855
379 872
379 673
379 635
379 694
380 484
382 570
383 691
384 522
385 790
385 793
385 910
385 725
387 689
387 737
390 984
391 519
391 991
393 673
395 462
396 536
397 684
402 688
405 756
410 650
410 649
411 954
411 780
411 651
413 600
413 583
415 498
417 702
417 845
419 825
420 769
420 579
420 933
421 794
423 501
423 988
427 900
431 491
432 507
432 803
434 980
438 821
439 815
439 520
440 790
442 977
443 863
448 614
449 872
449 577
449 710
451 488
454 896
454 637
454 890
455 521
455 783
456 855
456 585
458 845
459 460
460 507
462 785
462 701
463 974
463 523
464 734
466 746
468 864
469 576
470 607
471 879
471 973
471 886
474 844
476 700
476 893
476 936
477 976
478 663
479 724
480 859
481 746
481 551
482 687
482 761
483 744
483 854
487 774
490 942
491 865
492 794
494 609
495 906
495 946
496 933
497 542
498 760
500 877
501 914
502 904
503 831
503 825
503 998
503 669
505 932
506 750
509 720
510 785
510 589
510 716
513 902
513 962
513 515
514 546
514 650
518 790
519 572
519 775
520 984
522 954
525 866
525 802
526 906
527 758
527 694
527 710
533 564
535 742
535 818
536 884
538 819
542 991
548 807
549 735
554 738
558 758
558 662
562 657
563 614
564 935
564 642
566 689
567 883
572 753
573 944
574 936
578 941
579 889
579 692
580 795
582 989
583 742
584 868
584 595
586 625
588 830
590 629
592 658
593 753
596 777
600 846
603 760
603 895
603 634
604 944
606 893
607 921
608 947
610 888
614 691
614 985
614 725
615 700
622 975
623 716
624 919
625 899
631 685
632 815
632 650
635 704
636 693
640 688
642 967
643 767
644 724
645 784
645 943
649 663
658 889
660 924
660 988
664 753
665 711
669 967
670 976
672 743
673 975
673 738
675 837
678 713
681 790
692 773
692 825
693 874
693 740
695 735
697 815
700 753
702 913
702 806
702 734
703 874
703 975
708 984
708 735
709 790
711 923
712 972
725 912
728 869
730 978
735 883
736 939
742 934
746 797
747 931
748 920
748 839
748 960
750 893
751 853
753 833
756 880
758 818
760 763
760 884
763 868
763 870
764 845
772 867
773 891
777 815
777 860
779 894
782 936
788 815
789 811
793 884
794 877
795 900
797 916
802 895
809 876
814 833
814 896
815 975
815 819
815 831
816 844
820 989
820 896
822 853
829 891
830 911
857 936
859 898
872 971
872 946
873 989
874 987
881 966
888 951
891 991
895 972
899 925
906 996
906 979
912 999
914 953
915 989
927 991
937 989
947 967
952 971
982 989
984 988
