1000 500
46 130
132 709
402 579
161 376
585 960
309 778
274 811
48 319
58 787
334 551
308 651
101 358
182 593
112 367
252 765
836 974
785 999
497 861
17 233
264 757
635 682
4 937
248 669
156 833
67 993
95 408
285 407
450 721
547 583
433 561
230 992
76 278
41 976
463 705
105 570
175 796
609 768
29 858
1 360
121 950
109 567
326 821
596 843
506 788
341 553
75 165
51 244
179 411
290 736
533 741
540 884
498 640
202 916
214 881
235 437
314 968
157 508
168 932
781 848
541 610
330 692
163 444
188 855
865 963
403 779
14 586
549 753
345 685
10 552
514 759
99 153
423 888
715 898
388 503
247 900
32 975
15 675
73 91
604 661
368 790
731 860
259 739
208 666
448 773
838 851
195 336
613 760
401 679
197 809
304 526
512 802
8 384
236 867
738 885
873 939
405 694
323 652
167 386
43 189
825 880
415 1000
213 776
383 522
223 393
300 524
325 935
722 909
71 381
817 890
152 863
122 212
140 260
952 980
87 910
464 479
322 831
267 468
148 767
374 603
646 653
518 971
559 612
815 965
827 930
430 458
493 505
462 688
218 822
24 35
200 517
286 440
412 854
365 602
119 717
288 913
543 645
66 949
392 723
371 529
588 625
382 538
379 896
127 842
324 453
61 726
357 886
744 783
560 693
317 697
347 558
601 703
135 904
113 400
25 516
64 871
316 997
237 942
199 421
663 961
670 820
355 427
740 754
283 658
74 911
151 377
120 798
501 764
62 555
78 810
623 708
111 578
59 159
117 756
454 917
348 945
691 991
36 511
866 889
38 63
261 629
227 902
33 771
126 432
969 981
187 600
256 816
139 807
668 742
474 611
431 677
171 183
520 727
375 507
55 673
413 637
106 724
627 984
416 544
201 894
284 483
482 983
500 879
313 406
680 864
155 234
125 620
321 931
177 667
650 850
335 695
295 622
272 895
138 428
54 178
305 425
344 780
630 728
390 914
312 320
150 496
525 940
564 648
47 287
318 592
238 254
597 681
207 257
219 231
618 642
566 702
595 747
232 853
88 678
154 641
228 410
292 840
712 770
467 701
657 700
50 687
205 966
145 924
456 557
133 550
194 291
249 752
180 253
301 799
587 878
210 510
729 989
362 387
104 537
198 782
457 804
81 633
619 812
30 844
123 141
793 857
262 574
337 577
636 919
26 837
100 786
671 876
31 268
638 955
44 872
131 221
339 915
528 814
531 847
52 476
162 455
42 548
65 513
905 926
82 584
93 868
391 534
297 527
146 614
13 350
310 475
216 947
353 943
617 644
143 743
70 484
333 714
359 852
273 282
470 719
576 737
89 628
204 438
209 791
874 934
626 841
192 985
68 928
495 995
461 621
435 492
938 954
897 922
436 545
414 792
98 824
279 329
713 957
158 704
181 706
220 270
294 973
57 908
28 356
172 239
489 849
509 656
477 978
49 918
196 699
546 830
86 409
331 762
397 469
472 899
243 420
451 696
56 166
535 686
102 380
263 352
144 647
404 732
147 927
250 683
18 306
488 582
173 808
203 580
191 215
417 805
296 515
211 956
485 689
774 801
758 936
275 977
777 806
572 684
662 748
97 994
77 332
107 193
422 632
449 887
439 941
276 398
426 504
903 923
672 892
226 424
720 828
23 473
378 948
118 491
92 591
499 829
366 565
160 735
634 654
746 962
925 964
186 225
164 750
307 789
327 466
665 772
819 839
96 206
370 418
530 803
442 690
599 655
108 445
255 891
441 990
554 769
222 970
9 170
573 639
7 883
90 521
542 660
174 502
11 624
605 716
39 988
45 882
251 987
21 921
293 486
725 906
575 958
328 443
241 951
240 568
129 490
571 933
481 649
37 245
34 859
124 258
351 395
137 862
340 794
399 471
3 242
217 589
616 832
373 446
893 979
643 944
169 539
53 346
569 775
298 946
581 749
396 447
265 494
110 755
19 698
190 598
103 459
369 606
751 998
116 487
385 532
142 536
134 959
277 361
465 659
229 711
523 929
246 364
452 460
84 302
594 800
224 870
136 986
676 869
72 184
608 734
85 303
480 823
94 342
115 563
354 845
343 674
519 607
16 315
478 745
363 615
149 664
394 877
12 128
349 707
429 834
281 856
185 730
289 967
6 907
299 733
2 766
40 631
5 372
266 556
60 79
114 953
269 710
83 718
389 901
562 972
797 875
280 338
20 271
826 920
27 795
176 784
835 996
22 982
311 590
763 818
69 419
813 846
761 912
80 434
