1000 673
1 218
2 356
2 386
2 498
3 37
4 352
4 810
4 388
4 650
4 969
5 660
6 372
6 831
8 832
8 304
11 951
12 647
13 571
13 933
14 993
15 511
16 852
16 640
16 493
17 332
17 109
17 426
17 518
20 503
21 860
23 913
23 558
24 217
24 833
26 677
26 913
26 615
26 343
26 294
28 418
28 377
28 358
28 349
29 54
29 868
32 176
33 475
34 437
36 515
41 718
41 967
41 197
41 939
42 149
43 427
44 688
45 767
46 760
46 562
50 372
52 299
53 220
54 322
57 98
57 763
57 667
58 84
58 419
59 419
60 573
60 427
60 287
62 997
63 493
64 213
65 671
66 790
66 871
70 147
70 135
71 917
71 820
72 142
77 234
79 611
80 187
81 997
81 127
81 502
81 643
81 298
82 348
85 427
85 599
85 388
85 310
85 149
86 716
86 664
87 440
87 479
88 718
88 914
89 465
90 323
93 161
94 551
94 434
95 804
95 954
96 649
96 594
98 203
99 781
100 363
101 367
102 911
102 562
103 793
103 303
106 407
107 399
108 657
108 760
108 429
108 859
110 350
111 898
111 897
111 757
111 807
111 984
112 642
114 399
114 140
118 151
120 965
122 165
122 778
123 260
123 632
123 411
125 420
125 288
126 133
126 507
127 886
127 940
127 919
127 833
127 438
129 541
129 995
131 987
132 738
133 337
133 734
134 583
134 869
134 587
134 290
135 221
136 315
137 193
137 863
137 257
138 162
138 488
141 446
141 205
141 965
143 625
144 779
144 676
144 451
144 883
147 395
148 203
150 844
150 391
151 834
152 317
152 211
153 873
155 382
155 454
156 173
157 327
158 235
158 168
159 402
160 236
162 841
164 369
165 200
165 568
165 663
166 951
166 503
166 846
167 401
167 468
167 486
167 416
168 409
169 655
169 943
170 806
171 895
171 260
175 579
175 269
176 228
180 616
181 291
182 975
183 841
183 805
184 443
184 243
184 903
184 641
185 541
185 875
186 821
186 733
187 401
187 620
188 928
188 935
188 641
190 856
191 310
192 816
192 794
193 688
193 536
194 687
195 563
195 211
196 579
197 560
197 200
197 767
198 365
199 723
200 940
202 579
205 245
206 617
208 590
209 428
210 330
211 986
212 932
212 771
213 724
214 340
215 381
215 316
217 764
218 834
219 645
221 267
222 265
223 864
226 499
226 617
227 703
227 496
227 750
227 391
229 618
230 526
230 970
231 927
233 618
234 493
236 664
237 779
237 524
241 332
241 339
242 750
243 842
244 897
246 249
246 336
246 387
247 456
247 670
247 293
247 894
248 719
248 520
249 489
251 958
252 707
254 668
255 914
257 783
257 640
258 324
258 547
258 641
259 965
261 477
262 684
265 494
267 669
268 654
269 654
270 916
270 940
271 920
272 675
273 478
274 526
275 586
275 968
275 507
278 318
280 447
280 479
283 538
285 332
285 303
287 822
287 974
290 497
290 820
291 803
292 992
292 426
294 334
295 645
299 488
300 575
300 814
305 962
305 500
306 918
306 932
306 540
306 321
307 697
308 719
311 320
311 544
312 808
312 848
316 807
317 373
317 641
318 951
320 445
321 332
322 446
322 329
323 362
325 550
326 575
328 867
329 716
330 620
330 562
331 891
332 805
333 748
334 882
338 831
338 990
339 427
339 382
339 687
339 676
342 370
343 981
345 723
346 864
346 440
347 892
347 445
349 454
349 598
351 668
351 990
352 354
352 710
353 550
353 433
357 598
360 769
360 846
361 856
361 638
362 401
362 538
362 693
363 802
364 800
365 919
366 425
368 911
368 598
369 621
370 508
371 992
372 889
375 849
376 957
377 677
377 486
378 696
379 677
380 595
383 992
384 899
385 913
385 535
386 583
386 829
387 963
388 772
393 515
393 652
393 768
393 862
395 700
399 628
400 456
402 934
403 560
403 859
405 806
406 846
407 447
407 776
408 439
414 583
414 558
415 590
416 831
416 894
419 636
419 567
420 493
421 970
426 558
427 928
427 688
428 828
429 617
430 609
431 812
431 527
432 838
433 473
434 742
435 617
436 997
436 511
437 678
437 974
440 637
443 556
446 684
447 947
449 726
450 487
452 812
453 722
455 790
455 485
456 886
458 729
463 690
464 542
465 943
467 766
467 925
468 704
470 948
470 793
474 870
475 997
477 718
479 588
480 720
480 904
481 625
482 763
483 702
496 633
500 897
501 930
505 616
510 699
511 796
513 668
513 784
514 971
520 788
522 779
524 761
526 624
526 961
527 949
528 777
528 585
529 598
534 592
537 550
537 943
538 554
539 571
540 571
540 724
541 686
543 813
544 586
544 879
545 657
548 936
553 734
559 995
560 853
560 883
563 670
563 647
568 798
569 889
571 671
571 750
571 867
576 605
576 665
577 586
577 960
579 845
579 631
583 625
583 938
584 742
590 894
592 653
597 834
602 750
604 934
606 666
607 984
608 617
610 792
610 972
616 823
616 666
616 922
618 683
620 679
622 895
624 963
624 710
625 744
625 700
628 666
629 819
630 987
633 727
635 720
635 692
637 993
642 733
642 824
643 700
644 867
647 856
648 942
649 917
652 987
659 682
660 687
661 908
666 927
668 976
668 875
670 916
671 995
672 951
673 810
673 842
676 722
677 932
677 838
677 794
678 905
682 747
683 992
691 811
692 786
693 933
697 983
697 702
697 991
701 795
706 953
708 928
708 853
709 853
709 996
715 856
715 806
716 947
716 991
717 945
718 780
723 905
726 914
729 810
729 993
729 812
730 942
737 999
739 852
748 940
752 806
753 783
756 907
757 896
761 935
764 877
767 877
769 866
769 858
774 809
776 900
776 923
777 918
778 814
781 852
790 811
790 818
791 1000
793 977
794 840
805 823
809 864
810 944
811 951
814 872
814 841
820 924
821 924
821 987
826 843
828 857
832 843
848 928
850 975
852 931
852 998
856 890
870 997
870 980
876 948
887 922
893 958
915 997
921 947
931 992
933 943
938 998
961 994
989 994
