1000 5000
699 946
699 765
699 817
699 319
699 920
699 789
699 710
699 705
699 221
699 562
946 710
946 770
946 941
946 962
946 802
946 117
946 873
946 982
946 624
217 677
217 303
217 850
217 103
217 735
217 471
217 642
217 940
217 203
217 807
677 795
677 775
677 654
677 422
677 216
677 661
677 421
677 189
677 860
79 972
79 840
79 402
79 835
79 701
79 496
79 243
79 933
79 924
79 295
972 290
972 92
972 150
972 278
972 802
972 598
972 891
972 255
972 734
238 736
238 156
238 590
238 484
238 763
238 155
238 257
238 745
238 855
238 3
736 70
736 104
736 949
736 10
736 657
736 459
736 413
736 960
736 423
854 968
854 965
854 370
854 300
854 192
854 951
854 11
854 310
854 326
854 465
968 814
968 951
968 719
968 586
968 961
968 565
968 297
968 334
968 615
38 153
38 394
38 207
38 308
38 996
38 28
38 63
38 668
38 254
38 969
153 373
153 28
153 107
153 341
153 470
153 504
153 251
153 620
153 664
315 690
315 475
315 262
315 474
315 837
315 452
315 887
315 392
315 825
315 561
690 498
690 635
690 658
690 840
690 732
690 15
690 656
690 351
690 937
798 844
798 779
798 58
798 120
798 80
798 401
798 861
798 533
798 250
798 521
844 909
844 377
844 156
844 199
844 599
844 374
844 556
844 776
844 204
286 632
286 277
286 519
286 272
286 810
286 41
286 913
286 274
286 584
286 228
632 376
632 615
632 179
632 660
632 963
632 775
632 887
632 605
632 180
539 849
539 952
539 586
539 630
539 568
539 999
539 692
539 93
539 724
539 207
849 599
849 747
849 374
849 991
849 982
849 731
849 964
849 625
849 200
599 863
599 862
599 657
599 67
599 333
599 495
599 895
599 386
863 210
863 223
863 715
863 900
863 10
863 8
863 490
863 592
863 305
8 395
8 554
8 872
8 487
8 729
8 99
8 717
8 235
8 716
395 548
395 75
395 494
395 978
395 663
395 579
395 521
395 765
395 883
381 906
381 732
381 282
381 727
381 820
381 269
381 877
381 223
381 487
381 801
906 311
906 707
906 988
906 324
906 314
906 427
906 702
906 510
906 806
164 679
164 912
164 784
164 212
164 765
164 325
164 139
164 546
164 20
164 306
679 647
679 756
679 32
679 445
679 777
679 966
679 333
679 779
679 442
145 400
145 623
145 878
145 536
145 967
145 837
145 531
145 13
145 398
145 761
400 989
400 365
400 715
400 257
400 466
400 813
400 819
400 493
400 427
304 393
304 231
304 120
304 743
304 382
304 613
304 251
304 715
304 853
304 666
393 893
393 302
393 696
393 750
393 318
393 212
393 470
393 240
393 714
710 852
710 39
710 662
710 460
710 626
710 705
710 56
710 976
852 55
852 268
852 272
852 126
852 403
852 510
852 109
852 622
852 957
22 451
22 385
22 66
22 250
22 526
22 9
22 642
22 580
22 593
22 25
451 118
451 161
451 603
451 97
451 77
451 201
451 342
451 484
451 996
123 237
123 116
123 839
123 174
123 660
123 12
123 502
123 141
123 264
123 864
237 840
237 831
237 633
237 832
237 624
237 360
237 980
237 165
237 302
284 865
284 55
284 404
284 340
284 74
284 886
284 274
284 170
284 549
284 135
865 397
865 455
865 843
865 158
865 454
865 276
865 542
865 470
865 196
471 691
471 152
471 814
471 858
471 86
471 768
471 6
471 872
471 173
691 876
691 752
691 392
691 213
691 977
691 847
691 765
691 680
691 86
407 935
407 24
407 791
407 203
407 650
407 817
407 151
407 698
407 742
407 555
935 751
935 198
935 454
935 280
935 897
935 960
935 2
935 256
935 141
930 976
930 260
930 105
930 614
930 411
930 512
930 646
930 278
930 46
930 651
976 515
976 85
976 528
976 77
976 812
976 261
976 963
976 283
100 226
100 640
100 587
100 824
100 492
100 553
100 687
100 742
100 931
100 29
226 311
226 227
226 166
226 576
226 349
226 756
226 630
226 685
226 61
203 876
203 873
203 928
203 380
203 346
203 769
203 344
203 940
876 721
876 903
876 627
876 16
876 479
876 162
876 116
876 993
909 104
909 267
909 346
909 757
909 711
909 249
909 392
909 90
909 992
293 806
293 663
293 724
293 275
293 659
293 159
293 445
293 880
293 42
293 360
806 275
806 343
806 554
806 868
806 197
806 264
806 509
806 742
150 757
150 787
150 250
150 45
150 296
150 179
150 359
150 719
150 267
757 885
757 808
757 316
757 267
757 987
757 16
757 891
757 102
466 468
466 578
466 760
466 513
466 351
466 275
466 403
466 453
466 829
468 931
468 299
468 314
468 23
468 857
468 409
468 309
468 105
468 827
598 624
598 857
598 436
598 726
598 208
598 385
598 202
598 489
598 457
624 483
624 410
624 508
624 359
624 970
624 326
624 37
63 465
63 227
63 684
63 818
63 204
63 685
63 658
63 175
63 956
465 583
465 932
465 330
465 154
465 718
465 898
465 242
465 603
261 709
261 638
261 35
261 866
261 779
261 190
261 259
261 76
261 520
709 325
709 176
709 655
709 750
709 199
709 355
709 330
709 522
709 959
365 537
365 306
365 564
365 986
365 362
365 728
365 609
365 841
365 168
537 981
537 76
537 436
537 402
537 888
537 584
537 597
537 328
537 158
612 643
612 223
612 376
612 748
612 494
612 224
612 925
612 420
612 826
612 641
643 902
643 469
643 512
643 743
643 596
643 394
643 245
643 520
643 792
328 884
328 560
328 927
328 664
328 973
328 722
328 891
328 66
328 309
884 339
884 285
884 536
884 481
884 588
884 120
884 34
884 462
884 626
515 661
515 234
515 528
515 517
515 774
515 356
515 953
515 875
515 124
409 994
409 433
409 335
409 661
409 412
409 702
409 772
409 754
409 27
994 714
994 282
994 446
994 374
994 978
994 463
994 506
994 713
994 726
277 75
277 398
277 281
277 700
277 704
277 629
277 633
277 433
277 276
167 414
167 840
167 324
167 823
167 858
167 191
167 248
167 362
167 793
167 298
414 756
414 143
414 747
414 617
414 554
414 166
414 368
414 901
414 982
350 764
350 592
350 752
350 745
350 309
350 65
350 276
350 602
350 584
350 326
764 14
764 551
764 324
764 919
764 848
764 4
764 171
764 205
764 318
42 648
42 267
42 820
42 674
42 608
42 183
42 180
42 523
42 657
648 991
648 521
648 59
648 351
648 102
648 912
648 833
648 707
648 711
147 701
147 877
147 811
147 745
147 866
147 637
147 979
147 433
147 477
147 952
701 298
701 765
701 822
701 399
701 97
701 335
701 556
701 918
47 763
47 571
47 494
47 434
47 544
47 115
47 119
47 411
47 17
47 949
763 445
763 979
763 741
763 618
763 57
763 749
763 825
763 595
394 807
394 54
394 479
394 461
394 582
394 136
394 254
394 508
807 656
807 254
807 474
807 830
807 33
807 475
807 567
807 674
253 831
253 659
253 848
253 696
253 151
253 571
253 307
253 375
253 302
253 196
831 882
831 661
831 725
831 759
831 719
831 480
831 108
831 413
174 538
174 92
174 966
174 890
174 41
174 210
174 201
174 823
174 194
538 530
538 459
538 727
538 605
538 94
538 649
538 401
538 35
538 195
712 887
712 441
712 937
712 793
712 424
712 900
712 431
712 945
712 508
712 591
887 357
887 15
887 113
887 782
887 421
887 915
887 162
74 307
74 667
74 345
74 402
74 604
74 474
74 166
74 196
74 936
307 941
307 71
307 428
307 738
307 792
307 717
307 780
307 905
672 936
672 481
672 931
672 360
672 309
672 233
672 965
672 891
672 222
672 354
936 11
936 114
936 423
936 125
936 128
936 567
936 101
936 668
1 768
1 5
1 686
1 254
1 790
1 55
1 772
1 415
1 573
1 962
768 728
768 213
768 271
768 324
768 518
768 796
768 149
768 209
491 595
491 180
491 272
491 897
491 450
491 454
491 478
491 165
491 543
491 683
595 472
595 781
595 662
595 49
595 467
595 480
595 927
595 621
312 364
312 194
312 721
312 96
312 109
312 464
312 706
312 816
312 829
312 155
364 272
364 868
364 443
364 432
364 500
364 374
364 858
364 84
364 540
268 294
268 218
268 84
268 396
268 413
268 17
268 746
268 680
268 117
294 21
294 303
294 571
294 804
294 794
294 270
294 532
294 520
294 951
306 586
306 131
306 755
306 682
306 498
306 975
306 582
306 271
586 682
586 816
586 143
586 452
586 189
586 908
586 247
131 999
131 427
131 917
131 233
131 905
131 873
131 881
131 509
131 16
999 331
999 425
999 751
999 411
999 55
999 19
999 128
999 360
156 9
156 93
156 973
156 49
156 336
156 756
156 450
156 676
161 841
161 282
161 525
161 801
161 550
161 730
161 789
161 859
161 463
841 989
841 600
841 760
841 177
841 941
841 746
841 160
841 988
339 444
339 793
339 995
339 134
339 80
339 89
339 777
339 561
339 950
231 902
231 420
231 697
231 778
231 154
231 241
231 982
231 228
231 784
475 664
475 822
475 201
475 280
475 824
475 247
475 14
475 660
664 901
664 299
664 889
664 361
664 697
664 75
664 920
769 882
769 579
769 18
769 402
769 728
769 349
769 886
769 733
769 27
882 398
882 311
882 24
882 915
882 512
882 851
882 589
882 577
621 947
621 404
621 891
621 432
621 32
621 871
621 952
621 682
621 492
947 355
947 264
947 579
947 198
947 878
947 546
947 329
947 287
947 540
654 895
654 998
654 298
654 205
654 95
654 129
654 800
654 300
654 618
895 875
895 524
895 24
895 158
895 894
895 778
895 415
895 819
472 489
472 960
472 528
472 271
472 879
472 438
472 552
472 543
472 412
490 649
490 98
490 944
490 493
490 917
490 482
490 165
490 531
490 76
649 618
649 36
649 211
649 996
649 874
649 995
649 984
649 617
311 721
311 962
311 590
311 258
311 330
311 210
311 549
498 998
498 815
498 990
498 695
498 928
498 782
498 332
498 26
998 827
998 297
998 761
998 740
998 590
998 971
998 482
998 628
85 600
85 842
85 525
85 406
85 346
85 948
85 270
85 64
85 913
600 832
600 369
600 577
600 933
600 93
600 796
600 412
600 121
144 914
144 157
144 535
144 121
144 938
144 630
144 119
144 358
144 114
144 129
914 375
914 391
914 776
914 900
914 23
914 921
914 667
914 567
914 857
70 109
70 964
70 337
70 941
70 888
70 505
70 568
70 992
70 974
436 793
436 76
436 242
436 898
436 337
436 357
436 183
436 390
793 28
793 732
793 724
793 371
793 73
793 857
885 973
885 933
885 200
885 961
885 9
885 940
885 666
885 32
885 169
43 81
43 565
43 928
43 26
43 425
43 922
43 785
43 417
43 276
43 636
81 945
81 274
81 388
81 372
81 858
81 290
81 771
81 355
81 713
69 218
69 389
69 149
69 505
69 133
69 619
69 740
69 113
69 221
69 276
218 783
218 73
218 816
218 671
218 851
218 800
218 108
218 889
464 488
464 456
464 316
464 3
464 905
464 605
464 473
464 527
464 573
488 375
488 974
488 492
488 269
488 314
488 846
488 487
488 50
488 997
37 680
37 735
37 724
37 235
37 657
37 770
37 563
37 987
37 733
680 748
680 580
680 10
680 240
680 379
680 752
680 890
172 316
172 18
172 252
172 370
172 34
172 361
172 868
172 487
172 829
172 510
316 260
316 133
316 423
316 429
316 904
316 908
316 967
191 329
191 571
191 628
191 48
191 926
191 252
191 676
191 453
191 697
329 962
329 160
329 754
329 564
329 689
329 326
329 737
329 16
282 447
282 308
282 204
282 256
282 19
282 703
282 243
447 754
447 310
447 496
447 561
447 333
447 855
447 423
447 960
447 581
352 957
352 818
352 369
352 991
352 196
352 416
352 596
352 954
352 106
352 234
957 796
957 826
957 132
957 405
957 779
957 784
957 239
957 767
842 341
842 959
842 546
842 846
842 541
842 124
842 474
842 721
842 517
703 891
703 84
703 118
703 353
703 619
703 846
703 303
703 110
703 955
891 322
891 45
891 525
891 96
321 560
321 694
321 549
321 178
321 554
321 219
321 353
321 663
321 812
321 825
560 302
560 778
560 641
560 696
560 752
560 128
560 280
560 257
582 601
582 783
582 88
582 892
582 696
582 113
582 105
582 676
601 614
601 7
601 52
601 904
601 64
601 578
601 35
601 617
601 751
614 642
614 44
614 813
614 296
614 577
614 663
614 536
614 524
573 781
573 138
573 832
573 18
573 146
573 570
573 676
573 180
781 716
781 91
781 922
781 34
781 543
781 893
781 995
781 808
518 845
518 453
518 836
518 15
518 514
518 933
518 912
518 663
518 733
845 725
845 210
845 685
845 927
845 574
845 693
845 108
845 822
845 58
416 568
416 616
416 670
416 610
416 894
416 836
416 776
416 448
416 461
568 795
568 102
568 486
568 344
568 689
568 460
568 572
641 915
641 948
641 695
641 575
641 224
641 418
641 554
641 367
915 80
915 772
915 666
915 790
915 639
915 378
915 753
223 927
223 695
223 242
223 446
223 864
223 734
223 505
927 700
927 635
927 880
927 240
927 183
927 162
385 819
385 500
385 246
385 660
385 985
385 517
385 300
385 501
49 222
49 890
49 533
49 104
49 722
49 511
49 325
49 983
222 155
222 2
222 453
222 924
222 266
222 552
222 115
222 535
732 128
732 982
732 305
732 116
732 415
732 964
732 834
615 899
615 192
615 960
615 473
615 898
615 952
615 523
615 445
899 974
899 665
899 204
899 291
899 717
899 827
899 182
899 990
899 338
571 800
571 674
571 964
571 77
571 110
571 59
136 635
136 749
136 258
136 313
136 440
136 248
136 243
136 288
136 875
635 288
635 290
635 896
635 559
635 129
635 700
635 704
402 791
402 969
402 39
402 7
402 817
402 671
791 266
791 856
791 324
791 92
791 335
791 575
791 173
791 855
520 746
520 922
520 516
520 506
520 358
520 499
520 931
746 819
746 578
746 991
746 567
746 244
746 341
746 686
302 993
302 148
302 142
302 40
302 504
302 98
565 939
565 811
565 789
565 604
565 911
565 730
565 591
565 479
603 902
603 609
603 698
603 626
603 438
603 978
603 435
603 39
902 335
902 707
902 622
902 843
902 638
902 924
902 392
152 220
152 507
152 684
152 721
152 173
152 53
152 68
152 179
152 71
138 29
138 180
138 6
138 903
138 219
138 892
138 216
138 704
138 629
647 870
647 804
647 93
647 797
647 6
647 803
647 271
647 784
647 291
377 855
377 483
377 4
377 880
377 558
377 617
377 786
377 28
377 548
855 820
855 256
855 175
855 550
855 90
855 563
694 202
694 415
694 143
694 931
694 922
694 724
694 847
694 580
694 397
480 687
480 65
480 871
480 205
480 799
480 774
480 644
480 956
687 489
687 639
687 678
687 398
687 955
687 759
687 299
687 610
210 975
210 267
210 301
210 105
210 734
210 481
24 78
24 334
24 684
24 391
24 252
24 966
24 658
177 686
177 89
177 462
177 200
177 281
177 382
177 696
177 803
177 76
686 392
686 121
686 387
686 225
686 46
686 485
686 733
576 920
576 893
576 963
576 646
576 716
576 98
576 823
576 122
576 159
920 702
920 140
920 104
920 569
920 503
920 216
920 269
39 981
39 299
39 287
39 148
39 271
39 179
39 986
981 510
981 489
981 836
981 773
981 944
981 804
981 853
981 868
51 52
51 646
51 388
51 84
51 937
51 556
51 129
51 190
51 715
51 840
52 629
52 430
52 379
52 194
52 534
52 239
52 591
52 219
897 975
897 133
897 314
897 428
897 239
897 29
897 127
897 219
975 406
975 421
975 541
975 452
975 959
975 87
975 86
748 453
748 912
748 21
748 252
748 901
748 822
748 956
748 504
495 931
495 673
495 754
495 964
495 834
495 963
495 357
495 771
495 28
931 610
931 379
931 993
931 456
21 826
21 225
21 928
21 987
21 804
21 236
21 867
21 719
450 636
450 426
450 504
450 602
450 973
450 267
450 896
450 182
636 193
636 125
636 390
636 348
636 589
636 653
636 541
636 75
92 618
92 290
92 602
92 967
92 170
92 585
92 929
330 985
330 559
330 969
330 18
330 333
330 941
330 160
985 620
985 584
985 163
985 127
985 834
985 200
985 558
985 371
682 446
682 213
682 986
682 728
682 165
682 389
682 553
928 265
928 702
928 969
928 874
928 516
928 745
819 830
819 313
819 456
819 31
819 704
819 107
589 872
589 45
589 856
589 792
589 220
589 11
589 205
589 741
872 964
872 32
872 678
872 731
872 870
872 558
872 263
610 904
610 651
610 833
610 869
610 613
610 388
610 56
181 754
181 95
181 437
181 373
181 320
181 988
181 919
181 140
181 834
181 209
754 688
754 916
754 945
754 291
754 419
7 924
7 229
7 536
7 166
7 698
7 697
7 202
7 72
456 93
456 387
456 562
456 938
456 713
456 526
456 783
246 883
246 697
246 148
246 157
246 980
246 993
246 669
246 545
246 708
883 588
883 661
883 378
883 195
883 372
883 175
883 101
883 65
313 644
313 997
313 864
313 437
313 439
313 113
313 585
313 587
644 431
644 250
644 439
644 900
644 159
644 419
644 219
644 383
5 528
5 2
5 881
5 344
5 513
5 18
5 493
5 919
5 735
528 955
528 877
528 934
528 989
528 861
528 17
387 593
387 527
387 656
387 91
387 36
387 345
387 639
387 749
593 693
593 990
593 939
593 670
593 656
593 507
593 783
593 270
98 428
98 771
98 951
98 454
98 139
98 262
98 361
192 354
192 460
192 961
192 829
192 183
192 799
192 3
192 169
354 860
354 67
354 344
354 958
354 880
354 11
354 317
354 977
877 607
877 445
877 124
877 408
877 943
877 437
877 959
744 867
744 355
744 426
744 288
744 514
744 133
744 759
744 442
744 570
744 305
867 327
867 443
867 810
867 563
867 146
867 965
867 685
867 125
303 279
303 534
303 216
303 278
303 870
303 72
303 940
758 886
758 117
758 545
758 431
758 301
758 738
758 403
758 369
758 308
758 693
886 454
886 625
886 61
886 421
886 784
886 129
886 532
355 859
355 500
355 805
355 894
355 843
355 945
137 953
137 512
137 811
137 454
137 9
137 442
137 481
137 797
137 973
137 478
953 825
953 118
953 655
953 305
953 178
953 23
953 803
953 175
816 235
816 20
816 719
816 971
816 737
816 55
816 183
591 894
591 347
591 56
591 747
591 25
591 340
591 669
894 570
894 432
894 956
894 486
894 550
894 239
283 778
283 705
283 399
283 188
283 323
283 89
283 187
283 558
283 665
778 439
778 604
778 110
778 322
778 578
778 517
558 717
558 958
558 750
558 496
558 996
558 555
717 509
717 960
717 16
717 157
717 670
717 866
130 950
130 776
130 880
130 803
130 103
130 721
130 285
130 839
130 889
130 904
950 118
950 332
950 298
950 141
950 965
950 978
950 980
950 126
322 127
322 684
322 73
322 678
322 308
322 739
322 257
322 458
716 579
716 213
716 171
716 363
716 406
716 989
716 563
509 285
509 441
509 292
509 645
509 410
509 479
509 555
375 373
375 698
375 592
375 462
375 262
375 320
375 669
168 424
168 910
168 659
168 729
168 290
168 163
168 577
168 511
168 755
424 477
424 281
424 955
424 585
424 216
424 280
424 546
424 735
715 822
715 817
715 683
715 4
715 809
715 982
822 334
822 673
822 916
822 269
822 517
825 449
825 345
825 101
825 580
825 117
825 422
327 942
327 814
327 941
327 729
327 236
327 838
327 345
327 479
327 516
942 938
942 295
942 566
942 423
942 272
942 275
942 135
942 846
942 50
840 197
840 631
840 260
840 448
840 530
128 850
128 225
128 104
128 260
128 196
128 871
771 838
771 441
771 943
771 271
771 314
771 162
771 160
838 533
838 61
838 439
838 605
838 175
838 367
838 214
838 455
118 165
118 818
118 206
118 366
118 869
118 723
875 584
875 248
875 962
875 252
875 597
875 995
875 546
437 440
437 604
437 48
437 843
437 230
437 241
437 452
440 48
440 482
440 326
440 907
440 533
440 572
440 774
440 833
662 787
662 707
662 828
662 775
662 809
662 154
662 692
662 705
787 384
787 199
787 229
787 903
787 940
787 832
787 14
787 811
735 169
735 87
735 889
735 611
735 874
735 326
444 830
444 834
444 124
444 73
444 639
444 486
444 837
444 918
444 665
830 698
830 213
830 143
830 521
830 708
830 483
830 441
86 627
86 276
86 278
86 399
86 382
86 698
86 126
627 288
627 684
627 338
627 151
627 609
627 739
627 61
627 907
180 542
180 83
180 522
180 453
180 501
783 333
783 120
783 916
783 755
783 453
783 913
324 913
324 541
324 94
324 287
324 811
913 376
913 202
913 818
913 163
913 572
913 104
3 40
3 169
3 639
3 949
3 574
3 563
3 507
40 340
40 289
40 82
40 341
40 640
40 382
40 142
40 628
370 507
370 323
370 869
370 404
370 82
370 828
370 889
370 937
507 4
507 115
507 546
507 341
507 292
507 1000
388 561
388 149
388 775
388 522
388 83
388 360
388 425
561 888
561 115
561 299
561 948
561 332
561 309
432 567
432 196
432 279
432 420
432 609
432 839
432 590
567 182
567 295
567 243
567 971
567 786
299 977
299 534
299 527
299 89
299 683
977 363
977 811
977 724
977 535
977 544
977 908
977 634
536 661
536 889
536 988
536 871
536 267
536 967
661 470
661 449
661 898
661 434
384 792
384 310
384 229
384 581
384 572
384 187
384 232
384 193
384 78
792 675
792 343
792 925
792 969
792 966
792 777
60 853
60 903
60 53
60 770
60 325
60 549
60 729
60 801
60 163
60 297
853 494
853 122
853 10
853 102
853 438
853 823
853 923
453 929
453 481
453 602
692 800
692 626
692 224
692 738
692 390
692 214
692 110
692 376
800 11
800 116
800 184
800 658
800 944
800 878
149 521
149 41
149 340
149 278
149 557
149 526
149 785
521 970
521 187
521 296
521 455
521 68
36 580
36 714
36 948
36 505
36 984
36 368
36 653
36 171
580 94
580 55
580 888
580 99
580 285
665 788
665 185
665 587
665 987
665 111
665 826
665 569
788 333
788 97
788 76
788 104
788 83
788 552
788 970
788 219
788 154
500 980
500 227
500 525
500 493
500 506
500 9
500 910
980 132
980 563
980 657
980 317
980 26
980 997
348 623
348 6
348 28
348 704
348 396
348 587
348 371
348 815
348 808
623 83
623 987
623 124
623 578
623 378
623 796
623 767
623 122
578 343
578 564
578 184
578 602
578 896
705 860
705 511
705 659
705 59
705 105
705 810
860 918
860 163
860 213
860 708
860 125
860 405
860 919
119 470
119 951
119 594
119 397
119 317
119 295
119 310
119 235
470 517
470 808
470 933
470 988
470 801
272 749
272 139
272 513
272 702
272 625
749 87
749 761
749 429
749 870
749 858
749 122
707 780
707 280
707 12
707 961
707 890
707 434
224 937
224 442
224 318
224 298
224 487
224 979
224 171
937 396
937 298
937 333
937 683
937 117
397 785
397 197
397 478
397 185
397 25
397 19
397 349
814 139
814 101
814 689
814 728
814 134
814 857
814 449
941 965
941 380
941 923
941 234
965 445
965 162
965 503
965 473
965 127
473 631
473 543
473 104
473 524
473 645
473 640
473 117
631 84
631 310
631 121
631 775
631 637
631 859
631 89
631 916
270 531
270 501
270 628
270 423
270 9
270 343
270 25
531 926
531 417
531 613
531 799
531 55
531 337
531 762
527 347
527 713
527 12
527 449
527 64
527 559
527 135
197 403
197 295
197 337
197 188
197 756
197 73
197 742
403 917
403 398
403 367
403 752
403 374
403 142
811 660
811 421
811 890
811 273
18 469
18 46
18 413
18 75
18 991
714 785
714 996
714 20
714 1000
714 380
714 163
714 378
176 236
176 896
176 963
176 868
176 751
176 506
176 255
176 611
176 789
236 667
236 2
236 41
236 949
236 258
236 638
236 752
379 824
379 179
379 209
379 646
379 259
379 584
379 458
824 794
824 866
824 667
824 546
824 76
824 556
824 828
120 71
120 287
120 227
120 446
120 505
120 126
411 776
411 619
411 511
411 19
411 548
411 858
411 563
776 864
776 628
776 756
776 476
776 202
438 879
438 53
438 255
438 896
438 357
438 366
438 954
879 993
879 279
879 486
879 94
879 146
879 956
879 944
879 116
235 805
235 726
235 160
235 477
235 642
235 391
295 766
295 159
295 233
295 959
295 296
6 727
6 556
6 921
6 184
6 357
6 239
727 634
727 266
727 522
727 508
727 575
727 173
727 82
12 478
12 609
12 516
12 828
12 467
12 702
12 572
478 308
478 969
478 553
478 777
478 173
478 335
325 462
325 97
325 72
325 983
325 543
325 53
373 182
373 922
373 618
373 921
373 597
373 575
373 779
77 728
77 173
77 903
77 795
77 663
77 430
77 812
728 533
728 467
728 457
728 353
241 836
241 796
241 335
241 504
241 978
241 496
241 929
241 357
836 380
836 61
836 821
836 613
836 279
836 41
186 900
186 183
186 770
186 454
186 926
186 323
186 259
186 501
186 789
186 483
900 244
900 195
900 430
900 544
900 934
524 91
524 121
524 249
524 460
524 281
524 413
524 96
739 820
739 733
739 934
739 529
739 553
739 704
739 449
739 613
820 433
820 962
820 205
820 314
820 693
820 208
408 720
408 594
408 695
408 881
408 287
408 983
408 917
408 415
408 529
720 211
720 428
720 540
720 829
720 300
720 170
720 762
720 503
720 856
127 212
127 363
127 675
127 358
127 859
127 797
212 200
212 45
212 378
212 850
212 555
212 839
212 169
989 4
989 96
989 508
989 274
989 656
989 689
220 790
220 774
220 342
220 718
220 868
220 252
220 663
220 544
790 129
790 918
790 296
790 843
790 205
790 943
790 956
259 489
259 548
259 133
259 908
259 336
259 616
259 195
489 190
489 71
489 734
489 206
489 142
962 146
962 341
962 87
962 511
433 638
433 95
433 157
433 23
433 990
433 611
533 23
533 784
533 401
533 20
533 29
549 187
549 62
549 652
549 766
549 178
549 986
73 345
73 83
73 248
73 360
73 351
146 467
146 209
146 514
146 993
146 426
146 659
333 829
333 275
333 54
369 482
369 256
369 48
369 729
369 767
369 639
369 674
482 834
482 607
482 412
482 700
482 517
482 813
264 954
264 29
264 955
264 689
264 155
264 419
264 368
954 639
954 948
954 706
954 625
954 342
954 2
954 62
104 343
104 442
949 82
949 80
949 479
949 552
949 476
949 427
618 258
618 99
618 80
618 653
618 718
656 660
656 82
656 516
656 519
656 945
660 59
660 415
660 404
660 496
924 55
924 300
924 160
924 347
924 905
924 671
483 1000
483 34
483 562
483 265
483 225
483 675
345 919
345 477
345 958
345 934
345 274
919 300
919 505
919 761
919 706
919 802
960 673
960 684
960 773
960 420
169 693
169 193
169 503
169 285
169 59
693 82
693 901
693 208
693 439
693 343
425 619
425 548
425 992
425 431
425 910
425 353
425 347
619 785
619 359
619 457
619 357
619 898
619 711
901 828
901 496
901 111
901 982
901 657
901 459
782 893
782 963
782 232
782 211
782 405
782 309
782 179
782 925
893 780
893 974
893 417
893 766
893 245
893 382
75 188
75 670
75 406
75 221
75 775
608 740
608 360
608 671
608 805
608 620
608 254
608 846
608 545
608 320
740 108
740 105
740 239
740 622
740 67
740 225
740 442
68 503
68 56
68 249
68 418
68 653
68 358
68 157
68 291
503 837
503 955
503 361
503 391
503 856
481 540
481 162
481 706
481 992
481 908
216 337
216 583
216 360
216 606
216 588
337 274
337 685
337 429
337 734
337 967
828 835
828 569
828 412
828 54
828 646
288 107
288 505
288 667
288 215
288 910
288 415
779 864
779 366
779 917
779 101
779 45
864 469
864 142
864 232
864 97
864 625
243 332
243 233
243 273
243 27
243 362
243 738
332 652
332 700
332 326
332 28
332 56
332 922
67 106
67 958
67 696
67 198
67 932
67 866
67 815
106 535
106 508
106 818
106 244
106 607
106 367
106 987
106 88
376 114
376 232
376 718
376 786
376 121
376 372
4 810
4 265
4 575
4 713
4 193
494 789
494 722
494 583
494 88
494 206
494 140
552 794
552 862
552 923
552 907
552 955
552 577
794 171
794 651
794 532
794 550
794 676
794 310
794 545
80 984
80 858
80 652
80 772
80 20
984 204
984 66
984 214
984 84
984 933
984 285
984 803
745 245
745 362
745 535
745 678
745 109
745 189
56 132
56 541
56 525
56 529
56 629
132 428
132 209
132 439
132 331
132 110
132 434
132 926
207 530
207 837
207 762
207 611
207 666
207 53
207 187
207 476
530 646
530 121
530 215
530 522
530 668
530 991
530 15
418 979
418 335
418 726
418 604
418 650
418 663
418 248
418 888
979 95
979 681
979 1000
979 929
979 804
979 683
205 871
205 594
205 697
205 13
871 932
871 96
871 673
871 435
871 731
117 737
117 607
117 94
117 413
163 874
163 91
163 803
163 945
874 651
874 803
874 401
874 938
874 412
874 367
653 738
653 652
653 206
653 323
653 336
653 361
738 467
738 646
738 427
738 308
738 323
866 193
866 773
866 30
866 789
866 134
637 179
637 331
637 929
637 417
637 194
637 973
637 406
637 911
245 943
245 248
245 297
245 57
245 45
245 443
245 645
943 916
943 133
943 810
943 336
943 622
943 129
95 485
95 291
95 62
95 188
95 861
95 674
45 255
45 72
45 611
45 974
1000 848
1000 368
1000 613
1000 856
1000 211
1000 519
82 645
82 676
82 46
82 64
154 532
154 933
154 122
154 422
154 435
154 151
532 390
532 430
532 923
532 263
532 57
532 221
162 356
162 583
162 202
162 506
356 290
356 971
356 445
356 405
356 508
356 921
356 911
356 363
477 888
477 817
477 66
477 331
477 772
477 134
202 249
202 428
202 227
202 338
592 971
592 553
592 786
592 510
592 767
592 249
592 228
183 54
183 331
183 434
183 851
157 951
157 933
157 240
157 616
157 25
951 142
951 317
951 244
951 50
721 993
721 351
721 90
721 760
993 371
993 817
993 476
659 336
659 366
659 317
659 622
659 938
415 817
415 194
415 809
646 823
646 20
646 519
469 121
469 978
469 967
469 15
469 46
469 62
469 918
14 585
14 628
14 443
14 861
14 911
14 858
14 41
808 374
808 343
808 642
808 772
808 254
808 448
66 459
66 932
66 129
66 540
66 396
66 158
730 826
730 446
730 459
730 514
730 201
730 674
730 185
730 713
826 967
826 839
826 301
826 731
826 596
361 434
361 87
361 967
361 357
361 868
434 991
434 731
434 232
434 280
516 722
516 358
516 700
516 569
516 555
722 704
722 655
722 683
722 881
722 605
722 160
607 540
607 534
607 908
607 249
607 460
607 262
335 27
335 695
335 126
724 604
724 555
724 175
724 455
25 606
25 484
25 833
25 526
25 125
606 704
606 363
606 242
606 747
606 751
606 797
606 139
606 484
99 555
99 978
99 11
99 579
99 65
99 510
99 215
555 706
555 963
555 140
278 786
278 523
278 760
278 257
278 310
786 777
786 785
786 809
786 974
786 126
341 512
341 743
341 29
341 71
55 485
55 719
485 726
485 193
485 767
485 57
485 815
485 431
485 463
461 944
461 502
461 366
461 107
461 837
461 907
461 458
461 760
944 200
944 336
944 666
944 215
944 458
888 392
888 58
888 35
888 351
317 670
317 773
317 386
317 810
317 988
670 318
670 50
670 102
670 201
670 125
442 113
442 103
442 997
442 988
252 23
252 53
252 166
252 398
496 309
496 214
496 796
496 423
281 64
281 657
281 391
281 275
281 522
281 72
896 668
896 925
896 215
896 358
896 974
374 386
374 108
374 907
374 574
386 389
386 566
386 114
386 726
386 847
386 338
386 588
429 847
429 462
429 65
429 406
429 755
429 114
429 189
847 753
847 300
847 318
847 678
847 519
847 319
796 903
796 718
796 486
796 398
208 848
208 240
208 405
208 398
208 244
208 486
208 921
848 366
848 428
848 248
848 110
848 401
848 112
663 910
663 96
634 551
634 173
634 124
634 688
634 548
634 61
634 812
634 107
97 457
97 562
97 564
97 247
97 17
725 298
725 622
725 452
725 835
725 291
725 251
725 23
725 548
76 214
76 640
76 382
319 958
319 93
319 741
319 813
319 439
319 938
319 187
319 534
958 817
958 810
958 640
958 215
958 486
11 805
11 135
11 995
11 111
805 767
805 455
805 255
805 114
805 305
805 33
171 741
171 139
171 331
171 199
171 256
835 426
835 122
835 753
835 933
835 362
835 54
835 274
2 756
2 195
2 240
2 103
2 30
756 486
756 297
756 747
708 918
708 371
708 642
708 428
708 263
708 917
708 566
918 126
918 657
918 870
918 729
54 266
54 378
54 934
54 62
54 734
628 53
628 62
628 878
628 233
910 428
910 28
910 244
910 242
910 681
109 723
109 390
109 17
109 795
109 372
109 33
609 251
609 502
609 13
609 731
609 983
912 616
912 122
912 640
912 574
912 759
912 289
969 905
969 513
969 206
969 412
199 869
199 151
199 747
199 61
199 266
199 513
869 700
869 419
869 505
869 269
869 308
869 534
204 597
204 273
204 655
204 815
204 239
248 502
248 881
248 452
502 566
502 349
502 611
502 597
502 13
502 851
363 367
363 827
363 587
363 57
363 562
227 258
227 570
227 926
227 675
227 182
214 625
214 72
214 435
214 458
214 577
625 251
625 870
625 583
625 492
93 256
93 347
93 50
93 773
857 309
857 945
857 511
857 362
857 201
474 821
474 666
474 551
474 588
474 62
474 948
821 112
821 359
821 785
821 801
821 107
821 506
821 766
821 675
267 221
267 678
267 175
467 125
467 668
467 916
467 372
467 103
445 569
445 401
445 266
398 889
398 519
862 111
862 868
862 702
862 575
862 392
862 908
862 399
862 396
23 265
23 504
23 88
870 230
870 688
870 797
870 916
991 557
991 446
991 802
53 78
53 230
53 519
839 932
839 921
839 772
839 50
839 133
932 443
932 522
932 751
932 301
932 287
443 683
443 71
443 684
443 905
443 761
209 765
209 48
209 263
209 742
209 262
765 669
765 65
765 668
765 457
308 658
308 961
308 940
265 508
265 620
265 31
265 982
265 28
265 833
633 948
633 750
633 486
633 542
633 995
633 797
633 292
633 122
948 963
948 290
948 96
347 232
347 907
347 777
347 579
347 110
583 850
583 817
583 129
583 766
583 300
813 892
813 750
813 389
813 140
813 961
813 574
892 526
892 271
892 780
892 406
892 346
892 10
892 389
225 843
225 626
225 46
225 228
225 617
843 777
843 260
843 815
843 688
13 435
13 553
13 671
13 846
13 566
13 572
435 881
435 108
435 797
435 743
435 417
540 737
540 859
540 955
540 289
290 880
290 688
290 922
427 789
427 706
427 952
427 688
427 88
190 741
190 809
190 89
190 967
190 230
190 512
190 522
741 535
741 945
741 455
741 617
741 789
111 666
111 777
111 458
111 229
111 390
111 504
90 510
90 151
90 422
90 956
90 463
90 401
90 271
510 812
510 239
510 366
298 454
298 581
298 78
726 629
726 651
726 523
726 551
61 344
61 396
61 426
344 550
344 346
344 65
344 630
344 676
459 929
459 179
459 903
459 32
459 148
251 441
251 242
251 673
251 996
251 734
441 83
441 997
441 449
441 675
441 556
151 274
151 26
151 685
151 250
274 939
274 554
229 966
229 774
229 829
229 142
229 72
229 685
858 457
858 652
232 945
232 905
232 766
232 911
323 731
323 986
323 71
323 671
323 16
731 939
731 952
731 785
107 525
107 338
107 622
107 878
392 525
392 925
392 179
645 542
645 487
645 579
645 917
645 837
645 19
945 382
359 401
359 590
359 189
359 166
359 541
359 198
401 523
401 247
804 596
804 675
804 126
804 925
804 417
343 557
343 101
343 362
420 761
420 256
420 922
420 873
420 84
420 221
761 655
761 585
761 859
761 247
766 421
766 391
766 541
766 188
380 581
380 383
380 41
380 851
380 908
380 78
581 938
581 221
581 640
581 557
581 124
581 501
260 10
260 289
260 88
260 413
260 650
986 20
986 695
986 572
986 417
986 88
812 193
812 173
812 697
812 19
812 995
336 31
336 371
336 484
336 255
78 326
78 620
78 103
78 340
78 629
525 426
525 590
525 422
541 611
541 44
541 287
834 405
834 194
834 751
834 273
366 263
366 733
366 563
982 247
982 16
142 613
142 668
142 713
815 360
815 925
815 125
815 233
597 719
597 58
597 263
597 996
597 279
817 368
158 448
158 301
158 602
158 228
158 487
158 544
187 596
187 523
187 406
187 165
421 487
421 247
421 702
421 35
487 638
487 585
613 657
613 135
613 454
657 987
938 32
938 334
938 178
367 372
367 983
367 228
367 201
372 349
372 545
372 173
372 9
801 829
801 878
801 239
801 917
801 861
829 72
829 652
46 667
46 116
46 334
46 135
667 140
667 19
667 57
667 729
723 256
723 574
723 89
723 360
723 383
723 626
723 934
723 655
83 926
83 698
83 952
83 499
616 904
616 529
616 711
616 640
616 91
616 674
904 780
904 760
904 240
904 939
904 718
256 492
256 685
266 799
266 988
266 116
266 823
71 206
71 26
71 658
58 479
58 534
58 35
58 684
58 134
58 803
221 301
221 287
221 84
340 755
340 16
340 873
340 501
340 626
780 273
780 455
780 44
780 823
780 493
917 504
917 155
108 114
108 476
108 33
108 890
809 605
809 911
809 611
809 296
809 818
382 750
382 846
382 658
750 35
750 544
750 399
750 547
358 743
358 10
358 543
358 353
743 309
743 652
743 493
743 604
743 689
964 784
964 422
964 105
964 346
789 585
513 802
513 651
513 974
513 666
513 983
802 258
802 476
802 84
802 952
802 160
309 856
974 148
974 770
254 50
254 103
254 911
254 31
963 878
963 140
859 115
859 15
859 139
859 652
165 767
165 141
165 921
165 287
297 396
297 620
297 934
297 908
297 413
396 711
396 193
396 115
462 463
462 33
462 423
462 417
462 19
463 772
463 262
463 257
463 59
463 34
626 535
626 569
626 652
929 404
929 115
929 310
929 206
921 542
921 514
921 112
30 523
30 773
30 275
30 759
30 925
30 64
30 244
30 596
523 431
523 572
523 713
250 526
250 105
250 334
250 753
250 990
526 280
526 112
526 423
526 564
112 695
112 890
112 681
112 564
112 861
112 247
770 331
770 934
770 101
770 499
770 617
195 94
195 185
195 577
195 501
195 729
148 249
148 383
148 234
148 410
148 141
249 230
249 574
249 905
65 570
65 140
65 430
428 678
926 184
926 695
926 493
926 534
371 448
371 170
371 101
371 44
280 269
280 702
280 170
590 189
590 751
590 476
590 178
988 179
988 543
417 564
417 554
72 762
72 460
762 514
762 759
762 585
762 617
762 620
762 10
89 671
89 889
89 587
140 833
140 194
318 939
318 497
318 114
318 357
318 349
939 423
939 689
939 955
939 996
570 827
570 505
570 569
570 139
570 206
655 650
655 767
655 797
655 139
166 683
166 143
166 990
166 823
383 48
383 673
383 305
383 404
383 31
383 966
331 517
331 559
331 575
389 711
389 499
389 211
389 326
389 289
711 141
711 233
711 170
711 547
34 995
34 242
34 479
34 399
34 642
669 160
669 544
669 850
669 273
669 88
669 141
704 26
704 215
390 91
390 966
390 201
390 506
41 554
41 263
41 881
141 501
141 881
141 553
501 544
501 269
652 685
27 889
27 143
27 188
27 368
27 856
27 35
32 184
32 557
32 594
32 983
185 775
185 658
185 698
185 742
185 262
185 189
543 242
543 605
543 594
258 391
258 305
258 439
258 133
301 961
301 519
301 497
301 189
961 970
961 642
961 368
10 15
10 452
903 588
903 446
903 535
550 170
550 676
550 970
550 774
550 155
351 674
351 907
351 201
351 285
674 642
674 9
733 551
733 545
733 188
733 484
967 422
497 20
497 706
497 255
497 575
497 990
497 342
497 64
497 971
9 230
9 184
446 476
446 517
446 638
87 753
87 240
87 413
87 419
87 262
59 916
59 196
59 572
59 506
916 681
916 594
233 803
233 419
233 881
803 279
239 971
20 668
20 230
455 673
455 718
455 832
193 678
193 116
545 684
545 996
545 200
545 276
605 31
605 406
605 587
116 759
116 135
868 873
868 430
542 460
542 279
542 448
542 29
542 548
406 642
522 966
522 291
484 640
484 449
484 566
484 113
640 956
194 987
194 353
194 898
755 285
755 630
755 856
755 747
755 696
823 134
823 198
579 713
579 996
579 431
244 572
244 734
244 923
827 992
827 923
827 908
827 604
827 257
992 666
992 911
992 188
992 189
992 577
688 833
688 410
688 650
688 342
833 617
833 102
833 338
493 594
493 970
493 88
594 997
594 346
594 115
548 219
548 681
19 795
19 718
795 547
795 922
795 700
795 987
795 512
554 178
554 276
611 219
611 673
713 602
639 96
639 211
639 448
492 734
492 681
492 48
492 777
492 419
952 557
952 159
124 562
124 559
124 134
242 873
242 291
562 970
562 320
562 269
562 342
291 742
291 342
742 91
742 551
742 774
850 547
850 159
850 983
850 851
850 695
629 737
629 774
629 287
629 681
737 263
737 170
737 103
737 529
737 777
362 622
362 940
362 426
622 230
622 546
683 103
683 353
26 514
26 997
26 15
26 113
519 752
519 292
263 113
263 956
970 50
970 499
970 114
678 675
678 269
684 759
767 188
767 973
285 638
285 296
276 689
276 534
689 305
689 997
514 426
514 31
514 182
110 922
110 535
110 511
135 457
135 569
135 861
457 346
457 557
457 671
279 983
279 837
279 504
184 17
184 275
184 774
184 334
517 262
426 760
426 44
271 587
271 338
587 33
587 452
31 289
31 508
31 630
479 115
479 346
412 650
412 602
412 846
486 215
818 559
818 551
818 405
818 959
934 170
934 506
785 760
785 198
326 230
48 275
48 797
48 718
275 422
775 17
775 159
775 564
719 604
719 681
719 413
966 911
966 505
273 559
273 990
273 553
273 797
305 44
305 753
391 91
391 44
391 452
685 378
289 134
289 512
289 404
289 987
122 978
122 213
262 338
338 320
338 126
905 547
905 94
638 29
638 734
638 296
620 476
620 44
620 349
28 292
292 955
292 547
292 978
292 553
292 557
29 697
29 681
404 873
404 182
404 697
247 718
247 175
973 143
973 651
973 213
700 753
700 314
760 431
760 697
125 334
125 880
121 460
121 182
230 511
995 556
995 923
534 200
129 126
269 588
630 696
630 551
630 234
630 378
696 228
696 547
431 784
431 584
201 368
175 422
175 878
422 585
666 675
449 240
449 91
449 499
17 577
17 314
17 101
751 155
751 16
658 357
658 57
206 617
206 430
784 898
784 234
673 890
673 559
890 923
890 997
200 556
200 846
529 228
529 143
529 861
529 959
529 651
506 898
898 460
898 584
91 557
320 342
320 772
320 334
320 368
320 911
62 44
62 551
62 458
94 511
94 997
94 33
178 695
178 668
178 114
178 706
33 574
33 566
33 774
873 566
873 933
44 211
596 101
596 430
596 458
596 353
310 419
310 57
675 84
96 671
96 143
228 773
228 832
753 349
753 170
753 399
535 747
551 160
889 971
35 255
35 15
978 956
105 810
105 410
702 556
651 880
651 752
990 907
990 405
133 588
133 832
772 240
511 134
574 353
574 430
604 219
439 837
439 856
729 448
729 971
856 799
681 182
569 773
569 512
173 799
198 584
198 566
198 155
198 234
584 553
349 368
349 64
399 143
399 342
399 189
196 925
196 676
196 211
925 759
188 881
134 880
923 115
923 752
559 940
559 832
566 458
159 650
159 773
159 346
454 155
213 676
213 544
773 706
832 747
832 499
64 300
64 102
300 334
314 575
314 405
460 215
102 650
102 476
102 410
255 557
255 799
907 15
907 547
846 257
671 602
810 215
810 861
983 851
577 880
211 419
211 234
419 878
585 257
544 668
602 448
405 508
588 575
588 499
139 547
234 940
234 959
706 458
650 410
650 799
378 546
378 851
698 759
698 113
959 296
959 563
799 547
799 57
448 155
971 940
564 103
564 546
752 16
837 296
878 851
747 113
512 504
410 499
410 556
410 50
499 257
88 353
182 861
342 430
57 563
452 50
219 851
