1000 1025
1 357
1 575
1 765
1 889
2 358
2 396
3 170
3 484
4 173
4 349
6 538
7 963
8 468
8 844
8 932
9 28
11 132
11 221
11 337
11 495
11 946
12 820
12 886
13 230
13 293
14 307
15 316
15 355
16 377
17 20
17 557
17 586
17 603
17 853
18 156
20 332
20 962
20 964
21 454
21 473
22 235
22 458
22 783
23 393
23 501
24 588
25 191
25 864
26 480
26 889
27 462
28 74
28 133
28 423
29 68
30 531
30 649
31 255
31 262
31 834
31 904
32 120
32 153
32 656
33 393
33 511
33 690
33 766
34 805
35 168
35 536
35 694
35 860
36 139
36 599
36 992
37 498
37 500
37 530
37 864
38 145
38 221
39 437
41 87
41 261
42 365
42 880
43 993
44 72
44 727
44 929
45 415
45 933
46 569
47 194
47 823
47 905
48 683
48 849
49 224
49 875
50 699
50 896
51 214
51 376
51 459
51 582
52 299
52 379
52 605
52 939
53 648
54 183
54 305
54 959
55 94
55 310
55 554
55 675
56 209
57 281
57 659
58 106
58 297
59 294
60 237
61 388
62 613
63 734
64 464
65 155
65 738
66 250
66 426
66 461
66 733
66 788
66 960
67 887
68 226
69 858
69 882
70 144
71 397
72 338
72 938
73 615
74 849
75 670
76 268
76 302
76 798
77 934
78 97
78 256
78 640
79 349
79 373
79 552
79 607
79 635
81 313
81 649
81 770
82 136
82 256
82 639
84 268
84 276
85 417
85 484
86 605
86 664
88 410
88 509
88 973
90 175
90 753
90 820
91 629
92 382
92 582
92 625
92 951
93 149
95 96
95 834
96 431
96 839
98 105
98 442
98 993
99 227
99 625
100 356
100 555
101 190
101 756
102 468
103 329
104 539
104 816
104 901
106 505
107 207
107 519
107 756
109 896
110 528
110 608
110 620
111 399
111 564
111 790
111 912
113 871
114 582
115 758
117 239
117 904
118 510
118 528
118 904
119 693
119 950
120 366
120 786
120 829
121 694
121 930
122 855
122 985
123 502
123 523
123 886
125 292
125 475
126 563
126 886
127 278
127 320
128 408
128 739
128 740
130 169
130 342
130 421
130 576
130 752
130 944
132 705
136 638
136 689
137 275
137 352
137 644
137 879
137 882
138 412
138 550
138 718
139 555
139 620
141 222
141 543
141 630
142 322
142 415
142 657
142 665
143 741
144 678
145 491
145 866
146 793
146 984
147 539
147 660
147 745
147 795
148 360
148 481
148 672
148 891
149 711
150 171
150 482
151 192
153 287
153 347
154 755
156 324
156 961
157 177
157 698
157 746
159 966
161 564
163 884
164 495
164 794
164 838
164 857
164 923
165 245
166 329
166 910
167 376
168 821
170 377
171 324
171 726
171 955
172 316
172 442
172 771
173 691
173 709
174 366
175 514
175 992
175 996
176 539
176 552
177 444
177 741
177 856
178 483
178 801
179 691
180 296
181 689
182 335
182 717
183 256
183 396
183 406
183 708
183 790
184 403
184 597
184 601
184 681
185 497
186 366
186 991
189 311
189 494
190 559
191 361
192 750
193 247
193 523
194 630
194 701
194 760
195 539
195 928
196 644
196 765
197 396
197 617
199 377
199 526
199 982
200 208
200 399
200 565
200 696
201 821
202 611
202 938
203 548
203 873
204 460
204 609
204 820
204 997
205 355
205 378
206 605
207 848
207 856
209 320
209 878
210 374
210 981
211 723
211 918
211 959
212 243
212 248
212 937
213 544
213 598
214 314
214 769
216 487
216 749
218 477
219 588
221 883
222 422
223 759
224 371
224 397
224 491
224 604
225 886
226 329
226 510
226 699
227 283
227 448
227 769
228 650
229 233
229 971
230 812
231 622
232 279
232 542
232 689
232 825
232 937
233 530
234 548
234 588
235 305
237 436
237 445
237 566
238 242
238 389
239 433
240 775
241 338
241 902
242 546
242 562
244 551
244 804
244 880
246 256
247 604
248 501
248 581
248 903
249 826
250 338
250 372
250 431
251 517
251 641
251 827
252 688
252 720
252 871
254 319
254 381
254 774
255 405
255 728
256 289
256 812
257 317
258 315
258 685
259 389
259 698
259 770
259 948
260 679
261 480
261 593
265 417
265 816
267 618
268 510
268 732
269 481
269 787
271 364
271 832
271 989
272 811
274 419
274 623
276 363
276 510
277 633
277 651
277 796
278 474
278 707
279 688
280 510
280 893
281 744
282 549
282 600
282 981
283 737
283 961
285 799
286 493
286 591
286 718
286 731
286 926
287 868
288 401
290 641
291 299
292 552
293 480
293 670
293 721
294 660
294 698
295 394
297 385
297 564
298 417
298 475
298 535
298 637
298 674
299 368
299 721
300 714
301 728
302 474
306 652
306 983
309 518
310 605
311 431
311 650
312 471
312 684
312 707
314 773
315 473
316 637
317 390
317 419
317 550
317 814
319 559
319 677
319 733
324 373
324 480
325 786
325 826
326 539
326 608
326 674
327 368
328 436
328 868
329 402
329 593
329 839
329 950
329 989
332 351
333 533
333 683
333 957
334 629
334 779
334 978
335 392
336 688
338 572
338 700
340 745
340 984
341 768
342 714
344 650
345 391
346 950
347 660
348 869
349 773
349 944
351 597
351 885
351 929
352 453
353 426
353 858
354 438
354 458
354 794
355 817
356 837
357 848
358 395
358 570
359 771
360 984
362 506
364 391
364 622
365 868
366 421
367 494
367 785
369 486
371 442
371 923
372 793
373 502
374 420
374 907
375 649
375 850
375 870
375 913
376 450
377 849
379 729
379 742
379 842
380 510
380 743
380 865
380 952
383 564
383 686
384 869
385 919
385 927
387 651
387 845
387 938
389 702
389 969
390 811
390 873
391 945
395 473
396 765
397 664
397 716
398 667
399 792
400 825
402 502
404 843
405 452
405 479
405 673
405 977
406 533
406 980
407 580
407 584
407 621
407 856
409 695
410 693
411 461
411 467
411 777
412 810
413 414
413 782
413 900
413 958
414 580
414 798
416 507
416 809
416 827
419 505
419 755
420 974
421 809
423 424
423 926
425 579
425 845
426 683
426 875
427 573
427 877
428 481
428 592
430 597
430 787
433 626
434 452
434 514
434 578
437 572
437 628
438 763
443 576
443 645
443 952
446 482
446 806
447 601
450 889
452 543
453 801
455 762
455 898
457 773
457 909
459 713
460 945
460 999
462 788
465 978
466 656
471 618
473 691
473 898
474 908
478 626
479 528
479 587
480 800
480 939
482 483
484 942
485 489
487 519
488 957
488 983
490 515
490 564
490 925
490 958
491 513
491 774
491 915
492 665
492 832
492 991
493 826
494 673
494 964
497 758
497 766
498 975
501 847
502 620
504 925
505 865
506 936
506 986
507 600
507 719
507 840
508 796
510 693
512 803
512 909
513 854
513 886
514 526
514 693
515 631
515 794
516 744
520 552
520 648
520 685
521 753
524 784
524 926
525 750
525 995
526 918
527 789
528 533
530 616
531 790
531 856
532 555
535 932
537 739
537 906
538 936
541 964
546 758
546 923
550 983
551 564
552 772
553 725
554 700
555 709
555 788
555 846
556 780
557 851
557 966
558 950
559 961
560 598
561 564
561 822
561 892
563 901
564 690
565 739
566 716
568 782
568 996
569 917
570 842
571 908
573 657
573 846
574 734
574 960
577 966
581 790
582 786
584 768
585 852
589 634
589 690
589 743
590 654
590 786
592 748
592 751
592 803
595 734
596 621
597 629
597 807
597 904
598 971
598 979
599 860
601 674
603 773
606 850
607 717
608 716
608 903
608 992
609 613
610 626
610 719
610 817
610 846
611 777
613 849
614 633
615 848
616 883
616 953
616 989
621 653
622 696
624 985
625 696
625 831
625 985
625 993
629 680
629 857
629 933
631 723
631 809
632 884
634 862
636 855
637 650
637 985
640 982
642 847
643 778
645 842
645 885
646 813
646 986
648 702
649 803
650 835
650 916
651 819
652 811
652 881
654 765
654 958
655 661
655 697
656 791
656 842
657 839
658 750
658 848
658 905
659 851
661 809
668 783
668 965
672 713
672 911
673 950
674 922
675 866
676 941
677 732
679 874
681 782
681 845
684 731
684 833
686 908
689 910
691 891
691 988
693 829
700 976
701 772
701 774
701 779
704 794
704 925
704 997
706 985
707 897
707 975
709 921
711 751
711 789
711 974
714 999
715 988
717 870
718 768
721 860
723 864
729 834
731 789
731 922
736 751
740 842
742 953
744 839
746 831
747 768
748 766
748 892
750 881
754 909
756 965
759 825
759 941
760 836
761 865
761 998
768 795
769 843
769 998
774 830
777 926
779 880
788 799
788 864
792 872
792 886
793 944
795 902
796 942
797 927
800 938
801 902
803 958
808 936
808 951
810 862
819 841
823 891
825 902
826 992
827 830
833 873
833 928
835 850
839 975
840 948
844 854
844 942
844 976
855 903
858 874
858 962
867 974
869 916
872 994
877 924
877 954
877 981
883 891
886 894
895 938
895 964
896 914
896 931
899 981
903 909
906 1000
907 963
909 952
910 928
912 991
931 995
932 960
935 984
936 976
943 947
