1000 500
488 506
228 677
45 156
55 633
115 647
5 632
26 853
91 546
74 237
331 564
557 727
361 824
388 689
95 781
22 995
121 690
600 953
413 480
49 841
244 769
81 882
249 731
402 583
231 454
720 981
31 261
262 441
798 839
153 534
391 424
67 858
327 934
117 459
27 794
120 604
589 674
353 815
461 525
444 692
192 965
241 512
161 501
693 749
163 431
348 742
257 312
63 456
87 148
162 587
98 831
326 457
269 551
816 949
450 999
437 791
502 521
19 803
637 736
89 895
33 725
872 993
646 650
335 636
236 248
540 776
336 362
40 211
407 898
451 694
167 279
61 270
251 358
350 400
412 631
944 986
85 758
582 917
70 876
434 753
598 843
72 904
209 891
110 549
529 752
124 932
135 978
178 921
597 743
470 940
533 987
213 628
499 994
538 684
169 701
355 748
308 487
238 410
122 226
937 951
273 642
732 918
243 790
160 783
60 516
2 318
763 914
185 547
173 572
151 810
371 575
339 726
297 482
616 845
139 292
558 931
225 969
902 988
125 146
47 483
458 682
288 289
101 957
183 581
484 856
504 672
393 594
23 893
24 53
710 786
103 346
158 947
293 354
37 913
130 485
127 977
93 683
56 935
553 667
206 569
599 792
15 610
145 320
283 699
671 933
372 466
427 838
580 662
96 967
233 298
711 871
500 669
661 861
321 685
21 820
759 767
615 768
334 996
510 584
39 819
408 536
446 828
57 220
271 796
69 850
678 909
246 915
188 416
179 825
612 963
113 889
328 539
573 910
337 624
18 764
311 980
691 892
493 508
195 814
897 997
264 941
30 356
735 773
404 426
112 901
374 821
263 405
596 605
367 782
104 152
141 290
79 733
43 420
282 665
86 363
224 315
119 787
414 970
601 976
137 832
107 175
126 939
430 676
859 862
385 961
390 640
216 347
194 310
675 870
673 708
296 721
99 176
442 686
12 544
260 386
375 852
563 823
109 324
497 887
664 744
397 409
323 707
808 864
658 696
453 654
138 926
212 875
208 496
253 885
258 1000
378 489
275 522
316 950
623 958
340 651
116 376
342 679
440 595
232 300
97 530
13 140
523 867
165 655
382 751
59 265
785 894
518 779
709 984
9 929
65 433
317 645
717 844
942 962
106 309
190 531
473 520
571 924
52 90
641 741
494 579
267 509
865 989
448 975
344 747
797 863
739 849
639 911
389 498
58 380
537 634
71 170
286 396
287 877
830 905
332 857
111 809
869 982
25 477
406 425
28 622
765 879
460 670
352 728
108 349
468 930
846 952
907 968
280 559
44 611
32 884
102 543
368 928
381 629
384 387
592 992
259 365
114 801
343 364
418 812
746 906
341 946
132 436
10 447
377 649
916 945
149 754
503 608
574 668
184 330
200 445
625 719
422 656
17 180
191 890
172 886
254 281
35 252
619 788
41 811
159 556
718 919
51 614
147 182
476 757
760 912
609 630
1 878
435 990
276 835
218 345
307 395
357 652
697 855
789 956
14 700
429 802
648 837
398 653
359 972
34 129
532 900
6 695
77 755
219 439
76 903
511 971
150 443
187 492
128 513
123 745
370 702
507 698
472 588
590 998
464 495
705 948
197 240
730 883
193 526
222 333
366 606
392 991
462 659
432 807
73 618
227 524
144 242
514 706
118 617
586 722
88 854
154 799
20 481
920 985
560 593
585 775
401 438
274 635
660 927
552 836
131 196
29 166
177 577
189 542
873 936
64 627
105 417
143 291
164 750
421 793
541 938
301 319
214 827
230 277
42 217
234 805
383 528
68 638
62 567
314 550
620 714
373 465
284 527
155 880
268 272
84 847
16 703
740 923
78 925
199 428
561 777
210 452
83 338
419 729
247 455
202 313
303 517
491 833
48 245
66 955
285 603
133 716
704 806
423 555
278 954
486 602
666 959
351 813
688 974
463 874
471 478
295 899
201 474
168 306
92 576
94 756
142 415
82 800
548 554
221 842
469 535
299 761
360 866
479 966
568 644
449 943
607 770
467 848
229 302
399 475
198 305
266 687
36 908
681 795
3 75
566 817
215 403
724 784
181 774
715 964
766 771
369 565
578 818
255 570
205 322
174 325
840 851
643 822
680 960
4 826
204 613
80 983
250 738
394 621
136 734
11 712
545 762
50 411
657 860
235 304
186 829
294 780
38 46
256 772
207 223
505 591
868 881
54 804
515 888
713 723
7 737
134 778
490 562
922 973
329 626
100 663
8 171
203 239
834 896
157 379
519 979
