1000 1048
2 665
2 573
3 682
5 985
5 511
5 707
5 338
6 228
6 729
6 499
7 665
7 222
7 932
8 787
8 676
8 119
9 760
9 220
11 837
12 431
12 933
12 300
12 765
12 651
12 48
13 992
13 387
13 792
13 131
15 978
17 148
17 632
18 209
18 908
18 973
18 977
18 231
20 349
20 270
20 624
21 54
21 665
21 317
21 781
21 349
21 869
21 949
21 908
21 870
21 383
21 850
21 485
21 47
21 410
22 482
23 913
23 908
23 120
25 470
25 884
26 50
26 243
26 530
26 57
27 657
29 495
30 687
32 372
34 837
34 450
34 484
34 640
37 760
37 286
37 795
38 786
38 676
39 810
41 816
42 473
42 267
43 824
44 834
45 613
45 484
46 913
46 254
46 265
46 923
46 579
49 987
50 914
52 600
52 605
52 292
52 829
52 547
53 936
53 439
53 353
53 854
54 760
54 256
54 235
54 939
54 543
54 183
54 847
54 590
54 806
54 641
54 678
54 959
54 707
54 70
54 807
54 824
54 336
54 137
54 171
54 158
54 413
54 93
54 225
55 614
56 151
57 581
57 556
58 493
58 615
60 599
61 220
61 923
62 476
63 629
64 679
64 867
64 737
65 605
66 760
66 817
66 842
66 617
67 837
67 656
67 120
67 548
67 910
68 781
68 644
68 975
69 128
70 209
70 533
71 986
71 739
72 177
74 890
74 837
74 567
74 678
74 262
76 102
77 139
78 781
78 318
81 890
81 380
81 956
83 183
83 98
84 106
85 896
86 129
86 990
86 119
89 605
90 775
90 166
91 139
92 582
92 436
93 187
93 438
94 629
95 846
96 880
96 697
96 982
97 654
97 714
100 938
101 177
102 821
103 352
104 890
104 241
105 739
107 913
109 543
109 788
109 584
110 543
110 786
110 184
112 326
112 928
113 614
113 1000
113 728
114 613
114 183
115 936
115 923
116 930
117 372
117 238
118 221
118 953
118 561
118 205
119 426
119 167
120 339
121 599
121 793
121 750
122 777
122 343
122 829
124 360
124 496
126 673
127 688
128 609
128 983
128 472
129 656
129 739
129 132
129 257
129 696
129 835
130 254
130 875
131 936
132 581
134 595
134 956
135 591
135 290
135 148
135 242
139 816
139 782
140 318
141 782
142 788
143 426
144 760
145 414
146 286
146 775
146 756
147 803
147 238
148 863
148 892
149 361
149 517
152 235
152 324
152 718
154 890
154 916
154 264
155 317
155 457
158 469
158 818
159 1000
159 959
159 471
160 416
161 177
164 435
165 533
165 900
165 891
166 203
166 734
167 543
167 288
169 985
169 531
169 704
169 836
169 741
170 593
170 440
172 275
172 208
173 403
173 364
173 565
174 890
174 470
174 193
174 376
174 763
174 749
174 548
174 705
174 912
175 613
175 949
175 335
176 637
176 711
177 210
177 582
177 222
177 402
177 249
177 703
180 665
181 290
181 193
182 890
182 238
183 933
183 349
183 740
183 236
183 313
183 395
185 405
185 535
186 833
187 664
187 982
187 253
187 201
187 719
187 488
187 577
189 557
189 272
189 497
189 482
189 518
189 725
189 670
190 256
190 826
192 754
194 863
194 269
195 223
196 286
196 934
198 820
199 203
199 331
200 805
200 258
201 890
201 760
203 690
204 593
204 832
205 290
205 341
206 212
207 959
207 983
207 214
207 732
208 753
209 760
209 357
209 272
209 289
209 810
209 434
209 276
209 881
209 508
210 824
210 575
210 699
211 624
211 749
214 787
214 553
214 749
215 725
216 380
217 756
217 356
219 321
220 613
220 493
220 684
220 605
220 933
220 538
220 627
221 938
222 227
225 880
225 288
226 890
226 803
226 512
226 422
227 606
228 606
228 243
228 926
228 615
228 251
228 767
228 970
229 372
232 760
232 967
232 244
234 388
234 581
234 327
235 613
235 779
236 461
237 804
237 283
237 912
238 837
239 946
242 531
242 919
243 869
243 270
243 387
243 456
243 952
243 690
244 781
246 357
246 484
248 700
248 999
250 599
250 816
250 375
251 336
251 906
252 858
254 614
254 886
254 566
254 356
255 558
255 846
255 851
256 493
256 388
256 672
256 996
256 533
256 280
256 579
258 615
260 723
262 649
262 879
264 817
265 383
265 971
266 904
267 669
268 528
269 926
269 946
269 310
270 684
270 339
270 424
271 697
272 426
272 462
275 702
275 849
276 309
278 890
278 469
279 815
280 656
280 575
282 599
283 772
283 361
284 939
284 328
285 740
286 795
286 694
290 865
290 740
290 394
290 927
291 890
291 648
292 360
293 987
294 509
294 497
294 615
294 584
296 317
296 526
297 890
299 493
300 372
300 986
300 911
301 359
302 549
302 668
303 436
305 567
306 357
306 938
308 679
308 640
309 777
310 958
310 679
310 622
311 637
311 357
313 503
314 804
314 427
315 804
315 468
316 609
317 665
317 781
317 318
317 614
317 684
317 869
317 528
317 965
317 688
317 647
317 522
317 819
317 953
317 889
317 396
317 754
317 988
317 977
317 690
318 837
318 656
318 611
318 974
318 343
318 617
318 503
320 565
320 571
321 971
321 382
323 766
326 923
327 742
328 797
330 371
331 760
332 888
333 936
334 665
334 787
335 986
335 664
335 810
337 684
337 412
337 516
337 764
337 504
339 641
341 457
343 865
344 632
345 806
346 803
346 562
348 931
349 612
349 678
349 451
349 882
350 613
350 565
352 419
352 644
352 451
353 647
353 568
355 803
356 567
357 860
358 760
360 441
361 949
361 511
361 646
362 933
362 543
363 853
364 510
366 576
367 425
369 781
369 967
369 730
370 672
370 918
370 975
370 691
372 781
372 847
372 484
372 849
372 962
372 845
372 757
372 578
374 778
375 493
375 746
376 821
376 502
376 521
377 409
378 902
378 570
379 978
379 693
380 656
381 922
383 833
384 493
385 613
385 777
385 473
386 435
388 886
388 813
388 912
389 805
391 469
391 956
392 695
394 795
394 652
396 890
396 796
397 978
399 760
399 613
400 803
400 482
401 678
405 438
408 776
408 934
408 942
408 563
412 599
412 933
412 795
413 725
414 557
414 437
414 540
414 989
415 811
418 599
418 853
419 816
420 834
421 838
426 803
426 772
426 497
426 789
426 558
426 761
426 534
426 553
427 656
427 782
428 485
430 665
430 431
430 498
431 789
431 818
431 597
432 703
434 540
434 696
435 849
435 789
435 770
435 807
435 735
436 602
436 805
438 484
439 986
439 978
442 574
444 679
446 933
446 950
449 947
450 804
450 788
450 474
452 567
452 777
452 862
453 781
456 705
456 485
457 889
457 607
457 703
459 567
460 696
461 567
463 901
465 993
466 613
466 755
469 566
469 983
469 894
470 831
471 806
472 737
473 599
479 684
480 930
480 745
482 656
483 1000
483 884
484 822
487 775
490 727
493 591
493 614
493 986
493 796
493 849
493 919
493 834
493 716
493 884
494 711
494 815
496 890
497 837
497 940
501 913
502 813
508 944
508 562
509 600
511 834
511 982
512 978
513 853
514 606
515 665
516 849
516 664
518 658
520 557
523 832
524 845
526 867
527 806
528 606
528 859
531 837
531 897
533 738
533 537
538 714
539 644
539 648
540 582
541 556
543 599
543 966
546 582
546 982
549 656
549 614
551 831
551 761
551 608
552 905
552 589
554 886
556 665
557 600
557 894
558 781
558 979
558 829
559 985
560 886
564 913
567 782
567 737
567 712
567 735
567 693
570 832
571 829
573 794
574 629
578 837
581 744
582 614
582 965
586 641
589 930
590 665
590 739
591 913
591 712
591 812
593 776
596 986
596 788
596 856
597 876
599 602
599 772
599 682
599 806
599 729
599 897
600 653
602 842
604 808
604 693
606 665
606 685
606 872
606 690
606 748
608 629
611 842
612 950
613 760
613 629
613 946
613 713
614 760
614 806
614 702
614 821
614 896
615 781
615 789
618 985
620 650
620 646
621 939
626 984
629 775
632 688
632 647
633 840
636 940
637 704
640 740
640 701
641 832
642 905
643 795
644 712
644 888
646 775
649 926
649 864
650 919
650 764
651 665
651 823
656 893
656 909
657 772
657 928
659 682
661 946
662 890
662 831
662 770
664 995
665 890
665 913
665 776
665 863
665 667
665 778
665 668
665 758
666 804
667 684
667 877
673 922
676 680
678 962
678 708
679 775
681 730
682 804
684 903
684 738
689 804
689 786
697 803
702 883
703 872
703 812
704 890
704 965
704 859
704 954
707 747
715 971
716 890
717 984
720 941
724 859
724 919
725 749
729 935
729 854
730 747
737 772
738 846
739 890
739 964
739 826
748 858
749 807
751 973
752 839
754 978
755 803
760 781
760 986
760 779
760 847
760 899
760 851
760 848
765 837
765 889
767 795
768 962
769 850
771 883
772 902
775 890
775 913
775 781
775 903
775 870
776 806
777 984
777 949
777 786
779 908
779 956
782 912
784 985
785 978
788 851
789 846
793 803
795 855
799 908
803 964
803 921
804 949
804 858
806 914
807 832
811 998
817 858
818 930
827 918
831 837
835 965
836 945
837 852
837 995
837 873
837 841
842 965
862 929
863 992
867 912
870 890
871 903
871 929
872 960
874 895
879 986
880 890
880 946
899 913
918 940
923 993
928 940
933 940
937 974
939 985
939 996
957 986
963 978
985 993
989 992
