1000 500
59 896
326 602
102 290
79 990
433 557
573 717
71 330
269 952
512 719
357 845
55 471
407 684
253 635
66 400
2 882
6 605
772 791
98 450
160 947
111 654
397 639
95 655
429 680
91 285
409 451
75 862
631 662
524 688
728 860
120 604
152 398
590 917
51 343
301 625
183 507
69 494
593 927
94 596
363 730
435 746
521 749
193 813
489 973
726 809
338 395
669 940
72 532
520 960
367 867
459 712
336 632
490 547
292 562
314 321
283 989
637 983
189 555
693 744
10 849
81 198
232 934
8 650
197 275
243 391
479 500
46 789
41 683
165 462
1 229
233 853
310 584
129 670
28 767
724 736
303 953
667 839
203 884
402 941
11 790
871 992
252 453
504 817
410 899
19 263
546 841
595 706
143 155
188 733
932 980
492 735
272 988
90 911
539 914
291 821
21 570
349 762
831 951
455 551
344 702
414 937
192 842
485 579
228 499
105 267
371 566
649 919
112 553
341 376
145 739
732 783
432 652
274 642
220 671
752 779
664 666
219 544
430 755
496 929
431 580
124 154
248 464
50 982
147 515
245 583
114 765
142 994
159 498
27 351
342 601
287 665
682 697
538 912
57 886
87 658
85 734
374 571
513 766
757 965
168 759
266 727
598 810
298 707
525 987
289 976
257 687
481 679
5 332
424 535
259 486
847 894
167 241
381 588
118 641
121 866
382 394
567 705
47 181
194 599
176 420
172 715
131 534
178 618
315 614
247 974
14 781
42 623
186 478
261 908
531 769
222 419
119 824
358 441
615 768
763 993
213 617
311 603
530 827
802 868
434 710
333 380
353 883
413 754
122 718
16 709
360 379
146 428
399 608
239 467
958 971
249 511
180 677
22 905
569 876
9 935
560 818
835 995
73 452
231 737
537 663
177 784
163 620
352 892
509 857
58 692
465 549
454 939
199 411
207 891
325 645
156 208
116 898
89 136
309 795
86 628
457 931
26 205
359 661
495 921
323 586
151 879
296 968
300 840
442 942
92 582
190 977
74 128
456 468
15 981
458 913
162 335
299 978
235 832
109 854
80 967
564 760
76 686
200 901
67 210
463 875
281 319
385 785
23 850
68 184
742 775
801 861
327 533
138 508
254 472
139 244
173 874
103 559
750 806
476 503
201 713
134 812
308 946
224 696
63 123
613 657
581 723
158 778
340 916
271 893
264 616
388 822
31 902
651 805
889 933
93 743
807 900
226 369
324 675
365 545
425 843
864 890
191 514
196 629
656 870
25 738
597 909
170 347
770 837
30 700
475 803
426 938
510 788
304 930
387 708
104 923
589 672
348 466
144 312
753 780
187 786
844 925
96 375
216 956
108 776
377 910
62 480
49 699
48 972
182 307
297 383
113 473
390 858
627 694
4 386
56 823
127 209
493 541
65 270
284 305
84 140
316 773
166 676
70 461
418 421
234 996
179 260
729 794
286 633
97 227
834 856
345 548
915 948
149 255
422 777
592 681
133 265
251 904
17 966
446 725
660 852
174 293
488 578
542 698
793 954
401 439
132 970
82 969
53 277
552 873
568 701
416 594
630 792
648 828
126 859
302 438
306 826
350 523
83 268
644 979
39 756
35 215
626 799
52 685
100 869
36 448
519 691
572 846
202 984
436 647
288 907
276 295
125 373
262 787
44 964
368 796
240 848
366 606
195 477
278 722
334 483
313 460
43 447
364 920
502 643
77 997
242 903
24 851
403 591
741 906
362 748
40 944
751 816
554 936
117 279
536 986
130 236
206 720
141 474
470 811
322 406
150 550
320 961
223 543
282 440
638 880
7 659
45 622
331 747
522 714
106 885
506 855
137 881
157 975
54 721
943 999
110 482
408 575
13 814
211 393
101 945
405 771
164 574
258 501
518 577
64 78
761 829
449 962
3 238
217 576
673 963
585 612
61 328
689 836
354 437
38 317
237 526
926 928
782 991
392 558
32 404
33 378
621 646
294 678
634 774
587 653
107 443
372 863
427 808
115 703
600 888
690 800
256 517
12 565
444 497
175 619
355 815
529 949
204 1000
37 505
389 417
469 764
88 825
561 758
225 412
636 797
610 897
246 611
609 950
370 924
740 872
484 528
280 878
361 695
34 346
798 998
339 820
423 563
540 819
273 704
640 668
161 624
445 959
745 833
556 674
337 895
185 865
487 830
212 711
230 607
153 396
148 955
250 356
329 887
716 918
318 985
171 804
516 731
135 491
384 957
169 214
20 527
99 838
415 922
60 218
18 877
29 221
