1000 3399
1 70
1 100
1 110
1 314
1 836
1 976
2 170
2 377
2 453
2 518
2 608
3 195
3 279
3 392
3 453
3 563
3 674
3 964
4 24
4 80
4 559
4 735
4 805
4 912
4 934
5 47
5 87
5 129
5 344
5 386
5 424
5 652
5 669
5 682
5 690
6 34
6 57
6 83
6 161
6 690
6 911
6 960
6 966
6 973
6 974
7 108
7 184
7 338
7 346
7 610
7 680
7 698
7 815
8 39
8 281
8 534
8 619
8 824
9 299
9 438
9 590
9 593
9 645
9 648
9 669
9 948
10 60
10 139
10 189
10 782
10 934
10 968
10 971
11 21
11 43
11 120
11 250
11 488
11 550
11 599
11 654
11 719
12 118
12 296
12 343
12 369
12 443
12 831
12 847
12 943
13 124
13 219
13 400
13 429
13 577
13 652
13 673
13 757
14 591
14 660
15 89
15 312
16 302
16 378
16 420
16 470
16 648
16 809
16 837
16 864
16 957
17 124
17 140
17 298
17 302
17 409
17 578
17 607
17 805
17 920
18 84
18 182
18 301
18 306
18 350
18 459
18 552
18 634
18 807
18 956
18 962
18 990
19 100
19 175
19 220
19 338
19 447
19 490
19 550
19 812
19 890
19 992
20 285
20 665
21 84
21 349
21 409
21 442
21 474
21 847
22 284
22 408
22 485
22 489
22 525
22 999
23 253
23 407
23 523
23 953
24 70
24 179
24 182
24 183
24 241
24 707
24 903
25 200
25 557
25 642
25 655
25 820
25 893
25 894
26 181
26 193
26 393
26 559
26 575
26 584
26 601
26 782
26 960
27 127
27 146
27 163
27 297
27 793
27 934
28 142
28 158
28 280
28 606
28 627
28 645
28 653
28 753
28 758
28 760
29 227
29 231
29 324
29 405
29 568
29 671
29 809
30 177
30 332
30 412
30 470
30 598
30 626
30 731
31 419
31 555
31 629
31 743
31 783
31 857
31 985
32 91
32 139
32 155
32 850
33 78
33 284
33 404
33 451
33 460
33 902
34 137
34 423
34 501
34 513
34 665
34 721
34 766
35 144
35 255
35 515
35 584
35 611
35 658
35 725
35 748
35 843
36 93
36 258
36 294
36 433
36 473
36 501
36 700
36 787
36 841
36 975
37 65
37 169
37 294
37 504
37 518
37 525
37 601
37 861
38 240
38 293
38 439
38 699
38 752
38 823
38 898
38 961
39 905
40 72
40 146
40 268
40 300
40 380
40 633
40 840
41 104
41 669
42 311
42 376
42 413
42 451
42 698
42 711
42 848
42 887
42 952
43 147
43 225
43 302
43 369
43 620
43 673
43 741
43 809
43 839
43 943
43 992
44 268
44 287
44 432
44 449
44 470
44 547
44 742
45 277
45 527
45 571
45 618
45 682
45 768
45 800
45 826
45 839
45 879
45 919
45 944
45 972
46 256
46 317
46 667
46 993
47 87
47 352
47 527
47 674
47 696
47 929
48 177
48 305
48 416
48 439
48 457
48 687
48 786
49 457
49 484
49 663
49 865
50 71
50 98
50 127
50 174
50 183
50 402
50 440
50 542
50 879
51 111
51 310
51 552
51 564
51 714
51 964
51 969
52 348
52 478
52 487
52 512
52 690
52 882
52 917
53 129
53 357
53 514
53 725
53 758
53 818
53 833
54 175
54 450
54 582
54 804
54 928
54 959
55 249
55 259
55 318
55 497
55 514
55 570
55 835
55 923
56 68
56 192
56 351
56 766
56 788
57 245
57 388
57 446
57 487
57 629
57 783
57 790
57 839
57 872
58 62
58 313
58 495
58 567
58 607
58 947
58 960
59 142
59 260
59 863
60 399
60 448
60 507
60 516
60 724
60 855
60 906
61 65
61 167
61 184
61 374
61 595
61 811
61 867
62 286
62 512
62 530
62 628
62 758
62 938
63 183
63 270
63 334
63 420
63 429
63 584
63 735
63 809
63 833
63 980
63 997
64 342
64 420
64 645
64 712
64 859
64 860
64 947
64 962
64 998
65 148
65 263
65 271
65 480
65 527
65 622
65 635
66 187
66 722
66 843
66 883
67 74
67 169
67 250
67 582
67 788
68 233
69 162
69 285
69 411
69 420
69 423
69 581
69 584
69 739
69 775
70 88
70 122
70 240
70 618
70 690
70 818
70 951
71 398
71 452
71 489
71 750
72 101
72 443
72 686
72 761
72 807
72 850
72 873
73 99
73 171
73 302
73 321
73 454
73 467
73 527
73 559
73 596
73 673
73 842
73 870
73 972
74 167
74 212
74 230
74 377
74 429
74 447
74 880
74 910
74 938
75 101
75 232
75 285
75 371
75 594
75 706
75 730
75 750
75 818
75 899
75 936
76 263
76 489
76 517
76 545
76 591
76 619
76 901
76 912
76 974
77 94
77 157
77 341
77 861
77 885
77 947
78 104
78 109
78 164
78 382
78 524
78 655
78 919
78 955
79 237
79 288
79 804
80 212
80 641
80 795
80 962
81 417
81 453
81 576
81 793
82 112
82 255
82 435
82 993
83 120
83 251
83 267
83 561
83 653
83 678
83 867
84 199
84 224
84 388
84 781
84 796
84 903
84 946
85 129
85 305
85 311
85 450
86 171
86 473
86 703
86 728
86 841
87 410
87 507
88 149
88 587
88 703
88 957
89 477
89 730
89 817
90 95
90 210
90 407
90 617
90 728
90 730
90 796
90 986
91 253
91 258
91 318
91 563
91 566
91 636
91 710
91 722
91 789
91 816
92 97
92 185
92 534
92 577
93 220
93 270
93 303
93 462
93 953
93 987
94 387
94 473
94 483
94 629
94 685
94 728
94 874
94 984
95 102
95 134
95 425
95 460
95 662
95 723
95 780
95 831
95 878
96 228
96 237
96 381
96 398
96 671
96 800
96 840
96 952
96 958
97 122
97 573
97 584
97 690
97 777
97 786
97 981
98 112
98 146
98 410
98 630
98 846
99 624
99 888
99 992
100 129
100 148
100 154
100 220
100 806
100 844
101 109
101 160
101 287
101 590
101 801
101 926
101 952
102 678
102 700
102 977
103 387
103 813
103 852
104 425
104 701
104 829
104 906
104 957
104 993
105 525
105 735
105 860
106 204
106 240
106 682
106 862
106 913
106 926
106 934
107 549
107 604
107 657
107 721
107 835
107 865
108 120
108 150
108 266
108 516
108 558
108 617
109 120
109 189
109 204
109 631
109 776
109 842
110 233
110 826
111 277
111 408
111 422
111 432
111 459
111 503
111 529
111 540
111 906
111 993
112 133
112 158
112 540
112 863
112 973
113 168
113 365
113 402
113 606
113 613
113 663
113 769
113 836
114 268
114 336
114 461
114 850
114 967
115 219
115 376
115 569
115 657
115 699
115 784
115 829
115 931
116 137
116 337
116 702
116 769
116 782
117 186
117 227
117 368
117 461
117 730
117 881
117 888
117 993
118 159
118 340
118 634
118 816
119 283
119 479
119 507
119 784
120 625
120 627
120 657
120 862
120 978
121 170
121 214
121 222
121 415
121 499
121 501
121 551
121 689
121 765
121 811
121 815
121 822
121 918
122 161
122 216
122 282
122 362
122 397
122 688
122 803
122 915
122 966
122 997
123 218
123 362
123 482
123 497
123 498
123 853
124 204
124 346
124 357
124 692
124 799
124 831
125 313
125 437
125 508
125 656
125 666
125 715
125 809
125 849
125 961
125 979
126 320
126 579
126 606
126 793
127 314
127 547
127 902
127 923
128 274
128 680
128 862
128 992
129 173
129 387
129 499
129 610
129 805
129 806
129 809
129 906
130 216
130 477
130 681
130 975
131 349
131 376
131 477
132 195
132 247
132 400
132 513
132 545
132 609
132 916
133 350
133 616
133 671
133 735
133 846
133 897
133 949
133 985
134 201
134 532
134 871
134 967
135 286
135 311
135 333
135 399
135 600
135 670
135 778
136 250
136 575
136 692
136 724
136 774
136 801
137 264
137 366
137 579
137 822
138 236
138 246
138 674
138 745
138 756
138 942
138 970
139 207
139 538
139 649
139 703
139 742
139 781
139 861
139 891
139 997
140 256
140 290
140 475
140 613
140 687
140 797
140 840
141 254
141 298
141 365
141 370
142 148
142 242
142 251
142 331
142 434
142 519
142 536
142 927
143 418
143 604
143 618
143 852
143 942
144 397
144 586
144 620
144 694
144 804
144 902
145 471
145 531
145 716
145 893
145 899
145 975
145 989
146 317
146 374
146 393
146 526
146 579
146 609
147 224
147 259
147 399
147 432
147 535
147 651
147 747
147 865
147 997
148 677
148 715
148 725
148 904
149 189
149 342
149 394
149 679
149 774
149 925
150 210
150 475
150 496
150 549
150 625
150 816
150 831
150 928
151 157
151 306
151 442
151 632
152 195
152 266
152 280
152 327
152 488
152 614
153 211
153 277
153 537
153 557
153 931
154 289
154 363
154 375
154 462
154 553
154 693
155 208
155 777
155 881
156 238
156 623
156 666
156 816
157 169
157 218
157 268
157 438
157 691
157 855
157 863
157 906
158 278
158 397
158 515
158 827
158 911
158 950
159 160
159 227
159 249
159 289
159 411
159 549
159 556
159 645
160 328
160 401
160 463
160 516
160 547
160 616
160 858
161 189
161 230
161 267
161 355
161 631
161 727
161 868
162 247
162 277
162 297
162 310
162 388
162 420
162 467
162 565
162 720
162 818
162 849
162 947
163 183
163 199
163 257
163 635
163 848
163 895
163 998
164 233
164 362
164 407
164 483
164 624
164 738
164 759
164 834
165 310
165 377
165 383
165 394
165 486
165 605
165 659
166 269
166 271
166 508
166 745
166 833
166 854
167 222
167 240
167 763
167 907
167 952
168 307
168 457
168 466
168 794
169 191
169 310
169 314
169 496
169 563
169 881
169 940
169 943
169 983
170 205
170 213
170 226
170 294
170 305
170 317
170 416
170 661
170 841
170 921
170 937
171 248
171 268
171 543
171 744
171 933
172 199
172 215
172 238
172 491
172 655
172 824
172 932
172 998
173 425
173 811
173 860
174 244
174 630
174 697
175 216
175 220
175 313
175 399
175 407
175 701
175 982
176 182
176 281
176 461
176 740
177 258
177 426
178 422
178 431
178 492
178 645
178 666
178 886
178 989
179 188
179 338
179 362
179 409
179 647
179 832
179 959
181 521
181 802
181 826
181 950
182 265
182 485
183 188
183 239
183 306
183 315
183 717
184 448
184 756
185 221
185 255
185 440
185 493
185 535
186 242
186 671
186 718
186 929
186 971
187 240
187 351
187 430
187 441
187 575
187 582
187 621
187 785
187 931
188 269
188 340
188 954
189 436
189 462
189 550
189 568
189 610
189 611
189 656
190 203
190 280
190 336
190 353
190 558
190 658
190 923
190 995
191 446
191 462
191 610
191 672
192 217
192 341
192 614
192 787
192 921
192 949
193 411
193 685
193 693
193 728
194 253
194 254
194 287
194 450
194 570
194 597
194 951
195 213
195 395
195 697
195 702
195 760
195 805
196 558
196 911
197 571
197 659
197 788
198 299
198 651
198 703
198 883
199 302
199 331
199 426
199 441
199 530
199 548
199 690
199 823
201 427
201 599
201 938
202 250
202 406
202 644
202 920
203 258
203 470
203 724
203 738
203 797
203 913
204 299
204 733
204 855
204 857
204 882
205 298
205 394
205 508
205 579
205 634
205 732
205 984
206 501
207 276
207 464
207 569
207 629
207 707
207 949
208 496
208 510
208 573
208 684
208 903
208 975
209 210
209 448
209 464
209 540
209 642
209 757
209 996
210 383
210 438
210 557
210 617
210 772
210 865
210 886
210 947
210 956
211 232
211 670
211 699
211 841
212 268
212 271
213 732
214 759
214 961
215 334
215 390
215 491
215 659
215 903
215 965
216 253
216 494
216 720
216 820
217 295
217 447
217 579
217 600
217 627
217 678
217 683
217 851
217 887
218 599
218 705
219 680
220 416
220 865
220 941
221 224
221 264
221 334
221 501
221 648
221 650
221 766
221 816
221 877
222 250
222 273
222 275
222 339
222 435
222 511
222 616
222 711
222 727
222 762
223 269
223 347
223 408
223 411
223 748
223 885
223 940
223 956
224 431
224 580
224 688
224 690
224 916
225 302
225 351
225 517
225 599
225 710
225 777
225 804
225 895
225 934
225 973
226 294
226 391
226 426
226 644
226 774
227 259
227 319
227 323
227 480
227 823
228 368
228 556
228 743
228 900
229 282
229 337
229 474
229 561
229 573
229 760
229 790
229 980
230 460
230 803
231 269
231 579
231 926
232 689
232 700
232 773
232 931
232 997
233 273
233 642
233 807
233 863
234 313
234 424
234 962
235 290
235 334
235 385
235 435
236 239
236 316
236 389
236 907
237 245
237 249
237 501
237 516
238 661
238 883
238 884
238 969
238 973
239 338
239 513
239 546
239 639
239 689
239 794
239 855
240 519
240 537
240 556
240 718
240 787
240 799
240 890
241 279
241 343
241 369
241 494
241 531
241 584
241 677
241 687
241 740
241 803
242 345
242 527
242 716
242 881
242 884
243 616
243 652
243 911
244 459
244 837
244 864
244 925
245 427
245 753
246 261
246 457
246 507
246 868
246 930
246 993
247 543
247 859
247 961
248 674
248 943
248 965
249 715
249 776
249 960
250 320
250 350
250 447
250 573
250 580
250 636
250 681
250 827
250 830
251 454
251 498
251 635
251 858
252 301
252 327
252 376
252 529
252 596
252 881
252 938
252 977
253 357
253 368
253 388
253 405
253 706
253 974
254 338
254 498
254 676
254 776
254 783
254 839
254 924
255 337
255 557
255 603
255 738
255 878
256 745
256 810
256 915
257 302
257 468
257 477
257 481
257 530
257 738
257 778
257 940
257 958
258 315
258 338
258 594
258 663
259 567
259 586
259 597
259 671
259 702
259 737
260 355
260 467
260 736
261 398
261 410
262 815
262 816
263 823
263 880
263 964
264 459
264 514
265 272
265 292
265 601
265 664
265 687
265 797
265 909
266 561
266 983
267 366
267 478
267 599
267 636
267 783
268 501
268 705
268 735
268 740
268 837
268 894
269 361
269 831
270 500
270 645
270 735
270 795
270 867
271 281
271 312
271 410
271 418
271 604
271 791
271 862
271 952
271 996
272 285
272 293
272 342
272 417
272 527
273 521
273 872
273 892
274 314
274 487
274 657
274 794
274 833
275 442
275 575
275 601
275 890
277 483
277 508
277 768
277 864
277 867
278 303
278 660
278 721
278 735
278 814
279 372
279 814
279 902
279 1000
280 350
280 362
280 471
280 560
280 841
280 854
281 610
282 284
282 305
282 333
282 359
282 381
282 401
282 482
282 657
282 900
282 902
283 319
283 355
283 803
283 864
283 940
284 397
284 521
284 598
284 614
285 439
285 735
285 787
286 297
286 301
286 354
286 443
286 466
286 529
286 870
287 391
287 558
287 653
287 818
288 771
289 311
289 928
290 458
290 529
290 589
291 362
291 503
291 878
292 360
292 459
292 462
292 552
292 800
292 839
293 462
293 496
293 526
293 870
293 878
293 932
293 971
294 324
294 726
294 950
295 519
295 602
295 617
295 784
295 811
297 505
297 692
297 864
298 450
298 809
298 883
298 968
298 976
299 337
299 565
299 583
299 594
299 630
299 660
299 892
299 959
300 359
300 475
300 548
300 555
300 764
300 815
300 957
300 981
301 328
301 353
301 420
301 451
301 479
301 595
301 750
302 422
302 509
302 576
302 593
302 607
302 837
302 846
302 879
303 539
303 690
303 737
304 340
304 476
304 582
304 721
304 880
304 886
304 891
304 998
305 547
305 576
305 761
305 978
306 409
306 955
307 377
307 708
307 815
307 888
308 510
308 526
308 637
308 733
308 836
309 370
309 687
309 783
309 880
310 330
310 497
310 552
310 573
311 468
311 511
311 568
311 589
311 626
311 714
312 662
312 709
312 894
312 984
313 350
313 404
313 459
313 479
313 491
313 657
313 890
314 358
314 360
314 831
315 608
315 836
316 365
316 396
316 533
316 839
317 525
318 652
318 876
318 992
319 349
319 675
319 751
319 938
320 382
320 649
321 834
322 430
322 564
322 786
323 404
323 421
323 761
323 794
323 973
324 428
324 594
324 716
324 811
324 885
324 971
325 622
325 662
325 778
325 960
325 987
326 455
326 489
326 559
326 664
326 670
326 697
326 765
326 866
327 467
327 655
327 669
327 712
327 813
328 509
328 737
329 582
329 957
330 500
330 777
330 875
331 368
331 639
331 899
331 927
332 354
332 412
332 613
332 815
332 964
333 394
333 628
333 629
334 338
334 762
334 836
334 988
335 362
335 367
335 791
336 369
336 448
336 470
336 691
336 859
336 901
337 484
337 547
337 891
338 542
338 645
338 716
338 760
338 812
338 818
338 855
338 865
338 887
338 944
339 712
339 728
339 784
339 867
339 894
340 717
340 861
340 952
340 990
341 355
342 361
342 542
342 556
343 853
343 960
344 578
344 734
344 753
344 951
344 959
345 365
345 500
345 504
345 521
345 750
345 840
345 985
346 419
346 436
346 623
346 663
346 669
346 986
347 420
347 841
347 975
348 472
348 565
348 629
348 630
349 481
349 557
349 749
349 838
349 970
350 540
350 569
350 572
350 608
350 688
350 902
350 938
350 999
351 556
351 618
351 960
352 830
353 795
353 879
353 998
354 356
354 401
354 637
354 673
354 983
355 412
355 442
355 463
355 551
355 738
355 822
355 829
356 493
356 518
356 738
356 906
357 360
357 472
357 751
357 796
357 949
357 958
358 461
358 606
358 625
358 627
358 677
358 720
358 828
358 997
359 411
359 423
359 528
359 967
360 364
360 420
360 485
360 618
360 716
360 755
360 818
360 942
361 368
361 504
361 516
361 600
361 849
361 974
361 986
361 993
362 367
362 496
362 868
363 674
363 676
363 924
364 429
364 907
364 935
364 970
364 976
365 373
365 379
365 473
365 497
365 521
365 872
365 951
365 954
366 417
366 466
366 496
366 608
366 640
366 646
366 669
366 674
366 763
366 853
367 400
367 526
367 541
367 812
368 403
368 503
368 924
368 975
369 408
369 428
369 430
369 641
369 743
369 760
369 783
369 829
369 994
370 386
370 800
370 838
370 931
371 384
371 418
371 526
371 640
371 694
371 807
372 549
372 686
372 738
372 770
373 903
373 921
374 538
374 631
374 682
374 708
375 432
375 516
375 702
375 708
375 791
375 964
376 393
376 464
376 482
376 498
376 663
377 387
377 462
377 555
377 616
377 691
377 941
377 974
378 416
378 542
378 560
378 612
379 462
379 642
379 742
379 749
379 763
379 765
379 833
379 979
380 484
380 561
380 571
380 632
380 700
380 718
380 777
381 593
381 806
382 738
382 819
382 992
382 996
383 474
383 652
383 853
383 854
383 990
384 401
384 516
384 601
384 628
384 638
385 558
385 653
385 966
386 466
386 549
386 633
386 792
387 390
387 534
387 695
387 952
388 537
388 767
389 455
389 697
389 729
389 735
389 801
389 824
389 859
389 970
389 985
390 419
390 498
390 516
390 534
390 702
390 841
390 992
391 523
391 542
391 598
391 628
391 871
391 881
392 471
392 699
392 773
392 994
393 467
393 635
393 644
393 730
394 420
394 988
395 415
395 589
395 958
395 971
395 981
395 997
396 449
396 495
396 519
396 532
396 634
396 844
396 889
397 610
397 980
398 405
398 779
399 472
399 495
399 505
399 511
399 526
399 804
399 814
399 821
399 908
400 464
400 791
401 506
401 744
401 756
401 848
401 955
402 474
402 739
402 788
403 988
404 412
404 526
404 647
404 658
404 773
404 827
404 859
405 741
407 865
407 919
408 589
408 747
408 768
408 792
409 622
409 952
409 955
410 716
410 870
411 492
411 524
411 629
411 790
411 924
412 483
412 579
412 860
412 974
413 479
413 496
413 690
413 704
413 721
413 983
414 456
414 472
414 897
414 952
414 997
415 610
415 833
415 908
416 545
416 714
417 584
417 654
417 788
417 905
417 965
417 975
418 544
419 477
419 520
419 801
419 817
419 852
419 859
420 476
420 832
420 888
420 973
421 658
421 821
421 956
422 459
422 471
422 680
422 685
422 735
423 754
423 931
423 965
423 970
424 579
424 616
424 743
424 787
424 943
425 464
425 960
426 453
426 976
427 553
427 962
428 579
428 785
428 881
428 909
429 589
429 626
429 933
430 563
430 738
431 568
431 701
431 715
432 436
432 563
432 634
432 827
432 936
432 969
433 662
433 961
434 477
434 996
435 530
435 561
436 513
436 586
437 877
438 509
438 596
438 820
438 920
439 480
440 526
440 617
440 644
440 748
440 954
440 969
441 669
441 967
442 928
443 521
443 539
443 632
443 688
443 762
443 814
443 897
444 580
444 615
444 835
444 944
444 975
445 559
445 627
445 643
445 708
445 725
445 824
445 921
446 942
447 899
447 949
448 569
448 627
448 731
448 742
448 959
448 992
449 573
449 750
450 608
450 632
450 951
451 724
451 946
452 662
452 924
453 490
453 523
453 651
453 717
453 751
453 978
454 456
454 809
454 973
455 539
455 631
455 680
455 712
455 748
455 864
456 471
456 567
456 585
456 693
456 865
456 878
457 465
457 749
457 916
458 846
458 950
459 775
459 828
460 515
460 553
460 737
460 866
460 987
461 544
461 549
461 607
461 879
461 931
462 469
462 711
462 924
462 925
462 956
463 536
463 563
463 789
463 839
463 968
464 549
464 758
464 848
464 925
466 658
466 826
466 875
467 578
467 913
467 997
468 481
468 713
468 998
469 999
470 604
470 656
470 978
471 540
471 545
471 593
471 801
471 805
471 818
471 839
472 642
472 711
472 846
472 979
472 998
473 597
473 643
473 726
473 870
474 564
474 702
474 720
474 783
474 920
474 959
475 520
475 640
475 760
475 965
476 484
476 502
476 700
476 770
476 848
476 986
477 503
477 589
477 944
478 739
478 791
479 779
479 785
479 915
480 527
480 605
480 690
480 708
480 719
480 942
481 948
482 489
482 502
483 611
483 752
484 557
484 571
484 576
484 872
485 542
485 588
485 610
485 885
486 808
486 884
486 885
487 559
487 624
487 683
487 813
487 864
487 991
488 662
488 675
488 846
488 963
489 633
489 744
489 757
489 974
489 989
490 570
490 796
490 939
490 948
491 644
491 687
491 834
492 571
492 627
492 689
492 832
492 836
492 871
493 496
493 501
493 558
493 570
493 592
493 701
493 852
493 967
494 519
494 979
495 731
495 797
495 956
497 707
497 789
497 931
498 698
498 807
498 811
498 912
498 955
498 988
499 545
499 559
499 650
499 763
500 807
500 815
501 630
501 705
501 916
502 642
502 658
502 858
503 709
503 747
503 844
504 696
504 713
504 835
504 859
504 953
505 944
506 519
506 759
506 855
506 908
506 971
507 693
507 695
507 801
507 852
507 891
508 568
508 867
509 560
509 948
509 992
510 608
510 643
510 951
511 650
511 720
511 927
512 573
512 913
512 952
513 577
513 693
514 867
515 552
515 714
515 746
515 874
515 886
516 824
516 897
516 973
517 746
517 772
517 794
517 954
518 705
518 823
518 929
519 621
519 641
520 558
520 824
521 579
521 969
522 563
522 998
523 585
523 737
523 766
523 818
523 822
523 874
524 536
524 571
524 689
524 734
524 957
525 591
525 926
526 999
527 680
527 942
527 962
528 592
528 805
528 861
529 658
529 874
530 572
531 606
531 664
531 803
531 828
531 847
532 639
533 536
533 596
533 915
533 962
534 557
534 575
534 933
535 633
535 807
535 911
535 921
536 610
536 636
536 725
536 803
537 771
537 846
538 861
538 897
538 916
539 621
539 701
539 718
540 667
540 722
541 586
541 630
541 941
542 550
542 617
543 702
543 861
544 567
544 703
544 808
544 924
545 670
545 731
545 773
546 547
546 757
547 644
547 700
548 846
548 898
548 947
549 606
549 779
550 680
550 713
550 778
550 882
550 913
551 567
551 603
551 644
551 650
551 813
552 773
552 918
553 567
553 861
554 726
554 883
555 613
556 649
558 614
558 648
558 661
558 690
558 695
558 727
558 937
558 982
559 702
560 708
560 874
561 665
561 822
562 595
562 778
562 806
562 812
562 926
563 580
563 859
563 997
564 895
564 926
564 967
565 806
566 792
566 831
567 635
567 745
567 768
568 615
568 682
568 683
568 694
569 647
570 572
570 870
570 875
570 934
570 979
571 654
572 825
572 984
573 696
573 888
573 987
574 749
574 756
574 997
574 998
575 764
575 802
575 904
576 593
576 617
576 662
577 703
577 739
577 985
578 796
578 982
579 726
579 777
579 872
579 896
580 775
580 988
582 602
582 736
582 737
582 750
583 611
583 748
583 876
583 993
584 601
584 914
585 834
586 810
586 901
587 947
587 958
588 769
588 855
588 870
588 964
588 993
589 687
589 837
589 926
589 931
590 633
590 681
590 918
591 788
592 762
592 986
592 994
593 636
594 698
595 676
595 847
596 622
596 647
596 724
596 856
596 948
597 752
597 986
598 673
598 692
598 886
599 840
599 956
599 971
599 974
600 776
600 993
601 904
601 993
602 618
602 749
602 922
602 977
603 657
603 695
603 823
605 941
605 947
605 951
606 803
607 741
607 842
607 959
608 630
608 636
608 884
608 984
608 993
609 678
610 614
610 703
611 624
611 627
611 678
611 870
611 984
612 686
612 895
612 984
613 996
614 755
614 786
614 807
614 948
615 701
615 757
615 898
615 945
616 619
616 623
616 777
616 883
616 963
618 632
618 796
618 799
618 820
619 903
619 965
620 651
620 908
620 967
621 742
621 747
621 887
621 966
622 795
622 829
622 890
622 912
623 668
623 774
623 827
624 646
624 687
624 828
625 632
625 746
625 826
625 888
626 970
627 919
628 717
628 781
628 982
629 674
630 688
630 709
630 889
630 968
631 756
631 868
631 925
631 931
632 688
632 860
633 644
633 669
634 808
635 802
635 971
636 727
636 848
636 867
636 929
637 975
638 924
638 977
640 970
640 982
641 812
642 671
642 907
644 732
644 781
645 829
646 650
646 690
646 710
647 879
647 991
648 750
648 766
648 869
648 906
648 955
648 999
649 759
649 872
649 996
650 976
650 992
652 667
652 717
652 877
652 935
653 683
653 897
654 772
654 779
654 792
654 884
655 847
655 894
655 944
656 781
656 862
656 940
656 946
656 961
657 935
658 782
658 816
658 933
659 829
660 688
660 872
661 686
661 829
661 950
662 666
662 947
662 969
663 836
663 888
665 914
667 740
667 854
667 877
667 882
668 807
668 832
671 732
671 837
672 899
672 908
672 948
672 961
673 704
673 790
673 878
673 926
674 710
674 725
674 759
674 791
674 797
674 965
674 995
675 787
676 689
676 695
677 770
677 790
677 869
677 956
677 988
678 862
678 937
679 786
679 825
679 956
680 754
680 788
681 752
682 708
682 898
683 928
684 999
686 702
686 766
686 952
687 745
687 995
688 799
689 761
689 800
689 801
689 843
689 855
689 859
689 927
689 957
690 770
690 831
690 915
690 947
691 899
692 866
693 765
693 807
694 759
694 915
694 921
694 986
695 884
695 983
696 832
696 835
696 879
696 972
696 987
697 970
698 706
698 790
698 993
699 873
700 799
701 789
701 897
701 928
701 971
702 820
703 712
703 798
703 840
703 986
704 808
704 921
705 713
705 788
705 936
706 734
706 910
708 773
708 805
709 825
709 887
709 891
710 879
711 734
711 894
712 877
713 813
713 830
713 889
713 969
713 984
713 991
714 832
714 937
715 931
717 736
717 829
717 859
717 920
717 948
717 955
718 803
718 820
720 725
720 807
720 872
720 907
720 963
721 934
722 937
723 762
723 865
723 895
723 949
724 745
724 853
724 915
724 937
725 909
725 939
727 800
727 905
727 936
728 809
728 944
729 857
729 867
730 962
731 767
731 895
732 853
733 949
734 865
734 867
735 768
735 910
736 878
736 944
737 740
737 975
738 824
738 883
739 758
739 833
739 906
739 988
740 774
740 816
740 913
740 941
740 944
741 754
741 884
742 802
742 995
743 806
743 931
743 940
744 754
744 838
744 844
745 752
745 762
745 808
745 809
745 842
745 851
745 915
746 869
746 870
747 904
748 920
748 932
748 999
749 809
749 895
749 978
750 771
750 978
751 928
754 765
754 864
754 909
755 767
755 777
756 829
756 900
756 970
757 968
759 992
760 854
761 881
762 888
763 841
763 960
763 963
764 775
765 816
765 840
765 873
766 895
766 943
767 829
768 805
769 874
769 943
769 969
769 985
771 828
771 918
771 922
772 862
772 970
773 951
775 814
775 820
776 979
778 920
779 889
779 893
779 916
779 968
781 830
782 838
782 920
783 944
784 852
784 857
784 977
785 789
785 918
785 951
787 883
790 851
790 908
790 947
793 917
794 801
794 809
794 935
794 985
795 900
795 944
796 998
796 999
797 970
798 816
798 886
799 884
799 940
799 985
800 967
800 993
801 893
802 857
803 825
803 990
804 817
804 894
804 896
805 833
805 835
805 956
806 891
806 919
807 814
807 924
808 816
808 979
809 893
809 931
811 875
811 953
812 964
813 837
813 840
813 869
814 920
814 982
817 921
817 977
817 992
818 881
819 941
819 970
820 838
820 1000
821 950
822 861
822 945
823 862
823 896
823 984
824 888
824 918
827 929
828 843
829 839
829 847
829 908
831 963
832 945
833 895
833 927
833 935
837 965
838 981
839 996
840 910
840 928
846 854
847 919
848 859
848 949
848 968
848 989
848 1000
851 955
852 999
853 886
853 903
854 905
855 905
857 971
859 876
859 978
861 868
861 934
863 878
863 980
867 877
867 955
869 950
870 903
870 955
870 957
872 887
872 910
872 964
872 995
875 888
878 943
879 898
879 969
879 984
881 903
881 988
882 940
882 977
885 902
885 910
887 976
888 893
890 928
890 985
892 913
893 949
895 907
895 950
899 985
903 968
906 936
906 980
907 952
913 934
916 930
917 928
917 994
918 930
918 953
918 958
919 931
919 994
920 974
926 974
926 1000
927 953
928 978
931 960
931 994
932 989
933 983
936 956
936 964
937 954
940 969
942 946
943 963
947 979
963 993
964 985
967 975
969 980
970 988
974 990
977 983
981 989
981 991
