1000 1037
1 168
2 494
2 655
2 98
3 590
3 622
4 966
5 667
5 669
5 444
5 506
6 323
7 26
7 513
7 603
8 875
9 260
9 513
9 448
10 838
11 480
12 910
12 844
13 228
13 905
14 67
15 849
16 402
18 83
19 791
19 959
19 281
20 49
20 944
21 976
23 859
23 233
23 897
25 800
26 667
26 943
26 867
26 176
26 127
26 785
26 941
26 938
26 788
26 866
26 661
26 359
26 184
28 581
29 773
30 248
30 102
31 846
32 935
32 213
33 912
34 955
36 794
36 81
36 200
36 523
36 275
38 273
39 210
39 65
39 639
39 487
39 979
39 632
39 492
40 244
40 634
40 134
40 271
41 366
41 434
42 624
43 295
43 372
44 366
44 315
45 752
45 621
45 579
47 891
48 120
49 494
49 604
49 661
49 850
52 598
52 329
52 792
53 857
53 115
54 787
54 661
55 225
58 999
58 727
59 182
59 372
59 273
59 431
59 239
59 574
59 83
59 599
59 885
59 870
60 253
61 650
61 903
62 150
63 741
63 99
63 770
64 494
64 321
64 452
65 295
65 943
65 937
65 874
66 260
66 933
68 685
68 384
68 700
69 537
70 186
70 578
70 178
71 513
71 750
72 149
72 545
73 912
76 251
76 296
77 244
77 596
78 769
78 183
79 912
79 931
80 402
82 209
83 239
85 121
85 507
86 791
86 482
86 164
86 714
88 152
89 494
89 733
90 667
90 714
90 683
90 575
91 623
91 162
92 912
92 769
92 575
93 625
94 912
95 912
95 835
95 999
96 167
98 667
98 702
98 146
98 629
98 426
100 295
100 636
100 910
100 495
102 182
102 133
102 376
102 811
103 237
103 819
104 334
105 427
106 491
107 197
107 603
108 209
110 404
110 475
110 144
111 622
111 884
111 141
113 182
113 643
113 520
113 559
113 756
114 231
116 615
116 364
116 318
116 595
117 372
117 849
118 484
119 158
119 926
120 515
121 525
121 744
121 568
121 601
122 690
125 675
126 596
126 666
127 677
128 698
129 775
129 686
129 941
129 437
130 909
130 886
131 394
131 955
131 746
132 256
132 702
133 525
133 476
133 651
133 796
135 979
135 283
136 622
141 813
142 295
143 842
143 828
144 879
144 392
144 804
145 927
145 370
145 963
146 362
148 295
150 475
151 955
152 530
152 631
153 295
153 238
156 943
156 293
157 553
158 716
158 420
159 327
159 404
161 870
162 616
162 332
163 964
164 859
164 197
164 764
166 634
166 215
167 295
167 626
168 276
168 820
168 920
168 705
168 801
169 276
169 234
170 760
170 568
171 244
175 461
175 265
176 702
176 760
176 838
176 674
177 867
177 816
178 871
179 384
181 912
181 770
182 554
182 718
182 416
182 543
183 295
183 943
183 859
183 999
183 488
183 374
184 910
185 517
186 816
186 437
187 260
188 423
189 472
189 675
189 743
189 560
190 419
190 254
190 998
191 648
194 736
195 412
195 636
196 388
199 791
199 946
201 579
202 820
203 760
204 305
204 791
204 971
204 920
205 780
205 359
206 381
207 341
207 581
209 295
209 412
209 327
209 615
209 594
209 677
209 443
209 625
209 858
209 862
209 405
209 855
209 980
209 717
210 821
210 343
211 972
212 327
212 615
212 914
214 483
215 637
215 797
216 494
216 518
217 701
218 655
218 534
218 226
219 256
220 876
221 231
221 792
221 853
221 855
221 650
221 694
222 273
223 295
223 975
224 957
225 607
226 810
226 340
227 515
231 494
231 791
231 814
231 665
231 581
232 573
233 751
236 616
236 674
236 960
237 863
238 685
238 496
239 867
239 786
241 912
241 594
241 794
242 845
244 912
244 752
244 685
244 766
244 344
244 914
244 414
245 275
245 759
247 505
247 469
248 716
248 693
249 515
249 782
250 456
250 698
251 792
251 474
251 768
252 802
252 344
254 971
255 474
256 912
256 327
256 930
256 285
256 738
256 766
256 879
256 716
256 647
256 568
256 639
256 571
256 318
256 333
256 595
257 355
258 930
259 794
259 825
260 590
260 596
260 429
260 511
260 629
264 530
264 486
265 617
265 639
267 318
268 912
269 912
269 460
269 488
270 324
271 702
272 295
273 295
273 515
273 722
273 276
273 792
273 566
274 956
276 481
276 673
276 963
276 277
276 511
276 856
278 314
279 445
280 375
281 984
284 326
285 722
285 995
285 1000
285 801
286 480
286 915
287 671
287 551
287 531
288 657
289 586
289 923
290 494
292 961
293 474
295 912
295 667
295 943
295 327
295 677
295 598
295 329
295 838
295 714
295 783
295 809
295 678
295 512
295 755
295 923
295 998
295 565
295 936
295 873
296 811
298 455
300 702
300 711
301 837
305 636
307 402
307 652
308 625
308 542
309 730
310 879
310 418
311 662
311 725
311 537
311 368
311 843
313 430
313 673
314 622
315 984
317 752
317 508
317 741
318 815
318 440
318 633
319 930
319 991
319 929
319 450
319 727
320 377
320 616
321 682
321 499
322 816
322 779
323 752
323 355
324 622
326 750
327 404
327 420
327 610
327 913
327 552
327 978
329 515
329 750
329 747
329 454
330 684
331 379
332 461
333 402
333 675
334 842
335 690
335 901
336 615
336 884
336 960
338 402
339 838
340 853
340 874
341 667
341 670
342 348
344 430
344 514
344 479
346 959
347 484
347 662
348 940
348 879
348 571
348 786
348 457
348 797
349 421
350 431
351 439
351 621
353 586
355 799
356 838
357 738
357 954
357 541
358 669
360 738
361 434
361 741
361 588
362 565
364 943
364 665
365 380
366 427
366 658
366 753
367 868
367 454
368 984
370 930
371 702
372 912
372 884
372 605
372 793
372 761
372 672
373 665
373 627
374 781
375 590
376 943
376 499
377 655
377 916
379 912
379 979
380 772
380 565
381 690
383 946
385 590
385 604
385 901
385 765
385 492
386 404
386 778
387 494
387 998
388 740
388 588
389 598
389 520
392 703
392 593
394 930
394 728
394 823
394 988
395 775
397 676
397 616
397 650
398 636
398 971
398 762
399 784
402 879
402 758
402 706
402 414
404 701
404 855
404 596
404 653
407 605
407 681
408 501
409 880
412 690
412 615
412 930
412 677
412 738
412 584
412 987
412 941
412 793
412 680
412 761
412 645
413 872
416 580
418 494
418 584
418 741
418 641
419 706
420 981
421 814
421 612
422 444
426 769
427 676
427 808
430 460
430 749
431 769
431 530
431 970
431 599
431 787
439 731
441 661
442 443
443 851
444 690
444 825
445 617
445 789
445 611
445 595
449 837
449 609
450 494
451 530
455 955
456 982
456 853
458 731
460 494
460 657
462 893
463 636
463 973
464 859
470 768
471 501
472 724
472 551
472 732
474 814
475 494
475 481
475 707
476 594
478 814
478 786
481 685
481 703
482 823
483 584
483 523
484 702
485 690
487 495
488 690
490 609
491 567
491 948
492 535
492 758
494 752
494 534
494 610
494 535
494 950
494 652
494 824
494 712
494 661
494 682
494 653
496 912
496 773
498 797
499 678
500 520
501 855
501 913
501 664
503 728
506 908
508 652
513 716
515 814
515 598
515 628
515 689
517 558
518 735
519 702
519 587
522 775
522 909
525 584
525 704
526 635
526 711
526 952
530 893
531 838
532 858
533 589
534 618
535 882
535 965
536 718
537 891
540 763
543 628
543 765
544 912
545 884
546 606
548 956
550 921
551 995
554 933
556 682
557 565
558 647
558 741
562 912
562 829
563 982
564 769
566 888
568 794
568 664
571 615
571 769
571 830
574 838
575 705
578 764
579 625
580 805
582 971
583 798
583 846
584 748
584 680
590 667
590 677
590 781
591 722
592 742
594 677
594 880
594 816
594 639
594 889
595 859
597 961
598 912
598 841
599 878
600 838
604 943
604 906
605 815
607 643
608 649
608 951
611 625
615 690
615 617
615 842
615 920
615 803
615 684
615 666
615 868
616 722
617 867
617 655
617 874
617 629
620 803
622 666
623 748
624 989
625 912
625 977
625 956
625 809
625 962
626 976
628 676
630 699
632 992
633 758
634 690
634 639
636 886
642 948
642 934
644 691
645 964
648 803
649 939
650 654
653 752
654 945
655 686
655 866
656 862
658 983
659 800
662 956
663 797
665 875
665 888
667 930
667 991
667 893
667 816
667 928
667 915
668 690
668 689
669 918
670 867
671 694
672 927
674 988
675 903
676 870
677 859
677 951
677 903
680 698
682 894
685 772
686 787
686 761
689 778
690 940
690 991
690 825
692 766
697 713
698 760
700 919
701 893
702 769
702 948
711 722
716 806
716 975
722 940
722 820
722 897
724 869
724 931
729 927
731 999
731 817
733 740
735 912
736 741
737 801
740 899
745 983
752 849
753 865
757 999
757 792
760 908
765 819
766 912
766 938
766 883
769 847
769 888
775 912
775 785
778 984
782 816
785 804
787 875
790 912
791 892
794 975
798 969
800 849
802 971
804 838
807 821
809 823
814 845
818 912
828 885
831 844
838 967
839 886
843 963
849 984
849 934
851 867
851 991
853 943
853 968
853 1000
857 930
858 994
861 959
864 930
872 930
874 971
874 900
879 996
892 977
893 916
901 943
904 999
906 939
919 951
924 981
932 993
938 993
998 1000
