1000 700
2 269
3 906
4 11
5 194
6 818
9 348
10 69
11 588
11 912
12 448
12 933
13 852
14 832
15 626
15 114
16 19
17 534
19 855
19 372
20 979
20 576
23 175
23 998
23 254
23 35
25 699
26 196
27 923
29 786
29 95
32 366
32 788
32 435
32 118
33 649
33 997
33 102
33 414
34 259
34 318
34 243
35 448
36 884
36 996
37 205
37 995
38 350
39 365
40 548
40 973
40 442
40 377
40 56
40 695
40 813
41 937
42 357
42 558
43 505
44 100
45 179
46 730
47 872
49 316
49 317
50 412
51 141
51 489
52 513
52 421
53 937
55 176
56 586
57 160
57 688
58 444
58 752
58 308
59 389
60 573
61 563
61 539
61 128
61 622
62 783
62 393
63 385
64 199
65 703
67 352
67 770
68 157
68 213
69 683
72 494
73 78
74 786
74 862
77 199
77 92
78 935
78 198
78 667
79 286
80 87
80 427
81 515
82 234
83 734
84 212
84 504
85 440
87 585
87 635
87 584
87 260
87 951
89 937
91 368
92 269
93 320
94 937
99 441
99 772
100 908
100 872
100 524
102 420
102 763
102 395
104 835
104 867
104 729
106 249
106 197
107 136
107 383
108 654
108 917
108 626
108 961
110 874
111 591
111 337
111 347
113 827
113 632
113 651
117 256
117 629
119 478
119 514
122 919
124 440
124 251
125 811
125 852
125 870
128 860
129 327
129 975
129 438
129 813
129 418
130 534
130 424
132 356
132 992
132 742
133 882
134 286
135 376
135 293
135 753
135 874
136 649
136 727
141 307
141 642
143 682
143 389
144 794
144 232
147 212
148 548
149 788
156 676
157 236
158 489
159 730
160 253
162 531
163 600
164 755
164 458
164 974
164 693
166 276
169 712
169 799
170 487
171 812
172 356
172 513
173 997
173 951
175 859
177 984
178 917
178 551
178 701
179 578
179 229
180 712
180 477
181 726
181 992
181 379
183 903
184 259
188 485
188 286
189 421
190 519
193 834
194 534
194 248
194 516
196 639
197 957
197 444
198 283
198 967
199 822
200 780
201 441
202 535
202 571
204 534
205 828
205 795
207 427
207 802
208 577
209 232
210 534
210 976
211 337
212 696
212 947
212 351
212 968
212 673
213 456
214 281
216 827
218 843
219 678
219 253
219 605
220 480
221 588
221 339
222 788
223 820
224 475
224 576
225 863
225 979
225 419
228 259
228 231
230 992
230 369
230 590
232 378
233 726
233 946
233 586
236 596
238 704
238 477
238 685
241 526
242 786
242 455
243 421
245 904
245 620
245 509
245 670
246 832
246 590
250 727
250 273
251 299
252 583
252 841
253 648
253 825
253 309
256 442
259 547
260 990
263 750
265 482
266 710
266 288
267 975
267 833
268 726
269 903
269 462
269 774
270 921
270 749
272 623
274 487
274 884
275 501
275 453
275 744
276 846
278 745
278 723
278 966
279 667
281 496
282 935
283 633
283 949
283 751
284 789
285 676
287 585
288 446
290 735
291 700
291 803
293 745
293 588
293 547
293 324
293 575
295 847
298 778
299 938
299 663
303 684
304 827
306 982
307 793
307 404
307 429
308 440
308 443
309 442
310 617
311 973
311 553
311 467
312 812
315 876
316 912
319 988
319 950
319 874
321 824
321 436
322 420
324 413
325 850
326 359
328 816
330 959
332 921
333 807
333 577
333 830
334 852
335 471
336 630
336 989
336 887
344 346
345 912
347 534
347 537
347 615
347 859
348 530
349 544
350 672
350 398
350 651
352 379
356 936
356 880
359 788
361 615
361 945
361 829
362 890
363 982
363 697
367 988
367 858
367 932
368 384
368 830
370 902
370 393
371 885
371 749
371 820
372 582
376 856
376 555
376 741
379 508
380 519
383 586
384 692
384 580
386 876
387 727
388 875
389 508
389 477
389 675
389 845
390 457
391 845
392 643
395 864
396 849
396 418
398 939
398 527
400 880
403 956
405 939
408 709
409 755
409 995
410 956
416 801
416 450
418 879
420 727
420 705
420 871
420 931
421 669
423 625
424 950
425 958
425 442
427 505
429 947
430 879
430 838
431 928
431 535
431 932
432 803
433 578
434 713
438 855
439 839
443 529
446 835
449 887
453 560
455 940
455 632
456 930
457 821
457 579
458 660
461 862
463 788
463 714
466 985
470 717
473 577
473 684
475 563
475 691
477 887
480 726
480 533
481 828
483 534
483 678
483 840
483 514
483 741
484 860
485 702
491 539
491 868
495 925
498 948
498 865
499 895
501 827
502 736
506 561
508 876
510 851
511 915
514 937
514 940
519 995
520 577
521 545
522 755
524 693
528 920
532 534
534 705
534 747
534 539
535 807
537 943
538 580
540 776
545 635
545 947
545 982
545 738
546 649
546 998
546 857
547 755
547 921
547 661
548 903
550 732
550 775
552 653
553 862
553 633
554 853
555 562
556 786
558 676
559 997
559 765
559 836
559 670
563 776
563 740
564 601
565 947
567 846
568 948
569 924
576 616
578 937
580 726
581 865
582 815
585 704
585 590
591 654
591 741
596 802
599 888
600 823
601 950
604 973
605 713
607 971
609 808
616 851
616 753
619 997
620 978
621 654
622 765
623 808
623 684
625 780
629 670
630 717
631 899
631 721
632 650
634 862
635 730
635 959
635 731
635 830
636 735
637 668
642 765
642 760
643 985
644 729
647 716
647 882
649 707
649 949
650 688
650 715
653 755
654 937
655 727
658 876
658 742
658 750
659 876
659 673
660 899
664 815
669 847
672 935
672 899
673 837
677 696
682 705
683 823
687 748
691 772
691 877
695 767
700 865
702 824
703 814
705 755
708 859
712 880
714 755
717 808
721 772
721 977
721 753
727 810
728 889
728 738
730 988
731 984
737 995
738 750
742 900
744 999
745 958
745 949
745 809
747 949
755 803
758 975
759 907
759 766
760 802
762 796
767 935
773 985
780 973
780 856
784 823
787 801
795 805
795 835
796 860
796 906
798 999
800 831
811 924
815 836
826 997
827 988
833 845
834 990
838 879
838 841
840 855
852 972
861 973
862 946
863 921
871 976
882 893
885 962
894 907
896 938
903 957
904 914
914 935
920 953
930 994
935 937
936 993
936 977
937 988
937 985
949 960
960 961
