1000 636
2 201
3 250
4 758
6 600
6 961
6 49
7 609
8 202
10 65
11 390
12 461
12 860
13 741
14 331
15 24
16 115
18 533
18 802
20 419
20 568
22 180
23 689
24 183
26 223
27 535
29 513
29 36
29 924
30 558
31 64
31 510
31 842
32 845
32 59
34 589
35 207
37 866
37 315
37 940
38 222
39 463
40 91
43 96
44 388
44 782
45 180
45 806
45 297
47 579
48 638
49 965
50 929
50 484
50 805
51 119
52 607
54 283
55 109
55 226
56 234
57 385
58 432
58 351
58 679
59 971
61 665
63 647
63 466
63 256
68 368
69 100
71 357
72 829
72 891
73 128
73 817
74 841
77 324
77 424
77 143
77 519
78 769
78 260
79 882
79 906
80 545
83 542
83 456
84 635
84 631
87 207
89 206
89 748
89 114
89 299
90 647
91 653
91 465
94 433
94 295
96 682
98 153
98 666
98 331
99 665
99 683
100 417
101 142
104 880
105 424
105 742
105 951
107 149
107 770
107 838
108 625
108 682
109 313
109 484
110 629
111 591
111 236
111 311
112 866
114 231
114 832
115 801
115 240
116 231
117 943
117 590
120 746
120 216
120 355
121 378
121 848
122 355
123 128
123 284
124 231
124 369
126 930
127 574
127 675
128 386
131 580
133 578
135 437
135 865
136 610
138 550
138 145
139 808
139 756
141 653
141 301
142 667
142 691
144 542
144 688
145 827
146 779
147 577
148 803
148 190
148 514
149 618
149 366
149 417
150 297
150 809
150 763
151 460
151 560
152 547
152 210
153 261
153 505
154 719
155 842
155 441
156 188
157 866
157 441
161 299
165 712
166 896
166 584
167 616
168 697
168 200
169 480
169 919
169 757
171 968
173 928
174 518
174 310
174 356
176 694
177 898
178 206
180 707
180 653
180 874
180 875
180 218
180 904
180 401
180 555
180 742
180 470
182 938
182 390
183 550
185 501
185 451
187 670
188 312
188 253
189 417
190 553
191 518
193 363
194 677
194 649
195 821
198 320
199 481
202 371
203 711
203 897
206 398
207 721
208 728
209 745
211 529
214 733
215 331
215 320
215 239
216 613
218 810
218 675
218 981
219 240
220 871
220 506
221 620
222 871
223 275
224 814
225 461
225 838
227 874
231 563
233 530
236 558
239 814
240 964
240 443
241 474
242 627
243 690
244 721
246 623
246 534
247 259
247 433
248 461
248 479
248 742
249 972
250 869
251 532
252 493
252 379
253 336
254 923
255 437
256 680
256 314
258 741
258 419
258 314
259 570
261 686
262 823
263 594
264 516
264 365
265 704
265 586
267 911
270 869
271 835
272 875
272 421
274 608
275 443
276 496
277 600
277 965
278 634
279 700
282 550
282 411
282 817
283 299
285 865
285 292
286 311
286 790
286 514
287 495
287 998
287 452
288 698
289 968
289 991
290 741
290 934
291 655
291 817
292 648
293 634
294 913
294 481
297 417
298 896
298 963
298 904
298 853
301 879
301 418
302 544
303 947
304 669
306 829
308 917
309 770
310 644
310 391
311 646
312 600
312 808
314 674
314 596
314 352
316 326
317 562
317 706
319 923
321 829
323 720
327 413
330 715
331 803
334 885
335 827
335 396
338 426
338 402
339 486
340 548
341 450
341 482
343 388
343 530
344 808
347 995
349 520
349 537
350 808
351 788
353 782
354 684
355 860
355 632
357 983
358 766
358 729
358 425
361 794
362 753
362 737
363 520
369 804
371 689
374 488
376 507
378 624
378 499
380 449
381 976
384 548
387 436
388 561
392 588
393 827
395 668
398 543
398 453
398 416
403 472
406 662
407 800
407 919
408 650
410 428
412 501
412 704
412 840
413 789
413 836
416 666
417 548
417 928
419 627
425 791
426 600
426 788
427 840
429 501
433 564
435 859
435 900
436 898
439 921
443 616
446 806
447 579
449 573
449 731
455 960
456 834
456 513
456 654
458 662
458 795
458 913
459 712
459 494
461 591
464 489
475 627
476 498
476 694
477 860
479 850
479 676
480 894
481 554
481 531
481 915
481 945
482 551
483 633
485 760
488 712
492 791
495 561
496 843
496 974
499 668
500 567
502 613
505 694
507 744
510 986
513 531
513 678
517 708
519 919
519 985
520 738
521 644
522 899
523 890
524 568
526 762
528 872
529 708
532 784
535 816
538 619
539 936
540 985
543 727
546 984
547 561
552 756
554 743
556 612
558 720
559 877
560 822
561 812
563 828
564 684
564 729
565 567
565 854
566 729
566 833
567 772
569 908
572 896
573 893
575 880
575 736
576 662
576 929
576 763
577 746
578 873
578 991
580 884
581 797
581 743
581 612
581 835
583 716
585 836
587 827
591 745
594 769
596 976
599 803
601 684
602 891
603 904
609 647
609 687
612 619
613 669
613 816
613 692
617 972
617 721
618 918
618 668
618 818
619 966
620 865
621 780
623 772
624 693
628 870
632 869
639 728
641 827
642 880
646 659
647 866
649 977
652 990
654 796
658 814
661 893
666 683
667 753
669 905
671 897
676 774
680 933
688 791
689 735
692 992
692 914
693 776
694 717
696 898
704 755
705 726
707 986
707 909
707 831
708 801
708 830
709 866
709 805
712 749
715 800
716 944
717 970
722 895
722 815
723 827
724 762
730 939
732 758
734 800
738 901
743 836
745 811
746 749
750 828
753 774
753 891
754 868
754 951
756 798
757 872
757 966
762 768
762 926
763 871
767 954
770 892
771 819
776 963
779 902
780 834
782 872
786 834
795 943
797 864
802 951
803 866
806 904
814 897
826 834
845 968
872 965
879 977
890 893
901 928
908 916
909 955
913 966
926 984
935 973
948 967
953 999
959 964
