1000 2906
1 189
1 331
1 891
2 182
2 338
2 454
2 468
2 470
2 531
2 835
3 167
3 314
3 552
3 575
3 721
4 340
4 436
4 592
4 726
4 771
5 16
5 30
5 52
5 351
5 395
5 681
5 740
5 885
6 124
6 512
6 662
7 201
7 239
7 347
7 507
7 544
8 138
8 229
8 402
8 680
9 326
9 437
9 479
9 530
9 565
9 855
10 138
10 429
10 486
10 626
10 973
11 232
11 244
11 380
11 574
11 740
11 921
11 987
12 107
12 450
12 578
12 580
12 942
12 992
13 118
13 379
13 757
13 799
13 840
14 26
14 195
14 319
14 623
14 845
14 891
14 963
15 29
15 77
16 194
16 322
16 511
16 921
16 935
17 256
17 335
17 584
17 595
17 767
17 828
18 44
18 240
18 492
18 526
18 943
19 49
19 231
19 728
20 45
21 316
21 389
21 429
21 618
22 205
22 211
22 583
22 639
22 698
22 862
23 851
24 260
24 317
24 592
24 622
25 245
25 322
25 617
25 630
25 656
25 733
26 244
26 357
26 446
26 640
26 684
27 83
27 257
27 268
27 330
27 414
27 587
27 936
28 110
28 141
28 628
28 834
29 61
29 104
29 376
29 417
29 520
29 578
29 770
29 932
30 51
30 55
30 288
30 345
30 645
30 728
30 966
31 79
31 194
31 320
31 588
31 762
31 783
31 883
32 166
32 306
32 350
32 361
32 607
32 717
32 798
32 833
33 295
33 344
33 512
33 622
33 664
33 778
33 804
33 916
34 116
34 144
34 299
34 326
34 502
34 551
34 857
35 136
35 231
35 237
35 452
35 608
35 820
35 920
36 318
36 378
36 409
36 503
36 532
36 542
36 586
36 589
36 645
36 652
36 681
36 732
36 865
36 969
36 999
37 255
37 278
37 592
37 719
37 752
37 888
38 46
38 283
38 492
38 728
39 199
39 239
39 429
39 993
40 78
40 316
40 376
40 450
40 476
40 497
40 580
40 818
40 959
41 324
41 433
41 674
41 691
41 775
41 905
42 200
42 300
42 450
42 655
42 950
42 965
43 307
43 410
43 603
43 634
44 239
44 310
44 338
44 357
44 389
44 395
44 419
44 605
44 830
44 996
45 464
45 935
45 968
46 141
46 291
46 476
46 542
46 604
46 830
46 894
47 71
47 220
47 256
47 394
47 865
47 936
48 401
48 433
48 762
48 942
48 979
49 72
49 114
49 268
49 501
49 730
49 772
49 887
49 890
49 892
50 117
50 183
50 436
50 517
50 657
50 838
50 910
50 984
51 61
51 137
51 180
51 460
51 631
51 730
51 856
52 267
52 498
52 616
52 865
52 925
52 948
52 963
53 151
53 237
53 249
53 753
53 878
53 991
54 413
54 472
54 634
55 454
55 477
56 62
56 73
56 79
56 107
56 429
56 449
56 477
56 559
56 602
56 625
57 58
57 70
57 322
57 372
57 373
57 440
57 600
57 765
57 772
58 190
59 172
59 189
59 219
59 250
59 921
59 937
59 956
60 209
60 241
60 437
60 514
60 644
60 646
60 662
60 737
61 248
61 926
62 154
62 271
62 361
62 482
62 628
62 806
62 863
62 883
62 927
63 164
63 216
63 376
63 589
63 703
64 71
64 542
64 806
64 828
65 124
65 430
65 689
65 724
65 970
66 107
66 160
66 223
66 245
66 593
66 714
66 922
67 221
67 392
67 403
67 536
67 727
68 75
68 388
68 664
68 719
68 729
68 977
69 88
69 162
69 292
69 575
69 660
69 827
69 829
69 902
70 83
70 152
70 456
70 464
70 472
70 544
70 554
70 733
71 763
71 841
71 883
71 968
72 97
72 114
72 133
72 158
72 224
72 410
72 819
73 225
73 226
73 321
73 475
73 500
73 840
73 853
73 954
74 103
74 242
74 390
74 612
74 622
74 990
75 306
75 480
75 931
76 250
76 277
76 384
76 493
76 530
76 629
76 804
77 84
77 205
77 418
77 422
77 519
77 601
77 627
77 921
78 98
78 341
78 558
78 626
78 829
78 928
79 278
79 647
80 166
80 228
80 402
80 414
80 587
80 602
81 100
81 311
81 767
82 122
82 256
82 765
82 909
82 942
83 233
83 463
83 720
83 816
83 858
83 954
84 130
84 464
84 529
84 726
84 812
84 861
84 955
85 266
85 302
85 491
85 492
85 816
85 846
85 958
86 347
86 563
86 583
86 714
86 920
87 92
87 244
87 271
87 382
87 432
87 551
87 589
87 708
87 720
87 972
88 120
88 223
88 313
88 322
88 373
88 429
88 682
88 909
88 924
89 169
90 102
90 150
90 295
90 588
90 725
90 786
91 216
91 230
91 296
91 521
91 538
91 817
91 954
92 390
92 509
92 636
92 792
92 855
92 953
93 408
93 445
93 531
93 648
93 765
94 202
94 278
94 355
94 619
94 816
94 946
94 971
95 493
95 592
95 657
95 991
96 169
96 475
96 516
96 881
97 148
97 588
97 675
97 677
97 802
98 128
98 535
98 540
98 582
98 643
98 660
98 722
99 253
99 473
99 753
99 771
100 320
100 518
100 601
100 846
100 924
100 975
101 140
101 376
101 542
101 554
102 124
102 202
102 245
102 429
102 521
102 711
102 780
102 891
103 236
103 488
103 493
103 555
103 832
103 844
104 144
104 306
104 309
104 480
105 157
105 176
105 869
106 535
106 640
106 703
106 781
106 928
106 989
107 538
107 612
107 717
108 116
108 197
108 254
108 276
108 574
108 663
109 680
109 808
109 868
110 312
110 372
110 656
110 773
111 137
111 179
111 267
111 462
111 623
111 847
112 304
112 357
112 405
112 726
113 222
113 292
113 324
113 588
113 842
114 184
114 409
114 800
114 896
115 355
115 412
115 442
115 466
115 694
115 727
116 221
116 271
116 702
116 756
116 973
117 233
117 466
117 695
117 952
118 237
118 266
118 396
118 408
118 488
118 637
118 763
118 817
118 836
118 847
118 920
118 943
118 979
119 158
119 286
119 352
119 429
119 492
119 655
119 657
120 407
120 411
120 457
120 703
120 770
120 845
120 898
120 933
120 957
121 389
121 431
121 450
121 469
121 482
121 786
121 997
122 204
122 277
122 342
122 639
123 197
123 243
123 686
123 689
123 788
123 915
124 318
124 424
124 466
125 205
125 324
125 636
125 640
125 863
125 888
126 176
126 187
126 266
126 834
127 826
128 463
128 576
128 784
129 457
129 640
129 680
130 173
130 385
130 403
130 596
130 649
130 714
130 857
131 221
131 288
131 580
131 654
131 766
131 780
131 802
132 152
132 522
132 553
132 623
132 977
133 177
133 389
133 543
133 596
133 598
133 656
133 706
133 957
134 280
134 343
134 379
135 271
135 297
135 403
135 978
137 367
137 536
137 547
137 699
137 933
138 210
138 222
138 302
138 306
138 481
138 569
138 655
138 701
138 709
138 792
138 919
139 249
140 234
140 960
140 970
140 977
141 260
141 681
141 879
141 890
141 934
142 179
142 220
142 626
142 636
142 647
142 698
142 774
142 791
142 883
142 909
143 473
144 197
144 565
144 632
144 732
145 185
145 198
145 286
145 305
145 350
145 570
145 989
146 179
146 304
146 473
146 564
146 868
147 163
147 260
147 821
147 987
148 507
148 589
148 779
148 842
149 199
149 295
149 319
149 456
149 476
149 609
149 622
149 732
149 798
149 949
149 972
149 989
150 176
150 219
150 238
150 367
150 461
150 670
150 690
151 425
151 437
151 493
151 594
151 696
152 156
152 381
152 717
152 880
152 885
153 443
153 450
153 509
153 670
153 962
154 398
154 503
154 770
155 263
155 282
155 512
155 525
155 651
156 170
156 374
156 377
156 380
156 655
156 694
156 750
156 995
157 397
157 959
157 1000
158 159
158 385
158 404
158 409
158 599
158 831
159 192
159 215
159 433
159 479
159 673
160 222
160 266
160 354
160 647
160 758
160 997
161 182
161 355
161 750
161 765
161 828
162 191
162 339
162 457
162 667
162 690
162 983
163 911
164 965
164 973
164 975
165 229
165 425
165 446
165 502
165 515
165 587
165 588
165 882
165 897
166 173
166 266
166 644
166 749
166 885
167 315
167 322
167 472
167 531
167 592
167 695
167 885
167 965
168 283
168 498
168 524
168 774
168 905
169 559
169 574
169 652
169 956
170 431
170 555
170 588
170 733
170 887
171 184
171 277
171 857
171 887
171 966
172 269
172 290
172 772
173 492
173 549
173 847
174 176
174 268
174 345
174 425
174 452
174 631
174 767
174 784
174 939
174 997
175 564
175 715
176 263
176 458
176 574
176 597
176 762
177 205
177 281
177 296
177 419
177 789
177 892
177 970
178 265
178 342
178 750
178 826
178 912
179 325
179 355
179 458
179 886
179 923
180 255
180 280
180 302
180 656
180 743
180 828
180 913
180 988
181 205
181 442
181 548
181 569
181 947
181 951
182 934
183 321
183 706
183 798
184 248
184 351
184 386
184 463
184 656
184 738
184 803
185 639
185 751
185 934
185 998
186 215
186 314
186 389
186 846
186 858
186 950
187 295
187 353
187 680
187 977
187 998
188 222
188 236
188 282
188 703
188 843
189 290
189 538
189 625
189 705
189 791
189 966
189 982
189 990
190 382
190 740
190 789
190 920
190 961
191 245
191 398
191 441
191 481
191 615
191 711
192 206
192 315
192 462
192 507
192 800
193 334
193 617
193 895
193 945
194 348
194 891
195 365
195 404
195 577
195 636
195 752
195 848
196 300
196 302
196 349
196 587
196 801
196 857
196 869
196 884
196 928
196 979
197 479
197 721
197 793
197 806
198 304
198 380
198 600
199 343
199 500
199 716
199 758
199 765
199 950
199 990
200 322
200 407
200 520
200 619
200 840
201 539
201 628
201 971
201 987
202 243
202 463
202 540
202 784
202 943
203 232
203 236
203 259
203 498
203 538
203 768
203 840
203 988
204 484
204 647
205 620
205 786
206 332
206 391
206 412
206 442
206 465
206 781
206 850
206 875
206 953
207 383
207 545
208 273
208 369
208 370
208 474
209 707
209 807
209 965
210 348
210 354
210 536
210 964
211 305
211 475
211 520
211 531
211 735
211 946
211 969
212 433
212 894
213 347
213 414
213 570
214 633
214 820
214 946
215 311
215 638
216 217
216 439
216 617
216 756
216 793
216 820
216 894
217 389
217 684
217 714
218 446
218 562
218 979
219 306
219 566
219 861
220 335
220 665
220 829
220 989
221 551
221 923
222 319
222 377
222 530
223 358
223 405
223 422
223 478
223 518
223 548
223 640
224 280
224 498
224 500
224 560
224 578
224 729
224 739
224 902
225 330
225 387
225 507
225 839
225 844
226 430
226 508
226 621
226 645
226 688
227 620
227 667
227 862
227 925
228 380
228 424
228 458
228 825
228 858
229 457
229 579
229 732
230 451
230 463
230 528
230 735
230 755
230 968
231 279
231 628
231 780
231 828
231 864
232 480
232 515
232 761
232 820
233 277
233 438
233 506
233 584
234 242
234 327
235 371
235 696
235 714
235 800
236 248
236 456
236 707
236 907
237 829
237 893
237 967
238 459
238 656
238 746
238 752
238 996
239 306
239 471
239 560
239 612
239 664
239 806
240 448
241 616
241 651
241 676
242 589
243 692
243 890
244 249
244 319
244 431
244 442
244 791
244 955
245 342
245 383
245 570
245 671
245 766
245 824
246 373
246 827
246 835
246 928
246 958
246 960
247 251
247 603
247 612
247 900
247 968
248 293
248 842
248 925
248 991
249 558
249 658
249 744
249 830
249 893
250 270
250 325
250 572
251 283
251 472
251 646
251 909
251 921
251 973
252 726
252 742
252 827
252 887
252 998
253 462
254 380
254 424
254 474
254 509
254 580
254 675
254 681
254 929
255 444
255 696
255 899
256 547
256 559
256 793
256 811
256 880
256 954
257 340
257 436
258 315
258 470
258 643
258 788
258 792
258 801
258 864
259 323
259 336
259 575
259 662
259 855
259 923
261 743
261 824
261 839
262 465
262 924
263 292
263 964
264 512
264 519
265 375
265 379
265 699
266 418
266 812
266 986
267 393
268 420
268 535
268 638
268 774
269 843
269 937
270 616
270 731
270 778
270 975
271 355
271 658
271 688
272 331
272 344
272 548
272 849
272 925
272 968
273 358
273 587
273 600
273 692
274 514
274 657
274 658
274 663
274 724
274 926
275 365
275 483
276 501
276 656
276 675
276 828
276 995
277 565
277 653
277 756
277 875
277 983
278 312
278 449
278 591
278 913
278 917
278 937
279 291
279 557
279 567
279 660
279 857
279 866
279 886
280 475
280 757
280 834
281 460
281 691
281 843
281 982
282 355
282 489
282 603
282 973
283 676
283 810
283 858
283 880
283 959
284 301
284 391
284 437
284 543
284 755
284 848
284 885
284 900
285 374
285 535
285 582
286 316
286 390
286 483
286 558
286 659
286 728
286 973
287 336
287 341
287 472
287 581
287 775
287 802
288 743
288 745
288 859
288 868
289 392
289 737
289 782
289 797
289 896
290 326
290 813
290 924
291 376
291 409
291 607
291 843
291 890
292 526
292 606
292 624
292 808
293 392
293 726
293 931
294 372
294 511
294 576
294 609
294 910
294 976
295 298
295 393
295 414
295 592
295 686
295 934
296 620
297 679
297 971
298 342
298 394
298 753
298 861
299 440
299 442
299 552
299 568
299 702
299 998
300 319
300 717
300 879
300 886
300 904
301 308
301 365
301 738
301 870
301 882
302 415
302 445
302 546
304 417
304 480
304 526
304 779
305 362
305 458
305 916
305 920
305 981
305 984
306 342
306 619
306 842
307 350
307 554
307 606
307 927
307 941
308 400
308 623
308 790
308 916
308 938
309 520
309 679
310 361
310 595
310 625
311 322
311 329
311 465
311 530
311 657
311 836
312 372
312 433
312 796
312 836
313 330
313 406
313 435
313 727
313 926
314 689
314 876
315 350
315 770
315 876
315 901
316 439
316 493
316 534
316 884
317 347
317 471
317 572
318 623
318 788
318 898
319 673
319 716
319 996
320 374
320 381
320 472
320 498
320 640
320 660
320 873
320 898
320 980
321 558
321 669
321 815
322 642
322 844
323 344
323 546
323 742
323 975
324 682
324 726
324 764
324 982
325 360
325 903
326 411
326 453
326 669
326 762
326 808
327 528
327 691
327 726
328 370
328 497
328 587
328 669
329 740
329 941
330 378
330 501
330 508
330 831
331 644
331 718
332 337
332 388
332 938
333 354
333 373
333 406
333 642
333 956
334 389
334 609
334 709
334 825
334 977
335 448
335 957
335 999
336 496
336 506
336 627
336 981
337 515
337 821
337 852
338 405
338 506
338 850
338 949
339 457
339 501
339 571
339 677
339 741
339 839
339 936
340 545
340 901
340 922
340 955
341 569
341 573
341 637
341 752
341 763
341 834
341 859
341 889
341 901
341 981
342 408
342 651
343 713
343 979
343 989
344 556
345 481
345 488
345 527
345 600
345 982
346 665
346 672
346 935
346 985
347 352
347 598
347 637
347 721
347 986
348 467
348 979
349 504
349 961
350 355
350 609
350 701
350 781
351 576
351 658
351 833
351 920
352 575
352 638
353 576
353 592
353 826
354 373
354 418
354 583
354 586
354 701
354 839
354 922
355 401
355 413
355 440
355 484
356 401
356 453
356 506
356 587
356 670
356 965
356 979
357 557
358 426
358 551
358 649
358 971
359 506
359 749
359 921
360 442
360 700
361 672
361 723
361 805
361 929
362 399
362 623
363 473
363 486
363 534
363 885
364 733
364 930
365 441
365 668
365 692
365 735
365 797
366 416
366 705
366 706
367 603
367 635
367 689
367 765
368 480
368 498
368 564
368 735
368 746
368 847
368 874
368 911
368 974
369 569
369 609
369 786
370 490
370 761
371 800
372 584
372 682
372 959
373 444
373 453
373 503
373 553
373 862
373 891
374 443
374 507
374 648
374 802
374 933
375 677
375 714
375 954
376 577
376 760
376 812
376 930
377 405
377 571
377 591
377 832
378 583
378 639
378 811
378 896
378 920
378 926
379 413
379 495
380 580
380 630
380 648
380 851
380 937
381 628
381 755
381 952
382 495
382 745
383 572
383 649
384 576
384 612
385 411
385 658
385 672
386 428
386 555
386 704
386 834
386 885
386 908
386 909
386 915
387 495
387 708
387 810
388 689
388 882
388 893
389 745
390 450
390 596
390 601
390 729
391 638
391 756
391 805
391 831
391 947
392 429
392 448
392 545
392 564
392 927
393 406
393 777
393 958
394 776
394 988
395 548
395 642
395 870
395 946
396 418
396 584
396 811
396 921
397 703
397 865
397 967
397 990
398 428
398 794
399 701
399 756
399 782
399 785
400 663
400 769
400 909
401 474
401 543
401 570
401 665
402 479
402 498
402 638
402 880
403 447
403 453
403 459
403 649
403 754
403 781
404 594
404 752
404 920
405 644
405 731
405 981
406 485
406 563
406 607
406 616
406 651
406 871
406 924
406 983
407 579
407 783
408 508
408 582
408 809
408 822
408 929
408 979
409 752
409 753
409 936
410 446
410 512
410 551
410 744
410 794
410 870
410 889
411 420
411 444
411 717
411 765
411 793
411 872
411 893
413 457
413 471
413 722
413 862
414 687
414 694
414 819
415 823
415 948
415 994
416 551
416 586
416 715
416 918
417 437
417 576
417 884
417 994
418 434
418 641
418 712
418 865
419 427
419 479
419 562
419 653
419 664
419 772
419 999
420 489
420 493
420 842
420 895
420 936
421 530
421 720
421 895
422 711
422 842
422 923
423 564
424 440
424 610
424 854
424 975
425 431
425 491
425 678
425 902
425 903
425 925
426 528
426 572
427 639
427 647
427 706
427 979
428 473
428 519
428 726
428 906
428 997
429 537
429 626
429 750
429 883
430 629
430 671
431 526
431 744
431 809
432 524
432 593
432 863
433 488
433 503
433 969
434 528
434 727
434 844
434 942
434 950
436 446
436 998
437 438
437 529
437 894
438 609
438 814
438 978
439 470
439 562
439 782
439 921
440 637
441 714
442 473
442 486
442 502
442 729
442 931
443 463
443 608
443 611
444 481
444 611
445 838
445 864
446 453
446 792
447 616
447 908
447 987
448 462
448 465
448 602
448 846
449 712
450 670
450 716
451 542
451 570
452 779
452 994
454 539
455 652
455 873
456 515
456 546
456 618
456 767
457 530
457 596
457 602
457 819
457 915
458 486
458 703
458 731
458 849
459 597
459 813
460 504
460 533
460 669
460 834
460 857
461 663
461 851
462 530
462 626
462 826
463 634
464 595
464 617
464 669
464 711
464 929
465 679
465 729
465 797
466 583
466 614
466 697
466 707
466 738
466 821
467 514
467 756
467 852
467 900
468 538
468 568
468 600
468 652
468 716
468 771
469 907
469 978
470 691
470 973
471 601
471 764
471 864
472 854
473 842
473 895
474 508
474 772
474 997
475 593
475 686
476 580
476 811
476 967
476 968
477 944
478 552
478 703
478 969
479 656
479 703
479 765
479 940
480 563
480 819
480 917
481 611
483 716
483 919
484 513
484 555
484 821
484 993
485 699
485 993
486 530
486 793
487 798
487 969
488 520
488 632
488 862
488 947
489 500
489 551
490 721
490 906
491 764
491 946
492 620
492 726
492 874
492 932
493 763
494 530
494 668
494 742
494 778
494 850
495 666
495 820
495 858
496 636
496 817
496 911
496 976
497 624
497 639
497 672
498 555
498 802
498 922
499 949
499 980
500 589
500 839
500 929
500 964
501 597
501 645
502 770
503 515
503 782
504 533
504 561
504 957
505 506
505 876
506 678
506 741
506 790
507 541
507 597
507 605
507 701
507 841
508 841
508 863
509 712
509 835
509 975
510 687
510 703
510 711
511 580
511 641
511 724
511 743
511 877
513 607
513 754
513 781
513 946
514 567
514 641
514 840
515 652
515 848
516 830
517 524
517 626
517 687
517 878
517 1000
518 581
518 605
518 761
518 864
518 900
518 984
519 754
519 913
519 921
520 539
520 668
520 814
521 548
521 640
521 928
522 736
522 738
523 647
523 818
523 844
524 703
524 817
524 861
525 547
525 706
525 755
525 780
525 911
525 964
525 967
526 590
526 659
526 679
526 983
527 880
527 923
528 589
528 919
529 587
529 908
530 554
530 741
530 791
530 819
531 633
531 871
531 992
532 764
533 706
533 882
533 953
534 596
535 665
535 802
535 910
536 588
536 894
536 969
537 708
537 774
540 705
540 776
540 821
540 844
541 843
541 913
542 598
542 796
542 888
542 906
543 643
544 565
544 702
545 606
545 820
545 831
545 897
545 978
546 654
546 765
546 928
547 721
547 923
548 627
548 804
548 888
550 715
550 865
551 947
552 568
552 613
552 652
552 714
553 577
553 780
553 794
553 936
553 949
554 697
555 932
555 958
557 671
557 823
557 959
559 638
559 640
559 681
559 725
559 826
559 835
559 935
560 640
561 596
561 644
561 652
561 693
561 899
562 682
563 638
563 794
563 848
564 593
564 619
564 647
564 694
564 892
564 974
565 736
565 860
565 900
565 992
565 995
567 606
567 729
567 928
568 659
568 905
569 579
569 978
569 986
570 711
571 702
573 844
574 594
574 667
574 816
574 821
575 599
575 672
576 643
576 656
576 675
576 762
576 831
576 942
577 752
577 873
577 918
578 590
578 601
578 662
578 679
578 939
579 595
579 598
579 693
579 870
579 984
580 723
580 754
580 903
580 997
581 600
581 656
581 809
581 896
581 942
582 621
582 819
582 984
583 697
583 732
583 924
584 732
585 1000
586 783
586 836
586 940
587 865
588 818
588 864
589 612
589 627
589 774
590 660
590 953
591 708
591 717
591 742
591 934
592 665
592 732
592 834
593 775
593 776
593 923
594 685
594 695
594 697
594 755
594 917
595 772
595 776
595 884
595 889
595 900
595 995
596 729
596 876
597 844
597 931
598 706
598 801
598 882
599 613
599 793
600 791
600 939
601 933
602 700
602 852
602 881
603 938
603 984
604 620
604 824
605 803
606 715
607 755
607 840
607 852
607 929
607 975
608 873
609 755
609 756
609 930
610 970
612 780
612 822
614 712
614 799
614 835
614 915
616 617
616 873
616 918
617 926
618 778
619 673
619 699
619 709
619 784
619 854
619 949
619 983
619 986
620 871
620 963
621 732
622 643
623 651
623 701
625 763
625 885
627 742
627 829
628 641
628 665
628 736
629 816
630 672
630 867
630 963
631 673
632 707
632 864
632 894
633 762
633 886
633 950
633 999
637 840
637 882
638 659
638 798
639 777
639 894
639 953
640 731
640 876
641 845
641 908
642 795
642 857
643 716
643 977
645 670
645 705
646 927
647 973
648 649
648 711
648 725
649 677
649 976
650 899
650 917
650 946
652 803
653 955
656 968
658 960
659 712
659 803
660 791
660 834
661 803
661 984
663 960
664 667
664 779
664 787
664 832
664 875
664 995
665 815
665 881
665 999
666 819
667 796
667 973
668 675
668 848
669 704
669 822
669 858
669 959
670 804
670 883
670 893
670 905
670 929
671 733
671 799
671 856
673 711
673 836
674 678
674 696
674 917
675 887
676 764
676 894
677 698
677 933
677 983
678 742
679 848
679 920
679 990
680 899
681 800
681 802
682 769
682 912
682 939
683 691
683 926
684 748
684 758
684 793
684 916
686 928
687 991
688 727
688 833
689 710
690 871
691 805
691 814
691 855
691 942
691 992
693 861
694 776
694 937
694 954
695 809
695 866
696 699
696 751
697 755
699 942
700 765
700 815
700 865
700 947
701 782
701 970
703 912
704 973
705 826
705 900
706 820
707 729
707 765
708 936
710 749
710 888
710 991
710 996
711 827
711 862
712 819
712 856
712 907
713 760
713 812
713 847
715 768
715 871
715 992
716 775
716 787
716 888
717 756
717 790
717 795
717 889
719 922
720 804
721 724
721 864
721 952
722 854
724 800
725 927
725 995
726 970
726 995
727 889
728 798
728 961
729 918
729 955
730 875
730 950
731 762
731 791
731 822
732 910
734 768
734 867
735 900
737 899
738 993
739 815
739 832
739 835
740 807
740 878
741 922
743 892
743 952
744 884
745 752
745 958
746 943
747 883
747 919
748 981
750 786
750 912
751 806
751 819
752 916
752 979
753 967
755 807
756 987
757 800
758 759
758 766
758 857
758 929
759 823
759 852
759 908
760 849
760 875
761 836
762 927
763 840
764 881
766 779
769 856
770 930
770 973
771 807
771 811
771 865
771 984
773 934
773 982
773 986
774 855
774 995
775 916
776 882
780 863
782 833
782 943
783 868
783 878
783 965
784 808
784 923
785 901
786 882
787 995
788 849
788 880
789 808
791 944
791 960
792 921
793 862
793 937
794 876
795 842
797 799
799 956
802 876
802 877
803 818
803 826
804 920
805 921
805 947
809 825
810 840
810 901
810 933
810 999
811 812
811 885
811 929
813 934
813 965
813 975
814 910
815 828
817 824
817 871
817 888
818 998
819 847
820 837
823 962
824 838
825 871
825 885
826 834
827 837
827 985
828 847
828 914
831 962
832 855
832 914
838 919
840 865
840 875
840 947
841 990
841 996
842 980
843 848
843 888
843 987
845 907
847 877
848 928
852 874
852 880
852 907
853 854
853 924
858 928
860 904
860 910
861 865
862 878
865 901
866 958
866 963
867 898
868 882
869 931
869 1000
870 948
870 997
872 940
873 914
875 993
876 957
877 900
879 922
879 945
880 938
882 923
884 932
885 890
885 971
885 996
887 939
893 951
894 911
895 953
897 938
900 927
900 960
900 993
903 987
904 919
906 969
908 982
910 916
912 963
912 983
916 961
916 986
917 1000
921 948
922 954
926 986
932 983
934 945
935 982
936 981
938 984
939 965
947 983
948 982
953 984
954 975
965 985
968 976
968 995
968 1000
972 978
972 990
981 987
985 986
