1000 1286
1 842
2 374
2 731
3 944
3 815
4 570
4 699
4 907
4 985
4 531
5 944
5 742
8 972
8 431
9 842
9 592
10 385
11 842
11 947
13 492
14 708
15 991
15 986
16 775
17 826
18 152
18 699
18 710
18 764
18 892
18 528
19 972
19 125
19 402
19 961
19 132
19 878
19 332
20 556
20 538
22 944
22 847
22 667
22 371
22 664
23 269
23 214
23 930
23 648
23 451
25 506
25 915
25 809
26 663
27 75
27 856
28 570
28 541
29 472
32 953
33 860
33 982
33 536
34 683
34 360
35 895
37 944
37 218
38 530
39 944
39 223
39 257
39 767
39 403
39 681
39 671
39 593
40 602
40 736
40 485
40 733
41 877
42 655
44 250
44 795
45 929
46 153
47 392
47 594
48 163
49 323
49 556
49 720
49 513
51 742
51 492
51 942
52 196
52 776
53 825
54 944
54 842
54 972
54 78
54 868
54 872
55 944
55 260
56 323
56 492
56 506
56 984
57 742
57 472
58 459
58 280
59 135
59 883
60 919
61 231
61 503
62 742
62 931
62 492
62 598
62 441
63 417
63 240
63 658
64 806
66 278
66 605
68 295
69 984
72 397
74 110
75 110
75 653
75 305
75 926
75 339
75 773
76 715
76 599
76 926
77 842
77 460
78 177
78 434
78 165
79 506
79 87
80 398
80 389
80 222
81 842
82 826
82 214
82 947
82 581
82 943
83 250
84 610
85 775
85 808
86 789
86 238
87 986
88 510
89 488
91 556
91 586
92 818
93 792
96 183
96 343
96 188
97 842
97 171
97 381
98 715
98 636
99 880
99 803
102 302
102 502
103 242
105 374
105 746
105 510
105 882
106 931
106 289
106 976
106 971
107 733
109 324
109 492
109 363
109 664
110 842
110 414
110 341
110 493
111 307
111 427
112 174
113 323
113 458
113 570
113 283
113 481
114 459
114 715
114 458
116 947
116 383
117 583
117 984
117 302
118 213
118 755
120 972
120 476
120 138
120 637
121 421
121 334
121 864
122 340
123 972
124 909
125 944
125 842
125 746
125 183
125 223
128 318
129 417
129 174
129 255
131 398
131 979
132 546
132 369
133 931
134 389
134 269
134 919
134 744
134 553
135 893
135 980
135 948
136 931
137 893
137 292
137 280
138 805
138 630
139 658
139 299
141 476
141 857
142 902
143 323
143 163
144 165
145 374
147 742
147 810
148 324
148 657
149 523
150 625
150 619
152 944
152 324
152 421
152 780
152 446
153 324
153 564
153 207
153 825
154 842
154 655
154 775
154 713
155 340
156 492
156 556
156 375
156 977
157 177
157 426
157 611
157 665
157 765
158 730
159 867
159 325
160 742
160 647
160 353
161 926
162 775
162 731
162 631
162 569
163 223
163 433
164 775
164 826
164 283
164 257
164 975
164 236
164 962
165 699
166 239
168 222
169 842
169 250
169 844
169 344
169 697
169 412
169 555
169 633
169 853
169 357
171 983
171 395
171 706
171 992
172 781
172 198
173 312
173 907
173 776
174 933
175 570
175 475
175 924
176 340
177 655
177 893
177 340
177 583
177 240
177 986
177 904
177 293
177 451
178 972
178 646
178 695
178 243
178 669
178 960
180 340
180 918
180 678
180 288
181 508
181 427
183 506
183 810
183 726
183 636
183 365
183 641
183 676
183 614
183 419
186 699
187 655
187 498
187 732
188 374
188 935
189 915
189 856
191 324
191 472
192 550
192 909
193 486
194 742
194 879
196 746
197 439
199 719
200 742
201 874
202 369
202 592
202 788
203 844
203 632
203 898
204 944
205 744
206 944
207 374
208 417
210 932
211 373
212 739
213 324
213 573
214 474
214 747
214 880
215 340
217 504
217 875
218 944
219 834
219 533
222 746
222 484
222 758
223 833
223 519
223 359
224 996
224 875
224 718
226 228
226 515
226 561
226 951
227 231
227 836
228 842
228 598
228 578
229 742
229 655
229 368
229 775
229 510
229 822
229 744
229 747
229 880
229 522
230 904
231 944
231 842
231 504
231 458
231 779
231 876
231 918
233 930
233 632
233 384
233 329
233 818
233 787
235 578
235 783
235 347
236 913
236 838
237 944
237 398
237 996
237 639
240 944
240 510
240 476
240 315
242 953
242 961
243 510
243 953
244 424
245 284
247 805
250 944
250 368
250 506
250 598
250 421
250 516
250 519
250 875
250 774
250 641
250 590
250 704
250 859
250 308
251 944
251 698
252 931
252 789
253 842
253 682
254 266
254 837
256 728
257 521
257 433
258 324
258 726
259 972
259 368
259 780
260 931
260 319
261 775
262 812
263 885
263 773
264 800
265 742
265 340
265 539
266 972
267 374
267 295
267 319
267 574
269 944
269 906
269 895
269 339
269 597
269 907
269 865
269 845
269 558
269 279
271 603
271 961
272 519
272 358
273 944
273 736
273 349
273 330
273 435
277 779
278 944
278 617
279 806
279 514
279 309
281 944
281 708
281 872
281 378
282 412
282 831
282 626
283 972
283 719
284 972
284 295
284 397
284 855
284 793
284 840
284 308
285 628
286 342
287 944
287 826
287 866
287 599
287 705
288 673
288 597
289 459
289 291
289 839
291 745
291 768
291 327
295 893
295 508
295 920
295 620
295 401
297 746
297 383
298 842
298 744
298 468
298 383
298 990
299 602
299 980
300 836
300 449
301 818
302 452
302 945
302 386
304 492
304 503
305 931
305 434
305 617
305 378
306 374
306 946
307 459
307 458
307 598
307 966
310 931
310 478
310 844
310 855
310 850
311 918
312 363
312 636
312 613
312 877
312 850
312 554
313 869
316 558
319 492
319 427
319 322
319 841
320 893
320 763
321 944
323 742
323 374
323 632
323 896
323 916
323 430
323 450
324 944
324 742
324 374
324 893
324 915
324 504
324 474
324 632
324 892
324 805
324 610
324 898
324 577
324 346
327 842
327 742
327 597
327 565
327 497
328 603
329 342
329 714
329 721
330 414
332 511
333 965
334 944
336 775
336 991
337 742
337 583
337 425
338 548
339 806
339 607
340 944
340 842
340 556
340 581
340 719
340 827
340 345
340 477
340 542
340 569
340 778
340 941
340 998
343 556
343 645
344 944
347 677
348 875
349 663
349 801
350 492
350 432
350 357
351 809
351 440
355 527
355 378
356 718
359 944
360 655
360 892
361 944
361 402
362 742
362 655
362 510
362 576
363 673
363 695
363 624
363 817
365 556
365 870
366 805
367 368
368 944
368 742
368 398
368 972
368 931
368 810
368 466
368 532
368 429
368 444
368 759
370 655
370 506
372 876
374 944
374 842
374 472
374 492
374 826
374 930
374 966
374 961
374 482
374 591
374 867
374 410
374 622
374 881
374 739
375 893
375 506
376 944
377 727
378 655
378 438
381 659
382 944
383 398
384 931
385 826
389 822
389 520
389 785
389 807
389 939
390 427
390 391
391 472
391 746
391 856
392 775
394 556
395 944
396 576
397 972
397 479
397 619
397 429
397 662
398 944
398 842
398 746
398 906
398 653
398 836
398 603
398 925
398 680
398 802
398 463
399 710
400 523
400 727
402 492
402 866
402 504
402 733
404 661
405 882
405 663
405 889
406 742
406 657
406 693
408 673
410 417
412 541
412 494
413 763
414 776
414 804
415 731
415 447
416 475
416 783
416 988
416 865
416 589
416 507
416 962
417 508
417 844
417 916
417 942
417 968
417 656
420 710
421 934
421 557
423 726
423 482
423 541
425 866
426 842
426 832
427 944
427 746
427 826
427 479
427 562
427 825
429 629
431 944
431 508
434 503
436 775
437 847
438 770
439 479
440 810
440 879
440 888
441 742
442 655
445 826
446 726
447 710
448 604
449 944
451 906
452 879
452 880
454 473
455 931
458 746
458 570
458 708
458 474
458 616
459 972
459 907
459 610
459 533
460 655
460 789
465 892
466 510
466 695
466 576
468 695
472 893
472 598
472 722
472 626
472 872
473 855
474 574
474 552
474 830
474 960
475 893
475 810
475 806
476 599
476 733
476 553
476 524
477 842
478 944
478 947
478 821
480 829
481 485
482 944
482 998
484 539
485 564
486 648
487 540
488 708
489 934
489 523
489 816
492 972
492 931
492 844
492 657
492 970
493 544
494 920
499 727
500 803
500 935
500 554
503 805
504 510
504 996
504 581
504 836
504 731
504 524
506 893
506 843
506 767
506 627
507 727
508 944
508 931
508 915
508 599
508 683
508 636
508 596
508 713
508 971
509 885
510 944
510 570
512 975
512 967
515 944
516 891
516 825
516 538
517 944
517 895
518 581
519 826
519 915
519 675
520 742
521 806
521 982
521 640
524 821
524 798
525 944
525 720
528 650
530 821
531 832
534 640
535 602
535 855
536 654
539 944
540 638
541 653
542 992
543 632
544 814
545 650
546 996
547 677
548 810
548 561
548 601
551 895
554 606
556 746
556 986
556 590
556 688
556 593
556 750
557 925
559 833
560 944
564 644
564 987
566 742
566 922
567 727
567 938
568 746
568 851
568 569
570 944
570 972
570 948
571 996
575 876
576 965
576 987
577 931
577 588
578 931
578 775
578 906
578 997
579 658
580 944
580 969
580 732
581 944
581 972
581 915
581 856
583 775
583 895
583 588
584 711
591 682
592 893
594 739
595 866
596 655
596 915
599 842
599 972
599 931
599 752
601 674
602 800
602 840
602 828
603 944
604 950
607 931
607 746
607 754
608 910
609 842
614 833
614 904
615 686
617 746
617 915
617 659
619 826
623 922
624 902
625 779
627 742
628 832
629 895
631 972
631 710
631 778
632 742
632 770
632 639
635 768
635 813
637 842
637 698
638 885
638 752
639 657
644 924
646 931
646 715
646 895
646 882
647 752
648 806
649 809
649 967
649 763
653 944
653 931
653 806
653 983
653 938
654 746
655 944
655 906
655 695
655 692
658 918
661 759
662 691
663 807
666 972
668 726
668 867
669 693
671 932
672 873
672 869
674 721
677 854
678 742
680 736
680 836
683 944
683 842
683 694
683 856
683 962
684 947
686 775
686 719
687 712
689 739
692 947
695 882
695 922
696 944
696 893
696 775
696 918
697 944
699 984
700 738
701 944
701 976
701 777
705 795
708 842
708 742
710 944
715 944
715 984
715 966
715 841
715 728
715 838
717 745
717 776
719 925
720 924
721 966
722 972
722 775
722 978
726 742
727 754
729 944
731 855
731 825
733 944
733 915
735 856
736 833
736 955
736 987
739 914
742 944
742 842
742 972
742 931
742 746
742 996
742 906
742 925
742 809
742 933
742 827
744 931
744 832
746 944
746 931
746 924
746 776
746 977
746 798
747 818
750 984
754 782
754 905
763 826
763 818
764 873
764 765
767 917
768 998
773 875
774 879
778 893
782 948
783 866
785 821
787 953
789 842
789 931
794 842
797 944
799 963
803 994
806 944
806 826
806 822
806 981
807 860
807 885
808 944
809 944
810 944
810 953
810 834
810 993
820 944
820 910
823 876
826 890
826 951
830 931
832 907
834 981
842 944
842 972
842 860
842 875
842 943
842 901
843 898
846 860
847 996
848 965
849 864
852 944
866 925
866 994
871 980
873 915
881 944
882 972
885 935
889 938
892 893
893 944
893 989
893 999
893 959
895 906
895 910
901 944
903 982
904 931
906 915
914 972
915 963
916 931
918 932
924 971
926 986
926 954
929 972
930 944
930 972
930 931
931 944
932 947
942 944
944 972
944 964
945 972
954 980
961 972
986 1000
994 996
