1000 500
284 340
188 223
145 252
36 772
381 547
30 698
638 688
674 781
137 936
680 806
231 562
386 597
417 423
332 635
294 352
554 577
136 171
176 918
457 662
209 686
148 819
161 609
418 927
168 416
228 946
42 676
344 758
96 656
180 488
271 508
334 793
234 855
704 902
309 876
95 538
218 627
526 752
585 649
105 835
713 825
809 960
269 421
37 956
270 511
21 203
159 671
493 696
12 917
207 976
50 126
91 792
169 226
542 966
189 955
98 669
430 761
320 889
129 275
410 801
245 706
572 872
76 785
833 885
531 700
392 514
634 950
516 549
573 702
363 981
146 476
32 225
14 860
811 875
166 808
268 447
149 657
475 907
693 977
124 829
213 260
266 760
41 431
28 888
288 537
253 588
775 911
174 789
563 750
286 612
952 958
489 828
709 831
841 987
594 859
618 978
5 86
374 837
236 894
465 992
113 424
459 652
395 667
156 898
222 870
106 915
879 963
472 972
607 788
346 994
583 830
452 923
474 932
629 964
232 910
578 989
336 967
119 304
786 795
378 564
666 720
65 589
615 922
328 990
311 919
335 886
571 586
419 458
557 926
425 779
280 550
347 460
310 798
84 742
440 517
216 385
217 359
770 935
354 849
591 685
422 584
470 633
261 639
10 258
653 782
31 869
88 595
326 396
173 553
178 479
78 541
82 929
175 501
33 408
314 934
644 818
58 181
515 524
291 303
285 983
471 746
684 899
92 606
281 631
121 740
316 570
343 691
435 545
845 965
599 796
762 921
338 468
632 695
296 996
491 844
312 851
394 512
23 348
442 826
768 838
345 646
535 874
567 677
495 679
53 483
610 913
650 729
499 807
559 947
723 799
9 153
482 754
104 561
455 755
817 991
529 942
229 412
112 263
8 462
144 206
565 901
282 930
197 325
3 621
300 737
73 438
7 502
388 450
496 648
109 477
11 54
273 850
68 719
131 528
262 602
371 518
90 984
821 974
703 848
272 881
20 916
15 590
566 940
321 773
107 682
134 556
1 292
170 878
60 616
313 369
264 504
613 810
301 651
745 938
51 625
839 1000
503 776
46 52
675 968
375 865
728 769
360 611
415 794
123 905
413 842
160 433
150 221
507 867
199 751
141 172
13 490
71 193
427 642
47 659
536 805
67 973
162 716
305 774
125 596
877 945
85 151
94 190
165 906
350 552
59 89
249 747
543 812
135 847
724 735
97 237
79 201
405 451
377 380
69 892
279 622
506 939
592 862
725 797
318 330
219 836
132 212
256 355
238 715
364 711
640 893
510 527
445 519
393 765
182 581
220 446
75 464
353 390
575 741
406 820
582 637
481 823
276 454
863 897
327 783
331 655
55 998
35 513
525 767
530 882
62 210
376 397
66 509
63 184
44 988
283 614
142 248
164 523
64 683
214 362
658 887
297 387
186 937
133 791
443 944
154 185
205 645
163 401
241 500
319 914
287 705
158 969
522 846
177 183
120 466
2 730
211 822
382 722
437 896
198 623
298 756
208 426
790 800
167 681
368 909
306 467
179 920
39 379
497 668
267 880
45 803
240 871
139 816
81 478
895 979
322 690
230 714
152 349
38 373
251 337
16 116
57 233
778 933
598 975
18 400
449 757
890 985
367 953
580 670
191 718
246 663
127 971
244 324
469 708
80 487
215 931
744 912
308 619
56 147
19 763
323 604
701 717
692 986
278 861
239 372
118 738
257 429
540 736
315 608
428 814
601 733
204 777
534 661
784 961
6 959
329 804
157 948
265 383
235 904
202 727
100 441
404 843
370 710
432 505
453 726
463 520
341 494
111 617
227 420
389 665
407 624
299 533
289 587
399 620
77 569
128 660
414 605
293 980
593 854
802 866
317 928
643 949
194 857
689 827
486 764
576 630
224 498
546 787
361 970
122 734
456 997
628 951
356 492
102 993
891 943
771 999
115 694
307 626
558 873
48 384
884 903
357 739
461 824
439 647
34 351
687 721
753 852
70 255
358 402
155 250
434 568
196 925
411 813
532 731
473 654
29 766
712 908
484 672
342 579
664 868
391 444
333 521
103 962
72 858
560 941
678 924
93 243
555 853
25 108
40 636
99 295
274 574
195 290
101 759
27 544
83 732
398 982
365 957
539 603
49 995
22 749
259 832
600 707
436 864
117 748
302 403
61 834
87 743
339 815
551 954
43 673
26 840
254 856
130 143
74 242
110 192
200 485
187 277
641 883
480 548
114 409
140 699
4 448
697 900
17 247
138 366
24 780
