1000 500
676 944
514 644
52 353
363 502
544 919
516 573
576 713
323 969
48 575
291 509
90 428
14 219
432 457
663 884
1 365
254 325
641 743
758 999
469 506
276 578
204 333
412 749
814 918
61 433
687 975
199 901
450 977
232 400
546 694
308 911
691 703
26 704
3 702
30 805
132 187
69 247
58 912
459 838
261 426
233 355
288 956
80 262
700 891
154 983
49 701
421 820
348 616
784 979
484 876
557 717
709 994
437 535
267 389
241 736
371 446
40 328
102 410
339 759
301 476
42 801
633 720
379 822
74 842
470 671
91 940
161 599
109 418
113 973
857 982
130 635
286 864
24 486
447 836
443 802
312 382
85 349
71 930
526 589
44 976
144 169
362 904
429 674
409 445
78 565
786 917
615 806
462 536
152 639
79 664
542 574
27 217
59 197
684 923
70 871
56 936
666 707
177 189
287 320
107 600
732 945
77 995
493 681
75 415
179 234
295 427
293 750
441 737
271 335
280 402
216 646
667 829
83 391
799 985
338 510
528 661
170 297
190 364
120 943
451 643
237 970
157 861
10 272
106 407
86 163
378 847
538 647
148 214
404 567
692 714
678 816
227 562
41 771
518 854
92 346
315 345
195 200
472 585
76 356
84 607
194 213
473 568
264 812
760 899
115 603
35 598
99 753
202 208
37 769
11 222
7 508
256 673
581 631
392 844
172 850
507 654
352 390
250 531
300 361
13 933
420 789
203 693
605 862
435 698
255 740
171 350
54 341
196 672
184 298
33 156
162 368
808 888
629 913
212 225
865 879
387 751
296 978
525 712
140 483
114 193
303 519
146 563
859 993
23 968
2 527
696 706
100 541
369 586
239 894
640 909
16 556
22 487
101 780
547 610
530 777
783 984
582 851
243 491
279 813
116 359
438 559
127 270
141 690
383 870
495 782
329 908
449 824
395 853
621 778
252 423
331 725
160 596
209 699
122 313
637 880
207 927
57 830
734 840
590 665
570 988
767 846
228 986
36 636
342 819
87 867
314 757
133 843
748 878
942 972
9 804
497 887
453 524
795 828
467 953
326 358
728 774
12 656
265 747
606 897
357 601
134 520
244 422
34 460
839 964
124 344
245 652
129 697
104 798
863 948
330 961
384 941
47 282
224 305
5 145
139 868
121 832
458 755
258 739
67 452
414 825
571 650
465 498
236 827
285 967
503 762
15 32
903 998
198 553
153 658
176 489
730 935
43 890
463 591
655 761
807 886
55 226
142 532
205 408
185 466
251 649
474 550
612 938
396 896
677 906
490 680
669 920
354 499
60 327
150 211
625 989
340 618
393 630
545 996
131 719
229 787
597 634
431 849
726 775
253 991
167 659
277 540
319 555
29 963
430 660
97 609
223 419
238 566
38 657
294 735
403 889
118 259
206 479
733 773
513 779
579 724
416 617
168 790
72 246
73 381
218 318
165 464
68 788
770 831
317 360
584 951
266 385
230 966
182 791
273 281
221 481
440 934
776 892
105 306
580 837
537 628
444 675
505 932
869 949
336 885
552 873
309 877
173 278
543 653
881 959
539 939
119 981
183 764
425 517
512 921
155 522
626 952
95 480
112 560
151 817
501 521
434 858
602 860
53 263
240 745
334 380
292 374
248 624
577 781
316 987
138 343
366 835
46 992
8 242
98 108
406 926
332 711
149 595
722 893
561 796
51 307
20 63
89 181
96 485
727 855
201 916
494 742
283 311
93 834
191 475
388 504
174 413
111 613
572 670
731 852
321 679
461 695
708 715
549 551
411 608
439 954
45 231
81 980
64 110
347 974
65 721
123 564
488 922
705 929
158 302
310 436
143 268
17 946
351 971
290 686
367 399
117 651
180 689
25 397
260 965
688 997
62 800
417 619
478 872
809 990
792 928
147 898
39 718
136 632
31 448
375 523
275 683
159 587
94 482
900 1000
765 821
6 405
274 723
289 950
811 937
456 471
754 793
455 744
424 500
210 815
135 910
746 947
611 848
186 875
4 337
785 902
468 957
284 620
373 558
137 866
50 569
376 492
175 322
588 729
215 794
924 962
28 797
394 882
257 638
477 907
220 738
88 955
454 914
604 682
166 874
534 623
21 803
18 249
533 685
128 856
442 823
19 958
401 642
103 710
627 716
826 925
192 895
766 883
178 960
269 324
66 648
592 614
188 372
763 841
235 304
82 125
496 515
529 548
645 741
370 622
511 756
594 772
299 845
768 915
662 668
126 554
752 818
386 593
398 833
377 810
164 931
583 905
