1000 638
2 214
3 478
3 469
4 284
4 196
4 792
5 605
7 168
8 897
8 700
8 151
8 914
9 804
10 472
13 989
14 509
14 805
15 455
15 887
15 285
18 176
18 43
18 956
19 555
20 819
20 286
22 734
22 600
23 202
23 548
23 926
24 671
24 237
25 146
27 397
29 315
30 721
32 697
33 337
35 46
36 407
36 83
38 422
39 525
41 257
41 524
42 356
42 264
43 762
43 522
45 317
46 669
47 368
47 843
47 827
48 197
48 874
49 403
50 929
50 103
51 451
51 471
52 88
52 351
53 460
55 590
55 736
56 348
56 882
56 325
57 727
58 624
61 569
62 897
62 244
64 239
64 768
65 170
65 147
66 400
66 790
66 219
66 593
67 859
71 431
72 981
72 607
73 787
74 518
74 327
74 546
75 475
75 214
76 632
76 656
76 975
77 922
78 677
78 395
78 620
81 159
83 772
83 719
83 390
84 605
89 577
89 524
89 363
90 497
91 286
91 496
92 830
94 912
96 594
98 148
98 371
98 540
102 822
102 581
103 604
106 880
107 323
108 497
110 811
110 419
111 276
111 573
111 412
111 778
112 123
113 786
115 375
115 687
117 707
118 406
119 281
119 967
119 292
120 748
121 322
123 782
123 155
123 963
123 844
123 694
123 212
124 938
125 345
127 202
128 699
129 941
129 307
129 502
130 624
131 289
131 329
131 191
131 585
132 657
133 597
134 807
134 299
134 259
135 485
137 415
137 997
140 840
141 453
142 463
144 560
145 566
147 331
147 158
149 736
149 178
149 837
149 584
151 229
151 188
151 310
153 742
153 486
154 614
155 881
155 629
156 196
156 481
160 677
160 977
161 249
162 725
164 883
164 644
164 245
165 903
165 330
167 932
167 405
167 922
168 415
168 636
168 342
168 510
169 798
169 416
170 802
175 220
176 910
176 661
177 301
178 551
180 271
183 392
183 743
185 490
185 578
188 263
190 898
191 959
194 647
194 660
196 463
197 392
197 532
197 278
197 612
198 952
198 604
198 635
198 227
201 356
203 613
203 371
205 276
205 958
206 855
207 958
208 391
209 587
210 792
210 243
212 273
213 321
214 497
215 263
218 772
219 322
219 240
219 773
221 274
222 257
224 622
225 995
226 839
226 595
226 953
228 717
228 845
230 713
230 440
232 621
233 944
235 991
235 510
235 595
236 463
238 853
239 699
241 284
241 314
242 433
243 568
244 323
245 683
245 567
247 765
248 968
249 839
250 676
250 802
253 764
254 553
254 582
255 936
255 653
256 783
256 801
257 965
257 928
257 651
257 594
257 830
258 775
259 704
261 411
263 764
263 986
265 960
266 698
267 677
267 369
267 526
268 573
269 511
269 353
271 447
271 292
272 493
272 847
272 522
273 938
273 592
276 841
278 392
279 800
279 844
279 697
280 471
281 663
283 925
284 348
285 503
287 329
289 605
289 811
290 747
290 742
290 447
291 446
291 510
291 620
292 695
293 978
293 919
294 931
295 473
297 952
298 837
300 489
301 801
302 941
302 344
304 991
305 395
305 959
305 535
306 954
309 590
309 746
310 747
311 353
313 798
313 650
314 964
315 672
315 388
315 540
316 952
317 781
319 446
321 809
322 349
322 435
323 529
324 442
327 924
327 986
328 374
330 795
330 685
332 578
333 607
340 541
340 980
343 363
345 865
346 802
346 855
347 597
352 915
353 609
356 395
357 922
357 641
357 599
358 901
358 661
359 584
361 407
361 969
363 549
364 375
367 424
372 944
374 583
374 809
375 780
375 426
376 520
376 809
377 796
377 808
377 631
378 703
379 730
380 996
380 757
381 970
382 764
382 395
382 816
382 479
383 890
385 623
387 872
388 632
388 811
388 851
388 674
391 576
392 598
393 800
396 452
397 743
399 677
399 612
401 778
404 428
405 649
406 720
407 805
408 975
409 445
412 961
415 967
415 572
416 697
417 878
420 483
423 838
424 811
425 746
426 810
429 724
430 964
430 596
430 577
430 609
432 539
433 495
433 961
439 605
439 499
439 753
440 915
442 670
453 933
453 548
454 513
454 854
455 605
455 865
456 640
462 887
465 570
466 799
467 916
468 826
471 751
472 932
474 782
474 936
475 932
475 624
481 808
482 508
485 905
485 702
486 491
489 606
491 600
494 834
494 690
494 873
495 932
499 776
504 668
504 700
508 614
515 678
516 532
516 531
516 739
519 851
525 945
532 860
532 582
533 873
536 831
538 960
540 781
546 1000
547 763
549 812
553 870
556 813
557 905
557 785
557 877
557 980
558 827
559 816
561 640
567 999
568 671
570 680
571 802
572 978
575 754
577 837
579 595
582 810
583 700
584 768
585 705
588 720
604 895
605 699
607 709
607 862
611 626
612 768
617 816
618 718
621 961
622 865
625 656
626 701
628 696
628 653
632 672
635 786
636 837
638 848
639 904
640 815
640 977
641 683
647 688
647 840
649 886
650 789
651 913
655 759
656 887
657 776
657 994
661 931
662 808
667 887
672 811
672 989
679 946
681 868
681 955
684 732
686 916
689 862
694 990
700 996
703 955
705 706
705 727
708 822
708 861
709 906
711 952
719 769
726 774
730 746
738 762
741 794
746 862
750 947
750 829
750 855
753 989
753 794
757 781
763 833
767 794
769 795
770 940
772 978
773 993
774 921
778 994
779 993
781 881
782 932
785 840
787 814
789 852
790 908
792 967
792 986
794 846
800 805
810 931
812 899
822 913
822 949
823 908
829 982
830 846
833 866
834 969
836 943
840 873
846 903
846 976
851 985
865 878
868 891
873 960
875 889
876 996
880 954
881 949
890 926
911 1000
912 962
920 966
945 998
951 958
971 974
985 995
986 988
