1000 729
2 496
2 535
2 999
3 298
3 689
6 612
6 435
7 297
7 931
7 861
8 81
9 846
9 989
9 123
11 395
11 253
12 117
13 81
13 816
14 586
16 974
16 460
17 81
17 390
19 636
19 787
19 391
19 488
19 317
23 419
24 638
24 733
24 689
24 945
24 883
24 679
24 77
25 510
26 638
26 58
26 878
26 159
26 644
27 978
29 34
29 346
32 135
33 498
35 251
36 794
36 667
37 408
38 690
38 887
39 560
39 49
40 592
44 420
45 992
45 667
48 268
49 325
50 410
52 500
52 983
53 639
55 81
58 974
61 747
62 535
62 922
62 250
63 412
63 474
64 715
65 175
65 727
65 364
65 325
67 284
67 521
68 181
68 241
69 762
69 291
69 606
70 846
70 454
75 432
76 287
76 477
78 211
78 530
81 671
81 193
82 605
83 594
85 682
85 854
85 506
86 934
86 469
86 300
86 128
86 305
88 834
88 553
90 469
90 170
93 177
93 203
94 490
95 775
96 470
96 943
96 108
96 313
96 736
97 104
99 182
99 555
99 356
99 539
100 241
101 677
102 342
102 761
104 236
105 940
106 765
106 735
107 653
109 395
109 807
109 911
110 357
110 415
111 144
112 572
112 818
114 720
115 133
115 351
116 551
116 172
117 192
117 148
120 189
120 758
121 698
122 634
122 606
122 946
124 255
124 703
124 904
124 300
125 638
125 743
125 175
125 659
125 583
125 784
125 767
125 808
127 471
127 739
130 807
130 999
132 320
132 965
132 936
133 427
134 381
134 735
135 674
135 433
136 364
138 606
138 738
139 654
139 887
139 280
141 144
141 877
142 470
142 211
142 989
146 555
146 645
146 402
148 464
150 701
150 843
151 641
152 997
152 623
152 971
153 268
153 318
155 857
156 793
157 646
157 189
157 824
158 446
158 652
161 389
162 836
163 637
163 667
164 492
166 884
167 773
170 310
170 965
171 651
172 548
173 368
173 736
174 816
176 344
179 626
181 535
181 939
182 338
182 495
183 733
183 744
185 459
185 286
186 818
187 931
188 881
188 460
188 507
188 873
189 555
189 631
191 384
191 563
192 961
192 975
194 883
195 867
195 396
198 614
198 269
198 659
198 428
198 928
199 220
199 720
199 337
200 615
200 493
204 509
204 536
204 874
205 490
206 282
207 571
207 971
208 593
208 518
208 731
209 674
209 501
210 719
211 671
211 268
211 494
212 905
212 919
212 423
213 613
214 859
214 647
215 268
215 947
218 558
219 312
219 326
219 747
220 458
222 454
223 312
224 648
224 625
225 545
226 432
227 362
228 376
229 618
229 389
231 416
231 641
232 495
233 302
233 598
233 861
234 876
234 710
234 823
238 319
238 687
238 754
239 657
240 951
244 633
245 248
245 755
245 379
246 293
246 381
246 365
247 279
247 586
252 294
252 888
253 285
254 862
254 571
255 303
255 298
255 707
256 442
256 874
257 655
258 751
259 530
261 297
261 402
265 985
265 475
265 285
266 518
266 686
266 418
268 852
269 762
270 584
270 327
270 414
273 296
276 378
277 688
277 863
279 532
281 298
282 406
282 440
284 395
284 920
284 763
284 573
287 297
287 451
287 999
287 888
290 362
290 548
291 735
292 594
292 630
293 371
295 746
295 494
296 638
296 406
297 560
297 501
298 560
299 601
300 582
300 373
302 710
303 952
304 979
304 492
305 644
306 709
307 405
308 470
308 975
310 652
311 501
312 766
312 651
313 593
313 869
314 872
315 557
317 652
317 577
318 673
322 732
322 448
323 931
324 638
324 392
324 854
324 828
325 876
325 838
327 440
329 944
329 609
329 904
330 604
332 455
334 974
334 487
335 975
338 533
341 460
341 737
342 811
343 635
344 704
345 638
346 387
346 945
348 692
348 907
349 472
350 794
350 803
351 491
352 376
353 863
354 411
358 855
359 506
360 712
360 591
361 555
361 775
362 603
362 872
363 369
363 651
364 727
366 854
367 501
368 947
371 876
375 406
376 762
376 446
376 615
377 702
377 550
381 895
383 436
384 594
384 394
385 686
385 813
387 847
388 908
391 546
394 766
395 807
396 535
399 764
404 684
405 512
407 436
408 809
411 970
412 618
413 962
413 695
415 543
415 828
416 583
416 566
417 742
418 907
418 420
422 612
423 615
424 593
424 994
426 688
426 512
429 859
429 735
431 776
432 803
432 686
433 656
434 982
434 705
440 922
440 581
441 916
442 554
443 494
445 487
446 982
446 987
447 563
447 597
448 543
448 504
449 727
451 753
452 829
454 924
455 683
455 790
456 963
456 874
457 672
458 698
462 671
464 888
465 550
469 594
472 911
473 974
474 572
476 736
478 636
479 806
482 801
483 935
483 940
484 762
485 636
486 858
489 500
493 752
495 968
496 609
497 668
498 701
498 967
499 838
500 726
502 804
503 855
503 927
505 638
507 990
508 645
510 716
512 963
517 853
519 762
522 593
525 603
526 683
527 630
530 929
532 570
533 754
534 963
535 1000
535 602
535 708
535 920
535 952
537 848
537 662
539 797
539 852
540 671
542 905
543 997
543 844
543 597
543 869
545 805
545 919
545 746
546 721
546 750
547 556
547 670
548 789
548 676
549 927
552 865
555 836
556 896
560 932
561 858
564 692
565 939
567 906
578 878
578 991
583 830
587 589
588 868
589 764
591 818
593 712
593 757
596 915
601 921
602 894
607 977
609 960
609 949
619 998
623 691
626 726
627 758
627 941
632 974
633 638
634 781
635 872
636 690
638 743
638 855
638 846
638 705
638 870
638 802
644 994
644 774
645 797
647 774
648 795
649 784
650 999
655 999
656 943
657 940
658 795
661 986
661 675
664 864
669 872
672 880
674 695
675 924
677 939
678 899
688 909
690 935
690 706
696 809
699 983
700 796
701 741
702 889
703 772
712 787
713 869
714 739
718 754
724 935
727 828
735 996
735 967
735 896
740 825
740 980
743 995
747 904
750 955
753 809
754 801
756 822
758 796
758 900
759 833
759 889
759 978
762 809
766 793
768 885
770 986
771 956
771 854
774 847
778 872
781 981
783 915
786 836
790 808
792 988
799 944
799 813
802 853
808 965
810 1000
812 916
818 919
823 939
825 832
826 987
826 927
828 943
829 848
833 929
838 995
839 948
843 867
847 934
847 959
847 952
848 935
850 959
854 868
857 997
860 879
862 994
870 921
871 944
873 940
874 974
875 962
875 892
882 982
892 902
896 970
896 908
897 935
899 917
919 925
950 985
968 981
