1000 757
1 416
1 854
2 383
3 262
3 418
3 931
4 443
4 700
5 217
5 878
6 951
8 155
8 460
8 801
9 182
9 388
9 664
10 398
10 543
10 620
10 625
10 781
10 894
10 928
11 194
11 261
11 407
12 512
13 44
13 625
13 850
14 78
14 983
15 834
16 356
16 621
17 311
18 49
18 54
18 268
18 332
19 178
19 874
21 354
21 779
22 141
22 563
23 118
23 361
25 511
25 652
25 778
26 399
26 952
28 216
29 306
29 899
31 193
32 58
32 209
32 522
32 854
32 869
32 982
33 642
33 818
34 77
34 624
35 290
35 806
36 269
36 797
37 473
38 541
39 215
39 236
40 203
40 424
40 454
40 607
41 406
42 995
44 77
44 456
44 849
45 636
46 810
47 357
48 115
48 462
48 626
49 115
49 690
52 109
54 91
55 221
56 894
56 972
58 206
58 216
58 642
59 780
59 857
60 792
61 665
62 379
64 949
65 395
65 632
65 694
67 599
67 810
69 987
70 464
71 294
72 511
72 744
73 671
75 600
77 396
77 635
77 921
78 936
79 334
79 817
79 839
82 89
83 860
84 268
84 557
84 954
85 208
85 481
85 829
86 161
86 370
86 627
86 834
87 610
88 635
88 879
90 379
90 888
91 953
92 611
92 731
94 721
95 373
98 624
98 648
99 480
99 567
100 275
100 399
100 740
101 190
102 510
103 144
103 733
104 302
104 877
105 695
108 602
108 823
110 141
111 892
116 775
116 995
117 319
117 424
117 824
117 981
118 901
120 209
121 933
122 691
122 990
123 346
123 541
123 627
124 526
124 822
125 183
125 262
126 860
127 692
127 718
128 541
129 143
130 425
133 166
133 215
133 221
133 938
134 654
136 782
137 441
138 426
139 299
140 403
141 292
142 896
143 696
146 423
146 797
146 887
147 601
148 214
148 286
148 366
149 893
150 357
150 703
152 839
153 451
155 875
156 218
157 674
158 991
159 352
159 473
159 613
160 603
161 329
162 423
163 564
163 631
163 926
165 472
165 710
166 191
166 775
167 239
167 822
168 428
168 628
168 878
170 551
171 199
171 491
171 813
171 918
172 972
173 432
173 526
175 278
175 594
175 963
176 418
176 924
178 493
180 372
180 590
181 612
182 553
182 798
183 494
183 982
184 371
185 791
188 382
189 905
190 523
190 583
191 522
198 851
200 938
202 795
203 481
203 789
203 848
204 873
205 474
205 576
206 410
207 496
207 561
207 868
209 727
210 410
211 290
211 416
212 355
214 583
215 380
215 659
216 960
218 833
220 729
221 500
222 293
222 947
224 739
225 345
226 779
227 483
228 251
228 500
228 827
230 278
230 976
231 686
233 350
233 511
233 514
237 759
237 797
239 654
239 918
240 794
242 777
243 509
243 620
243 999
245 327
245 384
247 828
251 382
251 425
252 766
253 363
253 428
255 299
255 340
255 457
256 507
258 430
259 515
261 401
261 521
261 915
262 718
263 585
266 302
267 566
269 576
269 665
270 534
271 274
271 599
271 804
272 390
273 277
273 366
275 805
277 436
277 935
278 364
279 427
279 440
279 721
279 842
280 920
282 662
282 801
283 746
284 302
284 562
284 925
285 896
286 722
287 898
288 705
290 420
292 515
294 312
294 690
295 955
296 313
296 638
296 711
297 755
298 764
299 490
299 986
300 836
302 858
302 886
303 966
304 414
305 335
306 858
307 965
308 349
309 909
310 967
311 669
311 863
313 367
313 984
314 579
314 865
314 985
315 871
317 419
318 707
319 797
320 517
321 325
321 699
322 545
324 640
325 559
325 973
326 465
328 815
332 479
332 736
333 638
334 794
337 491
337 868
338 986
341 810
341 950
344 450
344 832
347 547
347 826
348 918
349 582
350 355
350 790
350 970
352 449
352 458
354 542
355 483
355 832
357 580
357 748
357 835
357 997
359 523
359 615
359 928
361 385
363 500
364 819
368 849
369 473
369 566
369 598
371 700
372 548
373 530
373 991
374 705
374 790
374 854
376 801
376 950
377 464
378 589
382 627
384 393
385 924
386 630
388 772
388 972
389 823
390 836
391 438
391 532
391 813
391 892
392 608
392 841
395 518
395 858
396 404
396 603
397 588
397 730
397 948
399 654
400 819
401 795
402 809
403 583
404 933
405 606
406 693
408 655
409 731
410 970
413 876
414 702
414 865
414 924
415 931
416 861
416 966
416 986
417 487
418 779
420 576
425 560
425 845
427 954
428 439
428 725
428 789
428 811
428 993
429 839
430 555
432 467
432 501
432 757
433 718
437 696
437 938
441 643
442 576
443 607
443 773
446 560
446 716
446 766
448 804
450 982
452 565
453 855
453 1000
454 810
454 875
454 955
455 723
456 555
456 745
459 537
459 734
460 587
460 888
460 920
462 787
462 837
463 784
463 822
464 627
465 650
465 804
466 513
467 495
467 703
473 732
476 582
477 771
477 906
478 767
478 863
479 986
482 965
483 772
483 817
484 846
485 693
486 733
489 697
490 595
490 670
490 757
491 767
492 985
495 522
495 738
496 556
496 974
498 807
500 508
500 852
509 706
510 689
511 837
512 557
513 874
514 611
514 979
516 821
517 555
518 810
525 711
527 817
532 879
537 629
538 995
540 860
543 873
545 827
546 968
548 767
550 631
551 859
551 931
553 651
554 693
555 709
557 632
557 729
557 837
560 853
562 973
563 618
563 789
564 600
564 787
566 774
566 910
569 686
571 755
571 824
573 574
575 867
576 690
576 884
577 827
577 958
581 933
587 742
588 801
588 861
589 602
591 634
592 828
592 945
593 837
593 853
594 686
596 712
597 952
599 932
602 679
604 766
606 663
608 677
608 987
609 812
610 695
611 656
615 656
616 666
617 814
617 952
619 711
622 787
622 974
626 768
629 724
629 932
629 954
631 911
634 753
635 952
637 691
642 650
643 895
646 720
648 752
648 859
652 745
653 724
655 767
658 809
659 782
661 841
662 951
663 837
665 666
668 916
670 763
670 836
681 766
684 688
686 835
686 855
686 955
687 990
690 976
697 707
701 845
706 809
707 727
707 755
712 775
714 896
716 891
717 804
718 855
720 858
723 830
725 737
730 930
730 938
732 742
734 994
735 844
736 844
738 779
743 832
743 982
745 980
748 834
749 760
750 890
752 788
755 796
757 804
757 829
758 797
759 792
759 832
761 893
762 772
768 794
776 865
776 905
779 788
779 826
779 999
786 863
787 840
787 907
790 826
790 920
798 828
800 847
800 917
804 930
805 820
805 927
817 855
818 862
821 964
823 852
834 999
846 906
855 962
857 910
861 917
863 903
872 904
872 985
885 934
896 927
899 968
904 941
908 935
919 939
921 997
922 971
923 938
943 991
951 989
954 996
959 994
970 994
