1000 617
4 797
4 346
7 406
8 481
9 40
9 560
10 343
11 853
11 712
12 707
13 65
13 990
14 149
14 49
14 455
15 428
15 215
15 756
16 64
16 246
16 631
16 986
17 785
18 388
20 372
20 327
20 169
21 841
21 448
23 739
24 506
25 696
27 77
28 188
31 274
31 225
32 164
32 968
33 111
34 894
34 846
35 588
35 374
37 652
37 935
38 316
38 672
41 589
41 756
42 586
42 182
42 287
42 641
43 204
45 822
45 513
46 922
46 467
47 206
47 887
48 898
48 697
48 938
48 571
48 721
49 236
50 457
50 765
52 917
53 639
53 500
54 757
54 929
54 739
56 639
56 58
57 86
57 994
58 404
58 193
59 269
64 926
66 873
66 89
67 509
69 274
69 887
70 308
72 400
73 984
74 631
75 825
75 582
76 492
77 804
78 988
79 233
79 677
80 811
80 527
81 194
82 915
82 166
83 356
83 336
84 838
85 780
85 572
86 459
86 800
88 285
89 743
91 112
91 435
93 151
94 299
95 210
96 136
96 403
97 683
99 830
100 509
102 158
102 552
103 437
103 605
104 992
104 381
106 1000
106 648
107 278
107 214
109 139
110 833
112 645
113 278
113 357
114 256
115 724
115 787
115 558
116 437
116 342
117 573
117 955
117 406
119 445
121 584
121 902
123 445
124 268
124 794
125 497
126 640
128 985
129 717
129 376
133 829
136 720
136 632
140 796
142 830
144 695
146 567
147 181
147 165
148 257
149 786
149 665
151 395
153 467
155 326
156 161
157 584
160 414
161 935
163 405
163 523
166 666
167 920
167 875
168 180
168 745
168 840
168 699
169 392
170 562
173 295
175 569
177 552
179 690
179 300
180 678
181 954
182 475
183 804
185 357
186 273
186 444
187 873
189 715
189 846
190 255
190 724
190 404
190 314
191 463
191 713
192 237
193 197
194 824
195 285
195 643
195 666
195 740
195 382
196 905
197 202
198 268
199 693
200 794
202 469
202 993
203 985
203 256
203 387
204 468
204 687
204 650
204 996
204 877
204 316
207 442
208 384
208 607
209 580
209 370
211 413
211 222
212 703
213 296
216 820
216 632
217 456
218 451
219 589
219 829
221 473
221 735
221 225
222 333
223 597
223 552
224 926
224 503
225 507
226 580
228 662
228 489
228 873
228 776
229 721
230 298
233 409
234 287
235 420
236 458
236 932
237 992
239 619
240 853
240 850
242 767
242 475
244 537
244 357
249 263
252 373
253 437
253 751
254 500
254 423
254 826
255 975
255 464
257 457
257 730
257 998
261 564
263 344
263 352
267 657
268 958
268 711
269 791
270 638
275 616
275 635
277 482
278 431
279 804
279 510
282 492
282 931
282 547
285 455
285 311
286 780
289 615
290 578
290 711
291 874
291 544
296 684
297 509
301 320
302 898
303 424
303 817
304 428
305 630
308 715
311 366
315 590
317 639
317 422
318 847
320 436
320 466
321 657
321 357
323 450
323 560
327 776
328 526
328 445
328 460
329 989
330 402
330 897
331 944
332 656
336 676
337 504
340 471
343 584
347 920
348 740
349 454
350 518
350 606
353 617
355 662
356 465
356 787
361 634
362 969
363 687
363 513
364 560
366 877
367 489
368 804
368 706
371 428
375 751
375 531
379 717
380 784
382 412
383 983
385 387
388 861
389 643
390 430
391 431
393 754
396 615
398 675
399 786
399 564
399 796
402 878
403 424
405 987
406 851
410 480
413 730
413 854
414 525
417 719
417 618
420 734
421 757
424 594
424 742
425 746
426 979
428 519
431 821
431 830
432 577
432 713
432 443
433 985
435 763
436 639
436 468
436 569
437 492
439 628
441 823
441 690
442 766
442 919
443 737
445 969
448 864
448 924
449 823
449 658
451 770
452 549
452 938
453 966
456 923
457 520
457 993
458 944
458 957
459 584
459 935
464 874
464 979
468 489
468 993
477 582
478 521
478 487
480 605
482 895
485 939
486 978
489 712
494 644
495 684
496 593
496 536
497 943
497 685
499 950
501 982
502 693
502 610
505 910
506 661
507 982
510 948
512 889
514 678
515 808
516 690
518 910
518 679
518 794
520 730
520 627
521 570
521 778
522 562
523 990
526 918
526 852
527 589
528 639
529 877
534 727
535 939
536 954
537 733
537 702
539 998
540 849
540 837
542 629
542 965
546 760
552 930
553 988
553 970
557 604
561 629
561 810
564 638
568 725
570 905
570 728
570 755
573 929
574 947
574 581
575 934
577 953
581 992
581 990
581 798
583 819
586 964
587 796
589 787
589 812
592 804
596 930
597 695
599 910
599 963
602 751
603 823
603 951
604 876
610 841
612 821
627 668
633 669
633 723
634 818
639 881
639 735
639 687
639 840
639 678
643 963
650 793
651 916
657 785
658 913
658 828
660 775
661 823
664 796
664 900
664 946
667 811
668 916
668 885
672 976
680 822
684 784
684 890
685 879
686 827
687 988
691 943
692 832
696 833
697 715
699 900
701 999
704 823
708 983
710 802
715 772
717 799
720 866
722 887
722 985
724 952
725 837
726 974
727 741
728 789
729 839
733 920
733 916
736 867
737 869
741 786
750 793
754 945
758 810
761 846
773 865
778 835
781 843
784 800
785 897
787 831
792 988
795 908
799 922
799 994
800 928
817 967
818 823
819 885
824 974
825 948
828 989
840 850
843 1000
846 966
852 854
855 922
857 940
859 872
861 994
861 934
863 981
864 950
869 913
870 975
873 899
893 902
901 930
908 967
928 983
964 994
