1000 704
3 312
3 724
3 981
4 384
4 429
4 614
4 976
5 535
5 624
5 831
5 982
6 733
8 194
8 885
9 148
9 196
9 432
9 963
10 531
11 279
11 560
14 608
15 268
15 911
17 84
17 360
20 552
21 203
21 867
22 476
23 666
23 874
24 674
25 508
26 981
28 818
30 670
31 587
31 704
32 211
33 49
34 81
35 771
36 343
37 104
37 196
38 191
39 397
40 473
40 801
41 309
41 345
41 446
41 579
41 664
42 846
43 412
44 454
45 483
45 675
47 89
47 309
51 547
53 268
53 887
53 976
54 281
54 671
55 261
55 992
56 759
57 243
57 919
58 336
58 483
60 250
60 351
60 524
61 116
63 974
66 131
67 444
67 966
69 692
72 841
74 277
74 494
74 578
75 285
75 511
75 529
77 484
77 704
78 715
80 271
81 195
81 437
82 418
83 484
83 563
86 951
87 90
87 225
88 570
90 202
90 652
90 831
92 481
93 137
95 258
97 764
98 345
99 700
99 862
100 755
101 255
102 168
103 265
103 271
104 492
104 908
105 718
105 839
106 545
106 807
108 181
108 719
108 800
108 946
109 878
110 932
110 968
111 169
111 426
112 411
113 654
114 834
115 422
116 594
117 456
117 737
118 268
119 172
119 962
120 539
120 661
121 374
122 311
124 167
124 416
124 642
127 970
128 304
128 360
131 485
132 238
132 273
132 560
132 885
133 404
134 489
134 787
137 285
139 309
139 958
142 437
143 648
145 226
146 262
147 338
149 589
151 164
152 712
156 320
157 328
157 996
159 286
159 434
160 315
161 821
163 207
163 280
163 621
163 728
163 828
164 330
164 971
165 851
168 185
168 923
169 236
170 462
172 320
172 775
173 660
174 217
174 257
175 715
176 484
177 621
178 187
178 959
179 298
180 333
180 505
180 954
181 663
183 754
184 761
184 789
188 420
189 263
189 434
190 201
190 254
191 593
194 950
195 377
195 435
196 338
196 581
197 587
197 878
198 681
198 954
200 681
200 748
201 635
204 212
206 276
206 340
206 727
207 382
208 692
208 717
208 988
211 872
212 894
213 843
214 327
214 610
214 735
214 805
215 921
216 792
216 965
217 883
218 355
219 752
222 751
223 581
223 586
223 782
224 359
224 913
225 1000
228 549
228 733
228 845
230 498
231 341
231 571
231 589
231 644
233 594
235 893
238 515
238 524
238 764
239 632
239 849
239 989
241 701
242 922
243 269
243 950
244 317
244 462
244 467
245 399
245 630
247 771
248 922
249 285
249 640
249 894
250 759
251 787
252 813
252 828
253 721
254 442
255 551
255 665
256 611
256 665
257 710
259 337
259 703
259 928
260 519
261 447
262 305
263 715
264 691
265 702
266 832
266 944
267 830
267 880
268 515
269 651
270 604
270 613
270 974
273 762
274 432
276 322
277 507
278 387
278 425
278 619
279 461
279 712
281 683
281 832
282 867
285 934
287 937
288 398
289 705
289 956
291 927
292 319
292 321
293 495
293 782
294 615
294 776
298 411
298 551
298 665
299 382
300 358
301 778
302 585
304 863
307 371
308 490
308 982
309 341
309 702
309 797
310 744
312 894
313 430
313 951
314 816
315 436
315 874
317 741
318 345
319 389
319 697
319 953
321 656
323 806
324 597
327 467
328 519
328 908
329 599
330 654
331 338
333 418
333 588
335 657
336 855
337 805
338 735
340 763
341 663
341 723
343 738
343 969
345 377
345 855
347 435
347 520
349 893
352 631
353 789
354 402
355 440
355 747
356 395
357 799
358 410
358 513
358 734
359 637
360 589
361 870
363 622
364 380
364 392
366 561
367 639
367 787
370 721
381 433
383 522
386 509
387 559
389 999
389 1000
392 683
392 882
393 482
393 585
393 919
394 837
395 401
395 789
397 543
397 957
399 491
399 589
401 548
401 760
404 818
406 968
407 661
408 598
409 770
409 803
409 815
409 970
411 656
416 615
416 874
417 431
417 931
418 709
420 646
420 752
421 836
421 973
423 663
423 718
426 766
428 829
430 894
431 793
431 825
432 510
432 592
433 534
435 457
435 814
436 745
438 580
438 610
439 502
440 676
441 573
442 611
442 621
443 979
446 967
447 896
448 582
448 636
448 904
448 942
452 991
455 883
455 949
456 484
456 729
457 543
457 750
457 917
459 679
461 544
463 789
463 888
466 659
466 1000
467 770
468 941
469 804
469 860
472 739
472 827
472 875
473 706
474 783
475 964
476 733
477 480
477 709
479 674
480 623
480 872
480 990
481 688
481 940
481 954
484 875
485 976
487 842
489 794
491 648
492 872
493 714
494 918
496 760
497 651
497 782
497 901
498 693
502 589
504 913
507 965
508 644
508 904
509 697
509 944
509 978
510 990
511 781
513 663
513 943
514 993
518 751
524 886
527 538
527 684
529 981
532 991
537 794
539 891
540 861
541 868
541 928
544 823
545 916
547 734
548 671
548 974
548 982
550 581
550 747
550 804
551 923
554 804
556 838
556 839
561 752
562 916
563 599
567 881
567 900
571 727
571 844
572 879
573 958
574 830
574 899
575 931
577 615
577 932
578 738
580 591
580 938
583 980
585 733
591 719
591 787
595 851
596 649
602 747
602 766
605 671
606 840
607 850
608 909
611 706
611 994
612 795
615 697
616 673
617 952
619 626
621 985
622 674
628 753
634 733
634 905
637 809
638 690
638 887
639 694
645 861
646 669
647 775
649 808
649 852
650 733
651 681
651 988
652 774
653 988
658 768
665 701
667 764
667 991
669 870
676 941
677 745
679 821
681 684
683 699
688 838
688 966
689 808
690 746
701 860
702 786
704 912
706 747
706 941
709 893
714 891
721 954
722 752
723 827
727 809
731 854
738 992
739 865
742 774
744 989
746 834
747 933
748 892
751 925
757 919
759 773
759 806
761 809
764 852
765 882
774 856
776 968
783 791
784 991
787 790
787 806
787 857
799 925
800 910
800 931
800 945
801 823
810 989
811 987
816 910
819 915
821 934
823 933
825 955
828 964
830 937
830 963
831 875
832 999
836 946
839 911
841 870
845 998
848 849
850 934
851 873
857 886
860 997
894 948
895 929
896 996
900 911
902 969
904 932
905 977
908 958
911 931
915 993
924 999
928 969
933 942
937 938
958 984
964 997
987 995
