1000 3493
1 710
1 330
1 338
3 710
4 710
5 710
6 710
6 864
7 710
8 710
8 330
8 945
9 710
9 330
9 60
9 78
9 237
9 366
9 777
9 681
9 142
9 886
10 710
10 330
10 742
10 606
11 710
11 330
11 907
12 710
12 78
12 629
13 710
13 330
13 60
13 371
14 710
14 330
14 60
14 374
14 907
14 693
14 864
14 255
14 786
14 19
14 208
14 417
14 84
14 777
14 921
14 260
16 710
16 330
16 168
16 653
17 710
17 330
18 710
18 828
19 710
19 330
19 60
19 371
19 374
19 907
19 693
19 704
19 243
19 864
19 633
19 695
19 951
19 400
19 919
19 929
19 930
19 932
19 75
19 433
19 350
19 262
19 457
19 439
19 665
19 756
19 942
19 126
19 222
20 710
20 330
20 693
20 623
21 710
21 919
22 330
22 371
23 710
24 710
24 330
24 60
24 374
24 743
24 695
24 255
24 588
24 289
24 165
24 586
24 833
24 515
24 832
25 710
25 371
25 857
25 326
26 710
26 623
28 710
28 330
28 60
28 693
28 633
29 710
29 330
29 60
29 371
29 907
29 243
29 623
29 864
29 175
29 289
29 216
29 833
29 171
29 252
29 495
29 863
29 751
30 710
30 330
30 743
30 919
30 344
30 252
31 710
31 330
31 60
31 374
31 864
31 841
31 909
31 313
31 484
32 710
32 623
32 255
33 710
33 330
33 60
33 693
33 704
33 588
33 411
33 946
33 495
34 710
35 710
35 330
35 60
35 371
35 374
35 907
35 538
35 256
35 787
36 330
37 710
37 330
37 60
37 538
38 710
38 371
39 907
40 710
40 330
40 463
41 710
41 330
41 60
41 907
41 693
41 704
41 400
41 538
41 968
41 234
41 411
41 344
41 102
41 484
42 710
42 683
42 835
43 710
43 330
43 374
43 864
43 743
43 951
43 417
43 930
43 223
44 710
45 710
45 330
46 710
47 710
48 710
48 243
49 710
49 330
49 538
49 588
50 710
51 710
52 330
52 907
53 710
54 710
54 330
54 60
54 374
54 704
54 857
54 256
54 742
54 642
55 710
55 330
55 371
55 693
55 74
55 175
57 710
57 330
57 60
57 371
57 823
58 710
58 330
58 400
59 710
59 330
59 907
59 243
60 710
60 330
60 371
60 374
60 907
60 693
60 704
60 243
60 74
60 623
60 864
60 633
60 175
60 857
60 743
60 695
60 255
60 951
60 400
60 730
60 919
60 538
60 968
60 234
60 588
60 683
60 841
60 786
60 256
60 581
60 667
60 187
60 144
60 945
60 929
60 957
60 289
60 78
60 438
60 461
60 537
60 411
60 344
60 892
60 208
60 80
60 157
60 909
60 954
60 237
60 102
60 323
60 417
60 165
60 313
60 755
60 326
60 586
60 258
60 251
60 84
60 930
60 353
60 824
60 132
60 560
60 971
60 670
60 210
60 475
60 799
60 112
60 216
60 137
60 823
60 828
60 366
60 726
60 422
60 172
60 696
60 932
60 742
60 837
60 597
60 135
60 490
60 444
60 362
60 291
60 934
60 923
60 630
60 607
60 738
60 642
60 1000
60 351
60 663
60 777
60 358
60 833
60 414
60 512
60 298
60 479
60 171
60 681
60 433
60 629
60 328
60 86
60 575
60 252
60 910
60 403
60 81
60 142
60 233
60 168
60 519
60 886
60 655
60 393
60 984
60 153
60 373
60 167
60 644
60 686
60 223
60 262
60 794
60 83
60 898
60 596
60 407
60 327
60 598
60 744
60 946
60 639
60 798
60 387
60 921
60 732
60 185
60 762
60 541
60 748
60 807
60 480
60 601
60 752
60 869
60 795
60 454
60 297
60 872
60 697
60 940
60 849
60 370
60 902
60 890
60 329
60 763
60 125
60 797
60 228
60 780
60 904
60 659
60 989
60 579
60 737
60 863
60 767
60 492
60 594
60 318
60 770
60 425
60 524
60 119
60 574
60 445
60 82
60 225
60 510
60 773
60 227
60 491
60 129
60 952
60 106
60 845
60 895
60 338
60 463
60 682
60 706
60 376
60 668
60 912
60 206
60 92
60 808
60 933
60 469
60 851
60 447
60 191
60 88
60 784
60 169
60 488
60 838
60 248
60 685
61 710
61 330
62 693
62 864
64 710
64 330
65 710
66 710
66 371
66 929
67 330
67 374
67 322
68 330
69 693
69 243
70 710
71 710
72 710
72 330
74 710
74 330
74 371
74 374
74 907
74 693
74 704
74 243
74 623
74 864
74 633
74 175
74 857
74 743
74 695
74 255
74 951
74 400
74 730
74 919
74 538
74 968
74 234
74 588
74 683
74 786
74 256
74 581
74 667
74 187
74 929
74 289
74 78
74 537
74 237
74 102
74 323
74 417
74 313
74 326
74 586
74 84
74 353
74 824
74 475
74 799
74 366
74 422
74 742
74 630
74 358
74 298
74 86
74 252
74 160
74 373
74 212
74 244
74 406
74 939
74 549
74 807
74 480
74 297
74 384
74 277
74 287
74 948
74 993
74 682
74 448
74 509
74 634
74 409
74 113
74 580
74 838
75 710
75 330
75 371
75 693
75 633
75 919
75 668
76 710
76 919
77 710
78 710
78 330
78 371
78 374
78 907
78 693
78 243
78 623
78 864
78 175
78 743
78 255
78 951
78 400
78 234
78 786
78 670
78 366
78 490
78 681
78 393
78 273
78 966
78 275
78 685
79 710
79 798
80 710
80 330
80 371
80 374
80 907
80 864
80 951
80 968
80 755
80 742
80 433
80 125
81 710
81 330
81 371
81 907
81 743
81 538
81 786
81 870
82 710
82 330
83 710
83 330
83 371
83 907
83 777
84 710
84 330
84 371
84 374
84 951
84 919
84 786
84 461
84 411
84 366
84 361
84 297
84 890
84 269
84 514
85 710
85 330
86 710
86 330
86 693
86 730
86 968
86 258
86 353
86 494
86 183
86 402
87 330
89 710
89 623
90 330
91 710
91 330
92 710
93 907
94 710
94 330
94 907
95 710
95 330
95 623
96 710
96 330
96 957
96 741
97 730
98 710
100 710
100 330
100 633
100 233
101 710
101 330
101 633
102 710
102 330
102 371
102 374
102 704
102 243
102 743
102 695
102 234
102 537
102 344
102 323
102 210
102 328
102 361
102 648
102 300
102 387
102 554
102 838
103 710
103 330
103 574
105 710
105 330
106 710
106 330
106 117
107 710
107 907
108 710
108 330
108 326
108 663
108 179
108 708
108 170
109 374
110 710
110 330
111 710
112 710
112 330
112 371
112 374
112 907
112 693
112 255
112 951
112 538
112 786
112 137
112 696
112 641
112 998
112 988
113 710
113 330
113 374
113 470
114 710
115 710
115 175
115 695
116 710
116 330
116 537
116 326
116 511
117 710
117 234
118 710
118 330
118 374
118 623
118 642
119 710
119 330
120 710
121 710
122 710
122 330
122 693
122 144
122 945
123 710
123 581
124 710
124 243
124 366
125 710
125 330
126 710
126 330
127 710
127 330
128 704
128 234
129 710
129 538
130 710
130 330
130 371
130 945
131 857
132 710
132 330
132 374
132 907
132 704
132 623
132 255
132 323
132 353
132 414
132 676
132 904
133 710
134 710
134 330
134 175
135 710
135 330
135 374
135 907
135 704
135 344
135 944
135 774
136 187
137 710
137 330
137 371
137 374
137 693
137 411
137 481
138 710
140 710
140 330
141 330
142 710
142 330
142 907
142 175
142 596
143 710
143 330
143 743
144 710
144 330
144 371
144 374
144 907
144 693
144 704
144 243
144 623
144 857
144 695
144 255
144 951
144 823
144 171
144 612
144 908
144 903
144 379
145 710
145 704
146 710
147 710
147 243
147 843
149 710
149 330
149 490
150 710
150 243
150 255
151 710
151 330
151 704
152 710
152 330
153 710
153 330
153 374
153 864
153 175
154 710
154 330
154 371
154 243
154 857
154 968
155 710
155 330
156 710
156 330
156 670
157 710
157 330
157 371
157 907
157 693
157 704
157 243
157 864
157 175
157 695
157 234
157 786
157 929
157 417
157 326
157 670
157 934
157 298
157 984
157 578
157 553
158 710
158 165
158 173
159 710
159 330
159 864
160 710
160 330
160 704
160 957
161 710
161 667
163 710
163 330
163 400
163 786
164 710
165 710
165 330
165 371
165 374
165 693
165 623
165 919
165 256
165 581
165 461
165 833
165 205
165 794
165 788
166 710
167 710
167 330
167 704
167 951
167 824
167 577
167 832
168 710
168 330
168 371
168 693
168 730
168 313
168 997
169 348
170 330
171 710
171 330
171 374
171 693
171 743
172 710
172 330
172 374
172 243
172 864
172 857
172 1000
172 540
172 723
173 710
173 330
173 243
173 755
175 710
175 330
175 371
175 374
175 907
175 693
175 704
175 243
175 623
175 864
175 633
175 857
175 743
175 695
175 255
175 951
175 400
175 730
175 919
175 538
175 968
175 234
175 588
175 683
175 786
175 581
175 667
175 929
175 438
175 461
175 537
175 411
175 344
175 892
175 237
175 313
175 755
175 258
175 251
175 824
175 560
175 971
175 726
175 932
175 444
175 298
175 479
175 393
175 678
175 914
175 793
175 349
175 654
175 194
175 904
175 516
175 944
175 574
175 982
175 550
175 535
175 820
175 310
176 710
177 710
177 330
177 243
177 639
178 710
178 330
178 907
178 693
179 710
179 330
180 710
180 252
180 655
180 811
181 560
182 710
182 330
182 374
182 695
183 710
185 710
185 330
185 243
186 710
186 330
186 538
186 252
187 710
187 330
187 371
187 374
187 907
187 693
187 704
187 243
187 538
187 841
187 581
187 422
187 362
187 958
187 659
187 399
187 499
189 710
189 786
191 710
191 414
192 710
193 710
194 710
194 330
194 633
194 233
195 633
196 710
196 330
197 330
197 704
198 330
198 642
199 710
200 710
202 710
202 223
204 371
205 710
205 330
205 704
205 951
205 929
205 586
205 450
205 547
205 671
206 710
206 330
206 929
207 710
207 330
207 243
207 864
207 218
207 887
208 710
208 330
208 371
208 374
208 907
208 693
208 704
208 243
208 857
208 743
208 968
208 929
208 216
208 732
208 452
208 481
208 530
209 710
209 330
209 538
210 710
210 330
210 371
210 374
210 693
210 633
210 919
210 892
210 315
211 710
211 330
212 710
212 330
212 907
212 219
213 710
213 330
214 710
214 623
214 439
214 901
215 710
215 693
215 864
216 710
216 330
216 371
216 374
216 907
216 693
216 704
216 864
216 633
216 396
216 445
217 710
217 330
217 374
217 530
220 710
220 330
220 596
221 710
223 710
223 330
223 857
223 833
223 752
224 710
224 243
224 623
225 710
225 330
226 710
226 330
226 693
227 710
227 330
228 710
228 371
229 710
229 330
229 743
230 710
231 710
231 623
231 400
232 710
232 330
232 371
232 633
232 945
232 957
233 710
233 330
233 374
233 704
233 581
233 628
233 750
234 710
234 330
234 371
234 374
234 907
234 693
234 704
234 243
234 623
234 864
234 633
234 857
234 695
234 400
234 919
234 538
234 588
234 667
234 945
234 957
234 251
234 934
234 298
234 916
234 653
234 768
234 477
234 523
235 710
237 710
237 330
237 371
237 374
237 695
237 730
237 537
237 479
237 681
238 710
238 693
239 710
239 330
239 371
239 374
239 786
239 256
240 710
240 330
240 243
240 608
243 710
243 330
243 371
243 374
243 907
243 693
243 704
243 623
243 864
243 633
243 857
243 743
243 695
243 255
243 951
243 400
243 730
243 919
243 538
243 968
243 588
243 683
243 841
243 256
243 581
243 929
243 957
243 289
243 344
243 909
243 323
243 755
243 586
243 251
243 930
243 560
243 475
243 932
243 490
243 642
243 663
243 358
243 681
243 629
243 252
243 373
243 406
243 865
243 879
243 541
243 281
243 752
243 476
243 504
243 860
243 697
243 641
243 482
243 937
243 391
243 280
243 827
243 804
243 661
243 987
243 650
243 562
243 249
244 710
244 330
244 371
244 954
244 618
245 710
245 330
245 411
245 837
245 259
246 710
246 371
247 330
250 710
251 710
251 330
251 371
251 374
251 907
251 864
251 588
251 581
251 607
252 710
252 330
252 371
252 957
252 353
252 312
252 273
252 485
253 710
253 330
255 710
255 330
255 371
255 374
255 907
255 693
255 704
255 623
255 864
255 633
255 743
255 695
255 951
255 400
255 588
255 438
255 560
255 726
255 932
255 273
255 386
255 752
255 370
255 665
255 832
255 768
255 749
256 710
256 330
256 371
256 374
256 907
256 693
256 704
256 864
256 633
256 857
256 743
256 400
256 588
256 841
256 786
256 323
256 930
256 726
256 519
256 644
256 407
256 406
256 387
256 849
256 982
257 710
257 330
257 693
257 730
257 353
258 710
258 330
258 371
258 374
258 907
258 864
258 743
258 730
258 586
258 742
258 460
259 710
259 330
259 633
260 710
260 330
260 371
260 693
260 951
262 710
262 330
262 371
262 374
262 907
262 611
263 710
263 330
263 907
264 710
264 330
266 710
269 710
269 330
271 330
271 538
273 710
273 330
273 374
275 710
275 598
276 710
277 710
277 330
277 633
278 710
278 330
278 704
278 663
278 910
278 462
279 710
279 330
280 710
280 330
281 710
281 330
281 374
283 710
283 623
284 710
284 330
285 710
285 330
286 710
286 374
287 710
287 695
287 757
287 365
288 710
288 330
289 710
289 330
289 371
289 374
289 907
289 693
289 704
289 864
289 857
289 400
289 919
289 588
289 581
289 929
289 537
289 892
289 361
289 305
289 916
289 698
289 381
289 708
290 710
290 330
291 710
291 330
291 371
291 374
291 910
291 496
291 524
292 710
292 330
293 710
294 710
294 330
295 710
296 907
297 710
297 330
297 693
297 623
297 400
297 438
298 710
298 330
298 374
298 704
298 743
298 588
298 892
299 371
299 693
300 710
300 330
300 907
300 693
300 623
300 857
300 581
300 501
303 710
304 330
305 710
305 330
305 907
305 623
305 864
305 538
305 833
305 818
305 668
306 710
307 710
308 730
308 799
310 330
312 710
312 330
312 371
312 704
312 864
312 951
313 710
313 330
313 371
313 374
313 907
313 693
313 623
313 951
313 683
313 957
313 755
313 932
313 490
313 908
314 710
314 907
315 710
315 330
315 704
315 730
315 929
315 431
316 710
317 710
318 710
319 330
321 710
321 330
322 710
322 330
322 374
322 907
322 726
322 597
322 873
323 710
323 330
323 374
323 907
323 704
323 864
323 633
323 857
323 730
323 968
323 667
323 475
323 629
323 393
323 818
323 728
323 384
325 710
325 330
326 710
326 330
326 371
326 374
326 693
326 704
326 623
326 537
326 892
326 828
326 742
326 598
326 503
327 710
327 330
327 371
327 594
328 710
328 330
328 841
329 710
330 710
330 371
330 374
330 907
330 693
330 704
330 623
330 864
330 633
330 857
330 743
330 695
330 951
330 400
330 730
330 919
330 538
330 968
330 588
330 683
330 841
330 786
330 581
330 667
330 945
330 929
330 957
330 438
330 461
330 537
330 411
330 344
330 892
330 909
330 954
330 417
330 755
330 586
330 930
330 353
330 824
330 560
330 971
330 670
330 475
330 799
330 823
330 828
330 366
330 726
330 422
330 696
330 932
330 742
330 837
330 597
330 490
330 444
330 362
330 934
330 923
330 630
330 431
330 607
330 738
330 642
330 1000
330 351
330 663
330 396
330 777
330 358
330 833
330 414
330 512
330 479
330 681
330 924
330 433
330 629
330 651
330 577
330 575
330 958
330 910
330 403
330 519
330 745
330 886
330 655
330 393
330 361
330 984
330 350
330 348
330 460
330 678
330 373
330 343
330 648
330 540
330 787
330 644
330 676
330 686
330 724
330 794
330 457
330 916
330 898
330 596
330 407
330 965
330 852
330 406
330 598
330 415
330 744
330 698
330 511
330 946
330 997
330 639
330 899
330 585
330 798
330 387
330 494
330 939
330 921
330 470
330 636
330 732
330 925
330 612
330 718
330 865
330 386
330 926
330 592
330 440
330 625
330 439
330 564
330 423
330 918
330 762
330 914
330 915
330 879
330 818
330 549
330 723
330 541
330 748
330 807
330 495
330 368
330 480
330 601
330 472
330 752
330 476
330 341
330 869
330 795
330 576
330 793
330 454
330 496
330 504
330 966
330 757
330 728
330 754
330 653
330 872
330 860
330 688
330 741
330 983
330 589
330 734
330 566
330 533
330 811
330 657
330 697
330 349
330 641
330 493
330 813
330 451
330 803
330 654
330 882
330 736
330 482
330 394
330 418
330 850
330 334
330 847
330 908
330 618
330 975
330 940
330 849
330 664
330 370
330 867
330 902
330 937
330 539
330 384
330 498
330 890
330 525
330 389
330 763
330 515
330 733
330 502
330 584
330 452
330 979
330 785
330 797
330 884
330 756
330 904
330 666
330 507
330 659
330 989
330 764
330 391
330 725
330 737
330 381
330 595
330 684
330 516
330 486
330 863
330 602
330 604
330 903
330 643
330 594
330 675
330 518
330 856
330 805
330 624
330 582
330 827
330 844
330 963
330 868
330 524
330 936
330 727
330 832
330 816
330 986
330 542
330 901
330 829
330 661
330 574
330 544
330 935
330 839
330 720
330 747
330 719
330 772
330 621
330 649
330 812
330 874
330 491
330 842
330 788
330 716
330 573
330 388
330 379
330 982
330 483
330 972
330 783
330 819
330 583
330 721
330 338
330 450
330 768
330 468
330 826
330 782
330 931
330 570
330 552
330 893
330 759
330 382
330 878
330 947
330 985
330 522
330 340
330 626
330 858
330 991
330 973
330 448
330 509
330 917
330 691
330 529
330 714
330 702
330 485
330 980
330 894
330 620
330 442
330 409
330 817
330 668
330 912
330 911
330 378
330 614
330 563
330 548
330 427
330 715
330 713
330 557
330 424
330 645
330 941
330 825
330 846
330 447
330 873
330 999
330 523
330 446
330 815
330 705
330 830
330 806
330 503
330 627
330 761
330 779
330 690
330 974
330 967
330 478
330 473
330 635
330 913
330 599
330 355
330 672
330 881
330 562
330 976
330 760
331 907
332 710
334 710
334 693
334 730
334 512
335 681
336 710
337 710
338 710
338 984
339 710
339 704
340 710
341 710
341 374
341 907
341 786
341 474
342 623
343 710
343 907
343 796
344 710
344 371
344 374
344 907
344 693
344 704
344 633
344 857
344 730
344 358
344 762
344 725
346 710
347 710
348 710
348 374
348 693
348 623
349 710
349 374
349 415
350 710
350 704
350 951
350 730
350 930
350 386
350 368
350 872
350 699
351 710
351 374
351 857
351 743
351 581
351 533
351 365
352 710
353 710
353 371
353 374
353 623
353 538
353 642
353 493
354 371
356 710
357 710
358 710
358 907
358 951
358 968
359 710
359 872
360 710
361 710
361 374
361 919
361 490
361 473
362 710
362 371
362 743
362 730
362 586
362 824
362 513
363 710
364 907
365 710
365 371
365 864
365 663
366 710
366 374
366 693
366 633
366 951
366 921
366 459
367 710
367 704
368 710
368 374
368 907
368 857
368 909
369 710
369 374
370 710
370 864
370 743
371 710
371 374
371 907
371 693
371 704
371 623
371 864
371 633
371 857
371 743
371 695
371 951
371 400
371 730
371 919
371 538
371 968
371 588
371 683
371 841
371 786
371 581
371 667
371 945
371 929
371 957
371 438
371 461
371 537
371 411
371 892
371 909
371 954
371 417
371 755
371 930
371 824
371 971
371 799
371 823
371 828
371 726
371 422
371 742
371 837
371 597
371 444
371 923
371 630
371 431
371 607
371 738
371 642
371 663
371 396
371 924
371 629
371 984
371 460
371 648
371 724
371 407
371 406
371 585
371 921
371 925
371 612
371 865
371 386
371 762
371 723
371 495
371 476
371 454
371 496
371 754
371 811
371 482
371 394
371 418
371 618
371 867
371 902
371 539
371 520
371 805
371 524
371 500
371 375
371 826
371 552
371 521
371 626
371 808
371 372
371 528
371 990
372 907
373 710
373 623
374 710
374 907
374 693
374 704
374 623
374 864
374 633
374 857
374 743
374 695
374 951
374 400
374 730
374 919
374 538
374 968
374 588
374 683
374 841
374 786
374 581
374 667
374 945
374 929
374 957
374 438
374 461
374 537
374 411
374 892
374 909
374 954
374 417
374 755
374 586
374 560
374 670
374 475
374 799
374 823
374 828
374 422
374 837
374 630
374 431
374 607
374 1000
374 681
374 629
374 910
374 984
374 678
374 457
374 406
374 798
374 387
374 865
374 926
374 601
374 476
374 793
374 496
374 860
374 458
374 389
374 763
374 515
374 391
374 595
374 631
374 770
374 844
374 721
374 960
374 774
374 610
374 614
374 751
374 834
374 647
374 599
376 710
377 693
379 710
380 710
380 400
381 710
382 710
383 710
384 710
384 958
385 932
385 439
386 710
386 907
386 693
386 864
386 438
386 630
387 710
388 710
389 710
390 710
391 710
391 743
393 710
393 743
393 577
394 710
394 910
395 710
396 710
396 857
396 400
396 538
396 683
396 540
396 988
398 710
398 581
398 519
399 710
400 710
400 907
400 693
400 704
400 623
400 864
400 633
400 857
400 743
400 695
400 951
400 730
400 588
400 841
400 945
400 438
400 537
400 422
400 837
400 965
400 744
400 996
400 814
403 710
403 857
403 588
403 667
404 710
405 710
406 710
406 693
406 431
407 710
407 704
407 1000
407 512
407 768
409 710
410 710
410 968
411 710
411 907
411 693
411 704
411 864
411 633
411 695
411 951
411 968
411 454
411 542
411 497
411 980
412 431
413 710
413 934
414 710
414 907
414 746
415 710
415 907
415 934
415 777
416 710
416 681
417 710
417 693
417 461
417 971
417 559
418 710
418 824
419 710
421 710
421 958
422 710
422 907
422 693
422 823
422 495
423 710
423 907
423 693
423 633
423 696
423 470
425 710
425 824
426 710
428 710
431 710
431 907
431 823
431 597
431 510
431 694
433 710
433 693
434 633
435 710
436 710
437 710
437 907
437 633
437 730
438 710
438 907
438 704
438 633
438 857
438 730
438 919
438 968
438 588
438 667
438 537
438 892
438 564
439 710
440 710
440 633
440 932
443 710
443 824
444 710
444 813
444 483
445 710
445 907
445 623
445 839
445 463
446 710
447 710
448 710
448 907
449 667
450 710
451 710
451 704
452 710
453 710
454 710
454 919
455 710
456 786
457 710
457 695
458 710
458 695
458 852
459 710
460 710
460 907
460 864
460 743
461 710
461 907
461 693
461 704
461 623
461 857
461 919
461 538
461 968
461 588
461 581
461 667
461 560
461 670
461 916
461 625
461 498
462 710
462 693
463 710
463 696
464 710
464 563
465 710
466 710
469 710
470 710
470 907
470 743
470 695
470 954
470 993
471 710
471 633
472 710
474 710
475 710
475 907
475 864
475 586
475 619
476 710
477 710
479 710
479 755
480 710
480 951
480 588
481 710
481 663
482 710
483 710
484 710
486 710
486 909
486 644
489 693
490 710
490 951
490 786
490 581
490 738
492 710
492 743
493 710
493 907
494 710
494 968
495 710
495 907
496 710
496 704
496 512
496 577
496 643
497 710
497 864
498 710
500 710
500 907
501 710
502 710
502 704
502 727
504 710
504 693
505 710
506 710
507 710
507 907
509 704
510 710
510 693
511 710
511 930
512 710
512 907
512 693
512 670
512 997
513 710
514 710
515 710
516 710
517 710
518 710
518 693
518 630
519 710
519 907
519 743
520 710
521 710
522 710
524 710
524 857
525 710
525 588
526 710
526 794
527 710
530 710
531 710
531 623
532 710
533 710
533 907
533 823
536 710
536 704
536 743
537 710
537 693
537 704
537 623
537 857
537 951
537 538
537 683
537 786
537 957
537 934
537 596
538 710
538 907
538 693
538 704
538 623
538 864
538 633
538 857
538 695
538 951
538 730
538 588
538 841
538 934
538 642
538 1000
538 681
538 629
538 910
538 916
538 997
538 636
538 985
539 710
539 738
539 860
540 710
540 581
540 775
541 710
541 857
542 710
542 704
543 710
543 693
544 710
545 710
546 710
546 919
548 954
549 710
549 907
549 623
549 695
550 907
550 852
552 710
555 907
555 693
556 710
558 710
559 710
559 704
560 710
560 907
560 704
560 695
560 588
560 683
560 929
560 625
562 710
564 710
564 693
564 834
566 710
568 710
570 710
570 693
571 710
573 710
574 710
575 710
575 907
575 857
576 710
576 639
577 710
577 907
577 880
578 710
579 710
581 710
581 907
581 693
581 704
581 864
581 633
581 857
581 695
581 730
581 957
581 971
581 670
581 663
581 787
581 611
581 870
582 710
583 892
584 710
585 710
586 710
586 693
586 704
586 841
586 923
587 710
588 710
588 907
588 693
588 704
588 623
588 864
588 743
588 730
588 919
588 786
588 946
588 869
588 844
588 991
588 846
588 690
589 710
590 710
591 710
592 710
592 695
592 742
593 710
594 710
595 710
595 786
595 682
596 710
596 683
597 710
597 907
597 693
597 683
597 971
597 670
597 903
597 774
598 710
598 693
600 710
601 710
601 704
601 743
602 710
602 921
604 710
605 710
606 710
607 710
607 693
607 704
607 919
607 992
609 710
609 907
610 710
611 710
612 710
614 710
615 710
616 710
617 710
618 710
618 693
622 710
623 710
623 907
623 693
623 704
623 864
623 633
623 857
623 743
623 695
623 951
623 730
623 919
623 968
623 683
623 957
623 892
623 934
623 777
623 648
623 787
623 852
623 732
623 688
623 654
623 877
623 987
623 647
624 710
625 710
625 945
626 742
627 710
628 710
629 710
629 633
629 730
629 945
629 921
629 684
630 710
630 907
630 919
630 683
630 969
631 710
631 954
631 917
632 710
632 915
633 710
633 907
633 693
633 704
633 864
633 857
633 743
633 695
633 951
633 730
633 919
633 968
633 786
633 667
633 945
633 929
633 824
633 670
633 799
633 923
633 984
633 698
633 946
633 915
633 936
633 689
633 851
634 710
634 892
636 710
637 710
638 710
639 710
640 907
641 710
641 930
642 710
642 693
642 951
642 919
643 710
643 704
644 710
644 919
644 929
644 678
645 710
646 710
648 710
648 693
648 951
648 1000
649 710
649 841
651 710
652 710
653 710
653 892
654 710
655 710
655 907
656 693
656 968
657 710
658 968
659 710
660 710
660 701
661 710
661 695
662 951
663 710
663 777
664 710
665 710
666 710
667 710
667 907
667 693
667 704
667 857
667 951
667 730
667 968
667 929
667 954
667 881
670 710
670 907
670 864
670 743
670 923
670 734
670 935
671 710
673 710
673 693
674 907
675 710
676 710
677 839
678 710
678 693
678 695
678 686
681 710
681 742
682 710
683 710
683 907
683 693
683 704
683 864
683 743
683 695
683 945
683 929
683 957
683 939
683 860
683 996
684 710
686 710
686 693
687 710
688 710
690 710
691 902
692 710
693 710
693 907
693 704
693 864
693 857
693 743
693 695
693 951
693 730
693 919
693 968
693 841
693 786
693 945
693 929
693 957
693 892
693 909
693 824
693 726
693 932
693 742
693 934
693 833
693 958
693 910
693 787
693 724
693 865
693 762
693 747
693 800
693 970
693 706
693 871
695 710
695 907
695 704
695 864
695 857
695 743
695 951
695 730
695 919
695 786
695 957
695 909
695 971
695 726
695 934
695 921
695 966
695 829
695 790
695 834
696 710
696 704
696 954
696 985
697 710
697 879
698 710
698 864
699 710
701 710
702 710
702 886
704 710
704 907
704 864
704 857
704 743
704 951
704 730
704 919
704 968
704 841
704 786
704 945
704 929
704 957
704 971
704 837
704 923
704 924
704 886
704 921
704 754
704 797
704 827
704 716
704 800
704 947
704 706
704 991
704 825
704 875
705 710
706 710
707 710
710 907
710 864
710 857
710 743
710 951
710 730
710 919
710 968
710 841
710 786
710 945
710 929
710 957
710 892
710 909
710 954
710 755
710 930
710 824
710 971
710 799
710 823
710 828
710 726
710 932
710 742
710 837
710 934
710 923
710 738
710 1000
710 777
710 833
710 924
710 958
710 910
710 745
710 886
710 984
710 787
710 724
710 794
710 916
710 898
710 965
710 852
710 744
710 946
710 997
710 899
710 798
710 939
710 921
710 732
710 925
710 718
710 865
710 926
710 918
710 762
710 914
710 915
710 879
710 818
710 723
710 748
710 807
710 752
710 869
710 795
710 793
710 966
710 757
710 728
710 754
710 872
710 860
710 741
710 983
710 734
710 811
710 813
710 803
710 882
710 736
710 722
710 850
710 847
710 908
710 975
710 940
710 849
710 998
710 867
710 902
710 937
710 890
710 763
710 733
710 746
710 979
710 785
710 797
710 884
710 756
710 780
710 904
710 989
710 764
710 725
710 737
710 863
710 903
710 767
710 944
710 996
710 995
710 942
710 856
710 805
710 964
710 770
710 992
710 827
710 844
710 963
710 868
710 804
710 936
710 727
710 832
710 816
710 877
710 986
710 901
710 829
710 866
710 862
710 935
710 839
710 854
710 720
710 747
710 719
710 772
710 812
710 773
710 796
710 948
710 859
710 874
710 848
710 842
710 788
710 716
710 993
710 952
710 982
710 972
710 783
710 790
710 819
710 800
710 721
710 768
710 826
710 938
710 970
710 782
710 931
710 759
710 878
710 927
710 947
710 987
710 985
710 858
710 991
710 835
710 776
710 900
710 836
710 714
710 912
710 781
710 949
710 789
710 758
710 831
710 840
710 941
710 731
710 855
710 825
710 846
710 822
710 808
710 851
710 920
710 922
710 999
710 815
710 928
710 830
710 809
710 806
710 792
710 802
710 784
710 967
710 990
710 913
710 838
710 717
710 871
710 765
710 875
710 760
718 957
719 841
723 864
723 968
724 919
726 945
730 907
730 864
730 857
730 743
730 951
730 919
730 954
730 745
730 886
730 918
730 754
730 832
732 857
733 919
736 929
738 973
743 907
743 864
743 857
743 919
743 968
743 841
743 786
743 957
743 954
743 971
743 833
743 958
743 787
743 756
743 878
752 907
752 857
755 907
755 957
755 971
755 869
755 874
759 907
760 966
762 951
763 929
770 864
777 954
785 909
786 907
786 857
786 951
786 899
787 951
789 892
789 920
791 841
791 833
794 954
797 957
799 907
799 864
799 968
805 857
807 864
807 879
807 937
814 844
823 919
828 907
828 934
829 864
829 951
833 907
841 907
841 864
841 857
841 919
841 926
841 948
843 923
849 886
852 907
857 907
857 864
857 951
857 919
857 929
857 954
857 924
857 926
857 902
857 863
857 895
857 938
859 925
859 989
864 907
864 951
864 919
864 968
864 929
864 925
864 996
864 897
865 907
868 957
870 923
872 907
872 942
882 924
882 926
886 909
892 971
892 924
902 923
904 951
907 951
907 919
907 968
907 945
907 929
907 957
907 909
907 954
907 971
907 932
907 984
907 946
907 966
909 951
909 957
910 968
910 921
919 968
919 924
923 934
924 972
925 929
930 975
934 945
945 954
951 968
951 954
951 975
957 968
968 994
