1000 577
2 241
4 225
4 274
4 283
4 820
5 467
5 696
6 521
7 744
7 992
8 140
8 171
8 177
8 785
10 885
11 216
13 192
14 304
14 389
15 822
15 946
16 308
17 408
18 347
18 803
18 905
19 358
21 982
22 142
22 766
24 421
25 802
26 351
26 940
27 605
30 111
30 635
31 714
32 498
33 290
33 944
34 68
34 426
35 743
36 44
36 75
37 671
38 259
38 609
38 614
40 884
40 994
41 394
42 949
43 825
44 94
44 984
45 130
45 393
45 834
45 939
46 993
47 569
47 940
48 121
48 783
52 410
53 481
53 529
55 144
56 306
57 726
58 266
59 95
59 541
59 805
60 183
60 981
61 828
64 68
64 131
68 244
68 268
68 478
68 633
69 861
71 414
73 596
74 234
74 428
75 284
77 595
77 634
77 746
79 800
80 759
81 278
83 142
84 556
84 617
84 1000
86 156
86 972
87 180
87 477
88 272
88 820
89 777
89 827
91 441
92 804
92 839
92 954
93 540
94 825
95 707
95 787
98 969
99 218
101 402
102 582
102 967
103 598
104 662
105 630
106 453
106 746
106 976
107 869
107 987
108 410
108 808
109 460
110 563
112 260
112 405
114 996
116 174
116 326
117 1000
119 300
119 599
120 692
122 145
122 880
123 867
125 236
125 407
126 749
127 910
131 655
131 741
131 881
132 415
132 549
133 960
136 815
137 412
140 549
141 392
141 674
143 163
145 666
147 475
148 387
148 614
148 858
150 190
152 236
152 882
152 940
154 489
154 794
155 785
157 528
159 218
163 679
163 883
163 906
164 228
166 391
168 332
169 494
174 237
174 663
174 992
175 310
178 300
182 423
182 490
186 212
188 262
190 385
192 683
192 851
193 289
193 998
195 335
195 582
195 711
196 419
197 213
198 385
199 383
199 714
199 804
201 758
201 798
204 763
206 236
206 638
207 455
207 526
210 529
210 652
210 773
211 661
211 778
213 700
214 645
214 675
214 827
216 874
217 598
217 980
218 380
218 453
218 630
219 420
219 604
220 412
221 719
222 670
222 757
223 282
223 404
225 656
225 949
227 985
229 405
230 585
231 245
231 336
231 535
231 927
232 743
232 976
233 966
238 261
238 444
238 901
239 360
239 935
242 305
242 584
242 867
242 972
243 682
244 412
247 669
248 340
249 270
249 272
249 532
252 393
253 291
253 848
255 588
255 801
262 445
267 311
267 766
269 387
270 369
270 638
270 876
271 310
272 674
273 333
276 931
277 459
282 334
283 445
283 448
283 917
284 541
285 461
285 490
286 615
286 885
287 555
290 672
290 884
294 429
294 514
294 718
295 496
296 558
296 699
296 793
299 925
301 819
304 587
305 477
305 867
306 331
306 588
306 667
307 447
308 635
308 947
309 445
309 929
311 408
311 600
312 457
312 700
316 593
316 832
318 333
321 356
321 696
322 469
322 597
325 609
326 645
326 820
328 583
329 601
329 740
331 443
331 619
331 724
332 619
332 630
333 386
335 592
337 819
339 703
344 559
345 393
345 892
348 452
348 580
349 549
350 721
351 948
352 695
354 548
357 477
358 777
363 392
363 625
363 642
363 731
365 627
368 931
370 886
372 691
376 566
377 402
377 423
378 481
378 493
378 665
380 460
380 646
381 480
381 735
387 965
388 659
389 847
391 456
392 529
394 679
395 891
397 864
401 424
402 665
402 677
406 533
407 939
408 669
409 506
411 964
415 893
416 624
419 778
419 843
422 841
423 797
424 622
424 801
428 550
428 684
428 699
428 910
429 550
431 832
432 824
432 905
434 601
435 500
437 557
437 895
439 905
440 777
442 674
442 927
443 899
446 655
448 799
449 903
451 706
453 675
453 994
456 881
458 506
461 761
462 748
464 758
464 855
466 508
471 681
471 889
471 971
472 668
472 805
473 712
478 659
478 905
479 786
479 968
480 572
483 707
484 875
486 584
486 657
487 677
488 821
490 779
490 964
491 504
492 957
493 909
501 645
502 938
503 644
506 508
507 629
509 795
509 880
511 634
516 953
523 828
524 907
525 811
525 951
526 945
527 586
527 694
527 745
531 585
536 906
537 678
542 561
543 859
546 765
548 969
550 799
553 752
557 775
558 880
558 897
560 960
562 939
566 874
567 954
570 915
571 732
572 659
574 600
575 879
577 902
582 971
587 744
589 770
589 951
595 899
598 791
602 896
604 765
604 791
606 700
608 943
611 922
614 852
616 912
620 996
621 670
629 821
632 816
636 820
636 920
640 962
641 714
641 879
642 986
643 740
643 993
644 945
647 864
648 860
648 987
649 829
655 991
656 776
657 909
657 917
657 919
658 929
663 748
664 907
674 821
675 694
680 738
683 914
689 722
692 910
698 741
700 1000
702 932
703 926
706 792
716 991
720 935
723 926
726 990
731 882
739 749
744 987
749 924
751 965
756 918
769 876
771 934
773 971
775 822
782 831
784 889
804 937
807 901
808 954
811 947
812 854
813 871
813 928
813 939
819 986
821 831
821 999
833 921
840 873
843 867
845 948
852 886
854 941
862 877
903 958
909 959
913 995
926 994
931 967
933 974
937 972
952 979
969 996
