1000 716
1 158
2 27
4 656
6 90
7 248
9 147
10 980
11 109
11 303
11 531
12 209
12 940
13 46
14 669
15 42
17 107
20 132
21 107
23 737
25 239
25 656
25 928
26 523
27 332
30 351
30 652
31 611
31 824
32 695
33 479
33 860
34 235
34 359
35 437
36 234
37 321
38 283
38 307
38 687
44 503
44 681
44 948
45 222
46 227
46 333
46 435
46 733
46 974
48 620
49 602
50 472
50 897
51 683
52 748
53 571
53 643
54 519
54 583
54 592
54 772
55 926
56 287
57 246
57 365
58 631
60 147
60 215
60 237
60 649
61 403
61 728
62 933
63 320
64 661
64 814
65 868
66 210
67 507
67 616
67 785
68 883
69 108
70 568
70 621
72 663
73 826
74 324
77 495
78 965
79 453
79 979
80 638
81 437
81 871
82 247
82 913
83 850
85 230
85 651
86 100
86 660
87 476
87 877
87 897
88 873
89 693
89 838
90 329
90 408
91 557
92 264
92 325
92 706
94 265
95 354
98 143
98 275
98 984
102 900
103 227
104 378
105 611
105 658
105 839
105 950
106 416
106 596
106 614
106 874
106 957
109 762
110 934
110 936
112 482
113 265
114 772
115 446
115 745
117 624
117 990
119 528
119 966
121 161
121 318
121 930
123 330
123 521
123 585
124 286
124 521
124 971
125 179
125 806
128 218
129 161
129 409
129 639
129 723
129 841
131 222
131 923
132 330
133 687
134 308
134 373
134 707
135 794
136 193
137 257
137 387
137 529
138 204
138 509
140 685
141 285
141 830
142 292
144 257
144 825
145 888
146 327
146 498
146 549
147 169
150 205
150 291
150 486
152 498
152 785
152 808
153 629
153 758
154 470
155 351
155 632
155 826
155 913
157 890
159 440
159 452
159 494
159 584
159 920
160 239
162 717
162 795
163 691
163 736
164 218
166 425
167 180
169 763
170 180
170 199
170 971
172 366
172 471
172 686
173 537
174 448
175 281
175 960
176 463
176 606
177 363
178 207
179 278
180 491
180 966
181 463
183 459
183 994
184 270
184 394
184 782
185 703
186 189
186 768
187 496
187 617
187 903
189 196
191 288
191 643
192 300
192 627
193 576
193 899
194 286
194 475
196 300
196 598
196 959
200 996
201 646
202 626
203 253
203 913
206 548
206 864
206 897
207 332
210 749
210 891
211 493
212 524
215 240
215 483
216 255
216 343
216 689
217 289
218 375
218 535
220 318
221 666
221 820
222 261
222 329
222 654
222 997
223 577
224 837
225 921
227 895
228 346
228 349
228 389
228 395
228 496
228 725
230 573
230 582
232 682
233 327
233 360
233 892
234 705
234 707
234 908
237 562
237 857
238 418
238 969
239 464
241 515
242 303
242 523
244 806
246 840
247 280
249 914
251 306
251 582
251 895
253 261
254 336
254 830
255 694
256 422
257 788
257 941
258 315
258 345
258 607
258 734
259 620
260 511
260 623
261 942
262 903
264 279
264 642
265 287
266 655
267 286
268 585
270 395
270 579
270 978
272 543
272 716
273 319
273 385
274 299
274 561
274 752
275 523
275 793
276 389
276 809
276 826
277 508
279 950
280 537
281 980
282 494
282 779
284 460
284 474
286 779
287 775
288 445
288 489
288 677
289 469
289 547
291 687
291 887
293 842
294 411
294 530
296 455
296 837
297 434
297 446
297 451
297 495
299 605
300 917
300 963
300 979
301 588
302 689
304 709
304 968
305 317
306 922
306 985
307 440
308 369
308 998
310 338
310 507
312 377
312 477
313 751
320 500
320 718
323 458
324 348
324 458
326 412
326 427
326 763
328 393
328 473
328 968
329 549
329 941
331 895
334 830
335 435
336 781
338 392
340 594
340 793
341 355
342 435
345 636
345 664
347 830
349 519
350 986
351 382
351 479
352 780
355 492
356 490
357 808
358 846
358 909
359 960
360 395
360 842
360 981
360 998
362 517
363 521
363 635
366 367
366 482
366 716
367 766
367 852
368 580
368 584
368 882
369 634
370 564
371 481
371 987
372 689
373 462
373 620
374 573
374 631
375 920
377 629
378 386
378 793
378 846
378 852
380 618
382 907
385 862
386 631
386 839
387 460
388 660
388 817
391 522
392 943
392 981
394 521
395 955
397 568
397 723
399 634
408 428
410 622
411 608
412 454
412 988
414 473
415 653
416 642
418 999
423 859
425 490
429 439
429 775
431 435
431 793
431 856
433 899
434 721
436 600
438 901
441 983
442 838
445 560
446 946
447 470
449 581
451 677
452 534
454 502
454 930
455 537
455 923
457 740
459 683
459 981
460 737
461 477
462 606
465 845
467 909
470 977
471 748
473 868
474 482
475 735
475 801
475 971
476 775
476 806
477 966
478 544
478 682
481 652
482 539
482 595
482 935
487 542
490 987
492 518
493 891
499 591
499 1000
500 587
500 994
501 584
504 656
504 976
508 874
509 532
509 964
510 758
511 581
511 836
513 620
514 913
515 560
522 753
525 707
525 958
526 740
529 534
529 840
529 961
530 861
530 917
532 720
532 913
533 982
537 849
538 563
542 591
543 635
544 876
545 851
547 715
548 905
549 933
550 769
551 967
552 810
554 936
556 787
556 939
559 941
561 853
562 868
563 642
564 666
567 850
568 991
569 900
574 987
575 645
576 853
579 615
581 653
581 878
584 922
587 590
587 708
589 992
594 708
594 913
594 931
598 625
599 714
599 973
600 897
603 755
603 872
607 711
610 699
611 675
614 883
616 800
617 637
619 675
622 999
626 647
626 772
627 811
627 861
628 797
628 875
629 956
631 874
634 792
636 688
637 717
637 765
639 757
640 659
641 937
642 875
643 928
648 960
649 783
652 994
657 753
659 930
662 784
668 833
669 949
672 782
672 869
673 713
674 797
676 703
680 776
684 831
684 976
686 886
699 779
700 956
703 785
705 783
706 994
707 843
707 887
707 967
708 768
708 956
710 902
711 955
717 852
720 878
723 733
727 747
729 889
733 792
733 955
735 788
735 841
736 811
738 786
743 754
744 939
747 870
752 818
752 970
752 979
753 906
760 859
764 918
764 929
766 819
774 828
774 938
776 958
778 808
778 832
784 995
785 799
785 826
785 848
794 994
806 992
809 833
816 929
823 969
824 952
843 904
846 869
846 874
846 952
847 995
853 878
853 944
854 879
867 942
882 991
885 962
895 964
897 904
922 972
961 992
985 989
