1000 641
2 536
4 593
4 660
5 333
5 661
5 897
6 633
6 691
6 775
9 527
11 633
11 875
13 137
13 881
15 61
15 708
16 430
17 283
17 964
18 77
19 674
20 456
21 613
22 361
23 289
24 115
24 355
26 559
26 791
27 300
27 663
27 719
27 858
27 932
28 75
28 582
28 759
29 954
30 348
30 844
30 951
33 372
35 533
35 651
38 523
40 726
40 859
42 262
42 272
42 320
44 913
46 724
47 904
48 876
48 916
50 797
51 458
51 668
51 924
54 824
55 607
56 831
58 261
58 536
59 588
59 679
60 774
61 249
61 904
62 625
62 933
63 626
63 647
65 501
66 255
66 951
67 221
67 404
68 306
69 468
69 709
70 425
70 651
71 413
71 672
72 343
73 138
73 500
73 732
73 921
74 620
74 991
75 324
75 562
76 419
76 437
78 169
78 263
78 404
81 335
81 395
81 432
81 748
82 875
83 378
83 827
84 776
85 647
85 724
86 687
86 777
86 932
87 142
87 262
87 762
88 729
88 910
89 497
89 590
89 734
90 349
90 713
91 316
92 720
94 307
97 666
98 731
98 804
99 309
99 395
99 566
100 255
100 540
100 724
100 818
100 899
101 757
103 505
104 304
105 533
106 178
106 299
107 570
108 188
108 601
110 612
110 760
110 824
111 366
111 893
112 613
112 712
113 119
113 522
113 784
114 718
115 158
115 350
116 457
116 482
120 315
122 720
122 864
123 164
123 327
124 314
124 378
124 803
125 302
127 462
128 171
128 406
128 886
129 702
131 383
132 579
133 599
134 646
136 209
137 524
138 166
141 224
142 483
142 710
145 421
148 380
148 463
150 812
152 625
152 998
153 296
153 762
154 874
157 826
158 420
162 370
162 729
163 780
164 324
164 346
165 205
166 502
167 211
167 852
167 915
168 673
169 889
172 821
173 561
173 608
173 777
173 835
174 525
175 403
175 651
176 706
177 809
178 536
179 570
179 785
180 341
181 293
182 803
183 261
183 843
184 670
184 852
185 696
185 840
185 946
186 262
186 637
187 843
189 529
189 725
191 350
192 631
192 788
193 194
193 235
194 482
195 615
197 344
198 305
198 374
198 386
200 220
200 539
200 740
205 708
205 964
207 247
209 458
211 303
211 799
212 526
214 551
215 697
216 541
217 521
219 682
219 794
220 870
221 987
222 506
223 356
223 532
224 594
226 625
227 930
228 448
229 486
230 895
231 435
234 554
235 342
235 719
236 608
236 739
237 531
239 624
239 900
241 431
242 408
242 726
243 499
243 590
245 320
245 393
246 636
247 413
247 484
250 251
253 783
253 945
254 680
256 617
257 277
257 974
258 875
259 294
259 387
259 766
259 933
260 581
262 274
263 524
263 555
264 723
265 398
265 581
268 369
269 285
269 935
269 954
270 856
273 604
274 527
275 856
279 872
280 808
281 511
281 785
282 773
283 516
284 321
285 825
286 294
286 363
286 742
286 917
288 573
292 673
294 632
294 740
297 987
298 996
299 335
300 730
303 396
304 419
305 492
305 494
306 994
307 535
308 763
309 390
311 404
311 608
311 698
314 394
314 585
316 454
319 957
321 940
324 556
328 788
329 664
330 486
332 626
332 756
333 355
335 892
336 691
338 959
344 678
344 913
345 786
348 850
351 427
354 607
355 547
355 581
356 403
356 576
356 912
357 658
361 921
362 780
365 397
365 585
365 806
366 870
367 900
370 399
371 820
375 449
376 816
378 521
380 532
382 471
382 494
382 656
383 821
385 920
385 998
386 788
388 679
388 956
389 767
390 439
390 562
391 918
392 394
392 866
395 735
396 657
399 424
399 439
399 975
401 511
401 924
403 551
403 557
403 776
404 912
405 805
407 962
410 584
411 847
412 646
412 671
414 923
415 506
415 762
419 636
420 722
423 472
425 620
425 711
430 757
431 860
432 648
433 840
433 923
434 900
436 744
437 968
439 580
439 741
440 1000
441 459
441 866
442 587
445 766
446 931
447 825
447 865
449 976
453 668
453 722
453 752
453 884
456 469
457 977
458 727
459 715
461 863
462 735
465 631
468 600
468 754
469 969
471 896
473 817
476 671
480 787
480 870
481 687
481 789
483 662
483 796
484 821
484 896
485 802
488 720
489 656
489 730
490 575
490 745
490 931
490 933
491 592
492 804
493 991
494 980
495 515
495 928
496 796
496 996
499 932
500 879
501 586
501 966
505 622
506 735
508 720
509 970
510 827
511 819
512 637
512 824
513 779
513 810
514 912
516 602
518 839
518 956
521 545
521 623
523 840
524 734
525 817
526 819
526 845
527 843
529 571
530 766
530 808
532 711
533 781
533 910
534 708
534 927
536 868
542 935
544 791
549 610
552 723
553 879
553 979
556 804
556 988
564 853
568 758
572 878
574 988
575 585
575 822
576 713
578 638
578 720
580 932
581 946
586 593
586 665
587 866
589 610
590 644
590 942
591 962
593 890
595 980
598 889
600 670
600 922
601 937
602 642
602 966
608 709
609 939
610 799
612 812
613 725
614 905
617 679
619 663
621 713
624 958
625 817
629 968
630 739
635 706
637 708
637 714
637 983
641 675
646 988
647 770
651 659
651 986
655 751
656 952
657 957
658 670
661 742
662 856
671 772
672 865
672 923
676 921
685 700
686 828
689 759
698 853
700 942
702 862
703 877
707 782
709 732
713 916
715 721
716 826
718 847
724 746
728 805
728 913
734 977
738 962
742 948
745 898
751 966
753 983
754 824
757 774
761 865
762 910
766 831
767 884
784 935
789 823
790 848
793 975
795 967
797 825
801 957
810 844
812 878
819 945
820 865
825 872
832 911
840 854
857 931
865 905
879 991
885 986
927 965
942 976
950 991
963 978
