1000 1000
774 860
774 87
860 966
140 982
140 273
982 381
539 975
539 647
975 597
916 971
916 662
971 170
793 891
793 835
891 859
627 679
627 546
679 534
200 206
200 262
206 841
109 851
109 332
851 361
629 630
629 987
630 105
16 296
16 21
296 88
118 173
118 220
173 719
182 328
182 946
328 642
197 326
197 394
326 191
253 617
253 933
617 107
297 413
297 547
413 283
642 667
667 327
556 902
556 892
902 336
234 375
234 675
375 233
292 963
292 1
963 850
299 593
299 386
593 450
108 626
108 769
626 585
25 610
25 268
610 995
771 979
771 977
979 483
664 853
664 695
853 125
404 795
404 635
795 32
488 865
488 391
865 134
341 428
341 337
428 922
422 929
422 653
929 110
145 791
145 787
791 780
288 849
288 580
849 300
458 595
458 537
595 747
465 918
465 715
918 347
751 866
751 608
866 588
121 708
121 149
708 407
567 776
567 183
776 868
612 689
612 530
689 438
113 188
113 881
188 119
112 223
112 381
223 179
493 836
493 301
836 657
605 650
605 551
650 719
855 932
855 907
932 433
337 761
15 290
15 317
290 172
184 257
184 967
257 840
307 309
307 722
309 657
391 806
806 120
481 709
481 6
709 368
674 749
674 331
749 139
228 263
228 104
263 968
473 616
473 931
616 150
98 980
98 574
980 601
175 684
175 990
684 209
235 824
235 236
824 480
232 562
232 723
562 673
889 921
889 928
921 564
409 622
409 102
622 863
363 753
363 282
753 527
218 1000
218 917
1000 417
649 701
649 514
701 895
549 763
549 28
763 136
495 643
495 663
643 155
230 745
230 312
745 566
36 861
36 77
861 128
264 725
264 738
725 996
72 802
72 355
802 346
243 275
243 579
275 589
163 166
163 632
166 880
225 904
225 768
904 444
828 965
828 425
965 619
336 581
231 557
231 765
557 467
242 984
242 491
984 670
695 704
669 810
669 818
810 56
279 377
279 820
377 591
162 457
162 587
457 596
61 127
61 581
127 460
485 720
485 906
720 209
402 951
402 286
951 486
91 433
91 71
217 420
217 536
420 208
504 989
504 42
989 150
722 517
393 484
393 314
484 804
137 796
137 240
796 960
875 914
875 241
914 820
769 75
418 913
418 364
913 811
781 974
781 874
974 384
492 633
492 122
633 239
193 822
193 412
822 177
181 201
181 221
201 192
192 180
306 461
306 509
461 785
104 388
587 894
187 671
187 976
671 92
892 563
240 497
497 281
169 882
169 579
882 454
529 609
529 434
609 360
365 528
365 877
528 462
573 981
573 388
981 537
85 480
85 987
367 885
367 207
885 694
216 396
216 925
396 766
331 383
383 283
421 447
421 115
447 498
281 800
800 250
308 915
308 638
915 245
17 214
17 412
214 901
738 520
683 703
683 686
703 591
88 265
265 318
510 870
510 536
870 814
844 895
844 899
864 873
864 416
873 789
101 869
101 141
869 222
371 464
371 79
464 964
38 502
38 111
502 783
320 489
320 451
489 466
156 167
156 552
167 157
171 784
171 736
784 501
136 826
826 80
8 906
8 953
111 927
732 946
732 479
229 645
229 594
645 770
158 832
158 103
832 713
444 570
570 47
335 910
335 670
910 246
343 496
343 475
496 707
494 656
494 90
656 144
440 685
440 908
685 474
64 514
64 14
329 332
329 373
856 990
856 754
59 319
59 693
319 876
241 553
583 993
583 702
993 4
170 415
415 146
41 957
41 854
957 760
639 912
639 955
912 743
42 600
199 985
199 550
985 70
298 628
298 291
628 403
652 949
652 672
949 815
294 310
294 750
310 948
349 682
349 499
682 585
215 831
215 141
831 506
190 518
190 997
518 151
282 878
596 788
788 66
863 903
903 886
899 262
724 983
724 322
983 613
453 739
453 471
739 879
276 954
276 69
954 986
345 559
345 477
559 640
835 636
372 513
372 315
513 644
174 659
174 872
659 208
219 572
219 516
572 519
449 607
449 561
607 680
686 718
718 368
53 805
53 883
805 482
673 778
589 379
355 847
847 90
168 374
168 986
374 295
687 942
687 340
942 39
93 698
93 641
698 277
362 733
362 154
733 522
34 648
34 842
648 678
451 680
178 256
178 490
256 884
149 602
653 60
640 442
389 705
389 919
705 442
119 2
312 452
634 792
634 924
792 786
665 807
665 44
807 744
300 547
742 752
742 463
752 203
26 244
26 959
244 706
508 823
508 459
823 575
501 702
224 646
224 407
646 161
315 764
764 696
7 797
7 620
797 339
4 5
5 311
423 712
423 126
712 277
744 500
3 278
3 40
278 443
880 978
978 803
102 603
226 692
226 291
692 603
321 435
321 469
435 452
813 897
813 120
897 387
134 311
194 641
194 663
405 941
405 491
941 937
14 401
925 385
700 858
700 114
858 611
352 706
352 426
877 268
644 716
716 250
737 767
737 563
767 871
301 566
803 295
270 478
270 280
478 879
519 970
693 837
837 417
754 760
448 530
448 597
582 759
582 945
759 21
23 130
23 129
130 819
10 48
10 697
48 543
602 132
330 385
330 410
859 887
887 833
254 893
254 821
893 808
56 395
625 729
625 727
729 883
302 988
302 123
988 586
313 561
313 704
490 532
532 338
92 95
95 116
386 801
801 531
246 400
400 239
933 515
850 923
923 938
79 668
668 926
177 666
594 438
357 523
357 852
523 344
245 947
947 943
551 654
654 472
884 952
952 590
526 817
526 49
817 757
305 351
305 146
351 358
55 176
55 999
176 748
620 762
762 516
155 928
99 511
99 353
511 486
73 611
73 47
854 938
479 926
908 818
334 997
334 770
445 757
445 862
196 538
196 944
538 348
110 395
960 586
222 456
456 677
741 773
741 565
773 366
714 756
714 758
756 874
740 894
740 439
82 143
82 259
143 287
45 521
45 348
521 922
606 814
606 133
202 999
202 327
937 857
631 758
631 888
75 287
378 550
378 67
248 459
248 204
394 940
940 255
520 890
890 76
165 424
165 598
424 52
917 953
655 715
655 293
19 477
19 261
18 271
18 761
271 779
183 588
439 920
920 615
186 236
186 694
958 972
958 637
972 735
446 541
446 798
541 2
96 608
96 794
227 939
227 615
939 46
812 936
812 544
936 474
376 900
376 517
900 717
808 152
191 845
845 31
613 935
252 950
252 911
950 63
527 651
651 1
353 390
888 255
515 727
28 468
968 476
97 429
97 419
429 35
790 872
790 898
30 766
30 430
211 930
211 31
930 548
207 560
560 380
765 369
463 637
426 867
624 848
624 359
848 577
314 799
799 9
77 697
476 542
472 827
827 408
124 638
124 212
342 470
342 71
470 783
24 816
24 123
816 469
89 973
89 205
973 909
142 710
142 789
710 397
87 159
67 707
20 455
20 578
455 996
437 487
437 676
487 534
259 545
931 782
133 786
361 775
647 723
204 432
736 284
94 525
94 721
525 43
40 554
554 676
237 681
237 195
681 454
103 839
839 65
717 316
44 524
524 62
553 35
83 205
83 584
126 568
600 468
843 905
843 66
905 238
317 106
384 857
152 322
11 621
11 154
621 934
546 180
558 592
558 247
592 117
65 838
57 179
57 829
460 969
969 564
743 416
269 507
269 571
507 285
833 976
731 956
731 333
956 107
419 272
76 961
961 911
51 132
51 220
198 303
198 370
303 58
203 427
427 678
333 366
382 896
382 210
896 258
379 284
945 935
114 661
450 658
658 50
157 441
266 977
266 623
577 543
500 830
148 185
148 144
185 778
164 575
164 780
12 688
12 29
688 601
105 498
221 691
691 233
37 354
37 408
354 660
373 325
286 552
260 777
260 542
777 992
431 775
431 747
901 962
962 711
785 662
661 819
443 672
43 159
434 867
483 324
804 27
125 411
842 995
340 750
927 398
115 359
249 748
249 74
838 436
213 584
213 768
74 568
721 948
338 462
346 944
959 29
9 834
565 599
599 471
195 660
794 70
33 994
33 347
994 825
898 924
52 598
574 825
466 503
503 138
467 350
81 274
81 128
274 998
267 779
267 726
829 545
852 350
116 735
316 909
138 772
619 798
403 410
569 726
569 63
261 344
13 117
13 27
161 998
247 531
690 755
690 325
755 54
84 280
84 544
273 970
251 555
251 100
555 68
728 876
728 623
436 189
106 304
304 147
635 432
318 730
730 841
772 512
907 131
100 147
238 868
713 401
430 846
411 632
821 358
6 272
339 398
122 540
540 787
576 966
576 506
390 815
580 618
618 482
840 967
80 533
992 131
677 535
54 734
293 399
399 370
878 369
323 934
323 830
129 881
862 964
68 58
189 811
360 699
699 666
285 153
289 886
289 746
425 441
135 846
135 943
571 919
364 60
782 153
533 151
535 955
62 991
991 711
46 512
746 614
475 414
212 809
809 397
522 696
356 548
356 258
32 78
78 49
499 614
406 414
406 139
39 86
86 380
324 604
636 509
675 69
22 392
22 387
392 734
604 160
590 160
172 210
505 871
505 834
578 50
