1000 754
2 105
2 281
2 258
3 315
5 185
6 698
8 64
8 656
9 297
10 568
11 105
11 221
11 132
12 832
13 781
15 549
15 106
15 786
15 288
16 858
16 881
17 692
17 694
18 180
18 326
18 986
18 878
18 717
20 745
20 596
20 651
21 857
22 498
22 76
22 988
23 882
24 345
25 806
25 857
26 643
27 409
27 262
28 139
29 968
30 239
31 520
31 349
32 191
33 308
33 577
33 200
33 567
35 832
37 917
37 966
38 412
39 998
39 138
39 485
40 573
41 140
43 567
44 746
45 317
46 896
47 209
48 97
48 379
49 951
50 448
50 187
50 98
51 318
51 446
51 751
52 324
55 486
56 755
56 397
57 714
57 742
58 78
59 310
59 667
59 169
59 815
60 186
62 521
63 368
63 496
65 353
66 956
66 186
67 465
68 538
68 646
68 73
68 539
68 424
69 310
72 154
74 111
75 722
75 246
76 910
77 973
77 485
77 679
77 358
78 186
78 286
78 259
79 156
79 108
79 582
79 340
79 674
80 505
81 119
82 521
82 507
83 541
84 956
84 701
84 894
85 463
85 625
87 561
87 179
87 748
91 956
91 220
91 691
91 991
92 672
93 118
93 934
94 372
94 802
96 908
96 509
96 497
97 935
97 123
98 308
98 860
98 442
99 362
99 968
100 368
100 827
100 836
101 812
102 430
102 769
102 957
103 187
103 239
104 316
104 859
104 818
105 745
105 923
106 561
106 438
106 197
107 370
109 755
110 773
111 832
111 291
113 192
113 327
113 879
114 714
115 414
116 874
116 938
116 490
118 806
119 353
120 978
120 954
120 936
121 514
123 350
123 879
124 873
127 743
128 413
128 141
130 243
130 258
131 142
131 737
131 423
131 742
131 419
133 715
133 875
135 806
136 982
137 381
138 698
138 178
138 268
138 676
139 716
139 712
142 577
142 887
143 294
143 461
144 400
147 149
148 168
149 327
150 869
151 856
152 965
153 521
154 722
154 977
154 224
155 436
156 970
156 895
157 563
157 403
159 734
161 945
162 714
164 649
168 548
169 180
171 956
171 241
171 362
171 236
171 338
171 906
173 612
175 737
175 451
176 522
176 297
176 454
176 471
176 291
177 972
178 556
178 322
180 223
182 409
182 548
183 953
183 805
184 616
186 559
186 840
189 957
189 434
189 934
190 724
190 827
191 989
191 744
191 751
191 979
192 583
192 459
195 998
195 722
195 512
198 595
199 272
199 929
199 735
199 393
200 298
200 211
200 260
202 637
203 313
203 608
204 453
205 796
205 483
205 584
207 778
208 347
209 851
210 687
212 956
212 896
212 301
213 732
213 889
213 363
214 449
215 827
217 384
218 732
219 530
219 424
222 909
223 226
224 632
224 606
224 752
225 272
228 989
229 576
232 852
233 606
234 956
234 850
234 818
235 756
237 595
239 984
240 495
240 343
241 463
243 587
244 796
244 937
246 425
247 785
250 469
251 359
252 990
252 761
253 475
254 348
254 732
255 456
255 503
256 722
257 719
258 611
259 777
259 287
262 328
265 679
266 945
266 290
268 307
269 575
269 953
270 832
272 673
277 431
277 594
277 531
278 577
278 312
278 827
278 584
279 924
281 943
285 477
285 949
288 366
289 684
289 475
290 632
291 345
292 493
292 971
293 352
294 956
294 902
294 816
294 941
294 444
297 440
297 399
298 769
298 590
300 731
301 534
302 826
303 904
304 990
304 415
306 910
306 986
306 582
307 808
308 425
308 419
310 849
310 688
310 969
311 393
312 688
312 867
313 688
314 753
314 483
315 382
317 796
319 684
319 981
320 523
320 725
320 573
320 661
320 703
321 489
322 409
323 521
324 799
326 844
327 518
329 515
330 824
331 618
334 965
335 999
337 425
337 907
338 351
340 896
340 384
344 595
344 754
345 563
346 714
347 617
347 431
347 705
347 738
348 616
348 388
348 656
350 354
351 521
351 759
353 990
355 864
355 523
355 472
356 394
357 777
359 806
362 722
362 391
362 566
363 697
363 674
365 617
366 690
366 491
370 811
370 480
370 565
376 965
376 972
378 982
379 965
379 447
380 645
381 732
382 935
385 982
385 580
385 572
386 768
388 774
388 765
389 600
390 956
391 600
392 423
394 469
395 562
395 674
397 984
397 427
400 816
400 803
400 841
401 715
405 535
409 573
411 492
414 499
416 742
417 483
418 963
418 966
420 560
421 876
422 956
422 492
424 601
425 455
425 652
425 629
426 687
426 785
427 642
428 979
429 524
430 932
431 827
432 502
434 538
434 921
436 698
439 891
441 456
445 900
446 956
446 659
447 918
448 812
449 750
452 906
453 858
455 989
455 544
456 521
456 820
456 641
456 959
456 619
458 595
458 596
459 494
460 515
460 637
462 611
463 719
464 581
466 770
470 942
472 844
474 798
475 514
477 583
478 771
479 566
480 984
481 563
482 486
483 640
483 519
484 874
484 824
485 785
488 956
488 797
489 556
489 839
490 782
491 687
491 502
491 806
491 667
491 638
493 877
495 882
495 988
495 952
495 567
496 501
498 896
498 639
498 625
500 635
501 516
502 521
505 577
505 511
505 531
505 788
505 914
510 896
515 773
516 981
517 956
518 674
521 587
521 840
523 913
526 561
532 810
537 595
537 568
537 990
538 652
539 780
539 948
540 668
542 969
546 850
548 732
548 907
550 987
550 674
554 820
554 705
561 736
561 652
561 609
562 605
562 904
563 724
563 620
563 628
563 750
563 800
568 721
568 799
570 578
572 956
575 979
576 784
578 697
579 672
579 751
581 607
592 856
595 698
598 618
600 957
603 904
604 782
607 729
611 684
611 679
616 639
616 711
619 719
619 949
619 805
621 704
623 763
624 827
630 727
631 809
632 751
633 749
637 829
638 977
638 667
638 963
639 856
641 824
642 690
646 864
646 929
649 832
651 894
652 909
654 731
656 858
658 762
658 843
658 703
664 738
665 956
669 733
669 740
669 742
670 863
671 986
675 698
680 880
680 979
682 940
682 709
684 947
687 902
690 846
690 870
691 902
691 747
691 807
695 969
699 886
700 915
706 799
707 969
708 888
709 852
710 861
715 970
716 736
716 916
722 884
722 850
727 941
727 770
736 740
736 920
737 856
739 898
739 763
741 832
741 983
743 864
743 774
743 937
745 811
760 941
760 992
765 960
773 911
774 903
778 904
778 963
779 865
787 937
789 871
789 883
790 828
796 989
796 907
798 855
805 809
816 820
819 884
820 845
821 874
823 973
825 979
825 868
827 841
829 978
829 834
829 987
830 880
831 908
832 845
832 898
832 993
836 898
845 901
848 950
866 991
872 908
873 986
877 982
877 947
882 883
910 971
920 974
928 991
954 995
965 982
