1000 654
2 939
4 176
5 108
5 555
6 280
6 963
7 114
7 266
7 900
8 615
9 339
10 805
10 992
11 17
13 228
13 708
14 518
14 754
14 759
15 341
16 672
20 95
21 180
22 378
23 141
23 432
24 549
24 688
25 325
26 220
26 425
27 217
28 271
28 338
28 688
28 732
29 113
29 585
30 363
30 389
30 745
30 842
31 685
33 428
35 120
35 305
35 581
35 622
35 670
36 839
38 507
39 979
40 317
41 852
42 98
43 265
43 714
43 995
44 553
44 978
45 81
45 178
45 441
46 335
46 790
47 523
47 706
47 993
51 858
52 279
53 485
55 378
56 432
56 957
57 619
59 90
59 423
60 975
61 105
64 117
64 454
65 460
67 589
67 684
69 273
70 767
71 705
71 965
72 353
72 714
73 435
74 353
74 938
75 877
76 835
77 537
78 157
80 472
81 465
81 647
81 834
82 398
83 341
84 700
85 551
85 927
86 915
89 446
90 142
92 296
92 312
92 889
94 996
95 714
95 970
96 144
97 877
98 458
98 795
101 138
105 323
105 478
106 180
106 266
110 772
111 503
111 998
113 504
113 732
114 923
116 368
116 749
118 459
118 642
119 405
121 220
122 714
123 192
124 174
124 569
124 938
126 266
126 648
127 549
127 675
127 802
128 695
129 168
130 343
130 380
132 571
132 865
132 982
133 443
133 748
133 844
134 702
135 258
135 354
137 385
137 435
137 708
138 316
139 528
140 279
140 576
140 952
142 801
142 878
143 716
144 922
146 456
146 614
146 733
147 329
147 559
151 673
152 172
153 166
153 682
153 714
154 726
155 863
157 362
157 392
157 455
160 465
160 821
161 969
164 434
167 636
168 758
168 792
171 596
172 221
172 248
173 533
174 460
174 573
174 923
174 967
175 685
176 331
177 426
177 528
177 789
178 806
178 918
179 745
179 849
179 912
180 498
180 598
181 881
181 975
182 935
184 406
184 803
185 576
186 471
191 260
192 469
194 429
194 610
195 265
195 996
196 402
199 351
201 250
201 426
202 821
203 312
203 580
203 838
206 673
207 313
207 467
208 885
210 285
210 721
210 797
210 910
211 626
212 486
214 997
215 573
215 930
216 747
216 801
218 421
221 570
222 765
223 235
223 897
224 801
225 324
225 442
226 487
228 665
228 867
229 853
231 696
233 430
234 454
234 472
235 294
235 335
236 778
237 646
239 426
240 673
241 489
241 598
242 815
242 850
242 927
242 979
243 429
243 586
244 889
245 358
247 832
248 768
249 357
249 927
250 282
250 508
250 867
252 349
252 807
253 831
254 670
254 884
255 633
259 704
260 474
261 631
261 922
264 584
265 338
265 417
267 743
272 695
273 835
275 347
276 346
276 880
278 381
280 380
282 283
282 743
284 585
285 890
286 686
287 868
288 525
288 592
289 609
290 788
291 508
291 532
293 545
294 880
294 935
297 443
297 589
297 939
299 938
300 316
300 904
301 832
302 324
302 572
303 812
305 535
306 344
306 707
308 399
309 495
310 433
311 477
311 498
311 560
312 341
312 397
313 899
315 419
315 700
315 959
316 935
319 473
321 674
323 748
323 829
324 419
325 398
325 800
328 378
329 680
331 791
332 518
332 787
333 966
334 839
334 923
337 467
338 656
339 964
340 481
342 752
342 866
342 905
343 523
343 609
343 801
344 813
345 450
347 445
348 706
348 798
348 805
348 855
348 991
349 451
349 926
350 583
350 638
350 874
353 403
354 594
354 805
357 543
357 957
358 577
358 738
358 748
358 953
359 400
359 464
359 741
360 447
363 675
363 763
366 741
367 497
367 963
370 485
371 770
372 439
372 811
374 577
376 868
377 756
378 497
378 594
379 641
380 747
382 643
383 950
385 850
386 538
386 952
388 409
390 697
391 547
396 759
399 446
400 809
401 834
403 707
405 709
405 869
406 454
412 544
412 584
412 981
413 928
414 449
414 513
415 852
417 523
417 576
418 478
418 603
420 877
421 851
426 628
428 850
430 457
434 933
435 793
435 866
436 932
437 518
437 521
439 453
442 456
444 897
446 658
450 996
453 670
453 722
453 885
455 940
456 461
456 938
460 555
463 758
466 829
468 938
469 681
470 581
474 519
474 771
476 590
477 510
477 834
479 752
481 504
481 695
482 697
483 486
483 531
485 685
485 943
486 817
489 718
491 932
493 619
495 812
497 869
500 691
500 840
502 578
504 713
506 890
507 933
508 652
511 904
513 518
513 611
513 808
514 829
515 547
521 620
524 882
525 629
526 967
530 568
532 887
534 638
535 536
535 811
537 714
540 689
546 752
546 920
549 924
550 681
551 872
555 637
556 909
557 904
562 797
562 838
563 614
564 785
566 575
567 638
568 662
568 955
573 697
575 652
579 742
580 838
585 798
588 801
588 930
589 665
589 975
590 745
590 841
595 803
600 662
600 804
603 835
605 902
608 768
610 644
610 817
610 993
613 999
614 634
615 972
616 737
617 706
617 802
617 856
618 778
620 662
620 856
620 955
622 730
625 830
629 670
629 908
632 686
634 652
634 981
641 938
642 855
643 644
646 692
648 669
648 796
648 800
654 661
655 679
659 921
663 826
671 929
671 953
674 819
674 973
676 934
677 718
678 709
682 752
684 864
685 878
689 923
689 928
689 929
691 791
697 855
699 772
700 927
701 718
706 757
706 796
710 716
710 793
712 729
719 744
721 850
726 782
729 755
729 767
732 886
732 956
736 807
737 943
740 790
746 869
753 872
755 838
757 996
760 809
763 979
765 819
768 865
772 844
778 930
783 823
784 980
791 826
797 960
800 812
803 860
806 954
807 900
808 1000
813 825
816 862
819 954
828 857
829 1000
832 845
834 881
839 900
844 996
861 866
865 964
867 966
871 954
877 967
879 914
892 975
892 992
899 995
899 997
906 972
917 955
949 981
