1000 1500
459 848
459 866
459 62
848 185
848 119
245 510
245 242
245 389
510 633
510 782
342 937
342 235
342 449
937 169
937 883
208 219
208 69
208 200
219 237
219 533
206 375
206 259
206 978
375 287
375 759
310 761
310 397
310 545
761 685
761 294
158 218
158 99
158 555
218 627
218 707
475 828
475 641
475 393
828 818
828 870
250 301
250 988
250 15
301 795
301 184
614 843
614 715
614 831
843 930
843 273
425 827
425 688
425 153
827 704
827 734
561 608
561 621
561 975
608 794
608 138
469 870
469 622
469 90
870 326
356 584
356 916
356 247
584 357
584 717
331 411
331 164
331 177
411 509
411 256
863 945
863 278
863 805
945 465
945 983
99 927
99 879
927 37
927 681
648 877
648 651
648 772
877 47
877 568
292 684
292 112
292 726
684 185
684 101
466 720
466 667
466 763
720 107
720 486
302 734
302 500
302 203
734 160
37 85
37 279
85 772
85 213
829 888
829 431
829 932
888 46
888 433
96 665
96 223
96 679
665 75
665 9
262 697
262 785
262 822
697 359
697 957
154 606
154 840
154 104
606 892
606 74
988 499
988 643
627 693
627 30
621 751
621 306
751 691
751 987
298 741
298 305
298 421
741 961
741 716
2 104
2 864
2 773
104 729
754 871
754 746
754 903
871 115
871 294
164 777
164 120
777 327
777 666
428 441
428 961
428 610
441 675
441 743
165 476
165 884
165 14
476 465
476 136
450 725
450 63
450 723
725 791
725 934
93 753
93 719
93 274
753 551
753 629
569 682
569 496
569 144
682 205
682 45
499 995
499 409
995 80
995 83
726 894
726 350
894 699
894 213
25 209
25 980
25 588
209 676
209 757
698 832
698 689
698 357
832 26
832 800
366 996
366 95
366 437
996 373
996 652
722 780
722 480
722 778
780 967
780 690
282 624
282 931
282 458
624 187
624 727
509 573
509 382
794 489
794 312
213 530
530 207
530 462
676 617
676 134
550 560
550 323
550 955
560 782
560 598
53 657
53 277
53 170
657 429
657 143
322 702
322 308
322 503
702 932
702 846
395 686
395 228
395 594
686 605
686 653
889 929
889 276
889 457
929 323
929 416
523 692
523 108
523 19
692 22
692 652
204 826
204 620
204 612
826 943
826 707
433 798
433 28
798 935
798 587
365 779
365 820
365 653
779 719
779 994
601 647
601 618
601 16
647 103
647 759
289 906
289 966
289 18
906 406
906 257
492 740
492 949
492 16
740 266
740 377
95 168
95 566
84 622
84 942
84 19
622 34
94 141
94 818
94 283
141 562
141 146
403 747
403 8
403 736
747 398
747 273
361 750
361 445
361 72
750 992
750 984
582 755
582 247
582 887
755 585
755 502
424 577
424 654
424 378
577 765
577 977
39 98
39 345
39 273
98 17
98 314
286 347
286 180
286 20
347 417
347 324
223 277
223 524
333 544
333 739
333 599
544 101
544 693
215 817
215 735
215 782
817 781
817 830
961 195
515 966
515 214
515 21
966 67
153 613
153 730
613 6
613 133
508 661
508 564
508 291
661 370
661 363
419 769
419 50
419 534
769 414
769 412
785 528
785 683
537 989
537 199
537 271
989 823
989 52
738 979
738 895
738 176
979 615
979 82
746 578
746 129
804 924
804 841
804 445
924 571
924 852
101 195
281 776
281 592
281 344
776 592
776 836
641 267
641 883
359 695
359 340
695 865
695 279
138 318
138 713
318 950
318 61
789 953
789 485
789 438
953 249
953 437
251 869
251 784
251 111
869 74
869 478
166 416
166 766
166 448
416 748
562 910
562 533
910 115
910 896
377 456
377 775
456 230
456 573
60 520
60 527
60 890
520 853
520 178
187 926
187 685
309 321
309 68
309 317
321 316
321 636
41 915
41 133
41 464
915 400
915 824
272 439
272 847
272 296
439 629
439 383
766 729
766 591
155 793
155 806
155 335
793 874
793 958
233 712
233 790
233 386
712 326
712 882
133 389
278 764
278 858
640 807
640 69
640 283
807 788
807 786
645 656
645 372
645 142
656 494
656 205
179 368
179 66
179 847
368 926
368 468
485 840
485 444
704 681
704 406
87 370
87 585
87 244
370 228
947 999
947 150
947 203
999 885
999 946
625 948
625 908
625 232
948 809
948 599
177 529
177 81
529 735
529 264
235 241
235 955
241 265
241 260
949 130
949 687
13 277
13 536
13 880
6 152
6 487
152 886
152 603
730 857
730 169
857 393
857 786
69 61
874 987
874 589
987 174
667 311
667 822
363 920
363 675
920 320
920 124
35 975
35 447
35 334
975 907
430 830
430 387
430 694
830 118
222 572
222 9
222 745
572 106
572 128
237 733
237 392
521 984
521 532
521 914
984 332
304 461
304 662
304 526
461 358
461 38
195 554
554 691
554 628
29 113
29 32
29 114
113 513
113 936
131 655
131 140
131 724
655 373
655 291
194 329
194 707
194 345
329 818
329 703
103 736
103 590
736 423
397 269
397 452
253 680
253 142
253 355
680 216
680 506
201 490
201 493
201 803
490 644
490 418
124 795
124 224
795 371
465 893
239 373
239 955
239 744
905 951
905 639
905 385
951 501
951 642
34 349
34 602
349 833
349 609
481 660
481 128
481 875
660 932
660 643
30 464
30 227
464 33
903 482
903 911
398 81
398 159
80 646
80 705
390 663
390 122
390 992
663 711
663 400
729 531
199 658
199 252
434 440
434 161
434 63
440 497
440 956
533 259
23 460
23 825
23 474
460 603
460 579
31 809
31 268
31 156
809 172
633 914
633 762
914 658
143 907
143 632
907 225
638 849
638 388
638 921
849 696
849 380
100 536
100 594
100 467
536 157
658 998
72 474
72 489
474 934
261 898
261 10
261 182
898 247
898 36
140 837
140 414
837 567
837 770
256 901
256 374
234 801
234 75
234 471
801 446
801 43
942 92
942 796
74 254
254 816
254 646
540 664
540 539
540 210
664 595
664 380
497 514
497 972
196 774
196 257
196 611
774 343
774 893
236 810
236 593
236 528
810 130
810 136
21 284
21 142
284 32
284 839
538 739
538 54
538 176
739 802
64 856
64 646
64 696
856 32
856 880
288 484
288 731
288 724
484 135
484 20
70 899
70 410
70 270
899 548
899 600
593 711
593 539
711 364
5 132
5 410
5 10
132 977
132 639
257 447
287 563
287 79
280 336
280 543
280 938
336 651
336 379
408 930
408 654
408 787
930 654
900 983
900 928
900 226
983 939
573 300
220 470
220 27
220 897
470 822
470 351
632 259
632 689
303 733
303 145
303 3
733 238
445 159
348 512
348 1
348 299
512 970
512 972
135 918
135 965
790 887
790 571
884 865
884 912
186 449
186 555
186 630
449 875
892 756
892 225
760 950
760 110
760 105
950 805
435 781
435 792
435 853
781 623
675 334
225 243
409 137
409 678
40 107
40 328
40 421
107 943
462 590
462 200
590 791
1 381
1 8
381 868
381 784
448 22
448 821
20 659
659 749
659 555
532 594
532 172
159 887
607 721
607 19
607 228
721 553
721 319
8 701
252 351
252 478
502 933
502 986
933 283
933 420
185 308
800 855
800 595
855 386
855 127
483 690
483 909
483 541
690 840
205 797
685 674
316 778
316 650
778 970
980 564
980 114
299 954
299 118
954 723
954 708
161 346
161 452
346 417
346 696
610 436
610 862
306 895
306 52
968 969
968 944
968 596
969 883
969 629
364 922
364 77
26 367
26 92
191 374
191 865
191 328
374 51
611 668
611 834
668 76
668 919
691 355
7 967
7 190
7 575
967 831
203 878
878 563
878 882
147 834
147 200
147 710
834 981
362 642
362 285
362 514
642 500
214 549
214 917
541 873
541 831
873 438
873 379
102 911
102 387
102 260
911 487
308 602
539 814
816 180
816 134
719 579
487 758
758 820
758 635
407 649
407 631
407 985
649 965
649 337
764 630
764 578
405 576
405 148
405 78
576 553
576 394
458 731
458 471
731 872
182 796
182 628
796 811
909 904
909 47
847 249
323 677
46 126
46 670
126 248
126 728
820 454
639 498
384 615
384 635
384 78
615 581
543 788
543 385
788 119
703 926
703 111
82 313
82 963
313 672
313 123
148 258
148 516
258 727
258 51
332 604
332 285
604 946
604 705
317 710
317 902
710 535
864 879
864 183
879 597
211 808
211 765
211 732
808 716
808 517
489 605
65 875
65 978
65 88
528 706
574 752
574 897
574 367
752 169
752 623
805 494
341 895
341 468
341 276
150 546
150 619
546 997
546 583
285 339
167 635
167 311
167 866
246 699
246 548
246 759
699 18
367 473
673 852
673 51
673 516
852 343
916 453
916 813
63 437
15 357
15 36
243 401
243 993
401 705
401 531
480 396
480 971
291 706
706 748
66 117
66 451
121 231
121 315
121 226
231 626
231 173
339 294
339 503
290 862
290 188
290 922
862 338
517 990
517 854
990 963
990 394
957 939
957 127
735 12
192 821
192 535
192 418
821 986
402 636
402 163
402 552
636 558
743 76
743 835
229 335
229 68
229 122
335 841
674 944
674 516
92 976
442 973
442 352
442 263
973 552
973 917
119 319
319 244
581 938
581 866
580 799
580 542
580 421
799 447
799 991
44 410
44 212
44 637
477 679
477 749
477 991
679 472
91 872
91 553
91 127
872 67
414 479
479 391
479 940
567 962
567 666
585 742
742 422
742 344
207 386
207 382
765 423
603 193
551 991
551 354
145 181
145 823
723 842
589 498
589 565
36 890
890 886
238 616
238 45
616 985
616 455
128 744
744 792
757 952
757 812
952 175
952 714
997 803
997 575
28 678
28 183
11 609
11 813
11 913
609 662
628 882
491 688
491 681
491 334
688 387
833 108
833 55
276 620
620 694
943 269
354 575
354 271
694 110
110 709
709 819
709 773
264 623
264 265
650 838
650 156
838 454
838 275
188 255
188 762
255 587
255 548
825 513
825 232
75 708
732 198
732 977
350 438
350 431
106 958
106 811
677 918
677 227
918 652
240 422
240 162
240 224
422 330
854 959
854 525
959 714
959 806
4 151
4 451
4 270
151 495
151 168
43 524
43 38
524 378
557 745
557 683
557 715
745 412
762 114
958 478
327 160
327 83
453 248
453 768
418 815
815 482
815 33
216 841
216 876
67 993
54 88
54 50
505 819
505 358
505 902
819 420
417 535
224 300
17 518
17 986
360 846
360 824
360 931
846 376
564 330
670 891
670 687
891 97
891 24
266 429
266 925
429 940
351 566
393 563
463 570
463 56
463 129
570 139
570 637
22 190
190 876
396 802
396 860
369 383
369 542
369 271
383 669
662 123
146 436
146 295
963 600
55 488
55 162
488 59
488 802
307 672
307 293
307 803
672 181
328 960
249 644
556 775
556 842
556 312
775 671
295 325
295 737
325 893
325 981
388 519
388 718
494 62
76 583
708 268
275 998
275 71
998 210
112 976
112 583
976 631
498 531
120 836
120 178
836 455
296 978
296 3
716 861
861 415
861 217
595 129
168 504
504 406
504 105
404 451
404 972
404 941
842 176
170 549
170 771
549 851
197 274
197 771
197 27
274 86
454 797
77 851
77 163
851 297
198 265
198 971
163 90
260 600
586 850
586 89
586 73
850 230
850 18
919 202
919 881
552 634
922 534
270 994
994 526
45 427
12 385
12 48
566 763
763 432
913 956
913 824
956 737
181 683
643 221
631 547
378 267
618 671
618 598
671 974
314 525
314 171
525 157
701 934
701 773
71 389
71 626
579 137
391 547
391 813
263 559
263 178
559 904
559 42
210 49
174 221
174 591
221 605
10 415
415 420
602 814
792 925
446 669
446 626
771 901
452 881
881 941
482 493
27 588
588 353
727 297
545 770
545 59
180 496
61 941
52 923
923 756
923 244
787 653
787 123
468 522
338 728
338 718
728 16
3 859
859 935
859 111
689 501
486 371
486 116
49 867
49 90
867 473
867 946
57 542
57 86
57 507
413 591
413 372
413 305
56 353
56 496
353 687
514 939
436 503
592 598
443 1000
443 144
443 944
1000 908
1000 507
358 547
718 518
371 587
651 136
144 634
130 108
115 183
212 58
212 925
343 936
79 844
79 713
844 149
844 982
300 812
812 860
768 917
768 33
772 379
715 749
868 896
868 400
896 202
928 134
928 644
784 970
714 558
293 786
293 189
59 619
619 527
527 724
471 352
713 960
513 47
172 312
394 519
427 81
427 783
372 14
748 315
974 431
974 189
578 993
935 964
311 226
156 501
423 73
897 324
9 426
806 380
519 48
506 511
506 97
511 845
511 326
669 835
992 193
756 305
86 171
473 242
58 267
58 931
175 797
175 279
791 392
73 376
376 534
412 217
89 565
89 637
315 173
596 767
596 432
767 14
767 940
845 902
845 426
202 355
227 518
921 24
921 617
493 109
88 139
297 340
340 770
50 116
835 571
68 444
904 876
324 599
908 426
345 189
160 700
985 139
472 568
472 109
568 612
630 717
717 860
109 42
962 467
962 118
495 885
495 320
116 399
171 193
248 982
117 137
117 565
612 173
634 839
839 960
269 597
597 217
853 522
157 392
432 886
737 823
901 232
526 617
500 457
352 964
268 337
522 184
125 399
125 700
125 693
399 230
62 858
700 457
858 149
678 467
149 880
982 344
122 444
97 814
83 964
382 42
783 938
783 455
320 558
666 811
242 330
337 78
48 971
162 885
24 507
912 965
912 105
184 38
981 936
