1000 657
1 858
1 979
1 533
2 381
2 887
2 903
2 258
3 365
5 457
5 939
6 129
8 516
9 994
10 914
10 435
10 544
12 619
12 148
13 210
13 928
14 553
14 798
16 111
16 634
17 275
17 952
18 320
19 849
19 292
20 884
20 910
22 151
23 947
24 649
24 453
25 415
26 465
27 176
27 628
28 993
30 513
30 633
30 669
31 177
32 854
32 601
34 221
34 560
34 653
36 149
37 446
39 168
41 57
42 998
43 672
43 543
43 310
44 103
45 310
46 884
47 435
47 404
48 631
49 395
50 616
51 381
51 828
51 135
54 673
55 562
56 85
57 936
58 665
58 63
61 472
63 760
63 893
64 689
64 963
64 911
65 446
66 244
66 662
66 200
66 925
67 592
67 190
69 277
71 874
71 1000
71 618
72 985
72 917
73 220
73 581
73 117
74 85
74 79
75 657
76 244
76 322
76 911
77 660
77 587
77 104
77 782
78 670
81 194
82 574
84 195
86 398
87 102
89 563
89 621
89 356
90 874
90 155
91 143
91 760
91 577
93 435
93 296
93 920
94 990
96 588
96 261
98 497
98 865
98 770
99 216
100 857
100 514
102 712
104 456
104 355
104 675
104 326
104 205
105 402
105 962
106 471
107 396
109 980
110 624
110 467
110 232
110 908
113 900
114 874
114 450
115 890
115 709
115 187
116 220
116 586
116 603
118 143
118 731
118 974
119 460
120 745
122 509
126 156
127 611
127 857
128 180
128 943
131 552
132 928
133 818
136 594
137 998
138 992
140 521
140 372
141 272
141 361
141 830
141 888
142 846
143 545
143 551
143 569
143 363
144 313
144 328
144 972
146 847
149 411
149 289
149 711
149 721
149 520
151 851
152 240
153 670
154 584
155 752
157 691
157 216
157 574
157 224
162 317
162 566
163 604
163 392
163 742
166 325
166 211
169 624
169 898
170 535
171 382
171 357
172 436
172 608
173 380
174 762
175 250
175 560
177 535
180 245
180 579
180 836
180 626
180 406
180 411
180 282
180 367
180 567
180 487
184 891
184 815
185 528
185 871
186 999
187 529
188 858
188 342
188 866
195 874
195 733
195 960
196 826
196 553
196 431
197 452
199 966
200 394
202 851
203 290
203 366
203 590
204 927
205 831
206 453
208 683
208 766
209 871
211 826
211 908
213 851
213 336
215 375
218 321
220 747
220 783
220 355
220 533
221 953
221 806
222 285
222 524
223 394
224 256
225 574
227 385
228 428
228 869
229 826
229 674
230 927
230 511
231 290
232 940
232 881
232 531
233 526
234 291
234 708
234 728
236 799
237 315
240 587
240 557
242 800
242 892
242 937
243 936
244 868
245 405
245 850
246 360
247 987
249 956
250 627
251 609
253 762
254 659
255 969
257 854
257 385
258 804
259 267
259 814
259 676
261 851
261 394
261 981
262 499
263 329
263 756
264 394
264 369
265 854
265 531
266 550
266 745
267 818
269 428
271 651
274 910
274 799
275 1000
275 688
276 756
278 874
278 645
279 293
279 400
282 848
282 394
282 320
282 534
282 303
284 854
284 402
288 552
288 757
289 762
289 628
292 474
293 885
293 377
293 587
293 838
295 664
295 442
295 675
296 373
296 965
297 903
298 570
301 515
302 513
303 999
303 499
305 391
306 383
306 883
309 599
310 334
311 462
311 521
313 929
313 616
315 545
315 446
322 956
323 818
327 750
327 736
327 834
329 623
330 356
331 872
335 854
337 423
338 435
338 483
340 401
341 728
342 364
343 977
343 626
343 891
346 361
347 381
347 624
347 717
347 511
347 362
348 434
349 361
355 691
356 894
357 947
357 661
359 479
366 697
367 566
369 835
369 918
371 956
371 417
377 444
380 907
381 803
381 674
382 751
384 499
386 500
388 502
388 757
389 851
389 619
390 538
394 398
395 750
395 451
395 586
395 615
396 552
397 832
402 858
403 462
404 971
405 613
406 458
406 511
407 932
408 784
408 571
413 678
414 881
415 927
419 795
420 726
421 553
426 701
426 903
427 767
427 921
430 789
431 650
431 556
432 760
432 512
434 567
434 535
438 699
440 567
441 520
442 777
444 837
444 923
445 851
445 921
446 746
447 871
449 939
451 523
453 957
455 519
455 583
462 732
463 565
464 572
466 686
467 922
467 663
469 813
470 931
471 934
471 484
471 876
474 538
474 711
479 601
482 696
482 649
484 566
490 702
492 797
493 907
497 970
500 907
501 662
501 894
505 864
507 556
509 961
510 947
510 763
510 968
516 611
517 563
517 550
517 845
518 696
519 923
523 529
525 935
528 947
528 624
528 890
530 594
532 538
532 717
535 660
535 715
535 583
537 702
539 842
540 734
543 604
543 725
543 635
544 831
545 924
546 803
552 975
553 603
554 920
554 670
555 750
556 638
558 951
560 780
561 630
563 999
566 983
569 748
570 865
572 685
572 730
574 712
576 763
577 993
577 864
578 787
581 717
581 727
582 943
583 980
583 602
587 764
587 822
591 666
594 733
594 879
598 771
598 729
599 975
602 834
602 842
603 723
604 978
607 851
608 858
614 784
614 987
615 673
617 990
621 671
622 858
625 820
628 801
628 966
630 687
631 992
632 936
635 646
639 711
639 655
641 764
642 994
645 692
647 982
648 910
649 919
650 954
651 992
652 836
655 957
664 737
672 907
674 780
674 700
677 814
683 891
684 903
685 907
685 884
685 705
686 962
687 700
688 851
689 874
689 839
694 992
697 884
701 993
702 927
703 879
705 714
707 847
714 883
715 836
716 878
721 748
722 864
724 994
727 897
730 741
731 937
735 823
742 780
744 884
744 804
763 843
767 848
770 972
776 837
805 845
806 980
810 914
822 907
831 927
833 894
835 982
843 977
844 939
852 866
854 856
857 947
869 983
875 915
880 977
887 930
891 939
894 969
911 996
916 976
919 944
934 998
966 990
