1000 906
1 405
1 145
1 28
1 330
1 345
1 831
1 596
1 346
1 429
1 566
1 344
1 872
3 352
4 157
4 755
4 142
4 872
5 264
7 747
7 388
7 816
8 25
8 279
8 294
9 568
9 145
9 254
9 652
9 388
10 825
10 931
10 230
11 789
11 595
12 256
13 466
14 215
16 671
17 79
18 547
19 697
21 200
21 930
21 261
22 146
22 318
23 755
23 665
24 392
25 405
25 347
25 363
25 729
25 795
26 925
26 475
27 433
28 433
28 387
28 858
28 161
28 180
29 737
29 77
31 358
31 875
32 140
33 951
34 212
35 747
35 253
35 656
36 56
36 260
38 313
39 405
40 91
40 569
42 936
42 797
43 867
45 674
45 319
45 934
46 555
47 488
47 294
49 960
50 488
50 951
51 960
51 970
51 702
52 805
52 132
53 976
57 160
57 928
57 672
58 630
59 405
59 488
59 368
59 288
59 254
59 465
59 449
59 858
59 458
59 780
59 316
60 211
64 453
65 501
65 675
65 220
66 230
67 778
67 386
68 544
68 925
69 727
69 965
69 298
70 720
71 990
71 500
72 570
73 231
74 674
74 329
74 756
76 405
76 368
76 909
76 433
76 692
76 783
77 675
79 499
82 280
84 190
84 850
85 349
85 780
86 405
86 778
86 226
86 347
86 472
86 689
86 194
86 416
87 541
87 822
89 625
90 93
90 787
91 747
91 337
91 359
91 798
91 941
92 477
92 124
92 179
92 317
92 203
93 896
93 495
93 302
94 951
94 201
95 640
96 405
98 157
98 288
98 426
100 488
100 156
100 967
103 501
104 577
104 874
106 853
107 493
107 247
109 900
110 616
110 721
112 405
113 691
114 691
115 483
115 1000
115 976
117 435
118 386
120 450
121 263
121 209
124 658
125 618
125 943
126 296
126 203
127 751
127 387
127 185
127 969
128 359
129 714
130 796
132 145
132 165
132 349
132 948
132 964
133 788
133 803
134 728
134 411
135 524
136 892
136 908
137 368
137 592
137 732
139 165
139 195
140 573
143 825
143 910
145 405
145 386
145 223
145 483
145 561
145 256
145 559
145 311
146 361
146 397
146 991
148 805
148 198
148 209
149 922
149 849
150 404
152 717
154 800
154 968
154 375
156 386
156 577
156 313
157 674
157 368
157 728
157 335
157 459
157 540
157 382
157 193
157 542
157 587
157 580
157 657
157 537
157 323
157 322
157 391
157 183
157 564
158 488
158 361
158 415
158 917
158 160
158 414
158 270
160 184
160 432
161 430
161 355
164 728
164 551
165 249
165 318
165 818
166 825
166 432
166 879
167 961
167 376
169 883
169 593
169 185
169 273
172 781
174 956
175 281
175 965
175 791
175 773
177 238
178 513
179 368
181 595
181 325
183 953
183 765
183 445
184 900
184 765
185 363
188 420
188 290
189 995
190 951
190 866
190 213
192 721
192 273
193 840
194 727
194 776
194 759
196 941
196 422
197 464
198 363
198 400
198 707
199 472
200 805
201 826
202 654
202 350
203 799
203 673
203 559
205 315
206 747
207 727
209 776
211 784
211 458
212 909
212 594
212 513
212 409
215 902
216 347
216 616
216 878
217 972
218 274
218 324
218 685
218 410
219 937
219 397
221 961
223 488
223 728
223 541
223 263
223 244
223 629
226 723
226 382
226 702
228 817
230 246
231 988
231 904
231 730
232 799
232 827
233 703
234 737
234 410
235 907
236 836
236 765
238 726
239 386
239 523
239 391
240 383
244 778
244 420
245 349
245 662
246 568
246 472
246 883
246 722
246 901
246 638
246 557
246 309
248 944
248 644
249 674
249 347
250 787
251 892
251 359
251 561
252 266
253 534
253 419
254 951
254 288
254 817
255 596
257 743
258 410
258 550
259 583
259 719
263 693
263 682
265 368
265 733
267 744
267 924
267 860
267 607
268 895
269 707
271 612
271 420
274 547
274 751
274 710
276 488
276 418
276 906
278 391
279 547
281 747
283 581
285 689
286 640
286 858
286 788
286 381
288 930
289 674
289 810
289 564
289 849
291 674
292 816
295 700
296 568
298 545
299 907
300 909
300 861
302 674
304 847
304 844
305 947
306 405
306 987
306 967
307 720
308 585
312 778
312 361
312 930
312 561
313 542
314 361
315 547
316 682
317 778
317 887
317 604
318 901
319 886
321 361
321 829
321 550
322 415
324 337
325 433
325 858
326 674
326 419
328 611
330 347
330 800
331 790
332 640
332 801
335 674
335 477
335 610
337 747
337 547
337 987
337 766
337 562
337 801
338 948
339 347
340 869
342 599
342 379
345 674
345 595
345 608
345 748
346 857
347 368
347 583
347 853
348 488
348 568
348 458
349 753
351 778
351 547
351 826
352 751
353 530
354 898
355 834
357 696
358 950
359 500
359 796
359 486
360 728
360 449
361 727
361 450
361 382
361 650
361 385
363 893
363 524
364 503
365 602
368 674
368 909
368 863
369 972
369 936
370 431
372 405
372 726
373 692
375 716
376 884
377 469
378 799
378 483
378 420
379 662
381 664
383 883
384 891
384 715
384 986
386 799
386 678
386 878
387 674
388 524
390 908
392 584
393 852
395 951
395 676
395 970
395 498
396 599
396 470
398 886
399 888
400 565
400 721
404 722
404 414
404 669
405 799
405 541
405 900
405 805
405 800
405 498
405 544
405 443
405 991
405 489
405 816
405 916
405 890
405 828
405 827
406 846
407 852
407 727
407 903
409 954
410 871
411 479
411 930
411 738
412 547
412 434
412 468
412 627
412 859
413 794
413 913
415 931
415 575
415 538
415 714
416 787
419 822
422 829
422 707
423 831
424 555
424 435
424 688
426 430
427 683
427 966
429 829
432 917
432 790
433 778
433 799
433 658
433 822
433 610
434 547
434 592
434 870
434 755
434 537
434 908
435 674
435 728
437 503
437 724
442 532
443 740
447 972
448 478
450 844
451 714
452 674
454 543
454 993
457 855
458 527
460 670
461 540
462 748
463 488
463 920
465 813
466 712
467 621
467 875
467 521
467 840
468 568
472 642
472 969
476 488
477 650
479 949
480 973
481 623
482 494
483 985
483 782
484 799
484 616
488 825
488 722
488 578
488 536
493 826
495 615
496 817
496 624
496 654
498 787
499 954
499 777
501 615
501 639
503 693
503 619
504 520
505 987
506 939
506 560
507 963
507 833
511 630
516 920
516 923
517 568
517 817
517 755
527 823
530 606
531 641
532 886
532 940
534 825
536 774
541 825
541 784
541 771
541 913
541 897
546 780
547 799
547 965
547 605
548 982
553 954
555 888
558 852
558 664
560 898
562 960
562 971
562 681
565 700
566 722
566 908
568 693
568 953
568 652
568 786
571 763
571 659
571 808
572 819
572 878
574 777
577 951
580 852
582 833
583 689
583 827
584 953
585 892
587 626
588 984
592 728
593 667
594 798
594 745
594 743
595 699
596 689
598 792
599 714
602 998
604 740
606 791
606 839
609 778
609 982
609 843
610 799
611 832
616 938
617 931
618 693
618 864
627 842
628 866
630 815
633 964
635 776
635 982
638 861
638 671
639 951
640 891
641 960
641 813
642 774
642 874
643 710
649 717
655 674
655 657
656 877
657 834
659 744
659 894
661 865
662 686
664 900
665 691
666 985
667 883
670 909
671 951
674 799
674 728
674 960
674 896
674 862
674 739
674 957
674 967
675 832
678 747
682 778
683 812
691 713
691 923
694 900
696 739
698 778
700 868
708 812
712 903
713 806
714 824
718 900
719 805
720 847
722 863
722 726
723 967
724 779
724 906
725 739
728 939
730 747
734 835
736 914
744 760
747 860
754 799
754 875
758 834
759 815
761 951
761 823
762 956
771 900
771 880
776 870
777 995
778 825
778 937
778 926
779 813
780 960
784 858
785 891
787 847
791 852
791 831
799 865
799 992
802 909
802 826
816 829
823 844
825 964
826 878
829 969
832 884
832 906
832 945
836 852
837 969
839 994
839 915
849 853
854 975
861 892
863 953
877 882
881 967
883 908
891 981
907 955
922 989
923 960
925 972
931 1000
935 966
