1000 500
720 892
182 472
209 673
88 383
144 445
219 448
10 73
265 335
791 948
241 661
910 994
342 820
189 736
418 815
75 85
48 458
656 863
153 898
514 877
185 738
337 588
654 771
204 989
277 979
235 824
72 281
340 751
134 930
341 814
568 615
64 951
410 941
133 138
193 854
77 624
188 748
497 591
453 893
482 700
473 728
569 723
618 737
352 465
290 871
14 317
33 339
79 544
191 358
674 753
4 132
602 603
631 648
165 485
273 949
449 918
481 560
822 862
221 920
705 853
583 589
56 178
440 964
572 845
245 450
550 668
125 970
98 696
239 821
187 392
718 782
433 780
116 457
18 965
30 701
309 610
642 908
307 411
261 542
774 984
517 913
454 875
641 692
441 527
955 977
355 1000
37 690
553 844
361 494
84 393
50 480
620 754
208 837
426 660
797 823
826 859
652 841
40 435
444 812
388 633
35 384
242 933
577 914
275 463
197 382
271 349
362 369
131 702
211 545
224 246
704 743
731 846
114 887
267 464
300 650
739 957
80 665
282 870
344 711
424 554
308 599
7 680
363 562
730 764
180 715
398 776
21 709
434 451
556 724
128 286
118 916
471 536
833 861
651 997
297 347
611 632
302 938
507 803
41 250
15 121
122 333
236 983
359 672
364 787
356 792
17 670
682 980
39 703
296 368
198 601
663 719
512 657
428 645
216 515
917 971
716 801
117 658
274 623
293 484
231 500
763 778
6 143
47 181
244 698
55 530
502 752
120 659
320 684
22 789
431 817
142 436
62 416
253 950
734 747
87 509
653 768
226 533
343 462
394 773
396 953
111 960
706 868
249 772
374 943
107 288
43 807
366 795
174 234
477 519
360 370
592 905
119 563
44 371
551 733
254 864
607 741
259 552
479 982
605 978
621 904
880 926
306 758
96 283
285 973
354 825
616 834
42 995
86 89
334 438
217 429
31 827
26 988
531 732
487 707
272 401
25 115
810 830
53 195
93 506
123 430
655 785
526 909
49 90
287 883
9 301
139 496
140 958
405 493
695 722
646 857
423 547
402 991
68 81
721 878
762 879
414 992
220 443
637 902
29 345
770 874
575 927
350 409
427 647
260 381
466 867
331 432
840 956
20 152
13 769
987 993
781 897
379 835
520 712
885 981
586 932
157 251
578 900
177 742
130 154
327 946
194 565
486 939
164 421
516 872
23 27
375 604
247 931
12 372
524 574
213 947
403 522
456 952
172 766
103 257
212 600
28 263
156 934
170 612
203 609
148 929
160 940
518 886
669 808
594 625
304 566
16 675
227 459
210 626
784 901
305 378
284 593
558 567
617 891
310 740
635 796
5 629
78 97
295 467
60 183
510 630
92 126
59 852
230 850
315 799
367 986
326 805
793 856
967 990
38 109
269 679
255 390
124 962
499 759
689 749
831 851
248 881
243 775
587 975
321 447
136 145
794 896
57 535
303 816
61 407
237 322
146 222
70 968
163 540
400 614
196 735
573 969
619 945
173 422
214 460
76 755
420 726
150 713
413 687
158 299
155 666
215 442
151 961
225 999
266 353
314 686
332 972
32 869
95 907
175 756
229 498
280 809
555 757
437 783
338 899
373 866
169 959
676 894
397 585
105 813
82 582
640 828
52 541
329 688
162 291
8 489
513 890
525 855
46 628
638 750
798 888
788 865
268 677
503 561
543 643
67 534
168 348
83 649
406 903
186 634
760 906
417 921
455 786
843 922
806 882
351 576
104 201
325 685
483 606
313 976
200 919
439 963
264 693
538 667
681 725
501 767
399 490
223 911
232 889
202 318
469 671
571 691
63 141
549 928
746 966
45 608
336 564
294 836
385 942
323 729
319 777
112 298
2 804
127 408
176 548
3 256
190 311
278 860
51 818
102 207
66 699
678 925
74 819
570 717
316 581
590 839
199 279
404 559
491 954
613 800
99 597
270 595
380 476
636 829
161 508
873 912
192 761
238 639
697 915
694 779
34 998
419 580
65 985
488 521
58 546
240 446
452 622
276 387
110 849
415 838
312 727
228 328
179 710
137 475
511 811
113 365
69 923
149 714
206 529
330 744
135 505
389 412
292 470
537 557
386 504
346 944
129 848
11 218
478 745
184 802
262 474
252 528
36 876
24 106
598 765
101 395
19 167
166 842
100 924
468 664
205 461
324 790
54 539
71 708
94 579
523 627
847 858
884 996
171 584
377 936
495 644
492 895
233 662
1 532
391 937
147 357
108 258
289 935
91 425
683 974
376 832
159 596
