200 300
1 194
2 194
3 194
4 194
5 194
6 194
7 194
8 194
9 194
10 194
11 194
11 163
12 194
13 194
14 194
15 194
16 194
17 194
17 163
17 104
18 194
19 194
20 194
21 194
22 194
23 194
24 194
25 194
26 194
27 194
28 194
28 163
28 104
28 161
28 186
29 194
30 194
30 163
30 104
30 161
31 194
32 194
32 163
32 104
33 194
34 194
35 194
36 194
37 194
38 194
39 194
40 194
40 163
41 194
42 194
43 194
44 194
45 194
45 163
45 104
46 194
47 194
48 194
49 194
50 194
51 194
51 163
51 104
51 161
51 186
52 194
53 194
53 163
53 104
53 161
53 186
54 194
55 194
56 194
57 194
58 194
58 163
58 104
58 161
59 194
60 194
61 194
61 163
61 104
62 194
62 163
62 104
62 161
62 186
63 194
63 163
63 104
63 161
63 186
64 194
65 194
66 194
67 194
68 194
69 194
70 194
71 194
71 163
72 194
73 194
73 163
73 104
73 161
74 194
75 194
76 194
77 194
78 194
78 163
79 194
80 194
81 194
82 194
83 194
84 194
85 194
85 163
85 104
86 194
87 194
88 194
89 194
89 163
90 194
91 194
92 194
92 163
92 104
92 161
93 194
94 194
95 194
96 194
97 194
98 194
99 194
100 194
101 194
102 194
103 194
104 194
104 163
104 161
104 186
104 116
104 169
104 132
104 195
104 142
104 179
104 159
104 178
104 105
104 146
104 182
104 147
104 131
105 194
105 163
105 161
106 194
107 194
108 194
109 194
110 194
111 194
112 194
113 194
114 194
114 163
115 194
116 194
116 163
116 161
116 186
117 194
118 194
119 194
120 194
120 163
121 194
122 194
122 163
123 194
124 194
125 194
126 194
127 194
128 194
129 194
130 194
131 194
131 163
132 194
132 163
132 161
132 186
133 194
134 194
135 194
136 194
137 194
138 194
139 194
139 163
140 194
141 194
142 194
142 163
142 161
142 186
143 194
144 194
144 163
144 161
145 194
146 194
146 163
147 194
147 163
148 194
149 194
150 194
151 194
152 194
153 194
154 194
155 194
155 163
156 194
157 194
158 194
159 194
159 163
159 161
160 194
161 194
161 163
161 186
161 169
161 195
161 179
161 178
162 194
163 194
163 186
163 169
163 195
163 179
163 178
163 182
163 200
164 194
165 194
166 194
167 194
168 194
169 194
169 186
170 194
171 194
172 194
173 194
174 194
175 194
176 194
177 194
178 194
179 194
180 194
181 194
182 194
183 194
184 194
185 194
186 194
186 195
187 194
188 194
189 194
190 194
191 194
192 194
193 194
194 195
194 200
194 196
194 197
194 199
194 198
