1000 10510
1 20
1 298
2 419
2 849
3 20
3 298
3 869
3 170
3 419
3 849
4 20
4 298
4 869
4 170
4 419
5 20
5 849
6 298
6 869
6 419
6 849
6 83
6 111
7 20
7 298
7 869
7 170
7 419
7 849
7 83
8 20
8 298
8 869
8 170
8 419
8 849
8 83
8 743
8 201
9 20
9 298
9 869
9 170
9 461
10 20
10 298
10 869
10 170
10 419
10 849
10 83
10 743
10 201
10 435
10 900
10 461
10 271
10 282
10 468
10 804
10 444
10 352
10 457
10 115
10 667
10 198
10 375
10 199
10 300
10 221
10 34
10 928
10 87
10 135
10 926
10 210
10 334
10 456
10 912
10 318
10 883
10 366
10 148
10 700
10 533
10 467
10 144
10 674
10 440
10 204
10 81
10 790
10 862
10 242
10 495
10 112
10 786
10 141
10 156
10 939
10 263
10 438
10 429
10 981
10 111
10 615
10 362
10 923
11 20
11 298
11 869
11 170
11 419
11 849
11 83
11 743
11 271
11 804
11 198
12 20
12 298
13 298
13 869
14 298
14 170
15 20
15 298
15 869
15 170
15 419
15 849
15 83
15 743
15 201
15 435
15 900
15 461
15 271
15 282
15 804
15 444
15 87
15 148
15 76
16 298
17 20
17 298
17 869
17 170
17 419
17 849
17 83
17 743
17 201
17 435
17 900
17 461
17 271
17 282
17 468
17 804
17 444
17 352
17 457
17 115
17 667
17 198
17 375
17 199
17 300
17 928
17 87
17 926
17 366
17 467
17 790
17 780
17 156
17 53
17 63
17 908
18 20
18 298
18 869
18 170
18 419
18 849
18 83
18 435
18 271
18 804
19 20
19 298
19 869
19 170
19 419
19 849
19 352
20 298
20 869
20 170
20 419
20 849
20 83
20 743
20 201
20 435
20 900
20 461
20 271
20 282
20 468
20 804
20 444
20 352
20 457
20 115
20 667
20 198
20 375
20 199
20 300
20 221
20 34
20 928
20 87
20 135
20 926
20 210
20 334
20 456
20 912
20 318
20 883
20 366
20 148
20 700
20 533
20 467
20 144
20 674
20 440
20 204
20 81
20 790
20 862
20 242
20 495
20 112
20 780
20 786
20 999
20 662
20 141
20 156
20 939
20 263
20 342
20 381
20 868
20 546
20 754
20 637
20 59
20 438
20 384
20 209
20 886
20 684
20 127
20 958
20 130
20 350
20 53
20 610
20 781
20 94
20 219
20 389
20 824
20 785
20 429
20 171
20 728
20 261
20 859
20 401
20 630
20 981
20 737
20 63
20 338
20 307
20 882
20 972
20 259
20 28
20 222
20 311
20 758
20 766
20 944
20 876
20 250
20 750
20 673
20 777
20 236
20 361
20 634
20 538
20 818
20 888
20 819
20 946
20 908
20 111
20 575
20 615
20 449
20 645
20 172
20 663
20 409
20 143
20 448
20 541
20 858
20 984
20 658
20 759
20 919
20 76
20 362
20 739
20 877
20 481
20 740
20 363
20 644
20 302
20 396
20 980
20 169
20 454
20 865
20 581
20 530
20 672
20 106
20 26
20 528
20 257
20 92
20 646
20 174
20 660
20 683
20 524
20 1000
20 653
20 443
20 241
20 359
20 617
20 191
20 251
20 228
20 801
20 218
20 787
20 569
20 178
20 64
20 925
20 102
20 142
20 997
20 871
20 625
20 632
20 776
20 279
20 402
20 730
20 408
20 596
20 340
20 905
20 568
20 80
20 294
20 831
20 620
20 923
20 708
20 216
20 60
20 770
20 711
20 814
20 707
20 518
20 744
20 676
20 718
20 979
20 424
20 794
20 600
20 823
20 605
20 752
20 281
20 578
20 119
20 364
20 355
20 473
20 56
20 811
20 519
20 598
20 88
20 661
20 472
20 841
20 714
20 604
20 175
20 234
20 399
20 189
20 582
20 62
20 98
20 884
20 480
20 555
20 25
20 446
20 878
20 388
20 434
20 875
20 196
20 462
20 848
20 647
20 393
20 577
20 255
20 182
20 969
20 491
20 460
20 416
20 558
20 760
20 550
20 140
20 649
20 564
20 208
20 42
20 488
20 349
20 887
20 492
20 75
20 215
20 607
20 724
20 586
20 863
20 789
20 123
20 476
20 986
20 705
20 284
20 122
20 669
20 450
20 442
20 800
20 635
20 299
20 856
20 613
20 648
20 239
20 469
20 551
20 176
20 525
20 275
20 278
20 741
20 621
20 398
20 924
20 767
20 154
20 316
20 432
20 341
20 186
20 731
20 313
20 838
20 828
20 580
20 918
20 412
20 390
20 921
20 779
20 266
20 579
20 264
20 153
20 104
20 297
20 802
20 830
20 689
20 643
20 125
20 592
20 593
20 369
20 654
20 947
20 61
20 937
20 205
20 936
20 423
20 638
20 753
20 920
20 428
20 897
20 906
20 394
20 829
20 335
20 899
20 48
20 570
20 337
20 82
20 430
20 771
20 451
20 682
20 379
20 99
20 895
20 421
20 453
20 151
20 727
20 765
20 158
20 915
20 372
20 761
20 690
20 517
20 439
20 712
20 348
20 292
20 333
20 666
20 365
20 503
20 872
20 762
20 642
20 35
20 485
20 852
20 223
20 639
20 901
20 890
20 618
20 74
20 616
20 321
20 167
20 47
20 54
20 993
20 325
20 477
20 116
20 378
20 996
20 539
20 562
20 177
20 22
20 774
20 965
20 603
20 867
20 168
20 685
20 719
20 595
20 526
20 471
20 881
20 29
20 427
20 508
20 109
20 445
20 105
20 96
20 565
20 91
20 310
20 360
20 377
20 914
20 680
20 713
20 664
20 285
20 932
20 382
20 252
20 536
20 192
20 71
20 655
20 314
20 238
20 778
20 798
20 633
20 464
20 97
20 107
20 810
20 343
20 929
20 207
20 520
20 995
20 585
20 46
20 73
20 283
20 699
20 952
20 301
20 329
20 326
20 834
20 265
20 722
20 100
20 113
20 319
20 103
20 417
20 735
20 702
20 907
20 276
20 415
20 857
20 422
20 344
20 224
20 978
20 692
20 825
20 584
20 227
20 970
20 459
20 376
20 697
20 773
20 465
20 675
20 729
20 597
20 273
20 891
20 717
20 246
20 893
20 67
20 95
20 566
20 160
20 395
20 799
20 161
20 815
20 397
20 323
20 542
20 327
20 968
20 27
20 231
20 573
20 249
20 782
20 277
20 86
20 652
20 139
20 312
20 243
20 322
20 988
20 486
20 149
20 78
20 659
20 482
20 796
20 940
20 870
20 404
20 455
20 687
20 356
20 529
20 66
20 545
20 345
20 822
20 516
20 913
20 203
20 835
20 286
20 226
20 353
20 287
20 650
20 256
20 411
20 159
20 880
20 543
20 973
20 691
20 385
20 194
20 214
20 487
20 902
20 188
20 894
20 606
20 373
20 437
20 734
20 572
20 458
20 387
20 425
20 114
20 738
20 917
20 678
20 308
20 138
20 563
20 324
20 974
20 763
20 537
20 470
20 185
20 560
20 50
20 523
20 668
20 990
20 985
20 931
20 587
20 145
20 57
20 436
20 964
20 783
20 181
20 132
20 851
20 967
20 736
20 704
20 749
20 500
20 955
20 39
20 975
20 163
20 864
20 23
20 992
20 710
20 358
20 501
20 77
20 331
20 832
20 513
20 522
20 527
20 235
20 626
20 768
20 966
20 821
20 31
20 951
20 293
20 305
20 52
20 84
20 827
20 960
20 938
20 933
20 591
20 795
20 943
20 510
20 371
20 478
20 769
20 963
20 826
20 571
20 855
20 280
20 757
20 24
20 118
20 291
20 452
20 755
20 413
20 641
20 611
20 45
20 805
20 559
20 43
20 612
20 725
20 289
20 68
20 406
20 909
20 155
20 58
20 36
20 157
20 742
20 715
20 420
20 879
20 803
20 120
20 665
20 217
20 842
20 590
20 540
20 332
20 977
20 609
20 179
20 70
20 306
20 328
20 576
20 403
20 514
20 670
20 211
20 290
20 496
20 927
20 129
20 521
20 190
20 269
20 497
20 853
20 788
20 976
20 961
20 391
20 623
20 368
20 79
20 498
20 295
20 945
20 720
20 874
20 934
20 367
20 507
20 751
20 494
20 220
20 400
20 629
20 317
20 614
20 588
20 512
20 187
20 695
20 193
20 935
20 532
20 813
20 557
20 499
20 903
20 698
20 126
20 136
20 627
20 466
20 262
20 474
20 475
20 866
20 983
20 351
20 991
20 982
20 954
20 994
20 552
20 370
20 357
20 561
20 998
20 547
20 121
20 775
20 681
20 701
20 267
20 747
20 339
20 696
20 845
20 346
20 260
20 807
20 49
20 354
20 65
20 229
20 245
20 479
20 213
20 173
20 942
20 677
20 38
20 671
20 971
20 197
20 640
20 896
20 447
20 21
20 916
20 272
20 953
20 817
20 885
20 274
20 165
20 589
20 380
20 806
20 315
20 270
20 183
20 904
20 131
20 268
20 69
20 41
20 764
20 124
20 548
20 601
20 336
20 502
20 599
20 583
21 435
22 298
22 869
22 170
22 419
22 849
22 83
22 201
22 375
23 298
23 869
23 170
24 298
24 869
24 419
25 298
25 869
25 170
25 419
25 849
25 83
25 743
25 201
25 435
25 461
26 298
26 869
26 170
26 419
26 849
26 83
26 743
26 201
26 435
26 900
26 461
26 271
26 282
26 468
26 804
26 457
26 667
26 928
26 144
27 298
27 869
27 170
27 419
27 435
27 900
28 298
28 869
28 170
28 419
28 849
28 83
28 743
28 201
28 435
28 900
28 461
28 271
28 282
28 468
28 804
28 444
28 352
28 457
28 115
28 667
28 198
28 375
28 199
28 300
28 221
28 34
28 928
28 87
28 135
28 926
28 334
28 456
28 883
28 366
28 700
28 81
28 786
28 868
28 438
28 171
29 298
29 869
29 170
29 419
29 849
29 83
29 743
29 271
30 298
30 849
31 298
31 170
33 298
33 170
34 298
34 869
34 170
34 419
34 849
34 83
34 743
34 201
34 435
34 900
34 461
34 271
34 282
34 468
34 804
34 444
34 352
34 457
34 115
34 667
34 198
34 375
34 199
34 300
34 221
34 928
34 87
34 135
34 926
34 210
34 334
34 456
34 912
34 318
34 883
34 366
34 148
34 700
34 533
34 467
34 144
34 674
34 440
34 204
34 81
34 790
34 862
34 242
34 495
34 112
34 780
34 786
34 999
34 662
34 141
34 156
34 939
34 263
34 342
34 381
34 868
34 546
34 754
34 637
34 59
34 438
34 384
34 209
34 886
34 684
34 127
34 958
34 130
34 350
34 53
34 610
34 781
34 94
34 219
34 389
34 824
34 785
34 429
34 171
34 728
34 261
34 859
34 401
34 630
34 981
34 338
34 307
34 882
34 972
34 259
34 758
34 766
34 944
34 750
34 236
34 538
34 111
34 663
34 409
34 541
34 739
34 169
34 241
34 801
34 178
34 64
34 925
34 997
34 831
34 708
34 979
34 564
34 398
34 421
34 799
35 298
35 869
35 170
35 419
35 849
35 83
35 743
35 271
35 786
36 298
36 419
39 298
39 869
39 170
41 170
42 298
42 869
42 170
42 419
42 849
42 83
42 743
42 201
42 435
42 461
42 804
42 456
43 298
43 869
43 170
43 849
44 298
45 298
45 869
45 170
46 298
46 869
46 170
46 419
46 849
47 298
47 869
47 170
47 419
47 849
47 83
47 282
48 298
48 869
48 170
48 419
48 849
48 743
48 201
49 419
50 298
50 869
50 170
50 419
50 912
51 869
51 83
52 298
52 869
52 419
53 298
53 869
53 170
53 419
53 849
53 83
53 743
53 201
53 435
53 900
53 461
53 271
53 282
53 468
53 804
53 444
53 352
53 457
53 115
53 667
53 198
53 375
53 199
53 300
53 221
53 928
53 87
53 135
53 926
53 210
53 334
53 456
53 912
53 318
53 883
53 366
53 148
53 700
53 467
53 144
53 674
53 440
53 81
53 862
53 112
53 662
53 342
53 381
53 958
53 630
54 298
54 869
54 170
54 419
54 849
54 83
54 461
55 170
56 298
56 869
56 170
56 419
56 849
56 83
56 743
56 201
56 804
56 444
56 198
57 298
57 83
57 461
58 298
58 869
58 170
59 298
59 869
59 170
59 419
59 849
59 83
59 743
59 201
59 435
59 900
59 461
59 271
59 282
59 468
59 804
59 444
59 352
59 457
59 115
59 667
59 198
59 375
59 199
59 300
59 221
59 928
59 87
59 135
59 926
59 210
59 334
59 456
59 912
59 318
59 883
59 366
59 148
59 700
59 533
59 467
59 144
59 674
59 440
59 204
59 81
59 862
59 242
59 112
59 780
59 786
59 342
59 381
59 127
59 958
59 781
59 728
59 981
59 63
59 307
59 673
59 172
60 298
60 869
60 170
60 419
60 849
60 83
60 743
60 201
60 435
60 900
60 461
60 282
60 300
60 87
61 298
61 869
61 170
61 419
61 849
61 83
62 298
62 869
62 170
62 419
62 849
62 83
62 743
62 435
62 900
62 271
62 444
63 298
63 869
63 170
63 419
63 849
63 83
63 743
63 201
63 435
63 900
63 461
63 271
63 282
63 468
63 804
63 444
63 352
63 457
63 115
63 667
63 198
63 375
63 199
63 300
63 221
63 928
63 87
63 210
63 334
63 912
63 883
63 366
63 467
63 440
63 204
63 81
63 862
63 495
63 112
63 939
63 381
63 868
63 754
63 219
63 261
63 946
64 298
64 869
64 170
64 419
64 849
64 83
64 743
64 201
64 435
64 900
64 461
64 271
64 468
64 444
64 352
64 115
64 926
65 282
66 298
66 869
66 419
66 83
67 298
67 869
67 170
67 419
67 83
67 282
68 298
68 869
68 849
70 298
70 419
71 298
71 869
71 170
71 419
71 849
71 743
72 298
73 298
73 869
73 170
73 419
73 849
73 743
74 298
74 869
74 170
74 419
74 849
74 743
74 435
75 298
75 869
75 170
75 419
75 849
75 83
75 743
75 435
75 282
76 298
76 869
76 170
76 419
76 849
76 83
76 743
76 201
76 435
76 900
76 461
76 271
76 282
76 468
76 804
76 444
76 352
76 115
76 667
76 198
76 199
76 87
76 926
76 334
76 533
76 81
76 777
77 298
77 869
77 170
77 419
78 298
78 869
78 849
78 900
79 298
79 83
80 298
80 869
80 170
80 419
80 849
80 83
80 743
80 201
80 435
80 900
80 461
80 282
80 804
80 198
80 199
80 300
81 298
81 869
81 170
81 419
81 849
81 83
81 743
81 201
81 435
81 900
81 461
81 271
81 282
81 468
81 804
81 444
81 352
81 457
81 115
81 667
81 198
81 375
81 199
81 300
81 221
81 928
81 87
81 135
81 926
81 210
81 334
81 456
81 912
81 318
81 883
81 366
81 148
81 700
81 533
81 467
81 144
81 674
81 440
81 204
81 790
81 862
81 242
81 495
81 112
81 780
81 786
81 999
81 662
81 141
81 156
81 939
81 263
81 342
81 381
81 868
81 546
81 754
81 637
81 438
81 384
81 209
81 886
81 684
81 127
81 958
81 130
81 350
81 610
81 94
81 219
81 171
81 728
81 981
81 307
81 972
81 766
81 944
81 250
81 777
81 663
81 644
81 251
81 760
82 298
82 869
82 170
82 419
82 849
82 83
82 201
82 804
83 298
83 869
83 170
83 419
83 849
83 743
83 201
83 435
83 900
83 461
83 271
83 282
83 468
83 804
83 444
83 352
83 457
83 115
83 667
83 198
83 375
83 199
83 300
83 221
83 928
83 87
83 135
83 926
83 210
83 334
83 456
83 912
83 318
83 883
83 366
83 148
83 700
83 533
83 467
83 144
83 674
83 440
83 204
83 790
83 862
83 242
83 495
83 112
83 780
83 786
83 999
83 662
83 141
83 156
83 939
83 263
83 342
83 381
83 868
83 546
83 754
83 637
83 438
83 384
83 209
83 886
83 684
83 127
83 958
83 130
83 350
83 610
83 781
83 94
83 219
83 389
83 824
83 785
83 429
83 171
83 728
83 261
83 859
83 401
83 630
83 981
83 737
83 338
83 307
83 882
83 972
83 259
83 222
83 311
83 758
83 766
83 944
83 876
83 250
83 750
83 673
83 777
83 236
83 361
83 634
83 538
83 818
83 888
83 819
83 946
83 908
83 111
83 575
83 615
83 449
83 645
83 172
83 663
83 409
83 143
83 448
83 541
83 858
83 984
83 658
83 759
83 919
83 362
83 739
83 877
83 481
83 740
83 363
83 644
83 302
83 396
83 980
83 169
83 454
83 865
83 581
83 530
83 672
83 106
83 528
83 257
83 92
83 646
83 174
83 660
83 683
83 524
83 1000
83 653
83 443
83 241
83 359
83 617
83 191
83 251
83 228
83 801
83 218
83 787
83 569
83 178
83 925
83 102
83 142
83 997
83 871
83 625
83 632
83 776
83 279
83 402
83 730
83 408
83 596
83 340
83 905
83 568
83 294
83 831
83 620
83 923
83 708
83 216
83 770
83 711
83 814
83 707
83 518
83 744
83 676
83 718
83 979
83 424
83 794
83 600
83 823
83 605
83 752
83 281
83 578
83 119
83 364
83 355
83 473
83 811
83 519
83 598
83 88
83 661
83 472
83 841
83 714
83 604
83 175
83 234
83 399
83 189
83 582
83 98
83 884
83 480
83 555
83 446
83 878
83 388
83 434
83 875
83 196
83 462
83 848
83 647
83 393
83 577
83 255
83 182
83 969
83 491
83 460
83 416
83 558
83 760
83 550
83 140
83 649
83 564
83 208
83 488
83 349
83 887
83 492
83 215
83 607
83 724
83 586
83 863
83 789
83 123
83 476
83 986
83 705
83 284
83 122
83 669
83 450
83 442
83 800
83 635
83 299
83 856
83 613
83 648
83 239
83 469
83 551
83 176
83 525
83 275
83 278
83 741
83 621
83 398
83 924
83 767
83 154
83 316
83 341
83 186
83 731
83 313
83 838
83 828
83 580
83 918
83 412
83 390
83 921
83 779
83 266
83 264
83 153
83 104
83 297
83 830
83 689
83 643
83 125
83 592
83 369
83 654
83 947
83 937
83 205
83 423
83 638
83 428
83 897
83 906
83 829
83 899
83 570
83 337
83 771
83 451
83 682
83 99
83 895
83 453
83 372
83 690
83 712
83 292
83 333
83 666
83 365
83 503
83 642
83 852
83 223
83 639
83 890
83 618
83 116
83 378
83 996
83 965
83 603
83 685
83 471
83 105
83 310
83 377
83 914
83 664
83 285
83 382
83 536
83 464
83 107
83 343
83 265
83 417
83 702
83 857
83 692
83 584
83 459
83 697
83 891
83 717
83 893
83 95
83 566
83 323
83 327
83 149
83 482
83 345
83 973
83 385
83 734
83 668
83 990
83 181
83 704
83 992
83 331
83 821
83 510
83 291
83 805
83 665
83 496
83 184
83 911
83 903
83 983
83 809
83 240
83 272
83 418
83 987
83 636
83 816
83 656
84 298
85 419
86 298
86 869
86 170
87 298
87 869
87 170
87 419
87 849
87 743
87 201
87 435
87 900
87 461
87 271
87 282
87 468
87 804
87 444
87 352
87 457
87 115
87 667
87 198
87 375
87 199
87 300
87 221
87 928
87 135
87 926
87 210
87 334
87 456
87 912
87 318
87 883
87 366
87 148
87 700
87 533
87 467
87 144
87 674
87 440
87 204
87 790
87 862
87 242
87 495
87 112
87 780
87 786
87 999
87 662
87 141
87 156
87 939
87 263
87 342
87 381
87 868
87 546
87 754
87 637
87 438
87 384
87 209
87 886
87 684
87 127
87 958
87 130
87 350
87 610
87 781
87 94
87 219
87 389
87 824
87 785
87 429
87 171
87 728
87 859
87 401
87 630
87 981
87 338
87 307
87 972
87 259
87 222
87 766
87 944
87 876
87 750
87 673
87 777
87 236
87 634
87 888
87 946
87 908
87 615
87 449
87 172
87 663
87 143
87 877
87 302
87 169
87 672
87 174
87 653
87 776
87 770
87 814
87 647
88 298
88 869
88 170
88 419
88 849
88 743
88 201
88 900
88 461
88 271
88 928
88 334
89 298
89 869
89 419
91 298
91 869
91 170
91 419
91 849
91 743
92 298
92 869
92 170
92 419
92 849
92 743
92 201
92 435
92 900
92 461
92 271
92 282
92 468
92 444
92 352
92 457
92 115
92 198
92 242
93 170
94 298
94 869
94 170
94 419
94 849
94 743
94 201
94 435
94 900
94 461
94 271
94 282
94 468
94 804
94 444
94 352
94 457
94 115
94 667
94 198
94 375
94 199
94 300
94 221
94 928
94 135
94 926
94 210
94 334
94 456
94 912
94 318
94 883
94 366
94 148
94 700
94 467
94 674
94 440
94 204
94 862
94 242
94 780
94 786
94 868
94 127
94 350
94 781
94 972
94 644
95 298
95 869
95 170
95 419
95 849
96 298
96 869
96 170
96 419
96 849
96 900
97 298
97 869
97 170
97 419
97 849
97 201
98 298
98 869
98 170
98 419
98 849
98 743
98 201
98 435
98 461
98 271
98 468
98 352
99 298
99 869
99 170
99 419
99 849
99 201
99 271
100 298
100 869
100 170
100 419
100 849
102 298
102 869
102 170
102 419
102 849
102 743
102 201
102 435
102 900
102 461
102 271
102 282
102 804
102 352
102 667
102 199
102 912
103 298
103 869
103 170
103 419
103 282
103 352
104 298
104 869
104 170
104 419
104 849
104 743
104 201
104 435
104 900
104 461
105 298
105 869
105 170
105 419
105 849
106 298
106 869
106 170
106 419
106 849
106 743
106 201
106 435
106 900
106 461
106 271
106 282
106 468
106 804
106 444
106 352
106 115
106 198
106 210
106 456
106 148
106 862
106 141
106 886
106 261
107 298
107 869
107 170
107 419
107 849
107 271
109 298
109 869
109 170
109 419
109 849
110 419
110 849
111 298
111 869
111 170
111 419
111 849
111 743
111 201
111 435
111 900
111 461
111 271
111 282
111 468
111 804
111 444
111 352
111 457
111 115
111 667
111 198
111 300
111 221
111 135
111 366
111 148
111 467
111 440
111 786
111 662
111 754
111 480
112 298
112 869
112 170
112 419
112 849
112 743
112 201
112 435
112 900
112 461
112 271
112 282
112 468
112 804
112 444
112 352
112 457
112 115
112 667
112 198
112 375
112 199
112 300
112 221
112 928
112 135
112 926
112 210
112 334
112 456
112 912
112 318
112 883
112 366
112 148
112 700
112 533
112 467
112 144
112 674
112 440
112 204
112 790
112 862
112 242
112 495
112 780
112 786
112 999
112 662
112 141
112 156
112 939
112 263
112 342
112 381
112 868
112 754
112 637
112 438
112 384
112 209
112 684
112 130
112 610
112 389
112 824
112 222
112 758
112 876
112 449
112 363
112 528
112 708
112 473
112 189
112 731
113 298
113 869
113 170
113 419
113 849
113 461
114 298
114 869
114 170
114 419
115 298
115 869
115 170
115 419
115 849
115 743
115 201
115 435
115 900
115 461
115 271
115 282
115 468
115 804
115 444
115 352
115 457
115 667
115 198
115 375
115 199
115 300
115 221
115 928
115 135
115 926
115 210
115 334
115 456
115 912
115 318
115 883
115 366
115 148
115 700
115 533
115 467
115 144
115 674
115 440
115 204
115 790
115 862
115 242
115 495
115 780
115 786
115 999
115 662
115 141
115 156
115 939
115 263
115 342
115 381
115 868
115 546
115 754
115 637
115 438
115 384
115 209
115 886
115 684
115 127
115 958
115 130
115 350
115 610
115 781
115 219
115 389
115 824
115 785
115 429
115 171
115 728
115 261
115 859
115 401
115 630
115 981
115 737
115 338
115 307
115 882
115 972
115 259
115 222
115 311
115 758
115 766
115 944
115 876
115 250
115 750
115 673
115 777
115 236
115 361
115 634
115 538
115 818
115 888
115 819
115 946
115 908
115 575
115 615
115 449
115 645
115 172
115 143
115 448
115 541
115 858
115 984
115 658
115 759
115 919
115 362
115 877
115 740
115 644
115 396
115 980
115 581
115 672
115 257
115 683
115 653
115 801
115 218
115 787
115 925
115 625
115 632
115 216
115 711
115 600
115 281
115 577
115 255
115 140
115 648
115 264
115 872
115 376
115 889
116 298
116 869
116 170
116 419
116 849
116 201
117 419
118 298
118 869
118 419
118 271
119 298
119 869
119 170
119 419
119 849
119 743
119 201
119 435
119 900
119 271
119 804
119 444
119 790
120 298
121 298
122 298
122 869
122 170
122 419
122 849
123 298
123 869
123 170
123 419
123 849
123 743
124 298
125 298
125 869
125 170
125 419
125 849
125 201
125 900
126 298
126 869
127 298
127 869
127 170
127 419
127 849
127 743
127 201
127 435
127 900
127 461
127 271
127 282
127 468
127 804
127 444
127 352
127 457
127 667
127 198
127 375
127 199
127 300
127 221
127 928
127 135
127 926
127 210
127 334
127 456
127 912
127 318
127 883
127 366
127 148
127 700
127 533
127 467
127 144
127 674
127 440
127 790
127 242
127 495
127 786
127 662
127 141
127 156
127 263
127 342
127 824
128 298
129 298
130 298
130 869
130 170
130 419
130 849
130 743
130 201
130 435
130 900
130 461
130 271
130 282
130 468
130 804
130 444
130 352
130 457
130 667
130 198
130 375
130 199
130 300
130 221
130 928
130 135
130 926
130 210
130 334
130 456
130 912
130 318
130 883
130 366
130 148
130 700
130 533
130 467
130 674
130 440
130 204
130 790
130 495
130 780
130 786
130 156
130 939
130 381
130 684
130 958
130 610
130 389
130 859
130 981
130 250
130 818
131 869
132 298
132 170
132 419
133 849
134 298
134 170
134 419
135 298
135 869
135 170
135 419
135 849
135 743
135 201
135 435
135 900
135 461
135 271
135 282
135 468
135 804
135 444
135 352
135 457
135 667
135 198
135 375
135 199
135 300
135 221
135 928
135 926
135 210
135 334
135 456
135 912
135 318
135 883
135 366
135 148
135 700
135 533
135 467
135 144
135 674
135 440
135 204
135 790
135 862
135 242
135 495
135 780
135 786
135 999
135 662
135 141
135 156
135 939
135 263
135 342
135 381
135 868
135 546
135 754
135 637
135 438
135 384
135 209
135 886
135 684
135 958
135 350
135 610
135 781
135 219
135 389
135 824
135 785
135 429
135 171
135 728
135 261
135 859
135 401
135 630
135 737
135 338
135 307
135 882
135 972
135 259
135 766
135 250
135 777
135 361
135 634
135 888
135 819
135 449
135 759
135 362
135 877
135 644
135 396
135 581
135 524
135 241
135 787
135 730
135 831
135 473
136 298
138 298
138 869
139 298
139 869
139 170
139 201
139 900
139 461
140 298
140 869
140 170
140 419
140 849
140 743
140 435
140 900
141 298
141 869
141 170
141 419
141 849
141 743
141 201
141 435
141 900
141 461
141 271
141 282
141 468
141 804
141 444
141 352
141 457
141 667
141 198
141 375
141 199
141 300
141 221
141 928
141 926
141 210
141 334
141 456
141 912
141 318
141 883
141 366
141 148
141 700
141 533
141 467
141 144
141 674
141 440
141 204
141 790
141 862
141 242
141 495
141 780
141 786
141 999
141 662
141 156
141 939
141 263
141 342
141 868
141 546
141 754
141 637
141 438
141 384
141 209
141 684
141 824
141 401
141 307
141 758
141 944
141 363
141 161
142 298
142 869
142 170
142 419
142 849
142 743
142 201
142 435
142 900
142 461
142 271
142 282
142 804
142 352
142 457
143 298
143 869
143 170
143 419
143 849
143 743
143 201
143 435
143 900
143 461
143 271
143 282
143 468
143 804
143 444
143 352
143 457
143 667
143 198
143 221
143 912
143 440
143 242
143 882
144 298
144 869
144 170
144 419
144 849
144 743
144 201
144 435
144 900
144 461
144 271
144 282
144 468
144 804
144 444
144 352
144 457
144 667
144 198
144 375
144 199
144 300
144 221
144 928
144 926
144 210
144 334
144 456
144 912
144 318
144 883
144 366
144 148
144 700
144 533
144 467
144 674
144 440
144 204
144 790
144 862
144 242
144 495
144 780
144 786
144 999
144 662
144 156
144 939
144 263
144 342
144 381
144 868
144 546
144 754
144 637
144 438
144 384
144 209
144 684
144 958
144 350
144 610
144 219
144 389
144 785
144 171
144 261
144 859
144 944
144 634
144 575
144 615
144 858
144 801
144 625
144 714
144 434
144 215
144 526
145 298
145 869
145 170
145 419
145 318
147 869
147 419
147 201
148 298
148 869
148 170
148 419
148 849
148 743
148 201
148 435
148 900
148 461
148 271
148 282
148 468
148 804
148 444
148 352
148 457
148 667
148 198
148 375
148 199
148 300
148 221
148 928
148 926
148 210
148 334
148 456
148 912
148 318
148 883
148 366
148 700
148 533
148 467
148 674
148 440
148 204
148 790
148 862
148 242
148 495
148 780
148 786
148 999
148 662
148 156
148 939
148 263
148 342
148 381
148 868
148 546
148 754
148 637
148 438
148 384
148 209
148 886
148 684
148 958
148 350
148 781
148 389
148 785
148 429
148 401
148 981
148 737
148 307
148 259
148 311
148 876
148 750
148 777
148 236
148 634
148 449
148 172
148 448
148 658
148 739
148 169
148 672
148 905
148 518
149 298
149 869
149 170
149 419
149 300
150 419
150 849
151 298
151 869
151 170
151 419
151 849
151 743
151 435
151 900
152 298
152 201
153 298
153 869
153 170
153 419
153 849
153 743
153 435
153 468
153 780
154 298
154 869
154 170
154 419
154 849
154 743
154 201
154 300
154 318
155 298
155 869
155 170
156 298
156 869
156 170
156 419
156 849
156 743
156 201
156 435
156 900
156 461
156 271
156 282
156 468
156 804
156 444
156 352
156 457
156 667
156 198
156 375
156 199
156 300
156 221
156 928
156 926
156 210
156 334
156 456
156 912
156 318
156 883
156 366
156 700
156 533
156 467
156 674
156 440
156 204
156 790
156 862
156 242
156 495
156 780
156 786
156 999
156 662
156 939
156 263
156 342
156 868
156 546
156 754
156 438
156 384
156 886
156 684
156 958
156 350
156 610
156 389
156 429
156 859
156 630
156 644
156 653
156 744
156 820
157 298
157 869
158 298
158 869
158 170
158 419
158 849
158 201
158 461
158 786
159 298
159 869
159 419
160 298
160 869
160 170
160 419
160 849
160 334
161 298
161 869
161 419
162 869
162 900
163 298
163 869
164 298
165 849
166 298
166 170
167 298
167 869
167 170
167 419
167 849
167 743
168 298
168 869
168 170
168 419
168 849
168 271
168 468
169 298
169 869
169 170
169 419
169 849
169 743
169 201
169 435
169 900
169 461
169 271
169 282
169 468
169 804
169 444
169 352
169 457
169 667
169 198
169 375
169 199
169 366
169 999
169 236
170 298
170 869
170 419
170 849
170 743
170 201
170 435
170 900
170 461
170 271
170 282
170 468
170 804
170 444
170 352
170 457
170 667
170 198
170 375
170 199
170 300
170 221
170 928
170 926
170 210
170 334
170 456
170 912
170 318
170 883
170 366
170 700
170 533
170 467
170 674
170 440
170 204
170 790
170 862
170 242
170 495
170 780
170 786
170 999
170 662
170 939
170 263
170 342
170 381
170 868
170 546
170 754
170 637
170 438
170 384
170 209
170 886
170 684
170 958
170 350
170 610
170 781
170 219
170 389
170 824
170 785
170 429
170 171
170 728
170 261
170 859
170 401
170 630
170 981
170 737
170 338
170 307
170 882
170 972
170 259
170 222
170 311
170 758
170 766
170 944
170 876
170 250
170 750
170 673
170 777
170 236
170 361
170 634
170 538
170 818
170 888
170 819
170 946
170 908
170 575
170 615
170 449
170 645
170 172
170 663
170 409
170 448
170 541
170 858
170 984
170 658
170 759
170 919
170 362
170 739
170 877
170 481
170 740
170 363
170 644
170 302
170 396
170 980
170 454
170 865
170 581
170 530
170 672
170 528
170 257
170 646
170 174
170 660
170 683
170 524
170 1000
170 653
170 443
170 241
170 359
170 617
170 191
170 251
170 228
170 801
170 218
170 787
170 569
170 178
170 925
170 997
170 871
170 625
170 632
170 776
170 279
170 402
170 730
170 408
170 596
170 340
170 905
170 568
170 294
170 831
170 620
170 923
170 708
170 216
170 770
170 711
170 814
170 707
170 518
170 744
170 676
170 718
170 979
170 424
170 794
170 600
170 823
170 605
170 752
170 281
170 578
170 364
170 355
170 473
170 811
170 519
170 598
170 661
170 472
170 841
170 714
170 604
170 175
170 234
170 399
170 189
170 582
170 884
170 480
170 555
170 446
170 878
170 388
170 434
170 875
170 196
170 462
170 848
170 647
170 393
170 577
170 255
170 182
170 969
170 491
170 460
170 416
170 558
170 760
170 550
170 649
170 564
170 208
170 488
170 349
170 887
170 492
170 215
170 607
170 724
170 586
170 863
170 789
170 476
170 986
170 705
170 284
170 669
170 450
170 442
170 800
170 635
170 299
170 856
170 613
170 648
170 239
170 469
170 551
170 176
170 525
170 275
170 278
170 741
170 621
170 398
170 924
170 767
170 316
170 432
170 341
170 186
170 731
170 313
170 838
170 828
170 580
170 918
170 412
170 390
170 921
170 779
170 266
170 579
170 264
170 297
170 802
170 830
170 689
170 643
170 592
170 593
170 369
170 654
170 947
170 937
170 205
170 936
170 423
170 638
170 753
170 920
170 428
170 897
170 906
170 394
170 829
170 335
170 899
170 570
170 337
170 430
170 771
170 451
170 682
170 379
170 895
170 421
170 453
170 727
170 765
170 915
170 372
170 761
170 690
170 517
170 439
170 712
170 348
170 292
170 333
170 666
170 365
170 503
170 872
170 762
170 642
170 485
170 852
170 223
170 639
170 901
170 890
170 618
170 616
170 321
170 993
170 325
170 477
170 378
170 996
170 539
170 562
170 177
170 774
170 965
170 603
170 867
170 685
170 719
170 595
170 526
170 471
170 881
170 427
170 508
170 445
170 565
170 310
170 360
170 377
170 914
170 680
170 713
170 664
170 285
170 932
170 382
170 252
170 536
170 192
170 655
170 314
170 238
170 778
170 798
170 633
170 464
170 810
170 343
170 929
170 207
170 520
170 995
170 585
170 283
170 699
170 952
170 301
170 329
170 326
170 834
170 265
170 722
170 319
170 417
170 735
170 702
170 907
170 276
170 415
170 857
170 422
170 344
170 224
170 978
170 692
170 825
170 584
170 227
170 970
170 459
170 376
170 697
170 773
170 465
170 675
170 729
170 597
170 273
170 891
170 717
170 246
170 893
170 566
170 799
170 815
170 397
170 323
170 542
170 327
170 968
170 231
170 573
170 249
170 782
170 277
170 652
170 312
170 988
170 486
170 659
170 482
170 796
170 940
170 870
170 404
170 455
170 356
170 529
170 822
170 516
170 913
170 835
170 286
170 353
170 287
170 650
170 543
170 973
170 487
170 188
170 894
170 606
170 373
170 437
170 572
170 387
170 425
170 678
170 308
170 324
170 974
170 470
170 185
170 560
170 523
170 990
170 436
170 964
170 783
170 181
170 851
170 967
170 955
170 864
170 358
170 832
170 513
170 522
170 235
170 768
170 966
170 821
170 951
170 305
170 960
170 938
170 933
170 591
170 478
170 769
170 571
170 291
170 755
170 805
170 420
170 309
170 232
170 590
170 977
170 306
170 576
170 927
170 190
170 950
170 269
170 535
170 853
170 976
170 623
170 549
170 304
170 934
170 258
170 588
170 187
170 531
170 903
170 627
170 466
170 262
170 433
170 982
170 998
170 463
170 267
170 339
170 225
170 898
170 229
170 173
170 959
170 860
170 733
170 483
170 971
170 244
170 240
170 709
170 212
170 386
170 594
170 548
170 746
170 599
171 298
171 869
171 419
171 849
171 743
171 201
171 435
171 900
171 461
171 271
171 282
171 468
171 804
171 444
171 352
171 457
171 667
171 198
171 375
171 199
171 300
171 221
171 928
171 926
171 210
171 456
171 912
171 318
171 700
171 533
171 674
171 440
171 495
171 780
171 786
171 637
171 350
171 730
172 298
172 869
172 419
172 849
172 743
172 201
172 435
172 900
172 461
172 271
172 282
172 468
172 804
172 444
172 352
172 457
172 199
172 221
172 210
172 334
172 342
172 438
174 298
174 869
174 419
174 849
174 743
174 201
174 435
174 900
174 461
174 271
174 282
174 804
174 352
175 298
175 869
175 419
175 849
175 743
175 201
175 435
175 900
175 461
175 457
176 298
176 869
176 419
176 849
177 298
177 869
177 419
177 849
178 298
178 869
178 419
178 849
178 743
178 201
178 435
178 900
178 461
178 271
178 282
178 444
178 352
178 457
178 667
179 849
181 298
181 869
181 419
181 849
182 298
182 869
182 419
182 849
182 743
182 201
182 667
184 298
184 869
185 298
185 869
186 298
186 869
186 419
186 849
186 201
187 849
188 298
188 869
188 419
188 849
188 468
188 939
189 298
189 869
189 419
189 849
189 743
189 201
189 435
189 461
189 282
190 869
191 298
191 869
191 419
191 849
191 743
191 201
191 435
191 900
191 461
191 271
191 282
191 457
191 926
192 298
192 869
192 419
192 849
192 271
193 298
193 869
194 298
194 869
194 900
195 298
196 298
196 869
196 419
196 849
196 743
196 201
196 900
196 804
196 198
197 849
197 282
198 298
198 869
198 419
198 849
198 743
198 201
198 435
198 900
198 461
198 271
198 282
198 468
198 804
198 444
198 352
198 457
198 667
198 375
198 199
198 300
198 221
198 928
198 926
198 210
198 334
198 456
198 912
198 318
198 883
198 366
198 700
198 533
198 467
198 674
198 440
198 204
198 790
198 862
198 242
198 495
198 780
198 786
198 999
198 662
198 939
198 263
198 342
198 381
198 868
198 546
198 754
198 637
198 438
198 384
198 209
198 886
198 684
198 958
198 350
198 610
198 781
198 219
198 389
198 824
198 785
198 429
198 728
198 261
198 859
198 401
198 630
198 981
198 737
198 338
198 307
198 882
198 972
198 259
198 222
198 311
198 758
198 766
198 944
198 876
198 250
198 750
198 673
198 777
198 236
198 361
198 634
198 538
198 818
198 888
198 819
198 946
198 908
198 615
198 449
198 645
198 409
198 448
198 541
198 984
198 759
198 919
198 739
198 740
198 454
198 530
198 672
198 646
198 660
198 653
198 241
198 625
198 632
198 905
198 979
198 424
198 841
198 399
198 446
198 878
198 848
198 215
198 525
198 680
198 373
198 783
199 298
199 869
199 419
199 849
199 743
199 201
199 435
199 900
199 461
199 271
199 282
199 468
199 804
199 444
199 352
199 457
199 667
199 375
199 300
199 221
199 928
199 926
199 210
199 334
199 456
199 912
199 318
199 883
199 366
199 700
199 533
199 467
199 674
199 440
199 204
199 790
199 862
199 242
199 495
199 780
199 786
199 999
199 662
199 939
199 263
199 342
199 381
199 868
199 546
199 754
199 637
199 438
199 384
199 209
199 886
199 684
199 958
199 350
199 610
199 781
199 219
199 389
199 824
199 785
199 429
199 728
199 261
199 859
199 401
199 630
199 981
199 737
199 338
199 307
199 882
199 972
199 259
199 222
199 311
199 758
199 766
199 944
199 876
199 250
199 750
199 673
199 236
199 361
199 538
199 888
199 819
199 946
199 908
199 575
199 645
199 448
199 858
199 984
199 363
199 653
199 787
199 625
199 632
199 730
199 518
199 863
199 570
199 319
199 459
200 298
200 419
201 298
201 869
201 419
201 849
201 743
201 435
201 900
201 461
201 271
201 282
201 468
201 804
201 444
201 352
201 457
201 667
201 375
201 300
201 221
201 928
201 926
201 210
201 334
201 456
201 912
201 318
201 883
201 366
201 700
201 533
201 467
201 674
201 440
201 204
201 790
201 862
201 242
201 495
201 780
201 786
201 999
201 662
201 939
201 263
201 342
201 381
201 868
201 546
201 754
201 637
201 438
201 384
201 209
201 886
201 684
201 958
201 350
201 610
201 781
201 219
201 389
201 824
201 785
201 429
201 728
201 261
201 859
201 401
201 630
201 981
201 737
201 338
201 307
201 882
201 972
201 259
201 222
201 311
201 758
201 766
201 944
201 876
201 250
201 750
201 673
201 777
201 236
201 361
201 634
201 538
201 818
201 888
201 819
201 946
201 908
201 575
201 615
201 449
201 645
201 663
201 409
201 448
201 541
201 858
201 984
201 658
201 759
201 919
201 362
201 739
201 877
201 481
201 740
201 363
201 644
201 302
201 396
201 980
201 454
201 865
201 581
201 530
201 672
201 528
201 257
201 646
201 660
201 683
201 524
201 1000
201 653
201 443
201 241
201 359
201 617
201 251
201 228
201 801
201 218
201 787
201 569
201 925
201 997
201 871
201 625
201 632
201 776
201 279
201 402
201 730
201 408
201 596
201 340
201 905
201 568
201 294
201 831
201 620
201 923
201 708
201 216
201 770
201 711
201 814
201 707
201 518
201 744
201 676
201 718
201 979
201 424
201 794
201 600
201 823
201 605
201 752
201 281
201 578
201 364
201 355
201 473
201 811
201 519
201 598
201 661
201 472
201 841
201 234
201 399
201 582
201 480
201 555
201 446
201 878
201 434
201 848
201 647
201 255
201 969
201 215
201 607
201 724
201 586
201 705
201 442
201 800
201 613
201 648
201 469
201 275
201 278
201 741
201 341
201 313
201 838
201 390
201 779
201 297
201 643
201 592
201 593
201 205
201 428
201 337
201 765
201 761
201 333
201 872
201 485
201 325
201 996
201 562
201 565
201 932
201 238
201 699
201 265
201 722
201 276
201 376
201 675
201 799
201 940
201 529
201 678
201 537
201 554
201 561
201 723
201 746
202 298
203 298
203 869
203 419
203 849
204 298
204 869
204 419
204 849
204 743
204 435
204 900
204 461
204 271
204 282
204 468
204 804
204 444
204 352
204 457
204 667
204 375
204 300
204 221
204 928
204 926
204 210
204 334
204 456
204 912
204 318
204 883
204 366
204 700
204 533
204 467
204 674
204 440
204 790
204 862
204 242
204 495
204 780
204 786
204 999
204 662
204 939
204 263
204 342
204 381
204 868
204 546
204 754
204 637
204 438
204 384
204 209
204 886
204 684
204 958
204 350
204 610
204 389
204 785
204 429
204 261
204 307
204 758
204 361
204 908
204 984
204 919
204 251
204 801
204 313
204 827
205 298
205 869
205 419
205 849
205 743
205 804
206 298
207 298
207 869
207 419
207 849
208 298
208 869
208 419
208 849
208 271
208 282
209 298
209 869
209 419
209 849
209 743
209 435
209 900
209 461
209 271
209 282
209 468
209 804
209 444
209 352
209 457
209 667
209 375
209 300
209 221
209 928
209 926
209 210
209 334
209 456
209 912
209 318
209 883
209 366
209 700
209 533
209 467
209 674
209 790
209 862
209 242
209 495
209 780
209 999
209 662
209 939
209 868
209 438
209 384
209 737
209 818
209 663
210 298
210 869
210 419
210 849
210 743
210 435
210 900
210 461
210 271
210 282
210 468
210 804
210 444
210 352
210 457
210 667
210 375
210 300
210 221
210 928
210 926
210 334
210 456
210 912
210 318
210 883
210 366
210 700
210 533
210 467
210 674
210 440
210 790
210 862
210 242
210 495
210 780
210 786
210 999
210 662
210 939
210 263
210 342
210 381
210 868
210 546
210 754
210 637
210 438
210 384
210 886
210 684
210 958
210 350
210 610
210 781
210 219
210 389
210 824
210 429
210 728
210 261
210 859
210 401
210 737
210 307
210 972
210 222
210 766
210 250
210 673
210 777
210 236
210 538
210 946
210 658
210 759
210 919
210 362
210 454
210 528
210 257
210 218
210 340
210 923
210 811
211 298
213 298
213 849
214 298
214 869
215 298
215 869
215 419
215 849
215 743
215 435
216 298
216 869
216 419
216 849
216 743
216 435
216 900
216 461
216 468
216 444
216 375
216 944
217 298
217 869
217 419
218 298
218 869
218 419
218 849
218 743
218 435
218 900
218 461
218 271
218 282
218 804
218 300
218 862
218 350
219 298
219 869
219 419
219 849
219 743
219 435
219 900
219 461
219 271
219 282
219 468
219 804
219 444
219 352
219 457
219 667
219 375
219 300
219 221
219 928
219 926
219 334
219 456
219 912
219 883
219 533
219 674
219 440
219 790
219 862
219 495
219 780
219 263
219 342
219 868
219 785
219 750
220 419
221 298
221 869
221 419
221 849
221 743
221 435
221 900
221 461
221 271
221 282
221 468
221 804
221 444
221 352
221 457
221 667
221 375
221 300
221 928
221 926
221 334
221 456
221 912
221 318
221 883
221 366
221 700
221 533
221 467
221 674
221 440
221 790
221 862
221 242
221 495
221 780
221 786
221 999
221 662
221 939
221 263
221 342
221 381
221 868
221 546
221 754
221 637
221 438
221 384
221 886
221 684
221 958
221 350
221 610
221 781
221 389
221 824
221 785
221 429
221 728
221 261
221 859
221 401
221 630
221 981
221 737
221 338
221 307
221 882
221 972
221 259
221 222
221 311
221 758
221 766
221 944
221 750
221 673
221 777
221 634
221 538
221 888
221 819
221 946
221 908
221 575
221 615
221 449
221 448
221 658
221 919
221 302
221 396
221 408
221 923
221 355
221 811
221 234
221 416
221 724
221 713
222 298
222 869
222 419
222 849
222 743
222 435
222 900
222 461
222 271
222 282
222 468
222 804
222 444
222 352
222 457
222 667
222 375
222 300
222 928
222 334
222 456
222 318
222 883
222 533
222 467
222 674
222 790
222 495
222 546
223 298
223 869
223 419
223 849
224 298
224 869
224 419
224 849
225 419
226 298
226 869
226 419
226 849
227 298
227 869
227 419
227 743
227 461
228 298
228 869
228 419
228 849
228 743
228 435
228 900
228 461
228 271
228 282
228 804
228 926
228 384
229 869
230 869
230 419
231 298
231 869
231 419
232 298
234 298
234 869
234 419
234 849
234 743
234 435
234 461
234 271
235 298
235 419
236 298
236 869
236 419
236 849
236 743
236 435
236 900
236 461
236 271
236 282
236 468
236 804
236 444
236 352
236 457
236 667
236 375
236 300
236 928
236 926
236 334
236 912
236 674
236 662
236 637
237 298
237 419
238 298
238 869
238 419
238 849
238 743
239 298
239 869
239 419
239 849
239 743
241 298
241 869
241 419
241 849
241 743
241 435
241 900
241 461
241 271
241 282
241 468
241 804
241 352
241 667
242 298
242 869
242 419
242 849
242 743
242 435
242 900
242 461
242 271
242 282
242 468
242 804
242 444
242 352
242 457
242 667
242 375
242 300
242 928
242 926
242 334
242 456
242 912
242 318
242 883
242 366
242 700
242 533
242 467
242 674
242 440
242 790
242 862
242 495
242 780
242 786
242 999
242 662
242 939
242 263
242 342
242 381
242 868
242 546
242 754
242 637
242 438
242 384
242 886
242 958
242 261
242 859
242 630
242 338
242 882
242 311
242 818
242 644
242 582
242 388
243 298
243 869
244 298
244 869
245 849
246 298
246 869
246 419
246 849
247 444
248 298
248 804
249 298
249 869
249 419
249 849
250 298
250 869
250 419
250 849
250 743
250 435
250 900
250 461
250 271
250 282
250 468
250 804
250 444
250 352
250 457
250 667
250 375
250 300
250 928
250 318
250 883
250 467
250 862
250 786
250 342
250 754
250 888
250 865
250 251
251 298
251 869
251 419
251 849
251 743
251 435
251 900
251 461
251 271
251 282
251 468
251 804
251 667
251 375
251 928
251 780
252 298
252 869
252 419
252 849
252 461
254 869
255 298
255 869
255 419
255 849
255 743
255 461
255 375
256 298
256 869
257 298
257 869
257 419
257 849
257 743
257 435
257 900
257 461
257 271
257 282
257 468
257 352
257 667
257 467
258 298
259 298
259 869
259 419
259 849
259 743
259 435
259 900
259 461
259 271
259 282
259 468
259 804
259 444
259 352
259 457
259 667
259 375
259 300
259 928
259 926
259 334
259 912
259 318
259 366
259 533
259 467
259 674
259 862
259 786
259 958
260 298
261 298
261 869
261 419
261 849
261 743
261 435
261 900
261 461
261 271
261 282
261 468
261 804
261 444
261 352
261 457
261 667
261 375
261 300
261 928
261 912
261 318
261 366
261 700
261 533
261 467
261 862
261 780
261 263
261 342
261 728
261 538
262 869
263 298
263 869
263 419
263 849
263 743
263 435
263 900
263 461
263 271
263 282
263 468
263 804
263 444
263 352
263 457
263 667
263 375
263 300
263 928
263 926
263 334
263 456
263 912
263 318
263 883
263 366
263 700
263 533
263 467
263 674
263 440
263 790
263 862
263 495
263 780
263 786
263 999
263 662
263 939
263 342
263 381
263 868
263 886
263 684
263 958
263 610
263 728
263 401
263 307
263 944
263 946
263 984
263 718
264 298
264 869
264 419
264 849
264 743
264 900
265 298
265 869
265 419
265 849
266 298
266 869
266 419
266 849
266 435
267 849
268 869
269 849
270 849
271 298
271 869
271 419
271 849
271 743
271 435
271 900
271 461
271 282
271 468
271 804
271 444
271 352
271 457
271 667
271 375
271 300
271 928
271 926
271 334
271 456
271 912
271 318
271 883
271 366
271 700
271 533
271 467
271 674
271 440
271 790
271 862
271 495
271 780
271 786
271 999
271 662
271 939
271 342
271 381
271 868
271 546
271 754
271 637
271 438
271 384
271 886
271 684
271 958
271 350
271 610
271 781
271 389
271 824
271 785
271 429
271 728
271 859
271 401
271 630
271 981
271 737
271 338
271 307
271 882
271 972
271 311
271 758
271 766
271 944
271 876
271 750
271 673
271 777
271 361
271 634
271 538
271 818
271 888
271 819
271 946
271 908
271 575
271 615
271 449
271 645
271 663
271 409
271 448
271 541
271 858
271 984
271 658
271 759
271 919
271 362
271 739
271 877
271 481
271 740
271 363
271 644
271 302
271 396
271 980
271 454
271 865
271 581
271 530
271 672
271 528
271 646
271 660
271 683
271 524
271 1000
271 653
271 443
271 359
271 617
271 801
271 787
271 569
271 925
271 997
271 625
271 279
271 402
271 730
271 408
271 596
271 905
271 568
271 294
271 923
271 770
271 711
271 518
271 744
271 676
271 718
271 979
271 794
271 600
271 605
271 473
271 811
271 519
271 598
271 661
271 604
271 582
271 555
271 388
271 434
271 462
271 577
271 550
271 564
271 349
271 887
271 450
271 635
271 551
271 278
271 316
271 828
271 297
271 428
271 771
271 901
271 881
271 585
271 376
271 773
271 403
271 346
272 298
273 298
273 869
273 419
274 298
275 298
275 869
275 419
275 849
275 435
276 298
276 869
276 419
276 849
277 298
277 869
277 419
278 298
278 869
278 419
278 849
278 435
278 900
278 352
279 298
279 869
279 419
279 849
279 743
279 435
279 900
279 461
279 282
279 804
279 883
279 700
279 780
279 999
279 381
280 298
280 869
280 804
281 298
281 869
281 419
281 849
281 743
281 435
281 900
281 461
282 298
282 869
282 419
282 849
282 743
282 435
282 900
282 461
282 468
282 804
282 444
282 352
282 457
282 667
282 375
282 300
282 928
282 926
282 334
282 456
282 912
282 318
282 883
282 366
282 700
282 533
282 467
282 674
282 440
282 790
282 862
282 495
282 780
282 786
282 999
282 662
282 939
282 342
282 381
282 868
282 546
282 754
282 637
282 438
282 384
282 886
282 684
282 958
282 350
282 610
282 781
282 389
282 824
282 785
282 429
282 728
282 859
282 401
282 630
282 981
282 737
282 338
282 307
282 882
282 972
282 311
282 758
282 766
282 944
282 876
282 750
282 673
282 777
282 361
282 634
282 538
282 818
282 888
282 819
282 946
282 908
282 575
282 615
282 449
282 645
282 663
282 409
282 448
282 541
282 858
282 984
282 658
282 759
282 919
282 362
282 739
282 877
282 481
282 740
282 363
282 644
282 302
282 396
282 980
282 454
282 865
282 581
282 530
282 672
282 528
282 646
282 660
282 683
282 524
282 1000
282 653
282 443
282 359
282 617
282 801
282 787
282 569
282 925
282 997
282 625
282 402
282 340
282 294
282 831
282 923
282 814
282 744
282 676
282 718
282 979
282 794
282 600
282 823
282 605
282 578
282 355
282 811
282 841
282 582
282 848
282 647
282 393
282 460
282 760
282 724
282 789
282 705
282 648
282 453
282 618
282 655
282 633
282 520
282 815
282 591
282 499
282 627
283 298
283 869
283 419
283 849
284 298
284 869
284 419
284 849
284 743
284 900
284 468
285 298
285 869
285 419
285 849
286 298
286 869
286 849
287 298
287 869
287 419
288 869
289 298
289 869
289 849
290 298
290 869
291 298
291 869
292 298
292 869
292 419
292 849
292 743
293 298
293 869
293 419
294 298
294 869
294 419
294 849
294 743
294 435
294 900
294 461
294 468
294 804
294 508
295 298
295 419
297 298
297 869
297 419
297 849
297 435
298 869
298 419
298 849
298 743
298 435
298 900
298 461
298 468
298 804
298 444
298 352
298 457
298 667
298 375
298 300
298 928
298 926
298 334
298 456
298 912
298 318
298 883
298 366
298 700
298 533
298 467
298 674
298 440
298 790
298 862
298 495
298 780
298 786
298 999
298 662
298 939
298 342
298 381
298 868
298 546
298 754
298 637
298 438
298 384
298 886
298 684
298 958
298 350
298 610
298 781
298 389
298 824
298 785
298 429
298 728
298 859
298 401
298 630
298 981
298 737
298 338
298 307
298 882
298 972
298 311
298 758
298 766
298 944
298 876
298 750
298 673
298 777
298 361
298 634
298 538
298 818
298 888
298 819
298 946
298 908
298 575
298 615
298 449
298 645
298 663
298 409
298 448
298 541
298 858
298 984
298 658
298 759
298 919
298 362
298 739
298 877
298 481
298 740
298 363
298 644
298 302
298 396
298 980
298 454
298 865
298 581
298 530
298 672
298 528
298 646
298 660
298 683
298 524
298 1000
298 653
298 443
298 359
298 617
298 801
298 787
298 569
298 925
298 997
298 871
298 625
298 632
298 776
298 402
298 730
298 408
298 596
298 340
298 905
298 568
298 831
298 620
298 923
298 708
298 770
298 711
298 814
298 707
298 518
298 744
298 676
298 718
298 979
298 424
298 794
298 600
298 823
298 605
298 752
298 578
298 364
298 355
298 473
298 811
298 519
298 598
298 661
298 472
298 841
298 714
298 604
298 399
298 582
298 884
298 480
298 555
298 446
298 878
298 388
298 434
298 875
298 462
298 848
298 647
298 393
298 577
298 969
298 491
298 460
298 416
298 558
298 760
298 550
298 649
298 564
298 488
298 349
298 887
298 492
298 607
298 724
298 586
298 863
298 789
298 476
298 986
298 705
298 669
298 450
298 442
298 800
298 635
298 299
298 856
298 613
298 648
298 469
298 551
298 525
298 741
298 621
298 398
298 924
298 767
298 316
298 432
298 341
298 731
298 313
298 838
298 828
298 580
298 918
298 412
298 390
298 921
298 779
298 579
298 802
298 830
298 689
298 643
298 592
298 593
298 369
298 654
298 947
298 937
298 936
298 423
298 638
298 753
298 920
298 428
298 897
298 906
298 394
298 829
298 335
298 899
298 570
298 337
298 430
298 771
298 451
298 682
298 379
298 895
298 421
298 453
298 727
298 765
298 915
298 372
298 761
298 690
298 517
298 439
298 712
298 348
298 333
298 666
298 365
298 503
298 872
298 762
298 642
298 485
298 852
298 639
298 901
298 890
298 618
298 616
298 321
298 993
298 325
298 477
298 378
298 996
298 539
298 562
298 774
298 965
298 603
298 867
298 685
298 719
298 595
298 526
298 471
298 881
298 427
298 508
298 445
298 565
298 310
298 360
298 377
298 914
298 680
298 713
298 664
298 932
298 382
298 536
298 655
298 314
298 778
298 798
298 633
298 464
298 810
298 343
298 929
298 520
298 995
298 585
298 699
298 952
298 301
298 329
298 326
298 834
298 722
298 319
298 417
298 735
298 702
298 907
298 415
298 857
298 422
298 344
298 978
298 692
298 825
298 584
298 970
298 459
298 376
298 697
298 773
298 465
298 675
298 729
298 597
298 891
298 717
298 893
298 566
298 395
298 799
298 815
298 397
298 323
298 542
298 327
298 968
298 573
298 782
298 652
298 312
298 322
298 988
298 486
298 659
298 482
298 796
298 940
298 870
298 404
298 455
298 687
298 356
298 529
298 545
298 345
298 822
298 516
298 913
298 835
298 353
298 650
298 411
298 880
298 543
298 973
298 691
298 385
298 487
298 902
298 894
298 606
298 373
298 437
298 734
298 572
298 458
298 387
298 425
298 738
298 917
298 678
298 308
298 563
298 324
298 974
298 763
298 537
298 470
298 560
298 523
298 668
298 990
298 985
298 931
298 587
298 436
298 964
298 783
298 851
298 967
298 736
298 704
298 749
298 500
298 955
298 975
298 864
298 992
298 710
298 358
298 501
298 331
298 832
298 513
298 522
298 527
298 626
298 768
298 966
298 821
298 951
298 305
298 938
298 933
298 591
298 795
298 943
298 510
298 371
298 478
298 769
298 963
298 826
298 571
298 855
298 757
298 452
298 755
298 641
298 611
298 559
298 612
298 725
298 406
298 909
298 506
298 742
298 420
298 879
298 309
298 803
298 602
298 665
298 792
298 842
298 540
298 332
298 328
298 576
298 514
298 910
298 554
298 670
298 496
298 407
298 927
298 521
298 497
298 788
298 392
298 976
298 961
298 391
298 623
298 498
298 720
298 874
298 911
298 367
298 657
298 494
298 400
298 317
298 614
298 512
298 935
298 531
298 532
298 441
298 813
298 703
298 903
298 631
298 475
298 866
298 351
298 982
298 511
298 688
298 954
298 552
298 370
298 357
298 561
298 889
298 775
298 839
298 833
298 339
298 696
298 845
298 748
298 898
298 679
298 354
298 989
298 723
298 745
298 426
298 677
298 574
298 949
298 374
298 686
298 844
298 671
298 483
298 640
298 885
298 380
298 797
298 315
298 418
298 431
298 706
298 904
298 651
298 693
298 873
299 869
299 419
299 849
299 743
299 435
299 468
300 869
300 419
300 849
300 743
300 435
300 900
300 461
300 468
300 804
300 444
300 352
300 457
300 667
300 375
300 928
300 926
300 334
300 456
300 912
300 318
300 883
300 366
300 700
300 533
300 467
300 674
300 440
300 790
300 862
300 495
300 780
300 786
300 999
300 662
300 939
300 342
300 381
300 868
300 546
300 754
300 637
300 438
300 384
300 886
300 684
300 958
300 350
300 610
300 781
300 389
300 824
300 785
300 429
300 728
300 859
300 401
300 630
300 981
300 737
300 338
300 307
300 882
300 311
300 758
300 766
300 944
300 876
300 750
300 673
300 777
300 361
300 634
300 538
300 818
300 888
300 946
300 908
300 615
300 645
300 663
300 409
300 858
300 658
300 759
300 877
300 740
300 454
300 581
300 646
300 617
300 871
300 676
300 605
300 355
300 582
300 442
300 312
301 869
301 419
301 849
301 743
302 869
302 419
302 849
302 743
302 435
302 900
302 461
302 468
302 804
302 444
302 352
302 926
303 849
304 869
304 419
304 849
305 869
305 743
306 869
306 419
307 869
307 419
307 849
307 743
307 435
307 900
307 461
307 468
307 804
307 444
307 352
307 457
307 667
307 375
307 928
307 456
307 318
307 700
307 467
307 674
307 862
307 495
307 939
307 637
308 869
308 419
308 849
308 461
309 869
309 419
310 869
310 419
310 849
311 869
311 419
311 849
311 743
311 435
311 900
311 461
311 468
311 804
311 444
311 352
311 457
311 667
311 375
311 928
311 334
311 456
311 318
311 883
311 366
311 533
311 440
311 495
311 662
311 939
311 381
312 869
312 419
312 900
313 869
313 419
313 849
313 743
314 869
314 419
314 435
316 869
316 419
316 849
316 468
316 375
317 869
318 869
318 419
318 849
318 743
318 435
318 900
318 461
318 468
318 804
318 444
318 352
318 457
318 667
318 375
318 928
318 926
318 334
318 456
318 912
318 883
318 366
318 700
318 533
318 467
318 674
318 440
318 790
318 862
318 495
318 780
318 786
318 999
318 662
318 939
318 342
318 381
318 868
318 546
318 754
318 637
318 438
318 384
318 886
318 684
318 958
318 350
318 610
318 781
318 389
318 401
318 630
318 737
318 882
318 777
318 908
318 858
318 362
318 481
318 644
318 530
318 683
318 402
318 823
319 869
319 419
319 849
320 869
320 849
320 743
321 869
321 419
321 849
321 461
322 869
322 419
322 849
323 869
323 419
323 849
323 461
324 869
324 419
325 869
325 419
325 849
326 869
326 419
326 849
326 468
327 869
327 849
328 419
329 869
329 419
329 849
331 419
332 869
333 869
333 419
333 849
333 457
334 869
334 419
334 849
334 743
334 435
334 900
334 461
334 468
334 804
334 444
334 352
334 457
334 667
334 375
334 928
334 926
334 456
334 912
334 883
334 366
334 700
334 533
334 467
334 674
334 440
334 790
334 862
334 495
334 780
334 786
334 999
334 662
334 939
334 342
334 381
334 868
334 546
334 754
334 637
334 438
334 384
334 886
334 684
334 958
334 350
334 610
334 781
334 389
334 824
334 785
334 429
334 859
334 737
334 338
334 882
334 972
334 944
334 673
334 634
334 888
334 615
334 449
334 645
334 663
334 858
334 984
334 759
334 919
334 801
334 408
334 620
334 794
335 869
335 419
335 849
335 743
336 849
337 869
337 419
337 849
338 869
338 419
338 849
338 743
338 435
338 900
338 461
338 468
338 804
338 444
338 352
338 457
338 667
338 375
338 928
338 926
338 456
338 883
338 700
338 467
338 790
338 637
338 649
340 869
340 419
340 849
340 743
340 435
340 900
340 461
340 468
340 444
340 457
341 869
341 419
341 849
342 869
342 419
342 849
342 743
342 435
342 900
342 461
342 468
342 804
342 444
342 352
342 457
342 667
342 375
342 928
342 926
342 456
342 912
342 883
342 366
342 700
342 533
342 467
342 674
342 440
342 790
342 862
342 495
342 780
342 786
342 999
342 662
342 868
342 546
342 637
342 384
342 684
342 958
342 429
342 859
342 630
342 944
342 361
342 538
342 645
343 869
343 419
343 849
344 869
344 419
344 849
344 804
345 869
348 869
348 419
348 849
349 869
349 419
349 849
349 743
349 461
350 869
350 419
350 849
350 743
350 435
350 900
350 461
350 468
350 804
350 444
350 352
350 457
350 667
350 375
350 928
350 926
350 456
350 912
350 883
350 366
350 700
350 533
350 467
350 674
350 440
350 790
350 862
350 786
350 939
350 754
350 384
350 737
350 944
350 634
352 869
352 419
352 849
352 743
352 435
352 900
352 461
352 468
352 804
352 444
352 457
352 667
352 375
352 928
352 926
352 456
352 912
352 883
352 366
352 700
352 533
352 467
352 674
352 440
352 790
352 862
352 495
352 780
352 786
352 999
352 662
352 939
352 381
352 868
352 546
352 754
352 637
352 438
352 384
352 886
352 684
352 958
352 610
352 781
352 389
352 824
352 785
352 429
352 728
352 859
352 401
352 630
352 981
352 737
352 882
352 972
352 758
352 766
352 944
352 876
352 750
352 673
352 777
352 361
352 634
352 538
352 818
352 888
352 819
352 946
352 908
352 575
352 615
352 449
352 645
352 663
352 409
352 448
352 541
352 858
352 984
352 658
352 759
352 919
352 362
352 739
352 877
352 740
352 363
352 644
352 454
352 865
352 581
352 672
352 528
352 646
352 683
352 1000
352 359
352 617
352 871
352 568
352 823
352 661
352 582
352 442
352 947
352 382
353 869
355 869
355 419
355 849
355 743
355 435
355 900
355 461
355 468
355 457
356 869
356 743
356 435
358 435
358 444
359 869
359 419
359 849
359 743
359 435
359 900
359 461
359 804
359 667
359 375
359 912
360 869
360 419
360 849
360 743
361 869
361 419
361 849
361 743
361 435
361 900
361 461
361 468
361 804
361 444
361 457
361 667
361 928
361 456
361 883
361 700
361 533
361 546
361 438
361 401
361 981
361 980
362 869
362 419
362 849
362 743
362 435
362 900
362 461
362 468
362 804
362 444
362 667
362 926
362 883
362 366
362 533
363 869
363 419
363 849
363 743
363 435
363 900
363 461
363 468
363 804
363 444
363 883
363 467
363 862
363 958
364 869
364 419
364 849
364 743
364 900
364 444
364 457
365 869
365 419
365 849
365 743
366 869
366 419
366 849
366 743
366 435
366 900
366 461
366 468
366 804
366 444
366 457
366 667
366 375
366 928
366 926
366 456
366 912
366 883
366 700
366 533
366 467
366 674
366 440
366 790
366 862
366 495
366 780
366 786
366 999
366 662
366 939
366 381
366 868
366 546
366 754
366 637
366 438
366 384
366 886
366 684
366 958
366 610
366 401
366 758
366 944
366 750
366 777
366 946
366 908
366 615
366 481
366 644
366 524
366 408
366 415
367 849
369 869
369 419
369 849
369 804
369 375
369 886
371 869
371 419
372 869
372 419
372 849
373 869
373 419
375 869
375 419
375 849
375 743
375 435
375 900
375 461
375 468
375 804
375 444
375 457
375 667
375 928
375 926
375 456
375 912
375 883
375 700
375 533
375 467
375 674
375 440
375 790
375 862
375 495
375 780
375 786
375 999
375 662
375 939
375 381
375 868
375 546
375 754
375 637
375 438
375 384
375 886
375 684
375 958
375 610
375 781
375 389
375 824
375 785
375 429
375 728
375 859
375 401
375 630
375 981
375 737
375 882
375 972
375 758
375 766
375 944
375 876
375 750
375 673
375 777
375 634
375 538
375 818
375 888
375 819
375 946
375 908
375 575
375 449
375 541
375 984
375 658
375 919
375 481
375 644
375 396
375 865
375 683
375 617
375 568
375 472
376 869
376 419
377 869
377 419
377 849
378 869
378 419
378 849
379 869
379 419
379 849
379 444
381 869
381 419
381 849
381 743
381 435
381 900
381 461
381 468
381 804
381 444
381 457
381 667
381 928
381 926
381 456
381 912
381 883
381 700
381 533
381 467
381 674
381 440
381 790
381 862
381 495
381 780
381 786
381 939
381 754
381 637
381 384
381 389
381 824
381 908
381 865
382 869
382 419
382 849
382 743
382 667
384 869
384 419
384 849
384 743
384 435
384 900
384 461
384 468
384 804
384 444
384 457
384 667
384 928
384 926
384 456
384 912
384 883
384 700
384 533
384 467
384 674
384 440
384 790
384 862
384 495
384 780
384 786
384 999
384 662
384 939
384 868
384 546
384 637
384 886
384 492
384 635
385 869
385 419
387 869
387 419
388 869
388 419
388 849
388 743
388 435
389 869
389 419
389 849
389 743
389 435
389 900
389 461
389 468
389 804
389 444
389 457
389 667
389 928
389 926
389 456
389 912
389 883
389 700
389 467
389 674
389 440
389 790
389 999
389 662
389 939
389 754
389 908
389 997
390 869
390 419
390 849
390 900
390 461
392 869
392 419
393 869
393 419
393 849
393 743
393 435
393 900
393 495
394 869
394 419
394 849
394 743
394 435
395 869
395 419
395 849
395 435
396 869
396 419
396 849
396 743
396 435
396 900
396 461
396 468
396 804
396 444
397 869
397 419
398 869
398 419
398 849
398 461
398 804
399 869
399 419
399 849
399 743
399 461
400 869
401 869
401 419
401 849
401 743
401 435
401 900
401 461
401 468
401 804
401 444
401 457
401 667
401 928
401 912
401 883
401 700
401 495
401 546
401 886
401 429
401 944
401 645
402 869
402 419
402 849
402 743
402 435
402 900
402 461
402 468
403 869
404 869
404 419
404 849
406 869
406 849
406 461
407 869
407 849
408 869
408 419
408 849
408 743
408 435
408 900
408 461
409 869
409 419
409 849
409 743
409 435
409 900
409 461
409 468
409 804
409 444
409 457
409 667
409 926
409 912
409 533
409 467
409 674
411 869
411 419
411 849
412 869
412 419
412 849
412 900
413 869
413 849
415 869
415 419
415 849
416 869
416 419
416 849
416 743
416 435
416 900
417 869
417 419
417 849
418 869
419 869
419 849
419 743
419 435
419 900
419 461
419 468
419 804
419 444
419 457
419 667
419 928
419 926
419 456
419 912
419 883
419 700
419 533
419 467
419 674
419 440
419 790
419 862
419 495
419 780
419 786
419 999
419 662
419 939
419 868
419 546
419 754
419 637
419 438
419 886
419 684
419 958
419 610
419 781
419 824
419 785
419 429
419 728
419 859
419 630
419 981
419 737
419 882
419 972
419 758
419 766
419 944
419 876
419 750
419 673
419 777
419 634
419 538
419 818
419 888
419 819
419 946
419 908
419 575
419 615
419 449
419 645
419 663
419 448
419 541
419 858
419 984
419 658
419 759
419 919
419 739
419 877
419 481
419 740
419 644
419 980
419 454
419 865
419 581
419 530
419 672
419 528
419 646
419 660
419 683
419 524
419 1000
419 653
419 443
419 617
419 801
419 787
419 569
419 925
419 997
419 871
419 625
419 632
419 776
419 730
419 596
419 905
419 568
419 831
419 620
419 923
419 708
419 770
419 711
419 814
419 707
419 518
419 744
419 676
419 718
419 979
419 424
419 794
419 600
419 823
419 605
419 752
419 578
419 473
419 811
419 519
419 598
419 661
419 472
419 841
419 714
419 604
419 582
419 884
419 480
419 555
419 446
419 878
419 434
419 875
419 462
419 848
419 647
419 577
419 969
419 491
419 460
419 558
419 760
419 550
419 649
419 564
419 488
419 887
419 492
419 607
419 724
419 586
419 863
419 789
419 476
419 986
419 705
419 669
419 450
419 442
419 800
419 635
419 856
419 613
419 648
419 469
419 551
419 525
419 741
419 621
419 924
419 767
419 432
419 731
419 838
419 828
419 580
419 918
419 921
419 779
419 579
419 802
419 830
419 689
419 643
419 592
419 593
419 654
419 947
419 937
419 936
419 423
419 638
419 753
419 920
419 428
419 897
419 906
419 829
419 899
419 570
419 430
419 771
419 451
419 682
419 895
419 421
419 453
419 727
419 765
419 915
419 761
419 690
419 517
419 439
419 712
419 666
419 503
419 872
419 762
419 642
419 485
419 852
419 639
419 901
419 890
419 618
419 616
419 993
419 477
419 996
419 539
419 562
419 774
419 965
419 603
419 867
419 685
419 719
419 595
419 526
419 471
419 881
419 427
419 508
419 445
419 565
419 914
419 680
419 713
419 664
419 932
419 536
419 655
419 778
419 798
419 633
419 464
419 810
419 929
419 520
419 995
419 585
419 699
419 952
419 834
419 722
419 735
419 702
419 907
419 857
419 422
419 978
419 692
419 825
419 584
419 970
419 459
419 697
419 773
419 465
419 675
419 729
419 597
419 891
419 717
419 893
419 566
419 799
419 815
419 542
419 968
419 573
419 652
419 988
419 486
419 482
419 940
419 870
419 455
419 687
419 529
419 822
419 913
419 835
419 650
419 880
419 543
419 973
419 691
419 487
419 894
419 437
419 458
419 738
419 917
419 678
419 974
419 537
419 470
419 560
419 990
419 931
419 587
419 964
419 736
419 704
419 975
419 864
419 710
419 513
419 522
419 527
419 966
419 827
419 933
419 795
419 943
419 826
419 855
419 757
419 612
419 803
419 540
419 977
419 554
419 496
419 927
419 553
419 535
419 853
419 788
419 732
419 504
419 498
419 945
419 874
419 934
419 507
419 614
419 588
419 695
419 532
419 557
419 511
419 688
419 552
419 998
419 747
419 807
419 989
419 479
419 426
419 820
419 817
419 948
419 957
419 850
419 812
420 869
421 869
421 849
422 869
423 869
423 849
423 743
423 900
423 457
424 869
424 849
424 743
424 435
424 900
424 804
424 883
424 939
425 869
425 849
427 869
427 849
428 869
428 849
428 435
429 869
429 849
429 743
429 435
429 900
429 461
429 468
429 804
429 444
429 457
429 667
429 928
429 926
429 456
429 912
429 883
429 533
429 467
429 862
429 786
429 939
429 754
430 869
430 849
432 869
432 849
432 743
433 869
434 869
434 849
434 743
434 900
435 869
435 849
435 743
435 900
435 461
435 468
435 804
435 444
435 457
435 667
435 928
435 926
435 456
435 912
435 883
435 700
435 533
435 467
435 674
435 440
435 790
435 862
435 495
435 780
435 786
435 999
435 662
435 939
435 868
435 546
435 754
435 637
435 438
435 886
435 684
435 958
435 610
435 781
435 824
435 785
435 728
435 859
435 630
435 981
435 737
435 882
435 972
435 758
435 766
435 944
435 876
435 750
435 673
435 777
435 634
435 538
435 818
435 888
435 819
435 946
435 908
435 575
435 615
435 449
435 645
435 663
435 448
435 541
435 858
435 984
435 658
435 759
435 919
435 739
435 877
435 481
435 740
435 644
435 980
435 454
435 865
435 581
435 530
435 672
435 528
435 646
435 660
435 683
435 524
435 1000
435 653
435 443
435 617
435 801
435 787
435 569
435 925
435 997
435 871
435 625
435 632
435 776
435 730
435 596
435 905
435 568
435 831
435 620
435 923
435 708
435 770
435 711
435 814
435 707
435 518
435 744
435 676
435 718
435 979
435 794
435 600
435 823
435 605
435 752
435 578
435 519
435 598
435 661
435 472
435 714
435 582
435 875
435 577
435 491
435 460
435 649
435 564
435 492
435 607
435 863
435 476
435 986
435 442
435 469
435 551
435 731
435 643
435 654
435 937
435 899
435 517
435 439
435 639
435 996
435 603
435 445
435 487
435 670
435 499
435 619
435 515
435 846
435 706
436 869
437 869
438 869
438 849
438 743
438 900
438 461
438 468
438 804
438 444
438 457
438 667
438 928
438 926
438 456
438 912
438 883
438 700
438 533
438 467
438 674
438 440
438 790
438 862
438 495
438 999
438 546
438 758
438 908
438 448
438 658
438 519
438 915
439 869
439 849
439 743
440 869
440 849
440 743
440 900
440 461
440 468
440 804
440 444
440 457
440 667
440 928
440 926
440 456
440 912
440 883
440 700
440 533
440 467
440 674
440 790
440 862
440 495
440 780
440 786
440 999
440 662
440 939
440 868
440 546
440 754
440 637
440 886
440 684
440 958
440 824
440 785
440 630
440 981
440 663
440 858
440 653
440 787
440 969
440 558
441 869
442 869
442 849
442 743
443 869
443 849
443 743
443 900
443 461
443 468
443 804
444 869
444 849
444 743
444 900
444 461
444 468
444 804
444 457
444 667
444 928
444 926
444 456
444 912
444 883
444 700
444 533
444 467
444 674
444 790
444 862
444 495
444 780
444 786
444 999
444 662
444 939
444 868
444 546
444 754
444 637
444 886
444 684
444 958
444 610
444 781
444 824
444 785
444 728
444 859
444 630
444 981
444 737
444 882
444 972
444 758
444 766
444 944
444 876
444 750
444 673
444 777
444 634
444 538
444 818
444 888
444 819
444 946
444 908
444 575
444 615
444 449
444 645
444 663
444 448
444 541
444 858
444 984
444 658
444 759
444 919
444 739
444 877
444 481
444 740
444 644
444 980
444 454
444 865
444 581
444 672
444 660
444 524
444 653
444 617
444 787
444 997
444 776
444 730
444 620
444 711
444 979
444 841
444 604
444 969
444 731
444 579
444 727
444 872
444 633
444 590
445 869
445 849
446 869
446 849
446 743
446 461
448 869
448 849
448 743
448 900
448 461
448 468
448 804
448 457
448 667
448 674
449 869
449 849
449 743
449 900
449 461
449 468
449 804
449 457
449 667
449 928
449 926
449 912
449 533
449 862
449 546
449 908
450 869
450 849
450 743
451 869
451 849
451 743
452 869
453 869
453 849
454 869
454 849
454 743
454 900
454 461
454 468
454 804
454 457
454 667
454 546
455 869
456 869
456 849
456 743
456 900
456 461
456 468
456 804
456 457
456 667
456 928
456 926
456 912
456 883
456 700
456 533
456 467
456 674
456 790
456 862
456 495
456 780
456 786
456 999
456 662
456 939
456 868
456 546
456 754
456 637
456 886
456 684
456 958
456 610
456 781
456 824
456 785
456 859
456 981
456 737
456 972
456 758
456 766
456 944
456 750
456 908
456 575
456 615
456 739
456 740
456 653
456 519
456 875
457 869
457 849
457 743
457 900
457 461
457 468
457 804
457 667
457 928
457 926
457 912
457 883
457 700
457 533
457 467
457 674
457 790
457 862
457 495
457 780
457 786
457 999
457 662
457 939
457 868
457 546
457 754
457 637
457 886
457 684
457 958
457 610
457 781
457 824
457 785
457 728
457 859
457 630
457 981
457 737
457 882
457 972
457 758
457 766
457 944
457 876
457 750
457 673
457 777
457 634
457 538
457 818
457 888
457 819
457 946
457 908
457 575
457 615
457 645
457 541
457 858
457 984
457 739
457 481
457 740
457 644
457 660
457 617
457 801
457 871
457 708
457 752
457 578
457 564
457 835
458 869
459 869
460 869
460 849
460 900
461 869
461 849
461 743
461 900
461 468
461 804
461 667
461 928
461 926
461 912
461 883
461 700
461 533
461 467
461 674
461 790
461 862
461 495
461 780
461 786
461 999
461 662
461 939
461 868
461 546
461 754
461 637
461 886
461 684
461 958
461 610
461 781
461 824
461 785
461 728
461 859
461 630
461 981
461 737
461 882
461 972
461 758
461 766
461 944
461 876
461 750
461 673
461 777
461 634
461 538
461 818
461 888
461 819
461 946
461 908
461 575
461 615
461 645
461 663
461 541
461 858
461 984
461 658
461 759
461 919
461 739
461 877
461 481
461 740
461 644
461 980
461 865
461 581
461 530
461 672
461 528
461 646
461 660
461 683
461 524
461 1000
461 653
461 617
461 801
461 787
461 569
461 925
461 997
461 871
461 625
461 632
461 776
461 730
461 596
461 905
461 568
461 831
461 620
461 923
461 708
461 770
461 711
461 814
461 707
461 518
461 676
461 718
461 979
461 794
461 605
461 752
461 473
461 811
461 598
461 661
461 472
461 714
461 604
461 555
461 462
461 848
461 647
461 491
461 558
461 550
461 649
461 887
461 586
461 669
461 580
461 654
461 642
461 595
461 464
461 929
461 995
461 659
461 734
461 590
462 869
462 849
462 743
462 900
462 468
463 869
463 849
464 869
464 849
464 900
465 869
465 849
466 869
466 849
467 869
467 849
467 743
467 900
467 468
467 804
467 667
467 928
467 926
467 912
467 883
467 700
467 533
467 674
467 790
467 862
467 495
467 780
467 786
467 999
467 662
467 939
467 868
467 546
467 754
467 637
467 886
467 684
467 958
467 610
467 781
467 758
467 673
467 575
467 919
467 877
467 530
467 568
468 869
468 849
468 743
468 900
468 804
468 667
468 928
468 926
468 912
468 883
468 700
468 533
468 674
468 790
468 862
468 495
468 780
468 786
468 999
468 662
468 939
468 868
468 546
468 754
468 637
468 886
468 684
468 958
468 610
468 781
468 824
468 785
468 728
468 859
468 630
468 981
468 737
468 882
468 972
468 758
468 766
468 944
468 876
468 750
468 673
468 777
468 634
468 538
468 818
468 888
468 819
468 946
468 908
468 575
468 615
468 645
468 663
468 541
468 858
468 984
468 658
468 759
468 919
468 739
468 877
468 481
468 740
468 644
468 980
468 865
468 530
468 672
468 528
468 646
468 660
468 653
468 617
468 801
468 569
468 997
468 632
468 776
468 596
468 708
468 676
468 605
468 519
468 714
468 582
468 480
468 760
468 669
468 551
468 915
468 913
468 537
468 745
469 869
469 849
469 900
470 869
471 869
471 849
472 869
472 849
472 743
472 900
473 869
473 849
473 743
473 900
476 869
476 849
477 869
477 849
478 869
478 743
480 869
480 849
480 743
480 900
481 869
481 849
481 743
481 900
481 804
481 667
481 684
481 876
482 869
482 900
484 869
485 869
485 849
486 869
487 869
488 869
488 849
488 743
491 869
491 849
491 743
492 869
492 849
492 743
495 869
495 849
495 743
495 900
495 804
495 667
495 928
495 926
495 912
495 883
495 700
495 533
495 674
495 790
495 862
495 780
495 786
495 999
495 662
495 939
495 868
495 546
495 754
495 637
495 886
495 684
495 958
495 610
495 781
495 859
495 737
495 972
495 750
495 919
497 849
498 849
500 869
500 849
503 869
503 849
503 743
503 533
506 869
507 869
507 849
508 869
508 849
508 900
511 869
513 849
515 869
516 869
517 869
517 849
517 743
517 804
518 869
518 849
518 743
518 804
519 869
519 849
519 743
519 900
520 869
523 869
524 869
524 849
524 743
524 900
524 804
524 780
525 869
525 849
525 743
525 900
525 804
526 869
526 849
528 869
528 849
528 743
528 900
528 804
528 928
528 868
528 754
529 869
529 849
530 869
530 849
530 743
530 900
530 804
531 869
533 869
533 849
533 743
533 900
533 804
533 667
533 928
533 926
533 912
533 883
533 700
533 674
533 790
533 862
533 780
533 786
533 999
533 662
533 939
533 868
533 546
533 754
533 637
533 886
533 684
533 958
533 785
533 728
533 859
533 981
533 737
533 882
533 758
533 750
533 673
533 819
533 946
533 644
533 831
533 863
535 869
536 869
536 849
537 869
538 869
538 849
538 743
538 900
538 804
538 667
538 928
538 912
538 883
539 869
539 849
539 743
541 869
541 849
541 743
541 900
541 804
541 667
541 700
541 886
542 869
543 869
545 869
546 869
546 849
546 743
546 900
546 804
546 667
546 928
546 926
546 912
546 883
546 700
546 674
546 790
546 862
546 780
546 786
546 999
546 939
546 754
546 886
546 684
546 981
546 718
546 779
549 869
550 869
550 849
550 743
551 869
551 849
551 743
551 900
552 869
555 869
555 849
555 743
557 849
558 869
558 849
558 743
560 869
562 869
562 849
562 743
563 869
564 869
564 849
564 743
564 912
564 790
565 869
565 849
565 743
566 869
568 869
568 849
568 743
568 900
569 869
569 849
569 743
569 900
569 667
569 926
570 869
570 849
571 869
572 869
572 849
573 869
575 869
575 849
575 743
575 900
575 804
575 667
575 928
575 912
575 883
577 869
577 849
577 743
578 869
578 849
578 743
578 900
578 804
578 883
579 869
579 849
579 900
580 869
580 849
580 900
581 869
581 849
581 743
581 900
581 804
582 869
582 849
582 743
584 869
584 849
585 869
585 849
586 869
586 849
587 869
587 849
589 869
591 743
592 869
592 849
592 667
593 869
593 849
594 869
595 869
595 849
596 869
596 849
596 743
596 900
596 804
597 869
598 869
598 849
598 743
598 900
598 790
598 754
600 869
600 849
600 743
600 900
602 849
603 869
603 849
604 869
604 849
604 743
604 900
604 804
605 869
605 849
605 743
605 900
606 869
606 743
607 869
607 849
607 743
610 869
610 849
610 743
610 900
610 804
610 667
610 928
610 926
610 912
610 790
610 780
610 786
610 684
610 958
610 944
610 908
611 869
613 869
613 849
613 900
615 869
615 849
615 743
615 900
615 804
615 700
615 939
615 737
616 869
616 849
616 900
617 869
617 849
617 743
617 900
617 804
618 869
618 849
618 900
620 869
620 849
620 743
620 900
620 804
621 869
621 849
621 743
623 869
625 869
625 849
625 743
625 900
625 804
625 667
626 849
630 869
630 849
630 743
630 900
630 804
630 667
630 928
630 883
630 700
630 674
630 790
630 862
630 662
630 981
631 869
632 869
632 849
632 743
632 900
632 926
633 869
633 849
633 667
634 869
634 849
634 743
634 900
634 804
634 667
634 926
634 700
634 862
634 754
635 869
635 849
635 900
636 849
637 869
637 849
637 743
637 900
637 804
637 667
637 928
637 926
637 912
637 883
637 700
637 674
637 790
637 862
637 780
637 786
637 999
637 662
637 939
637 818
638 869
638 849
639 869
639 849
639 900
642 869
642 849
643 869
643 849
643 900
643 862
644 869
644 849
644 743
644 900
644 804
644 667
644 928
644 926
644 780
645 869
645 849
645 743
645 900
645 804
645 667
645 928
645 926
645 912
645 862
646 869
646 849
646 743
646 900
646 804
646 928
646 674
647 869
647 849
647 743
647 804
648 869
648 849
649 869
649 849
649 743
650 869
650 849
652 869
652 849
653 869
653 849
653 743
653 900
653 804
654 869
654 849
655 869
655 849
657 869
658 869
658 849
658 743
658 900
658 804
659 869
659 743
660 869
660 849
660 743
660 900
660 804
660 667
661 869
661 849
661 743
662 869
662 849
662 743
662 900
662 804
662 667
662 928
662 926
662 912
662 883
662 700
662 674
662 790
662 862
662 780
662 786
662 999
662 939
662 868
662 754
662 781
662 824
662 876
662 858
663 869
663 849
663 743
663 900
663 804
663 667
663 912
663 700
663 737
664 869
664 849
665 869
666 869
666 849
666 743
667 869
667 849
667 743
667 900
667 804
667 928
667 926
667 912
667 883
667 700
667 674
667 790
667 862
667 780
667 786
667 999
667 939
667 868
667 754
667 886
667 684
667 958
667 781
667 824
667 785
667 728
667 859
667 981
667 737
667 882
667 972
667 758
667 766
667 944
667 876
667 750
667 673
667 777
667 818
667 888
667 819
667 946
667 908
667 858
667 984
667 759
667 919
667 739
667 740
667 980
667 865
667 787
667 811
667 924
667 802
667 712
667 736
668 869
669 869
669 849
669 900
672 869
672 849
672 743
672 900
673 869
673 849
673 743
673 900
673 804
673 926
673 883
673 700
673 786
673 939
674 869
674 849
674 743
674 900
674 804
674 928
674 926
674 912
674 883
674 700
674 790
674 862
674 780
674 786
674 999
674 939
674 868
674 754
674 886
674 684
674 958
674 785
674 728
674 859
674 981
674 972
674 944
674 750
674 908
674 759
674 831
674 979
675 869
675 804
676 869
676 849
676 743
676 900
676 804
678 869
679 849
680 869
680 849
680 900
681 869
682 869
682 849
682 743
683 869
683 849
683 743
683 900
684 869
684 849
684 743
684 900
684 804
684 928
684 926
684 912
684 883
684 700
684 862
684 999
684 939
684 754
684 908
685 869
685 849
686 849
687 869
687 849
688 869
689 869
689 849
690 869
690 849
690 900
691 869
692 869
696 869
697 869
698 869
699 869
699 849
700 869
700 849
700 743
700 900
700 804
700 928
700 926
700 912
700 883
700 790
700 862
700 780
700 786
700 999
700 939
700 868
700 754
700 886
700 958
700 781
700 824
700 785
700 737
700 766
700 944
700 740
700 708
701 869
702 869
702 849
702 743
703 869
704 869
704 849
705 869
705 849
705 900
706 869
706 849
707 869
707 849
707 743
708 869
708 849
708 743
708 900
708 804
708 928
709 900
710 869
710 849
711 869
711 849
711 743
711 900
712 869
712 849
712 743
713 869
713 849
713 804
714 869
714 849
714 743
714 900
717 869
717 849
718 869
718 849
718 743
718 900
718 780
719 869
719 849
719 900
720 849
721 869
722 869
722 849
722 804
724 869
724 849
724 883
725 869
727 869
727 849
728 869
728 849
728 743
728 900
728 804
728 928
728 912
728 883
728 862
728 958
728 919
729 869
729 849
730 869
730 849
730 743
730 900
730 912
731 869
731 849
731 743
731 900
733 869
733 849
734 869
735 869
736 869
737 869
737 849
737 743
737 900
737 804
737 928
737 926
737 883
737 786
737 958
738 869
738 849
739 869
739 849
739 743
739 900
739 804
740 869
740 849
740 743
740 900
740 804
740 883
741 869
741 849
742 869
742 743
743 869
743 849
743 900
743 804
743 928
743 926
743 912
743 883
743 790
743 862
743 780
743 786
743 999
743 939
743 868
743 754
743 886
743 958
743 781
743 824
743 785
743 859
743 981
743 882
743 972
743 758
743 766
743 944
743 876
743 750
743 777
743 818
743 888
743 819
743 946
743 908
743 858
743 984
743 759
743 919
743 877
743 980
743 865
743 1000
743 801
743 787
743 925
743 997
743 871
743 776
743 905
743 831
743 923
743 770
743 814
743 744
743 979
743 794
743 823
743 752
743 811
743 841
743 884
743 878
743 760
743 887
743 789
743 924
743 921
743 802
743 937
743 936
743 920
743 897
743 829
743 774
743 965
743 834
743 773
743 835
743 964
743 879
743 935
743 983
744 869
744 849
744 900
744 804
748 869
749 869
750 869
750 849
750 900
750 804
750 912
750 883
750 790
750 862
750 754
750 777
750 908
752 869
752 849
752 900
753 869
753 849
754 869
754 849
754 900
754 804
754 928
754 926
754 912
754 883
754 790
754 780
754 786
754 958
754 944
754 946
754 858
754 980
755 869
755 804
757 869
758 869
758 849
758 900
758 804
758 928
758 926
758 912
758 862
758 786
758 886
759 869
759 849
759 900
759 804
759 883
760 869
760 849
760 900
761 869
761 849
762 869
762 849
763 869
763 849
764 869
765 869
765 849
766 869
766 849
766 900
766 804
766 928
767 869
767 849
768 869
769 869
769 849
769 804
770 869
770 849
770 900
770 804
771 869
771 849
771 900
773 869
773 849
774 869
774 849
774 912
776 869
776 849
776 900
776 876
777 869
777 849
777 900
777 804
777 928
777 926
777 912
777 780
777 786
777 939
778 869
779 869
779 849
780 869
780 849
780 900
780 804
780 928
780 926
780 912
780 883
780 790
780 862
780 786
780 999
780 939
780 886
780 781
780 785
780 859
780 981
781 869
781 849
781 900
781 804
781 928
781 926
781 912
781 886
782 869
782 849
782 900
785 869
785 849
785 900
785 804
785 928
785 912
785 883
785 999
785 939
786 869
786 849
786 900
786 804
786 928
786 926
786 912
786 883
786 790
786 862
786 999
786 939
786 868
786 972
786 794
787 869
787 849
787 900
787 883
788 869
789 869
789 849
790 869
790 849
790 900
790 804
790 928
790 926
790 912
790 883
790 862
790 999
790 939
790 868
790 886
790 958
790 859
790 981
790 818
792 869
793 869
794 869
794 849
794 900
795 849
796 869
798 869
798 849
799 869
799 849
799 900
800 869
800 849
801 869
801 849
801 900
801 928
802 869
802 849
803 849
804 869
804 849
804 900
804 928
804 926
804 912
804 883
804 862
804 999
804 939
804 868
804 886
804 958
804 824
804 859
804 981
804 882
804 972
804 944
804 876
804 818
804 888
804 819
804 946
804 908
804 858
804 984
804 919
804 877
804 865
804 831
804 923
804 979
804 878
804 975
805 869
810 869
810 849
811 869
811 849
814 869
814 849
814 900
815 869
815 849
817 869
817 849
818 869
818 849
818 900
818 928
818 926
819 869
819 849
819 900
819 928
822 869
822 849
823 869
823 849
823 900
824 869
824 849
824 900
824 928
824 926
824 883
825 869
826 869
828 869
828 849
828 900
829 869
829 849
830 869
830 849
831 869
831 849
833 849
834 869
835 869
835 849
838 869
838 849
839 869
840 869
841 869
841 849
841 900
842 869
842 849
843 869
846 869
846 849
847 849
848 869
848 849
848 900
849 869
849 900
849 928
849 926
849 912
849 883
849 862
849 999
849 939
849 868
849 886
849 958
849 859
849 981
849 882
849 972
849 944
849 876
849 888
849 946
849 908
849 858
849 984
849 919
849 877
849 980
849 865
849 1000
849 925
849 997
849 871
849 905
849 923
849 979
849 884
849 878
849 875
849 969
849 887
849 863
849 986
849 856
849 924
849 918
849 921
849 947
849 937
849 936
849 920
849 897
849 906
849 899
849 895
849 915
849 872
849 852
849 901
849 890
849 993
849 996
849 965
849 867
849 881
849 914
849 932
849 929
849 995
849 952
849 907
849 857
849 970
849 891
849 988
849 880
849 902
849 985
849 851
849 992
849 966
849 977
849 962
849 866
849 889
849 896
852 869
853 869
856 869
857 869
858 869
858 900
859 869
859 900
859 928
859 912
859 939
859 946
859 984
862 869
862 900
862 928
862 926
862 912
862 883
862 999
862 939
862 868
862 981
862 871
863 869
864 869
865 869
865 900
867 869
868 869
868 900
868 928
868 926
868 912
868 883
868 939
868 958
868 981
869 900
869 928
869 926
869 912
869 883
869 999
869 939
869 886
869 958
869 981
869 882
869 972
869 944
869 876
869 888
869 946
869 908
869 984
869 919
869 877
869 980
869 1000
869 925
869 997
869 871
869 905
869 923
869 979
869 884
869 878
869 875
869 969
869 887
869 986
869 924
869 918
869 921
869 947
869 937
869 936
869 920
869 897
869 906
869 899
869 895
869 915
869 872
869 901
869 890
869 993
869 996
869 965
869 881
869 914
869 932
869 929
869 995
869 952
869 907
869 978
869 970
869 891
869 893
869 968
869 988
869 940
869 870
869 913
869 880
869 973
869 902
869 894
869 917
869 974
869 990
869 985
869 931
869 955
869 975
869 951
869 960
869 938
869 933
869 943
869 963
869 909
869 879
869 977
869 950
869 961
869 945
869 934
869 911
869 903
869 991
869 982
869 994
869 916
871 900
871 928
876 900
876 912
877 900
878 900
882 900
882 928
882 926
882 912
883 900
883 928
883 926
883 912
883 999
883 939
883 886
883 958
883 888
883 946
883 919
884 900
884 928
886 900
886 928
886 926
886 912
887 900
888 900
890 900
900 928
900 926
900 912
900 999
900 939
900 958
900 981
900 972
900 944
900 946
900 908
900 984
900 919
900 980
900 1000
900 925
900 997
900 905
900 923
900 979
900 969
900 924
900 918
900 937
900 932
900 917
900 967
908 939
912 928
912 926
912 999
912 939
912 958
912 981
912 972
912 919
912 997
926 928
926 999
926 939
926 958
926 981
926 944
926 946
928 999
928 939
928 958
928 981
928 972
939 999
939 958
980 1000
