1000 10090
1 626
1 678
1 324
1 745
1 832
1 786
1 107
1 179
1 183
1 122
1 865
1 244
1 452
1 997
1 543
1 2
1 742
1 426
1 783
1 440
1 821
1 312
1 296
1 39
1 649
1 73
1 323
1 947
1 564
1 623
1 969
1 85
1 279
1 923
1 761
1 546
1 499
1 795
1 655
1 155
1 60
1 145
1 571
1 749
1 7
1 526
1 458
1 264
1 580
1 43
1 59
1 398
1 809
1 700
1 973
1 444
1 799
1 613
1 500
1 850
1 556
1 361
1 50
1 869
1 510
1 347
1 597
1 534
1 552
1 641
1 826
1 270
1 648
1 421
1 512
1 134
1 777
1 223
1 177
1 373
1 820
1 439
1 964
1 344
1 662
1 673
1 921
1 431
1 94
1 948
1 76
1 784
1 825
1 120
1 744
1 96
1 388
1 448
1 291
1 533
1 691
1 62
1 646
1 340
1 45
1 342
1 266
1 692
1 968
1 465
1 218
1 384
1 602
1 609
1 719
1 272
1 549
1 508
1 170
1 857
1 394
1 327
1 365
1 706
1 608
1 168
1 604
1 235
1 881
1 138
1 908
1 723
1 237
2 626
2 678
2 324
2 745
2 832
2 786
2 107
2 179
2 183
2 122
2 865
2 244
2 452
2 997
2 543
2 742
2 426
2 783
2 440
2 821
2 312
2 296
2 39
2 649
2 73
2 323
2 947
2 564
2 623
2 969
2 85
2 279
2 923
2 761
2 546
2 499
2 795
2 655
2 155
2 60
2 145
2 571
2 749
2 7
2 526
2 458
2 264
2 580
2 43
2 59
2 398
2 809
2 700
2 973
2 444
2 799
2 613
2 500
2 850
2 556
2 361
2 50
2 869
2 510
2 347
2 597
2 534
2 552
2 641
2 826
2 270
2 648
2 421
2 512
2 134
2 777
2 223
2 177
2 373
2 820
2 439
2 964
2 344
2 662
2 673
2 921
2 431
2 94
2 948
2 76
2 784
2 825
2 120
2 744
2 96
2 388
2 448
2 291
2 533
2 691
2 62
2 646
2 340
2 504
2 45
2 342
2 249
2 266
2 692
2 364
2 968
2 465
2 707
2 578
2 959
2 218
2 658
2 384
2 602
2 457
2 609
2 719
2 272
2 935
2 750
2 773
2 549
2 696
2 508
2 878
2 196
2 21
2 610
2 147
2 308
2 257
2 492
2 478
2 894
2 351
2 978
2 576
2 575
2 326
2 501
2 919
2 101
2 379
2 170
2 173
2 857
2 376
2 394
2 586
2 425
2 327
2 637
2 365
2 339
2 441
2 706
2 635
2 608
2 740
2 23
2 374
2 654
2 965
2 47
2 475
2 320
2 484
2 91
2 219
2 185
2 645
2 334
2 943
2 505
2 287
2 520
2 918
2 863
2 538
2 823
2 214
2 211
2 802
2 861
2 103
2 139
2 295
2 72
2 239
2 702
2 905
2 438
2 442
2 301
2 298
2 548
2 241
2 708
2 168
2 764
2 156
2 898
2 380
2 666
2 604
2 235
2 550
2 999
2 420
2 255
2 743
2 61
2 352
2 853
2 283
2 445
2 463
2 497
2 304
2 851
2 946
2 371
2 470
2 383
2 412
2 585
2 233
2 6
2 213
2 26
2 789
2 903
2 423
2 915
2 671
2 940
2 506
2 443
2 22
2 883
2 217
2 254
2 545
2 565
2 527
2 377
2 289
2 362
2 104
2 405
2 358
2 792
2 513
2 150
2 797
2 914
2 292
2 88
2 724
2 207
2 410
2 13
2 256
2 632
2 758
2 284
2 885
2 128
2 873
2 306
2 778
2 877
2 282
2 583
3 678
4 626
4 678
4 745
5 626
5 678
6 626
6 678
6 324
6 745
6 832
6 786
6 107
6 179
6 183
6 122
6 865
6 244
6 452
6 426
6 821
7 626
7 678
7 324
7 745
7 832
7 786
7 107
7 179
7 183
7 122
7 865
7 244
7 452
7 997
7 543
7 742
7 426
7 783
7 440
7 821
7 312
7 296
7 39
7 649
7 73
7 323
7 947
7 564
7 623
7 969
7 85
7 279
7 923
7 761
7 546
7 499
7 795
7 655
7 155
7 60
7 145
7 571
7 749
7 526
7 458
7 264
7 580
7 43
7 59
7 398
7 809
7 700
7 799
7 500
7 361
7 50
7 510
7 597
7 641
7 826
7 270
7 964
7 784
7 96
7 291
7 533
7 878
7 379
7 91
7 436
8 626
8 678
8 832
9 626
9 678
9 324
9 745
9 832
9 786
9 107
9 179
9 183
9 122
9 865
9 452
9 742
9 783
9 440
9 821
9 323
10 626
10 678
10 107
11 626
11 678
12 626
12 678
12 324
12 745
12 997
13 626
13 678
13 324
13 745
13 107
13 179
13 323
14 626
14 678
14 324
14 745
14 786
14 107
14 783
15 626
15 678
15 179
15 244
16 626
17 452
18 678
19 626
19 678
19 324
19 745
19 832
19 183
19 244
19 997
20 626
20 678
20 324
20 832
20 107
21 626
21 678
21 324
21 745
21 832
21 786
21 107
21 179
21 183
21 122
21 865
21 244
21 452
21 997
21 543
21 742
21 426
21 783
21 440
21 821
21 312
21 564
21 623
21 546
22 626
22 678
22 324
22 745
22 832
22 786
22 107
22 179
22 183
22 865
22 543
22 426
22 39
23 626
23 678
23 324
23 745
23 832
23 786
23 107
23 179
23 183
23 122
23 865
23 244
23 452
23 997
23 543
23 742
23 783
23 923
23 691
24 626
24 678
24 324
24 745
24 832
24 786
24 107
24 179
24 452
24 997
24 543
25 626
25 324
26 626
26 678
26 324
26 745
26 832
26 786
26 107
26 179
26 183
26 122
26 865
28 626
28 678
28 324
28 745
28 832
28 107
28 179
28 244
29 626
29 678
29 324
29 832
29 786
30 324
30 786
31 626
31 678
31 324
31 745
31 179
31 865
32 626
32 678
32 324
32 745
32 832
32 786
32 244
32 440
34 324
35 626
35 678
35 324
35 745
35 832
35 786
35 107
35 179
35 183
35 244
35 426
35 296
36 626
36 678
36 324
36 832
36 107
37 626
37 324
37 745
38 626
38 678
38 324
38 745
38 832
38 786
38 107
38 179
38 183
38 244
38 546
39 626
39 678
39 324
39 745
39 832
39 786
39 107
39 179
39 183
39 122
39 865
39 244
39 452
39 997
39 543
39 742
39 426
39 783
39 440
39 821
39 312
39 296
39 649
39 73
39 323
39 947
39 564
39 623
39 969
39 85
39 279
39 923
39 761
39 546
39 499
39 795
39 655
39 155
39 60
39 145
39 571
39 749
39 526
39 458
39 264
39 580
39 43
39 59
39 398
39 809
39 700
39 973
39 444
39 799
39 613
39 500
39 850
39 556
39 361
39 50
39 869
39 510
39 347
39 597
39 534
39 552
39 641
39 826
39 270
39 648
39 421
39 512
39 134
39 777
39 223
39 177
39 373
39 820
39 439
39 964
39 344
39 662
39 673
39 921
39 431
39 94
39 948
39 76
39 784
39 825
39 120
39 744
39 96
39 388
39 448
39 291
39 533
39 691
39 62
39 646
39 504
39 249
39 266
39 692
39 364
39 968
39 707
39 578
39 384
39 602
39 719
39 272
39 610
39 147
39 492
39 351
39 978
39 576
39 101
39 857
39 339
39 635
39 740
39 374
39 320
39 295
39 156
39 550
39 491
39 558
39 412
39 737
39 250
40 626
40 678
40 324
40 745
40 832
40 786
40 107
40 179
40 452
41 626
42 183
43 626
43 678
43 324
43 745
43 832
43 786
43 107
43 179
43 183
43 122
43 865
43 244
43 452
43 997
43 543
43 742
43 426
43 783
43 440
43 821
43 312
43 296
43 649
43 73
43 323
43 947
43 564
43 623
43 969
43 85
43 279
43 923
43 761
43 546
43 499
43 795
43 655
43 155
43 60
43 145
43 571
43 749
43 526
43 264
43 580
43 59
43 700
43 973
43 444
43 799
43 361
43 869
43 826
43 512
43 291
43 646
43 692
43 575
43 757
44 626
44 678
44 324
45 626
45 678
45 324
45 745
45 832
45 786
45 107
45 179
45 183
45 122
45 865
45 244
45 452
45 997
45 543
45 742
45 426
45 783
45 440
45 821
45 312
45 296
45 649
45 947
45 623
45 969
45 145
45 458
45 444
46 626
46 678
46 324
46 745
46 832
46 786
46 244
47 626
47 678
47 324
47 745
47 832
47 786
47 107
47 179
47 183
47 122
47 865
47 244
47 452
47 997
47 543
47 742
47 426
47 783
47 145
47 500
48 626
48 324
49 626
49 678
49 324
50 626
50 678
50 324
50 745
50 832
50 786
50 107
50 179
50 183
50 122
50 865
50 244
50 452
50 997
50 543
50 742
50 426
50 783
50 440
50 821
50 312
50 296
50 649
50 73
50 323
50 947
50 564
50 623
50 969
50 85
50 279
50 923
50 761
50 546
50 499
50 655
50 60
50 571
50 749
50 526
50 458
50 59
50 398
50 809
50 826
50 648
50 964
50 878
51 626
51 678
51 107
52 626
53 626
53 324
54 626
54 678
54 324
54 745
54 107
55 626
55 678
55 324
55 183
56 626
56 678
57 626
57 745
58 626
58 678
58 324
58 179
58 183
59 626
59 678
59 324
59 745
59 832
59 786
59 107
59 179
59 183
59 122
59 865
59 244
59 452
59 997
59 543
59 742
59 426
59 783
59 440
59 821
59 312
59 296
59 649
59 73
59 323
59 947
59 564
59 623
59 969
59 85
59 279
59 923
59 761
59 546
59 499
59 795
59 655
59 155
59 60
59 145
59 571
59 749
59 526
59 458
59 264
59 580
59 398
59 809
59 973
59 799
59 613
59 556
59 510
59 648
59 421
59 777
59 820
59 964
59 673
60 626
60 678
60 324
60 745
60 832
60 786
60 107
60 179
60 183
60 122
60 865
60 244
60 452
60 997
60 543
60 742
60 426
60 783
60 440
60 821
60 312
60 296
60 649
60 73
60 323
60 947
60 564
60 623
60 969
60 85
60 279
60 923
60 761
60 546
60 499
60 795
60 655
60 155
60 145
60 571
60 749
60 526
60 458
60 264
60 580
60 398
60 809
60 700
60 973
60 444
60 799
60 613
60 500
60 850
60 556
60 361
60 869
60 347
60 641
60 826
60 270
60 648
60 134
60 177
60 373
60 439
60 744
61 626
61 678
61 324
61 745
61 832
61 786
61 107
61 179
61 183
61 122
61 865
61 244
61 452
61 543
61 742
61 821
62 626
62 678
62 324
62 745
62 832
62 786
62 107
62 179
62 183
62 122
62 865
62 244
62 452
62 997
62 543
62 742
62 426
62 783
62 440
62 821
62 312
62 296
62 649
62 499
62 655
62 500
63 626
63 678
63 324
63 783
64 626
64 324
65 626
65 678
65 324
65 745
65 832
65 786
65 107
65 179
65 183
65 244
65 440
66 626
66 678
66 324
67 626
67 678
67 324
67 745
67 832
67 786
67 107
67 179
67 183
67 122
67 244
67 452
67 543
68 678
68 324
68 312
69 626
69 678
69 324
70 626
70 678
71 626
71 678
71 179
72 626
72 678
72 324
72 745
72 832
72 786
72 107
72 179
72 183
72 122
72 865
72 244
72 452
72 997
72 543
72 742
72 440
72 821
72 564
72 623
73 626
73 678
73 324
73 745
73 832
73 786
73 107
73 179
73 183
73 122
73 865
73 244
73 452
73 997
73 543
73 742
73 426
73 783
73 440
73 821
73 312
73 296
73 649
73 323
73 947
73 564
73 623
73 969
73 85
73 279
73 923
73 761
73 546
73 499
73 795
73 655
73 155
73 145
73 571
73 749
73 526
73 458
73 264
73 580
73 398
73 809
73 700
73 973
73 444
73 799
73 613
73 500
73 850
73 556
73 361
73 869
73 510
73 347
73 597
73 534
73 552
73 641
73 826
73 270
73 648
73 421
73 512
73 134
73 777
73 223
73 177
73 373
73 820
73 964
73 673
73 921
73 431
73 76
73 784
73 120
73 96
73 388
73 448
73 691
73 364
73 465
73 959
73 658
73 602
73 272
73 101
73 379
73 706
73 520
73 103
73 438
73 548
73 463
73 833
73 157
74 626
74 678
74 324
74 745
74 832
74 786
74 107
74 179
74 183
74 122
74 543
74 440
74 323
75 626
76 626
76 678
76 324
76 745
76 832
76 786
76 107
76 179
76 183
76 122
76 865
76 244
76 452
76 997
76 543
76 742
76 426
76 783
76 440
76 821
76 312
76 296
76 649
76 323
76 947
76 623
76 973
76 444
76 850
76 826
77 626
78 626
78 678
78 324
78 786
78 244
80 626
81 626
81 678
81 324
81 745
81 832
81 786
81 107
81 183
81 244
83 324
83 786
84 626
84 678
84 786
84 865
85 626
85 678
85 324
85 745
85 832
85 786
85 107
85 179
85 183
85 122
85 865
85 244
85 452
85 997
85 543
85 742
85 426
85 783
85 440
85 821
85 312
85 296
85 649
85 323
85 947
85 564
85 623
85 969
85 279
85 923
85 761
85 546
85 499
85 795
85 655
85 155
85 145
85 571
85 749
85 526
85 458
85 264
85 580
85 398
85 809
85 700
85 973
85 444
85 799
85 613
85 500
85 850
85 556
85 361
85 869
85 510
85 347
85 826
85 270
85 421
85 777
85 177
85 439
85 96
85 388
85 646
85 257
85 635
85 505
86 626
86 678
87 626
87 678
87 324
87 745
87 832
87 786
87 107
87 179
87 452
88 626
88 678
88 324
88 745
88 832
88 786
88 107
90 626
90 678
90 324
90 745
91 626
91 678
91 324
91 745
91 832
91 786
91 107
91 179
91 183
91 122
91 865
91 244
91 452
91 997
91 543
91 742
91 426
91 323
92 626
92 678
92 324
92 745
92 786
92 107
93 626
93 324
94 626
94 678
94 324
94 745
94 832
94 786
94 107
94 179
94 183
94 122
94 865
94 244
94 452
94 997
94 543
94 742
94 426
94 783
94 440
94 821
94 312
94 296
94 649
94 323
94 947
94 564
94 969
94 923
94 155
94 749
94 264
94 799
94 869
95 626
95 678
95 324
95 745
95 832
95 742
96 626
96 678
96 324
96 745
96 832
96 786
96 107
96 179
96 183
96 122
96 865
96 244
96 452
96 997
96 543
96 742
96 426
96 783
96 440
96 821
96 312
96 296
96 649
96 323
96 623
96 761
96 655
96 571
96 648
97 324
98 626
98 678
98 324
98 745
99 626
99 678
99 324
100 626
100 832
101 626
101 678
101 324
101 745
101 832
101 786
101 107
101 179
101 183
101 122
101 865
101 244
101 452
101 997
101 543
101 742
101 426
101 783
101 649
101 323
101 564
101 546
102 678
102 324
102 179
102 452
103 626
103 678
103 324
103 745
103 832
103 786
103 107
103 179
103 183
103 122
103 865
103 244
103 452
103 997
103 543
103 783
103 597
103 327
104 626
104 678
104 324
104 745
104 832
104 786
104 107
104 179
104 183
105 626
105 678
105 324
106 626
106 678
107 626
107 678
107 324
107 745
107 832
107 786
107 179
107 183
107 122
107 865
107 244
107 452
107 997
107 543
107 742
107 426
107 783
107 440
107 821
107 312
107 296
107 649
107 323
107 947
107 564
107 623
107 969
107 279
107 923
107 761
107 546
107 499
107 795
107 655
107 155
107 145
107 571
107 749
107 526
107 458
107 264
107 580
107 398
107 809
107 700
107 973
107 444
107 799
107 613
107 500
107 850
107 556
107 361
107 869
107 510
107 347
107 597
107 534
107 552
107 641
107 826
107 270
107 648
107 421
107 512
107 134
107 777
107 223
107 177
107 373
107 820
107 439
107 964
107 344
107 662
107 673
107 921
107 431
107 948
107 784
107 825
107 120
107 744
107 388
107 448
107 291
107 533
107 691
107 646
107 340
107 504
107 342
107 249
107 266
107 692
107 364
107 968
107 465
107 707
107 578
107 959
107 218
107 658
107 384
107 602
107 457
107 609
107 719
107 272
107 935
107 750
107 773
107 549
107 696
107 508
107 878
107 196
107 610
107 147
107 308
107 257
107 492
107 478
107 894
107 351
107 978
107 576
107 575
107 326
107 501
107 919
107 379
107 170
107 173
107 857
107 376
107 394
107 586
107 425
107 327
107 637
107 365
107 339
107 441
107 706
107 635
107 608
107 740
107 374
107 654
107 965
107 475
107 320
107 484
107 219
107 185
107 645
107 334
107 943
107 505
107 287
107 520
107 918
107 863
107 538
107 823
107 214
107 211
107 802
107 861
107 139
107 295
107 239
107 702
107 905
107 438
107 442
107 301
107 298
107 548
107 241
107 708
107 168
107 764
107 156
107 898
107 380
107 666
107 604
107 235
107 550
107 999
107 420
107 255
107 743
107 349
107 562
107 352
107 729
107 544
107 859
107 891
107 853
107 276
107 283
107 246
107 445
107 463
107 497
107 491
107 304
107 212
107 720
107 851
107 558
107 982
107 946
107 371
107 470
107 634
107 375
107 581
107 383
107 412
107 585
107 988
107 233
107 378
107 193
107 810
107 901
107 963
107 479
107 780
107 889
107 317
107 640
107 213
107 489
107 789
107 903
107 427
107 611
107 415
107 516
107 539
107 423
107 915
107 671
107 406
107 940
107 814
107 432
107 506
107 443
107 224
107 883
107 950
107 574
107 262
107 118
107 248
107 971
107 191
107 447
107 887
107 540
107 236
107 217
107 245
107 916
107 254
107 545
107 140
107 385
107 957
107 942
107 314
107 917
107 481
107 716
107 356
107 697
107 188
107 757
107 881
107 565
107 468
107 647
107 527
107 377
107 954
107 289
107 399
107 835
107 849
107 519
107 833
107 515
107 738
107 362
107 727
107 848
107 200
107 682
107 710
107 766
107 390
107 405
107 806
107 358
107 172
107 483
107 644
107 636
107 138
107 152
107 359
107 805
107 792
107 808
107 944
107 987
107 123
107 677
107 972
107 125
107 302
107 928
107 925
107 875
107 518
107 355
107 449
107 747
107 914
107 659
107 703
107 144
107 618
107 163
107 258
107 474
107 907
107 908
107 771
107 216
107 896
107 724
107 192
107 127
107 121
107 205
107 730
107 207
107 109
107 603
107 285
107 775
107 763
107 599
107 490
107 755
107 864
107 256
107 429
107 220
107 303
107 656
107 563
107 632
107 860
107 758
107 615
107 392
107 473
107 911
107 566
107 736
107 346
107 866
107 593
107 845
107 507
107 746
107 271
107 926
107 834
107 226
107 268
107 741
107 726
107 960
107 672
107 337
107 195
107 882
107 354
107 966
107 523
107 929
107 331
107 690
107 874
107 158
107 598
107 813
107 261
107 524
107 332
107 788
107 462
108 626
108 678
108 324
109 626
109 678
109 324
109 745
109 997
110 626
110 678
110 324
110 832
110 122
110 244
111 626
113 626
113 678
114 626
114 678
114 324
114 745
114 832
115 626
115 678
115 324
116 626
116 324
116 745
117 626
117 678
117 324
117 745
117 832
117 786
117 426
118 626
118 678
118 324
118 745
118 832
118 786
118 179
118 183
118 244
118 543
118 821
119 626
119 678
119 324
120 626
120 678
120 324
120 745
120 832
120 786
120 179
120 183
120 122
120 865
120 244
120 452
120 997
120 543
120 742
120 426
120 783
120 440
120 821
120 312
120 296
120 649
120 323
120 564
120 546
120 526
120 218
120 475
121 626
121 678
121 324
121 745
121 832
121 786
121 183
122 626
122 678
122 324
122 745
122 832
122 786
122 179
122 183
122 865
122 244
122 452
122 997
122 543
122 742
122 426
122 783
122 440
122 821
122 312
122 296
122 649
122 323
122 947
122 564
122 623
122 969
122 279
122 923
122 761
122 546
122 499
122 795
122 655
122 155
122 145
122 571
122 749
122 526
122 458
122 264
122 580
122 398
122 809
122 700
122 973
122 444
122 799
122 613
122 500
122 850
122 556
122 361
122 869
122 510
122 347
122 597
122 534
122 552
122 641
122 826
122 270
122 648
122 421
122 512
122 134
122 777
122 223
122 177
122 373
122 820
122 439
122 964
122 344
122 662
122 673
122 921
122 431
122 948
122 784
122 825
122 744
122 388
122 448
122 291
122 533
122 691
122 646
122 340
122 504
122 342
122 249
122 266
122 692
122 364
122 968
122 465
122 707
122 578
122 959
122 218
122 658
122 384
122 602
122 457
122 609
122 719
122 272
122 935
122 750
122 773
122 549
122 696
122 508
122 878
122 196
122 610
122 147
122 308
122 257
122 492
122 478
122 894
122 351
122 978
122 576
122 575
122 326
122 501
122 919
122 379
122 170
122 173
122 857
122 376
122 394
122 586
122 425
122 327
122 637
122 365
122 339
122 441
122 706
122 635
122 608
122 740
122 374
122 654
122 965
122 475
122 320
122 484
122 219
122 185
122 645
122 334
122 943
122 505
122 287
122 520
122 918
122 863
122 538
122 823
122 214
122 211
122 802
122 861
122 139
122 295
122 239
122 702
122 905
122 438
122 442
122 301
122 298
122 548
122 241
122 708
122 168
122 764
122 156
122 898
122 380
122 666
122 604
122 235
122 550
122 999
122 420
122 255
122 743
122 349
122 562
122 352
122 729
122 544
122 859
122 891
122 853
122 276
122 283
122 246
122 445
122 463
122 497
122 491
122 304
122 212
122 720
122 851
122 558
122 982
122 946
122 371
122 470
122 634
122 375
122 383
122 412
122 988
122 193
122 901
122 479
122 780
122 317
122 489
122 789
122 903
122 427
122 915
122 814
122 432
122 506
122 224
122 883
122 262
122 248
122 887
122 540
122 245
122 942
122 917
122 356
122 697
122 188
122 757
122 468
122 527
122 835
122 833
122 738
122 362
122 727
122 848
122 200
122 682
122 710
122 766
122 483
122 805
122 944
122 471
122 677
122 972
122 928
122 925
122 667
122 150
122 855
122 914
122 659
122 199
122 816
122 258
122 908
122 476
122 460
122 771
122 216
122 319
122 896
122 723
122 466
122 767
122 187
122 779
122 945
122 563
122 275
122 473
122 911
122 294
122 167
122 769
122 579
122 176
122 161
123 626
123 678
123 324
123 745
123 832
123 786
123 742
124 626
124 678
124 324
125 626
125 678
125 324
125 745
125 832
125 786
125 543
126 626
126 678
126 324
126 179
127 626
127 678
127 324
127 745
127 832
127 786
127 179
127 865
127 440
128 626
128 678
128 324
128 786
129 626
129 678
129 324
131 626
132 626
132 678
132 745
132 832
133 626
133 678
133 324
133 179
133 865
134 626
134 678
134 324
134 745
134 832
134 786
134 179
134 183
134 865
134 244
134 452
134 997
134 543
134 742
134 426
134 783
134 440
134 821
134 312
134 296
134 649
134 323
134 564
134 623
134 969
134 279
134 923
134 546
134 499
134 264
134 850
134 556
134 869
135 626
135 678
135 324
136 626
136 678
136 324
137 626
137 678
138 626
138 678
138 324
138 745
138 832
138 786
138 179
138 183
138 244
139 626
139 678
139 324
139 745
139 832
139 786
139 179
139 183
139 865
139 244
139 452
139 997
139 543
139 783
139 546
140 626
140 678
140 324
140 745
140 832
140 786
140 179
140 865
140 426
141 324
142 626
142 678
142 324
142 832
142 183
143 626
143 678
143 324
143 745
144 626
144 678
144 324
144 745
144 832
144 786
144 183
145 626
145 678
145 324
145 745
145 832
145 786
145 179
145 183
145 865
145 244
145 452
145 997
145 543
145 742
145 426
145 783
145 440
145 821
145 312
145 296
145 649
145 323
145 947
145 564
145 623
145 969
145 279
145 923
145 761
145 546
145 499
145 795
145 655
145 155
145 571
145 749
145 526
145 458
145 264
145 580
145 398
145 809
145 700
145 973
145 799
145 613
145 500
145 556
145 361
145 869
145 534
145 641
145 648
145 777
145 373
145 344
145 384
145 647
146 626
146 678
146 324
147 626
147 678
147 324
147 745
147 832
147 786
147 179
147 183
147 865
147 244
147 452
147 997
147 543
147 742
147 426
147 783
147 312
147 296
147 947
148 626
148 678
148 324
148 745
148 786
148 426
148 641
149 626
149 786
150 626
150 678
150 324
150 745
150 832
150 786
150 997
152 626
152 678
152 324
152 745
152 832
152 786
152 183
152 865
152 452
152 426
153 626
153 324
153 832
155 626
155 678
155 324
155 745
155 832
155 786
155 179
155 183
155 865
155 244
155 452
155 997
155 543
155 742
155 426
155 783
155 440
155 821
155 312
155 296
155 649
155 323
155 947
155 564
155 623
155 969
155 279
155 923
155 761
155 546
155 499
155 795
155 655
155 571
155 749
155 526
155 458
155 264
155 580
155 398
155 809
155 700
155 973
155 444
155 799
155 613
155 500
155 850
155 556
155 361
155 869
155 597
155 552
155 641
155 270
155 421
155 512
155 223
155 177
155 448
155 457
155 935
155 478
156 626
156 678
156 324
156 745
156 832
156 786
156 179
156 183
156 865
156 244
156 452
156 997
156 543
156 323
157 626
157 678
157 324
157 745
157 832
157 786
157 183
158 626
158 678
158 324
159 626
159 678
159 324
159 745
159 832
159 786
160 626
160 678
160 324
161 626
161 678
161 324
162 626
162 678
162 324
162 997
163 626
163 678
163 324
163 745
163 786
165 626
165 678
165 324
165 745
166 626
166 678
166 324
166 745
166 183
167 626
167 678
167 324
167 832
167 312
168 626
168 678
168 324
168 745
168 832
168 786
168 179
168 183
168 865
168 244
168 452
168 997
168 543
168 623
170 626
170 678
170 324
170 745
170 832
170 786
170 179
170 183
170 865
170 244
170 452
170 997
170 543
170 742
170 312
170 571
170 935
171 626
171 678
171 324
172 626
172 678
172 324
172 745
172 832
172 786
172 183
173 626
173 678
173 324
173 745
173 832
173 786
173 179
173 183
173 865
173 244
173 452
173 997
173 543
173 742
173 426
173 783
173 312
173 947
174 626
174 678
174 452
175 626
175 745
175 179
176 626
176 678
176 324
177 626
177 678
177 324
177 745
177 832
177 786
177 179
177 183
177 865
177 244
177 452
177 997
177 543
177 742
177 426
177 783
177 440
177 821
177 312
177 296
177 649
177 323
177 947
177 564
177 279
177 761
177 499
177 795
177 799
177 613
177 431
177 291
178 626
179 626
179 678
179 324
179 745
179 832
179 786
179 183
179 865
179 244
179 452
179 997
179 543
179 742
179 426
179 783
179 440
179 821
179 312
179 296
179 649
179 323
179 947
179 564
179 623
179 969
179 279
179 923
179 761
179 546
179 499
179 795
179 655
179 571
179 749
179 526
179 458
179 264
179 580
179 398
179 809
179 700
179 973
179 444
179 799
179 613
179 500
179 850
179 556
179 361
179 869
179 510
179 347
179 597
179 534
179 552
179 641
179 826
179 270
179 648
179 421
179 512
179 777
179 223
179 373
179 820
179 439
179 964
179 344
179 662
179 673
179 921
179 431
179 948
179 784
179 825
179 744
179 388
179 448
179 291
179 533
179 691
179 646
179 340
179 504
179 342
179 249
179 266
179 692
179 364
179 968
179 465
179 707
179 578
179 959
179 218
179 658
179 384
179 602
179 457
179 609
179 719
179 272
179 935
179 750
179 773
179 549
179 696
179 508
179 878
179 196
179 610
179 308
179 257
179 492
179 478
179 894
179 351
179 978
179 576
179 575
179 326
179 501
179 919
179 379
179 857
179 376
179 394
179 586
179 425
179 327
179 637
179 365
179 339
179 441
179 706
179 635
179 608
179 740
179 374
179 654
179 965
179 475
179 320
179 484
179 219
179 185
179 645
179 334
179 943
179 505
179 287
179 520
179 918
179 863
179 538
179 823
179 214
179 211
179 802
179 861
179 295
179 239
179 702
179 905
179 438
179 442
179 301
179 298
179 548
179 241
179 708
179 764
179 898
179 380
179 666
179 604
179 235
179 550
179 999
179 420
179 255
179 743
179 349
179 562
179 352
179 729
179 544
179 859
179 891
179 853
179 276
179 283
179 246
179 445
179 463
179 497
179 491
179 304
179 212
179 720
179 851
179 558
179 982
179 946
179 371
179 470
179 634
179 375
179 581
179 383
179 412
179 585
179 988
179 233
179 378
179 193
179 810
179 901
179 963
179 479
179 780
179 889
179 317
179 640
179 213
179 489
179 789
179 903
179 427
179 611
179 415
179 516
179 539
179 423
179 915
179 671
179 406
179 940
179 814
179 432
179 506
179 443
179 224
179 883
179 950
179 574
179 262
179 248
179 971
179 191
179 447
179 887
179 540
179 236
179 217
179 245
179 916
179 254
179 545
179 385
179 957
179 314
179 917
179 481
179 716
179 356
179 757
179 565
179 468
179 647
179 527
179 377
179 954
179 289
179 399
179 835
179 519
179 833
179 515
179 738
179 727
179 848
179 200
179 682
179 1000
179 710
179 766
179 405
179 358
179 483
179 644
179 359
179 267
179 944
179 513
179 677
179 972
179 302
179 667
179 518
179 449
179 747
179 417
179 594
179 703
179 554
179 844
179 199
179 292
179 816
179 664
179 258
179 568
179 460
179 771
179 319
179 227
179 205
179 461
179 410
179 285
179 723
179 775
179 767
179 984
179 490
179 779
179 759
179 577
179 945
179 220
179 303
179 656
179 632
179 407
179 758
179 615
179 184
179 970
179 736
179 639
179 885
179 815
179 259
179 422
179 619
179 493
179 357
179 547
179 699
179 391
179 877
179 983
179 966
179 912
179 350
179 482
179 902
179 824
179 228
180 626
180 678
180 324
181 626
181 678
181 324
181 745
181 832
181 543
182 626
182 678
182 324
183 626
183 678
183 324
183 745
183 832
183 786
183 865
183 244
183 452
183 997
183 543
183 742
183 426
183 783
183 440
183 821
183 312
183 296
183 649
183 323
183 947
183 564
183 623
183 969
183 279
183 923
183 761
183 546
183 499
183 795
183 655
183 571
183 749
183 526
183 458
183 264
183 580
183 398
183 809
183 700
183 973
183 444
183 799
183 613
183 500
183 850
183 556
183 361
183 869
183 510
183 347
183 597
183 534
183 552
183 641
183 826
183 270
183 648
183 421
183 512
183 777
183 223
183 373
183 820
183 439
183 964
183 344
183 662
183 673
183 921
183 431
183 948
183 784
183 825
183 744
183 388
183 448
183 291
183 533
183 691
183 646
183 340
183 504
183 342
183 249
183 266
183 692
183 364
183 968
183 465
183 707
183 578
183 959
183 218
183 658
183 384
183 602
183 457
183 609
183 719
183 272
183 935
183 750
183 773
183 549
183 696
183 508
183 878
183 196
183 610
183 308
183 257
183 492
183 478
183 894
183 351
183 978
183 576
183 575
183 326
183 501
183 919
183 379
183 857
183 376
183 394
183 586
183 425
183 327
183 637
183 365
183 339
183 441
183 706
183 635
183 608
183 740
183 374
183 654
183 965
183 475
183 320
183 484
183 219
183 185
183 645
183 334
183 943
183 505
183 287
183 520
183 918
183 863
183 538
183 823
183 214
183 211
183 802
183 861
183 295
183 239
183 702
183 905
183 438
183 442
183 301
183 298
183 548
183 241
183 708
183 764
183 898
183 380
183 666
183 604
183 235
183 550
183 999
183 420
183 255
183 743
183 349
183 562
183 352
183 729
183 544
183 859
183 891
183 853
183 276
183 283
183 246
183 445
183 463
183 497
183 491
183 304
183 212
183 720
183 851
183 558
183 982
183 946
183 371
183 470
183 634
183 375
183 581
183 383
183 412
183 585
183 988
183 233
183 378
183 193
183 810
183 901
183 963
183 479
183 780
183 889
183 317
183 640
183 213
183 489
183 789
183 903
183 427
183 611
183 415
183 516
183 539
183 423
183 915
183 671
183 406
183 940
183 814
183 432
183 506
183 443
183 224
183 883
183 950
183 574
183 262
183 248
183 971
183 191
183 447
183 887
183 540
183 236
183 217
183 916
183 254
183 545
183 385
183 957
183 942
183 314
183 917
183 481
183 716
183 356
183 697
183 188
183 757
183 881
183 565
183 468
183 647
183 527
183 954
183 289
183 399
183 835
183 849
183 519
183 515
183 738
183 362
183 848
183 200
183 1000
183 710
183 766
183 390
183 358
183 483
183 636
183 805
183 792
183 267
183 944
183 471
183 987
183 677
183 972
183 928
183 925
183 518
183 756
183 551
183 449
183 914
183 737
183 659
183 703
183 844
183 618
183 329
183 258
183 476
183 568
183 771
183 841
183 603
183 368
183 498
183 775
183 651
183 529
183 187
183 733
183 577
183 739
183 922
183 220
183 243
183 632
183 407
183 275
183 517
183 721
183 430
183 284
183 639
183 593
183 259
183 404
183 570
183 754
183 422
183 845
183 306
183 357
183 768
183 230
183 876
183 625
183 699
183 225
183 467
183 265
183 924
183 366
183 386
183 206
183 829
183 591
183 502
184 626
184 678
184 324
184 440
185 626
185 678
185 324
185 745
185 832
185 786
185 865
185 244
185 452
185 997
185 543
185 742
185 783
185 440
185 821
185 296
185 323
186 626
186 324
187 626
187 678
187 324
187 745
187 832
187 786
187 783
188 626
188 678
188 324
188 745
188 832
188 786
188 426
189 626
189 324
189 786
190 626
190 678
190 324
190 745
190 832
190 543
191 626
191 678
191 324
191 745
191 832
191 786
191 244
191 452
192 626
192 678
192 324
192 745
192 832
192 786
193 626
193 678
193 324
193 745
193 832
193 786
193 865
193 244
193 997
193 742
194 678
195 626
195 678
195 324
196 626
196 678
196 324
196 745
196 832
196 786
196 865
196 244
196 452
196 997
196 543
196 742
196 426
196 783
196 440
196 312
196 649
196 564
196 546
196 398
196 948
197 626
197 324
198 626
198 678
199 626
199 678
199 324
199 745
199 452
199 997
199 426
200 626
200 678
200 324
200 745
200 832
200 786
200 244
201 626
201 678
201 324
201 832
201 923
202 626
202 678
202 324
202 745
202 786
203 626
204 626
205 626
205 678
205 324
205 745
205 244
206 626
206 678
207 626
207 678
207 324
207 745
207 832
207 786
207 426
208 626
208 678
209 626
209 678
209 324
211 626
211 678
211 324
211 745
211 832
211 786
211 865
211 244
211 452
211 997
211 543
211 426
211 783
211 312
211 296
212 626
212 678
212 324
212 745
212 832
212 786
212 865
212 244
212 452
212 997
212 543
212 742
212 426
213 626
213 678
213 324
213 745
213 832
213 786
213 865
213 244
213 452
213 783
213 649
214 626
214 678
214 324
214 745
214 832
214 786
214 865
214 244
214 452
214 997
214 543
214 783
214 761
215 626
216 626
216 678
216 324
216 745
216 832
216 786
217 626
217 678
217 324
217 745
217 832
217 786
217 865
217 296
218 626
218 678
218 324
218 745
218 832
218 786
218 865
218 244
218 452
218 997
218 543
218 742
218 426
218 783
218 440
218 821
218 312
218 296
218 649
218 323
218 969
219 626
219 678
219 324
219 745
219 832
219 786
219 865
219 244
219 452
219 997
219 543
219 426
219 783
219 571
220 626
220 678
220 324
220 745
220 786
220 426
221 626
221 678
221 324
221 745
222 626
222 324
223 626
223 678
223 324
223 745
223 832
223 786
223 865
223 244
223 452
223 997
223 543
223 742
223 426
223 783
223 440
223 821
223 312
223 296
223 649
223 323
223 947
223 564
223 279
223 923
223 761
223 499
223 795
223 655
223 398
223 700
224 626
224 678
224 324
224 745
224 832
224 786
224 742
224 426
224 783
224 761
225 626
225 678
225 324
226 626
226 678
226 324
227 626
227 678
227 324
227 745
227 244
228 786
229 626
229 678
229 786
230 626
230 678
230 324
230 452
230 997
231 626
231 678
231 324
232 678
233 626
233 678
233 324
233 745
233 832
233 786
233 865
233 244
233 452
233 543
234 626
234 324
235 626
235 678
235 324
235 745
235 832
235 786
235 865
235 244
235 452
235 997
235 543
235 742
235 296
236 626
236 678
236 324
236 745
236 832
236 786
236 244
236 997
238 626
238 678
238 324
239 626
239 678
239 324
239 745
239 832
239 786
239 865
239 244
239 452
239 997
239 543
239 783
240 678
240 324
241 626
241 678
241 324
241 745
241 832
241 786
241 865
241 244
241 452
241 997
241 543
241 649
242 324
243 626
243 678
243 324
243 832
243 244
243 649
244 626
244 678
244 324
244 745
244 832
244 786
244 865
244 452
244 997
244 543
244 742
244 426
244 783
244 440
244 821
244 312
244 296
244 649
244 323
244 947
244 564
244 623
244 969
244 279
244 923
244 761
244 546
244 499
244 795
244 655
244 571
244 749
244 526
244 458
244 264
244 580
244 398
244 809
244 700
244 973
244 444
244 799
244 613
244 500
244 850
244 556
244 361
244 869
244 510
244 347
244 597
244 534
244 552
244 641
244 826
244 270
244 648
244 421
244 512
244 777
244 373
244 820
244 439
244 964
244 344
244 662
244 673
244 921
244 431
244 948
244 784
244 825
244 744
244 388
244 448
244 291
244 533
244 691
244 646
244 340
244 504
244 342
244 249
244 266
244 692
244 364
244 968
244 465
244 707
244 578
244 959
244 658
244 384
244 602
244 457
244 609
244 719
244 272
244 935
244 750
244 773
244 549
244 696
244 508
244 878
244 610
244 308
244 257
244 492
244 478
244 894
244 351
244 978
244 576
244 575
244 326
244 501
244 919
244 379
244 857
244 376
244 394
244 586
244 425
244 327
244 637
244 365
244 339
244 441
244 706
244 635
244 608
244 740
244 374
244 654
244 965
244 475
244 320
244 484
244 645
244 334
244 943
244 505
244 287
244 520
244 918
244 863
244 538
244 823
244 802
244 861
244 295
244 702
244 905
244 438
244 442
244 301
244 298
244 548
244 708
244 764
244 898
244 380
244 666
244 604
244 550
244 999
244 420
244 255
244 743
244 349
244 562
244 352
244 729
244 544
244 859
244 891
244 853
244 276
244 445
244 463
244 497
244 491
244 304
244 720
244 851
244 558
244 982
244 946
244 371
244 470
244 375
244 581
244 383
244 412
244 585
244 988
244 378
244 901
244 889
244 640
244 489
244 427
244 415
244 539
244 915
244 671
244 940
244 506
244 443
244 950
244 540
244 916
244 254
244 385
244 957
244 314
244 481
244 757
244 468
244 527
244 289
244 833
244 1000
244 806
244 644
244 792
244 471
244 677
244 972
244 928
244 855
244 518
244 797
244 659
244 664
244 830
244 762
244 372
244 934
244 517
244 721
244 310
244 769
244 926
244 547
244 532
244 837
244 328
244 681
245 626
245 678
245 324
245 745
245 832
245 786
245 543
246 626
246 678
246 324
246 745
246 832
246 786
246 865
246 452
246 997
246 543
246 426
246 440
246 296
246 552
247 324
248 626
248 678
248 324
248 745
248 832
248 786
248 452
248 997
248 543
248 783
248 270
249 626
249 678
249 324
249 745
249 832
249 786
249 865
249 452
249 997
249 543
249 742
249 426
249 783
249 440
249 821
249 312
249 296
249 809
249 826
249 673
250 626
250 678
250 324
250 745
251 626
251 678
251 324
251 745
251 865
251 440
252 626
252 678
252 324
252 745
252 865
253 626
253 832
254 626
254 678
254 324
254 745
254 832
254 786
254 865
254 452
254 997
255 626
255 678
255 324
255 745
255 832
255 786
255 865
255 452
255 997
255 649
256 626
256 678
256 324
256 745
256 997
257 626
257 678
257 324
257 745
257 832
257 786
257 865
257 452
257 997
257 543
257 742
257 426
257 783
257 440
257 821
257 749
258 626
258 678
258 324
258 745
258 786
259 626
259 678
259 324
259 745
260 626
260 678
261 626
262 626
262 678
262 324
262 745
262 832
262 786
262 997
262 543
262 821
263 626
263 678
263 324
263 745
263 786
264 626
264 678
264 324
264 745
264 832
264 786
264 865
264 452
264 997
264 543
264 742
264 426
264 783
264 440
264 821
264 312
264 296
264 649
264 323
264 947
264 564
264 623
264 969
264 279
264 923
264 761
264 546
264 499
264 795
264 655
264 571
264 749
264 526
264 458
264 580
264 398
264 809
264 700
264 444
264 799
264 500
264 850
264 556
264 361
264 869
264 641
264 512
264 744
264 465
264 412
265 626
265 678
265 324
266 626
266 678
266 324
266 745
266 832
266 786
266 865
266 452
266 997
266 543
266 742
266 426
266 783
266 440
266 821
266 312
266 296
266 323
266 564
266 623
267 626
267 678
267 324
267 745
267 832
267 786
267 865
268 626
268 678
268 324
268 832
268 865
269 626
269 678
270 626
270 678
270 324
270 745
270 832
270 786
270 865
270 452
270 997
270 543
270 742
270 426
270 783
270 440
270 821
270 312
270 296
270 649
270 323
270 947
270 564
270 623
270 279
270 499
270 580
270 444
270 826
270 744
271 626
271 678
271 324
271 786
272 626
272 678
272 324
272 745
272 832
272 786
272 865
272 452
272 997
272 543
272 742
272 426
272 783
272 440
272 821
272 296
272 564
272 571
272 458
273 626
274 626
274 324
275 626
275 678
275 324
275 745
275 786
276 626
276 678
276 324
276 745
276 832
276 786
276 865
276 452
276 543
277 626
277 678
277 324
278 626
278 678
279 626
279 678
279 324
279 745
279 832
279 786
279 865
279 452
279 997
279 543
279 742
279 426
279 783
279 440
279 821
279 312
279 296
279 649
279 323
279 947
279 564
279 623
279 969
279 923
279 761
279 546
279 499
279 795
279 655
279 571
279 749
279 526
279 458
279 580
279 398
279 809
279 700
279 973
279 444
279 799
279 613
279 500
279 850
279 556
279 361
279 869
279 510
279 641
279 648
279 964
279 673
279 948
279 291
279 609
279 610
279 339
279 706
279 445
280 626
280 324
281 626
281 678
281 324
281 832
282 626
282 678
282 324
282 786
283 626
283 678
283 324
283 745
283 832
283 786
283 865
283 452
283 783
283 361
284 626
284 678
284 324
284 745
284 786
285 626
285 678
285 324
285 745
285 832
285 786
286 626
286 678
286 324
287 626
287 678
287 324
287 745
287 832
287 786
287 865
287 452
287 997
287 543
287 742
287 440
289 626
289 678
289 324
289 745
289 832
289 786
290 626
290 324
290 832
291 626
291 678
291 324
291 745
291 832
291 786
291 865
291 452
291 997
291 543
291 742
291 426
291 783
291 440
291 821
291 312
291 296
291 649
291 564
291 969
291 923
291 597
292 626
292 678
292 324
292 745
292 832
292 786
293 626
293 678
294 626
294 678
294 324
295 626
295 678
295 324
295 745
295 832
295 786
295 865
295 452
295 997
295 543
295 783
296 626
296 678
296 324
296 745
296 832
296 786
296 865
296 452
296 997
296 543
296 742
296 426
296 783
296 440
296 821
296 312
296 649
296 323
296 947
296 564
296 623
296 969
296 923
296 761
296 546
296 499
296 795
296 655
296 571
296 749
296 526
296 458
296 580
296 398
296 809
296 700
296 973
296 444
296 799
296 613
296 500
296 850
296 556
296 361
296 869
296 510
296 347
296 597
296 534
296 552
296 641
296 826
296 648
296 421
296 512
296 777
296 373
296 820
296 439
296 964
296 344
296 662
296 673
296 921
296 431
296 948
296 784
296 825
296 744
296 388
296 448
296 533
296 691
296 646
296 340
296 342
296 692
296 968
296 707
296 959
296 658
296 384
296 602
296 935
296 549
296 508
296 878
296 351
296 919
296 379
296 394
296 586
296 320
296 484
296 505
296 802
296 861
296 859
296 412
296 704
296 577
296 436
297 626
297 678
298 626
298 678
298 324
298 745
298 832
298 786
298 865
298 452
298 997
298 543
298 426
298 312
299 626
299 678
299 745
300 626
300 678
301 626
301 678
301 324
301 745
301 832
301 786
301 865
301 452
301 997
301 543
301 742
301 426
301 440
302 626
302 678
302 324
302 745
302 832
302 786
303 626
303 678
303 324
303 832
303 426
304 626
304 678
304 324
304 745
304 832
304 786
304 865
304 452
304 997
305 626
305 678
305 324
305 745
305 832
306 626
306 678
306 324
306 745
306 832
308 626
308 678
308 324
308 745
308 832
308 786
308 865
308 452
308 997
308 543
308 742
308 426
308 783
308 440
308 821
308 649
308 795
308 571
309 626
310 626
310 678
310 324
310 745
312 626
312 678
312 324
312 745
312 832
312 786
312 865
312 452
312 997
312 543
312 742
312 426
312 783
312 440
312 821
312 649
312 323
312 947
312 564
312 623
312 969
312 923
312 761
312 546
312 499
312 795
312 655
312 571
312 749
312 526
312 458
312 580
312 398
312 809
312 700
312 973
312 444
312 799
312 613
312 500
312 850
312 556
312 361
312 869
312 510
312 347
312 597
312 534
312 552
312 641
312 826
312 648
312 421
312 512
312 777
312 373
312 820
312 439
312 964
312 344
312 662
312 673
312 921
312 431
312 948
312 784
312 825
312 744
312 388
312 448
312 533
312 691
312 646
312 340
312 504
312 342
312 692
312 364
312 968
312 465
312 707
312 578
312 959
312 658
312 384
312 602
312 457
312 719
312 935
312 750
312 773
312 549
312 696
312 508
312 878
312 894
312 978
312 326
312 425
312 706
312 608
312 654
312 943
312 863
312 905
312 550
312 420
312 743
312 853
312 720
312 371
312 447
312 844
312 866
312 670
313 626
313 678
313 324
313 745
313 786
314 626
314 678
314 324
314 745
314 832
314 786
315 678
315 324
316 626
316 786
317 626
317 678
317 324
317 745
317 832
317 786
317 742
317 426
317 783
318 626
319 626
319 678
319 324
319 745
319 832
319 786
320 626
320 678
320 324
320 745
320 832
320 786
320 865
320 452
320 997
320 543
320 742
320 426
320 783
320 969
321 626
321 678
321 324
322 626
322 745
323 626
323 678
323 324
323 745
323 832
323 786
323 865
323 452
323 997
323 543
323 742
323 426
323 783
323 440
323 821
323 649
323 947
323 564
323 623
323 969
323 923
323 761
323 546
323 499
323 795
323 655
323 571
323 749
323 526
323 458
323 580
323 398
323 809
323 700
323 973
323 444
323 799
323 613
323 500
323 850
323 556
323 361
323 869
323 510
323 347
323 597
323 534
323 552
323 641
323 826
323 648
323 421
323 512
323 777
323 373
323 820
323 439
323 964
323 344
323 662
323 673
323 921
323 948
323 784
323 744
323 388
323 448
323 691
323 968
323 719
323 576
323 608
323 352
323 720
324 626
324 678
324 745
324 832
324 786
324 865
324 452
324 997
324 543
324 742
324 426
324 783
324 440
324 821
324 649
324 947
324 564
324 623
324 969
324 923
324 761
324 546
324 499
324 795
324 655
324 571
324 749
324 526
324 458
324 580
324 398
324 809
324 700
324 973
324 444
324 799
324 613
324 500
324 850
324 556
324 361
324 869
324 510
324 347
324 597
324 534
324 552
324 641
324 826
324 648
324 421
324 512
324 777
324 373
324 820
324 439
324 964
324 344
324 662
324 673
324 921
324 431
324 948
324 784
324 825
324 744
324 388
324 448
324 533
324 691
324 646
324 340
324 504
324 342
324 692
324 364
324 968
324 465
324 707
324 578
324 959
324 658
324 384
324 602
324 457
324 609
324 719
324 935
324 750
324 773
324 549
324 696
324 508
324 878
324 610
324 492
324 478
324 894
324 351
324 978
324 576
324 575
324 326
324 501
324 919
324 379
324 857
324 376
324 394
324 586
324 425
324 327
324 637
324 365
324 339
324 441
324 706
324 635
324 608
324 740
324 374
324 654
324 965
324 475
324 484
324 645
324 334
324 943
324 505
324 520
324 918
324 863
324 538
324 823
324 802
324 861
324 702
324 905
324 438
324 442
324 548
324 708
324 764
324 898
324 380
324 666
324 604
324 550
324 999
324 420
324 743
324 349
324 562
324 352
324 729
324 544
324 859
324 891
324 853
324 445
324 463
324 497
324 491
324 720
324 851
324 558
324 982
324 946
324 371
324 470
324 634
324 375
324 581
324 383
324 412
324 585
324 988
324 378
324 810
324 901
324 963
324 479
324 780
324 889
324 640
324 489
324 789
324 903
324 427
324 611
324 415
324 516
324 539
324 423
324 915
324 671
324 406
324 940
324 814
324 432
324 506
324 443
324 883
324 950
324 574
324 971
324 447
324 887
324 540
324 916
324 545
324 385
324 957
324 942
324 917
324 481
324 716
324 356
324 697
324 757
324 881
324 565
324 468
324 647
324 527
324 377
324 954
324 399
324 835
324 849
324 519
324 833
324 515
324 738
324 362
324 727
324 848
324 682
324 1000
324 710
324 766
324 390
324 405
324 806
324 358
324 483
324 644
324 636
324 359
324 805
324 792
324 808
324 944
324 513
324 471
324 987
324 677
324 972
324 928
324 925
324 667
324 855
324 875
324 518
324 355
324 756
324 551
324 449
324 747
324 417
324 797
324 976
324 914
324 737
324 659
324 594
324 703
324 554
324 844
324 618
324 329
324 816
324 664
324 474
324 812
324 907
324 908
324 476
324 568
324 460
324 771
324 841
324 896
324 724
324 888
324 830
324 730
324 461
324 410
324 762
324 603
324 368
324 723
324 433
324 498
324 775
324 763
324 599
324 466
324 503
324 651
324 767
324 704
324 529
324 787
324 984
324 372
324 490
324 755
324 779
324 759
324 733
324 577
324 864
324 934
324 541
324 429
324 945
324 739
324 922
324 852
324 656
324 563
324 632
324 860
324 407
324 480
324 758
324 793
324 615
324 392
324 473
324 911
324 446
324 566
324 657
324 517
324 721
324 970
324 665
324 736
324 346
324 684
324 436
324 430
324 866
324 639
324 885
324 587
324 593
324 913
324 815
324 401
324 404
324 570
324 754
324 422
324 619
324 910
324 642
324 387
324 930
324 839
324 403
324 769
324 845
324 507
324 746
324 926
324 873
324 522
324 528
324 834
324 867
324 828
324 931
324 854
324 616
324 713
324 939
324 360
324 493
324 357
324 741
324 680
324 612
324 847
324 856
324 396
324 726
324 960
324 685
324 670
324 768
324 414
324 774
324 781
324 672
324 337
324 557
324 627
324 876
324 509
324 679
324 732
324 630
324 542
324 819
324 435
324 778
324 547
324 882
324 330
324 625
324 572
324 699
324 391
324 400
324 877
324 790
324 983
324 521
324 862
324 353
324 532
324 595
324 975
324 986
324 559
324 434
324 633
324 782
324 354
324 382
324 496
324 798
324 817
324 456
324 596
324 996
324 843
324 617
324 752
324 601
324 537
324 511
324 912
324 837
324 938
324 893
324 328
324 482
324 472
324 331
324 569
324 690
324 370
324 712
324 874
324 561
324 941
324 753
324 827
324 487
324 663
324 674
324 900
324 686
324 840
324 967
324 366
324 936
324 343
324 717
324 345
324 990
324 454
324 813
324 785
324 804
324 714
324 794
324 846
324 621
324 531
324 776
324 450
324 369
324 791
324 336
324 525
324 606
324 890
324 722
324 589
324 718
324 858
324 974
324 683
324 488
324 689
324 553
325 626
326 626
326 678
326 745
326 832
326 786
326 865
326 452
326 997
326 543
326 742
326 426
326 783
326 821
327 626
327 678
327 745
327 832
327 786
327 865
327 452
327 997
327 543
327 426
327 783
328 626
328 678
329 626
329 678
329 745
329 832
329 543
330 626
330 678
330 543
331 626
333 626
333 678
333 786
334 626
334 678
334 745
334 832
334 786
334 865
334 452
334 997
334 543
334 783
334 821
334 947
335 626
335 678
336 678
337 626
337 678
337 832
337 512
338 678
339 626
339 678
339 745
339 832
339 786
339 865
339 452
339 997
339 543
339 742
339 623
339 973
339 964
340 626
340 678
340 745
340 832
340 786
340 865
340 452
340 997
340 543
340 742
340 426
340 783
340 440
340 821
340 649
340 761
340 597
341 745
342 626
342 678
342 745
342 832
342 786
342 865
342 452
342 997
342 543
342 742
342 426
342 783
342 440
342 821
342 623
342 499
342 444
342 921
343 626
343 678
344 626
344 678
344 745
344 832
344 786
344 865
344 452
344 997
344 543
344 742
344 426
344 783
344 440
344 821
344 649
344 947
344 564
344 969
344 761
344 655
344 580
344 978
345 678
346 626
346 678
346 745
347 626
347 678
347 745
347 832
347 786
347 865
347 452
347 997
347 543
347 742
347 426
347 783
347 440
347 821
347 649
347 947
347 564
347 623
347 969
347 923
347 761
347 499
347 795
347 571
347 749
347 809
347 799
347 534
347 964
348 745
349 626
349 678
349 745
349 832
349 786
349 865
349 452
349 997
349 543
350 626
350 678
351 626
351 678
351 745
351 832
351 786
351 865
351 452
351 997
351 543
351 742
351 426
351 783
351 440
351 821
351 700
352 626
352 678
352 745
352 832
352 786
352 865
352 452
352 997
352 543
352 742
352 783
353 626
353 678
354 626
354 678
354 783
355 626
355 678
355 745
355 832
355 786
355 865
356 626
356 678
356 745
356 832
356 786
356 452
356 997
356 426
356 783
357 626
357 678
357 745
358 626
358 678
358 745
358 832
358 786
358 543
359 626
359 678
359 745
359 832
359 786
359 865
360 626
360 678
361 626
361 678
361 745
361 832
361 786
361 865
361 452
361 997
361 543
361 742
361 426
361 783
361 440
361 821
361 649
361 947
361 564
361 623
361 969
361 923
361 761
361 546
361 499
361 795
361 655
361 526
361 458
361 398
361 973
361 510
361 534
361 431
361 465
361 637
362 626
362 678
362 745
362 832
362 786
362 452
362 997
362 543
363 626
363 678
364 626
364 678
364 745
364 832
364 786
364 865
364 452
364 997
364 543
364 742
364 426
364 783
364 440
364 821
364 649
364 564
364 623
364 700
365 626
365 678
365 745
365 832
365 786
365 865
365 452
365 997
365 543
365 742
365 426
365 783
365 623
366 626
367 626
367 678
367 448
368 626
368 678
368 745
368 786
368 426
369 678
370 626
370 678
371 626
371 678
371 745
371 832
371 786
371 452
371 742
372 626
372 678
372 745
372 832
373 626
373 678
373 745
373 832
373 786
373 865
373 452
373 997
373 543
373 742
373 426
373 783
373 440
373 821
373 649
373 947
373 564
373 623
373 546
373 795
373 749
373 526
373 580
374 626
374 678
374 745
374 832
374 786
374 865
374 452
374 997
374 543
374 426
374 947
375 626
375 678
375 745
375 832
375 786
375 865
375 997
375 742
375 821
375 458
376 626
376 678
376 745
376 832
376 786
376 865
376 452
376 997
376 543
376 742
376 783
376 440
377 626
377 678
377 745
377 832
377 786
377 865
377 452
377 543
377 742
377 426
377 440
378 626
378 678
378 745
378 832
378 786
378 865
378 452
378 997
378 742
379 626
379 678
379 745
379 832
379 786
379 865
379 452
379 997
379 543
379 742
379 783
379 440
379 499
380 626
380 678
380 745
380 832
380 786
380 865
380 452
380 997
380 543
380 742
380 426
381 832
382 626
382 678
382 832
383 626
383 678
383 745
383 832
383 786
383 865
383 452
383 997
383 543
384 626
384 678
384 745
384 832
384 786
384 865
384 452
384 997
384 543
384 742
384 426
384 783
384 440
384 821
384 526
385 626
385 678
385 745
385 832
385 786
385 452
385 543
385 821
385 649
386 626
386 678
387 626
387 678
387 452
388 626
388 678
388 745
388 832
388 786
388 865
388 452
388 997
388 543
388 742
388 426
388 783
388 440
388 821
388 947
388 564
388 623
388 969
388 655
388 749
388 526
388 398
388 597
389 626
390 626
390 678
390 745
390 832
390 786
390 452
390 543
391 626
391 678
392 626
392 678
392 745
392 832
392 865
392 426
393 626
393 678
394 626
394 678
394 745
394 832
394 786
394 865
394 452
394 997
394 543
394 742
394 426
394 783
394 440
394 649
394 500
396 626
396 678
396 786
397 626
397 865
398 626
398 678
398 745
398 832
398 786
398 865
398 452
398 997
398 543
398 742
398 426
398 783
398 440
398 821
398 649
398 947
398 564
398 623
398 969
398 923
398 761
398 546
398 499
398 795
398 655
398 571
398 749
398 526
398 458
398 444
398 799
398 613
398 500
398 850
398 869
398 641
398 648
399 626
399 678
399 745
399 832
399 786
400 626
400 678
401 626
401 678
401 745
402 626
403 626
403 678
403 543
403 821
404 626
404 678
404 745
405 626
405 678
405 745
405 832
405 786
405 997
406 626
406 678
406 745
406 832
406 786
406 865
406 543
406 761
407 626
407 678
407 745
407 786
407 440
408 626
408 678
410 626
410 678
410 745
410 832
410 786
410 543
410 426
411 745
412 626
412 678
412 745
412 832
412 786
412 865
412 452
412 997
412 543
412 426
412 440
413 626
413 832
414 626
414 678
415 626
415 678
415 745
415 832
415 786
415 452
415 997
415 783
417 626
417 678
417 745
417 832
417 786
418 626
418 678
419 678
420 626
420 678
420 745
420 832
420 786
420 865
420 452
420 997
420 543
421 626
421 678
421 745
421 832
421 786
421 865
421 452
421 997
421 543
421 742
421 426
421 783
421 440
421 821
421 649
421 947
421 564
421 623
421 969
421 761
421 546
421 499
421 700
421 869
422 626
422 678
422 745
422 786
422 865
423 626
423 678
423 745
423 832
423 786
424 626
424 678
425 626
425 678
425 745
425 832
425 786
425 865
425 452
425 997
425 543
425 742
425 783
425 440
425 648
426 626
426 678
426 745
426 832
426 786
426 865
426 452
426 997
426 543
426 742
426 783
426 440
426 821
426 649
426 947
426 564
426 623
426 969
426 923
426 761
426 546
426 499
426 795
426 655
426 571
426 749
426 526
426 458
426 580
426 809
426 700
426 973
426 444
426 799
426 613
426 500
426 850
426 556
426 869
426 510
426 597
426 534
426 552
426 641
426 826
426 648
426 512
426 777
426 820
426 439
426 964
426 662
426 673
426 921
426 431
426 948
426 784
426 825
426 744
426 448
426 533
426 691
426 646
426 504
426 692
426 968
426 465
426 707
426 578
426 959
426 658
426 602
426 457
426 609
426 719
426 935
426 750
426 773
426 549
426 696
426 508
426 878
426 610
426 492
426 478
426 894
426 978
426 576
426 575
426 501
426 919
426 857
426 586
426 706
426 608
426 484
426 645
426 505
426 520
426 863
426 802
426 548
426 708
426 898
426 562
426 891
426 491
426 558
426 470
426 810
426 901
426 479
426 539
426 940
426 916
426 667
426 914
426 542
427 626
427 678
427 745
427 832
427 786
427 997
427 543
427 821
428 626
428 678
428 745
429 626
429 678
429 745
429 786
430 626
430 678
430 745
430 832
430 786
431 626
431 678
431 745
431 832
431 786
431 865
431 452
431 997
431 543
431 742
431 783
431 440
431 821
431 649
431 623
431 826
432 626
432 678
432 745
432 832
432 786
432 865
432 452
432 997
432 543
432 649
433 626
433 678
433 745
433 786
434 626
434 678
434 745
434 850
435 626
435 678
435 745
436 626
436 678
436 745
436 452
438 626
438 678
438 745
438 832
438 786
438 865
438 452
438 997
438 543
439 626
439 678
439 745
439 832
439 786
439 865
439 452
439 997
439 543
439 742
439 783
439 440
439 821
439 649
439 623
439 500
439 850
439 869
440 626
440 678
440 745
440 832
440 786
440 865
440 452
440 997
440 543
440 742
440 783
440 821
440 649
440 947
440 564
440 623
440 969
440 923
440 761
440 546
440 499
440 795
440 655
440 571
440 749
440 526
440 458
440 580
440 809
440 700
440 973
440 444
440 799
440 613
440 500
440 850
440 556
440 869
440 510
440 597
440 534
440 552
440 641
440 826
440 648
440 512
440 777
440 820
440 964
440 662
440 673
440 921
440 948
440 784
440 825
440 744
440 448
440 533
440 691
440 646
440 504
440 692
440 968
440 465
440 707
440 578
440 959
440 658
440 602
440 457
440 609
440 719
440 935
440 750
440 773
440 549
440 508
440 878
440 610
440 894
440 978
440 575
440 501
440 857
440 586
440 637
440 441
440 740
440 965
440 943
440 520
440 538
440 861
440 999
440 729
440 891
440 470
440 889
440 489
440 443
440 545
440 917
440 816
440 926
441 626
441 678
441 745
441 832
441 786
441 865
441 452
441 997
441 543
441 742
441 783
441 850
442 626
442 678
442 745
442 832
442 786
442 865
442 452
442 997
442 543
442 742
442 783
442 821
443 626
443 678
443 745
443 832
443 786
443 865
443 997
443 543
444 626
444 678
444 745
444 832
444 786
444 865
444 452
444 997
444 543
444 742
444 783
444 821
444 649
444 947
444 564
444 623
444 969
444 923
444 761
444 546
444 499
444 795
444 655
444 749
444 526
444 580
444 809
444 613
444 510
444 534
445 626
445 678
445 745
445 832
445 786
445 865
445 452
445 997
445 543
446 626
446 678
446 745
446 832
447 626
447 678
447 745
447 832
447 786
447 997
447 783
448 626
448 678
448 745
448 832
448 786
448 865
448 452
448 997
448 543
448 742
448 783
448 821
448 649
448 947
448 749
448 700
449 626
449 678
449 745
449 832
449 786
450 626
451 626
451 678
451 745
452 626
452 678
452 745
452 832
452 786
452 865
452 997
452 543
452 742
452 783
452 821
452 649
452 947
452 564
452 623
452 969
452 923
452 761
452 546
452 499
452 795
452 655
452 571
452 749
452 526
452 458
452 580
452 809
452 700
452 973
452 799
452 613
452 500
452 850
452 556
452 869
452 510
452 597
452 534
452 552
452 641
452 826
452 648
452 512
452 777
452 820
452 964
452 662
452 673
452 921
452 948
452 784
452 825
452 744
452 533
452 691
452 646
452 504
452 692
452 968
452 465
452 707
452 578
452 959
452 658
452 602
452 457
452 609
452 719
452 935
452 750
452 773
452 549
452 696
452 508
452 878
452 610
452 492
452 478
452 894
452 978
452 576
452 575
452 501
452 919
452 857
452 586
452 637
452 706
452 635
452 608
452 740
452 654
452 965
452 475
452 484
452 645
452 943
452 505
452 520
452 918
452 863
452 538
452 823
452 802
452 861
452 702
452 905
452 548
452 708
452 764
452 898
452 666
452 604
452 550
452 999
452 743
452 562
452 729
452 544
452 859
452 891
452 853
452 491
452 720
452 851
452 982
452 946
452 581
452 585
452 988
452 963
452 780
452 789
452 611
452 539
452 506
452 574
452 540
452 916
452 917
452 954
452 835
452 849
452 1000
452 483
452 805
452 677
452 976
452 737
452 474
452 908
452 603
452 651
452 779
452 852
452 632
452 793
452 665
452 913
452 815
452 839
452 507
452 528
452 741
452 768
452 774
452 711
452 676
452 776
454 626
454 678
456 626
456 678
456 745
456 543
457 626
457 678
457 745
457 832
457 786
457 865
457 997
457 543
457 742
457 783
457 821
457 564
457 923
457 795
457 784
458 626
458 678
458 745
458 832
458 786
458 865
458 997
458 543
458 742
458 783
458 821
458 649
458 947
458 564
458 623
458 969
458 923
458 761
458 546
458 499
458 795
458 655
458 571
458 749
458 526
458 580
458 809
458 973
458 799
458 556
458 510
458 597
458 534
458 552
458 641
458 820
458 662
458 646
459 678
459 745
459 997
460 626
460 678
460 745
460 832
461 626
461 678
461 745
461 832
461 786
462 832
463 626
463 678
463 745
463 832
463 786
463 865
463 997
463 543
463 649
464 678
465 626
465 678
465 745
465 832
465 786
465 865
465 997
465 543
465 742
465 783
465 821
465 947
465 623
465 655
465 613
465 556
465 878
466 626
466 678
466 745
466 832
467 626
467 678
467 745
467 865
468 626
468 678
468 745
468 832
468 786
468 543
470 626
470 678
470 745
470 832
470 786
470 865
470 997
470 543
470 821
470 649
471 626
471 678
471 745
471 832
471 786
472 626
472 678
473 626
473 678
473 745
473 832
474 626
474 678
474 745
474 832
474 786
475 626
475 678
475 745
475 832
475 786
475 865
475 997
475 543
475 783
476 626
476 678
476 745
476 832
477 678
478 626
478 678
478 745
478 832
478 786
478 865
478 997
478 543
478 742
478 783
478 821
478 649
478 947
478 623
478 761
479 626
479 678
479 745
479 832
479 786
479 865
479 997
479 543
479 783
480 626
480 678
480 745
481 626
481 678
481 745
481 832
481 786
481 865
481 543
482 626
482 678
482 745
482 997
483 626
483 678
483 745
483 832
483 786
483 997
484 626
484 678
484 745
484 832
484 786
484 865
484 997
484 543
484 742
484 969
484 546
485 626
485 678
489 626
489 678
489 745
489 832
489 786
489 742
489 783
490 626
490 678
490 745
490 832
491 626
491 678
491 745
491 832
491 786
491 865
491 997
491 543
491 783
491 969
492 626
492 678
492 745
492 832
492 786
492 865
492 997
492 543
492 742
492 783
492 923
493 626
493 678
494 745
494 832
495 626
495 745
496 626
496 678
497 626
497 678
497 745
497 832
497 786
497 865
497 543
498 626
498 678
498 745
498 832
499 626
499 678
499 745
499 832
499 786
499 865
499 997
499 543
499 742
499 783
499 821
499 649
499 947
499 564
499 623
499 969
499 923
499 761
499 546
499 795
499 655
499 571
499 749
499 526
499 580
499 809
499 700
499 973
499 799
499 613
499 500
499 850
499 556
499 869
499 510
499 597
499 534
499 641
499 826
499 820
499 744
499 533
499 894
499 857
499 965
500 626
500 678
500 745
500 832
500 786
500 865
500 997
500 543
500 742
500 783
500 821
500 649
500 947
500 564
500 623
500 969
500 923
500 761
500 546
500 795
500 655
500 571
500 526
500 973
500 850
501 626
501 678
501 745
501 832
501 786
501 865
501 997
501 543
501 742
501 783
501 623
501 749
502 626
502 678
503 626
503 678
503 745
503 832
504 626
504 678
504 745
504 832
504 786
504 865
504 997
504 543
504 742
504 783
504 821
504 649
504 623
504 969
504 923
505 626
505 678
505 745
505 832
505 786
505 865
505 997
505 543
505 783
506 626
506 678
506 745
506 832
506 786
506 997
506 783
507 626
507 678
507 745
508 626
508 678
508 745
508 832
508 786
508 865
508 997
508 543
508 742
508 783
508 821
508 571
509 626
509 678
510 626
510 678
510 745
510 832
510 786
510 865
510 997
510 543
510 742
510 783
510 821
510 649
510 947
510 564
510 623
510 969
510 923
510 761
510 546
510 571
510 749
510 526
510 580
510 700
510 921
510 549
511 626
511 678
511 745
512 626
512 678
512 745
512 832
512 786
512 865
512 997
512 543
512 742
512 783
512 821
512 649
512 947
512 564
512 623
512 969
512 923
512 546
512 795
512 749
513 626
513 678
513 745
513 832
513 786
513 783
514 626
514 678
515 626
515 678
515 745
515 832
515 786
515 543
515 783
516 626
516 678
516 745
516 832
516 786
517 626
517 678
517 832
517 865
518 626
518 678
518 745
518 832
518 786
518 543
519 626
519 678
519 745
519 832
519 786
519 543
520 626
520 678
520 745
520 832
520 786
520 865
520 997
520 543
520 783
521 626
521 678
521 543
522 626
522 678
522 543
523 626
523 678
523 832
523 783
524 626
524 678
525 626
525 678
526 626
526 678
526 745
526 832
526 786
526 865
526 997
526 543
526 742
526 783
526 821
526 649
526 947
526 564
526 623
526 969
526 923
526 761
526 546
526 795
526 655
526 571
526 749
526 580
526 809
526 700
526 973
526 613
526 850
526 556
526 964
526 919
527 626
527 678
527 745
527 832
527 786
527 742
528 626
528 678
529 626
529 678
529 745
531 626
531 786
532 626
532 678
532 745
532 832
533 626
533 678
533 745
533 832
533 786
533 865
533 997
533 543
533 742
533 783
533 821
533 649
533 623
533 749
534 626
534 678
534 745
534 832
534 786
534 865
534 997
534 543
534 742
534 783
534 821
534 649
534 947
534 564
534 623
534 923
534 761
534 546
534 655
534 571
534 580
534 700
534 673
534 773
535 626
535 745
536 626
537 626
537 678
538 626
538 678
538 745
538 832
538 786
538 865
538 997
538 543
538 783
539 626
539 678
539 745
539 832
539 786
539 997
540 626
540 678
540 745
540 832
540 786
540 865
540 543
541 626
541 678
541 745
541 786
542 626
542 678
542 832
543 626
543 678
543 745
543 832
543 786
543 865
543 997
543 742
543 783
543 821
543 649
543 947
543 564
543 623
543 969
543 923
543 761
543 546
543 795
543 655
543 571
543 749
543 580
543 809
543 700
543 973
543 799
543 613
543 850
543 556
543 869
543 597
543 552
543 641
543 826
543 648
543 777
543 820
543 964
543 662
543 673
543 921
543 948
543 784
543 825
543 744
543 691
543 646
543 692
543 968
543 707
543 578
543 959
543 658
543 602
543 609
543 719
543 935
543 750
543 773
543 549
543 696
543 878
543 610
543 894
543 978
543 576
543 575
543 919
543 857
543 586
543 637
543 706
543 635
543 608
543 740
543 654
543 965
543 645
543 943
543 918
543 863
543 823
543 802
543 861
543 702
543 905
543 548
543 708
543 764
543 898
543 666
543 604
543 550
543 999
543 743
543 562
543 729
543 544
543 859
543 891
543 720
543 946
543 634
543 581
543 585
543 810
543 971
543 848
543 976
543 737
543 554
543 984
543 864
543 945
543 657
543 867
543 679
543 629
544 626
544 678
544 745
544 832
544 786
544 865
544 997
544 742
544 783
545 626
545 678
545 745
545 832
545 786
545 742
546 626
546 678
546 745
546 832
546 786
546 865
546 997
546 742
546 783
546 821
546 649
546 947
546 564
546 623
546 969
546 923
546 761
546 795
546 655
546 571
546 749
546 580
546 809
546 700
546 973
546 799
546 613
546 850
546 556
546 869
546 597
546 641
546 826
546 648
546 820
546 964
546 784
546 825
546 691
546 968
546 935
547 626
547 678
548 626
548 678
548 745
548 832
548 786
548 865
548 997
548 742
549 626
549 678
549 745
549 832
549 786
549 865
549 997
549 742
549 783
549 821
549 761
549 973
550 626
550 678
550 745
550 832
550 786
550 865
550 997
550 649
550 795
551 626
551 678
551 745
551 832
551 786
551 821
552 626
552 678
552 745
552 832
552 786
552 865
552 997
552 742
552 783
552 821
552 649
552 947
552 564
552 623
552 923
552 571
552 749
553 678
554 626
554 678
554 745
554 832
554 865
556 626
556 678
556 745
556 832
556 786
556 865
556 997
556 742
556 783
556 821
556 649
556 947
556 564
556 623
556 969
556 923
556 761
556 795
556 655
556 571
556 749
556 700
556 973
556 850
556 597
556 691
556 578
557 626
557 678
558 626
558 678
558 745
558 832
558 786
558 865
558 997
558 742
559 626
559 678
561 626
562 626
562 678
562 745
562 832
562 786
562 865
562 783
563 626
563 678
563 745
563 786
564 626
564 678
564 745
564 832
564 786
564 865
564 997
564 742
564 783
564 821
564 649
564 947
564 623
564 969
564 923
564 761
564 795
564 655
564 571
564 749
564 580
564 809
564 700
564 973
564 799
564 613
564 850
564 869
564 597
564 641
564 826
564 648
564 777
564 820
564 964
564 662
564 921
564 948
564 744
564 968
564 609
564 743
564 763
565 626
565 678
565 745
565 832
565 786
565 865
566 626
566 678
566 786
566 865
568 626
568 678
568 745
569 626
569 678
569 997
570 626
570 678
570 745
570 832
571 626
571 678
571 745
571 832
571 786
571 865
571 997
571 742
571 783
571 821
571 649
571 947
571 623
571 969
571 923
571 761
571 795
571 655
571 749
571 580
571 700
571 973
571 799
571 613
571 850
571 869
571 641
571 646
571 719
572 626
572 678
573 626
574 626
574 678
574 745
574 832
574 786
574 865
574 997
575 626
575 678
575 745
575 832
575 786
575 865
575 997
575 742
575 783
575 821
575 923
576 626
576 678
576 745
576 832
576 786
576 865
576 997
576 742
576 783
576 821
577 626
577 678
577 745
577 786
578 626
578 678
578 745
578 832
578 786
578 865
578 997
578 742
578 783
578 821
578 649
579 626
579 678
579 745
580 626
580 678
580 745
580 832
580 786
580 865
580 997
580 742
580 783
580 821
580 649
580 947
580 623
580 969
580 923
580 761
580 795
580 655
580 749
580 809
580 700
580 973
580 799
580 869
580 826
580 825
580 691
580 773
581 626
581 678
581 745
581 832
581 786
583 626
583 865
584 626
584 832
585 626
585 678
585 745
585 832
585 786
585 865
585 821
586 626
586 678
586 745
586 832
586 786
586 865
586 997
586 742
586 623
586 923
587 626
587 678
587 832
587 786
588 626
589 678
591 626
592 626
593 626
593 678
594 626
594 678
594 745
594 832
594 786
595 626
595 678
595 745
596 626
596 678
597 626
597 678
597 745
597 832
597 786
597 865
597 997
597 742
597 783
597 821
597 649
597 947
597 623
597 969
597 795
597 749
597 809
597 973
597 935
598 626
598 678
598 745
599 626
599 678
599 745
599 832
599 786
600 626
600 678
601 626
601 678
602 626
602 678
602 745
602 832
602 786
602 865
602 997
602 742
602 783
602 821
602 947
602 623
602 761
603 626
603 678
603 745
603 832
604 626
604 678
604 745
604 832
604 786
604 865
604 997
604 783
606 626
606 678
607 626
608 626
608 678
608 745
608 832
608 786
608 865
608 997
608 742
608 783
609 626
609 678
609 745
609 832
609 786
609 865
609 997
609 742
609 783
609 821
609 947
610 626
610 678
610 745
610 832
610 786
610 865
610 997
610 742
610 783
610 821
610 649
610 623
611 626
611 678
611 745
611 832
611 786
611 865
612 626
612 678
612 786
613 626
613 678
613 745
613 832
613 786
613 865
613 997
613 742
613 783
613 821
613 649
613 947
613 623
613 969
613 923
613 761
613 795
613 655
613 749
613 809
613 973
613 799
613 777
614 626
615 626
615 678
615 745
615 832
616 626
616 678
617 626
617 678
617 745
618 626
618 678
618 745
618 832
618 786
619 626
619 678
619 745
619 997
620 626
621 626
622 678
623 626
623 678
623 745
623 832
623 786
623 865
623 997
623 742
623 783
623 821
623 649
623 947
623 969
623 923
623 761
623 795
623 655
623 749
623 809
623 700
623 973
623 799
623 850
623 869
623 641
623 826
623 648
623 662
623 921
623 948
623 784
623 744
623 691
623 646
623 968
623 857
623 965
625 626
625 678
625 832
626 678
626 745
626 832
626 786
626 865
626 997
626 742
626 783
626 821
626 649
626 947
626 969
626 923
626 761
626 795
626 655
626 749
626 809
626 700
626 973
626 799
626 850
626 869
626 641
626 826
626 648
626 777
626 820
626 964
626 662
626 673
626 921
626 948
626 784
626 825
626 744
626 691
626 646
626 692
626 968
626 707
626 959
626 658
626 719
626 935
626 750
626 773
626 696
626 878
626 894
626 978
626 919
626 857
626 637
626 706
626 635
626 740
626 654
626 965
626 645
626 943
626 918
626 863
626 823
626 802
626 861
626 702
626 905
626 708
626 764
626 898
626 666
626 999
626 743
626 729
626 859
626 891
626 853
626 720
626 851
626 982
626 946
626 634
626 988
626 810
626 901
626 963
626 780
626 889
626 640
626 789
626 903
626 915
626 671
626 940
626 814
626 883
626 950
626 971
626 887
626 916
626 957
626 942
626 917
626 716
626 697
626 757
626 881
626 647
626 954
626 835
626 849
626 833
626 738
626 727
626 848
626 682
626 1000
626 710
626 766
626 806
626 644
626 636
626 805
626 792
626 808
626 944
626 987
626 677
626 972
626 928
626 925
626 667
626 855
626 875
626 756
626 747
626 797
626 976
626 914
626 737
626 659
626 703
626 844
626 816
626 664
626 812
626 907
626 908
626 771
626 841
626 896
626 724
626 888
626 830
626 730
626 762
626 723
626 775
626 763
626 651
626 767
626 704
626 787
626 984
626 755
626 779
626 759
626 733
626 864
626 934
626 945
626 739
626 922
626 852
626 656
626 632
626 860
626 758
626 793
626 911
626 657
626 721
626 970
626 665
626 736
626 684
626 866
626 639
626 885
626 913
626 815
626 754
626 910
626 642
626 930
626 839
626 769
626 845
626 746
626 926
626 873
626 834
626 867
626 828
626 931
626 854
626 713
626 939
626 741
626 680
626 847
626 856
626 726
626 960
626 685
626 670
626 768
626 774
626 781
626 672
626 627
626 876
626 679
626 732
626 630
626 819
626 778
626 882
626 699
626 877
626 790
626 983
626 955
626 862
626 975
626 986
626 633
626 782
626 798
626 817
626 770
626 966
626 831
626 796
626 996
626 629
626 843
626 752
626 643
626 929
626 912
626 837
626 631
626 938
626 992
626 893
626 884
626 694
626 800
626 690
626 712
626 874
626 725
626 879
626 941
626 711
626 753
626 920
626 902
626 827
626 660
626 803
626 886
626 924
626 663
626 900
626 686
626 765
626 991
626 871
626 840
626 967
626 956
626 717
626 990
626 899
626 650
626 661
626 813
626 962
626 836
626 731
626 811
626 994
626 977
626 998
626 785
626 676
626 985
626 804
626 868
626 687
626 715
626 714
626 794
626 949
626 728
626 801
626 895
626 776
626 748
626 669
626 927
626 791
626 705
626 722
626 892
626 735
626 718
626 858
626 974
626 701
626 818
626 683
626 688
626 906
626 772
626 980
626 689
626 897
626 870
627 678
627 786
629 678
630 678
631 678
632 678
632 745
632 786
633 678
633 745
634 678
634 745
634 832
634 786
634 865
634 997
634 783
635 678
635 745
635 832
635 786
635 865
635 997
635 742
636 678
636 745
636 832
636 786
637 678
637 745
637 832
637 786
637 865
637 997
637 742
637 783
639 678
639 745
639 786
639 783
640 678
640 745
640 832
640 786
640 865
640 997
641 678
641 745
641 832
641 786
641 865
641 997
641 742
641 783
641 821
641 649
641 947
641 969
641 923
641 761
641 795
642 678
642 745
642 832
643 678
643 745
644 678
644 745
644 832
644 786
645 678
645 745
645 832
645 786
645 865
645 997
646 678
646 745
646 832
646 786
646 865
646 997
646 742
646 783
646 821
646 649
646 969
646 749
646 973
646 648
647 678
647 745
647 832
647 786
647 997
648 678
648 745
648 832
648 786
648 865
648 997
648 742
648 783
648 821
648 649
648 947
648 969
648 761
648 749
648 799
649 678
649 745
649 832
649 786
649 865
649 997
649 742
649 783
649 821
649 947
649 969
649 923
649 761
649 795
649 655
649 749
649 809
649 700
649 973
649 799
649 850
649 869
649 826
649 777
649 820
649 964
649 662
649 673
649 921
649 948
649 784
649 825
649 691
649 692
649 959
649 719
649 919
649 943
650 678
650 786
651 678
651 745
652 678
653 786
654 678
654 745
654 832
654 786
654 865
654 997
654 742
655 678
655 745
655 832
655 786
655 865
655 997
655 742
655 783
655 821
655 947
655 969
655 923
655 761
655 795
655 749
655 809
655 700
655 973
655 799
655 850
655 869
655 826
655 935
655 696
655 851
655 881
656 678
656 832
656 786
657 678
657 745
657 786
658 678
658 745
658 832
658 786
658 865
658 997
658 742
658 783
658 821
658 947
658 749
659 678
659 745
659 832
659 786
660 745
661 678
661 786
662 678
662 745
662 832
662 786
662 865
662 997
662 742
662 783
662 821
663 745
663 786
664 678
664 745
664 832
664 742
665 678
665 745
665 786
666 678
666 745
666 832
666 786
666 865
666 997
666 742
666 783
666 947
667 678
667 745
667 832
667 786
668 678
670 678
670 745
671 678
671 745
671 832
671 786
671 742
672 678
673 678
673 745
673 832
673 786
673 865
673 997
673 742
673 783
673 821
673 969
673 923
674 678
675 832
677 678
677 745
677 832
677 786
678 745
678 832
678 786
678 865
678 997
678 742
678 783
678 821
678 947
678 969
678 923
678 761
678 795
678 749
678 809
678 700
678 973
678 799
678 850
678 869
678 826
678 777
678 820
678 964
678 921
678 948
678 784
678 825
678 744
678 691
678 692
678 968
678 707
678 959
678 719
678 935
678 750
678 773
678 696
678 878
678 894
678 978
678 919
678 857
678 706
678 740
678 965
678 943
678 918
678 863
678 823
678 802
678 861
678 702
678 905
678 708
678 764
678 898
678 999
678 743
678 729
678 859
678 891
678 853
678 720
678 851
678 982
678 946
678 988
678 810
678 901
678 963
678 780
678 889
678 789
678 903
678 915
678 940
678 814
678 883
678 950
678 971
678 887
678 916
678 957
678 942
678 917
678 716
678 697
678 757
678 881
678 954
678 835
678 849
678 833
678 738
678 727
678 848
678 682
678 1000
678 710
678 766
678 806
678 805
678 792
678 808
678 944
678 987
678 972
678 928
678 925
678 855
678 875
678 756
678 747
678 797
678 976
678 914
678 737
678 703
678 844
678 816
678 812
678 907
678 908
678 771
678 841
678 896
678 724
678 888
678 830
678 730
678 762
678 723
678 775
678 763
678 767
678 704
678 787
678 984
678 755
678 779
678 759
678 733
678 864
678 934
678 945
678 739
678 922
678 852
678 860
678 758
678 793
678 911
678 721
678 970
678 736
678 684
678 866
678 885
678 913
678 815
678 754
678 910
678 930
678 839
678 769
678 845
678 746
678 926
678 873
678 834
678 867
678 828
678 931
678 854
678 713
678 939
678 741
678 680
678 847
678 856
678 726
678 960
678 685
678 768
678 774
678 781
678 876
678 679
678 732
678 819
678 778
678 882
678 699
678 877
678 790
678 983
678 955
678 862
678 975
678 986
678 782
678 817
678 770
678 966
678 831
678 796
678 996
678 843
678 752
678 929
678 912
678 837
678 938
678 893
678 884
678 694
678 800
678 874
678 725
678 711
678 803
678 886
678 924
678 900
678 686
678 765
678 967
678 936
678 956
678 717
678 962
678 731
678 977
678 998
678 715
678 794
678 949
678 728
678 801
678 952
678 693
678 927
678 890
678 705
678 722
678 718
678 683
678 688
678 689
682 745
682 832
682 786
684 832
684 786
686 865
690 745
691 745
691 832
691 786
691 865
691 997
691 742
691 783
691 821
691 947
692 745
692 832
692 786
692 865
692 997
692 742
692 783
692 821
692 947
693 745
696 745
696 832
696 786
696 865
696 997
696 742
696 783
696 821
697 745
697 832
697 786
697 865
697 997
700 745
700 832
700 786
700 865
700 997
700 742
700 783
700 821
700 947
700 969
700 923
700 761
700 795
700 749
700 809
700 799
700 869
702 745
702 832
702 786
702 865
702 997
702 783
702 969
703 745
703 832
704 745
704 832
704 786
706 745
706 832
706 786
706 865
706 997
706 742
707 745
707 832
707 786
707 865
707 997
707 742
707 783
707 821
707 947
707 969
707 869
708 745
708 832
708 786
708 865
708 997
708 742
710 745
710 832
710 786
710 821
713 745
713 832
713 997
716 745
716 832
716 786
719 745
719 832
719 786
719 865
719 997
719 742
719 783
719 821
719 973
720 745
720 832
720 786
720 865
720 997
720 923
720 869
721 832
723 745
723 832
724 745
724 832
724 865
726 745
727 745
727 832
727 786
729 745
729 832
729 786
729 865
729 997
729 742
729 783
730 745
730 832
730 786
730 865
730 821
733 745
736 745
737 745
737 832
738 745
738 832
738 786
740 745
740 832
740 786
740 865
740 997
740 742
740 749
742 745
742 832
742 786
742 865
742 997
742 783
742 821
742 947
742 969
742 923
742 761
742 795
742 749
742 809
742 973
742 799
742 850
742 869
742 826
742 777
742 820
742 964
742 921
742 948
742 784
742 825
742 744
742 968
742 959
742 935
742 750
742 773
742 878
742 894
742 978
742 919
742 857
742 918
742 802
742 810
742 889
742 942
742 944
742 987
742 774
742 886
743 745
743 832
743 786
743 865
743 997
743 783
744 745
744 832
744 786
744 865
744 997
744 783
744 821
744 795
744 921
745 832
745 786
745 865
745 997
745 783
745 821
745 947
745 969
745 923
745 761
745 795
745 749
745 809
745 973
745 799
745 850
745 869
745 826
745 777
745 820
745 964
745 921
745 948
745 784
745 825
745 968
745 959
745 935
745 750
745 773
745 878
745 894
745 978
745 919
745 857
745 965
745 943
745 918
745 863
745 823
745 802
745 861
745 905
745 764
745 898
745 999
745 859
745 891
745 853
745 851
745 982
745 946
745 988
745 810
745 901
745 963
745 780
745 889
745 789
745 903
745 915
745 940
745 814
745 883
745 950
745 971
745 887
745 916
745 957
745 942
745 917
745 757
745 881
745 954
745 835
745 849
745 833
745 848
745 1000
745 766
745 806
745 805
745 792
745 808
745 944
745 987
745 972
745 928
745 925
745 855
745 875
745 756
745 747
745 797
745 976
745 914
745 844
745 816
745 812
745 907
745 908
745 771
745 841
745 896
745 888
745 830
745 762
745 775
745 763
745 767
745 787
745 984
745 779
745 759
745 864
745 945
745 922
745 852
745 860
745 758
745 793
745 911
745 970
745 866
745 885
745 910
745 769
745 746
745 834
745 867
745 931
745 939
745 960
745 876
745 819
745 778
745 882
745 877
745 798
745 966
745 752
745 912
745 992
745 941
745 753
745 827
745 871
745 967
745 813
745 951
746 786
747 832
747 786
747 865
749 832
749 786
749 865
749 997
749 783
749 821
749 947
749 969
749 923
749 761
749 795
749 809
749 973
749 799
749 850
749 826
749 889
750 832
750 786
750 865
750 997
750 783
750 821
755 832
756 832
756 865
757 832
757 786
758 786
761 832
761 786
761 865
761 997
761 783
761 821
761 947
761 969
761 923
761 795
761 809
761 973
761 799
761 850
761 869
761 820
761 921
761 825
761 965
761 943
761 849
764 832
764 786
764 865
764 997
764 795
766 832
766 786
766 997
767 832
768 820
771 786
773 832
773 786
773 865
773 997
773 783
773 821
774 832
775 832
777 832
777 786
777 865
777 997
777 783
777 821
777 947
777 969
777 923
779 832
780 832
780 786
780 865
782 832
783 832
783 786
783 865
783 997
783 821
783 947
783 969
783 923
783 795
783 809
783 973
783 799
783 850
783 869
783 826
783 820
783 964
783 921
783 948
783 784
783 825
783 968
783 959
783 935
783 878
783 894
783 978
783 919
783 857
783 943
783 918
783 823
783 802
783 999
783 950
783 916
783 806
783 896
783 834
784 832
784 786
784 865
784 997
784 821
784 969
786 832
786 865
786 997
786 821
786 947
786 969
786 923
786 795
786 809
786 973
786 799
786 850
786 869
786 826
786 820
786 964
786 921
786 948
786 825
786 968
786 959
786 935
786 878
786 894
786 978
786 919
786 857
786 965
786 943
786 918
786 863
786 823
786 802
786 861
786 905
786 898
786 999
786 859
786 891
786 853
786 851
786 982
786 946
786 988
786 810
786 901
786 963
786 889
786 789
786 903
786 915
786 940
786 814
786 883
786 950
786 971
786 887
786 916
786 957
786 942
786 917
786 881
786 954
786 835
786 849
786 833
786 848
786 1000
786 806
786 805
786 792
786 808
786 944
786 972
786 925
786 875
786 797
786 976
786 914
786 812
786 907
786 908
786 841
786 896
786 888
786 984
786 864
786 922
786 860
786 793
786 911
786 845
786 873
786 834
786 867
786 828
786 939
786 819
786 986
786 992
786 884
786 840
786 995
787 832
787 865
789 832
789 865
789 997
792 832
792 865
795 832
795 865
795 997
795 821
795 947
795 969
795 923
795 809
795 973
795 799
795 850
795 869
795 921
795 859
797 832
799 832
799 865
799 997
799 821
799 947
799 969
799 923
799 809
802 832
802 865
802 997
805 832
806 832
806 865
807 832
808 832
808 865
808 997
809 832
809 865
809 997
809 821
809 947
809 969
809 923
809 973
809 850
810 832
810 865
810 997
810 821
812 832
814 832
815 832
816 832
820 832
820 865
820 997
820 821
820 947
820 923
820 964
821 832
821 865
821 997
821 947
821 969
821 923
821 973
821 850
821 869
821 826
821 964
821 921
821 948
821 825
821 968
821 959
821 935
821 878
821 919
821 943
821 971
821 873
823 832
823 865
823 997
825 832
825 865
825 997
825 947
825 923
826 832
826 865
826 997
826 947
826 969
826 923
826 850
827 832
830 832
830 865
832 865
832 997
832 947
832 969
832 923
832 973
832 850
832 869
832 964
832 921
832 948
832 968
832 959
832 935
832 878
832 894
832 978
832 919
832 857
832 965
832 943
832 918
832 863
832 861
832 905
832 898
832 999
832 859
832 891
832 853
832 851
832 982
832 946
832 988
832 901
832 963
832 889
832 903
832 915
832 940
832 883
832 950
832 971
832 887
832 916
832 957
832 942
832 917
832 881
832 954
832 835
832 849
832 833
832 848
832 1000
832 944
832 987
832 972
832 928
832 925
832 855
832 875
832 976
832 914
832 844
832 907
832 908
832 841
832 888
832 934
832 852
832 911
832 970
832 866
832 885
832 845
832 926
832 873
832 834
832 876
832 862
832 996
832 874
832 941
832 886
832 836
832 961
832 892
832 838
834 997
839 865
848 865
849 865
850 865
850 997
850 947
850 969
850 923
850 973
850 869
851 865
851 997
853 865
853 997
857 865
857 997
859 865
859 997
861 865
861 997
863 865
863 997
863 923
865 997
865 947
865 969
865 923
865 973
865 869
865 964
865 921
865 948
865 968
865 959
865 935
865 878
865 894
865 978
865 919
865 965
865 943
865 918
865 905
865 898
865 999
865 891
865 982
865 946
865 963
865 903
865 940
865 942
865 928
867 997
869 997
869 947
869 969
869 923
875 997
878 997
878 947
881 997
885 997
888 997
891 997
894 997
898 997
901 997
903 997
905 997
908 997
913 997
918 997
919 997
921 997
921 947
921 969
923 997
923 947
923 969
923 973
935 997
943 997
946 997
947 997
947 969
947 973
948 997
950 997
954 969
959 997
959 969
963 997
964 997
964 969
965 997
965 969
968 997
969 997
969 973
972 997
973 997
978 997
997 999
