500 1000
1 2
1 3
2 3
2 4
2 340
2 440
2 467
3 4
3 5
4 5
4 6
5 7
5 331
5 104
6 8
6 253
6 407
7 461
7 423
8 9
8 10
9 10
9 226
9 370
10 11
10 103
11 12
11 13
12 13
12 457
13 14
13 15
14 15
14 16
15 17
15 172
15 419
16 17
16 18
16 20
17 19
17 395
17 25
18 19
18 20
19 20
19 220
19 123
20 97
21 22
21 321
22 24
22 221
23 24
23 25
24 25
24 26
24 125
25 174
26 27
26 28
26 272
27 28
27 29
27 443
28 29
28 30
29 30
29 31
29 194
30 31
30 32
31 420
31 165
31 451
32 34
32 483
32 212
32 213
32 216
32 335
33 34
33 441
33 365
34 36
34 180
35 36
35 37
35 261
35 324
36 37
36 316
37 39
37 174
38 39
38 371
39 40
39 41
39 47
39 485
40 42
40 77
40 449
41 42
41 43
42 43
42 94
42 291
42 115
42 180
43 45
43 148
44 46
44 360
44 167
44 190
44 498
45 46
45 205
46 326
46 332
47 48
48 49
48 50
48 87
49 50
49 51
50 52
50 287
50 386
51 52
51 363
52 53
52 266
52 76
53 54
53 55
54 55
54 141
55 56
55 402
55 224
56 57
56 58
57 58
57 420
57 412
58 60
58 191
58 195
59 60
59 61
59 281
59 429
60 61
60 62
61 62
61 63
62 63
62 83
63 64
63 65
63 299
63 495
64 65
64 66
64 442
65 67
65 219
65 189
66 67
66 68
67 69
67 153
68 69
68 70
69 70
69 324
70 445
70 272
71 72
71 73
72 74
72 456
72 159
72 184
73 75
73 137
74 76
74 486
74 327
74 95
75 76
75 77
75 150
75 401
76 77
77 79
77 488
78 80
78 401
78 382
79 80
79 81
80 81
80 82
81 82
81 287
82 84
82 325
83 84
83 85
83 492
83 410
84 86
84 148
85 86
85 379
86 88
86 314
86 110
87 248
88 89
88 90
88 138
88 354
88 258
89 90
89 91
89 218
90 91
90 92
91 92
91 467
91 418
92 93
92 339
93 94
93 424
94 353
94 444
94 247
95 314
95 167
96 98
96 432
96 206
96 370
97 98
97 99
98 99
98 489
99 100
99 137
99 477
100 101
100 102
101 102
101 103
102 103
102 429
102 463
102 455
103 104
103 105
103 384
103 452
104 105
104 126
105 106
105 107
106 107
106 166
106 369
107 108
107 109
107 468
107 279
108 183
108 330
109 493
109 198
109 140
110 112
111 112
111 113
112 113
112 148
113 114
113 115
114 115
114 116
115 116
115 117
115 124
116 117
116 174
116 235
117 119
117 261
117 422
118 274
118 422
119 121
119 339
119 201
120 369
120 218
121 122
121 279
122 123
122 124
123 124
124 126
124 289
124 165
125 127
125 189
125 308
126 128
126 209
126 235
127 128
127 129
128 129
128 453
129 130
129 204
130 131
130 467
130 242
131 133
131 396
131 273
132 134
132 420
133 134
133 135
134 190
134 180
134 195
134 490
135 136
135 229
135 391
136 137
136 405
137 139
137 238
137 142
138 140
138 346
139 140
139 318
139 477
139 488
140 141
140 142
141 142
141 143
141 290
141 486
141 476
142 144
143 144
143 145
144 145
144 247
144 460
145 146
145 147
145 407
146 148
146 372
147 149
147 272
147 337
147 390
148 149
148 150
149 150
149 400
150 151
150 446
151 152
151 153
151 156
151 421
152 154
152 302
152 494
153 154
153 155
154 155
154 156
154 346
155 156
155 157
156 352
156 328
157 159
157 275
158 159
158 160
158 298
159 161
160 161
160 162
160 301
161 163
161 204
162 163
162 329
163 165
163 352
164 166
164 319
166 167
166 168
167 264
168 170
168 398
169 170
169 277
169 479
169 482
169 311
170 171
170 457
171 173
171 492
171 452
172 174
172 479
173 175
173 316
174 176
175 176
175 177
176 178
176 443
177 178
177 179
177 197
177 406
178 179
178 180
179 181
179 307
180 181
181 182
181 286
181 496
182 183
182 184
182 368
183 184
183 185
184 185
184 438
185 186
185 471
185 190
186 385
186 420
186 400
187 189
187 194
187 292
187 381
188 189
188 190
189 484
189 332
190 219
191 193
191 386
192 193
192 194
192 313
193 195
193 500
194 196
196 197
196 212
197 199
197 343
198 200
198 205
199 200
199 201
200 201
200 202
201 202
202 203
202 204
203 204
203 230
203 241
203 261
203 291
204 205
204 206
205 206
206 490
207 209
207 352
208 209
208 300
209 211
210 211
210 212
211 212
211 213
211 392
212 214
212 428
213 215
214 215
214 216
215 216
215 217
216 496
216 398
217 218
217 219
217 303
217 341
218 219
219 221
219 230
219 231
219 456
220 368
220 395
221 222
221 223
222 223
222 224
222 323
223 225
223 363
224 225
224 226
224 412
225 226
225 227
226 228
227 228
227 229
228 229
228 230
228 405
229 240
229 396
230 232
230 269
231 233
232 233
232 234
232 349
233 234
233 235
233 375
234 235
234 236
235 237
235 396
235 329
236 237
236 447
237 238
237 354
238 239
238 240
238 347
239 241
239 437
239 301
239 476
240 241
240 488
241 243
241 317
242 243
243 245
243 310
244 245
244 375
245 246
245 366
246 247
246 248
247 248
247 314
247 335
248 250
248 451
248 366
249 250
249 251
249 485
250 251
250 252
251 253
251 495
251 409
252 253
252 254
253 254
253 255
253 327
253 397
254 381
254 274
255 256
255 257
255 259
256 257
256 309
257 258
257 259
258 259
259 260
260 262
260 386
262 263
262 264
262 307
263 265
263 414
264 266
264 360
265 266
265 267
266 267
266 268
267 268
267 269
267 307
268 269
268 270
269 271
270 271
270 272
271 272
271 273
271 355
272 319
273 401
274 275
274 276
275 276
275 277
275 478
276 277
276 278
277 279
278 279
278 280
278 356
279 280
280 281
280 282
281 282
282 283
282 284
282 493
282 359
282 473
283 285
283 317
284 285
284 286
284 413
284 477
285 365
285 364
285 374
286 287
286 288
287 289
287 492
288 289
288 290
289 291
289 495
290 292
291 293
291 340
292 294
293 294
293 295
294 295
294 400
295 296
295 398
295 399
295 459
296 297
296 456
296 498
296 370
297 298
297 299
298 300
298 449
299 321
299 492
299 306
300 301
300 302
302 303
302 374
303 305
303 465
304 305
304 306
305 306
305 307
306 307
308 309
308 398
309 310
309 311
309 408
310 312
310 450
310 480
310 484
311 312
311 473
312 313
312 314
313 355
314 316
315 316
315 373
316 317
316 318
317 319
318 320
319 320
319 394
319 403
320 321
320 372
321 323
322 323
322 324
323 324
324 325
324 372
325 326
325 327
326 328
326 412
328 329
329 330
330 331
330 332
330 361
331 333
331 350
332 333
333 334
333 335
333 392
334 335
334 336
334 386
335 347
336 337
336 338
337 339
338 339
338 488
339 341
339 476
341 342
342 343
342 344
343 345
344 346
344 489
345 347
345 409
346 453
346 469
347 349
348 349
348 350
348 464
349 350
350 351
350 352
351 352
351 460
352 353
352 416
353 355
354 421
354 447
355 438
356 357
357 358
357 427
358 359
358 360
359 360
360 362
361 363
362 363
362 364
363 364
363 365
364 366
364 457
365 367
365 369
366 368
367 368
367 369
368 481
369 488
370 371
370 380
371 372
371 373
372 374
372 470
373 374
373 375
374 375
374 376
375 377
376 377
376 378
377 378
377 379
378 380
378 470
378 419
379 380
379 381
380 381
381 382
382 384
382 499
383 384
383 385
384 386
385 386
385 387
387 389
387 471
388 389
388 445
389 390
389 391
390 391
390 475
391 392
393 394
393 395
394 396
395 396
395 455
396 398
397 398
399 401
400 401
400 402
401 402
402 404
403 404
403 429
404 406
404 446
405 406
406 408
408 409
409 410
410 411
411 412
411 413
413 415
414 415
414 459
415 416
415 487
416 417
416 418
417 418
417 419
418 419
420 423
421 422
422 491
423 424
423 425
424 425
424 426
425 426
425 427
426 427
426 428
427 428
427 429
428 430
430 431
430 498
431 433
431 471
431 481
432 433
432 434
433 434
433 435
433 439
433 500
434 435
434 436
435 436
435 437
436 437
436 438
437 438
437 439
438 439
439 440
440 442
441 443
442 444
443 445
444 446
445 446
445 447
446 448
447 448
448 449
448 450
450 451
450 489
451 452
451 453
453 460
454 455
454 456
455 457
455 476
455 463
456 497
457 459
458 459
458 486
459 460
459 461
460 461
460 472
461 463
461 489
462 463
462 464
464 465
465 466
466 467
466 468
467 468
467 500
468 470
469 470
470 499
471 473
472 474
474 475
474 476
475 476
478 479
479 481
480 482
481 482
482 483
482 484
483 484
483 485
486 488
487 488
487 489
488 489
489 490
489 491
490 491
491 492
491 493
492 494
493 495
494 496
497 499
499 500
