500 1000
1 500
1 3
1 377
1 231
2 4
2 383
3 4
3 81
3 279
3 173
4 5
4 6
4 395
5 68
5 341
6 386
6 210
7 9
7 318
7 483
8 9
8 10
8 276
8 399
9 10
9 334
9 316
10 11
10 177
11 12
11 13
12 14
12 317
12 291
13 14
13 226
13 354
14 16
14 344
15 16
15 318
16 17
16 482
16 171
17 18
17 375
17 468
18 19
18 353
19 21
19 165
20 204
20 341
21 22
21 23
22 24
22 459
22 127
22 287
23 449
23 201
23 401
24 25
24 26
25 26
25 27
25 238
26 27
26 221
27 28
27 29
27 114
28 30
28 335
28 56
29 30
29 31
29 138
29 407
30 31
30 138
31 33
31 328
32 33
32 34
33 34
33 35
33 49
33 224
34 35
34 36
35 36
35 37
35 194
36 37
36 62
37 38
37 272
38 39
38 169
38 322
39 41
39 371
40 42
40 254
40 244
41 43
41 323
41 71
42 85
42 497
42 115
43 44
43 45
44 45
44 336
44 457
45 47
45 243
46 116
46 124
46 236
46 464
47 49
47 157
47 327
48 49
48 50
49 50
50 51
50 52
50 385
51 52
51 53
51 247
52 53
52 54
52 106
52 120
53 236
53 400
54 300
54 268
55 180
55 212
56 199
56 248
57 232
57 194
57 152
58 59
58 477
58 417
59 379
59 488
60 61
60 62
61 62
61 222
62 460
62 261
62 125
63 64
63 209
63 197
64 65
64 66
64 83
64 204
65 66
65 297
66 240
66 364
66 132
67 68
67 69
68 69
68 70
68 327
68 499
69 71
69 311
69 282
70 71
70 72
71 199
72 74
72 76
72 202
72 243
73 74
73 94
74 76
74 426
74 346
74 347
75 76
75 77
75 487
76 77
76 78
76 82
77 78
77 79
78 80
78 199
78 480
79 81
79 268
80 81
80 82
81 83
81 212
82 83
83 310
83 239
84 85
84 86
85 86
85 87
85 319
86 88
86 97
87 89
87 119
88 89
88 90
88 316
89 90
89 91
89 383
90 318
90 385
91 92
91 93
92 93
92 351
93 94
93 95
93 451
93 180
94 95
94 412
94 228
94 279
95 96
95 190
95 124
96 98
96 136
97 99
97 394
98 99
98 100
99 101
99 385
100 101
100 102
101 102
101 138
102 384
102 161
102 225
103 104
103 105
103 109
104 106
104 431
104 315
105 379
105 254
105 218
106 107
106 162
106 268
107 108
107 109
107 379
107 326
107 419
108 109
108 323
109 110
109 442
110 111
110 293
111 113
111 436
112 113
112 114
113 114
113 137
113 473
113 181
114 116
115 116
115 329
116 117
116 118
117 119
117 279
118 119
118 120
119 120
119 121
120 121
120 153
121 123
121 468
121 125
121 286
121 377
122 123
122 124
122 210
123 124
123 125
123 409
124 126
124 184
125 127
125 334
126 127
126 316
127 129
127 197
128 129
128 130
129 130
129 131
130 132
130 239
130 397
131 132
131 133
132 133
133 135
133 344
134 135
134 136
134 141
134 397
135 136
135 137
136 138
136 247
137 139
138 452
139 140
139 227
140 141
140 142
140 177
141 253
142 143
142 465
143 145
143 289
143 489
144 145
144 146
144 149
144 360
144 481
144 299
145 146
145 147
145 149
145 398
146 147
146 485
146 298
146 425
147 148
147 149
147 259
148 149
148 196
148 306
150 151
150 152
151 152
151 153
152 416
153 154
154 156
154 498
154 308
155 156
155 157
156 157
156 158
157 158
157 159
157 363
158 159
158 252
158 212
159 160
159 251
160 161
160 488
160 262
160 456
161 224
162 164
163 164
163 165
164 165
164 166
164 460
165 167
165 204
166 167
166 168
167 168
167 316
168 169
168 170
169 171
169 475
170 171
170 230
170 403
170 227
171 302
172 174
172 353
173 174
173 175
174 175
174 176
175 176
175 408
176 178
176 469
177 178
177 364
178 179
178 344
178 475
179 180
179 181
180 181
181 182
181 486
182 183
182 184
183 184
183 185
183 229
183 267
184 186
185 186
185 187
186 188
186 476
187 189
187 450
187 417
188 189
188 190
188 313
188 471
189 191
189 360
189 491
190 192
190 368
191 192
191 193
192 193
192 241
192 428
192 386
193 194
193 392
193 353
194 330
194 283
195 196
195 255
195 343
196 197
196 198
197 198
198 199
198 200
199 200
199 201
200 202
200 426
201 203
202 204
203 204
203 205
204 452
204 312
205 226
205 215
206 207
206 208
207 209
207 496
208 210
208 299
208 305
208 459
209 500
210 211
210 282
210 390
211 212
211 396
212 213
213 214
213 215
214 215
214 216
214 495
215 216
215 403
216 217
216 218
217 464
217 231
218 219
219 414
219 428
219 499
220 349
220 233
220 462
221 222
221 223
221 344
222 224
222 461
223 225
223 457
223 497
224 225
224 480
225 226
225 441
226 227
226 228
227 228
227 229
227 257
228 229
228 230
228 370
229 230
230 232
230 262
231 232
232 234
232 331
233 235
233 415
234 235
234 236
234 358
234 472
235 236
235 447
235 384
236 388
236 305
236 429
237 495
237 447
238 336
238 301
239 240
240 241
240 383
240 454
241 314
242 472
242 376
242 356
243 417
244 246
245 246
245 247
246 247
246 248
247 249
247 420
248 249
249 250
249 251
250 251
250 252
250 456
251 252
251 253
251 388
252 254
253 255
253 470
254 256
254 393
254 371
255 257
256 257
256 258
256 317
257 259
258 272
258 293
259 261
259 398
260 261
260 262
261 344
262 450
262 447
263 264
263 265
264 265
264 266
265 266
265 267
266 267
266 268
267 268
268 269
269 486
269 429
269 348
269 478
270 271
270 272
270 485
271 272
271 273
272 273
272 274
273 274
273 275
274 275
274 496
275 276
275 277
276 278
276 470
277 278
277 279
278 279
278 297
279 408
280 281
280 282
280 491
281 282
281 283
283 284
284 285
284 286
284 290
284 291
285 287
285 462
286 287
287 288
287 301
288 289
288 357
289 290
289 291
289 441
290 292
292 293
292 354
292 337
293 294
293 295
294 295
294 296
295 296
295 297
296 297
296 298
297 298
297 299
297 463
298 299
298 312
299 300
300 301
300 302
301 303
302 303
302 304
303 304
303 305
304 305
304 403
305 307
306 424
307 309
307 482
307 471
308 414
308 470
309 310
309 311
310 311
310 312
311 313
311 499
312 313
313 354
314 315
314 316
315 317
316 467
316 434
317 318
318 319
318 320
319 320
320 321
320 322
321 322
321 323
322 323
322 324
323 324
323 325
324 325
324 326
325 326
325 327
325 380
326 330
326 426
327 366
327 447
328 329
328 330
329 331
330 331
330 332
331 332
331 333
332 333
332 334
333 334
333 422
335 336
335 337
335 450
336 348
337 338
337 339
337 401
338 375
338 452
338 479
339 340
339 341
340 341
340 342
341 342
341 343
341 374
342 343
342 344
343 344
343 345
345 370
345 484
345 412
346 348
347 348
348 349
349 350
349 351
350 351
350 437
351 352
351 353
352 353
352 354
353 354
353 355
354 415
355 356
355 357
356 357
357 358
357 359
358 360
359 360
359 361
360 362
361 362
361 363
362 363
362 364
363 365
363 413
364 424
364 477
365 366
365 367
366 367
367 368
367 369
367 433
368 370
369 370
369 371
369 435
370 371
371 373
372 374
372 453
373 374
373 375
374 375
375 377
376 377
376 500
377 378
378 379
378 380
379 381
379 409
380 381
381 382
381 383
382 383
382 384
384 385
385 386
386 388
386 483
387 388
387 389
389 390
389 391
389 498
390 392
391 392
391 393
391 482
392 394
393 394
393 395
394 395
394 396
395 396
396 397
396 398
399 401
400 401
400 402
401 493
402 403
402 404
403 405
403 462
404 405
404 406
404 483
405 406
405 407
406 407
406 408
407 408
408 410
410 411
410 412
411 412
411 413
411 425
412 414
413 415
413 429
414 416
415 436
416 417
416 500
418 419
418 442
419 420
420 422
420 482
421 422
421 423
422 423
422 424
423 424
423 436
424 426
424 476
426 428
427 428
427 429
428 430
430 431
430 432
431 432
431 433
432 433
432 434
433 435
434 435
435 500
435 489
436 438
437 438
437 439
438 439
438 440
439 440
439 441
440 441
440 442
441 442
442 443
443 445
443 498
444 445
444 446
445 446
445 447
446 447
446 448
448 449
448 450
448 500
449 450
449 451
450 452
451 453
452 454
453 454
453 455
454 455
454 456
455 456
455 457
457 458
458 459
458 460
459 461
460 462
461 462
461 463
462 464
463 464
464 465
464 466
465 466
465 467
466 468
466 490
467 468
467 469
468 469
468 470
469 470
469 471
470 471
472 473
473 474
473 475
474 475
474 476
475 477
476 478
477 478
477 479
478 479
479 480
479 481
481 483
484 486
486 487
487 489
488 490
490 491
490 492
492 493
492 494
493 494
493 495
494 495
494 496
495 497
496 497
496 498
497 498
498 500
