500 1000
1 500
1 3
1 499
1 188
1 471
2 464
2 101
2 314
2 32
3 5
3 381
3 133
4 6
4 484
5 7
5 368
6 7
6 303
7 374
7 437
7 16
8 9
8 10
8 258
9 342
9 264
10 100
10 366
10 440
11 13
11 476
12 13
12 462
12 402
13 14
13 103
13 208
13 328
13 479
14 15
14 16
14 183
14 436
14 337
15 16
15 17
15 164
16 17
16 18
17 18
17 19
18 19
18 20
19 20
19 21
20 76
20 355
20 474
20 192
21 23
21 25
21 303
22 23
22 24
22 85
22 151
22 243
22 401
23 25
23 424
23 458
24 25
24 26
24 438
25 26
25 480
26 28
26 168
26 189
26 428
27 28
27 29
27 258
28 29
28 30
28 64
28 73
29 30
29 31
30 32
30 422
30 60
31 248
31 110
31 339
32 33
32 46
32 99
32 463
33 167
33 348
34 35
34 36
34 345
35 36
35 37
35 492
36 37
36 479
36 410
37 38
37 39
38 39
38 40
38 228
38 488
39 41
39 115
40 41
40 42
41 43
41 137
41 356
42 44
42 445
43 44
43 45
43 406
44 45
44 46
45 47
45 373
46 111
47 48
47 49
48 298
48 492
48 405
49 50
49 385
49 275
50 51
50 111
50 329
50 409
50 267
50 95
51 52
51 53
52 54
52 198
53 54
53 488
53 332
54 55
54 302
55 56
55 57
55 464
56 57
56 58
57 58
57 254
58 60
58 430
59 60
59 494
60 61
61 62
61 109
61 494
62 63
62 64
63 64
63 288
63 416
63 235
64 435
64 459
65 113
65 468
65 322
66 85
66 447
66 247
67 227
67 489
67 176
67 219
68 69
68 97
69 186
69 483
70 71
70 72
71 72
71 73
72 73
72 74
72 410
73 251
74 427
74 181
74 346
74 370
75 76
75 197
75 120
76 77
76 130
76 389
76 473
77 419
77 205
78 79
78 80
79 81
79 226
79 295
80 82
80 317
81 82
81 83
82 84
82 169
82 275
82 483
83 84
83 361
83 106
84 86
84 262
84 385
85 282
85 422
85 305
86 87
86 457
86 372
87 88
87 89
87 222
88 323
88 176
89 91
89 372
89 266
89 171
90 92
90 384
90 308
91 92
91 93
91 184
92 93
92 257
93 95
93 176
94 96
94 195
95 96
95 321
95 194
96 97
96 98
96 153
97 99
97 152
98 99
98 467
99 100
99 447
100 102
100 279
100 395
101 222
101 319
102 104
102 386
102 119
103 105
104 105
104 106
105 106
105 107
105 156
105 388
106 107
107 108
107 109
108 109
108 110
109 110
109 111
110 111
110 112
111 113
112 113
112 465
113 114
113 156
113 269
113 466
114 115
114 116
114 353
114 237
115 117
115 136
116 118
116 352
116 270
117 119
117 134
118 119
118 120
119 121
120 121
120 343
120 274
121 122
121 305
122 123
122 124
123 124
123 125
123 444
124 125
124 424
125 126
125 495
125 162
126 128
126 464
127 128
127 129
127 495
128 129
128 130
129 131
129 185
129 403
130 131
130 169
131 132
131 498
131 327
132 134
132 243
133 134
134 135
134 317
135 136
135 392
135 379
135 284
136 137
136 198
137 138
137 139
137 308
137 193
138 139
138 140
138 225
139 141
139 343
140 142
140 295
140 469
141 143
141 375
142 143
142 481
143 144
143 145
143 221
144 146
144 262
144 259
145 147
145 474
146 147
146 148
147 148
147 238
148 150
148 194
149 150
149 151
150 151
150 152
151 153
152 153
152 339
153 154
153 472
154 155
154 289
154 479
155 156
155 384
155 326
155 393
156 170
156 349
157 158
157 159
157 467
158 160
158 411
159 160
159 161
160 161
160 162
161 162
161 163
161 236
161 345
162 275
162 377
163 164
163 165
164 313
165 167
165 216
165 416
166 167
166 459
166 495
166 444
166 296
166 415
167 168
167 275
168 169
168 170
169 170
169 171
169 223
169 448
170 171
170 421
171 172
172 173
172 174
173 175
173 257
173 487
173 500
174 175
174 176
175 176
175 253
176 358
176 294
177 179
177 421
177 439
178 180
178 345
178 430
179 180
179 181
180 181
180 182
180 466
181 182
181 183
182 183
182 184
183 185
184 365
185 186
185 187
185 347
186 211
186 473
187 399
187 191
188 189
188 190
188 372
188 383
189 191
190 191
190 192
191 192
191 193
191 316
192 193
192 194
192 203
193 194
193 301
193 369
194 224
194 388
195 196
195 197
196 197
196 302
197 199
198 200
198 213
198 220
199 200
199 201
199 284
200 201
200 202
201 202
201 203
202 203
202 204
202 496
203 205
204 206
204 477
205 206
205 207
206 207
206 208
207 208
207 209
208 209
208 210
208 357
209 210
209 211
210 212
210 260
211 212
211 213
211 292
211 318
212 213
212 214
213 214
213 246
214 215
214 216
214 242
215 216
215 472
216 217
216 218
216 465
217 218
217 396
218 270
218 269
219 263
220 222
220 360
221 223
222 489
223 434
223 478
223 476
224 460
224 363
225 227
226 227
226 269
227 228
227 241
228 371
228 302
228 254
229 230
229 231
229 310
230 231
230 232
230 263
231 232
231 280
232 234
232 295
232 480
233 235
233 244
234 235
234 236
235 236
236 238
236 296
237 443
238 239
238 319
239 240
239 379
240 242
240 407
241 242
241 243
242 243
243 245
244 245
244 294
245 246
245 247
245 353
246 248
246 446
247 248
248 249
248 254
249 250
249 251
250 251
250 252
250 429
251 252
251 365
251 390
251 412
252 254
252 349
252 331
253 254
253 255
254 255
254 286
255 256
255 257
256 257
256 367
257 258
257 259
259 407
260 261
260 262
261 263
261 391
262 263
262 264
263 264
263 359
264 265
264 266
265 266
265 267
266 393
267 269
267 286
268 269
268 499
268 280
269 271
270 271
271 272
271 273
272 273
272 274
272 415
273 274
273 275
274 275
274 276
276 277
276 278
276 307
276 493
277 278
277 279
278 279
278 280
279 280
279 281
280 281
281 441
281 448
282 284
282 317
283 284
283 285
285 286
285 377
286 288
286 329
287 288
287 390
288 461
289 447
290 291
290 438
291 293
291 430
292 294
292 314
293 294
293 295
294 295
295 296
297 409
297 447
297 301
298 299
298 391
298 398
299 300
299 301
300 301
300 442
301 342
301 408
302 304
303 305
304 360
304 435
304 410
305 306
305 307
305 423
306 307
306 308
307 308
309 310
309 311
310 312
311 312
311 375
311 467
312 314
312 377
313 314
313 340
314 316
315 317
315 450
316 317
316 403
317 318
318 319
319 320
319 406
320 321
320 322
321 323
321 330
322 417
322 354
323 325
323 431
324 325
324 326
325 327
325 403
326 327
327 328
328 329
330 377
331 332
332 333
332 485
332 387
333 334
333 347
333 422
334 335
334 361
335 336
335 337
336 337
336 338
336 386
336 468
337 338
338 339
338 340
338 413
339 383
340 341
340 393
341 342
341 343
342 343
342 344
343 345
344 345
344 346
346 347
347 470
347 435
348 350
348 407
349 493
350 351
350 383
351 352
351 397
352 353
352 354
352 461
354 405
355 357
355 405
356 392
356 391
357 358
358 359
358 360
358 404
359 361
360 361
361 362
361 363
362 363
362 364
362 432
363 364
363 367
364 365
364 366
365 367
366 368
366 381
366 420
367 368
367 369
368 369
368 370
369 370
370 371
371 372
371 478
373 374
373 499
374 375
374 499
375 424
376 377
376 378
376 379
377 418
378 389
378 404
379 381
380 382
380 404
380 412
381 383
382 383
382 384
383 429
384 385
384 386
385 387
386 388
387 388
387 389
389 390
390 391
390 392
391 392
392 394
393 394
394 395
394 396
395 396
396 430
396 438
397 398
397 399
398 399
399 400
399 401
400 401
400 402
401 403
402 403
404 405
405 407
407 408
407 409
407 454
408 409
409 422
410 411
411 412
411 413
413 414
414 415
414 416
416 467
417 418
417 436
418 419
418 420
419 420
419 421
420 422
421 481
422 424
423 424
424 425
424 426
425 426
425 427
426 427
426 428
427 428
427 475
428 436
429 430
430 432
431 432
431 433
432 434
432 486
433 434
433 435
434 436
436 438
437 484
438 439
439 440
440 441
440 442
441 442
441 443
441 478
442 443
442 444
443 444
443 445
444 446
445 446
445 447
446 447
446 455
448 449
449 450
449 451
450 451
450 452
451 452
451 453
452 453
452 454
453 454
453 455
454 456
455 456
455 457
456 457
456 458
457 458
457 459
458 460
460 461
460 462
461 462
462 463
462 464
462 487
463 464
464 465
465 467
466 467
467 473
468 470
469 471
470 472
471 493
472 473
473 474
474 476
475 476
475 477
475 484
476 477
476 488
477 478
477 479
480 482
481 482
481 483
482 483
482 484
483 484
484 485
485 487
486 487
489 490
489 491
490 491
490 492
491 492
491 493
493 494
494 495
496 498
497 498
497 499
498 499
498 500
499 500
