500 1000
1 2
1 500
1 3
1 499
2 500
2 110
2 266
2 301
3 4
3 422
4 5
4 6
4 428
5 6
5 141
6 7
6 8
7 8
7 322
7 236
8 9
8 10
9 10
9 12
9 135
10 257
10 187
10 85
11 136
11 181
11 399
11 441
11 391
12 14
12 364
13 14
13 15
13 438
13 445
13 187
14 15
14 389
14 454
14 499
14 464
15 16
15 17
15 255
16 18
16 225
17 18
17 19
17 440
18 19
18 20
19 21
19 289
19 406
20 401
20 310
21 22
21 23
22 24
22 494
23 24
23 25
23 292
24 145
24 482
25 26
25 27
26 27
26 318
26 114
27 29
27 271
27 327
28 72
28 312
29 30
29 31
29 482
29 202
30 32
30 470
30 496
31 32
31 33
32 33
32 34
33 35
33 228
34 37
34 282
34 432
35 36
35 68
35 182
36 38
36 443
36 126
36 374
36 416
37 38
37 39
38 39
38 375
38 424
38 455
39 40
39 91
39 122
39 436
40 41
40 42
40 89
40 181
41 42
41 371
42 44
42 185
43 44
43 97
44 45
44 46
44 284
44 179
45 46
45 47
46 47
46 48
47 48
47 49
47 201
48 49
48 50
49 366
49 285
50 52
50 410
50 328
50 414
50 330
51 52
51 424
52 53
52 158
52 270
52 222
52 478
53 317
53 444
53 156
53 388
54 55
54 402
55 56
55 57
55 119
56 57
56 58
57 58
57 325
57 93
58 59
58 377
59 60
59 61
59 129
59 357
60 61
60 62
61 63
61 280
61 398
62 64
62 90
62 118
62 271
62 434
63 64
63 65
64 285
64 129
64 420
65 67
65 157
65 263
66 67
66 161
66 411
66 260
67 68
67 69
67 209
68 69
68 70
68 198
69 294
69 491
69 244
70 71
70 72
70 203
70 380
71 172
71 309
72 73
72 74
72 250
72 442
73 75
73 413
73 291
74 75
74 76
75 76
75 77
76 77
76 78
77 79
77 482
78 80
78 128
79 278
79 403
80 82
80 471
80 166
81 82
81 83
82 84
82 128
83 84
83 85
84 86
84 438
85 86
85 210
85 105
86 88
86 458
87 88
87 89
88 89
88 90
88 295
88 302
88 378
89 135
89 463
90 106
90 314
90 213
90 373
91 93
91 484
92 500
92 463
93 211
93 462
94 95
94 321
95 96
95 97
96 97
96 355
97 98
97 99
98 99
98 100
98 191
99 100
99 267
99 430
99 290
100 101
100 102
100 207
101 103
101 116
102 103
102 392
103 104
103 251
103 257
104 106
104 376
105 106
106 107
106 108
107 108
107 109
107 447
108 109
108 110
109 110
109 111
110 111
110 112
111 112
111 113
112 114
112 295
112 188
113 114
113 420
113 211
114 116
114 440
115 117
115 252
115 225
116 117
116 118
116 253
116 468
117 118
117 343
117 377
118 120
119 120
119 486
120 121
120 394
120 253
121 122
121 488
122 124
123 125
123 469
124 176
124 208
125 126
125 127
126 221
127 128
127 129
128 129
128 388
128 196
129 131
130 131
130 132
131 302
131 306
131 390
132 133
132 134
133 134
133 135
133 276
134 136
134 185
135 458
136 137
136 329
136 398
137 138
137 312
137 347
138 140
138 211
138 355
138 466
139 141
139 469
139 219
140 141
140 142
141 142
141 143
141 408
141 316
142 143
142 432
142 497
143 144
143 145
143 391
144 145
144 221
145 147
145 351
145 401
146 147
146 316
146 436
147 148
147 149
147 328
148 150
148 424
149 489
149 224
149 484
149 454
150 151
150 152
151 152
151 153
152 153
152 154
152 301
153 154
153 212
153 161
154 155
154 156
154 264
154 286
155 156
155 157
156 157
156 158
156 297
157 159
157 178
157 234
158 160
158 286
159 425
159 227
160 162
160 441
161 163
161 169
162 163
162 164
162 223
163 164
163 368
164 165
164 166
165 166
165 235
166 168
167 169
167 194
167 274
168 489
168 386
168 299
169 170
170 171
170 172
171 172
171 173
172 173
172 174
173 174
173 175
174 175
174 176
174 406
175 177
175 220
176 178
176 314
177 179
177 370
177 218
177 346
178 179
178 180
179 180
179 262
179 343
180 181
180 182
181 191
182 183
183 184
183 185
183 478
184 185
184 186
185 186
185 187
185 428
186 187
186 303
186 277
187 281
187 272
188 189
188 485
188 457
189 190
189 191
190 191
190 192
190 440
192 194
192 291
193 194
193 195
194 195
194 196
194 422
195 196
195 456
195 287
196 197
196 461
197 198
197 199
198 225
198 309
199 200
199 201
200 201
200 202
200 243
201 202
202 286
203 327
204 205
204 485
205 206
205 207
205 450
206 208
206 424
206 465
207 209
207 299
208 209
208 210
209 211
210 212
211 212
211 213
212 422
213 214
213 215
213 431
214 290
214 417
215 216
215 227
216 217
216 218
217 218
217 219
218 220
219 221
220 221
220 222
221 328
221 314
221 278
222 223
223 449
224 257
224 323
225 339
226 227
226 228
227 228
227 229
228 229
228 230
229 230
229 231
230 231
230 232
230 256
231 233
231 237
231 301
232 234
232 374
233 235
233 320
233 487
234 236
235 236
235 237
236 237
236 238
236 315
237 238
237 239
238 239
238 240
239 240
239 444
240 241
240 242
241 242
241 243
242 243
242 392
243 245
244 245
244 246
245 246
245 247
245 463
246 247
246 248
247 248
247 249
248 471
248 396
248 417
248 279
249 250
249 318
250 251
250 354
250 395
251 252
251 371
252 254
252 345
252 332
254 255
254 256
254 320
255 257
256 257
257 258
258 259
258 260
259 447
259 338
259 494
259 269
260 261
260 262
261 262
261 263
261 427
262 263
263 265
264 265
264 490
265 266
265 267
265 310
266 312
266 330
266 389
267 459
267 275
268 269
268 270
269 270
269 271
270 272
270 306
271 414
272 365
273 274
273 275
273 400
274 276
274 419
275 276
275 277
276 277
277 377
277 354
278 311
278 337
279 281
279 456
280 281
280 282
281 282
281 283
282 369
282 478
283 284
283 285
284 286
285 286
285 287
287 288
287 289
288 353
288 389
289 290
289 291
290 291
290 344
291 293
291 429
292 293
292 412
293 295
293 361
294 295
294 333
294 495
294 449
295 467
295 344
296 297
296 298
296 431
297 298
298 299
298 300
299 301
299 336
300 302
300 487
301 491
302 303
302 353
303 305
304 305
304 362
305 306
305 307
306 308
307 308
307 309
308 309
308 310
308 418
309 310
309 311
310 311
311 312
311 313
311 435
312 314
313 314
313 315
314 411
315 316
315 394
316 447
317 318
317 453
318 320
319 321
319 398
319 324
320 321
321 322
321 323
322 324
323 324
323 334
324 325
325 381
325 488
326 327
326 388
327 328
328 425
329 383
330 466
330 385
331 332
331 333
332 334
333 335
334 336
335 336
335 337
336 440
336 492
337 338
338 340
339 341
339 396
340 341
340 453
340 472
341 342
341 343
342 343
342 344
342 359
343 344
344 346
345 346
345 433
346 347
347 348
348 349
348 350
349 350
349 351
349 404
349 461
350 352
350 377
350 474
351 352
351 353
352 354
352 384
353 448
354 356
355 356
356 491
356 406
357 358
358 360
358 372
359 468
360 361
360 442
361 362
361 363
362 364
362 442
363 364
363 365
364 365
364 366
365 366
365 367
366 367
366 368
367 368
367 369
368 369
368 370
369 371
370 372
370 455
371 373
371 382
372 373
372 374
373 374
374 376
374 475
375 377
376 377
376 378
377 433
378 379
379 380
379 381
380 382
381 382
381 383
382 383
382 407
383 384
383 385
383 469
384 385
384 386
385 386
386 388
387 388
387 389
388 389
390 391
390 392
391 392
392 393
392 394
393 394
393 395
394 395
395 432
397 398
397 399
398 399
399 401
400 401
401 402
402 403
402 404
403 404
403 405
404 405
405 406
405 415
407 408
407 409
408 410
409 410
409 411
410 411
410 412
411 413
412 474
412 483
412 443
413 414
413 415
414 476
415 416
415 417
416 417
417 419
417 450
418 419
419 420
421 422
421 423
422 491
423 424
423 425
424 425
424 426
425 426
425 452
426 427
426 428
427 428
429 442
430 431
430 432
432 433
432 434
433 434
433 435
434 436
435 436
436 437
437 438
437 439
437 481
438 440
439 440
439 441
441 443
442 443
443 444
444 446
445 447
446 447
446 448
447 449
448 449
448 450
449 450
449 491
451 452
451 453
452 454
453 455
455 456
456 458
457 458
458 459
458 460
459 461
460 461
460 462
462 463
462 464
464 465
465 467
466 467
467 469
468 470
469 470
470 471
470 472
471 472
471 473
472 473
472 474
473 474
473 475
475 476
476 477
476 478
477 478
477 479
479 480
479 481
480 481
480 482
481 482
482 484
483 484
483 485
484 486
485 487
486 488
487 489
488 489
489 490
489 491
490 491
492 494
493 494
493 495
494 496
495 497
496 497
497 498
498 499
498 500
499 500
