500 1000
1 2
1 500
1 3
1 499
1 124
1 302
1 352
2 4
2 500
2 296
3 4
3 5
3 147
3 410
3 238
4 5
4 178
4 474
4 30
4 65
5 6
5 7
5 438
6 7
6 8
7 8
7 9
7 197
7 356
8 10
8 489
8 78
9 10
9 11
9 369
9 61
10 11
10 12
10 466
11 13
11 356
12 13
12 14
12 95
13 14
13 120
14 15
14 16
15 16
15 17
15 97
15 232
15 373
16 214
16 327
16 32
17 222
17 299
17 408
17 321
18 19
18 463
18 54
18 464
19 20
19 21
19 260
19 453
19 468
20 438
20 129
21 23
21 254
22 421
22 460
22 62
23 24
23 249
24 25
24 146
25 27
25 117
25 93
26 27
26 28
27 28
27 29
27 155
28 29
28 30
28 127
28 490
29 410
29 177
29 122
30 31
30 142
30 89
30 325
31 32
31 359
31 70
32 34
32 459
33 34
33 35
34 35
34 373
35 148
35 326
36 38
36 71
37 38
37 39
37 156
38 39
38 40
39 462
39 87
39 213
40 41
40 42
41 42
41 258
41 235
42 44
42 392
43 44
43 45
43 145
44 45
44 244
44 283
45 46
45 305
46 47
46 48
47 189
47 148
48 49
48 50
48 189
48 355
49 50
49 240
50 51
50 52
50 348
51 52
51 53
52 173
52 155
52 386
53 54
53 227
54 55
54 56
55 57
55 477
56 57
56 58
56 192
56 330
56 381
57 58
57 496
58 59
58 60
58 210
59 61
59 65
60 61
60 340
60 437
60 216
60 378
61 164
62 384
62 323
63 64
63 65
64 66
64 211
64 141
64 409
65 66
66 68
66 434
66 280
67 68
67 69
68 70
68 120
69 97
69 172
69 205
69 317
70 271
70 413
71 72
71 73
71 315
72 73
72 74
73 74
73 75
73 255
73 421
74 406
74 460
74 378
75 76
75 77
76 77
76 78
76 395
76 87
77 78
77 79
77 217
78 80
79 80
79 164
80 276
80 366
80 258
81 82
81 383
82 335
82 233
83 483
83 210
84 462
84 306
84 228
85 86
85 458
86 87
86 88
86 127
86 173
87 309
87 485
88 90
88 493
89 90
89 441
89 276
90 91
90 133
91 93
91 443
91 339
92 94
92 186
93 95
93 190
93 494
94 95
94 96
95 451
95 478
96 98
96 103
97 99
97 196
98 100
98 133
98 473
98 143
99 101
99 309
99 413
100 102
100 499
100 258
101 102
101 103
102 103
102 104
102 132
103 104
103 105
104 106
104 242
105 203
105 430
106 107
106 108
107 108
107 109
108 109
108 110
109 110
109 111
109 113
110 463
110 215
110 363
111 112
111 113
111 339
112 114
112 481
112 137
112 484
113 115
114 115
114 116
115 116
115 117
116 117
116 118
117 118
117 119
118 119
118 224
119 121
119 133
119 343
119 410
120 122
120 469
121 143
121 485
122 123
123 124
123 204
124 126
124 218
125 126
125 127
126 128
126 310
128 130
128 436
129 130
129 131
129 243
130 131
130 132
130 342
131 132
131 133
131 363
131 294
132 458
132 303
133 134
133 135
134 136
134 343
134 495
135 136
135 137
135 445
136 137
136 138
137 191
138 139
138 498
139 141
139 466
140 141
140 204
140 354
141 248
141 467
141 497
142 167
142 456
143 144
144 145
144 146
145 147
146 147
146 148
147 149
148 149
148 150
149 294
149 418
149 376
150 152
150 280
151 153
151 230
152 153
152 154
153 154
153 155
154 156
154 188
154 308
155 156
156 157
156 432
157 158
157 159
157 226
158 159
158 160
158 174
158 458
159 160
159 250
159 460
160 489
160 394
161 162
161 163
162 163
162 164
163 164
163 364
164 166
164 289
164 179
165 166
165 167
166 167
166 266
166 449
167 299
168 169
168 466
169 170
169 249
170 412
170 361
171 172
171 173
171 431
172 174
172 364
172 233
173 174
174 176
174 250
175 176
175 242
176 177
176 178
177 178
177 417
178 180
178 259
179 192
179 199
180 181
180 378
181 182
181 183
182 326
182 286
182 349
183 185
183 387
184 185
184 342
185 186
185 187
186 187
186 465
186 195
187 290
187 476
187 478
188 189
188 190
189 191
190 388
191 193
191 292
192 277
193 194
193 195
194 195
194 196
195 219
195 230
196 198
196 436
197 199
198 200
198 212
199 201
199 346
200 201
200 306
201 202
201 329
202 203
202 204
202 247
203 204
203 205
204 206
204 423
205 207
205 239
206 207
206 208
207 209
207 389
208 209
208 210
208 396
209 239
209 340
210 212
211 212
211 213
212 213
212 249
212 221
212 379
212 426
213 215
213 322
214 215
214 216
215 346
215 375
216 217
217 218
218 445
218 411
219 221
219 323
220 221
220 222
220 223
220 463
221 222
221 223
222 223
222 224
223 224
224 225
224 226
225 227
225 322
225 428
226 227
226 405
227 228
227 472
228 333
229 230
229 390
230 232
231 233
231 295
232 435
233 300
233 268
234 235
234 236
235 236
236 238
236 381
237 239
237 381
237 401
238 239
239 241
240 241
240 242
241 242
241 243
241 386
242 244
242 352
243 244
243 460
244 246
244 347
244 288
245 246
245 247
246 446
246 434
247 357
248 250
249 251
251 252
251 253
252 253
252 400
253 254
253 290
254 255
254 482
255 257
255 394
256 257
256 258
257 258
257 259
259 260
260 329
261 263
261 343
261 370
262 264
262 456
263 264
263 265
264 266
264 429
264 290
264 345
265 266
265 267
265 399
265 398
266 268
266 490
266 297
267 268
267 269
268 270
268 371
269 270
269 271
270 271
270 325
271 273
271 346
272 358
272 284
273 274
273 324
273 401
274 275
274 290
275 277
275 445
276 277
277 389
278 279
278 280
278 412
279 280
279 281
280 282
281 282
281 405
281 448
282 283
282 284
282 389
283 284
284 286
284 433
285 286
285 287
286 449
287 288
287 289
288 458
289 290
289 291
289 346
290 292
291 292
291 293
292 293
292 366
292 453
293 294
293 295
294 295
295 296
295 297
296 297
296 298
297 298
298 300
298 322
299 496
300 301
300 407
301 303
301 335
302 304
303 304
303 307
304 305
304 306
305 306
305 307
306 307
306 308
306 440
307 308
307 309
308 310
309 314
309 385
310 311
310 472
311 312
311 313
312 314
312 432
312 450
313 314
313 315
314 315
314 326
315 316
316 317
316 318
317 318
317 319
318 320
318 462
318 408
319 320
319 321
320 321
320 322
321 322
321 330
321 413
322 323
322 324
322 440
322 399
323 442
323 487
324 326
324 432
324 426
325 326
325 496
326 327
326 407
327 329
327 435
328 329
328 330
329 330
329 331
329 494
331 332
331 333
332 333
332 334
333 334
333 335
334 335
334 336
335 337
335 416
335 491
336 337
336 340
337 338
337 339
338 339
338 340
340 342
341 342
341 343
342 344
343 429
344 345
344 346
345 347
346 347
347 348
347 349
348 349
349 350
349 351
350 351
350 352
351 352
351 353
352 472
353 354
353 374
354 355
354 356
354 498
355 356
356 486
357 358
357 359
358 359
358 360
359 360
359 361
360 361
360 362
361 362
361 363
361 488
362 363
362 364
363 469
364 366
365 366
365 367
366 368
367 369
367 376
368 369
368 370
369 371
370 371
371 384
372 373
372 374
373 374
374 375
374 376
374 489
375 376
375 377
376 377
376 378
377 378
377 379
378 379
379 380
380 381
380 460
381 382
382 384
382 459
382 434
383 384
383 385
384 385
384 386
385 387
385 466
387 388
387 389
388 389
388 390
388 394
389 390
390 391
390 392
391 392
391 393
392 393
392 394
393 394
393 395
394 461
394 420
395 397
396 397
397 398
397 399
398 399
400 401
400 495
401 461
402 403
402 404
403 404
403 405
403 449
404 405
404 406
405 406
406 407
406 408
407 408
407 409
407 455
409 411
411 412
412 413
412 455
414 415
414 416
415 416
415 417
416 417
416 418
417 418
417 419
418 420
419 420
419 421
420 421
420 488
421 422
422 423
422 481
423 424
423 456
424 425
424 426
424 429
425 426
425 427
427 428
427 429
428 429
429 430
430 431
430 432
431 433
432 434
433 435
433 500
434 451
435 436
436 486
437 438
437 439
438 440
439 440
439 441
441 442
441 443
442 444
443 445
443 494
444 445
444 498
445 447
446 447
446 448
447 448
447 449
448 449
449 450
450 452
451 452
451 453
452 453
452 454
453 455
454 455
454 456
456 457
457 458
457 459
459 460
459 461
459 472
462 463
462 464
464 465
465 466
465 467
467 468
467 469
468 470
469 471
470 471
470 472
471 472
471 473
472 474
473 475
474 476
475 476
475 477
476 497
477 478
477 479
478 479
479 480
479 481
480 481
480 482
481 482
481 483
482 483
482 484
483 484
483 485
484 485
485 486
486 487
486 488
487 488
487 489
489 491
491 493
492 493
492 494
493 494
493 495
495 497
496 498
497 498
498 500
499 500
